/*--------------------------------*- C++ -*----------------------------------*\
  =========                 |
  \\      /  F ield         | OpenFOAM: The Open Source CFD Toolbox
   \\    /   O peration     | Website:  https://openfoam.org
    \\  /    A nd           | Version:  10
     \\/     M anipulation  |
\*---------------------------------------------------------------------------*/
FoamFile
{
    format      ascii;
    class       volScalarField;
    location    "17";
    object      p;
}
// * * * * * * * * * * * * * * * * * * * * * * * * * * * * * * * * * * * * * //

dimensions      [0 2 -2 0 0 0 0];

internalField   nonuniform List<scalar> 
8711
(
-0.00294653
-0.00288198
-0.00266562
-0.0375229
-0.0373951
-0.046037
0.0807551
0.081901
0.704638
0.696258
0.517188
0.295083
-0.0821726
-0.0866755
-0.36018
-0.35804
-0.0414891
-0.0473412
-0.0562626
-0.000142883
-0.00024467
-0.00128541
-0.000775086
-0.00246607
-0.172099
-0.124506
-0.211963
-0.260054
-0.00393729
-0.0039273
-0.00293265
-0.514971
-0.545196
-0.358378
-0.392478
0.207711
0.198664
0.162895
0.169447
0.161788
0.206614
0.180355
-0.340126
-0.335875
0.288685
0.169315
-0.478595
-0.483693
-0.479448
0.00189822
0.00177465
0.00153518
0.00135843
0.00396998
0.00903688
0.0142965
-0.14436
-0.179306
-0.108682
-0.135917
0.00016721
0.00131704
-0.001584
-0.00181494
0.0951774
0.0915019
0.0814643
-0.00152144
-0.00150084
-0.000828187
-0.017679
-0.0132608
-0.0248494
-0.0301813
0.0545468
0.0552879
0.0472485
0.0463491
-0.00160766
-0.0108956
-0.0112529
-0.00442953
-0.00345067
-0.00226408
-0.0022507
-0.00217045
-0.0970414
-0.120154
-0.0104602
-0.0587478
0.0202622
0.0162512
0.0214575
0.0256153
0.034669
0.0475735
0.0642042
0.0666152
0.0521503
0.0250018
0.0284569
0.371386
0.365451
-0.0694349
-0.058228
-0.0508112
-0.0467982
-0.0463493
-0.0497535
-0.0561931
-0.0644593
-0.0724827
-0.0778188
-0.0791131
-0.0764267
-0.0702391
-0.0610161
-0.0503855
-0.0400091
-0.0399052
-0.0320577
-0.0539405
-0.0478514
-0.0578922
-0.0573216
-0.0496207
-0.0549441
-0.0370154
-0.0429041
-0.0334073
-0.0335084
-0.0430903
-0.0366899
-0.0678939
-0.0530782
-0.0868288
-0.0622169
-0.0698861
-0.0565714
-0.0576346
-0.0664359
-0.0597471
-0.0872934
-0.0767747
-0.10144
-0.0956421
-0.093894
-0.099843
-0.0726943
-0.0847197
-0.0468941
-0.0596513
-0.035781
-0.117351
-0.0223628
-0.0181991
-0.0263646
-0.162286
-0.101415
-0.02884
-0.0233954
-0.0370824
-0.0339022
-0.0367393
-0.0388558
-0.0279074
-0.0332579
-0.0193689
-0.0229865
-0.0213314
-0.0191687
-0.0354374
-0.0273612
-0.0640706
-0.0476105
-0.112972
-0.0856643
-0.0156165
-0.0190834
-0.0744048
-0.0845512
-0.0638149
-0.0676315
-0.0659302
-0.0629576
-0.0838585
-0.0728513
-0.110174
-0.0972071
-0.122765
-0.118218
-0.110998
-0.119809
-0.0825745
-0.097321
-0.0525389
-0.067091
-0.0298782
-0.0399217
-0.00859907
-0.0120117
-0.14098
-0.0218733
-0.212984
-0.191326
-0.185662
-0.224852
-0.00552571
-0.00504603
-0.00533214
-0.137562
-0.108235
-0.0109499
-0.00794912
-0.0171193
-0.014125
-0.0201457
-0.01947
-0.0165546
-0.0195339
-0.0079545
-0.0129768
-0.00481792
-0.00570078
-0.0115016
-0.00700407
-0.0277917
-0.0186226
-0.058778
-0.0413323
-0.112593
-0.0828869
-0.148123
-0.0319504
-0.0235554
-0.073016
-0.11592
-0.0797323
-0.0778967
-0.0634841
-0.0676666
-0.0628605
-0.0623766
-0.0739204
-0.066533
-0.100698
-0.0855858
-0.130955
-0.115779
-0.141786
-0.139766
-0.123688
-0.135042
-0.0900412
-0.10772
-0.0564594
-0.0722791
-0.0426424
-0.010759
-0.00803367
-0.0154855
-0.0133118
-0.165752
-0.247652
-0.263261
-0.298376
-0.297008
-0.00167946
-0.0169736
-0.152576
-0.221242
-0.045421
-0.0766907
-0.0380955
-0.118378
-0.279925
-0.337948
-0.328271
-0.363648
-0.357271
-0.365678
-0.00317144
-0.00220392
-0.00538678
-0.00428505
-0.00421167
-0.00529339
0.00149562
-0.00176972
0.00755799
0.00485165
0.00639714
0.00801003
-0.00338756
0.00223379
-0.0210049
-0.011136
-0.0524582
-0.0346865
-0.106577
-0.0768213
-0.183766
-0.143446
-0.27973
-0.228946
-0.325251
-0.048556
-0.048046
-0.0509467
-0.0489001
-0.0591499
-0.0540164
-0.0798435
-0.0677117
-0.11471
-0.0960555
-0.149112
-0.132933
-0.157359
-0.157353
-0.133116
-0.148249
-0.0938995
-0.11398
-0.0581323
-0.074788
-0.0327139
-0.0437699
-0.0176043
-0.0241805
-0.00418022
-0.00228927
-0.00731952
-0.00570764
-0.0105148
-0.0089907
-0.0124774
-0.0117933
-0.188113
-0.0697026
-0.0266777
-0.0174491
-0.0126577
-0.162956
-0.247995
-0.347162
-0.361635
-0.116646
-0.305538
-0.348963
-0.369756
0.00374406
0.0028129
0.00504573
0.0041958
0.00687355
0.0058764
0.0110167
0.0085719
0.0168031
0.0139693
0.0192042
0.0187439
0.0143515
0.0176214
0.00313099
0.00935575
-0.0149589
-0.0048958
-0.0454985
-0.0283668
-0.0960212
-0.0681768
-0.171746
-0.131503
-0.265251
-0.218289
-0.309146
0.0129433
0.0116016
0.0397328
0.0294718
-0.0105843
-0.00118916
-0.022976
-0.0172569
-0.035132
-0.0286887
-0.0522982
-0.0426055
-0.0822666
-0.0654171
-0.125573
-0.103042
-0.163061
-0.146737
-0.166935
-0.169618
-0.136639
-0.154636
-0.0941685
-0.115411
-0.0578008
-0.074539
-0.0325976
-0.0436152
-0.0239672
-0.00148581
-0.00362793
-0.00294357
-0.00503315
-0.00437587
-0.00684345
-0.00591633
-0.00835906
-0.00769304
-0.00881613
-0.207779
0.00222576
4.7284e-05
0.0367465
0.0047578
-0.16717
-0.266176
-0.109435
-0.32229
-0.00608322
-0.0417569
-0.351259
0.0177847
-0.35609
0.00344682
-0.00892484
0.00982636
0.00799741
0.0140803
0.0116761
0.0186379
0.016119
0.0240088
0.0212631
0.0280594
0.0264745
0.0268404
0.0282023
0.0197421
0.0238537
0.00807126
0.014427
-0.00980181
7.67007e-05
-0.0385134
-0.0225849
-0.0840769
-0.0589716
-0.152981
-0.116069
-0.239752
-0.197008
-0.314817
-0.282593
-0.340364
-0.335266
0.0649497
0.0581314
0.0502892
0.0627351
0.025507
0.0372877
0.00570299
0.0151931
-0.0153818
-0.00565512
-0.0414833
-0.0271535
-0.0812373
-0.0594278
-0.132664
-0.106668
-0.170642
-0.155146
-0.169325
-0.174893
-0.134396
-0.154316
-0.0909122
-0.11232
-0.0554418
-0.0717472
-0.0316749
-0.0421955
-0.0168839
-0.0232636
-0.0120161
-0.340616
-0.318894
-0.00303158
-0.00026909
-0.00181645
-0.00358323
-0.00361143
-0.00360452
-0.00359216
-0.00418573
-0.00383947
-0.00513086
-0.00464365
-0.00563476
-0.219365
-0.16371
-0.267611
-0.00367249
-0.00724216
-0.00410409
-0.0954327
-0.316978
-0.0297217
-0.335682
0.0206313
-0.333799
0.0489259
-0.280824
-0.293442
0.0011583
-0.00521595
-0.0836845
0.00935191
0.00545127
0.0165737
0.0134344
0.0230779
0.0197392
0.0290018
0.0258027
0.0336832
0.0315913
0.035008
0.034907
0.0312972
0.0337297
0.0233352
0.0276946
0.0117744
0.0180271
-0.00536186
0.0040352
-0.0317247
-0.0172403
-0.0720274
-0.0499284
-0.132044
-0.0996481
-0.208612
-0.169642
-0.277997
-0.246558
-0.308808
-0.301811
-0.256251
-0.289447
-0.234078
-0.166134
-0.213796
0.0831945
0.0624995
0.074709
0.0812948
0.0863625
0.0605446
0.0725475
0.0347256
0.0472711
0.00741171
0.0214124
-0.0277363
-0.00869777
-0.0776103
-0.0508589
-0.135031
-0.106926
-0.170861
-0.157238
-0.164073
-0.172267
-0.126686
-0.147286
-0.0845549
-0.105016
-0.0517151
-0.0667961
-0.0297924
-0.0396047
-0.0161261
-0.0220813
-0.0111718
-0.00503428
-0.00541562
-0.00404511
-0.00480107
-0.00276648
-0.00334918
-0.00232217
-0.00242865
-0.00264302
-0.00242497
-0.00304089
-0.219433
0.00221024
-0.00677267
-0.00393951
-0.152369
-0.266749
-0.0804038
-0.298811
-0.016263
-0.306305
0.0226999
0.0466643
0.0335815
-0.292077
-0.243832
-0.180083
-0.11139
-0.134547
-0.0706565
-0.035422
0.0128816
0.0075473
0.0221816
0.0179713
0.029948
0.0262782
0.0359358
0.0332073
0.0392065
0.0380071
0.0383928
0.0393423
0.0335103
0.0363605
0.0254834
0.029797
0.0143213
0.020335
-0.00167908
0.00701379
-0.02523
-0.0124011
-0.0599803
-0.0410527
-0.110095
-0.0831384
-0.173838
-0.140971
-0.233535
-0.206761
-0.266131
-0.258422
-0.222744
-0.252146
-0.18646
0.0700041
0.0268691
0.0349331
0.0537993
0.0941729
0.0835171
0.101417
0.100433
0.0874583
0.0960845
0.0617034
0.0751926
0.0292275
0.0463404
-0.0142987
0.00915292
-0.0724492
-0.0419709
-0.131946
-0.103759
-0.163247
-0.152265
-0.151546
-0.161722
-0.114442
-0.134284
-0.0760481
-0.0944646
-0.0469226
-0.0602906
-0.0275019
-0.0362232
-0.0149633
-0.0204322
-0.0105366
-0.0102557
-0.00926738
-0.0101282
-0.008136
-0.00931271
-0.00515984
-0.00686066
-0.00242225
-0.00366998
-0.00104913
-0.00155035
-0.000780299
-0.000824571
-0.0014642
-0.00100695
-0.00190715
-0.00190575
-0.211151
-0.135425
-0.249923
-0.0624485
-0.270756
-0.000196535
-0.00187702
-0.000319955
-0.0129446
0.0105735
0.013193
0.0129849
0.00337141
-0.272286
-0.241764
-0.190793
-0.129071
-0.0513188
-0.00764067
-0.0242743
0.0115281
0.0246702
-0.0152291
-0.0134195
0.00274139
-0.00265241
0.0149337
0.00882383
0.0256983
0.0206751
0.0339163
0.0301105
0.0393344
0.0370378
0.0412492
0.0407504
0.0393992
0.0407455
0.0341902
0.0370931
0.0264584
0.0305982
0.0158823
0.0215584
0.00115205
0.00909306
-0.0196975
-0.00843862
-0.0491913
-0.0332846
-0.089811
-0.0681622
-0.140183
-0.114217
-0.190214
-0.166179
-0.21645
-0.209872
-0.185841
-0.208993
-0.112301
-0.151972
-0.0185553
-0.0647007
0.0391576
-0.0129574
-0.0047299
0.0186969
0.0723839
0.056851
0.09784
0.0859547
0.10827
0.104279
0.102057
0.107197
0.0801583
0.0926856
0.0451265
0.0640905
-0.00416109
0.0222683
-0.0662186
-0.0344102
-0.122953
-0.0969257
-0.147462
-0.140023
-0.133052
-0.143922
-0.099185
-0.116875
-0.0662705
-0.0819444
-0.0415783
-0.0529065
-0.0248371
-0.0322643
-0.0137544
-0.0185606
-0.00638538
-0.00966659
-0.0038264
-0.015089
-0.0157455
-0.0116317
-0.0134287
-0.0070135
-0.00953375
-0.00262509
-0.00464622
-0.00020081
-0.00114208
0.000625985
0.000342574
0.00039463
0.000634397
2.5199e-05
-0.193654
0.0219177
0.056459
0.0529842
-0.115135
-0.224348
0.00127338
0.00100147
-0.0528222
-0.0189831
-0.0066189
-0.0108365
-0.0250314
-0.0314466
-0.0430877
-0.230657
-0.196979
-0.142225
-0.0726562
-0.00487869
0.0536826
-0.0187089
-0.0161612
-0.00544822
-0.000339775
-0.00180822
-0.00875049
-0.237909
0.00378045
-0.0015833
0.0158234
0.00975015
0.026971
0.0216348
0.0350755
0.0314486
0.0398795
0.0379316
0.0410795
0.0409176
0.0388674
0.0403422
0.0338691
0.0366364
0.0266243
0.030503
0.0168312
0.022065
0.00353377
0.0106573
-0.0146629
-0.00491108
-0.0393996
-0.0261843
-0.0718123
-0.0547358
-0.110251
-0.0905813
-0.148038
-0.129869
-0.167045
-0.161276
-0.145851
-0.16373
-0.0851953
-0.118956
-0.00919937
-0.0481422
0.0777136
0.0591036
0.0259627
1.24215e-05
-0.061946
-0.0494009
-0.0233274
0.0401744
0.0211466
0.0712337
0.0568387
0.0932001
0.0835839
0.107006
0.101635
0.105359
0.107987
0.0874806
0.0983579
0.0527434
0.0719872
0.00205273
0.0290622
-0.0581634
-0.0279138
-0.107851
-0.0857346
-0.125588
-0.121298
-0.110913
-0.120977
-0.0827103
-0.0972244
-0.0561431
-0.0687925
-0.036008
-0.0453003
-0.0218207
-0.0282844
-0.0122996
-0.0164859
-0.0058905
-0.00871906
-0.00359652
-0.0192955
-0.019841
-0.0154977
-0.0176596
-0.00943465
-0.0126898
-0.00342123
-0.00625364
0.000271124
-0.00122551
0.00167788
0.00116633
0.0018708
0.00189633
0.00156783
-0.170742
0.000819814
-0.0994577
-0.0536492
-0.0322447
-0.0303096
-0.0412443
-0.0590048
-0.19454
-0.157254
-0.0980787
-0.0281974
-0.0779856
-0.0775241
-0.0958579
0.0394419
0.0889148
0.083024
-0.0111287
-0.197237
0.104616
-0.206869
0.00216547
-0.00350728
-0.00606406
0.00570852
0.000863832
0.0167187
0.0111899
0.0270481
0.0220415
0.0346344
0.0312393
0.0388745
0.0371786
0.0397044
0.039681
0.0375028
0.0389217
0.0328617
0.0354271
0.0261909
0.0297623
0.0172446
0.02201
0.00535247
0.0116879
-0.0104246
-0.00203274
-0.0310385
-0.0201326
-0.0567105
-0.0433516
-0.085473
-0.0709482
-0.111985
-0.0995181
-0.124189
-0.120458
-0.108555
-0.120406
-0.0607538
-0.0876743
-0.00353348
-0.0323724
0.0497473
0.0248305
0.103755
0.0833928
0.0702162
-0.0395384
-0.106646
-0.0866643
-0.0627989
0.00333098
-0.0173748
0.0395997
0.0221574
0.0681281
0.0548701
0.0888564
0.0796914
0.102217
0.0970071
0.102052
0.103758
0.0866821
0.096254
0.0543516
0.0724409
0.00680114
0.0319566
-0.0466113
-0.0202453
-0.08715
-0.0695206
-0.0998454
-0.0967185
-0.087979
-0.0958549
-0.0666886
-0.0776196
-0.0464218
-0.0561409
-0.0304936
-0.0379381
-0.0189375
-0.0242419
-0.0107307
-0.014479
-0.00529788
-0.00771684
-0.00170573
-0.00322691
0.000698003
-0.000296421
-0.0210497
-0.0172687
-0.0230541
-0.0229178
-0.0194761
-0.0218215
-0.0122978
-0.0160945
-0.00479758
-0.00840077
0.000310572
-0.00184563
0.00242637
0.00166217
0.00294918
0.00281803
0.00247593
0.0027535
0.00189808
0.00216455
0.00163375
-0.149294
-0.0926534
-0.0625127
-0.0540192
-0.0611485
-0.0777911
-0.168117
-0.127165
-0.0632692
-0.0981566
-0.117231
-0.130803
0.0100016
0.075822
0.119553
-0.110139
-0.135386
0.124241
0.089235
0.110788
0.00222039
-0.00611359
-0.00558436
0.00305988
-0.17403
0.00126277
-0.182441
0.000302114
-0.00404897
0.00834776
0.00370484
0.0179021
0.0129037
0.026773
0.0224735
0.033451
0.0304459
0.0370919
0.0356439
0.0376867
0.0377253
0.0356333
0.0369368
0.0314118
0.033742
0.0253454
0.0285932
0.0172695
0.0215593
0.00673932
0.0123195
-0.00682339
0.000338318
-0.023874
-0.014938
-0.04412
-0.0337026
-0.0655833
-0.0549006
-0.0836849
-0.0754431
-0.0900025
-0.0887053
-0.0760086
-0.0857118
-0.0399368
-0.0597207
0.00210147
-0.0191439
0.0430316
0.023514
0.0672332
0.0583606
0.0865995
0.0671922
0.0703226
-0.0705712
-0.131547
-0.106632
-0.0894147
-0.0312405
-0.0508449
0.00608127
-0.0124308
0.038238
0.022774
0.064126
0.051843
0.0835435
0.0746617
0.0954713
0.0905113
0.0960448
0.0972301
0.0827661
0.0911112
0.054202
0.0701927
0.012958
0.0346072
-0.031334
-0.00970891
-0.063775
-0.0496864
-0.0741841
-0.0714057
-0.0668103
-0.0718767
-0.0522695
-0.0598426
-0.0375772
-0.0447221
-0.0253789
-0.0311502
-0.016084
-0.0204285
-0.00933887
-0.012439
-0.0046496
-0.00674199
-0.00149951
-0.00286892
0.000692398
-0.000169808
0.00166132
-0.0219954
-0.0168423
-0.0258941
-0.0249517
-0.0229921
-0.025194
-0.0153775
-0.0195297
-0.00667218
-0.0109354
-0.000117325
-0.00298659
0.0029197
0.00179403
0.00373608
0.00350959
0.0034138
0.00365086
0.00289055
0.00312627
0.00285303
-0.134473
-0.0955317
-0.0808965
-0.0837191
-0.0996717
-0.152707
-0.1065
-0.12186
-0.143383
-0.160052
-0.0362028
0.0421732
0.107368
-0.166623
0.140318
-0.163062
0.134078
-0.120804
-0.149756
0.109748
0.058172
0.0765754
0.00248925
-0.00235664
-0.00127374
0.00354987
-0.159842
-0.00661579
-0.0109644
0.00135016
-0.168569
0.00334623
0.000635708
0.0106677
0.0066969
0.0188254
0.0145918
0.0262981
0.022677
0.0319057
0.0293624
0.0349336
0.0337285
0.0353489
0.0354241
0.033481
0.0346562
0.0296933
0.0317867
0.0242282
0.027154
0.0169995
0.0208294
0.00773651
0.012621
-0.00386849
0.00221665
-0.0179186
-0.0106252
-0.0338131
-0.0257319
-0.049683
-0.0419123
-0.0618891
-0.0565057
-0.0645216
-0.064696
-0.0515332
-0.0599746
-0.0246816
-0.0390761
0.0071585
-0.00889104
0.0368687
0.0227192
0.0537621
0.0478462
0.0516204
0.0550179
0.0440937
0.0314067
0.0436417
-0.0865877
-0.13223
-0.106805
-0.0978611
-0.057326
-0.0728226
-0.024024
-0.0412771
0.00832763
-0.00768681
0.0364697
0.0228652
0.0596048
0.0485991
0.0772599
0.0691424
0.0880376
0.0835485
0.0891363
0.0898559
0.0782255
0.08514
0.0544076
0.0677308
0.020509
0.038221
-0.0151223
0.00222827
-0.0414161
-0.0298904
-0.0516945
-0.0483938
-0.0488871
-0.0513488
-0.0399632
-0.0447807
-0.0298234
-0.0348578
-0.0207606
-0.0251113
-0.0134745
-0.0169143
-0.00798527
-0.0105483
-0.00400536
-0.00580009
-0.00124784
-0.00253543
0.000557858
-0.000275558
0.00104775
-0.0216484
-0.0163677
-0.0272361
-0.0254068
-0.0255373
-0.0272327
-0.0182295
-0.0223636
-0.00884765
-0.0135574
-0.00097937
-0.00454035
0.00315664
0.00156104
0.00435153
0.00400468
0.0041972
0.00435851
0.00372521
0.00394151
0.00363856
-0.129369
-0.00319352
-0.108576
-0.107978
-0.123229
-0.146778
-0.147919
-0.174067
-0.194708
-0.0939698
-0.0150981
0.0685413
-0.205498
0.130116
-0.202159
0.151112
-0.187567
0.132812
-0.165051
0.0983788
-0.113108
-0.140151
0.0603681
0.0163065
0.0257746
0.00262087
0.00354703
-0.156784
0.0018927
0.00157098
-0.165644
0.0020616
-0.000239567
0.000628272
0.00635738
0.00394644
0.0124304
0.00916687
0.0192224
0.0157353
0.0254698
0.0224546
0.0301057
0.0280001
0.0325929
0.0316019
0.032882
0.0329752
0.0312068
0.0322512
0.0278367
0.0297011
0.0229531
0.0255672
0.0165309
0.0199257
0.00843092
0.0126829
-0.00146271
0.00369148
-0.0130345
-0.00707997
-0.0255512
-0.019261
-0.0372796
-0.0316471
-0.0453256
-0.041935
-0.0456377
-0.0466377
-0.0344147
-0.041382
-0.013858
-0.0248969
0.0104047
-0.00174699
0.0315485
0.0218331
0.0434327
0.0392572
0.0398248
0.0435192
0.0222472
0.0324998
-0.000439042
-0.00387982
0.00987106
-0.0179381
-0.08723
-0.115843
-0.0935544
-0.0917924
-0.0702403
-0.079825
-0.0462587
-0.0595654
-0.0178884
-0.0326678
0.00965781
-0.00388516
0.034358
0.0223664
0.0550006
0.0451838
0.0708667
0.063547
0.0805844
0.0765263
0.0821086
0.0824078
0.0735405
0.0790351
0.0544089
0.0651102
0.0272876
0.0414458
-0.00124407
0.0127001
-0.0231189
-0.0133418
-0.0337548
-0.0297659
-0.0345109
-0.034999
-0.0298095
-0.0325457
-0.0232031
-0.026581
-0.0166875
-0.0198713
-0.0111179
-0.0137756
-0.00674176
-0.00879519
-0.00344411
-0.00495115
-0.00112492
-0.00218493
0.000364354
-0.000334746
0.000865193
-0.00372633
-0.0112869
-0.00713262
-0.0207164
-0.0159385
-0.0270456
-0.0246182
-0.0268032
-0.0277799
-0.0204525
-0.0242158
-0.0110314
-0.0158945
-0.00217991
-0.00631466
0.00311597
0.000982809
0.00484107
0.0043085
0.00481961
0.00495462
0.00424383
0.00454942
0.0039249
-0.135183
-0.000952394
0.00211631
-0.131289
-0.145841
-0.171869
-0.173543
-0.205938
-0.234186
-0.148045
-0.0865086
0.00246893
-0.250895
0.089568
-0.250675
0.145108
-0.234206
0.150772
-0.206689
0.1219
-0.175631
0.0793778
-0.144001
0.0385594
-0.0935874
-0.115945
0.00467845
-0.0188501
-0.0363826
-0.0338852
-0.0272591
0.000915132
0.00173689
-0.164043
-0.0768242
-0.0764295
0.00428491
0.00280992
0.00815791
0.00600101
0.013391
0.010649
0.0190926
0.0162114
0.0242929
0.0217908
0.0281316
0.0263888
0.0301856
0.0293662
0.030397
0.0304921
0.0289113
0.0298337
0.0259307
0.0275813
0.0215951
0.0239158
0.0159211
0.0189139
0.00886983
0.0125555
0.00046215
0.00481469
-0.00905067
-0.00419665
-0.0189145
-0.0140112
-0.0276298
-0.0235194
-0.0329152
-0.0308226
-0.0318836
-0.033296
-0.022456
-0.0281083
-0.00649256
-0.0150401
0.0118546
0.00266355
0.0273664
0.0203141
0.0348018
0.0324235
0.030988
0.034447
0.0161485
0.024823
-0.00548781
0.00588949
-0.0169609
-0.0712695
-0.0750667
-0.0571083
-0.0653202
-0.0370606
-0.0481544
-0.0130089
-0.0251963
0.0105245
-0.00109956
0.0321733
0.0216437
0.0505332
0.0417885
0.0646819
0.0581481
0.0734333
0.0697589
0.0752282
0.0752149
0.0686492
0.0729301
0.0535221
0.0619906
0.0319798
0.0432415
0.00896956
0.0202928
-0.00965024
-0.00112077
-0.0202464
-0.0158947
-0.0233358
-0.0225025
-0.0216143
-0.0228592
-0.0176618
-0.0197771
-0.01317
-0.0154152
-0.00902483
-0.0110325
-0.00559186
-0.00722443
-0.00292251
-0.00416915
-0.000998879
-0.00189928
0.000251138
-0.000315856
0.00118822
0.000759903
0.00178193
0.00152957
0.000261647
-0.00399243
-0.00150408
-0.0111038
-0.00721968
-0.019459
-0.0152404
-0.0258127
-0.0231363
-0.0268106
-0.0270799
-0.0217811
-0.0249402
-0.0129151
-0.0176256
-0.00356366
-0.00806747
0.00280253
0.000129141
0.00518355
0.00440123
0.00528767
0.00540861
0.00452466
0.00495805
0.00346491
0.00400775
0.00238197
0.00278822
0.00197446
-0.1511
-0.0924773
-0.075598
-0.164834
-0.180699
-0.195381
-0.234944
-0.273197
-0.154206
-0.0814135
-0.300021
0.0173538
-0.307092
0.104983
-0.291769
0.150851
-0.260113
0.140132
-0.220766
0.100695
-0.180458
0.0541974
-0.144148
0.0133717
-0.114523
-0.0369854
-0.016631
0.00153011
-0.000261238
0.000904722
0.00165547
-0.0916304
-0.0487686
-0.0399218
-0.0745537
0.00312179
0.00226515
0.00564502
0.00423785
0.00919639
0.00725877
0.0137243
0.0113825
0.0185375
0.0161315
0.0228713
0.0207908
0.0260751
0.0246213
0.0277945
0.0271083
0.0279614
0.0280492
0.0266586
0.0274681
0.0240355
0.0254902
0.0202055
0.0222555
0.0152146
0.0178422
0.00909439
0.012281
0.00195584
0.00562983
-0.00587357
-0.00191092
-0.0136599
-0.00983281
-0.0201406
-0.0171406
-0.0235747
-0.0223225
-0.0219116
-0.0234354
-0.0140654
-0.0186591
-0.00157654
-0.00821105
0.0122029
0.00532464
0.023578
0.0184208
0.0281513
0.026961
0.0240712
0.0274777
0.0117481
0.0189642
-0.0062143
0.003064
-0.0251413
-0.0158561
-0.0327422
-0.0608068
-0.0512174
-0.0565682
-0.0630595
-0.0628534
-0.0581313
-0.0615086
-0.0464263
-0.0532996
-0.029178
-0.0383586
-0.00904554
-0.0192408
0.0112236
0.00116425
0.0301414
0.0209202
0.0463704
0.0386253
0.0589219
0.0531211
0.066765
0.0634498
0.0686813
0.0684648
0.0636489
0.0669782
0.0516709
0.0583884
0.0344726
0.043484
0.015744
0.0250257
-0.000179469
0.00725969
-0.0103606
-0.00595375
-0.0148076
-0.0131638
-0.0151023
-0.0153151
-0.0130992
-0.0142711
-0.0101896
-0.0116904
-0.00721295
-0.00868009
-0.00458639
-0.00585182
-0.00248487
-0.003475
-0.000923216
-0.00165112
0.000166671
-0.000327405
0.00089202
0.000557961
0.00142518
0.00121382
0.00154805
-0.00406513
-0.00185231
-0.0103452
-0.00693581
-0.0177224
-0.0139846
-0.023847
-0.0211435
-0.0257304
-0.0254355
-0.0221031
-0.0245636
-0.0142455
-0.0185447
-0.004932
-0.0095521
0.00226429
-0.000875459
0.00535194
0.00427958
0.00562829
0.00571269
0.00476035
0.00527268
0.00359982
0.00414951
0.0026386
0.00308144
0.00216031
-0.17721
-0.209819
-0.256323
0.00122731
-0.071138
-0.185485
-0.305754
-0.162785
-0.345894
-0.0765456
-0.365764
0.0301423
-0.35821
0.113944
-0.325453
0.145837
-0.0526288
-0.277997
0.117988
-0.0659813
-0.226782
0.0717303
-0.0876717
-0.0482723
-0.0605647
-0.179911
0.0243654
-0.111266
-0.0543552
-0.141663
-0.0140798
-0.0573468
0.00117329
-0.0455472
-0.0383585
0.00237743
0.00178099
-0.206086
-0.0426771
-0.205049
0.00175017
-0.000557031
0.0004895
0.00404259
0.00311861
0.00638653
0.00506465
0.00966087
0.00793119
0.0135857
0.0115788
0.0176711
0.0156429
0.0213148
0.0195714
0.0240135
0.0227896
0.025473
0.02489
0.0256113
0.0256907
0.0244822
0.0251867
0.0221842
0.0234607
0.0188142
0.020618
0.0144402
0.0167391
0.00914152
0.0118905
0.00308497
0.00618534
-0.00337134
-0.000128052
-0.00954763
-0.00654448
-0.0143928
-0.0121942
-0.0165772
-0.015874
-0.0146921
-0.0161645
-0.00823578
-0.0119475
0.00145159
-0.00362694
0.0119277
0.0067793
0.0201736
0.0164839
0.0230378
0.0223871
0.0189136
0.0218313
0.00826635
0.0143051
-0.00671405
0.000960868
-0.0231045
-0.0148801
-0.0311366
-0.0482888
-0.0448363
-0.0512617
-0.0508416
-0.046788
-0.0502819
-0.0372064
-0.0429684
-0.022621
-0.0302737
-0.00568967
-0.0143189
0.0117985
0.00308999
0.0282836
0.0202312
0.0425594
0.0357333
0.053662
0.0485233
0.0606658
0.0576873
0.0625955
0.0622571
0.0587296
0.061334
0.0491702
0.0545436
0.0353112
0.0425914
0.0199352
0.0276034
0.00629189
0.0127635
-0.00324878
0.00101826
-0.00837967
-0.00628262
-0.00999187
-0.00951006
-0.00939712
-0.00987491
-0.00770913
-0.00862739
-0.00568156
-0.00670428
-0.00374782
-0.00468937
-0.00212493
-0.00289664
-0.000882067
-0.00146193
6.53704e-06
-0.0004023
0.000594092
0.000339739
0.00103651
0.000880531
0.00119497
-0.00394687
-0.00201625
-0.00920153
-0.00636143
-0.0155952
-0.0123212
-0.0213449
-0.018729
-0.0237873
-0.0230904
-0.0214531
-0.0232197
-0.014866
-0.0185796
-0.00608618
-0.0105653
0.00159396
-0.00187025
0.0053543
0.00398013
0.0058888
0.00588954
0.00504288
0.00555886
0.00391927
0.004451
0.00286486
0.00339157
0.00233467
-0.213694
-0.265661
-0.0385146
0.00122894
0.0018993
-0.32616
-0.228422
-0.38116
-0.17121
-0.417188
-0.0707985
-0.423851
0.0393234
-0.398294
0.114473
-0.0368974
-0.0465514
-0.347725
0.12841
-0.0616292
-0.0521981
-0.0658294
-0.285811
0.0881433
-0.0811702
-0.071423
-0.225662
0.0359834
-0.105629
-0.0708782
-0.173917
-0.00926761
-0.239369
-0.135729
-0.0291487
-0.0274942
-0.0207433
0.0011946
0.00283228
0.00233897
0.00447218
0.00358236
0.00677264
0.00552758
0.00970951
0.00816958
0.0131234
0.0113836
0.016611
0.0148849
0.0197021
0.0182253
0.0219964
0.0209555
0.0232496
0.0227477
0.0233763
0.0234411
0.0223993
0.0230099
0.020392
0.0215086
0.0174367
0.0190186
0.0136147
0.0156203
0.00903591
0.0114037
0.00389837
0.0065152
-0.00143584
0.00122502
-0.00635757
-0.0039886
-0.0100063
-0.00838378
-0.0113663
-0.0110094
-0.00948784
-0.0108331
-0.00420564
-0.00719824
0.00338919
-0.000570508
0.0113304
0.00747239
0.0172621
0.0146633
0.018901
0.0186744
0.0150376
0.0176127
0.00602338
0.0110736
-0.00630499
3.34917e-05
-0.0197925
-0.0127401
-0.0320706
-0.0264521
-0.041214
-0.0367421
-0.0581982
-0.0343873
-0.0321197
-0.0383421
-0.0362461
-0.0411322
-0.0402359
-0.0376233
-0.0399646
-0.0293474
-0.0340606
-0.0171544
-0.0235687
-0.00279856
-0.0101481
0.0122733
0.00474861
0.0266123
0.0195938
0.0391323
0.0331356
0.0489242
0.0443863
0.0551559
0.0524901
0.0570317
0.0566253
0.0540455
0.0560975
0.0463435
0.0506851
0.0350562
0.0410003
0.0223131
0.0287051
0.0106001
0.0162249
0.00180166
0.00582679
-0.00358618
-0.00126892
-0.00602918
-0.00509243
-0.00643732
-0.00641106
-0.005683
-0.00615009
-0.00441927
-0.00508106
-0.00306491
-0.00373633
-0.00185308
-0.00243594
-0.000885403
-0.00134214
-0.000178301
-0.000505557
0.000302869
8.63327e-05
0.000629937
0.000490368
0.000845267
0.00077409
0.000661293
-0.000787447
0.000122895
-0.00364023
-0.00203713
-0.00795098
-0.00561482
-0.0133647
-0.0105671
-0.0185473
-0.0161302
-0.021244
-0.0203077
-0.0199768
-0.0211355
-0.0147441
-0.017785
-0.00687906
-0.010985
0.000913101
-0.00267883
0.00522681
0.0035677
0.00608535
0.00597846
0.00532668
0.00580826
0.00420797
0.00476303
0.00304549
0.00362157
0.00247324
-0.259855
-0.0605315
0.000862583
0.000567304
-0.329454
-0.278147
-0.0422438
-0.39939
-0.252313
-0.453308
-0.176942
-0.478028
-0.0638792
-0.013246
-0.0211317
-0.0492304
-0.467001
0.0442086
-0.0387382
-0.0604484
-0.422352
0.104293
-0.0564385
-0.0726697
-0.356055
0.0947575
-0.0747433
-0.0818859
-0.283513
0.0463511
-0.0985841
-0.0855483
-0.217022
-0.0054995
-0.127938
-0.0821639
-0.165967
-0.00505774
-0.00650139
0.001124
0.00149536
0.00126465
0.0030537
0.00236054
0.00467434
0.0037536
0.00681156
0.00566116
0.00946257
0.00808415
0.012443
0.0109294
0.0154405
0.0139604
0.0180831
0.0168214
0.0200497
0.0191567
0.0211349
0.0206988
0.0212546
0.0213053
0.0204133
0.0209411
0.0186642
0.0196387
0.0160801
0.0174634
0.0127494
0.0144946
0.00879956
0.010836
0.00444186
0.00665136
2.54313e-05
0.00221416
-0.00391466
-0.00203638
-0.00667977
-0.00547542
-0.00749999
-0.00735584
-0.00574788
-0.00693621
-0.0014405
-0.00385193
0.0045181
0.00142941
0.0105712
0.00763179
0.014817
0.0129967
0.015609
0.0156797
0.0121182
0.0143602
0.00461975
0.0087815
-0.00554604
-0.000269647
-0.0164568
-0.0113849
-0.02576
-0.0214013
-0.0340953
-0.030041
-0.0189395
-0.0132728
-0.026336
-0.0234607
-0.0300775
-0.028341
-0.0319451
-0.0314667
-0.0297434
-0.0316504
-0.0227114
-0.0266414
-0.0125165
-0.0179102
-0.000296413
-0.00656883
0.0126729
0.00618192
0.0251304
0.0190207
0.0360881
0.0308319
0.0446952
0.0407034
0.0502217
0.0478341
0.0520061
0.0515675
0.049682
0.0513134
0.0434124
0.0469568
0.0341208
0.0390267
0.0234658
0.0288343
0.0133719
0.0182741
0.00533418
0.00907125
-5.37868e-05
0.00233814
-0.00299568
-0.00177082
-0.00410833
-0.00372003
-0.0040628
-0.00418243
-0.00341047
-0.00378034
-0.00253713
-0.00298301
-0.00167904
-0.00209799
-0.000957672
-0.00130059
-0.000413394
-0.0006671
-3.89618e-05
-0.000210657
0.000191772
8.75761e-05
0.000366762
0.000237864
0.000622634
0.000251696
0.000336462
0.000983733
0.000305836
0.000600693
-0.000898478
-0.000159006
-0.00326114
-0.00194428
-0.00676941
-0.00486819
-0.0112545
-0.0089264
-0.0157207
-0.0135985
-0.0183894
-0.0173681
-0.0179011
-0.0185818
-0.0139215
-0.0163115
-0.00732608
-0.0108258
0.000331669
-0.0030816
0.00501915
0.00310929
0.00619588
0.00595872
0.00553553
0.00598436
0.00438567
0.00497798
0.00317401
0.00376906
0.00192071
0.00255
0.00123431
-0.312855
-0.0444558
0.00138716
-0.395529
-0.318107
-0.0694526
0.00201028
0.00151556
0.000780769
0.000278492
-0.467849
-0.272727
0.00989733
0.00369022
-0.512673
-0.178169
-0.0124664
-0.0352785
-0.0457054
-0.520071
-0.0584638
-0.0308518
-0.0610548
-0.488733
0.0407946
-0.0503779
-0.0760893
-0.428249
0.0789887
-0.0689041
-0.0898403
-0.350046
0.0501424
-0.0913297
-0.0990211
-0.270628
-0.00224613
-0.119393
-0.101369
-0.203828
-0.0486966
-0.155345
0.000753936
0.0194781
0.0156949
0.0244884
0.000938858
0.00307496
0.00244917
0.00465173
0.0037909
0.00663108
0.00558492
0.00901191
0.00778541
0.0116233
0.0103033
0.0142149
0.0129383
0.0164884
0.0154036
0.0181841
0.0174133
0.0191288
0.0187477
0.019243
0.0192818
0.0185201
0.0189755
0.0169993
0.0178478
0.0147459
0.0159521
0.011851
0.0133657
0.00844994
0.0101986
0.00475522
0.00662071
0.00109281
0.00289694
-0.0020743
-0.000578219
-0.00418118
-0.00328308
-0.00464784
-0.00463245
-0.00307015
-0.00410039
0.000438954
-0.00150559
0.0051186
0.00270858
0.00971154
0.00751083
0.0127804
0.0115105
0.0130285
0.0132772
0.00990398
0.0118544
0.00365249
0.0070947
-0.0046506
-0.000346906
-0.0132394
-0.00915087
-0.0204219
-0.017202
-0.0272131
-0.0240338
-0.0283715
-0.0287467
-0.0306763
-0.0227605
-0.0264673
-0.0239822
-0.0161163
-4.21979e-05
0.00731841
-0.0114801
-0.0061202
-0.0185452
-0.0156322
-0.0228284
-0.0210748
-0.0245406
-0.0242022
-0.0228252
-0.0242032
-0.0170559
-0.0203107
-0.00851361
-0.0130518
0.00188212
-0.00346578
0.013026
0.00743499
0.0238331
0.0185232
0.0334026
0.028806
0.0409575
0.0374489
0.0458391
0.0437527
0.0475009
0.0470566
0.0456732
0.0469839
0.040518
0.0434413
0.0327918
0.0368811
0.0237953
0.0283483
0.0150518
0.0193199
0.00775036
0.0111895
0.00251025
0.0048886
-0.000708643
0.000690351
-0.00230984
-0.00166393
-0.00280039
-0.00265325
-0.0026363
-0.00277062
-0.00216232
-0.00241942
-0.00160725
-0.00188517
-0.00110215
-0.00134544
-0.000704311
-0.000891507
-0.000425893
-0.000555633
-0.000257058
-0.000336316
-0.000168017
-0.000173025
-0.000168633
-0.000143803
0.000191556
0.000505353
-0.000927444
-0.000277974
-0.00285683
-0.00178296
-0.00571832
-0.00417195
-0.00936355
-0.00747158
-0.0130633
-0.0112839
-0.0154869
-0.0145071
-0.0154799
-0.0158308
-0.0125539
-0.0143705
-0.00699566
-0.0100512
-0.000147054
-0.00349143
0.00474765
0.00270551
0.00619771
0.00584431
0.00563385
0.00605251
0.00447024
0.00507825
0.00322906
0.00384657
0.00196976
0.00259729
0.00133699
-0.367452
0.0327795
0.0292848
-0.0954374
0.00123274
0.000972634
-0.000200713
-0.456114
-0.353695
0.0134407
-0.0796982
0.000631006
0.00075428
-0.00507791
-0.0155327
0.0370324
0.0410362
0.0456922
-0.522407
-0.28604
0.0495194
0.0345115
0.0447298
-0.00401756
-0.0409571
-0.551103
-0.17559
-0.0227733
-0.0587136
-0.537294
-0.0575227
-0.042516
-0.076221
-0.487922
0.0231568
-0.0626926
-0.0943913
-0.414907
0.0365782
-0.0842331
-0.108619
-0.331268
-0.00427085
-0.110307
-0.118305
-0.250658
-0.0550109
-0.143519
-0.119814
-0.188402
-0.00239823
0.00103313
0.00196664
0.000947869
0.00145833
0.0030553
0.00246911
0.0044789
0.00371718
0.00629709
0.0053466
0.00842712
0.00733716
0.0107203
0.00956519
0.0129699
0.0118637
0.0149343
0.0139973
0.016401
0.0157336
0.0172245
0.0168912
0.0173321
0.0173615
0.0167112
0.0171038
0.0153911
0.0161284
0.0134315
0.0144803
0.0109226
0.0122336
0.00800107
0.00949942
0.0048722
0.00644584
0.00183375
0.00332211
-0.000718069
0.000476836
-0.00232812
-0.00165721
-0.00256236
-0.00262343
-0.00116847
-0.00205306
0.0016944
0.000122288
0.00538432
0.00349648
0.0089025
0.00722878
0.0111025
0.0102176
0.0110256
0.0113604
0.00827059
0.00995675
0.00307431
0.00591285
-0.00364907
-0.000184517
-0.0104691
-0.00716209
-0.0162098
-0.0134887
-0.0206726
-0.0187914
-0.0203987
-0.021335
-0.0144948
-0.0185281
-0.00872637
0.0206075
0.0287707
0.00624615
0.0130997
-0.00448843
8.68891e-05
-0.0120201
-0.00875347
-0.0161618
-0.0144928
-0.0182163
-0.0177079
-0.0168367
-0.0178921
-0.0122055
-0.0148592
-0.00505466
-0.00886991
0.0037743
-0.000778678
0.0133388
0.0085288
0.0226994
0.0180922
0.0310382
0.0270279
0.0376509
0.0345776
0.0419431
0.0400923
0.043477
0.0430391
0.0420256
0.0430896
0.0377452
0.04018
0.0312555
0.0346982
0.0236102
0.0274891
0.0159655
0.0197164
0.00935036
0.0124989
0.00433363
0.00664874
0.000982058
0.00247907
-0.000954069
-0.000126039
-0.00185037
-0.00149809
-0.00207733
-0.00202094
-0.00193617
-0.00203462
-0.00164109
-0.00179718
-0.0013255
-0.00148104
-0.00105816
-0.00118529
-0.000862163
-0.000954592
-0.000734844
-0.000795293
-0.000690884
-0.000689737
-0.000700245
-0.000670602
-0.000164467
-0.000685296
-0.000706708
0.000164531
0.000431106
-0.00082751
-0.00025353
-0.00244978
-0.00155677
-0.00478716
-0.00353195
-0.00770446
-0.00619525
-0.0106731
-0.0092365
-0.0127249
-0.0118703
-0.0129448
-0.0131019
-0.0108359
-0.0121839
-0.0063829
-0.00888093
-0.000390802
-0.00343648
0.00445862
0.00236969
0.00609542
0.00564985
0.00562709
0.00600959
0.00449247
0.00509225
0.00326514
0.0038761
0.00204941
0.00264952
0.000921554
0.00148117
0.000366299
-0.416809
0.0234095
-0.0920574
0.000776064
-0.00768737
0.0541343
-0.503067
-0.37953
0.0404921
0.0295712
0.00585809
-0.0343223
0.00377056
0.0104712
-0.000109109
-0.000633493
-0.555721
-0.290492
-0.0136786
-0.0536679
-0.113075
-0.56375
-0.172989
-0.0346478
-0.0738776
-0.528899
-0.0657
-0.0554905
-0.0954511
-0.465653
-0.0122446
-0.0770705
-0.115392
-0.386221
-0.0214399
-0.101551
-0.131016
-0.301871
-0.0665544
-0.131613
-0.140024
-0.226697
-0.108746
-0.171538
0.0350024
0.0550186
0.0511195
0.0468811
0.000968707
0.000483037
0.000354301
0.000621321
0.0017801
0.00134031
0.00285683
0.00230593
0.00419814
0.00348768
0.00585129
0.00499128
0.00775182
0.00677797
0.00977003
0.0087564
0.0117272
0.0107663
0.0134273
0.0126169
0.0146962
0.0141186
0.0154121
0.0151217
0.01551
0.0155331
0.0149753
0.0153142
0.0138311
0.0144704
0.012132
0.013041
0.0099655
0.0110961
0.00746429
0.00874393
0.00482167
0.00614585
0.00230487
0.00353108
0.000250228
0.00120395
-0.000976829
-0.000478271
-0.00105401
-0.00116094
0.00016831
-0.000589345
0.00251343
0.00123633
0.00544163
0.00395287
0.0081493
0.00687254
0.0097343
0.00911987
0.00948038
0.00984252
0.00711248
0.00853756
0.00283215
0.00515833
-0.00256965
0.000198297
-0.00794507
-0.00533012
-0.0124163
-0.0103067
-0.0146755
-0.0140772
-0.0139841
-0.0149048
-0.00760505
-0.0115091
-0.00247254
0.00089562
0.00769709
0.062243
0.0587185
0.0407852
0.0580967
0.0495274
0.0248962
0.0325085
0.0117793
0.018052
0.00128559
0.00616777
-0.00611793
-0.00276645
-0.0105566
-0.00864634
-0.0125997
-0.0119048
-0.0117006
-0.012473
-0.00802072
-0.0101606
-0.00206131
-0.00525797
0.00542062
0.00155168
0.0136168
0.00948545
0.0217086
0.0177193
0.0289594
0.0254683
0.034735
0.0320476
0.0385009
0.036873
0.0398916
0.0394628
0.0387278
0.0396009
0.0351388
0.0371862
0.0296362
0.0325616
0.0230451
0.0264108
0.0163479
0.0196635
0.0103534
0.0132322
0.00559212
0.00781862
0.00219851
0.00374419
3.43439e-05
0.00099108
-0.0011715
-0.000660106
-0.00171468
-0.00150241
-0.00185323
-0.00181735
-0.0017826
-0.00183297
-0.00163342
-0.00171175
-0.0014807
-0.00155515
-0.001357
-0.00141544
-0.00126974
-0.00130997
-0.00121881
-0.00123949
-0.00122324
-0.00119206
-0.00121838
-0.00122492
0.000507408
0.0005589
0.000138404
0.000361059
-0.000707295
-0.000217551
-0.00206833
-0.0013248
-0.00396331
-0.0029533
-0.00626552
-0.0050806
-0.00858284
-0.00746064
-0.0102154
-0.00952768
-0.0104764
-0.0105464
-0.00895274
-0.00994483
-0.00548951
-0.00746104
-0.000405258
-0.00306455
0.00417703
0.00214564
0.00590742
0.00540283
0.00553448
0.00587211
0.00446939
0.00503956
0.00328403
0.00387576
0.00214072
0.00270096
0.00102544
0.00159293
0.000462299
-0.454111
0.0175638
-0.017302
-0.0261966
0.0625646
0.0653473
0.06543
-0.00118602
-0.530237
-0.392035
0.0226744
-0.00301623
-0.046718
-0.134028
0.00023027
0.000153861
0.00843773
0.0143644
-0.564191
-0.288391
-0.0253042
0.0281966
0.0412632
-0.0688445
-0.143523
-0.00743183
-0.550846
-0.174238
-0.0477795
-0.0930255
-0.498456
-0.0911566
-0.0700566
-0.118448
-0.426439
-0.0656731
-0.0937076
-0.140264
-0.347227
-0.0917505
-0.120723
-0.157507
-0.268529
-0.132413
-0.155273
-0.20328
0.0588878
0.000785472
0.000193741
0.000440063
0.00154198
0.00113916
0.00256441
0.00202509
0.00381963
0.00316207
0.00532435
0.00454505
0.0070206
0.00615524
0.0087955
0.00790628
0.0104988
0.00966431
0.0119687
0.0112687
0.0130628
0.0125649
0.0136797
0.0134294
0.0137634
0.0137838
0.0132998
0.0135935
0.0123088
0.0128624
0.0108407
0.0116255
0.0089787
0.00994888
0.00684828
0.00793553
0.00462752
0.00573624
0.00255284
0.00355819
0.00090769
0.00166423
-1.57319e-05
0.000347901
1.97483e-05
-0.000116813
0.00109465
0.000442446
0.00303038
0.00198474
0.00537381
0.00418973
0.00747548
0.00649362
0.00862869
0.00819783
0.00829523
0.00865065
0.0062843
0.00747955
0.00280106
0.00468179
-0.00148759
0.000698317
-0.00566637
-0.0036406
-0.00894586
-0.00745664
-0.0100299
-0.00984427
-0.0085808
-0.00960501
-0.00217274
-0.0060064
0.00284165
0.0105953
0.0160153
0.0711853
0.0682874
0.0736799
0.0607344
0.0691324
0.0441002
0.0523737
0.029035
0.0362518
0.0164767
0.0226087
0.00639876
0.0111266
-0.000910928
0.00242678
-0.0055221
-0.00351207
-0.00768594
-0.00688298
-0.0072738
-0.00777347
-0.00439255
-0.00609823
0.000536105
-0.00212511
0.00685449
0.00357669
0.0138609
0.010321
0.0208389
0.0173929
0.0271291
0.0240969
0.0321616
0.0298175
0.0354691
0.0340332
0.0367136
0.0363543
0.035758
0.0364838
0.0327187
0.0344568
0.0280216
0.0305209
0.0223031
0.0252284
0.0163733
0.0193215
0.010924
0.0135619
0.00642168
0.00855023
0.0030393
0.00460324
0.000718985
0.00176782
-0.00072746
-9.03264e-05
-0.00153096
-0.00118908
-0.00190824
-0.00175695
-0.00203359
-0.00199134
-0.00203103
-0.00204149
-0.00197791
-0.00200728
-0.00191469
-0.00194611
-0.00185802
-0.00188484
-0.00180976
-0.00183213
-0.00175261
-0.00177949
-0.00174881
-0.00176043
-0.00111802
-0.00165853
-0.00171754
0.000353141
0.000331539
7.23218e-05
0.000254891
-0.000617183
-0.000219058
-0.00173026
-0.00112326
-0.00324547
-0.00244326
-0.00503439
-0.00411984
-0.00679118
-0.0059447
-0.00800735
-0.00749885
-0.00819075
-0.00824773
-0.00705348
-0.00779314
-0.00440825
-0.00592806
-0.000228278
-0.00246577
0.00392175
0.00203327
0.00564531
0.00511865
0.00536246
0.00564986
0.00439665
0.0049207
0.00327369
0.00383906
0.002177
0.00271486
0.00109432
0.00164097
-4.43103e-05
0.000520429
-0.000583483
-0.474586
0.00939579
-0.027981
-0.0380344
-0.161249
-8.37139e-06
0.0266397
0.0743242
0.0766125
0.020903
-0.534921
-0.392291
0.0142917
-0.0139138
-0.0611002
9.70232e-05
2.25041e-06
-0.00104576
-0.00157069
-0.171956
0.0121356
0.0179186
0.00349912
-0.548332
-0.283462
0.020177
-0.0384971
0.0546367
-0.087256
-0.0167347
-0.515558
-0.186638
-0.062356
0.0718279
-0.116419
-0.451523
-0.135803
-0.0861737
-0.144903
-0.169112
-0.376875
-0.136975
-0.111171
-0.170664
-0.303347
-0.169356
-0.141072
-0.235257
-0.197919
-0.181067
0.0284716
-4.1103e-05
-0.000201577
0.000513292
0.000189019
0.00126101
0.000861676
0.0022067
0.00170614
0.00337315
0.0027657
0.0047399
0.00403568
0.00625277
0.00548454
0.0078119
0.00703382
0.0092912
0.00856822
0.0105566
0.00995504
0.0114926
0.0110674
0.0120152
0.011804
0.0120786
0.0121004
0.0116717
0.0119283
0.0108132
0.011292
0.00954991
0.0102242
0.00795998
0.00878681
0.00615953
0.00707589
0.00430951
0.00522955
0.00261624
0.00343196
0.0013166
0.00190769
0.000642718
0.000896318
0.000766954
0.000607828
0.00172363
0.00115522
0.00334102
0.00247459
0.00523873
0.00428583
0.00689126
0.00612585
0.0077467
0.00743821
0.00740229
0.00772583
0.00572537
0.0067124
0.00292542
0.004428
-0.000434755
0.00126805
-0.00361045
-0.00208673
-0.00583723
-0.00488736
-0.00604466
-0.00622337
-0.00383201
-0.00530652
0.00241395
-0.00119606
0.00682307
0.0297807
0.0358792
0.0331901
0.0212022
0.0254913
0.0805199
0.078546
0.0820239
0.0625749
0.0709302
0.0469473
0.0547466
0.0327075
0.0394097
0.0204927
0.0263159
0.0108359
0.0153953
0.00363281
0.00694514
-0.00107186
0.00100031
-0.00341496
-0.00250388
-0.00343774
-0.00369123
-0.0012433
-0.00257668
0.00279016
0.000594539
0.00809873
0.00533404
0.0140678
0.0110445
0.020068
0.0170996
0.025511
0.0228841
0.0298855
0.0278459
0.0327758
0.0315186
0.0338844
0.0335469
0.0330902
0.0337013
0.0304929
0.0319817
0.0264176
0.0285979
0.0214398
0.0240027
0.0161608
0.0187972
0.0111841
0.0136103
0.0069274
0.00895883
0.00358351
0.00514878
0.00115264
0.0022698
-0.000487271
0.000252491
-0.00151117
-0.00105861
-0.0020968
-0.00184428
-0.00239601
-0.00227148
-0.00252348
-0.00247403
-0.00255641
-0.00254748
-0.00254098
-0.00255251
-0.00250059
-0.00252309
-0.00244312
-0.00247403
-0.00239829
-0.00241427
-0.00232208
-0.0023362
-0.00220091
-0.00226896
0.000208254
0.000178944
9.45477e-07
0.000140499
-0.000550455
-0.000231553
-0.00144226
-0.000956512
-0.00263551
-0.00200749
-0.00400009
-0.00330881
-0.00528459
-0.00467329
-0.00611592
-0.00578041
-0.00615669
-0.00624626
-0.00525045
-0.00582347
-0.00324851
-0.00439994
9.0334e-05
-0.00173264
0.00370489
0.00202264
0.00532403
0.0048141
0.00511563
0.00535335
0.0042678
0.00473447
0.00322311
0.00375634
0.00215812
0.00268382
0.00111567
0.00164002
2.24911e-05
0.000564445
-0.000508987
0.0375247
0.0289632
-0.476328
-0.000156128
-0.0400737
-0.0511369
-0.000203965
-0.00211
-0.20982
0.0152464
0.0208866
0.0880417
0.0868341
0.0434834
0.0452877
0.0153022
-0.518701
-0.38155
0.00403025
-0.0267658
0.0489523
-0.07825
-0.00522238
-0.512495
-0.281839
0.00934835
-0.0531743
0.0685635
-0.110023
-0.0277728
-0.464329
-0.215582
-0.0786199
-0.144452
-0.205022
-0.393579
-0.199984
-0.10342
-0.177662
-0.189949
-0.322206
-0.220348
-0.129794
-0.258669
-0.248387
-0.162247
-0.20487
-0.000411027
-0.000331927
-0.000485471
-0.000332831
-0.000442842
0.000188539
-0.000108704
0.000914209
0.000530632
0.00180227
0.00133827
0.00287843
0.00232078
0.00411716
0.00348222
0.00546369
0.00478272
0.00682927
0.00615027
0.00810761
0.00748452
0.00918827
0.00867605
0.00997685
0.00961993
0.0104067
0.010235
0.0104426
0.0104703
0.0100781
0.0103053
0.00933283
0.00974696
0.00825129
0.00882706
0.00690593
0.00760366
0.00540242
0.00616508
0.00388353
0.00463542
0.0025265
0.00317558
0.00152703
0.00197484
0.00106749
0.0012267
0.00127045
0.00108988
0.00213938
0.00163428
0.00351397
0.00278414
0.00507489
0.00429603
0.00639726
0.00578929
0.00705099
0.00682184
0.0067348
0.00701393
0.00536671
0.00616602
0.00315084
0.00433318
0.000564363
0.00186558
-0.0017628
-0.000667599
-0.00311457
-0.00259876
-0.00272981
-0.00314802
0.000175028
-0.00167088
0.00611295
0.00276092
0.0102804
0.0383498
0.0410107
0.0314512
0.0349882
0.0900649
0.0891224
0.0910548
0.0906762
0.0908206
0.0642665
0.0725742
0.0492136
0.0566248
0.0355777
0.0421992
0.0239718
0.0295271
0.0146437
0.0190514
0.00758259
0.0108497
0.00282947
0.00494513
0.000299006
0.00131899
-0.000105669
-0.000142297
0.00148802
0.000479059
0.00474201
0.00295202
0.00917074
0.00685321
0.0142332
0.0116619
0.0193749
0.0168263
0.0240718
0.0218018
0.0278654
0.0260945
0.0303841
0.0292869
0.0313654
0.0310598
0.0306996
0.0312185
0.0284627
0.0297478
0.0249231
0.0268186
0.0205292
0.0227954
0.0157962
0.018171
0.011225
0.0134677
0.00719041
0.00913191
0.00389394
0.00545328
0.00137814
0.00254973
-0.000425563
0.000402027
-0.00164324
-0.00109279
-0.00241585
-0.00207223
-0.00287213
-0.00267333
-0.00311562
-0.0030131
-0.00322176
-0.00318094
-0.00324099
-0.00323924
-0.00320401
-0.00322805
-0.00312883
-0.00317087
-0.00303251
-0.00308507
-0.00292522
-0.00296995
-0.0027663
-0.00282788
-0.00199668
-0.00253023
-0.00266779
-0.000293057
6.96487e-06
-0.000107094
0.000104291
8.63696e-05
-5.51541e-05
5.16129e-05
-0.000491833
-0.000238059
-0.00119942
-0.000814974
-0.00212639
-0.00164188
-0.0031437
-0.00263501
-0.00403687
-0.00362204
-0.00452789
-0.00434966
-0.00439851
-0.00454495
-0.0036131
-0.00408356
-0.00210152
-0.00296169
0.000488405
-0.000950045
0.0035137
0.00207961
0.00494311
0.00448614
0.00479033
0.00498095
0.00407543
0.00447518
0.00312786
0.00361997
0.00210589
0.00261534
0.00110444
0.00160426
8.09986e-05
0.000596166
-0.000960801
-0.000441632
-0.00147152
-0.259466
-0.000523379
0.0241239
-0.00075291
0.0267774
-0.000887889
0.0853248
0.0125162
0.0310116
0.0331737
0.0332687
0.038593
0.0401773
0.0268461
-0.462064
-0.012191
0.0414214
-0.055377
-0.0674594
0.00622964
-0.485999
-0.366801
-0.00904913
-0.041494
0.0645533
-0.099953
0.0995047
0.0993234
-0.00188481
-0.00238229
-0.0145592
-0.462599
-0.290591
-0.00656798
-0.0697036
0.0833669
-0.137852
-0.251467
-0.0417573
-0.404472
-0.263525
-0.096408
-0.17845
-0.205217
-0.333411
-0.277809
0.0272609
0.00335387
-0.121323
-0.231088
-0.269586
-0.309151
-0.14794
-0.219869
-0.324074
-0.180514
-0.000893144
-0.000953254
-0.00129781
-0.00119804
-0.000629282
-0.000757381
-0.000163289
-0.000416326
0.000520759
0.000164621
0.00135765
0.000925303
0.00234869
0.00183819
0.00346881
0.00289748
0.00466367
0.00406206
0.00585478
0.00526476
0.00695043
0.00641852
0.00786003
0.00743079
0.00850823
0.00821692
0.00884429
0.00871333
0.00884397
0.00888258
0.00850753
0.00871297
0.00785721
0.00821599
0.00693647
0.00742435
0.00581238
0.00639287
0.00457948
0.00520192
0.00336186
0.00396085
0.00230878
0.00280741
0.00157896
0.00189813
0.00131283
0.00138639
0.00159408
0.00138923
0.00240537
0.00194465
0.00359966
0.00297177
0.00490899
0.00425986
0.00599061
0.00549621
0.00651063
0.00633087
0.0062452
0.00647461
0.00515366
0.00578798
0.00343079
0.00434473
0.00148578
0.00245436
-0.000133545
0.000603595
-0.00079167
-0.000611192
0.000109154
-0.000549622
0.00340301
0.00139822
0.00923659
0.00589177
0.0176982
0.0132142
0.0286426
0.0227535
0.0414888
0.0350238
0.0482037
0.0538628
0.0512272
0.0526905
0.0471813
0.049201
0.0413499
0.0447402
0.0997799
0.0996734
0.100012
0.0999632
0.101172
0.100081
0.101639
0.0816758
0.0956966
0.0892758
0.0651013
0.0729177
0.0508881
0.0579333
0.0380338
0.0443048
0.0269265
0.0322512
0.0179097
0.0221767
0.0110058
0.0142157
0.00623173
0.00837741
0.0035289
0.00465112
0.00278542
0.00294035
0.00385107
0.00312654
0.00642478
0.00498889
0.0100843
0.00815787
0.0143526
0.0121774
0.01874
0.0165604
0.0227804
0.0208245
0.0260632
0.0245286
0.0282549
0.0272984
0.0291214
0.0288474
0.028559
0.0290022
0.0266205
0.0277366
0.0235204
0.0251839
0.0196179
0.0216364
0.0153416
0.0174969
0.0111148
0.013201
0.00727283
0.00913571
0.00401953
0.00557274
0.00142909
0.00264883
-0.000522675
0.000384577
-0.00191824
-0.00127778
-0.00286357
-0.00243586
-0.00346399
-0.00319739
-0.00381092
-0.00366173
-0.0039771
-0.00391116
-0.00401708
-0.00400906
-0.00396988
-0.00400185
-0.00386325
-0.00392252
-0.00371544
-0.00379429
-0.00354031
-0.003631
-0.00334959
-0.00343835
-0.00307917
-0.00319659
-0.000373462
-6.70373e-05
-0.00019473
4.37397e-05
2.18129e-05
-8.77519e-05
2.30176e-07
-0.000437296
-0.000234331
-0.000997651
-0.000694571
-0.0017092
-0.00134092
-0.0024454
-0.00208451
-0.00301937
-0.00276563
-0.00322044
-0.00317858
-0.00292001
-0.00313174
-0.00218406
-0.00259635
-0.00103722
-0.00167283
0.000908941
-0.000187696
0.00333571
0.00216917
0.0045142
0.00413819
0.00440001
0.00454676
0.00382936
0.00415466
0.00299815
0.00343908
0.0020387
0.00252307
0.00107745
0.00155567
0.000117514
0.000600232
-0.000876296
-0.000380577
-0.00137361
0.0328669
0.0176177
-0.436407
-0.0266439
-0.000536061
0.0547132
0.0597266
-0.0731365
-0.0870025
0.0991965
-0.00290536
-0.00127806
-0.442892
-0.354755
-0.0258966
-0.0582132
0.0810472
-0.125958
-0.311961
-0.0263275
0.0391909
-0.406828
-0.314404
-0.0883323
0.0469688
-0.171811
0.0624118
0.0560399
0.0626512
-0.0580718
-0.215278
-0.343843
-0.324795
-0.0254653
0.0110876
-0.115175
-0.284366
-0.249718
-0.277191
-0.36419
-0.138811
-0.224212
-0.395629
-0.162923
-0.18978
0.10034
-0.00159721
-0.00133035
-0.00150165
-0.000985169
-0.00115201
-0.000541341
-0.000774916
9.31246e-05
-0.000240702
0.000879048
0.00047445
0.00179182
0.0013238
0.00280325
0.00228957
0.00386053
0.00333054
0.00489259
0.00438364
0.00582045
0.00537233
0.0065697
0.00621854
0.00708178
0.00685458
0.00732083
0.00723285
0.0072744
0.00732935
0.00695106
0.00714248
0.00637765
0.00669017
0.00559815
0.00600782
0.00467499
0.00514828
0.00369166
0.0041843
0.00275349
0.00321039
0.0019826
0.00234137
0.00150382
0.00170288
0.0014212
0.00141253
0.00178712
0.0015524
0.00256981
0.00213608
0.00363574
0.00308143
0.00476035
0.00420646
0.00566815
0.00525488
0.0061016
0.00595101
0.00589792
0.00607686
0.00504886
0.00554074
0.00373854
0.00442915
0.00232312
0.0030174
0.0012836
0.0017291
0.00117119
0.00108981
0.0025193
0.00164394
0.00597005
0.00397641
0.0116702
0.0085929
0.0198335
0.0155061
0.0304763
0.0248159
0.0429258
0.0366169
0.0493141
0.0610645
0.0619329
0.0588825
0.0600802
0.0562684
0.0576133
0.0516655
0.0547077
0.053764
0.0510575
0.110752
0.11301
0.11177
0.109479
0.110025
0.108739
0.109037
0.109038
0.108807
0.0959172
0.106684
0.108359
0.0815756
0.0891273
0.0658482
0.0735801
0.0522775
0.0589754
0.0400797
0.0460507
0.0294133
0.0345349
0.0206993
0.0248303
0.0139574
0.0171045
0.00918378
0.0113478
0.00633129
0.00754493
0.00528646
0.00561118
0.0058878
0.00541311
0.00786568
0.00674005
0.0108502
0.00926711
0.0144209
0.0125937
0.0181452
0.0162899
0.0216089
0.0199286
0.0244444
0.0231163
0.0263518
0.0255171
0.0271184
0.0268722
0.0266434
0.0270221
0.0249568
0.0259301
0.0222255
0.0236948
0.018736
0.0205469
0.0148423
0.0168135
0.0109038
0.0128589
0.00722112
0.00901943
0.00399691
0.00554907
0.00133035
0.00259779
-0.00076442
0.000219325
-0.00232992
-0.00160382
-0.00343844
-0.00293175
-0.00417195
-0.00384346
-0.00460957
-0.00442051
-0.00482137
-0.00473791
-0.00486654
-0.00486032
-0.00479334
-0.00484148
-0.00463942
-0.00472424
-0.00443406
-0.00454152
-0.00419552
-0.00431891
-0.00393277
-0.00406791
-0.00361465
-0.00376203
-0.00275898
-0.00327653
-0.00344298
-0.000448838
-0.00012634
-0.000260346
-1.34863e-05
-4.04409e-05
-0.000108245
-4.10735e-05
-0.000387924
-0.000225159
-0.000830694
-0.000592732
-0.00136945
-0.00109442
-0.00188094
-0.00163807
-0.00219888
-0.00207479
-0.00215918
-0.00223212
-0.00169979
-0.00197657
-0.000971623
-0.00135353
-9.7425e-05
-0.00055935
0.00129963
0.000502985
0.00313974
0.0022471
0.0040291
0.00375184
0.00394724
0.00404893
0.00353431
0.00377717
0.0028373
0.00321787
0.00195833
0.0024088
0.00104162
0.00149951
0.000130479
0.000585954
-0.000800938
-0.000331491
-0.00176639
-0.00128711
-0.00225296
0.0123915
-0.405944
-0.0438398
-0.000612641
0.0747645
0.0783687
-0.0948255
-0.110657
-0.388528
-0.0105281
-0.398151
-0.351968
-0.0453905
-0.0770455
0.0691661
-0.158069
0.0692074
0.0689587
0.0559273
0.0614073
0.0969844
0.105272
-0.0409754
-0.218858
-0.352124
-0.351748
-0.0199576
-0.044312
-0.108884
-0.352044
-0.00378437
-0.00358718
-0.00410704
0.0989863
-0.00184985
0.114513
-0.0777064
0.0428099
0.04046
0.0542589
-0.261943
-0.288972
-0.396609
-0.134247
-0.307261
-0.229926
-0.448774
-0.153068
-0.189623
-0.468634
-0.169602
-0.00174105
-0.00178008
-0.00141021
-0.00155421
-0.000966685
-0.00118617
-0.000365645
-0.000674911
0.000370397
-7.04607e-06
0.00121221
0.000782424
0.00212587
0.00166377
0.00305929
0.00259351
0.00394701
0.00351156
0.00472027
0.00434938
0.00531816
0.00504091
0.00569683
0.00553284
0.00583446
0.00579214
0.00573101
0.00580808
0.00540489
0.0055903
0.00488971
0.00516511
0.00423193
0.00457271
0.00349081
0.00386582
0.00273954
0.00311055
0.00206496
0.00238711
0.00156278
0.00178773
0.00132589
0.00140844
0.00142552
0.00133381
0.00188755
0.00161528
0.00266948
0.00224667
0.00365038
0.0031463
0.00464239
0.00415709
0.00542561
0.0050699
0.00580371
0.00566947
0.00566299
0.0057947
0.00502043
0.00539233
0.00404996
0.00455729
0.00306649
0.00353741
0.00249229
0.00270561
0.00280439
0.00251951
0.00449161
0.00345982
0.00802779
0.0060337
0.0136749
0.0105907
0.0215888
0.0172954
0.031769
0.0263358
0.0437056
0.0376216
0.050083
0.0680345
0.0688035
0.066598
0.0673294
0.0653234
0.0658892
0.0644033
0.064485
0.0660879
0.0654332
0.121799
0.126433
0.123868
0.118746
0.120176
0.11701
0.117726
0.116127
0.11654
0.114367
0.115221
0.0817815
0.0892697
0.0667303
0.0741374
0.0533843
0.0599301
0.0417079
0.0474151
0.0314726
0.0363948
0.023056
0.0270533
0.0164817
0.0195614
0.0117288
0.0139002
0.00875142
0.0100441
0.00744003
0.00791505
0.00763266
0.00737789
0.00908646
0.00823388
0.0114764
0.0101958
0.0144328
0.012912
0.0175739
0.0160036
0.0205323
0.019093
0.0229789
0.0218296
0.0246426
0.0239114
0.0253273
0.0251026
0.0249313
0.0252524
0.023463
0.0243127
0.0210455
0.0223495
0.0179045
0.0195402
0.01433
0.0161477
0.0106278
0.0124759
0.00706802
0.00881781
0.00385151
0.00541147
0.00109887
0.00241757
-0.00114095
-8.08171e-05
-0.00287285
-0.00206385
-0.00413666
-0.00355586
-0.0049916
-0.0046079
-0.0055052
-0.00528435
-0.00574593
-0.00565384
-0.0057788
-0.00578351
-0.00566271
-0.00573562
-0.00544655
-0.00556453
-0.00517115
-0.00531458
-0.00486109
-0.00501976
-0.00453301
-0.00470083
-0.00417592
-0.00435728
-0.00398668
-0.000501308
-0.000174198
-0.000302116
-6.17164e-05
-9.46727e-05
-0.00012676
-7.62144e-05
-0.000350114
-0.000219608
-0.000699029
-0.000513015
-0.00110022
-0.000899419
-0.00143299
-0.00128399
-0.00154667
-0.00152621
-0.00131166
-0.00147823
-0.000717038
-0.00105071
1.9161e-05
-0.000345931
0.000685061
0.00035879
0.00161975
0.00108101
0.00291234
0.00228274
0.00350794
0.00333268
0.00346128
0.00351537
0.00321263
0.00336977
0.00265735
0.00297363
0.00186813
0.0022797
0.00100379
0.0014386
0.000135451
0.000568493
-0.000739374
-0.000298517
-0.00165354
-0.00119316
-0.00261361
-0.00212553
-0.00311453
0.00637441
-0.379135
-0.0621329
-0.051857
-0.000731616
0.0326081
0.0125818
0.0986268
0.0980603
0.129598
-0.00106065
0.0602466
-0.00144458
0.116138
-0.140871
-0.122192
-0.0916283
-0.00227596
0.056456
0.0674728
0.133288
0.113743
-0.0043184
-0.0218434
0.0216655
-0.213217
-0.356497
-0.360227
-0.0639826
-0.0991187
0.117762
0.0967864
-0.437824
-0.00344281
-0.0039153
-0.0573079
0.0603599
0.039126
-0.265324
-0.305354
-0.398293
-0.0719278
-0.131043
-0.102044
-0.319199
-0.244672
-0.466416
-0.150314
-0.178468
-0.157528
-0.379542
-0.00111336
-0.00132244
0.0805223
0.0834653
-0.194729
-0.520289
-0.159676
0.0470822
-0.0157019
-0.168134
-0.00216461
-0.00215817
-0.00187029
-0.00200052
-0.00142336
-0.0016493
-0.000851307
-0.00114548
-0.000162545
-0.000516948
0.000614854
0.000217841
0.00144172
0.00102436
0.00226519
0.00185566
0.00302341
0.00265339
0.00365538
0.00335473
0.00411105
0.00390308
0.00435921
0.00425707
0.0043912
0.00439669
0.00421963
0.00432423
0.00387425
0.00406144
0.00339754
0.00364491
0.00284085
0.00312194
0.00226239
0.00254743
0.00172657
0.00198276
0.00130271
0.00149503
0.00106093
0.00115468
0.00106331
0.00102908
0.00135025
0.00117126
0.00192362
0.0016043
0.00273165
0.00230456
0.00366417
0.00319075
0.00456445
0.00412702
0.00525887
0.00494389
0.00560099
0.00547582
0.00551724
0.00560802
0.00504459
0.00531855
0.00434818
0.00470827
0.00371006
0.00400309
0.0035016
0.00353388
0.00413925
0.00369961
0.0060609
0.00492824
0.00965292
0.00765008
0.0151775
0.012186
0.0228149
0.0187374
0.0326264
0.0274745
0.0440016
0.0383046
0.0501254
0.0757834
0.075018
0.0757888
0.0749068
0.0754104
0.0741778
0.0744554
0.0741364
0.0740628
0.075542
0.0744931
0.0792554
0.0771881
0.0811878
0.138981
0.148974
0.143531
0.13222
0.135229
0.127642
0.129722
0.124832
0.126034
0.123156
0.123902
0.121825
0.122428
0.112983
0.12095
0.121395
0.0968092
0.104964
0.0813635
0.0888896
0.0670213
0.0741075
0.0541164
0.0604589
0.0429039
0.0483674
0.0331203
0.0378326
0.02501
0.0288697
0.0186153
0.0216207
0.0139036
0.0160714
0.0108266
0.0121855
0.00928164
0.00988917
0.00911378
0.00905336
0.0101044
0.00949336
0.0119687
0.0109556
0.0143828
0.0131322
0.0170114
0.015691
0.019529
0.018299
0.021641
0.0206444
0.0231008
0.0224546
0.0237241
0.0235126
0.0234054
0.0236717
0.0221309
0.0228711
0.019984
0.0211456
0.0171373
0.0186251
0.013826
0.0155173
0.01031
0.0120743
0.00683458
0.00855293
0.00359966
0.00517818
0.000746381
0.00212138
-0.00164323
-0.000506466
-0.00353806
-0.0026499
-0.00494711
-0.00429906
-0.00590857
-0.00547873
-0.00648008
-0.00623779
-0.00673027
-0.00664029
-0.00673191
-0.00675765
-0.0065558
-0.00666242
-0.00626435
-0.00642203
-0.00590606
-0.00609212
-0.00552055
-0.00571557
-0.00513229
-0.00532821
-0.00474074
-0.00493899
-0.00453606
-0.000566372
-0.000839976
-0.000218701
-0.000355533
-0.000102117
-0.000137771
-0.000145199
-0.000107584
-0.000322938
-0.000218687
-0.000595912
-0.000451775
-0.000887828
-0.000745717
-0.00108108
-0.00100507
-0.00103634
-0.00109631
-0.000646586
-0.000888037
6.21313e-05
-0.000320834
0.000813546
0.000457985
0.00131157
0.00109648
0.00184548
0.00153411
0.00262658
0.00224743
0.0029401
0.00286116
0.0029422
0.00294179
0.00286488
0.00293335
0.00245545
0.00270517
0.00176162
0.00213092
0.000958981
0.00136583
0.000136815
0.000547658
-0.000688021
-0.000273999
-0.00154576
-0.00111095
-0.00246137
-0.00199708
-0.00294566
-0.000567725
-0.198165
-0.3597
-0.083326
0.155007
0.137272
0.0912017
0.0945125
-0.521878
-0.00487289
-0.0043824
-0.0341216
0.0162372
-0.26121
-0.325084
-0.378104
-0.0893574
-0.124316
0.112254
0.120463
-0.078469
0.0674568
0.0367754
-0.321796
-0.270463
-0.446456
-0.107591
-0.15217
-0.226805
-0.2024
-0.133553
-0.468135
-0.00152262
-0.0015056
0.0966728
-0.00195775
0.0867136
0.108284
-0.00196063
0.114658
0.113977
0.0762361
-0.392416
-0.213411
-0.526091
-0.160463
0.162949
0.170978
0.082618
0.0744249
0.0825877
0.0852299
0.0286968
-0.0567954
-0.173113
-0.570146
-0.160674
0.13851
0.142049
0.11933
-0.00282577
-0.00274835
-0.00284826
-0.00261459
-0.00268693
-0.00233539
-0.00249658
-0.00190287
-0.00213779
-0.00135697
-0.00164386
-0.000711721
-0.00104813
7.9111e-06
-0.000362696
0.000758825
0.000377562
0.0014868
0.00112317
0.00213165
0.00181585
0.00263761
0.00239646
0.00296273
0.00281509
0.0030861
0.00303967
0.00301077
0.00306128
0.00276175
0.00289441
0.00238103
0.00257332
0.00192185
0.00214634
0.00144296
0.00167022
0.00100432
0.00120479
0.000664079
0.000809434
0.000476118
0.000540467
0.000486475
0.000448284
0.000727569
0.000572781
0.00120988
0.000936351
0.00191196
0.00153445
0.00277223
0.00232612
0.00368869
0.00322891
0.00453056
0.00412444
0.00516269
0.00487636
0.00547989
0.00536042
0.00544205
0.00550034
0.00510255
0.00530021
0.00461976
0.00486592
0.00424866
0.00440572
0.00431731
0.00421479
0.00519255
0.00464356
0.00725925
0.00607105
0.0108519
0.00886681
0.0162276
0.0133248
0.0235944
0.01967
0.0330982
0.0280989
0.0445233
0.0387341
0.0574552
0.0505946
0.0657683
0.0823068
0.0826768
0.0815772
0.081882
0.0814435
0.0813842
0.082579
0.0818342
0.0858076
0.0838445
0.0912647
0.0882951
0.0990824
0.0945143
0.116996
0.106215
0.127358
0.150374
0.15605
0.141836
0.145649
0.13595
0.138526
0.132185
0.133838
0.129999
0.130941
0.129042
0.129297
0.128695
0.128898
0.0958885
0.104072
0.0807196
0.0880967
0.0670023
0.0737486
0.0545224
0.0606274
0.0437599
0.0489972
0.034421
0.0389287
0.0266149
0.0303388
0.020404
0.0233345
0.0157478
0.0179071
0.0125927
0.0140096
0.0108435
0.0115708
0.0103559
0.0104707
0.0109346
0.0105402
0.0123321
0.0115569
0.0142672
0.0132543
0.0164466
0.0153429
0.0185831
0.0175307
0.0204124
0.0195403
0.0217075
0.0211247
0.0222921
0.0220806
0.0220534
0.0222621
0.0209546
0.0215931
0.0190422
0.0200779
0.016442
0.0178038
0.0133417
0.0149301
0.00996372
0.0116651
0.0065335
0.00823608
0.00325353
0.00485959
0.00028599
0.00171939
-0.00225496
-0.00104573
-0.00430426
-0.00334616
-0.00584276
-0.0051402
-0.00689067
-0.00642917
-0.00749866
-0.00724963
-0.00773756
-0.00766349
-0.0076894
-0.00774817
-0.00743892
-0.00758834
-0.00706043
-0.00726588
-0.00661314
-0.00684485
-0.00615398
-0.00638466
-0.00571092
-0.00593077
-0.00529035
-0.00549459
-0.00505115
-0.00241867
-0.00142725
-0.00192676
-0.000983333
-0.00118389
-0.000567844
-0.000787728
-0.000253773
-0.000379624
-0.000135533
-0.000174785
-0.000163407
-0.000134545
-0.00030741
-0.000222932
-0.000521842
-0.000410079
-0.000728964
-0.000632476
-0.00081314
-0.000794349
-0.00064335
-0.000766899
-0.00013189
-0.000431861
0.000661673
0.000243354
0.0014124
0.00107195
0.00175883
0.00164136
0.00194639
0.00183131
0.00227995
0.00212005
0.00236075
0.00235577
0.00243268
0.00237165
0.00252118
0.00250572
0.00224874
0.00243599
0.00164704
0.00197462
0.000910917
0.00128669
0.000141561
0.0005273
-0.000633789
-0.000245163
-0.00143522
-0.00102892
-0.00229106
-0.00185741
-0.00323832
-0.00275344
-0.00420269
-0.00370702
-0.00882294
-0.247309
-0.350367
-0.110067
0.162553
0.142144
0.128578
-0.0506783
0.00817877
-0.317262
-0.304654
-0.401143
-0.125287
-0.152171
-0.173819
-0.549793
0.131858
0.161227
0.170075
-0.106106
0.0373658
-0.392309
-0.249432
-0.48929
-0.169997
0.17505
0.184366
0.180713
0.0899255
0.0905717
0.073528
0.0824431
-0.0039575
-0.00477474
-0.00448168
0.0921823
0.0758767
0.000183967
-0.479452
-0.193996
-0.56679
-0.16783
-0.00224324
-0.00274207
-0.166578
-0.286856
0.120861
-0.262177
0.122869
-0.00333489
-0.00329978
-0.00330675
-0.00311551
-0.00318101
-0.00281169
-0.00297127
-0.00239875
-0.00261385
-0.00186523
-0.00214352
-0.00125759
-0.00158661
-0.000589498
-0.000949028
9.66047e-05
-0.000268959
0.000744204
0.000401826
0.00129394
0.0010041
0.00169268
0.00148027
0.00190363
0.00178442
0.00191315
0.00189082
0.00173379
0.00179917
0.00140179
0.00153472
0.00097133
0.00114384
0.000507579
0.000687539
7.90702e-05
0.000234015
-0.000249278
-0.000148994
-0.000421855
-0.00040058
-0.000396632
-0.000471713
-0.000148634
-0.000329058
0.000326911
4.17388e-05
0.0010114
0.000633178
0.0018596
0.00141267
0.00279811
0.00232027
0.00372931
0.00326951
0.00454251
0.00415488
0.00513376
0.00486702
0.0054322
0.00531633
0.0054261
0.00545969
0.005183
0.00532379
0.00485676
0.00501964
0.00468014
0.00474156
0.00494487
0.00475408
0.00597569
0.0053666
0.00810785
0.00691174
0.0116383
0.00970965
0.0168117
0.0140291
0.0238439
0.020096
0.0329329
0.0281226
0.0440372
0.0382843
0.0575268
0.0504255
0.0652726
0.0886891
0.0893411
0.0878921
0.0881403
0.0883415
0.0879447
0.0905272
0.0891886
0.0951335
0.092511
0.102692
0.0985344
0.114335
0.107764
0.134079
0.123226
0.146346
0.160592
0.167152
0.15049
0.155102
0.143519
0.146653
0.139047
0.141024
0.136508
0.137574
0.135691
0.135895
0.136002
0.135757
0.128476
0.137066
0.136472
0.11116
0.119821
0.0946917
0.102755
0.0798225
0.0869913
0.0665661
0.0730075
0.0546062
0.0604297
0.0442618
0.0492777
0.0353608
0.0396621
0.0278757
0.0314692
0.0218603
0.024729
0.0172757
0.0194402
0.0140649
0.0155514
0.0121406
0.0129941
0.0113722
0.0116595
0.0115871
0.0113967
0.012573
0.0120131
0.0140891
0.0132816
0.0158807
0.0149538
0.0176947
0.0167753
0.0192924
0.0184995
0.0204618
0.0199004
0.0210296
0.020784
0.020873
0.0210011
0.0199318
0.0204582
0.0182179
0.0191295
0.0158165
0.0170632
0.0128762
0.0143768
0.00958971
0.0112424
0.00616981
0.00786532
0.00282511
0.00445872
-0.000260392
0.0012215
-0.00294251
-0.00168002
-0.00512621
-0.00412454
-0.00676888
-0.00604251
-0.00787701
-0.00741606
-0.00849794
-0.00827317
-0.00870672
-0.00867679
-0.0085949
-0.00871143
-0.00826204
-0.00847438
-0.00779125
-0.00806056
-0.00725758
-0.00754509
-0.00672863
-0.00700499
-0.00624043
-0.00648965
-0.00578942
-0.0060202
-0.00528567
-0.00559348
-0.00498805
-0.00135617
-0.00179888
-0.000859844
-0.00108262
-0.000519036
-0.00068334
-0.000269976
-0.000375381
-0.000160686
-0.000198365
-0.000179812
-0.000156694
-0.000298125
-0.000228963
-0.000466603
-0.000380232
-0.000608428
-0.000546795
-0.00061188
-0.000634985
-0.000352517
-0.000521509
0.000247566
-9.56654e-05
0.00110749
0.00066085
0.00185638
0.00152964
0.00206676
0.00203652
0.00194183
0.00200525
0.00187082
0.00190913
0.00176087
0.00181018
0.00192177
0.00179366
0.00217133
0.00207486
0.00202858
0.00215634
0.00151547
0.00180129
0.000851529
0.00119286
0.000143224
0.000499548
-0.000576453
-0.000215521
-0.00131645
-0.000942297
-0.00210017
-0.00170181
-0.00297674
-0.00252428
-0.00345364
-0.021359
-0.306068
-0.349351
-0.143552
-0.338072
-0.301612
-0.22883
-0.592961
-0.148755
0.184918
0.150573
-0.073767
-0.00172152
-0.385124
-0.359985
-0.293816
-0.42398
-0.170236
-0.180528
-0.141324
0.185469
0.195625
0.195615
0.0912587
0.0731723
0.0824596
0.21589
0.21731
0.243996
0.128307
0.137723
-0.00361557
-0.00414096
-0.00531778
-0.00497338
0.0409081
0.124799
0.127893
0.0627268
-0.473505
-0.412137
-0.229001
-0.519982
-0.185934
-0.00336675
-0.00323669
-0.0020523
-0.00250902
-0.173438
-0.191079
-0.583554
-0.556048
-0.0403556
0.103796
0.147437
0.171671
-0.00377669
-0.00350145
-0.00378862
-0.00374788
-0.00357903
-0.00365518
-0.00324876
-0.00340768
-0.00284669
-0.0030599
-0.00236231
-0.00262367
-0.00179316
-0.00208438
-0.00117689
-0.00148988
-0.000550904
-0.00086062
2.49484e-05
-0.000253219
0.000491911
0.000275048
0.000797236
0.000666226
0.000906937
0.000876104
0.000812102
0.000882612
0.000532478
0.000691043
0.000113988
0.000334923
-0.000377591
-0.000129047
-0.000864553
-0.000628027
-0.00126674
-0.00108185
-0.00151138
-0.00141297
-0.00154166
-0.00155563
-0.00132345
-0.00146377
-0.000849419
-0.00111632
-0.000140261
-0.00052011
0.000756785
0.000290573
0.00177126
0.00125629
0.00281492
0.00229686
0.00378981
0.00331795
0.00459958
0.00422077
0.00516607
0.0049159
0.00544837
0.00534158
0.0054604
0.0054825
0.00528344
0.00538521
0.00506905
0.00516652
0.00503158
0.00501083
0.00543123
0.00515792
0.00655412
0.00588307
0.00869014
0.00747785
0.0121034
0.010222
0.0170253
0.0143624
0.0236721
0.0201199
0.0322689
0.0277113
0.0430573
0.0373751
0.0566657
0.0494564
0.0645556
0.0946833
0.0967636
0.0956094
0.0938182
0.0940603
0.0947188
0.0940449
0.0978106
0.0959719
0.103739
0.100402
0.113014
0.107943
0.127492
0.119435
0.14841
0.137208
0.177032
0.161445
0.195697
0.169599
0.176863
0.158233
0.163457
0.150358
0.153925
0.14529
0.147527
0.142548
0.143667
0.141866
0.141975
0.142906
0.14219
0.145316
0.144008
0.109863
0.118948
0.0931594
0.10119
0.0785163
0.0855874
0.0656482
0.0718897
0.0542633
0.0598018
0.0443981
0.0491518
0.0359496
0.0400079
0.0288207
0.0322267
0.0230244
0.0257678
0.0185314
0.0206319
0.0152859
0.0167714
0.0132104
0.014122
0.0121919
0.0125892
0.0120818
0.0120423
0.0127006
0.0123162
0.0138468
0.0132202
0.0153022
0.014544
0.0168437
0.0160658
0.0182535
0.0175643
0.0193297
0.0188287
0.0198977
0.0196692
0.0198221
0.0199296
0.0190187
0.0194982
0.0174678
0.0183214
0.0152203
0.0164142
0.0123936
0.0138613
0.00915962
0.010809
0.00572528
0.00744908
0.00230889
0.00399724
-0.000884241
0.000668354
-0.00368369
-0.00234702
-0.00597019
-0.00490214
-0.00768383
-0.00690678
-0.0088223
-0.0083304
-0.0094322
-0.00919643
-0.00959488
-0.00957093
-0.00941073
-0.00954568
-0.00899062
-0.00923109
-0.00842998
-0.0087266
-0.00782038
-0.00813062
-0.00722969
-0.00752044
-0.00670997
-0.00695499
-0.00625719
-0.00646548
-0.00579976
-0.00604399
-0.00552685
-0.00128188
-0.00166325
-0.000785816
-0.00101485
-0.000462887
-0.000607403
-0.000263913
-0.000348348
-0.000173446
-0.000204594
-0.000191963
-0.000170678
-0.000293861
-0.000234832
-0.000430133
-0.000361646
-0.000524893
-0.000488545
-0.000468119
-0.000522836
-0.000139193
-0.000343745
0.000528315
0.000153034
0.0014241
0.00096623
0.00213159
0.00183861
0.0021865
0.00224807
0.00178466
0.00200019
0.00140233
0.00158573
0.00119415
0.0012562
0.00146887
0.00127025
0.00185775
0.00169376
0.00182266
0.00190135
0.00137941
0.00162726
0.000789725
0.00109515
0.000147581
0.000471575
-0.000508977
-0.00017946
-0.00118091
-0.000841878
-0.00188495
-0.00152733
-0.00267168
-0.00226047
-0.0031289
-0.0382992
-0.375327
-0.353401
-0.18218
-0.255045
-0.188672
0.20762
0.0981645
0.0920135
0.252419
0.277676
0.146778
-0.00474788
-0.102653
-0.00971566
0.132975
-0.456866
-0.426231
-0.288737
-0.441065
-0.20802
-0.221698
-0.206651
-0.00393078
-0.00373784
-0.00296541
-0.00184269
-0.00222044
-0.192623
-0.231911
-0.534355
-0.544229
0.0459556
0.0469825
0.19238
0.15422
0.20887
0.183195
0.221576
0.206483
0.162141
0.173315
0.224801
0.19645
0.213609
0.23805
0.223338
0.243907
0.237232
0.268409
0.244007
0.257524
0.0997762
0.266647
0.101463
0.279947
0.292441
0.305548
0.177242
0.335451
0.324362
0.302226
-0.591199
0.107703
0.11037
0.120093
0.212958
0.31705
0.298765
-0.201298
0.505491
0.553559
0.509871
0.558201
-0.00423339
-0.00407445
-0.00419701
-0.00417644
-0.00395526
-0.00405829
-0.00362281
-0.00378258
-0.00323425
-0.00343032
-0.0027752
-0.00301121
-0.00225015
-0.00251766
-0.00168297
-0.00197567
-0.00111355
-0.00139403
-0.000599414
-0.000846112
-0.000200428
-0.000382116
3.00731e-05
-6.21487e-05
5.95359e-05
7.01777e-05
-0.000119025
-5.38822e-06
-0.000481656
-0.000280997
-0.00097569
-0.000717454
-0.00152662
-0.00125032
-0.00204627
-0.00179705
-0.00244361
-0.00226654
-0.00263704
-0.00257102
-0.0025657
-0.00263797
-0.00219843
-0.00242049
-0.00153939
-0.00190462
-0.000628472
-0.00111264
0.000463236
-0.000100887
0.0016421
0.00104687
0.0028034
0.00223001
0.00384366
0.00334293
0.004674
0.00428768
0.0052345
0.00498811
0.00550748
0.00540388
0.00552804
0.00554263
0.00538995
0.00546844
0.00524448
0.00530448
0.00529188
0.00522801
0.00576663
0.00545848
0.00692111
0.00624141
0.00900666
0.00783126
0.0122583
0.0104722
0.0168946
0.0143899
0.0231404
0.0198016
0.0312535
0.026946
0.0416336
0.0361198
0.0550809
0.0479118
0.0722715
0.0632296
0.0926228
0.082144
0.103138
0.105247
0.100203
0.101458
0.0992428
0.0994861
0.100514
0.0996038
0.104359
0.102104
0.111341
0.107456
0.122233
0.116264
0.138301
0.129583
0.160778
0.148736
0.191546
0.174867
0.233911
0.211344
0.291185
0.260131
0.362312
0.366974
0.326814
0.340121
0.41237
0.405386
0.371592
0.288288
0.312817
0.247943
0.266802
0.217103
0.231392
0.194218
0.204804
0.177299
0.18514
0.165001
0.170673
0.156402
0.160303
0.150893
0.153317
0.148027
0.149171
0.147557
0.147538
0.149333
0.148168
0.152951
0.150937
0.127761
0.14846
0.138196
0.108117
0.117639
0.0911498
0.0993058
0.0766313
0.0836213
0.064199
0.0702089
0.0534393
0.0586363
0.0441518
0.0486275
0.036179
0.040011
0.0294227
0.0326513
0.0238653
0.0264936
0.0194822
0.021528
0.0162236
0.0177138
0.0140243
0.0149946
0.012792
0.0132925
0.012405
0.0125004
0.0127138
0.0124818
0.0135523
0.0130779
0.0147348
0.0141132
0.0160626
0.0153941
0.0173327
0.0167186
0.0183476
0.0178852
0.0189275
0.0187034
0.0189223
0.0190072
0.018226
0.0186666
0.0167934
0.0176039
0.0146498
0.0158085
0.011892
0.0133417
0.00868074
0.0103341
0.00522305
0.00697206
0.00174806
0.00347709
-0.00152148
7.86848e-05
-0.00439622
-0.00301404
-0.00674104
-0.0056368
-0.00848588
-0.00768641
-0.00962471
-0.00912561
-0.0102056
-0.00997713
-0.010315
-0.0103095
-0.0100612
-0.0102218
-0.00956422
-0.009834
-0.0089309
-0.00925597
-0.00825647
-0.00859164
-0.00761816
-0.00792625
-0.00707166
-0.00732872
-0.00663746
-0.00684021
-0.00628617
-0.00645661
-0.00588598
-0.00604039
-0.00537554
-0.00552116
-0.00120083
-0.00151834
-0.000742823
-0.000957333
-0.000432506
-0.00056846
-0.000257026
-0.00032964
-0.000183324
-0.000207867
-0.000203264
-0.000182948
-0.000291729
-0.000241215
-0.00040202
-0.000347938
-0.000462112
-0.00044403
-0.000367756
-0.000441539
-3.66229e-06
-0.000225902
0.000694633
0.000304007
0.00160701
0.00114397
0.00228269
0.00201431
0.0022142
0.00234841
0.0015769
0.00192521
0.000930122
0.00123808
0.000657626
0.000721504
0.00104129
0.000777519
0.00154766
0.00132407
0.00161738
0.00164449
0.00121916
0.0014232
0.000714011
0.000979822
0.000144765
0.000433227
-0.000441106
-0.000146748
-0.00103891
-0.000737406
-0.00166046
-0.0013453
-0.00234198
-0.00198689
-0.00318336
-0.00274039
-0.0041917
-0.00367143
-0.0578797
0.494761
0.43961
0.469995
0.188698
0.409483
0.485382
0.450902
-0.437682
-0.359557
-0.220817
-0.00341236
-0.00463278
-0.00259931
-0.10442
0.155331
0.103314
-0.27644
-0.274796
-0.220053
-0.29135
-0.450198
-0.521144
0.41722
0.523783
0.267249
0.137321
0.535052
0.456564
-0.141518
-0.0178268
-0.350858
-0.312821
-0.480637
-0.481892
-0.572682
0.11349
0.158101
0.0509406
0.14965
0.356544
0.261349
0.347581
0.413814
0.0214148
-0.241484
-0.226683
-0.00298435
-0.577977
-0.0036112
-0.347471
-0.00437362
0.62103
0.615772
-0.250457
-0.366097
-0.495142
0.472128
0.209737
0.498888
-0.0820903
-0.341687
-0.531783
-0.00314515
-0.00271631
-0.00233018
-0.00199512
-0.00169841
-0.00141793
-0.00114665
-0.000881338
-0.00062081
-0.000363694
-0.000107847
0.000145799
0.000397001
0.000639284
0.000865674
0.00105224
0.00117302
0.00148822
0.0014275
0.00129024
0.00103196
0.000712789
0.000399526
0.000218542
0.000236615
0.000436886
0.000790004
0.00120692
0.00165336
0.00203644
0.00226272
0.00227682
0.0020641
0.00169396
0.001246
0.000798331
0.000401226
8.39078e-05
-0.000149615
-0.000301981
-0.000387142
-0.000418072
-0.000410865
-0.00037843
-0.000333387
-0.000284323
-0.000239344
-0.000204129
-0.000183837
-0.000181221
-0.000200052
-0.000241374
-0.000306205
-0.000399153
-0.000522254
-0.000678085
-0.000865846
-0.00107226
-0.00132644
-0.00157736
-0.00187208
-0.00216936
-0.00246402
-0.258134
-0.194889
0.0112897
0.405197
0.320679
0.194555
0.0638731
-0.00476551
-0.00541748
-0.00591793
-0.00617508
-0.00641405
-0.0065371
-0.00669516
-0.00679406
-0.00694418
-0.00711872
-0.00733909
-0.00759476
-0.00788616
-0.0082078
-0.00854977
-0.00890833
-0.00926691
-0.00962226
-0.00995326
-0.0102568
-0.0105071
-0.010703
-0.0108199
-0.0108407
-0.0107534
-0.0105508
-0.0102073
-0.00972949
-0.00909035
-0.00830402
-0.00734987
-0.00625065
-0.004993
-0.0036093
-0.00209393
-0.000488857
0.00120491
0.00293769
0.00470444
0.00645094
0.00817171
0.00981195
0.0113697
0.0127936
0.0140886
0.0152098
0.0161716
0.0169374
0.0175321
0.0179279
0.0181598
0.0182084
0.018117
0.0178733
0.0175262
0.017068
0.0165507
0.0159697
0.0153782
0.0147733
0.0142067
0.0136766
0.013231
0.0128686
0.0126325
0.0125205
0.0125701
0.0127799
0.0131833
0.0137786
0.0145924
0.0156228
0.0168908
0.0183935
0.0201475
0.0221486
0.0244116
0.0269306
0.0297204
0.0327689
0.0360935
0.0396806
0.043563
0.0477286
0.0522292
0.0570529
0.0622851
0.0679283
0.0741203
0.0808651
0.0883389
0.096527
0.105606
0.115564
0.126441
0.13813
0.149878
0.161091
0.171358
0.167119
0.163284
0.159984
0.15728
0.155135
0.153576
0.152684
0.152464
0.152896
0.154019
0.155839
0.158396
0.161718
0.165869
0.170905
0.176912
0.183964
0.192182
0.20165
0.212533
0.225025
0.239312
0.255441
0.273524
0.293632
0.316533
0.341684
0.368574
0.396718
0.424125
0.447847
0.465021
0.473759
0.469809
0.454366
0.428557
0.396042
0.361729
0.328283
0.297374
0.26956
0.245018
0.222797
0.202662
0.185558
0.170928
0.158353
0.14737
0.137917
0.129963
0.123379
0.117936
0.113532
0.110042
0.107421
0.105593
0.10451
0.104094
0.104351
0.105232
0.10674
0.10887
0.111606
0.114709
0.118441
0.122764
0.127762
0.11742
0.105465
0.0930998
0.0813523
0.0706476
0.0612094
0.0529863
0.0458746
0.0397248
0.0343896
0.0297582
0.0257106
0.0221763
0.019082
0.0164023
0.0140823
0.01211
0.0104429
0.00907374
0.00795956
0.00709317
0.00642958
0.00596193
0.00564185
0.00546311
0.00537516
0.00537439
0.0054101
0.00548287
0.00554388
0.00559944
0.00560457
0.00557247
0.0054634
0.0052981
0.00504273
0.00472555
0.00431849
0.00385677
0.00331732
0.00274125
0.00210909
0.00146637
0.0007952
0.000143743
-0.000506405
-0.00110663
-0.00167777
-0.00217305
-0.00261714
-0.00296748
-0.00325311
-0.0034377
-0.00355435
-0.00357364
-0.00353222
-0.00340675
-0.00323651
-0.00300283
-0.00274623
-0.00245102
-0.00215745
-0.00185093
-0.00156955
-0.00129805
-0.00107133
-0.000872166
-0.000731797
-0.000629732
-0.000593368
-0.000597171
-0.000664024
-0.000767091
-0.000924169
-0.00110852
-0.00133164
-0.00156819
-0.0018248
-0.00208101
-0.00233827
-0.00259858
-0.0028489
-0.00308454
-0.00330632
-0.00351734
-0.00370808
-0.00389966
-0.00406132
-0.00423954
-0.00437353
-0.00453192
-0.00456852
-0.00463149
-0.00462389
-0.00450529
-0.00429567
-0.00393084
-0.00341319
-0.00272547
-0.00284496
-0.558644
-0.258019
-0.322116
-0.451398
-0.299272
-0.492851
-0.498154
-0.543144
0.571344
0.424901
0.139974
0.312131
0.470684
0.585131
-0.0320728
-0.198148
-0.119584
0.527825
0.242092
0.499328
-0.513554
-0.368505
-0.293115
-0.569952
-0.313804
-0.517294
-0.00253902
-0.00219409
-0.00190468
-0.00164638
-0.00140672
-0.00117525
-0.000950042
-0.000729315
-0.000512658
-0.000298008
-8.44402e-05
0.000127984
0.000337961
0.000540955
0.00073116
0.000897276
0.00103359
0.00116269
0.00114513
0.00101942
0.00074195
0.000427417
0.000110671
-9.13202e-05
-9.82063e-05
0.000100042
0.000468805
0.000925069
0.00140772
0.00182395
0.00208617
0.00213479
0.00195907
0.0016222
0.00120427
0.000782217
0.000408513
0.000109213
-0.000111265
-0.00025776
-0.000342362
-0.000377766
-0.000377795
-0.000354468
-0.00031849
-0.000278023
-0.000239967
-0.000209489
-0.000191217
-0.00018795
-0.000203115
-0.000238158
-0.000294364
-0.00037408
-0.000477865
-0.000607065
-0.000759156
-0.000925434
-0.00112597
-0.00131413
-0.00152288
-0.00173268
-0.00191497
-0.00202625
-0.00297433
0.110284
0.265189
0.181062
0.175612
0.170683
0.166444
0.162936
0.160207
0.158279
0.157109
0.15671
0.157064
0.158191
0.160087
0.162765
0.166272
0.170648
0.175955
0.182251
0.18962
0.198137
0.207899
0.219013
0.231619
0.245782
0.26148
0.278848
0.298137
0.319095
0.341707
0.364992
0.388594
0.411264
0.43027
0.442702
0.447135
0.443263
0.430935
0.411078
0.385591
0.357204
0.328116
0.300328
0.274736
0.251369
0.230098
0.21086
0.193778
0.17883
0.165801
0.154467
0.144654
0.136269
0.129209
0.123342
0.118578
0.11479
0.111909
0.109886
0.108702
0.108247
0.108551
0.109583
0.111347
0.113845
0.117067
0.120795
0.125441
0.130681
0.136685
0.143524
0.135719
0.12276
0.108186
0.0937142
0.0804132
0.0687082
0.0587573
0.0503374
0.0432359
0.0372036
0.0321079
0.0277738
0.0240615
0.0208578
0.018046
0.0156416
0.0135194
0.0117408
0.0101985
0.00895719
0.00790764
0.00711724
0.00647294
0.00604507
0.00571453
0.0055546
0.00544032
0.00544972
0.00545342
0.00553596
0.00556519
0.00563389
0.00560894
0.00559293
0.00545333
0.00530357
0.00501299
0.00470613
0.00425489
0.00379443
0.00319928
0.00261387
0.00191473
0.00125337
0.000507059
-0.000168504
-0.000896849
-0.00152139
-0.00216808
-0.00268277
-0.00319521
-0.00355598
-0.00390012
-0.0040838
-0.00424783
-0.00425447
-0.00424933
-0.00410034
-0.00395656
-0.00369016
-0.00345221
-0.00311712
-0.0028367
-0.00248542
-0.00221369
-0.00189448
-0.00167476
-0.00142621
-0.00129066
-0.00113886
-0.00110488
-0.00105893
-0.00112579
-0.00117694
-0.00133366
-0.00146359
-0.00168694
-0.00186875
-0.00213021
-0.00233594
-0.00260929
-0.00281297
-0.00307155
-0.00326488
-0.0034967
-0.00367628
-0.0038782
-0.00406265
-0.00423069
-0.0044184
-0.00459324
-0.0047722
-0.00490309
-0.00496662
-0.00509842
-0.00501903
-0.00499977
-0.00451941
-0.00402186
-0.00296372
-0.00218414
-0.00229785
-0.0593888
-0.29368
0.477963
0.646384
0.149318
0.376851
0.619836
0.400264
-0.482211
-0.529331
-0.446831
-0.311475
-0.00543876
-0.00635465
-0.00668059
-0.00682602
-0.00691394
-0.00694837
-0.00699544
-0.00705574
-0.00715855
-0.007314
-0.00750413
-0.00775995
-0.00803331
-0.00836804
-0.00870044
-0.00908045
-0.00943539
-0.00981783
-0.010149
-0.010483
-0.0107362
-0.0109627
-0.0110702
-0.0111338
-0.0110558
-0.0108824
-0.0105436
-0.010094
-0.00945738
-0.00870049
-0.00774763
-0.00667687
-0.0054192
-0.00406255
-0.00254597
-0.000966586
0.00072921
0.00243728
0.00420619
0.00592835
0.00765048
0.00926596
0.0108234
0.0122214
0.0135137
0.0146081
0.0155652
0.0163042
0.0168936
0.0172647
0.0174935
0.0175228
0.0174341
0.0171806
0.0168477
0.0163929
0.0159056
0.0153454
0.0148027
0.0142378
0.0137399
0.0132681
0.0129091
0.0126193
0.0124815
0.0124492
0.0126011
0.0128882
0.0133872
0.0140437
0.0149324
0.0159949
0.0173036
0.0187976
0.0205459
0.0224875
0.0246876
0.0270875
0.0297462
0.0326086
0.0357275
0.0390589
0.0426546
0.0464891
0.0506157
0.0550376
0.0598234
0.0650332
0.0707763
0.0771889
0.0844082
0.0925707
0.101794
0.112164
0.123922
0.13692
0.15067
0.164286
0.176911
0.188117
-0.280261
0.776467
0.15286
-0.302477
-0.00449789
-0.00595283
-0.00736634
-0.00736577
-0.00743009
-0.00733807
-0.00726245
-0.00722807
-0.00724013
-0.00729454
-0.00742561
-0.00758883
-0.00783173
-0.00809065
-0.00842001
-0.00874594
-0.00912562
-0.00947965
-0.00986523
-0.0101996
-0.0105389
-0.0107986
-0.011033
-0.0111575
-0.0112302
-0.0111566
-0.0109966
-0.0106667
-0.0102341
-0.00961257
-0.00887801
-0.0079479
-0.00690285
-0.00567313
-0.00434541
-0.00285985
-0.00131148
0.000352367
0.0020292
0.00376773
0.00546067
0.00715651
0.00874683
0.010284
0.0116622
0.0129413
0.0140214
0.0149726
0.0157025
0.0162928
0.0166594
0.0168954
0.0169238
0.0168486
0.0165976
0.0162844
0.0158397
0.015379
0.0148378
0.0143303
0.0137939
0.0133409
0.0129073
0.0126026
0.0123596
0.0122843
0.0123044
0.0125225
0.0128634
0.0134217
0.0141239
0.0150563
0.0161462
0.0174731
0.0189653
0.020696
0.0225955
0.0247311
0.0270361
0.0295714
0.0322738
0.0351989
0.0382911
0.0416049
0.0450981
0.0488311
0.0527903
0.0570632
0.0616981
0.066842
0.0726788
0.0794328
0.0873
0.0965634
0.107451
0.120109
0.134705
0.150952
0.168339
0.18492
0.797914
-0.367914
-0.498243
0.504842
0.307837
0.559551
-0.196083
0.719676
-0.465785
0.144718
0.137304
0.131291
0.125986
0.121512
0.117929
0.115107
0.11312
0.111968
0.111622
0.112084
0.113399
0.115561
0.118632
0.122673
0.127741
0.13392
0.141313
0.15001
0.160112
0.171724
0.184943
0.199958
0.216875
0.235682
0.25614
0.278143
0.301612
0.326216
0.351164
0.375211
0.396514
0.413113
0.423681
0.427557
0.424842
0.415462
0.400303
0.381594
0.361388
0.340784
0.320407
0.300954
0.282671
0.265883
0.250541
0.236559
0.223954
0.212711
0.202761
0.194031
0.186445
0.179934
0.174439
0.169892
0.166254
0.16349
0.16156
0.16047
0.160189
0.160751
0.162166
0.164492
0.167775
0.172023
0.177274
0.183492
0.190471
0.198997
-0.0019088
-0.00165968
-0.00146559
-0.00128064
-0.00109966
-0.00092164
-0.000745341
-0.000572407
-0.000400265
-0.000229501
-5.77673e-05
0.00011342
0.00028409
0.000449964
0.000607226
0.000747213
0.000860839
0.000934268
0.000915135
0.000794677
0.000553526
0.000245481
-8.55145e-05
-0.000327794
-0.000403646
-0.000274798
4.4924e-05
0.00048696
0.000988342
0.00144808
0.00177142
0.00189216
0.001786
0.00151083
0.00113911
0.000751673
0.000402779
0.000121601
-8.62313e-05
-0.000224503
-0.000304891
-0.00033975
-0.000341882
-0.000322943
-0.000291939
-0.000256856
-0.00022288
-0.000195178
-0.000176952
-0.00017156
-0.000180889
-0.000206899
-0.000249404
-0.000310689
-0.0003895
-0.000488645
-0.000604182
-0.000728961
-0.000877892
-0.00101697
-0.00117048
-0.00130024
-0.00144637
-0.0015588
-0.000550635
0.154332
0.143953
0.128715
0.111363
0.0941813
0.0788425
0.0659088
0.0553537
0.0467357
0.0396713
0.0338896
0.0291513
0.0252534
0.0219724
0.0191683
0.0167273
0.0146134
0.0127572
0.0111739
0.00980437
0.00867885
0.00773116
0.007
0.00640865
0.00600201
0.00569249
0.00553033
0.00541863
0.00541339
0.00541099
0.0054739
0.00549453
0.00554274
0.00550977
0.0054738
0.0053274
0.00515783
0.00486081
0.00453313
0.00407462
0.00359139
0.00298737
0.00237708
0.00166747
0.000979752
0.000222088
-0.000480023
-0.00121951
-0.00186935
-0.00252585
-0.00306321
-0.00358308
-0.00396299
-0.0043114
-0.00451016
-0.00467501
-0.00469238
-0.00468517
-0.00454354
-0.00439498
-0.00413281
-0.00388703
-0.00355307
-0.00326185
-0.00290886
-0.00262361
-0.00229997
-0.00206375
-0.0018071
-0.0016529
-0.00148947
-0.00143431
-0.00137199
-0.00141738
-0.00145113
-0.00158213
-0.00169283
-0.00188942
-0.00205396
-0.00228707
-0.00247675
-0.00271811
-0.00291749
-0.00315613
-0.00334185
-0.00356229
-0.00373426
-0.00393662
-0.00409802
-0.0043034
-0.00449931
-0.00471685
-0.00490446
-0.00514707
-0.00526483
-0.00547061
-0.0055012
-0.00557193
-0.00533216
-0.00476015
-0.00364178
-0.00230294
-0.000170134
-0.497096
0.462798
0.241428
0.368721
0.682977
-0.32303
-0.439908
0.172332
-0.10531
-0.000835972
-0.0012345
-0.00250939
-0.00680103
-0.00129384
-0.000562515
-0.477629
-0.330698
0.000917549
0.565105
0.382231
0.513864
-0.471508
0.152343
0.136143
0.143214
0.125063
0.130099
0.11795
0.121037
0.114539
0.115805
0.114659
0.114178
0.118322
0.116055
0.125771
0.121559
0.137476
0.131069
0.154065
0.145137
0.176239
0.164422
0.204708
0.189668
0.239741
0.221453
0.28064
0.259551
0.325341
0.302722
0.368597
0.347658
0.400842
0.3867
0.413467
0.409884
0.403789
0.411365
0.375649
0.391351
0.339487
0.357998
0.302534
0.320802
0.268778
0.2851
0.239863
0.253706
0.216015
0.227314
0.19712
0.205983
0.182765
0.189416
0.172507
0.177162
0.16599
0.168808
0.163004
0.164073
0.163519
0.162827
0.1678
0.165172
0.176397
0.171535
0.190004
0.182574
0.208911
0.198631
-0.00502073
-0.0018604
-0.00619973
-0.00561839
-0.00592538
-0.00605465
-0.00547618
-0.00574095
-0.00494339
-0.00525897
-0.0044965
-0.00470846
-0.00410319
-0.00428759
-0.00373214
-0.00390751
-0.0033508
-0.0035345
-0.00294749
-0.00314309
-0.00253452
-0.00273258
-0.00214346
-0.00232719
-0.00181763
-0.00196286
-0.00160826
-0.00168887
-0.0015641
-0.00155796
-0.00170788
-0.0016062
-0.00204556
-0.00184677
-0.00254906
-0.00227195
-0.00316275
-0.00283865
-0.00380767
-0.0034789
-0.00438547
-0.00410349
-0.00479486
-0.00460949
-0.00494451
-0.00489886
-0.0047655
-0.00489077
-0.00422596
-0.00453233
-0.00333872
-0.00381405
-0.00216132
-0.00277135
-0.000790047
-0.00148236
0.000653298
-5.81771e-05
0.00203926
0.0013732
0.00325019
0.00268574
0.00419837
0.00377472
0.00483996
0.00457289
0.00518257
0.00506159
0.00528576
0.00527467
0.0052548
0.00529569
0.00522917
0.0052487
0.00536763
0.0052849
0.00583195
0.00556668
0.00677095
0.00625133
0.00830728
0.00747604
0.010532
0.0093477
0.0135211
0.0119459
0.0174112
0.015361
0.0225751
0.019812
0.0300877
0.025957
0.0420466
0.0353842
0.0614801
0.0506056
0.0932949
0.0756497
0.133851
0.113751
0.1507
-0.362295
0.210716
0.219478
0.218026
-0.00123244
-0.00111604
-0.00116914
-0.000916281
-0.00102788
-0.0006733
-0.000797343
-0.00042393
-0.000548871
-0.00017404
-0.000299246
7.79477e-05
-4.81445e-05
0.000326373
0.000203825
0.000545453
0.00044276
0.000671043
0.000627051
0.00055756
0.000653131
0.000130635
0.000375256
-0.000330219
-0.000130852
-0.000297912
-0.000399074
0.000326923
-3.89038e-05
0.00110753
0.000737803
0.00145779
0.00136709
0.00115445
0.00137405
0.000563037
0.000863799
7.63299e-05
0.000294549
-0.000197582
-8.66698e-05
-0.000295967
-0.000264409
-0.000290663
-0.000301839
-0.000244147
-0.000269417
-0.000197869
-0.000218893
-0.00017865
-0.000183534
-0.00020199
-0.000184298
-0.000274401
-0.000231539
-0.000400922
-0.000330197
-0.000573284
-0.000483798
-0.000784351
-0.000682619
-0.000941524
-0.000887237
-0.00126437
-0.00094605
0.000381291
-0.00385563
-0.00819187
-0.00661493
-0.00784228
-0.00797802
-0.00750493
-0.00763403
-0.00735706
-0.00736544
-0.00748143
-0.00735242
-0.00785292
-0.00760369
-0.00841832
-0.00807863
-0.00910759
-0.00871502
-0.00983499
-0.00943461
-0.0104996
-0.0101438
-0.0109899
-0.0107352
-0.0111827
-0.0110916
-0.0109624
-0.0110887
-0.010221
-0.0106257
-0.00889481
-0.00959552
-0.00696369
-0.00796529
-0.00446593
-0.00574103
-0.00150467
-0.00299352
0.00175553
0.00014204
0.00510605
0.00347636
0.00831869
0.00678751
0.0111751
0.00984839
0.0134948
0.0124563
0.0151575
0.0144586
0.0161157
0.0157704
0.0163976
0.0163824
0.0161007
0.0163588
0.0153781
0.015827
0.0144181
0.0149619
0.0134226
0.0139597
0.0125907
0.0130228
0.0121036
0.012343
0.0121134
0.0120884
0.0127363
0.012394
0.0140537
0.0133579
0.0161153
0.0150446
0.0189435
0.0174899
0.0225367
0.0207034
0.0268735
0.0246733
0.0319139
0.0293688
0.0376028
0.0347407
0.0438878
0.0407317
0.0507817
0.0473083
0.0585491
0.0545739
0.068102
0.0630495
0.0813815
0.074138
0.101442
0.09034
0.13151
0.115059
0.171631
0.150782
0.193355
-0.00327391
-0.00700838
0.200159
0.233189
0.220901
0.149633
0.175293
0.108925
0.127064
0.0842706
0.0948565
0.0697996
0.0760472
0.0604255
0.0646461
0.0530327
0.0565305
0.0463546
0.0495735
0.0401077
0.0431209
0.034315
0.037093
0.0290659
0.0315617
0.0244443
0.0266177
0.0205139
0.0223356
0.017317
0.0187683
0.0148737
0.0159475
0.01318
0.0138814
0.0122039
0.0125527
0.0118811
0.0119136
0.0121133
0.0118832
0.0127656
0.0123448
0.0136708
0.0131466
0.0146383
0.0141082
0.0154684
0.0150325
0.015969
0.0157219
0.015972
0.0159937
0.0153539
0.0156994
0.0140531
0.0147449
0.0120801
0.0131037
0.00951892
0.0108233
0.00651904
0.00802196
0.00327809
0.00487604
1.67786e-05
0.0015981
-0.00304952
-0.00159016
-0.00573722
-0.0044867
-0.00791441
-0.00693183
-0.00951189
-0.00882413
-0.0105206
-0.010126
-0.0109915
-0.0108584
-0.0109918
-0.0110818
-0.0106419
-0.01089
-0.01006
-0.010411
-0.00936189
-0.009757
-0.00865547
-0.00904246
-0.00803454
-0.00836818
-0.00757869
-0.00782074
-0.00735433
-0.00747318
-0.00741421
-0.00738601
-0.00778962
-0.00759969
-0.00842529
-0.00806442
-0.00726407
-0.00843008
-0.00756284
-0.00325926
-0.00069276
-0.000593804
-0.000728156
-0.000676767
-0.000591873
-0.000506219
-0.000438349
-0.000366652
-0.000310533
-0.000259009
-0.000215528
-0.000182574
-0.000157978
-0.000141888
-0.000132987
-0.000131557
-0.000136495
-0.000147451
-0.000162388
-0.000179947
-0.000197072
-0.000211404
-0.00021875
-0.000214767
-0.000193251
-0.000147699
-7.09173e-05
4.30562e-05
0.000197978
0.000390084
0.00060607
0.000813033
0.000958562
0.000991903
0.00088617
0.000652897
0.000347389
3.35973e-05
-0.000222302
-0.000375416
-0.000403447
-0.00031075
-0.000140023
6.02387e-05
0.000234885
0.00035805
0.000420883
0.000432207
0.00040424
0.000350875
0.00028394
0.000208661
0.000130049
5.00711e-05
-2.94481e-05
-0.000108283
-0.00018587
-0.000262287
-0.000337119
-0.000409585
-0.000477867
-0.000537688
-0.000582145
-0.000591572
-0.000538091
-0.000340563
-0.00034766
-4.75003e-05
0.231216
-0.00125246
0.177049
0.158261
0.168749
0.115012
0.139513
0.0712674
0.0907922
0.0453762
0.0560963
0.0314146
0.037095
0.0235607
0.0267529
0.0184493
0.0205806
0.014576
0.0162018
0.0114783
0.012751
0.00905115
0.0100014
0.00726638
0.00790599
0.00607565
0.00643275
0.00538994
0.00551345
0.00508527
0.00504051
0.00501511
0.00487702
0.00502584
0.00487093
0.00497331
0.00487133
0.00473882
0.00474495
0.00424241
0.00439109
0.00345175
0.00375286
0.00238494
0.00282323
0.00110648
0.00164437
-0.000283213
0.000300377
-0.00166327
-0.00109603
-0.00291066
-0.00242062
-0.0039184
-0.00355631
-0.00461083
-0.00441023
-0.00495358
-0.00492645
-0.00495512
-0.00509312
-0.00466799
-0.00493974
-0.00416666
-0.0045313
-0.00354686
-0.00395552
-0.00290984
-0.00331399
-0.00234164
-0.00270164
-0.00190815
-0.00219363
-0.00165117
-0.00184543
-0.00158525
-0.00168398
-0.00169456
-0.00170931
-0.00194171
-0.00189309
-0.0022804
-0.00219239
-0.00266424
-0.00255929
-0.00305787
-0.00295205
-0.00343983
-0.00334178
-0.00381087
-0.00371744
-0.00419234
-0.00409037
-0.00462601
-0.0044903
-0.00516076
-0.00496268
-0.00584065
-0.00556067
-0.0065116
-0.0062216
-0.0064156
-0.00675667
-0.0021012
-0.00768579
-0.00308916
0.205164
0.218057
0.186188
0.194704
0.174027
0.179366
0.167159
0.170019
0.164556
0.165369
0.165717
0.164688
0.170485
0.167655
0.178949
0.174249
0.191362
0.184646
0.208093
0.19917
0.229501
0.218202
0.255741
0.242028
0.286579
0.270628
0.320886
0.30343
0.355716
0.338502
0.385648
0.371722
0.402849
0.396336
0.401158
0.404493
0.380114
0.392845
0.344638
0.363661
0.303003
0.324104
0.261693
0.282021
0.224272
0.242362
0.192633
0.207678
0.167207
0.179174
0.147592
0.156711
0.133228
0.139806
0.123462
0.127814
0.117783
0.120143
0.115855
0.116369
0.117577
0.116261
0.123153
0.119867
0.13313
0.127551
0.14862
0.140094
0.159419
-0.443829
-0.212084
-0.526942
0.262435
-0.788315
-0.506306
-0.687925
-0.53126
-0.496567
-0.463383
0.719145
0.827323
0.885869
0.803229
0.644593
-0.321115
-0.323572
-0.365875
-0.384878
-0.582574
-0.196534
0.130309
-0.0193006
-0.00986592
0.239172
0.212754
0.18071
0.149728
0.124319
0.104719
0.0900161
0.0792672
0.0715168
0.0658368
0.0614465
0.0577701
0.0544602
0.0513093
0.0482282
0.0451813
0.0421736
0.039221
0.0363459
0.0335709
0.0309138
0.0283937
0.0260211
0.0238112
0.0217688
0.019906
0.0182233
0.01673
0.0154227
0.0143081
0.0133784
0.0126379
0.0120737
0.0116872
0.0114602
0.011391
0.0114558
0.0116492
0.0119418
0.0123252
0.0127649
0.0132504
0.0137438
0.014234
0.0146816
0.0150765
0.0153806
0.0155866
0.0156597
0.0155982
0.0153734
0.0149909
0.0144303
0.0137061
0.0128069
0.0117564
0.0105523
0.00922688
0.00778522
0.00626667
0.00468093
0.0030717
0.00144966
-0.000140131
-0.00169015
-0.00315641
-0.00453837
-0.00579655
-0.0069384
-0.00793171
-0.00879144
-0.00949289
-0.010058
-0.0104715
-0.0107597
-0.0109071
-0.0109551
-0.0108941
-0.0107553
-0.0105349
-0.0102676
-0.00994728
-0.00960957
-0.00924644
-0.00889286
-0.00853865
-0.00821734
-0.0079168
-0.00766862
-0.0074594
-0.00731856
-0.00723252
-0.00722918
-0.00729656
-0.00746397
-0.0077205
-0.00796355
-0.00843829
-0.00885003
-0.00903094
-0.00999718
-0.00518765
0.0132766
0.001922
0.000668232
0.000311258
-0.000255804
-0.00033494
-0.000309666
-0.000278232
-0.000257172
-0.000227683
-0.000207021
-0.000187124
-0.000169444
-0.000156139
-0.000145935
-0.000139373
-0.000135248
-0.000133413
-0.000133151
-0.000134885
-0.000137533
-0.00014069
-0.000142905
-0.000143491
-0.000141067
-0.000134614
-0.00012295
-0.000105513
-8.21629e-05
-5.44208e-05
-2.34226e-05
9.37988e-06
4.66827e-05
9.26799e-05
0.000147347
0.000207324
0.000261771
0.000295773
0.00029986
0.00026982
0.000215244
0.000152291
9.73145e-05
6.5147e-05
5.40467e-05
6.45415e-05
8.22345e-05
0.000101367
0.000114414
0.000119004
0.000114383
0.000101432
8.32919e-05
6.05508e-05
3.56836e-05
8.91731e-06
-1.8372e-05
-4.62978e-05
-7.39864e-05
-0.000101423
-0.000127615
-0.00015156
-0.000170916
-0.000181761
-0.0001779
-0.000139387
6.13474e-06
0.000301589
0.000815856
0.00210442
0.00589318
0.013004
0.00935846
0.216737
0.191395
0.171105
0.147155
0.117895
0.0899211
0.0683637
0.0521802
0.0410263
0.0326938
0.0274373
0.0233014
0.0207468
0.0182727
0.0166293
0.0147029
0.0133814
0.0117148
0.0106172
0.00919996
0.00835352
0.00721591
0.00664217
0.00578929
0.00547777
0.00488291
0.00479424
0.00440608
0.00448048
0.00423195
0.00439812
0.00421526
0.00439927
0.00420999
0.00434395
0.00408635
0.00411627
0.00374576
0.00363781
0.00313217
0.00287645
0.0022381
0.00184933
0.00110423
0.000619034
-0.000187658
-0.000716558
-0.00152764
-0.00203952
-0.0027945
-0.00322986
-0.0038741
-0.00418339
-0.0046761
-0.0048268
-0.00514651
-0.0051273
-0.00527512
-0.00509666
-0.00509129
-0.00477761
-0.00465801
-0.00425196
-0.00406293
-0.00361211
-0.00340441
-0.00295897
-0.00277823
-0.00237735
-0.00225651
-0.00193103
-0.00189521
-0.00166137
-0.00171768
-0.00157765
-0.0017218
-0.00166478
-0.00188231
-0.00188879
-0.00215781
-0.00220405
-0.00250157
-0.00256566
-0.002873
-0.00293914
-0.00324432
-0.00330467
-0.00360527
-0.00366279
-0.00396649
-0.00403412
-0.00435742
-0.0044577
-0.00481929
-0.0049826
-0.00541277
-0.00566351
-0.00601175
-0.0064874
-0.0069534
-0.00724302
-0.00831203
-0.00369292
-0.00377833
0.00814471
0.318954
0.249248
0.227546
0.209663
0.197338
0.188019
0.180818
0.17526
0.171091
0.168131
0.166269
0.165418
0.165522
0.166546
0.168484
0.171334
0.175117
0.179856
0.185589
0.192353
0.200199
0.209164
0.219296
0.230615
0.243132
0.25682
0.271623
0.287418
0.304001
0.321044
0.33809
0.354566
0.369723
0.382723
0.392626
0.398644
0.400133
0.396955
0.389212
0.377348
0.361973
0.343921
0.324062
0.303377
0.282674
0.262538
0.243416
0.225553
0.209061
0.194029
0.180511
0.168499
0.157953
0.148778
0.140909
0.134266
0.128786
0.12439
0.121026
0.118638
0.1172
0.116688
0.11711
0.118475
0.120835
0.124257
0.128874
0.134851
0.142457
0.152389
0.164861
0.271083
-0.446673
-0.164038
0.0749435
-0.104699
-0.35942
-0.00539146
-0.132355
-0.0275789
-0.0584045
0.000886284
-0.0515202
0.00203919
-0.00810599
0.0357962
-0.000187007
0.0339295
-0.00463001
-0.135063
0.818371
-0.00125832
)
;

boundaryField
{
    frontandback
    {
        type            empty;
    }
    walls
    {
        type            zeroGradient;
    }
    diamond
    {
        type            zeroGradient;
    }
    inlet
    {
        type            zeroGradient;
    }
    outlet
    {
        type            fixedValue;
        value           uniform 0;
    }
}


// ************************************************************************* //
