/*--------------------------------*- C++ -*----------------------------------*\
  =========                 |
  \\      /  F ield         | OpenFOAM: The Open Source CFD Toolbox
   \\    /   O peration     | Website:  https://openfoam.org
    \\  /    A nd           | Version:  10
     \\/     M anipulation  |
\*---------------------------------------------------------------------------*/
FoamFile
{
    format      ascii;
    class       volScalarField;
    location    "19";
    object      p;
}
// * * * * * * * * * * * * * * * * * * * * * * * * * * * * * * * * * * * * * //

dimensions      [0 2 -2 0 0 0 0];

internalField   nonuniform List<scalar> 
6397
(
0.249347
0.234768
-0.0248511
-0.0375738
-0.0601325
-0.045817
0.437849
0.170459
-0.493787
-0.465411
0.363462
0.238692
-0.000955735
-0.0012275
-0.00734368
-0.419953
-0.403142
-0.397906
0.840418
0.780334
0.746064
-0.500643
-0.455436
-0.459263
-0.000812571
-0.00177579
-0.000437004
-0.122001
-0.135788
-0.0920507
-0.0999009
-0.0587665
-0.0419178
-0.0521377
-0.0672532
-0.0506753
-0.0643213
-0.0458362
-0.0395924
-0.0453762
-0.060631
-0.0494685
-0.0847422
-0.0496673
-0.0416306
-0.0337526
-0.0525246
-0.0416559
-0.0166479
-0.00984677
-0.00744631
0.001661
-0.00403423
0.33415
0.319917
0.173719
0.185107
0.0081213
-0.124112
-0.141749
-0.107736
-0.0955629
-0.0891661
-0.0878435
-0.0919375
-0.102015
-0.119795
-0.145592
-0.170725
-0.154699
-0.187489
-0.149025
-0.127822
-0.11167
-0.101832
-0.09772
-0.0990288
-0.106263
-0.120494
-0.141701
-0.194528
-0.160279
-0.178647
-0.168219
-0.191023
-0.157002
-0.214947
-0.195872
-0.178187
-0.148409
-0.246805
-0.218762
-0.16053
-0.141225
-0.264765
-0.229119
-0.204539
-0.155905
-0.182107
-0.224265
-0.219528
-0.196424
-0.216417
-0.143794
-0.169874
-0.109214
-0.122981
-0.0992177
-0.101484
-0.11216
-0.102554
-0.146497
-0.127557
-0.179331
-0.165741
-0.182213
-0.221019
-0.285633
-0.260601
-0.14093
-0.177829
-0.0922354
-0.111882
-0.0734573
-0.079469
-0.0759961
-0.0720164
-0.0975176
-0.084674
-0.121736
-0.110851
-0.124708
-0.126175
-0.108959
-0.117428
-0.122605
-0.10908
-0.130821
-0.172979
-0.221467
-0.289272
-0.28664
-0.2967
-0.152109
-0.124272
-0.105745
-0.0739016
-0.163417
-0.132904
-0.0702848
-0.260838
-0.222849
-0.194325
-0.249347
-0.243014
-0.216701
-0.239976
-0.1539
-0.185392
-0.110227
-0.128341
-0.0925441
-0.0988107
-0.0957205
-0.0913273
-0.117896
-0.105321
-0.136495
-0.129759
-0.134951
-0.212982
-0.257321
-0.129533
-0.168093
-0.0788324
-0.10011
-0.0570707
-0.0655145
-0.0545072
-0.0538378
-0.0694969
-0.060571
-0.0893353
-0.0809997
-0.0943682
-0.0945935
-0.0836993
-0.0901809
-0.0785835
-0.106007
-0.0973236
-0.107537
-0.108511
-0.274293
-0.261553
-0.197783
-0.0780268
-0.0626896
-0.0848037
-0.125049
-0.271429
-0.230834
-0.228528
-0.0783747
-0.0677976
-0.0869166
-0.103223
-0.0813904
-0.055731
-0.0560697
-0.235439
-0.164581
-0.131378
-0.232026
-0.199454
-0.263225
-0.255345
-0.228221
-0.253343
-0.15876
-0.193999
-0.106417
-0.128866
-0.080801
-0.0911786
-0.0742625
-0.0751965
-0.0850249
-0.0784128
-0.0938079
-0.0917069
-0.0895269
-0.276438
-0.288735
-0.19482
-0.240779
-0.112525
-0.150452
-0.0634456
-0.0842963
-0.0409714
-0.0498297
-0.0347423
-0.0361478
-0.0437735
-0.0374853
-0.05975
-0.0520975
-0.0654653
-0.0647321
-0.0615737
-0.0643643
-0.0582777
-0.0903786
-0.0864418
-0.0901482
-0.0473717
-0.219761
-0.164386
-0.175065
-0.180694
-0.0678315
-0.100523
-0.0705341
-0.0642033
-0.0729555
-0.0667072
-0.0400751
-0.0419229
-0.0962001
-0.0741363
-0.0374178
-0.0341656
-0.0581483
-0.0566642
-0.197145
-0.158903
-0.124655
-0.230188
-0.195658
-0.266174
-0.256108
-0.229209
-0.255811
-0.155888
-0.193077
-0.0982441
-0.123486
-0.0661937
-0.0798138
-0.0509334
-0.0565796
-0.051383
-0.0495858
-0.0532798
-0.0537509
-0.0380174
-0.0478821
-0.0160923
-0.0256558
-0.0136614
-0.0122642
-0.252073
-0.159086
-0.212697
-0.247328
-0.264057
-0.165929
-0.21059
-0.0910151
-0.125229
-0.0463718
-0.0652779
-0.024883
-0.0335265
-0.0166548
-0.0194434
-0.0208738
-0.01715
-0.0329148
-0.0267897
-0.0400584
-0.0374024
-0.0397081
-0.0401754
-0.0393212
-0.0775925
-0.0770317
-0.0752388
-0.125508
-0.10542
-0.0360025
-0.0181844
-0.174843
-0.132042
-0.0565632
-0.0592065
-0.0243527
-0.028557
-0.136556
-0.0836696
-0.0614239
-0.0873569
-0.0556738
-0.0426751
-0.0260444
-0.0455232
-0.157877
-0.0865659
-0.0479481
-0.0649242
-0.146842
-0.113858
-0.218456
-0.182978
-0.256097
-0.245118
-0.219539
-0.246221
-0.144766
-0.182823
-0.0849164
-0.111401
-0.0494121
-0.0648982
-0.0283345
-0.0372865
-0.0208752
-0.0230265
-0.0179237
-0.0200922
-0.00399448
-0.0125596
0.0078936
0.0036401
0.00325358
0.00709752
-0.0111948
-0.00262037
-0.135172
-0.0321961
-0.0807113
-0.218896
-0.185216
-0.204464
-0.224201
-0.131296
-0.170462
-0.0672991
-0.0960647
-0.029147
-0.045457
-0.0097262
-0.0176873
-0.000722051
-0.00427867
-0.00113234
0.000435924
-0.00986783
-0.00505397
-0.0164138
-0.0140146
-0.0196205
-0.018227
-0.0215405
-0.0291609
0.00594806
-0.0386489
-0.0234699
-0.0508239
-0.0342245
-0.0627275
-0.0571049
-0.068929
-0.0666847
-0.0675857
-0.0694287
-0.0576122
-0.0635109
-0.0426611
-0.050578
-0.0346432
-0.13663
-0.107488
-0.103798
-0.0756122
-0.0602126
-0.0595719
0.0349144
-0.00485975
-0.054999
-0.0400176
-0.0571863
-0.0388004
-0.026664
-0.126209
-0.074228
-0.0544815
-0.128965
-0.0991864
-0.197057
-0.163146
-0.234016
-0.223103
-0.199525
-0.225249
-0.126504
-0.163769
-0.067382
-0.093679
-0.0313491
-0.0472435
-0.0079789
-0.0183854
0.00422924
-0.000522798
0.0112423
0.00748976
0.0223087
0.0166083
0.0254588
0.0257657
0.0168141
0.0219031
0.00156329
0.0103429
-0.0248558
-0.0101395
-0.00716813
0.0669547
0.0342818
-0.106672
-0.0561726
-0.172244
-0.148841
-0.155624
-0.174626
-0.0942651
-0.125774
-0.0437266
-0.0663914
-0.012866
-0.0262702
0.00396626
-0.00306896
0.0127571
0.00900929
0.0150519
0.0149317
0.00938131
0.0129094
0.00276556
0.00573356
-0.00202015
0.00019964
-0.0103557
-0.00551671
-0.023533
-0.0161512
-0.032082
-0.0665915
-0.0586975
-0.0637521
-0.0668376
-0.0676699
-0.060057
-0.0643009
-0.0474591
-0.0544056
-0.0317206
-0.0398636
0.0581209
0.0922135
-0.0619714
-0.0430001
-0.0170424
-0.0240702
-0.109382
-0.0932317
-0.0809797
-0.0755206
-0.0401735
-0.0709753
0.0145906
-0.0752183
0.11168
0.0776523
-0.0833973
-0.0648818
-0.0901049
0.125636
0.126132
0.135685
-0.0908575
-0.0443421
-0.0637863
-0.010411
-0.00912677
-0.00369313
-0.105317
-0.0296204
-0.0187635
-0.0603314
-0.0432191
-0.107848
-0.0816771
-0.168194
-0.137844
-0.203192
-0.192384
-0.171492
-0.195581
-0.102434
-0.137669
-0.046715
-0.0714873
-0.0126191
-0.0277126
0.0104146
-8.89633e-05
0.0250156
0.0187097
0.0345437
0.0299963
0.0415069
0.0389531
0.0380404
0.0411642
0.0275021
0.0331614
0.0119135
0.0205727
-0.011796
0.00116274
-0.0267872
0.0834233
0.108224
0.0110107
0.0508388
-0.0753594
-0.033236
-0.123485
-0.107939
-0.10489
-0.120795
-0.0593312
-0.08231
-0.0222251
-0.0390274
0.00162044
-0.00893986
0.0157863
0.00972067
0.0238255
0.0202666
0.0277525
0.0264591
0.0249052
0.0271546
0.0185813
0.0217813
0.0121275
0.0155123
0.00188619
0.00748564
-0.0133444
-0.00508501
-0.0228543
-0.0695795
-0.0657383
-0.0720765
-0.0721288
-0.0665072
-0.0702457
-0.0547069
-0.0612256
-0.0394722
-0.0473489
-0.0232731
-0.0313544
-0.0157002
-0.091828
-0.0879338
-0.06506
-0.0839675
-0.0244619
-0.0919141
0.0313955
-0.105517
0.0947287
-0.118876
0.138696
0.135228
-0.124457
-0.0843054
-0.119313
0.130623
0.135355
0.125289
-0.103876
-0.0570964
-0.0707998
-0.00250886
0.00246141
-0.00407078
0.00181726
-0.0940162
-0.0204807
-0.0111073
-0.0459621
-0.0318277
-0.0848688
-0.063343
-0.135132
-0.109645
-0.166365
-0.156189
-0.138775
-0.1603
-0.0749615
-0.107669
-0.0235408
-0.0463124
0.00742504
-0.00623707
0.0286288
0.0188154
0.0435985
0.0368582
0.0529396
0.0489314
0.0540864
0.0546416
0.0468859
0.0512604
0.0355698
0.041567
0.0202538
0.0285172
-0.000912153
0.0103022
-0.0273956
-0.0136354
-0.0422466
0.123273
0.130112
0.0878933
0.109337
0.0258823
0.0595001
-0.0405977
-0.00904566
-0.0730617
-0.0632093
-0.0592866
-0.0702044
-0.0294756
-0.0445732
-0.00383587
-0.0157001
0.0139777
0.00592278
0.0256231
0.0204836
0.0327032
0.0295383
0.0372209
0.0353235
0.0368448
0.037813
0.0312995
0.0345336
0.0237562
0.0277986
0.0127375
0.0187826
-0.00311563
0.00532353
-0.0133259
-0.0774986
-0.069806
-0.0843222
-0.0822382
-0.0807909
-0.0839837
-0.0684608
-0.0754099
-0.0513933
-0.0602875
-0.0333272
-0.0422598
-0.0166732
-0.0247796
-0.00910785
-0.0819095
-0.0915776
-0.0549294
-0.103464
-0.0126617
-0.124418
0.0464861
-0.147558
0.109305
-0.163539
0.137248
-0.164383
0.114608
0.125806
-0.148036
-0.0814376
-0.119861
0.00541225
-0.0912328
0.00182692
0.0103734
0.00714018
-0.0118557
-0.00427264
-0.0321713
-0.0210165
-0.0622543
-0.0455323
-0.101098
-0.0812163
-0.127049
-0.118097
-0.104677
-0.122727
-0.0473756
-0.0771914
0.000364192
-0.0208188
0.0286459
0.0163104
0.0471964
0.0386747
0.0597586
0.0542712
0.0648179
0.0632968
0.0616095
0.0641779
0.0528645
0.057673
0.0413732
0.0474223
0.0266879
0.0344914
0.00807932
0.0178231
-0.0139785
-0.00260119
-0.0367359
-0.0254291
-0.0543872
-0.0466276
0.119452
0.102747
0.113414
0.115766
0.120288
0.0884571
0.105175
0.0417125
0.0666744
-0.00595521
0.0164207
-0.0291065
-0.021624
-0.0231589
-0.0286245
-0.0058142
-0.0149108
0.0111274
0.00304538
0.0241473
0.0181308
0.0335102
0.0292435
0.0397026
0.0369237
0.0440633
0.0420682
0.0454509
0.0453275
0.0416406
0.0442138
0.0339521
0.0381706
0.0229289
0.0287934
0.00717981
0.0156577
-0.0144339
-0.00282399
-0.0274764
-0.0987989
-0.0790364
-0.091002
-0.102754
-0.102754
-0.0925832
-0.0992022
-0.0731882
-0.0835581
-0.0505446
-0.061958
-0.0290913
-0.0394373
-0.0114791
-0.0197861
0.00251304
-0.0039862
0.0114999
0.0079004
0.0986999
0.0880146
-0.0881759
-0.0589023
-0.080157
-0.106639
-0.0294516
-0.0514876
-0.135381
0.0156107
0.015853
0.0192231
-0.00430128
-0.169932
0.061069
-0.200371
0.119852
-0.214228
0.131522
-0.204604
0.109647
-0.172707
0.0694808
0.0778715
-0.129686
-0.0894963
-0.060039
-0.0988146
0.00675906
0.0112816
-0.0041383
0.00175353
-0.0195203
-0.0112585
-0.0414934
-0.0297689
-0.0690319
-0.0549216
-0.0883287
-0.0813728
-0.0714052
-0.0855108
-0.0226214
-0.0486294
0.0213454
0.00155544
0.047498
0.0362745
0.0626978
0.0560449
0.0707317
0.0675945
0.0714817
0.0719943
0.0660322
0.0693594
0.056712
0.0616454
0.045385
0.0513015
0.031663
0.038852
0.0153514
0.0237669
-0.00301248
0.00621138
-0.0213135
-0.0125333
-0.0346401
-0.028763
-0.0392028
-0.0379995
0.0918629
0.0621646
0.0783399
0.108089
0.10183
0.107506
0.110189
0.0886737
0.10041
0.0558295
0.0732965
0.0221072
0.0380645
0.00350157
0.0103908
0.0031554
0.00156704
0.0121464
0.00709287
0.0229124
0.0175822
0.0322645
0.0278326
0.039649
0.0361916
0.0450423
0.0425789
0.0489916
0.0471521
0.051194
0.0504255
0.0495755
0.0510005
0.043129
0.0468627
0.0329256
0.0383409
0.0187176
0.026169
-0.0016303
0.00962825
-0.0149674
-0.101236
-0.084974
-0.121982
-0.11398
-0.122812
-0.124986
-0.106204
-0.116248
-0.0800364
-0.0937327
-0.0519007
-0.065838
-0.0266422
-0.0386959
-0.00721781
-0.0161037
0.00677344
0.000303731
0.0119855
0.0477354
0.0434372
-0.0578623
-0.0384867
-0.0880035
-0.134167
0.0183701
0.0212845
-0.0540513
-0.179719
0.00307155
-0.226256
0.0758982
-0.25791
0.123152
-0.262785
0.116117
-0.237026
0.086264
-0.187024
0.0528268
-0.131665
0.0230196
0.0235223
-0.0854647
0.0230963
0.00499347
0.00120528
-0.0824876
-0.0531043
-0.0360968
-0.118
0.0111623
0.0150923
0.00260648
0.00717235
-0.0086856
-0.00261595
-0.0237499
-0.0157664
-0.0412895
-0.0324573
-0.0529044
-0.0488411
-0.0400867
-0.0503745
-0.00141979
-0.0225077
0.0368505
0.0192223
0.0604013
0.0504012
0.0723495
0.0674849
0.0764896
0.0752669
0.0745397
0.0761617
0.0684702
0.0718361
0.058915
0.0638309
0.0480112
0.0536528
0.0354078
0.0419307
0.0211
0.0284388
0.00558556
0.0134163
-0.0093456
-0.00222808
-0.0202488
-0.0157273
-0.0243991
-0.0230997
-0.023241
-0.0242333
0.0564198
0.0403826
0.0824314
0.0705425
0.0975227
0.0915224
0.0995631
0.100256
0.0874981
0.095263
0.06484
0.0769803
0.0407462
0.0522691
0.0250932
0.0314064
0.021427
0.0219921
0.0253133
0.0227963
0.0319003
0.028485
0.038537
0.0353
0.0443016
0.0415401
0.0489446
0.0467733
0.0524826
0.050831
0.0548522
0.053866
0.0547052
0.0551696
0.050604
0.0531669
0.0423036
0.0469067
0.0298769
0.0366509
0.0113011
0.0216352
-0.0171851
-0.0014844
-0.0335752
-0.121222
-0.103304
-0.142814
-0.134708
-0.141174
-0.145055
-0.119309
-0.132195
-0.0874222
-0.103939
-0.0545591
-0.0706898
-0.0258853
-0.0395073
-0.0041815
-0.0140405
0.0103157
0.00380417
0.0186592
0.0153216
0.0237181
0.0211927
-0.103725
-0.172554
-0.0215686
-0.032982
0.0247042
0.0261461
0.0258046
-0.0132875
-0.0123174
-0.0586187
-0.233353
0.0131441
-0.285256
0.0877892
-0.309118
0.114858
-0.297601
0.0920042
-0.252452
0.0579513
-0.187267
0.0242172
-0.1244
-0.0134928
-0.00639235
-0.0210821
-0.0316256
-0.00273979
-0.0767432
-0.021286
0.0257233
-0.0362539
0.0263709
-0.14648
0.020679
0.0227388
0.0151146
0.0179852
0.00843083
0.0118716
0.00040047
0.00461137
-0.00925857
-0.00428081
-0.0190419
-0.0143409
-0.023544
-0.0225081
-0.01226
-0.0204216
0.0169694
0.000958171
0.0475871
0.0331903
0.0673821
0.0589713
0.0766693
0.0730982
0.0786106
0.0783944
0.0754057
0.0775236
0.0688826
0.0724428
0.0598829
0.0645507
0.0496228
0.0549056
0.0381093
0.0440152
0.0255379
0.0319297
0.0124144
0.0189991
-3.65078e-05
0.00596417
-0.00915848
-0.00523507
-0.0132703
-0.0119055
-0.0136001
0.0239021
0.00881423
0.0519682
0.0384035
0.0743927
0.0641351
0.0884052
0.0825714
0.09186
0.0914542
0.0845179
0.0894607
0.0689128
0.077389
0.0515627
0.0599455
0.0387144
0.0442142
0.033747
0.0353161
0.0347266
0.0337163
0.0385864
0.0364591
0.0432502
0.0409027
0.0477333
0.0455412
0.0516643
0.0497841
0.0548409
0.0533486
0.0571502
0.0561228
0.0578025
0.057734
0.055556
0.0570898
0.0496549
0.0530367
0.0395378
0.0452047
0.023087
0.0322715
-0.00474695
0.0102333
-0.0209793
-0.0923931
-0.0675437
-0.133741
-0.11453
-0.157284
-0.148543
-0.154234
-0.159136
-0.129092
-0.143763
-0.0934214
-0.111814
-0.0573247
-0.0749733
-0.0262805
-0.0409957
-0.00258974
-0.0134224
0.0128875
0.00608773
0.0210647
0.0179429
0.0229298
-0.0478273
0.0264296
-0.0198172
-0.0110955
-0.121982
-0.217419
-0.0597364
-0.28746
0.025587
-0.333879
-0.0301517
0.0919939
-0.340603
0.093064
-0.30767
0.0601711
-0.245977
-0.0346573
-0.0228417
-0.0321495
-0.0463554
0.0247793
-0.173759
-0.0484997
-0.00735748
-0.108246
-0.0436674
-0.0302917
-0.0669638
0.0272499
-0.025972
-0.0479535
-0.0185392
-0.0101327
-0.0305706
-0.178814
0.02495
0.0266148
0.0259015
0.0222408
0.0237381
0.0181805
0.0203309
0.0132269
0.0157514
0.00776189
0.0105494
0.00208418
0.00488372
-0.00224839
-0.000413881
-0.00154449
-0.00284037
0.00975948
0.00255828
0.0320722
0.0200551
0.0553005
0.0442752
0.0708619
0.0642093
0.0779257
0.0753131
0.078612
0.0789225
0.0748876
0.0771872
0.0681763
0.0718427
0.0600072
0.0643043
0.0505255
0.0553974
0.0400772
0.045406
0.0289638
0.0345751
0.0177318
0.0233187
0.00733865
0.0123441
-0.000477014
0.00299068
-0.00445421
-0.00291995
-0.0050837
-0.00516188
-0.00352254
-0.00448704
-0.00936799
-0.00172628
-0.00264211
-9.82081e-05
-0.011982
0.0249788
0.0124194
0.0485056
0.0371131
0.0677544
0.0588217
0.0804613
0.0750675
0.084747
0.0836439
0.0805782
0.0836331
0.0698799
0.0757919
0.0570671
0.0634305
0.0469259
0.051482
0.0418416
0.0437366
0.0412971
0.0411308
0.043422
0.0421432
0.0466757
0.0449804
0.050164
0.0484241
0.0534554
0.0518522
0.056288
0.0549398
0.0584514
0.0574689
0.0594109
0.0591139
0.0582928
0.0591601
0.0542213
0.0566605
0.0461365
0.050831
0.0315695
0.039935
0.00699856
0.0203356
-0.0205636
-0.00695076
-0.0318543
-0.0939993
-0.0684472
-0.136137
-0.116062
-0.162159
-0.153133
-0.159136
-0.164098
-0.133217
-0.14837
-0.0963106
-0.115342
-0.0589988
-0.077241
-0.0269566
-0.0421357
-0.00221266
-0.0136233
0.0142167
0.00705457
0.0227946
0.0194412
0.0266667
0.0248256
0.0273517
-0.1361
-0.260688
-0.000532779
0.00523511
0.00685628
-0.0538998
-0.328814
-0.0426758
0.0370924
-0.35909
0.0814608
-0.342677
-0.0280553
-0.0393487
-0.0256458
-0.0288164
-0.0438217
0.0595615
-0.289231
-0.0556513
0.0219167
-0.220715
-0.00873326
-0.017783
-0.0633935
-0.0129086
-0.151488
-0.0649797
-0.0408143
-0.0913678
-0.058024
0.0265696
0.0272181
0.0268988
0.028076
-0.0204493
-0.0169057
0.0277704
-0.207851
0.0252919
0.0259949
0.0233138
0.0243775
0.0204584
0.0219901
0.0170475
0.0187795
0.0135791
0.0152779
0.0107304
0.0120087
0.00993997
0.00995093
0.0137651
0.0110929
0.0250062
0.0183958
0.042752
0.0334074
0.060397
0.0520428
0.0722758
0.067187
0.0774867
0.0756314
0.0773891
0.0779891
0.0735387
0.0758403
0.0669956
0.0705744
0.0595922
0.0635199
0.0509143
0.0553658
0.0414846
0.0462724
0.0316502
0.0365901
0.0219447
0.0267397
0.0131848
0.0173844
0.00648819
0.00951526
0.00287863
0.00424065
0.00194326
0.00204398
0.00315004
0.00238402
0.00403005
-0.0128532
-0.0202236
0.00552118
-0.0041516
0.0261737
0.0157679
0.0459077
0.0363075
0.0622925
0.054642
0.0736979
0.0687657
0.0784152
0.0769436
0.0763398
0.0781314
0.0690657
0.0731719
0.0596583
0.064434
0.0516667
0.0553482
0.0470067
0.0488837
0.0457422
0.04602
0.0467946
0.0460603
0.0490621
0.0478358
0.0517861
0.050401
0.054528
0.0531735
0.0570147
0.0558168
0.0589895
0.058085
0.0600243
0.0596496
0.0594716
0.0599921
0.0564792
0.0583425
0.0498975
0.0537924
0.0373943
0.0446295
0.0173051
0.0281708
-0.00451057
0.00594475
-0.0142505
-0.0470248
-0.0174665
-0.0297814
-0.087863
-0.0658701
-0.129973
-0.109573
-0.156172
-0.146378
-0.154824
-0.158856
-0.130555
-0.144993
-0.0951123
-0.11347
-0.0587027
-0.0765607
-0.0271193
-0.0420903
-0.00242696
-0.0138993
0.0146719
0.00714153
0.0239858
0.0202211
0.0276152
0.0261531
0.0282479
0.000741651
0.00896779
-0.139808
-0.291321
-0.057266
-0.0436067
-0.346038
-0.0296412
-0.0165173
-0.0146505
-0.0282819
0.0388075
-0.354009
-0.0386586
-0.0453903
0.0521472
-0.316362
-0.0619046
0.0168399
-0.250253
-0.00834913
-0.0269421
-0.0753671
-0.0221389
-0.181062
-0.0177031
-0.0840906
-0.0540677
-0.118843
-0.0848493
-0.0749231
0.0272065
-0.0109793
0.00225871
0.0114173
-0.225994
0.0262916
0.0265538
0.0264152
0.0254195
0.0258784
0.0240314
0.024767
0.0221372
0.023143
0.0199654
0.0210487
0.0180578
0.0189375
0.0171809
0.0174287
0.0185758
0.0175017
0.0239747
0.0206741
0.0346433
0.0286637
0.0491119
0.041638
0.0628847
0.0563941
0.0720742
0.0681439
0.0759506
0.0746237
0.075425
0.0761514
0.0717129
0.0738899
0.0658299
0.0689853
0.0588444
0.0624744
0.0509346
0.0549806
0.0424478
0.0467418
0.0337402
0.0380951
0.0253066
0.0294518
0.0178476
0.0214074
0.0121494
0.0147391
0.00888218
0.0101861
0.00804156
0.00821704
0.00908826
0.00836084
0.0115576
0.0100852
0.0160313
0.013496
0.0143992
0.0232005
0.0191065
-0.0143454
-0.0165227
-0.00432855
-0.0101419
0.0105434
0.00266433
0.0274218
0.0188877
0.043933
0.0358542
0.0576874
0.0513326
0.0680752
0.0637032
0.0728658
0.0711912
0.0721825
0.0731247
0.0673066
0.0701353
0.0604531
0.0640163
0.0541802
0.0571204
0.0501374
0.0518409
0.0486199
0.049098
0.0490392
0.0486428
0.0506253
0.0497333
0.0527618
0.0516557
0.0550437
0.0539036
0.0571893
0.0561484
0.0589492
0.058136
0.0599391
0.059564
0.0596407
0.0599887
0.0572919
0.0587777
0.0518074
0.055041
0.0414682
0.0473069
0.0254913
0.0340236
0.00773892
0.0163717
-0.00652736
3.08555e-05
-0.0103305
-0.0424557
-0.0273185
-0.0781977
-0.0594421
-0.11656
-0.0977706
-0.141541
-0.131801
-0.14239
-0.145026
-0.121871
-0.13427
-0.0899226
-0.106637
-0.0561733
-0.0728105
-0.0263135
-0.0404399
-0.00263395
-0.0137125
0.0146397
0.00686654
0.0246849
0.0205532
0.0282831
0.0269785
0.0286357
0.028798
0.0272771
0.0280933
-0.0737447
-0.135558
-0.299542
0.0263994
-0.0151952
-0.0117425
-0.0253812
-0.0359542
-0.335242
0.0280151
0.0186442
-0.0497454
-0.0445408
0.0208557
-0.320781
0.00416756
-0.0649257
0.00612702
-0.266033
-0.0081509
-0.0366239
-0.0839664
-0.0340438
-0.197071
-0.0183723
-0.0996326
-0.0716012
-0.135243
-0.0273052
-0.109455
-0.0968363
-0.088907
-0.108613
0.033622
0.0415948
0.0458949
-0.00770465
-0.00137088
-0.225891
0.0258768
0.024734
0.0252515
0.0258041
0.0258161
0.0252922
0.0255518
0.0244663
0.0249162
0.0233278
0.0239272
0.0221408
0.0227146
0.0214231
0.0216879
0.0219036
0.0214617
0.0245902
0.0229064
0.0306131
0.0271351
0.0404075
0.0350778
0.0523958
0.0462971
0.0634183
0.0582393
0.0707341
0.0676097
0.07373
0.0727369
0.0730339
0.0737766
0.0695992
0.0715942
0.0642971
0.0671305
0.0578726
0.0611963
0.050696
0.0543582
0.043076
0.0469206
0.0353634
0.0392065
0.0280094
0.0316091
0.0216103
0.0246522
0.0167801
0.0189708
0.013964
0.0151069
0.0133729
0.0133838
0.0144102
0.0136702
0.0172398
0.0155727
0.0223288
0.0195141
0.0300993
0.0257161
0.0356402
-0.000257679
0.00856951
0.00328722
-0.00552388
-0.00334279
-0.00468331
-0.00613828
0.00293785
-0.00166876
0.0148982
0.0085087
0.0286822
0.0216227
0.0425934
0.0357453
0.0551151
0.0490571
0.0635103
0.0596677
0.068064
0.0663201
0.0682991
0.0686714
0.0651086
0.0670311
0.0601215
0.0626955
0.055264
0.0575783
0.0518749
0.0533463
0.050356
0.0508966
0.0504189
0.0502264
0.0515378
0.0508826
0.0532257
0.0523376
0.0551207
0.0541661
0.0569502
0.056058
0.0584779
0.0577676
0.0593531
0.0590184
0.0591405
0.0594134
0.0571816
0.0584274
0.0525353
0.0552687
0.0439804
0.0488092
0.031063
0.0380248
0.0164449
0.0237625
0.0035379
0.00961584
-0.00267291
-0.000757387
-0.036415
-0.0244109
-0.0665806
-0.0506274
-0.0993664
-0.0832399
-0.121831
-0.112727
-0.124717
-0.125878
-0.108744
-0.118692
-0.0815766
-0.0959731
-0.0516437
-0.0665285
-0.0245561
-0.0375112
-0.00253623
-0.0128958
0.0142306
0.0065175
0.0250173
0.0203875
0.028604
0.0273776
0.0287567
0.0289449
0.0272051
0.0280861
0.0263613
-0.0208164
-0.125714
-0.286896
0.0391402
0.0448635
0.0511797
0.00132699
0.023426
0.0246609
-0.0601046
-0.0415097
-0.0430204
-0.302832
0.00769617
-0.0645756
-0.0210017
-0.270034
-0.00738682
-0.0458411
-0.0885957
-0.0531516
-0.206052
-0.0196928
-0.111056
-0.0931544
-0.139919
-0.0371146
-0.0292086
-0.130037
-0.124434
-0.0923703
-0.140493
-0.139786
0.0175866
-0.00422207
-0.014148
-0.21377
0.0248912
0.024659
0.0250808
0.0250492
0.0249631
0.0250678
0.0246214
0.0248352
0.0241087
0.0243795
0.0237063
0.0238741
0.0238858
0.0236917
0.0252939
0.0243942
0.0287123
0.0267083
0.034847
0.0314205
0.043705
0.0389844
0.0537499
0.048692
0.0627712
0.0585422
0.0687529
0.066197
0.0711679
0.0703832
0.070447
0.0711476
0.0673409
0.0691385
0.0625773
0.0651231
0.0567529
0.0597664
0.0502709
0.0535737
0.0434437
0.0468799
0.0366119
0.0400053
0.0301871
0.0333206
0.0246762
0.0272861
0.020587
0.0224308
0.0182763
0.0191988
0.0178702
0.0178491
0.0192069
0.0182998
0.0223704
0.0205125
0.0278488
0.0248368
0.0359453
0.031511
0.0464279
0.0411744
0.0408126
0.0503857
0.0574493
0.0514456
0.00858324
0.0178923
0.0121789
0.00374094
0.005834
0.00347786
0.00287155
0.00907441
0.00559112
0.018563
0.0134958
0.0299567
0.0241059
0.0416721
0.0358911
0.0521057
0.0471239
0.0596548
0.0562473
0.0639419
0.0622235
0.0647635
0.0647515
0.0627706
0.0640477
0.0591663
0.0610668
0.0554361
0.0572377
0.0526595
0.0538916
0.0512636
0.0517922
0.051142
0.0510673
0.0519425
0.0514545
0.0532852
0.0525691
0.054854
0.054059
0.0563969
0.0556418
0.0576875
0.0570892
0.0584104
0.0581381
0.058189
0.0584427
0.0564577
0.0575497
0.0524325
0.0547807
0.0451997
0.0492559
0.0344752
0.0402254
0.0220994
0.0283179
0.0108899
0.0161696
0.00360561
0.00650179
-0.0120963
-0.00392485
-0.0297971
-0.0202082
-0.0543805
-0.0412333
-0.0813189
-0.0680814
-0.100723
-0.0925889
-0.104992
-0.104959
-0.0934261
-0.100932
-0.0714294
-0.0832655
-0.0459296
-0.0587368
-0.0220691
-0.033587
-0.00210287
-0.0115466
0.0135891
0.00625823
0.0245449
0.0197646
0.028643
0.0273279
0.0285368
0.0288875
0.0268609
0.0278234
0.0256091
0.032963
-0.0656818
-0.0369076
-0.123116
-0.261496
0.0222935
0.0262268
0.0143118
-0.0612047
-0.0741307
-0.260578
0.0201777
0.0601418
0.066122
-0.00442195
0.0207303
0.010995
-0.052653
-0.0893312
-0.0844028
-0.214775
-0.0204387
-0.117808
-0.12511
-0.147047
-0.0461494
-0.0323837
-0.14516
-0.159146
-0.0892762
-0.0402654
-0.168198
-0.178039
-0.0597998
0.0347003
0.0449962
-0.180984
0.0547568
-0.0190635
-0.0302876
-0.199552
0.0236916
0.0233132
0.0242024
0.024052
0.0244519
0.0243688
0.0245295
0.0245169
0.0245411
0.0245333
0.0247668
0.0246078
0.0256289
0.0250904
0.0276734
0.0264705
0.0314848
0.0293307
0.0374722
0.0342042
0.045508
0.0412615
0.0539657
0.049708
0.0614904
0.0579682
0.0664857
0.0643482
0.0684968
0.0678492
0.0678183
0.0684532
0.0650437
0.0666485
0.0607797
0.0630609
0.0555365
0.0582508
0.0497055
0.0526736
0.0436008
0.0466676
0.0375513
0.0405473
0.0319349
0.0346646
0.0271859
0.029426
0.0237353
0.0252782
0.0218987
0.0226064
0.021778
0.0216317
0.0233426
0.0223498
0.0268446
0.0248098
0.0324946
0.0293548
0.0405956
0.0362063
0.0505561
0.0455109
0.0623823
0.0557288
0.0363488
0.0294348
0.0422315
0.0254547
0.0331005
0.016197
0.0199553
0.0114067
0.0134091
0.0103058
0.0102011
0.0143171
0.0117546
0.0218363
0.0177684
0.0312009
0.0263787
0.0409729
0.0361283
0.0497779
0.045567
0.0564409
0.0534103
0.0604134
0.0587694
0.0615927
0.061328
0.0604409
0.061247
0.0578766
0.05926
0.0550364
0.0564277
0.0527981
0.0538084
0.051576
0.0520566
0.0513701
0.051361
0.0519506
0.0515829
0.0530231
0.0524449
0.054316
0.0536577
0.0556019
0.0549726
0.0566646
0.0561756
0.0572231
0.0570236
0.0569414
0.0572083
0.0553329
0.0563336
0.0517394
0.0538191
0.0454568
0.0489536
0.0363296
0.0411945
0.0256558
0.0310249
0.0156951
0.0203965
0.0084332
0.0115274
0.0043614
0.00594506
-0.00888438
0.00057571
-0.00303308
-0.0237073
-0.0157349
-0.0433513
-0.0329287
-0.0647618
-0.0542169
-0.0809261
-0.0739609
-0.0857729
-0.0849794
-0.077887
-0.0832752
-0.0607647
-0.0701383
-0.0397419
-0.050421
-0.0192303
-0.0292368
-0.00146696
-0.00991744
0.0127796
0.00605468
0.0236368
0.0187214
0.0282575
0.0267797
0.0280566
0.0285005
0.0260744
0.0272397
0.0225524
0.0244503
0.0213374
0.0237545
-0.0559754
-0.141284
-0.23708
0.0209637
0.0706263
0.00329078
0.00214159
0.0360489
0.0246587
0.0360956
0.0279609
-0.0526703
-0.0867811
-0.131396
-0.222791
-0.0186388
-0.11985
-0.166019
-0.166643
-0.0522061
0.0472939
-0.0353015
-0.154249
-0.208346
-0.0989285
-0.0456453
-0.188929
-0.228916
-0.0518423
-0.0506352
-0.21739
-0.229937
0.0714386
-0.0371532
-0.00276276
-0.0187802
0.0658928
-0.0491055
-0.197878
0.0223715
0.0217075
0.0232128
0.022872
0.0237569
0.0235168
0.0241972
0.0239931
0.0246623
0.0244188
0.0254074
0.0249827
0.0268036
0.026001
0.0292962
0.0278883
0.0333051
0.0310954
0.0390238
0.0359605
0.0459917
0.0424287
0.053528
0.0498399
0.0599189
0.0569353
0.0641538
0.0623392
0.0658602
0.0653135
0.0652419
0.0658094
0.0627729
0.0642017
0.0589624
0.0610025
0.0542588
0.0566953
0.0490298
0.0516896
0.0435824
0.0463144
0.0382319
0.0408747
0.0333268
0.0357022
0.0292451
0.0311612
0.0263579
0.0276345
0.024948
0.0254603
0.0251323
0.0248425
0.026961
0.0258387
0.0306217
0.02855
0.0363567
0.0332149
0.0443838
0.0400868
0.0538913
0.0489885
0.0660117
0.0594216
0.0794473
0.0819994
0.0736591
0.0761378
0.048061
0.0426695
0.04706
0.0564485
0.0526139
0.0318725
0.0388159
0.0225693
0.0264995
0.0175496
0.0196663
0.0160312
0.0162831
0.0187643
0.0169183
0.0246709
0.0214264
0.032315
0.0283594
0.0404552
0.0363985
0.0479226
0.0443352
0.053752
0.0510781
0.0574076
0.0558595
0.0587832
0.0583606
0.0582226
0.0587011
0.0564336
0.0574236
0.054289
0.0553548
0.0525044
0.0533218
0.0514632
0.051884
0.051226
0.0512529
0.0516482
0.0513703
0.052503
0.0520378
0.0535608
0.0530203
0.0546173
0.0541012
0.0554758
0.0550837
0.0558771
0.0557512
0.0555188
0.0558105
0.0539812
0.0549241
0.0507034
0.0525879
0.0451383
0.0482189
0.0371998
0.0414245
0.0278659
0.0325924
0.018883
0.0231984
0.0116961
0.0148742
0.00718723
0.00914642
0.00573341
-0.000177556
0.00446536
0.00234858
-0.00726635
-0.00331987
-0.0189102
-0.012439
-0.0342656
-0.0262239
-0.0508137
-0.0426271
-0.0638283
-0.0581026
-0.0685973
-0.0674345
-0.0634938
-0.0672113
-0.050557
-0.0577685
-0.0336611
-0.0423519
-0.0163577
-0.0248993
-0.000805601
-0.00824968
0.0118832
0.00584859
0.0223428
0.0174448
0.0274968
0.0257806
0.0273539
0.0278381
0.0251032
0.0263953
0.0220166
0.0235305
0.0194493
0.0206969
0.0123174
0.0175199
-0.0386599
-0.0117524
0.00449427
-0.0431615
-0.0587518
-0.0814518
-0.18572
-0.228056
-0.0126685
-0.118239
-0.211964
-0.200031
0.0890134
0.0909059
-0.0514393
0.0600586
0.0828322
0.0787093
0.0511462
0.0596886
0.00344974
0.00597123
0.00469141
0.0181219
0.0186911
0.017279
-0.0356498
-0.157988
-0.261788
-0.133748
0.0113133
0.0239936
-0.05164
-0.201238
-0.297595
-0.0681639
-0.0585861
-0.0587634
-0.0640848
-0.0310137
-0.244795
-0.299138
-0.0318923
-0.277046
-0.0725133
-0.219861
0.0196733
0.0189062
0.0210288
0.0203596
0.0220862
0.0216228
0.0228885
0.0225061
0.023648
0.023271
0.0245082
0.0240565
0.0256977
0.0250464
0.0275306
0.0265147
0.0303573
0.0288022
0.0344637
0.0322433
0.0399019
0.0370316
0.0462632
0.0430168
0.0527758
0.0496132
0.0582615
0.0557039
0.0618867
0.0603333
0.0633403
0.0628781
0.062772
0.0632827
0.0605664
0.0618429
0.0571561
0.0589829
0.0529418
0.0551253
0.0482609
0.0506401
0.0434101
0.0458384
0.0386882
0.0410143
0.0344153
0.0364764
0.0309263
0.0325541
0.0285437
0.0295813
0.0275208
0.0278545
0.0279937
0.0275684
0.0300593
0.0288233
0.0338672
0.0317381
0.0396559
0.0365006
0.0474908
0.043349
0.0569347
0.0520088
0.0689589
0.06255
0.0840049
0.0761288
0.0863547
0.0517308
0.0389458
0.045734
0.0604976
0.0566034
0.0664849
0.0637101
0.0370623
0.0435039
0.0279217
0.0318968
0.022642
0.0248646
0.0207672
0.0212695
0.0225033
0.0212205
0.0270781
0.0245208
0.0332934
0.0300542
0.0400731
0.0366777
0.0464125
0.0433519
0.0514933
0.0491429
0.0548304
0.053389
0.0563034
0.0557856
0.0561603
0.0563997
0.0549478
0.055643
0.0533419
0.0541527
0.051927
0.0525842
0.0510491
0.0514123
0.0508019
0.0508513
0.0511004
0.0508945
0.0517723
0.0514029
0.0526265
0.0521888
0.053482
0.0530645
0.0541664
0.0538564
0.0544329
0.054377
0.0540088
0.054321
0.0525311
0.0534253
0.0495147
0.0512381
0.0445262
0.0472743
0.0375238
0.041241
0.0292464
0.0334601
0.0210132
0.025034
0.0140733
0.0173406
0.00924147
0.0114096
0.0074522
-0.00054061
0.00169327
-0.00646563
-0.00331646
-0.0152326
-0.0103216
-0.0269411
-0.0208363
-0.0395384
-0.0332863
-0.049756
-0.045189
-0.0540752
-0.0528094
-0.0509303
-0.0534164
-0.0413692
-0.0467968
-0.0280519
-0.0349938
-0.0136856
-0.020862
-0.000300699
-0.00674836
0.0108769
0.00551417
0.0207589
0.0160078
0.0262764
0.0243493
0.0263608
0.0267643
0.0241977
0.0254213
0.021461
0.0228145
0.0200564
-0.00179468
0.0301555
-0.0868653
-0.113168
-0.253597
-0.240494
0.0923498
-0.0439257
0.0743055
0.0687601
0.00706495
0.00555942
0.0167565
0.0159345
-0.0310923
-0.156583
-0.309382
-0.194555
0.0372459
-0.0555461
-0.205912
-0.36413
-0.11882
-0.00579117
0.00906037
-0.0615986
-0.0690438
-0.0962914
-0.0570703
-0.261421
-0.385693
-0.0562897
-0.0707546
-0.315886
-0.362702
0.0192179
0.00597449
-0.102333
-0.265384
0.0183166
0.0175606
0.0197099
0.0190347
0.0208466
0.0202948
0.0218581
0.0213574
0.0228964
0.0223678
0.0241059
0.0234703
0.0256889
0.0248376
0.0279001
0.0267014
0.0310007
0.0293278
0.0351653
0.032949
0.0403488
0.0376477
0.0461547
0.0432155
0.051877
0.0490585
0.0566378
0.0544261
0.0597545
0.0584224
0.0609805
0.0605977
0.0604364
0.0609081
0.0584431
0.0595942
0.0553768
0.0570182
0.0515948
0.0535535
0.0474078
0.0495333
0.0430972
0.0452507
0.0389435
0.0409835
0.0352385
0.0370176
0.0322817
0.0336503
0.0303553
0.0311764
0.0296866
0.029856
0.0304229
0.0298755
0.0326796
0.0313569
0.0366011
0.034425
0.0423882
0.0392543
0.0500569
0.046009
0.0594535
0.0545256
0.0711824
0.0650042
0.0855966
0.0780895
0.10093
0.101841
0.0936068
0.0985197
0.0998544
0.0941387
0.0967116
-0.0306016
0.0888469
0.0914946
0.0671986
0.0598665
0.0636625
0.0727036
0.0701638
0.0765106
0.074854
0.0707649
0.0796611
0.078206
0.0544423
0.0623276
0.0411793
0.0473322
0.0322081
0.0361817
0.0268318
0.0291383
0.024641
0.0253444
0.0256002
0.0247607
0.0290893
0.0270964
0.0341262
0.031479
0.0397691
0.0369286
0.0451546
0.0425406
0.0495821
0.0475172
0.0526152
0.0512827
0.054121
0.0535488
0.0542726
0.0543397
0.0534869
0.0539617
0.0522934
0.0529075
0.0511699
0.0516998
0.0504238
0.0507401
0.0501663
0.0502355
0.0503559
0.0502133
0.0508659
0.0505811
0.051541
0.051193
0.0522242
0.051891
0.0527649
0.0525201
0.0529306
0.0529568
0.052472
0.0527892
0.0510691
0.0519101
0.0482949
0.0498722
0.0437956
0.0462656
0.0375493
0.0408623
0.030133
0.0339216
0.0225856
0.0262979
0.0158788
0.019034
0.0108918
0.0131697
0.00884936
0.00272223
0.00434659
0.00371204
-0.000565894
0.00131452
-0.00545263
-0.00286621
-0.0121971
-0.00848412
-0.021021
-0.0164149
-0.0305628
-0.0258192
-0.0384761
-0.0348944
-0.0422096
-0.0409877
-0.040391
-0.0420015
-0.0334495
-0.0374646
-0.023105
-0.0285722
-0.0113531
-0.0172872
-3.00553e-05
-0.00552361
0.00976851
0.00500832
0.0190138
0.0144856
0.0246317
0.0225993
0.0250183
0.0252537
0.0231874
0.0242495
0.020636
0.0219529
0.0178205
0.0192122
0.0150732
0.0163879
-0.0207281
0.0554788
-0.123362
-0.150528
-0.338634
-0.27086
0.052317
-0.0537001
-0.205284
-0.412191
-0.204717
0.0242023
0.109555
0.110174
0.0725441
0.0811344
-0.0603835
0.00340858
0.00466543
0.0035076
0.0137964
0.0141004
0.0128606
-0.0781056
-0.0113232
-0.267494
-0.460944
-0.119837
-0.0282526
-0.0109017
-0.0868871
-0.0805748
-0.340972
-0.463413
-0.0649016
-0.138675
-0.0908521
-0.414304
0.0861244
0.103401
0.102677
0.049802
0.0430688
-0.140051
-0.328282
0.069037
0.0154298
0.0146419
0.016926
0.0161807
0.0182963
0.0176343
0.019519
0.0189386
0.0206888
0.0200976
0.0219624
0.0213053
0.0234805
0.0226816
0.0254193
0.0243866
0.0279761
0.0266102
0.0313267
0.0295463
0.0355499
0.0333332
0.0405286
0.037964
0.0458781
0.0431916
0.0509797
0.0485006
0.0551217
0.0532052
0.0577956
0.0566587
0.0588021
0.0585013
0.0582479
0.058701
0.0564121
0.0574663
0.0536293
0.055116
0.0502205
0.0519829
0.0464735
0.0483718
0.0426515
0.0445558
0.0390138
0.0407939
0.0358245
0.0373477
0.0333503
0.0344838
0.0318394
0.032463
0.0314952
0.0315141
0.0324669
0.0318122
0.0348751
0.0334873
0.0388619
0.036664
0.0445932
0.0415069
0.052093
0.0481313
0.0613738
0.0564999
0.0728448
0.0668215
0.0867929
0.079533
0.102596
0.0945503
0.107984
0.108755
0.105494
0.10684
0.104376
0.0803084
0.0785503
0.0795528
0.0822282
0.0811827
0.0845645
0.0833349
0.0865853
0.0855991
0.088738
0.0876725
0.0570642
0.0644322
0.044459
0.0503488
0.0356277
0.0395874
0.0302076
0.0325467
0.0277662
0.0286328
0.0281181
0.0276258
0.0307335
0.0291984
0.0347995
0.0326419
0.0394969
0.0371188
0.044082
0.0418437
0.0479484
0.0461312
0.0507027
0.0494743
0.0522031
0.0516028
0.0525613
0.0525046
0.0520914
0.0524017
0.0512086
0.0516739
0.0503044
0.0507387
0.0496507
0.0499361
0.0493683
0.0494621
0.0494506
0.0493689
0.0498099
0.0496032
0.0503263
0.0500564
0.0508664
0.0506019
0.0512673
0.0510962
0.0513743
0.0513161
0.0509535
0.0512508
0.0496545
0.0504304
0.0471213
0.048558
0.0430559
0.0452833
0.0374328
0.0404172
0.030705
0.0341564
0.0236704
0.0271702
0.0171889
0.0202964
0.0119721
0.0143635
0.00780765
0.00981089
0.00609178
0.00224456
0.00297493
-0.000252753
0.0011696
-0.00413453
-0.00203941
-0.00943981
-0.00655838
-0.016176
-0.0126693
-0.0234291
-0.0198217
-0.0295431
-0.0267479
-0.0326855
-0.0315785
-0.0317273
-0.0327365
-0.0267598
-0.0296883
-0.0188404
-0.0230804
-0.00941599
-0.0142178
-3.10827e-05
-0.00462553
0.00851173
0.0042931
0.0170649
0.0128281
0.0225203
0.0204987
0.0232089
0.0232442
0.0217852
0.0226681
0.0193978
0.0206658
0.0166947
0.0180654
0.0153653
-0.044249
0.0780791
-0.171111
-0.199442
-0.428761
-0.311098
0.0417575
0.10217
0.0824471
0.110729
0.0897983
-0.0481023
0.00469768
0.00332554
0.0125745
0.0117088
-0.0812756
0.0342663
-0.266341
-0.506406
-0.224301
0.00682366
-0.103299
-0.0878753
-0.350309
-0.540336
-0.136029
-0.036537
-0.104699
-0.446655
-0.52076
0.102013
-0.0391876
0.105578
0.110354
-0.0594968
0.120747
0.124091
-0.188368
-0.397131
0.0618242
0.0141565
0.0134029
0.0155654
0.0148744
0.0169042
0.0162529
0.0181456
0.0175299
0.0194204
0.0187677
0.0208779
0.0201176
0.0226603
0.0217196
0.0249201
0.023722
0.027801
0.0262767
0.031399
0.0295094
0.0357053
0.0334717
0.0405416
0.0380772
0.0455271
0.0430464
0.0501235
0.0479088
0.0537564
0.0520857
0.056032
0.0550741
0.0568153
0.0566036
0.0562125
0.0566693
0.0544768
0.055464
0.0519138
0.0532772
0.0488183
0.0504135
0.0454576
0.0471546
0.0420758
0.0437543
0.0389092
0.0404514
0.0361934
0.0374814
0.0341624
0.03508
0.0330332
0.0334753
0.0329868
0.032868
0.0341654
0.0334186
0.0366902
0.0352554
0.040698
0.0385028
0.046328
0.0433086
0.0536426
0.0497758
0.0627563
0.0579633
0.0739705
0.0680905
0.087518
0.0804302
0.10307
0.0951381
0.118957
0.1194
0.111204
0.11802
0.118455
0.117255
0.117599
0.116812
0.116951
0.117542
0.116914
0.118627
0.0996558
0.102085
0.0966353
0.0978019
0.0959187
0.0960643
0.0963984
0.0960293
0.0976624
0.0969569
0.0905189
0.0990163
0.0983478
0.073858
0.0821626
0.0588785
0.0660408
0.0469018
0.0524721
0.0382874
0.0421939
0.0328595
0.0352139
0.0302301
0.0312223
0.0301124
0.0298895
0.0320312
0.0308643
0.0353035
0.0335474
0.0392216
0.0372251
0.0431419
0.0412165
0.0465344
0.0449273
0.0490431
0.0479087
0.0505188
0.0499057
0.0510219
0.050876
0.0507837
0.0509727
0.0501281
0.0504846
0.0493768
0.0497458
0.0487716
0.049045
0.0484411
0.0485683
0.0484101
0.0483898
0.0486275
0.0484926
0.049005
0.0488005
0.0494377
0.0492208
0.0497797
0.0496295
0.0498745
0.0498561
0.0494977
0.0497608
0.0483322
0.0490294
0.0460445
0.0473422
0.0423683
0.0443826
0.0372672
0.0399781
0.0310795
0.0342704
0.0244361
0.0277692
0.0180785
0.0211772
0.0126042
0.0152034
0.00821933
0.0102833
0.00634957
-0.0927163
-0.197642
-0.142378
0.00266712
0.0022409
0.00257834
0.00199468
0.00247119
0.000161778
0.0012244
-0.00283765
-0.0011997
-0.0070296
-0.0047614
-0.0122355
-0.00953731
-0.0177763
-0.0150234
-0.0224979
-0.0203209
-0.0251089
-0.0241351
-0.024719
-0.0253095
-0.0212403
-0.0233348
-0.015291
-0.0185151
-0.00789711
-0.011697
-0.000245571
-0.00403657
0.00717702
0.00344429
0.0149706
0.0110951
0.0200337
0.0181249
0.0210089
0.0208337
0.0200451
0.0207179
0.0179275
0.0190756
0.0154613
0.0167094
0.013039
0.0142254
0.010782
0.0118856
-0.0749374
0.0780215
-0.229549
-0.259579
-0.509977
-0.351176
0.027436
0.0777831
-0.114772
-0.0858376
-0.345107
-0.578203
-0.24801
0.129568
0.139355
0.0207591
-0.0170233
0.12933
0.101645
0.126857
0.127469
0.0912677
0.0999904
-0.130623
-0.45623
-0.591914
-0.162227
-0.0708195
0.00971272
0.00973829
0.00870296
0.00139946
0.00171756
0.000771482
-0.121559
-0.552114
-0.0782428
0.153106
0.136722
0.165127
0.117007
-0.102191
-0.247717
-0.458514
0.0517371
0.0114408
0.0105921
0.0129682
0.0122165
0.0143142
0.0136558
0.0155605
0.0149435
0.0167834
0.0161654
0.0181115
0.0174237
0.0196971
0.0188619
0.0216903
0.0206334
0.0242277
0.0228838
0.0274076
0.0257342
0.0312543
0.0292509
0.0356776
0.0334056
0.0404406
0.0380374
0.0451577
0.0428323
0.0493507
0.0473474
0.0525583
0.0510975
0.0544767
0.0536837
0.0550291
0.0549149
0.0543366
0.0548203
0.0526424
0.0535929
0.050234
0.0515062
0.0473897
0.0488475
0.0443603
0.0458819
0.0413716
0.0428465
0.0386358
0.0399591
0.0363585
0.0374279
0.0347403
0.0354566
0.0339662
0.0342394
0.0341945
0.0339492
0.0355546
0.034729
0.0381639
0.0366989
0.0421527
0.0399811
0.0476451
0.0447086
0.0547483
0.0509903
0.0636474
0.0589625
0.0745524
0.0688434
0.0877206
0.0808326
0.103191
0.095246
0.119902
0.111505
0.126047
0.126361
0.126147
0.125984
0.127597
0.126646
0.131252
0.129112
0.138381
0.13416
0.144507
0.117069
0.122461
0.110064
0.11305
0.106603
0.107989
0.105524
0.105825
0.106115
0.105621
0.107518
0.106644
0.0746368
0.082811
0.0600133
0.0670022
0.0485558
0.053892
0.0402336
0.0440271
0.0348531
0.0372031
0.0320996
0.0331796
0.0316297
0.0316119
0.0330013
0.0321266
0.0356329
0.0342023
0.038916
0.0372306
0.0422914
0.0406223
0.045293
0.043859
0.0475952
0.0465399
0.0490409
0.0484218
0.0496468
0.0494355
0.0495753
0.0496761
0.0490762
0.0493579
0.0484156
0.0487476
0.047813
0.0480939
0.0474072
0.047578
0.0472546
0.0472964
0.0473445
0.0472699
0.0476107
0.0474506
0.0479736
0.0477775
0.0483064
0.0481527
0.0484378
0.0484041
0.0481482
0.0483594
0.0471412
0.047749
0.0450974
0.046261
0.0417656
0.0435955
0.0370878
0.0395808
0.0313042
0.0343032
0.0249419
0.0281485
0.0186352
0.0217472
0.0129379
0.0156911
0.00819433
0.010434
0.00441471
0.00618519
0.00291098
0.00212744
0.00187789
0.00183991
0.00211673
0.00053256
0.00130728
-0.00175463
-0.000490751
-0.005022
-0.00325766
-0.00904332
-0.00696267
-0.0132934
-0.0111829
-0.0169473
-0.0152507
-0.0190856
-0.0182543
-0.019034
-0.0193503
-0.0166541
-0.0181172
-0.0122999
-0.0146835
-0.00666951
-0.00958705
-0.000584919
-0.00364136
0.00573466
0.00250143
0.0125871
0.00918702
0.0170714
0.0153382
0.0184143
0.0179702
0.018032
0.0184296
0.0162972
0.0172751
0.0141132
0.0152216
0.0118709
0.0129896
0.0108033
-0.115568
-0.132049
-0.275988
-0.302593
-0.332508
-0.56865
-0.384385
0.151978
0.078099
0.00779837
0.0708498
0.1282
0.108531
-0.153298
0.174165
0.189554
-0.44501
-0.618499
-0.272256
0.00196682
-0.0500507
0.102181
0.008687
0.00770523
0.00866075
0.00767951
0.000791585
5.59193e-05
0.0010304
-6.55759e-05
-0.157737
-0.554912
-0.610697
-0.198838
-0.13732
-0.132656
0.14792
-0.2193
-0.122747
0.183892
-0.159118
-0.318343
-0.502937
0.164597
0.125185
0.0384716
0.010398
0.00959112
0.0118815
0.0111523
0.0131723
0.0125499
0.0143388
0.013763
0.0155136
0.0149134
0.0168483
0.0161496
0.0185056
0.0176243
0.0206473
0.0195052
0.0234032
0.0219412
0.0268392
0.0250347
0.0309211
0.0288057
0.0354871
0.0331583
0.0402417
0.0378626
0.0447841
0.0425647
0.0486745
0.0468335
0.0515324
0.0502461
0.0531339
0.0524907
0.0534535
0.0534422
0.0526351
0.0531667
0.050925
0.0518685
0.0486051
0.0498189
0.0459464
0.0472981
0.0431894
0.0445632
0.0405442
0.0418383
0.0381992
0.0393217
0.0363292
0.0371941
0.0350992
0.0356253
0.0346599
0.0347738
0.0351432
0.0347815
0.036662
0.0357699
0.0393241
0.0378465
0.0432498
0.0411249
0.048559
0.0457276
0.0553961
0.0517769
0.0639986
0.0594627
0.0745992
0.0690392
0.0874667
0.0807251
0.102914
0.0948778
0.12023
0.111455
0.136202
0.13757
0.129003
0.13424
0.135184
0.133524
0.133723
0.134456
0.13377
0.137678
0.13575
0.144043
0.140411
0.155123
0.148853
0.163289
0.177871
0.194791
0.149717
0.162373
0.13247
0.139963
0.122234
0.126704
0.11649
0.118904
0.113959
0.114899
0.113867
0.113656
0.115465
0.114488
0.109571
0.118189
0.116742
0.091778
0.100743
0.0748519
0.0830338
0.0605384
0.0673203
0.0494944
0.0546162
0.0414774
0.0451326
0.0362259
0.0385344
0.0334268
0.0345551
0.0327123
0.0328441
0.0336669
0.0330189
0.0357916
0.0346198
0.0385655
0.037128
0.0415029
0.0400361
0.0441911
0.0428906
0.0463279
0.0453304
0.0477469
0.047119
0.0484253
0.0481621
0.0484676
0.048504
0.048064
0.0482974
0.047438
0.0477556
0.0467962
0.0470989
0.0462933
0.0465109
0.0460178
0.0461143
0.0459928
0.0459644
0.0461919
0.0460629
0.0465337
0.0463433
0.0468997
0.0467188
0.0471152
0.0470325
0.0469494
0.0470914
0.0461119
0.0466269
0.0442945
0.0453371
0.0412497
0.0429296
0.0368904
0.0392234
0.0313885
0.0342563
0.0251888
0.028331
0.0188697
0.0220056
0.012979
0.0158421
0.00792419
0.0103232
0.00392486
0.00575643
0.00230709
0.00174115
0.0013728
0.001744
0.00186674
0.00083186
0.00139513
-0.000910652
6.19247e-05
-0.00342931
-0.00207148
-0.00651336
-0.00491813
-0.00975421
-0.00814574
-0.0125591
-0.0112472
-0.0142984
-0.0135932
-0.0144836
-0.0145978
-0.0129572
-0.0139248
-0.00989722
-0.0115924
-0.00575463
-0.00792184
-0.00105199
-0.00345087
0.00418661
0.0014645
0.00995051
0.00711021
0.0137989
0.0122364
0.0156385
0.0148592
0.0159238
0.0160114
0.0146063
0.0154035
0.0126613
0.0136624
0.0106239
0.0116441
0.00963032
-0.165198
0.211416
-0.360873
-0.38391
-0.42438
-0.597955
-0.406473
0.18871
0.0800232
-0.0188795
0.062012
0.0066553
-0.000799043
-0.193474
-0.53534
-0.62387
-0.298188
-0.0234227
-0.0985989
0.103797
0.143722
0.145686
0.110519
0.119869
-0.232101
-0.217761
-0.19248
-0.182428
0.210103
0.165587
-0.5986
0.238363
-0.428454
0.244929
0.274173
-0.404612
-0.526549
0.14046
0.019494
0.00781077
0.0057968
0.00670563
0.00951243
0.00865918
0.0109695
0.0102576
0.0122023
0.0116045
0.0133054
0.0127596
0.0144252
0.0138496
0.0157373
0.0150436
0.0174206
0.0165179
0.0196482
0.0184535
0.0225507
0.0210067
0.026176
0.0242719
0.0304495
0.0282398
0.0351539
0.0327649
0.0399422
0.037561
0.0443895
0.0422332
0.0480735
0.0463467
0.0506653
0.0495153
0.0520005
0.0514864
0.0520992
0.0521894
0.0511317
0.0517263
0.0493572
0.0503199
0.0470631
0.04825
0.0445224
0.045801
0.0419729
0.0432295
0.0396145
0.0407539
0.0376152
0.0385572
0.0361191
0.0367942
0.0352539
0.0356
0.035133
0.035095
0.0358571
0.0353858
0.0375168
0.0365675
0.0402048
0.0387293
0.0440278
0.0419705
0.0491046
0.0464034
0.0556073
0.0521639
0.0638173
0.0594781
0.0740603
0.068663
0.0866869
0.0800455
0.10216
0.0940372
0.120278
0.110996
0.13913
0.129773
0.141165
0.142223
0.140419
0.140496
0.142116
0.140961
0.146821
0.144056
0.155526
0.150619
0.169866
0.161892
0.193153
0.179968
0.232264
0.210327
0.294027
0.259821
0.196799
0.216187
0.166244
0.18027
0.145848
0.154921
0.133034
0.138708
0.125397
0.128679
0.121667
0.123119
0.121008
0.12101
0.122791
0.121644
0.126445
0.12442
0.0915944
0.101004
0.0744192
0.0826719
0.060352
0.0669431
0.0496886
0.0546031
0.0420299
0.0455101
0.0369989
0.039208
0.0342439
0.0353623
0.0333877
0.0336034
0.0340439
0.0335536
0.0357835
0.0348065
0.0381622
0.0369193
0.040759
0.0394563
0.0432051
0.0420187
0.0452149
0.0442757
0.0466105
0.0459932
0.0473341
0.0470527
0.0474419
0.0474553
0.0470786
0.0473057
0.0464401
0.0467791
0.0457312
0.0460809
0.0451278
0.0454056
0.0447511
0.0449041
0.0446565
0.0446646
0.0448326
0.0447111
0.0452043
0.0449948
0.0456422
0.0454152
0.0459681
0.0458241
0.0459362
0.0460057
0.0452561
0.045688
0.0436245
0.044569
0.0407842
0.0423587
0.0366355
0.0388661
0.0313063
0.0340975
0.0251877
0.0283119
0.0188207
0.0219929
0.0127822
0.0157237
0.00751627
0.0100192
0.00327066
0.00523262
0.000212661
0.00157073
-0.0017031
-0.000915093
0.000340769
-0.00136541
-0.000455852
0.0014093
0.000969669
0.00162092
0.00162575
0.00102051
0.00141471
-0.000279384
0.000453706
-0.00218728
-0.00116011
-0.00451926
-0.00331215
-0.00697273
-0.00575297
-0.00911909
-0.00810825
-0.0105069
-0.00992864
-0.0107838
-0.010792
-0.00982835
-0.0104513
-0.00775986
-0.00891116
-0.00489174
-0.00639687
-0.00152762
-0.00326443
0.00245683
0.000358479
0.0069054
0.00471859
0.010194
0.00872327
0.0126906
0.0115099
0.0136773
0.0134453
0.0127913
0.0133971
0.0111083
0.0119931
0.0093134
0.0102053
0.00753588
0.0084172
0.00561788
0.00664217
-0.221551
-0.210017
-0.346544
-0.454136
-0.501085
-0.596527
-0.416117
0.21907
0.0843689
-0.0606828
0.0509011
0.148072
0.128866
-0.00222685
0.0041904
-0.184152
-0.242349
-0.23599
0.109742
0.192493
0.290843
0.294215
0.285251
-0.0598525
-0.512412
-0.598339
-0.559541
-0.238872
0.379422
0.33963
0.378839
0.378455
0.383053
-0.474764
-0.525528
0.16097
0.437785
0.492291
0.537424
0.555297
0.434366
0.536286
0.491103
-0.00933575
-0.320894
-0.556712
-0.517032
-0.340591
-0.0844041
0.355247
0.351429
0.236199
0.122619
-0.281072
-0.286385
-0.320772
-0.337223
-0.32108
0.00361533
0.0047668
0.00560262
0.00639428
0.00718275
0.00796592
0.00874366
0.00952731
0.010284
0.0109294
0.0113691
0.0114493
0.0109717
0.00988585
0.00832706
0.00666682
0.0051368
0.00362083
0.00200171
0.000374283
-0.0010886
-0.00234119
-0.00342434
-0.0043917
-0.00527646
-0.00607575
-0.00675906
-0.00729658
-0.00764951
-0.00780148
-0.00773808
-0.00746851
-0.0070111
-0.00639202
-0.00564587
-0.00480363
-0.00390463
-0.0029852
-0.00208647
-0.00124363
-0.000475701
0.000185213
0.000727106
0.00113275
0.00139352
0.00149283
0.0014185
0.00115864
0.000704912
6.68981e-05
-0.000705546
-0.0015603
-0.00243629
-0.00326746
-0.00305131
-0.00256736
-0.00171057
-0.000549077
0.000895141
0.00267359
0.00473889
0.0070601
0.00963439
0.012438
0.0154247
0.0185496
0.021742
0.0249362
0.0280477
0.031013
0.0337651
0.036253
0.0384363
0.0402953
0.0418213
0.043026
0.0439249
0.0445525
0.0449383
0.0451259
0.0451479
0.0450487
0.0448577
0.0446151
0.0443455
0.0440819
0.0438397
0.0436436
0.0435056
0.0434418
0.0434563
0.0435562
0.0437362
0.0439921
0.0443096
0.0446743
0.0450635
0.0454551
0.045821
0.0461357
0.0463707
0.0465029
0.0465088
0.0463729
0.0460815
0.0456306
0.0450189
0.0442561
0.0433543
0.0423369
0.0412282
0.0400633
0.0388765
0.0377109
0.036608
0.035615
0.0347771
0.0341427
0.0337584
0.0336717
0.0339265
0.0345663
0.0356341
0.0371754
0.0392393
0.0418766
0.0451399
0.0490854
0.053778
0.0593067
0.0657478
0.0731504
0.0815103
0.0908133
0.100774
0.111122
0.121474
0.131488
0.140955
0.137341
0.134138
0.131495
0.129482
0.128098
0.12745
0.127579
0.128533
0.130397
0.133251
0.137216
0.14242
0.149037
0.157283
0.167458
0.179776
0.194138
0.210783
0.232439
0.263622
0.300402
0.337312
0.376447
0.418908
0.460278
0.49222
0.505764
0.495017
0.465594
0.425993
0.38299
0.342186
0.305171
0.273956
0.247527
0.225957
0.208282
0.193789
0.182156
0.172857
0.165393
0.159472
0.154861
0.1514
0.148937
0.147363
0.146615
0.146647
0.147337
0.148684
0.150608
0.153218
0.156411
0.160368
0.15085
0.140643
0.130217
0.119842
0.109894
0.100816
0.0926001
0.0852504
0.0787038
0.0728821
0.0677074
0.0631112
0.0590289
0.0554012
0.0521757
0.049307
0.0467609
0.0445097
0.0425359
0.0408222
0.0393583
0.03813
0.0371295
0.036345
0.0357706
0.0353963
0.0352163
0.0352213
0.0354043
0.0357555
0.0362657
0.0369245
0.0377188
0.0386365
0.0396601
0.0407743
0.0419558
0.0431847
0.0444311
0.0456701
0.0468649
0.0479859
0.0489912
0.0498489
0.0505158
0.0509604
0.0511444
0.051044
0.0506339
0.0499055
0.0488546
0.0474936
0.0458433
0.0439377
0.04182
0.0395405
0.0371554
0.0347211
0.0322948
0.0299267
0.027663
0.0255387
0.0235815
0.0218073
0.0202238
0.0188288
0.0176139
0.0165633
0.0156597
0.0148772
0.0141977
0.013588
0.0130376
0.0125022
0.0119869
0.0114322
0.010877
0.0102168
0.00956447
0.00870828
0.00797413
0.00687042
0.00615282
0.00456868
0.00415414
0.00171987
0.00173876
0.0020131
-0.507735
-0.453542
-0.415713
-0.570754
-0.287869
0.44898
0.0807248
0.256718
0.450728
0.588386
0.624556
0.597078
0.0385291
-0.131898
-0.0480025
0.517705
0.19
0.523766
-0.372522
-0.335072
-0.508463
-0.46585
0.000296373
-0.000461632
-0.397948
-0.462732
-0.444126
-0.459295
-0.343138
0.000656424
0.00304685
0.00407513
0.00540921
0.00624498
0.00734938
0.00815687
0.00900975
0.00967403
0.0103358
0.0108917
0.011445
0.0119566
0.0124901
0.013039
0.0136466
0.0143238
0.0151059
0.0160104
0.0170667
0.0182885
0.0196941
0.0212888
0.0230765
0.0250466
0.0271838
0.0294577
0.0318332
0.0342612
0.0366914
0.039064
0.0413239
0.0434122
0.0452817
0.0468868
0.0481987
0.0491935
0.0498662
0.0502168
0.0502621
0.0500215
0.0495278
0.0488123
0.0479157
0.0468747
0.0457316
0.0445218
0.0432845
0.0420502
0.0408524
0.0397152
0.0386652
0.0377197
0.0368985
0.0362125
0.0356757
0.0352942
0.0350772
0.0350278
0.0351523
0.0354522
0.0359324
0.0365948
0.0374443
0.0384843
0.0397213
0.0411611
0.0428132
0.0446862
0.046795
0.0491558
0.0517971
0.0547508
0.0580701
0.0618122
0.066063
0.0709065
0.0764574
0.0828196
0.0901292
0.098489
0.107987
0.118459
0.129852
0.141733
0.153535
0.16457
0.163941
0.707842
0.769546
0.306707
0.0173095
-0.215065
0.442875
0.656353
0.069145
0.310452
0.649455
0.43529
-0.376853
-0.316944
0.00142789
0.00128757
0.00307708
0.00387365
0.00452256
0.00521738
0.00589666
0.00655935
0.00721891
0.00786676
0.00847251
0.00896137
0.00924366
0.00916494
0.00851894
0.00721779
0.00538209
0.00341842
0.00174195
0.000409232
-0.000710081
-0.00168001
-0.00245009
-0.00302928
-0.00345895
-0.00381227
-0.0041475
-0.00448155
-0.00480577
-0.00508852
-0.0052934
-0.00538503
-0.0053363
-0.00513596
-0.00479243
-0.00432829
-0.00377528
-0.0031586
-0.00250853
-0.00184555
-0.00119865
-0.000590697
-3.69302e-05
0.00043919
0.000821956
0.00109521
0.00125084
0.00127546
0.00115675
0.000885757
0.000453466
-0.000134603
-0.000833822
-0.00159387
-0.00235238
-0.0030789
-0.00380806
-0.00405698
-0.00387804
-0.00331674
-0.00236388
-0.0010449
0.000481181
0.00231252
0.00438068
0.00672692
0.00930442
0.0121112
0.0150877
0.0181973
0.0213655
0.0245317
0.0276154
0.0305532
0.0332778
0.0357417
0.0379045
0.039747
0.0412605
0.042454
0.0433434
0.0439585
0.0443304
0.0444978
0.0444962
0.0443665
0.044142
0.0438601
0.0435498
0.0432427
0.0429603
0.0427272
0.0425582
0.0424695
0.0424668
0.0425569
0.0427352
0.042997
0.043327
0.0437095
0.0441195
0.0445329
0.0449194
0.0452515
0.0455001
0.0456408
0.0456514
0.0455166
0.0452263
0.044778
0.0441749
0.0434279
0.0425531
0.0415742
0.0405183
0.0394186
0.0383099
0.0372314
0.036222
0.0353231
0.0345748
0.0340181
0.0336928
0.033637
0.0338871
0.034479
0.0354502
0.0368414
0.0386993
0.0410791
0.0440431
0.0476689
0.0520452
0.0572867
0.0635156
0.0708553
0.0793742
0.0890572
0.0997509
0.111097
0.122813
0.134251
0.145108
0.155348
0.149809
0.145148
0.141113
0.137842
0.135388
0.133752
0.13304
0.133254
0.134429
0.13663
0.139944
0.144474
0.15035
0.157725
0.166812
0.177822
0.190887
0.206271
0.224548
0.247063
0.274469
0.304807
0.336503
0.371397
0.406894
0.43855
0.459368
0.468442
0.461492
0.440095
0.410185
0.375609
0.342719
0.311309
0.283103
0.258249
0.23723
0.219378
0.204404
0.191995
0.181814
0.173518
0.166849
0.161594
0.157604
0.154745
0.152871
0.151982
0.151983
0.152813
0.15443
0.156846
0.160054
0.164005
0.168638
0.174161
-0.412989
-0.535645
-0.497993
-0.45455
-0.488308
-0.00106809
-0.000215058
0.00183037
0.00337669
0.00471057
0.00582307
0.0068825
0.00777511
0.00861067
0.00931407
0.00997756
0.0105569
0.0111178
0.0116445
0.0121863
0.012746
0.0133633
0.0140497
0.0148412
0.0157531
0.0168137
0.0180374
0.0194411
0.0210296
0.0228058
0.0247586
0.0268723
0.0291172
0.0314579
0.033848
0.0362365
0.0385676
0.0407849
0.042834
0.0446655
0.0462381
0.0475198
0.0484902
0.0491403
0.0494723
0.0494996
0.0492432
0.0487332
0.0480035
0.0470932
0.0460409
0.0448875
0.0436711
0.042431
0.0412004
0.0400136
0.0388969
0.0378775
0.0369742
0.036206
0.0355843
0.0351209
0.0348214
0.0346916
0.034733
0.0349469
0.0353329
0.0358898
0.0366173
0.0375137
0.03858
0.0398153
0.041223
0.0428045
0.0445662
0.0465153
0.0486656
0.0510391
0.0536672
0.0566036
0.0599156
0.0637112
0.0681052
0.0732583
0.0793216
0.0864997
0.0949598
0.104832
0.116101
0.128719
0.142352
0.156589
0.170183
0.181962
0.191386
0.182453
0.176154
0.170855
0.166111
0.162246
0.159333
0.157378
0.156388
0.156386
0.157393
0.159469
0.162656
0.167056
0.172792
0.180011
0.18889
0.199655
0.212544
0.227731
0.245353
0.265584
0.288608
0.314279
0.341951
0.370599
0.397389
0.420184
0.435489
0.44113
0.435133
0.418907
0.395345
0.367422
0.337517
0.308668
0.281539
0.25621
0.23396
0.215228
0.199357
0.185785
0.174243
0.16458
0.156648
0.150278
0.145329
0.141681
0.139224
0.137907
0.137669
0.138485
0.140351
0.143247
0.147198
0.152192
0.158105
0.165132
0.162495
-0.00465792
-0.00496463
-0.00458596
-0.00382977
-0.00264201
-0.00129369
0.000326348
0.00217065
0.00426233
0.00660168
0.00916411
0.0119372
0.0148721
0.0179283
0.0210399
0.0241452
0.0271743
0.0300614
0.0327484
0.0351828
0.0373318
0.0391679
0.0406891
0.0418933
0.0428017
0.0434323
0.0438238
0.0440037
0.0440125
0.0438841
0.0436588
0.043366
0.0430413
0.042711
0.0424046
0.0421428
0.0419466
0.0418277
0.0417992
0.0418625
0.0420206
0.0422624
0.0425796
0.0429487
0.0433523
0.0437579
0.044143
0.0444716
0.0447225
0.0448625
0.0448783
0.0447455
0.0444634
0.0440212
0.0434324
0.0427004
0.0418517
0.0409014
0.0398863
0.0388303
0.037776
0.0367523
0.0358038
0.0349602
0.0342647
0.0337457
0.0334425
0.0333777
0.0335876
0.0340908
0.0349266
0.0361152
0.0377134
0.0397565
0.0423417
0.0455346
0.0494903
0.0543091
0.0602231
0.0673744
0.0760381
0.0860908
0.0975593
0.110187
0.123471
0.136963
0.1502
-0.00411858
-0.00328051
0.000685182
0.0010271
0.00247145
0.0029487
0.00349803
0.00408531
0.00462494
0.00515176
0.00567686
0.00618668
0.00665545
0.00702213
0.00720211
0.00706362
0.00638534
0.00505146
0.00314023
0.000993022
-0.000907896
-0.00231157
-0.00327359
-0.00389029
-0.00419247
-0.00423043
-0.00407391
-0.00382564
-0.00358123
-0.00339981
-0.00330922
-0.00329531
-0.00332465
-0.00334777
-0.00331867
-0.00320557
-0.00299867
-0.00270557
-0.00234275
-0.00192672
-0.00147941
-0.0010183
-0.000565583
-0.000140653
0.000245716
0.000576232
0.000836849
0.00101227
0.00109701
0.00107859
0.00094622
0.000692315
0.000316528
-0.000179166
-0.000767889
-0.00140722
-0.00202489
-0.00262657
-0.352978
0.541934
0.24406
0.547642
-0.100275
0.671742
-0.324424
-0.36102
0.412449
0.152081
0.414427
0.7063
-0.00240689
0.220448
-0.0242707
-0.00624674
-0.00558814
-0.000725169
-0.00176756
-0.48592
-0.399611
0.185265
0.20117
0.200654
-0.383799
0.2082
0.195134
-0.000568079
-0.206555
0.0511385
0.530191
0.312927
0.555683
-0.387496
-0.00192557
-0.00221068
-0.00114282
-0.00156335
-0.000265563
-0.000695862
0.000398008
0.000105161
0.000727384
0.000604976
0.000733954
0.000767201
0.000474673
0.000633381
2.65272e-05
0.000267089
-0.000515694
-0.000237245
-0.0010709
-0.000796638
-0.00156843
-0.00132963
-0.00190035
-0.00176207
-0.00196366
-0.00195683
-0.00199618
-0.0019558
-0.00241606
-0.00213841
-0.00335683
-0.00283507
-0.00440515
-0.00391225
-0.00478505
-0.00472816
-0.00366916
-0.00445238
-0.000488205
-0.00232763
0.00320766
0.00149428
0.00500088
0.00437859
0.0050208
0.00510693
0.0044515
0.00477584
0.00371043
0.00408516
0.00293397
0.00332638
0.00205613
0.0024954
0.00086727
0.00176066
0.000767955
0.155951
0.171776
0.123561
0.139648
0.0943618
0.108336
0.071579
0.082031
0.0562087
0.0630376
0.0464817
0.0507862
0.0403537
0.0430628
0.0365237
0.0382095
0.0342453
0.0352189
0.033168
0.0335692
0.0331136
0.0330222
0.0339232
0.0334216
0.0353982
0.0345919
0.0372915
0.0363096
0.0393278
0.0383095
0.0412348
0.0403138
0.0427771
0.0420643
0.0437907
0.0433571
0.044211
0.0440753
0.0440831
0.0442092
0.0435502
0.0438558
0.0428191
0.0431956
0.0421132
0.0424502
0.0416203
0.0418312
0.0414563
0.0414935
0.0416467
0.0415094
0.0421272
0.041858
0.0427647
0.0424388
0.0433549
0.0430801
0.0436587
0.0435598
0.0434013
0.0436185
0.042309
0.0429755
0.0401467
0.0413731
0.0367895
0.0386195
0.0322685
0.0346664
0.0268119
0.0296362
0.0208254
0.023856
0.0148001
0.017788
0.00919615
0.0119226
0.00433881
0.00666216
0.00037749
0.00223399
-0.00270632
-0.00129794
-0.00491635
-0.0040606
-0.00596945
0.183636
0.190977
0.171099
0.176832
0.163131
0.166525
0.15975
0.160888
0.160829
0.15975
0.166486
0.163069
0.177291
0.171203
0.194206
0.184921
0.218469
0.205355
0.251126
0.233715
0.292404
0.270761
0.340135
0.315774
0.386523
0.364429
0.416738
0.404734
0.416592
0.420908
0.384864
0.40382
0.335878
0.36159
0.285374
0.31021
0.240667
0.262007
0.205524
0.221825
0.179626
0.191561
0.161269
0.169587
0.149318
0.154567
0.142823
0.145444
0.141192
0.14143
0.144223
0.142127
0.15211
0.147547
0.165673
0.158072
0.174686
0.176253
0.190648
0.142212
0.159074
0.112734
0.126506
0.0904899
0.100643
0.0752013
0.0820349
0.0649551
0.0695595
0.0578071
0.0610718
0.0524164
0.0549419
0.0480066
0.0501097
0.044257
0.0460536
0.0410812
0.0425957
0.0384807
0.0397059
0.0364832
0.0374033
0.0351229
0.0357201
0.0344329
0.0346911
0.0344356
0.0343458
0.0351286
0.0346959
0.0364696
0.0357212
0.0383613
0.0373534
0.0406438
0.0394642
0.0430954
0.0418623
0.0454426
0.0442983
0.0473782
0.0464793
0.0485891
0.0480901
0.0488005
0.048831
0.0478271
0.0484655
0.045622
0.0468724
0.0423049
0.0440864
0.0381549
0.0403103
0.033561
0.0358867
0.0289431
0.0312304
0.0246693
0.026745
0.0209914
0.0227469
0.018017
0.0194163
0.0157235
0.0167921
0.0139977
0.0147944
0.0126612
0.0132948
0.0115207
0.0120801
0.0103938
0.0109699
0.00911284
0.00978807
0.00753905
0.00837948
0.00556761
0.00663215
0.00281152
0.00436057
-0.00103943
0.000951316
-0.00389588
-0.00276076
-0.458623
-0.00469337
-0.00684909
0.225466
0.208041
0.222915
0.210895
-0.00711408
-0.00413931
-0.00714765
0.000661824
-0.00159109
0.00411736
0.00256184
0.00648287
0.00541866
0.0082901
0.00743763
0.00973516
0.00904674
0.0109528
0.0103611
0.0121011
0.0115239
0.0133584
0.0127043
0.0149132
0.0140873
0.0169201
0.0158465
0.0195456
0.0181509
0.0228479
0.021113
0.0267809
0.0247442
0.0311665
0.0289337
0.0357005
0.0334372
0.0399992
0.0379031
0.0436687
0.0419334
0.0463834
0.0451588
0.0479476
0.0473129
0.0483234
0.0482779
0.0476206
0.0480929
0.0460607
0.046929
0.0439306
0.0450462
0.0415374
0.0427469
0.0391711
0.0403333
0.0370809
0.0380773
0.0354605
0.0362017
0.0344419
0.0348696
0.0340983
0.0341828
0.0344538
0.0341882
0.0354968
0.0348905
0.0371944
0.0362657
0.0395022
0.0382744
0.0423688
0.0408683
0.045739
0.0439931
0.0495761
0.0475976
0.0539382
0.0516768
0.0591745
0.0563992
0.0662975
0.0623869
0.077434
0.0711704
0.0955697
0.0854165
0.122517
0.108012
0.159285
0.139809
0.19826
0.179633
0.213453
0.182182
0.195767
0.162341
0.171014
0.150445
0.155564
0.144549
0.14683
0.143758
0.143542
0.147927
0.145216
0.157389
0.151964
0.172872
0.164327
0.195311
0.183167
0.225792
0.209473
0.265137
0.244373
0.31098
0.287552
0.357609
0.334816
0.39369
0.377712
0.408228
0.404438
0.395058
0.404764
0.360678
0.379826
0.316463
0.338941
0.273709
0.294439
0.237498
0.25467
0.209006
0.222281
0.188105
0.197655
0.173915
0.180244
0.165437
0.169022
0.161972
0.16311
0.163238
0.162017
0.169469
0.165697
0.181447
0.174666
0.200317
0.190008
0.212505
-0.00591993
-0.00583806
-0.00404167
-0.00493707
-0.00116695
-0.00264018
0.00242552
0.0005371
0.00681284
0.00451111
0.0119966
0.009315
0.0177474
0.0148212
0.0236856
0.0207206
0.0293508
0.0265808
0.0343069
0.0319404
0.0382265
0.0364118
0.0409995
0.0397588
0.0426532
0.041955
0.0433644
0.0431121
0.04337
0.0434381
0.0429419
0.0431934
0.0423337
0.0426459
0.0417706
0.0420274
0.0414168
0.0415606
0.0413673
0.0413506
0.0416503
0.0414694
0.0421972
0.0418984
0.04286
0.0425257
0.0434392
0.0431732
0.0437259
0.0436309
0.0435495
0.0437032
0.0428175
0.0432544
0.0415394
0.0422416
0.0398266
0.0407264
0.0378751
0.0388657
0.0359346
0.0368866
0.0342728
0.0350523
0.0331408
0.0336265
0.032743
0.0328399
0.0332217
0.0328664
0.0346701
0.0338193
0.0372075
0.0357892
0.0411825
0.038973
0.0475914
0.0439745
0.0585812
0.0523293
0.0770829
0.0667087
0.104984
0.0898512
0.141211
0.12223
0.180484
0.160741
0.198165
0.00052123
0.000859342
0.000844764
0.00115875
0.000511714
0.00151529
0.00123607
0.00201251
0.00177581
0.00247027
0.00223807
0.00289213
0.00269073
0.00299908
0.00302196
0.00265289
0.00314496
0.000589203
0.00182629
-0.0024592
-0.000941848
-0.00447385
-0.0036923
-0.0047474
-0.00482831
-0.00374808
-0.00436272
-0.00231043
-0.00302969
-0.00119172
-0.00167186
-0.000726232
-0.000868824
-0.000731989
-0.000689145
-0.000769022
-0.000768156
-0.000602538
-0.000709619
-0.000314793
-0.000463687
-1.28716e-05
-0.000159417
0.000250389
0.000126994
0.000438144
0.000358668
0.000488441
0.000483478
0.000358043
0.000448189
2.63251e-05
0.000218203
-0.000474288
-0.000206559
-0.00100097
-0.000749677
-0.00144295
-0.00119548
-0.00214141
-0.422176
-0.00447009
-0.152691
-0.45617
-0.0119083
-0.72899
-0.484944
-0.571396
-0.462201
-0.413603
-0.391986
0.645305
0.807066
0.886635
0.822992
0.683525
-0.4819
-0.488385
-0.566787
-0.525993
-0.722699
-0.326331
0.0228886
-0.133813
0.0828933
-0.00975621
-0.00506176
-0.00184688
0.00078299
0.00262771
0.00421697
0.00544708
0.00653226
0.0075002
0.00836294
0.00913002
0.0098248
0.0104583
0.0110548
0.0116303
0.0122095
0.012812
0.0134626
0.0141826
0.0149949
0.015918
0.016978
0.0181871
0.0195562
0.0210914
0.0227906
0.0246457
0.0266385
0.028745
0.0309307
0.0331566
0.0353762
0.0375427
0.0396056
0.0415185
0.0432366
0.0447234
0.0459481
0.0468911
0.0475404
0.0478957
0.0479642
0.0477629
0.0473146
0.0466492
0.0457997
0.0448033
0.0436974
0.0425207
0.0413097
0.0401005
0.0389248
0.0378139
0.0367928
0.0358861
0.0351108
0.0344846
0.0340165
0.0337173
0.0335891
0.0336374
0.0338588
0.0342548
0.0348184
0.0355487
0.0364358
0.037477
0.0386602
0.0399803
0.0414221
0.0429782
0.0446306
0.0463724
0.0481894
0.0500874
0.0520781
0.0542143
0.0565837
0.0593523
0.062762
0.0671659
0.0730014
0.0807791
0.0909923
0.103968
0.119792
0.139162
0.161956
0.188295
0.215516
0.23896
0.259702
0.226159
0.204181
0.187123
0.174084
0.16456
0.157297
0.151895
0.148108
0.145736
0.144687
0.144907
0.146391
0.149158
0.15327
0.158798
0.165846
0.174525
0.184966
0.197299
0.211669
0.228152
0.246692
0.266942
0.288559
0.31105
0.33351
0.355094
0.374098
0.389059
0.39851
0.401854
0.398817
0.389622
0.375337
0.357383
0.337257
0.316276
0.295365
0.275191
0.256348
0.239225
0.224027
0.210738
0.199307
0.189647
0.181663
0.175228
0.170239
0.166592
0.164219
0.163067
0.163122
0.164409
0.166993
0.170975
0.176541
0.184082
0.194062
0.207289
0.224482
0.246655
0.301353
-0.00559935
-0.0088055
-0.00770139
-0.00660154
-0.00511704
-0.00389321
-0.00250759
-0.00102323
0.000643124
0.00249834
0.0045523
0.00681064
0.00926291
0.0118905
0.01466
0.0175314
0.0204544
0.0233748
0.0262353
0.0289805
0.031559
0.0339269
0.0360514
0.0379181
0.0394833
0.0407602
0.0417581
0.0424947
0.0429896
0.0432734
0.0433806
0.0433419
0.0431889
0.0429542
0.0426693
0.0423642
0.0420669
0.0417773
0.0415437
0.0413761
0.0412841
0.0412719
0.0413374
0.0414761
0.0416796
0.0419324
0.0422154
0.0425048
0.0427761
0.0430026
0.0431598
0.0432239
0.0431763
0.0430017
0.0426918
0.0422432
0.0416607
0.0409534
0.0401387
0.039237
0.0382754
0.0372822
0.0362903
0.0353313
0.0344394
0.0336446
0.0329778
0.032463
0.0321233
0.0319733
0.0320261
0.0322857
0.0327566
0.0334378
0.034337
0.0354701
0.0368835
0.0386644
0.0409719
0.0440526
0.0482628
0.0540549
0.0619431
0.0724085
0.0858191
0.10231
0.12174
0.14367
0.167618
0.19177
0.213433
0.23771
0.288913
0.0240794
0.0149598
0.00456655
0.00153566
0.000374505
0.000502536
0.000378878
0.000507781
0.000600913
0.000683622
0.000763146
0.000840815
0.000911202
0.000970791
0.00100475
0.00100031
0.000986638
0.000824713
0.000550769
0.000131174
-0.000401444
-0.00095955
-0.00146413
-0.00181564
-0.00200299
-0.00197714
-0.00182891
-0.00157853
-0.00130625
-0.00104098
-0.000828165
-0.00067646
-0.000574044
-0.000507728
-0.000436239
-0.000368795
-0.000293359
-0.000239655
-0.00020147
-0.000180675
-0.000166075
-0.000152464
-0.000132266
-0.000110329
-8.38512e-05
-6.12324e-05
-3.8356e-05
-2.59557e-05
-2.26569e-05
-3.32012e-05
-5.73749e-05
-9.85376e-05
-0.000151315
-0.000219252
-0.000288668
-0.000354442
-0.000385727
-0.000322655
4.711e-06
0.00115066
0.00486732
0.0125609
0.00889917
-0.358181
-0.0694699
0.205762
0.0499119
)
;

boundaryField
{
    frontandback
    {
        type            empty;
    }
    walls
    {
        type            zeroGradient;
    }
    diamond
    {
        type            zeroGradient;
    }
    inlet
    {
        type            zeroGradient;
    }
    outlet
    {
        type            fixedValue;
        value           uniform 0;
    }
}


// ************************************************************************* //
