/*--------------------------------*- C++ -*----------------------------------*\
  =========                 |
  \\      /  F ield         | OpenFOAM: The Open Source CFD Toolbox
   \\    /   O peration     | Website:  https://openfoam.org
    \\  /    A nd           | Version:  10
     \\/     M anipulation  |
\*---------------------------------------------------------------------------*/
FoamFile
{
    format      ascii;
    class       volScalarField;
    location    "1.5";
    object      p;
}
// * * * * * * * * * * * * * * * * * * * * * * * * * * * * * * * * * * * * * //

dimensions      [0 2 -2 0 0 0 0];

internalField   nonuniform List<scalar> 
6397
(
2.70306
2.42915
0.113054
0.107941
0.107179
0.112443
5.76926
2.77985
-8.71025
-9.05081
5.39976
2.66448
-0.275558
-0.244099
-0.299542
-5.32999
-5.45411
-5.73897
11.5981
11.1008
10.5662
-10.1988
-10.6362
-10.2197
-0.191387
-0.180471
-0.118752
0.180733
0.190406
0.168627
0.177373
0.0943099
0.098878
0.103298
0.0781964
0.0828779
0.0865269
0.0900987
0.0654096
0.0603362
0.0693822
0.0736875
0.160663
0.126108
0.132018
0.117813
0.116466
0.122294
0.0398779
0.037776
0.033746
0.0314625
0.0352548
4.42033
4.13767
0.819961
0.850094
-0.736578
0.267041
0.252807
0.283455
0.300855
0.319065
0.338468
0.359229
0.380277
0.4023
0.424647
0.256954
0.238516
0.242757
0.27131
0.28917
0.30719
0.325909
0.345914
0.36667
0.387991
0.409005
0.429727
0.228546
0.225339
0.448118
0.450255
0.216233
0.213198
0.473473
0.471053
0.204567
0.201314
0.502227
0.494059
0.193418
0.183601
0.53682
0.522486
0.207281
0.185948
0.196322
0.230903
0.218721
0.260346
0.245009
0.293478
0.277268
0.3296
0.310957
0.369555
0.349287
0.409476
0.389815
0.445215
0.42771
0.481103
0.462394
0.502207
0.468643
0.534962
0.499188
0.415652
0.440806
0.370392
0.392177
0.330341
0.349928
0.294054
0.311502
0.261105
0.27703
0.233097
0.24613
0.208867
0.220766
0.186873
0.197232
0.174199
0.171489
0.176026
0.528044
0.559724
0.518273
0.575424
0.554314
0.565594
0.52238
0.547208
0.164991
0.187251
0.176004
0.157181
0.580222
0.208322
0.197697
0.232236
0.220121
0.260919
0.245822
0.294361
0.276851
0.330908
0.312202
0.371124
0.350552
0.411723
0.391529
0.449484
0.430777
0.484356
0.467039
0.502746
0.455459
0.485416
0.403429
0.428351
0.359141
0.380843
0.320982
0.339963
0.28626
0.303392
0.255194
0.270356
0.228056
0.241253
0.204085
0.215879
0.182805
0.193011
0.173552
0.165665
0.163501
0.166429
0.16639
0.594329
0.619444
0.608422
0.547678
0.578621
0.588283
0.620031
0.575153
0.637215
0.617814
0.153274
0.149617
0.156454
0.16541
0.155227
0.153391
0.161131
0.631896
0.187169
0.175698
0.208764
0.198069
0.23275
0.220611
0.260781
0.246105
0.29316
0.276537
0.328725
0.310557
0.367721
0.347939
0.408189
0.387921
0.449947
0.428674
0.495185
0.472064
0.520881
0.501512
0.536484
0.442046
0.470136
0.392376
0.416293
0.349791
0.370544
0.312705
0.330729
0.279498
0.295714
0.249775
0.264185
0.223305
0.236075
0.199853
0.211311
0.179124
0.189276
0.169474
0.157275
0.155969
0.157179
0.620611
0.667337
0.672284
0.665094
0.684638
0.649965
0.696675
0.146822
0.145856
0.145252
0.142117
0.157309
0.149114
0.164981
0.154229
0.678175
0.761166
0.743664
0.14579
0.692113
0.186216
0.175289
0.207981
0.197691
0.232079
0.21961
0.258937
0.244756
0.289645
0.273801
0.323527
0.306414
0.360139
0.341649
0.39926
0.379399
0.443032
0.420096
0.500463
0.46918
0.577909
0.537213
0.665658
0.621033
0.801066
0.725571
0.557049
0.648455
0.6009
0.482897
0.517726
0.424203
0.452225
0.376881
0.399739
0.337563
0.356341
0.302749
0.319646
0.271575
0.286846
0.243336
0.257076
0.218057
0.230322
0.195582
0.206426
0.174992
0.184981
0.165794
0.148179
0.147478
0.147952
0.717654
0.695913
0.873168
0.892363
0.720431
0.753959
0.14568
0.138968
0.153085
0.145239
0.738381
0.799282
0.73659
0.772626
0.871745
1.01263
1.00128
0.141905
0.761312
0.164734
0.145419
0.153755
0.184524
0.174429
0.206232
0.196158
0.230547
0.217767
0.256535
0.242557
0.28578
0.27095
0.318636
0.302394
0.35471
0.336344
0.394011
0.373509
0.437608
0.414846
0.490203
0.462231
0.561617
0.523464
0.655794
0.605687
0.789461
0.717987
0.964237
0.871799
0.595705
0.647482
0.62675
0.527896
0.561793
0.46304
0.494903
0.408108
0.4346
0.363152
0.384514
0.325929
0.34385
0.292719
0.30892
0.263031
0.277504
0.236388
0.249386
0.212358
0.224066
0.19057
0.201131
0.170815
0.180427
0.161819
0.764438
0.654359
1.12218
1.06098
0.135665
0.138183
0.132251
0.12969
0.136498
0.134352
0.139399
0.138498
0.138976
0.139613
0.137614
0.13813
0.13689
0.780799
0.853662
0.79968
0.928242
0.822598
1.0315
0.644954
0.774632
1.17316
1.15471
1.24881
0.145057
0.135957
0.83982
0.163902
0.153243
0.182767
0.173607
0.204359
0.194105
0.227946
0.21526
0.2528
0.239514
0.28065
0.266984
0.312327
0.296767
0.346815
0.329008
0.384505
0.364469
0.426477
0.404469
0.478261
0.451317
0.544959
0.509556
0.633237
0.5862
0.745791
0.686984
0.88762
0.812822
1.03305
0.962849
0.54108
0.510266
0.533851
0.518109
0.535053
0.473149
0.496547
0.429005
0.451509
0.385481
0.406933
0.346229
0.365158
0.311923
0.32854
0.281195
0.296215
0.253591
0.267058
0.228652
0.240854
0.205921
0.217008
0.185317
0.195314
0.166455
0.175698
0.149438
0.157689
0.134393
0.141747
0.127865
0.125299
0.1204
0.123499
0.128414
0.126438
0.131312
0.130218
0.131165
0.131736
0.128782
0.130288
0.610048
0.460509
1.24406
1.09031
0.126375
0.127219
0.852426
0.970906
0.8675
1.08149
0.861752
1.21712
0.761917
1.34853
0.362152
0.527696
1.37519
1.12852
1.32855
0.25207
0.200365
0.106813
1.14551
0.878051
0.850247
0.125993
0.119516
0.119124
0.930926
0.144345
0.134966
0.162264
0.152442
0.180781
0.17189
0.201831
0.191404
0.224473
0.212249
0.248351
0.235911
0.275088
0.262229
0.305504
0.290217
0.338316
0.320909
0.374262
0.355084
0.415077
0.393881
0.464059
0.43907
0.523505
0.492775
0.599104
0.558673
0.689007
0.642884
0.792264
0.73878
0.854823
0.835921
0.877723
0.407138
0.349297
0.46008
0.441192
0.458973
0.466315
0.4288
0.445582
0.39407
0.411674
0.358483
0.376154
0.325655
0.341572
0.295835
0.310351
0.268443
0.281869
0.243328
0.255667
0.220241
0.231624
0.199101
0.209434
0.179671
0.189044
0.161743
0.170527
0.145343
0.153485
0.130485
0.137712
0.123639
0.114492
0.110812
0.117968
0.116701
0.120728
0.118875
0.123634
0.122387
0.123803
0.124107
0.121988
0.122942
0.120693
0.937293
1.10528
0.935775
1.25702
0.881488
1.42286
0.704165
1.52527
0.370967
1.49289
-0.0861621
-0.0227095
1.38431
0.778082
1.12092
-0.125819
-0.341241
-0.344087
0.651735
0.621589
0.484322
0.112114
0.110918
0.125432
0.118187
1.0386
0.142931
0.133895
0.160078
0.151375
0.178605
0.169634
0.199087
0.188435
0.220357
0.209141
0.243522
0.232049
0.269367
0.256696
0.298009
0.282979
0.328645
0.312074
0.36184
0.344653
0.399532
0.380766
0.444641
0.422353
0.497723
0.470876
0.562099
0.527953
0.634793
0.597715
0.711592
0.670976
0.793727
0.76747
0.750829
0.78299
0.704515
0.176026
0.0447011
0.331773
0.270879
0.391562
0.369077
0.404071
0.402842
0.388136
0.397874
0.363915
0.376794
0.335438
0.349994
0.307246
0.321142
0.280704
0.293654
0.255868
0.267951
0.232862
0.244205
0.211567
0.222211
0.192062
0.201624
0.17377
0.182556
0.156598
0.165061
0.140605
0.148497
0.125924
0.132936
0.119472
0.101499
0.0980182
0.1076
0.104922
0.110671
0.109487
0.113447
0.111605
0.116619
0.115117
0.117443
0.117409
0.115536
0.1167
0.114008
1.03333
1.25796
0.992355
1.45165
0.863404
1.63711
0.563154
1.68893
0.124482
1.57597
-0.315396
1.39849
-0.628193
-0.699435
1.03646
0.275445
0.454941
0.110857
1.16474
0.123992
0.108249
0.116257
0.14117
0.132606
0.157906
0.149258
0.175631
0.166881
0.195326
0.185205
0.215898
0.205124
0.237922
0.227058
0.262563
0.250476
0.289372
0.275341
0.31801
0.302406
0.348517
0.332802
0.382701
0.36602
0.422375
0.403388
0.466881
0.444893
0.517441
0.49102
0.568749
0.54305
0.613871
0.591485
0.636009
0.622646
0.576675
0.617876
0.417586
0.511214
0.0878324
0.279424
-0.184586
-0.59627
-0.371137
0.0942314
-0.0323262
0.263905
0.193939
0.334015
0.307357
0.353437
0.348386
0.345066
0.351028
0.328247
0.337338
0.307149
0.318181
0.28491
0.296127
0.263191
0.273939
0.242023
0.252274
0.221672
0.231621
0.202208
0.212043
0.184288
0.193318
0.167474
0.175556
0.151251
0.159026
0.13573
0.143531
0.121845
0.128749
0.108927
0.115065
0.103625
0.0956125
0.089866
0.0926511
0.100861
0.0983367
0.103821
0.102561
0.106941
0.105082
0.109499
0.108324
0.110165
0.110366
0.108182
0.109634
0.104508
0.106122
0.102461
0.102931
-0.98778
-0.844498
-0.0178805
-0.16253
1.13154
1.42869
0.0948699
1.01907
1.65832
0.103196
0.0934141
0.0913504
0.765223
1.84629
0.30001
1.81713
-0.241711
1.59864
-0.733117
1.34068
-1.18479
0.861781
-1.10208
-1.39548
0.170193
-0.402002
-0.467012
1.30534
0.122406
0.114243
0.139027
0.130507
0.155172
0.146648
0.172264
0.164094
0.191418
0.181918
0.211551
0.200797
0.232326
0.221614
0.255083
0.244047
0.279963
0.267581
0.306677
0.292504
0.334597
0.319973
0.365124
0.34971
0.399152
0.38247
0.435698
0.417681
0.474246
0.454652
0.50826
0.492115
0.533478
0.521214
0.527277
0.536739
0.444951
0.497184
0.276
0.375643
-0.0550087
0.133915
-0.563452
-0.290033
-0.537765
-0.958041
-0.754192
-0.174303
-0.339068
0.0533172
-0.0456895
0.190784
0.131495
0.261185
0.231494
0.295871
0.282328
0.302849
0.301723
0.296345
0.300812
0.282455
0.290299
0.265102
0.274251
0.247052
0.256061
0.228791
0.237499
0.210556
0.219309
0.19283
0.201888
0.176466
0.184961
0.16108
0.168526
0.145869
0.152974
0.130976
0.138521
0.117529
0.124456
0.105086
0.110875
0.0999575
0.0848224
0.0822797
0.0894775
0.0873659
0.0949304
0.091606
0.0976459
0.0962313
0.100704
0.0990907
0.102111
0.101658
0.10273
0.102824
0.102082
0.102585
0.0986427
0.10057
0.0966395
-1.34871
-1.13127
-0.817712
-0.859788
1.2137
1.60907
0.0986822
0.089285
0.977705
1.86874
0.522475
2.03454
-0.138452
1.87347
-0.820914
1.53779
-1.36585
1.18672
-1.74745
0.558174
-1.77441
-0.225555
-1.26708
-1.56806
-0.858405
-1.08142
-1.18007
-1.37118
0.0732156
-1.20133
-1.15784
1.44656
0.119175
0.110531
0.136519
0.127449
0.152022
0.143383
0.168387
0.160904
0.187234
0.178358
0.206861
0.196003
0.226218
0.215774
0.247115
0.2372
0.270135
0.259236
0.294841
0.282002
0.320058
0.306516
0.34651
0.332807
0.37464
0.360936
0.403244
0.389727
0.431084
0.417683
0.451091
0.442712
0.456424
0.455135
0.434287
0.451498
0.341351
0.396507
0.171967
0.269425
-0.133553
0.0402136
-0.570043
-0.33902
-1.07199
-0.819017
-0.787457
-0.946507
-0.475657
-0.626259
-0.208688
-0.335957
-0.00376808
-0.099033
0.141696
0.0773338
0.218725
0.186815
0.256014
0.241017
0.267154
0.263893
0.264988
0.267216
0.256028
0.261335
0.243408
0.250308
0.229296
0.236493
0.214436
0.22166
0.198931
0.206303
0.183297
0.191145
0.168288
0.17612
0.154157
0.161267
0.140259
0.146746
0.126163
0.133066
0.113086
0.119978
0.101419
0.107039
0.0908279
0.0955475
0.0866746
0.0793567
0.0768677
0.0835628
0.0815643
0.0891742
0.0855695
0.0921139
0.0904844
0.0944925
0.0933953
0.0954889
0.0951681
0.0959783
0.0960396
0.0953792
0.0958577
0.0915713
0.0941234
0.0838839
0.0884907
0.0816091
0.0807683
1.24635
1.78368
-1.31732
-1.45646
0.0820777
0.0737779
0.0760122
-0.973801
-1.1749
0.80074
2.07154
0.053861
2.18193
-0.870938
1.83629
-1.73939
1.36649
-2.22623
0.890145
-2.27573
0.0778449
-2.04055
-0.726605
-1.23911
-1.08099
-1.13106
-1.28012
-1.70863
-1.34581
-1.44661
0.0696771
0.0781615
0.0700102
1.56317
0.0960812
0.0888803
0.115521
0.106176
0.132905
0.123763
0.148379
0.140343
0.164847
0.157212
0.182903
0.174036
0.201376
0.191325
0.219766
0.210107
0.239399
0.22992
0.260344
0.250161
0.282387
0.270981
0.304442
0.292849
0.32702
0.315731
0.349886
0.339089
0.371421
0.361611
0.389788
0.381352
0.398105
0.395822
0.388356
0.395053
0.351309
0.375133
0.253122
0.310008
0.0875733
0.180712
-0.190828
-0.0364512
-0.560479
-0.367897
-0.765278
-0.913322
-1.01101
-0.692432
-0.803262
-0.453999
-0.576965
-0.207125
-0.326751
-0.0233131
-0.106318
0.0967477
0.0435394
0.167432
0.136642
0.208944
0.190853
0.228402
0.2207
0.233934
0.232316
0.231061
0.233515
0.223172
0.228091
0.212649
0.218501
0.200844
0.2068
0.187737
0.193812
0.173879
0.180542
0.160049
0.167275
0.147113
0.153951
0.134519
0.14051
0.121485
0.127593
0.108816
0.115379
0.0975367
0.103337
0.0872652
0.0918864
0.0828108
0.068472
0.0645585
0.0741574
0.0716948
0.0784848
0.0758971
0.0837651
0.0803164
0.0867529
0.0849062
0.0883802
0.0878738
0.0883711
0.088406
0.0884773
0.0888317
0.0875705
0.0882408
0.0839755
0.0863151
0.0760583
0.0802118
0.0717995
-1.61866
0.0715977
-1.55352
-1.3648
1.17562
1.933
0.395347
2.25348
-0.753285
2.23433
-1.76786
-2.03322
1.66288
-2.97633
1.04968
-3.12036
0.389098
-1.17379
-1.04959
-1.08785
-1.21387
-2.66877
-0.599921
-1.31888
-2.1786
-1.31733
-1.48224
-1.75777
-1.8718
0.0664732
0.0543224
0.0533707
-1.7848
-1.53915
0.0489749
1.61966
0.0821337
0.0718463
0.0764424
0.0953584
0.0895635
0.112451
0.103086
0.128858
0.120277
0.144672
0.137243
0.161379
0.153301
0.178411
0.169526
0.195559
0.186552
0.21294
0.204234
0.231248
0.222399
0.250263
0.240856
0.269743
0.259766
0.288836
0.278967
0.307621
0.298303
0.32536
0.317068
0.340253
0.333719
0.350445
0.346287
0.349389
0.351981
0.329143
0.341342
0.282306
0.310651
0.182306
0.238909
0.0243321
0.112239
-0.223236
-0.0885589
-0.536642
-0.374661
-0.879583
-0.708218
-1.19447
-1.04454
-1.69166
-1.43226
-1.3262
-0.944618
-1.00034
-0.812364
-0.88326
-0.619491
-0.723938
-0.402685
-0.508635
-0.210978
-0.302419
-0.0595594
-0.131029
0.0535192
0.00166482
0.127807
0.0948574
0.173341
0.153319
0.196845
0.187178
0.206303
0.202635
0.207305
0.207738
0.203001
0.206049
0.195618
0.200045
0.186573
0.191366
0.175939
0.18098
0.164154
0.169812
0.15188
0.158347
0.140208
0.146516
0.128739
0.134201
0.116553
0.122094
0.104332
0.110713
0.0937301
0.099408
0.0834814
0.0880627
0.0736019
0.0785255
0.0690258
0.062626
0.0584614
0.0687665
0.0659991
0.0733598
0.0709203
0.0781445
0.0754097
0.0810947
0.0793151
0.0822113
0.0820053
0.0814161
0.0817306
0.0815228
0.0815692
0.0812488
0.0816704
0.0777685
0.0799651
0.07086
0.0741497
0.06888
0.0683235
0.0686214
0.928159
2.0344
-1.49915
-1.21577
-1.24946
-0.336856
2.38861
-2.07331
-1.98558
2.14206
-3.52651
1.35258
-2.09989
-1.11301
-0.986541
-1.00176
-1.13565
-4.20009
0.532215
-1.24213
-3.76958
-0.373743
-1.81441
-2.01351
-1.34825
-2.89122
-1.43018
-1.4876
-2.19903
-2.01615
-1.73984
0.0702043
0.0645402
0.0627714
0.0613919
0.0599284
0.0468736
0.0582351
1.57193
0.0810465
0.0755751
0.0945046
0.0884448
0.109958
0.101168
0.12522
0.117252
0.140865
0.133805
0.157441
0.149379
0.173791
0.164948
0.189883
0.181269
0.205966
0.198199
0.222826
0.215201
0.240109
0.23195
0.25733
0.248534
0.273589
0.264979
0.288553
0.280962
0.30142
0.295513
0.3104
0.306899
0.313492
0.313108
0.304606
0.311206
0.27679
0.292748
0.224159
0.25494
0.125323
0.180268
-0.022673
0.0588741
-0.239444
-0.123542
-0.503677
-0.367154
-0.789624
-0.648071
-1.04329
-0.923084
-1.14439
-0.937637
-0.971227
-0.844311
-0.890678
-0.724847
-0.795321
-0.544338
-0.635013
-0.383449
-0.461965
-0.22363
-0.303243
-0.0816052
-0.149178
0.0234402
-0.0241412
0.0925871
0.0615663
0.13842
0.117786
0.165222
0.15369
0.179022
0.17303
0.184366
0.182591
0.183782
0.18484
0.179706
0.182442
0.173251
0.176784
0.164699
0.168896
0.154529
0.159605
0.143711
0.149551
0.133308
0.138884
0.122754
0.127732
0.111371
0.11667
0.100037
0.105941
0.0899079
0.0951842
0.0796377
0.0844679
0.0699042
0.0746171
0.0651047
0.0496715
0.043266
0.0461173
0.0566399
0.0535323
0.0636612
0.0603799
0.0684953
0.0662174
0.0724167
0.0702527
0.074964
0.0733078
0.0759417
0.0754093
0.0761593
0.0760441
0.075998
0.0762892
0.0747205
0.0756997
0.0712383
0.0730802
0.0676334
0.0692244
0.0662742
0.0666571
0.0648061
-1.53542
-1.24628
0.434001
2.0658
-2.47003
-1.43023
2.43206
-1.02898
-0.8911
-0.912767
-1.06329
-3.4768
1.82588
-2.55494
-1.1763
-4.86817
0.846133
-1.28269
-4.98806
-0.245043
-1.90469
-2.44149
-1.3849
-4.0271
-1.42314
-2.22563
-1.50307
-2.89101
-2.40629
-1.70774
-2.12176
0.0563132
0.0410144
-1.53557
-1.21242
1.38663
0.0674791
0.0553818
0.0613158
0.0794106
0.073436
0.0925619
0.086087
0.107371
0.0994765
0.122196
0.114395
0.137272
0.130259
0.153328
0.145544
0.168988
0.160557
0.183974
0.176083
0.19899
0.191962
0.214624
0.207513
0.230164
0.22258
0.244839
0.237161
0.258021
0.251203
0.269456
0.264033
0.278182
0.274653
0.282234
0.281271
0.279479
0.282042
0.2643
0.274004
0.230924
0.249488
0.17508
0.206998
0.0790187
0.131701
-0.0573173
0.0168551
-0.244994
-0.14592
-0.468184
-0.352683
-0.704017
-0.588137
-0.906714
-0.811722
-1.03083
-0.984432
-1.01875
-1.04276
-1.14641
-0.871199
-0.963018
-0.87353
-0.87737
-0.836254
-0.863351
-0.75842
-0.799579
-0.643986
-0.707488
-0.506793
-0.575115
-0.366485
-0.438857
-0.223214
-0.293367
-0.100506
-0.159007
-0.00623261
-0.0494583
0.0597921
0.029437
0.107286
0.0855508
0.137091
0.123988
0.154262
0.146667
0.163
0.159662
0.165447
0.165079
0.16417
0.165509
0.159999
0.162245
0.153476
0.156452
0.144984
0.149121
0.135629
0.140821
0.126446
0.131555
0.116993
0.121468
0.106323
0.111242
0.0955126
0.101246
0.0857721
0.090895
0.075859
0.0803466
0.0655123
0.0707393
0.0543582
0.0605502
0.0467144
0.0461124
0.0429065
0.0518539
0.0488208
0.0587714
0.0556348
0.0636982
0.061349
0.0666544
0.0651637
0.0682912
0.067139
0.0698797
0.0688623
0.0713469
0.0707956
0.0702088
0.071204
0.067885
0.0691537
0.0660892
0.0668196
0.06516
0.0656734
0.0631617
0.0644795
0.0582908
0.0609676
0.0510246
0.0548867
-2.85741
-0.331909
2.01952
0.0483083
0.0360841
-0.926496
-1.08577
-2.70668
2.26476
-0.763687
-1.02913
-3.12419
-1.23275
-4.71927
1.24812
-1.48367
-1.35614
-5.57214
0.0128101
-1.94126
-3.0366
-1.45753
-5.17944
-1.3552
-2.38789
-1.54477
-3.89339
-2.75771
-2.76182
-1.68005
-2.67053
-3.5921
-1.97607
-0.652214
-0.490774
-0.443241
-0.911114
-0.848612
1.08318
0.0538689
0.0397303
0.0474539
0.0645835
0.0593513
0.0768981
0.0704482
0.0901258
0.0834158
0.104503
0.0971234
0.119014
0.11162
0.133885
0.126655
0.149174
0.141428
0.163898
0.156265
0.178105
0.171158
0.192371
0.185758
0.206715
0.199641
0.220351
0.213011
0.232625
0.225791
0.243121
0.237641
0.251327
0.247696
0.256095
0.254797
0.255597
0.257172
0.247862
0.253109
0.227792
0.24006
0.190607
0.211008
0.133838
0.165765
0.0413608
0.091687
-0.0825595
-0.0163022
-0.244017
-0.159359
-0.432005
-0.335048
-0.624813
-0.531639
-0.785006
-0.710832
-0.873684
-0.842887
-0.830655
-0.868464
-0.682471
-0.76902
-0.580248
-0.788907
-0.72054
-0.773883
-0.768234
-0.782203
-0.771242
-0.765575
-0.749872
-0.771267
-0.678511
-0.716652
-0.593244
-0.640749
-0.472499
-0.536373
-0.345761
-0.408978
-0.226713
-0.284781
-0.119434
-0.171825
-0.0306771
-0.071861
0.0329367
0.00327596
0.0802964
0.0582218
0.111473
0.0973616
0.130863
0.122186
0.14222
0.137889
0.147403
0.146295
0.148892
0.149339
0.147319
0.148326
0.14296
0.144492
0.135974
0.138925
0.127657
0.132268
0.119452
0.124417
0.111164
0.115288
0.101359
0.105659
0.0908847
0.0963061
0.081372
0.0865866
0.0719321
0.0763442
0.0612622
0.0664703
0.0507762
0.0563347
0.0397516
0.0451154
0.0411315
0.0387074
0.0471879
0.0438275
0.0534709
0.0504679
0.0580359
0.0557775
0.0605939
0.0595477
0.0621761
0.0610809
0.0644013
0.0630951
0.0659298
0.0654796
0.0650986
0.0657592
0.0635487
0.0644904
0.0624012
0.0629191
0.0615975
0.0619715
0.0601316
0.0610899
0.0544494
0.0579709
0.0446099
0.0495251
0.0414346
-1.0728
-1.30909
1.85667
-0.56251
-0.48441
-0.387022
0.0247448
0.0313685
-0.868098
-3.83884
-1.2722
-3.68741
1.70481
-1.34724
-1.43721
-5.30345
0.33667
-1.89197
-3.79719
-1.55933
-5.54394
-1.36068
-2.45755
-1.62361
-4.89619
-2.91478
-3.46638
-3.00637
-1.6858
-3.47967
-4.35775
-1.84991
-2.3145
-0.605928
-0.908998
-1.0175
0.785377
0.0498294
0.0441439
0.0619653
0.0557623
0.0738063
0.0677649
0.0875981
0.0806643
0.10168
0.0942832
0.115737
0.108729
0.130309
0.123348
0.14505
0.137508
0.159086
0.151816
0.172429
0.165937
0.185603
0.179571
0.198684
0.192323
0.210667
0.20422
0.220783
0.215031
0.228664
0.224513
0.233778
0.231751
0.235021
0.235523
0.230817
0.234332
0.219257
0.226431
0.195847
0.209685
0.156053
0.177566
0.0994001
0.130791
0.0110945
0.0587966
-0.0997602
-0.0416509
-0.238532
-0.165831
-0.396167
-0.315637
-0.555098
-0.47824
-0.675688
-0.621517
-0.73657
-0.71822
-0.678491
-0.722139
-0.547377
-0.61675
-0.414503
-0.476272
-0.541856
-0.376331
-0.257542
-0.359096
-0.679429
-0.588686
-0.655387
-0.664721
-0.67532
-0.679119
-0.66554
-0.673822
-0.687149
-0.619137
-0.646642
-0.547961
-0.58934
-0.438718
-0.494572
-0.333822
-0.385875
-0.229439
-0.281133
-0.132993
-0.180162
-0.0513968
-0.0895283
0.00869445
-0.0195031
0.0552194
0.0333511
0.0878394
0.0729142
0.109511
0.0997904
0.123442
0.117751
0.131261
0.128771
0.134981
0.134158
0.135344
0.135338
0.13252
0.133254
0.126876
0.129222
0.119865
0.123967
0.112854
0.117363
0.105595
0.109116
0.0963836
0.10022
0.0861943
0.0915514
0.0770101
0.0823766
0.0679166
0.0721917
0.0574353
0.0622103
0.047523
0.0527598
0.0374854
0.042754
0.0327645
0.0284715
0.0376754
0.035363
0.0425196
0.040256
0.0482454
0.0452864
0.0521473
0.0502829
0.0544903
0.0534543
0.0570965
0.0554757
0.0595275
0.0583182
0.0606976
0.0603252
0.0606715
0.0608235
0.0593098
0.060384
0.0573715
0.0582321
0.0569262
0.0569575
0.0545295
0.0562028
0.0481086
0.0521723
0.0384948
0.0428667
0.0355661
-0.680601
-4.96786
-1.27825
-1.89623
1.39462
0.0270747
-0.484441
-1.1193
-1.49732
-4.20349
0.629703
0.0157487
-0.186273
-0.0870244
-1.71405
-0.569472
-0.712976
-4.87877
-1.67383
-5.18881
-1.17343
-2.39675
-1.75973
-4.99679
-3.46744
-4.40793
-3.12192
-1.76998
-4.10499
-5.15964
-3.79304
-1.8258
-2.83159
-6.17323
-0.622349
-0.423937
-2.06023
-0.238354
-1.12458
-1.24248
0.077022
0.0463805
0.0382541
0.0585346
0.0518696
0.0706903
0.0652233
0.0849012
0.0777359
0.0988549
0.0911722
0.112331
0.105666
0.126508
0.120207
0.141135
0.133749
0.154644
0.147249
0.166841
0.160679
0.178689
0.173613
0.190295
0.185222
0.200771
0.195628
0.209261
0.204619
0.215053
0.211976
0.217577
0.216687
0.215857
0.217589
0.208215
0.213267
0.193021
0.20185
0.166637
0.18179
0.125845
0.147586
0.0705278
0.101006
-0.0131951
0.0316298
-0.111848
-0.0609468
-0.231932
-0.169169
-0.363094
-0.296886
-0.492244
-0.430183
-0.581884
-0.542515
-0.620421
-0.61118
-0.555279
-0.602121
-0.44373
-0.498455
-0.336265
-0.391746
-0.158095
-0.268416
-0.348241
-0.443272
-0.267154
-0.482979
-0.38769
-0.580732
-0.548409
-0.579114
-0.584873
-0.604604
-0.587245
-0.605231
-0.613525
-0.566894
-0.586955
-0.505272
-0.541326
-0.414893
-0.460789
-0.32378
-0.369855
-0.230415
-0.276466
-0.145495
-0.187096
-0.0705087
-0.106149
-0.0127827
-0.0399062
0.0329034
0.0114054
0.0664666
0.0512848
0.0897072
0.0795755
0.105786
0.0991643
0.116023
0.112049
0.121849
0.119088
0.123829
0.122092
0.122085
0.122088
0.117641
0.12014
0.112211
0.116355
0.106815
0.110447
0.100282
0.102825
0.0913114
0.0948457
0.081458
0.0870313
0.0728194
0.078158
0.0640532
0.0679968
0.0537226
0.058193
0.043625
0.0490616
0.0335205
0.0390991
0.0207085
0.0267474
0.0275547
0.0183922
0.0228712
0.0335579
0.0306016
0.0381668
0.0361102
0.043142
0.0407285
0.0467331
0.0450173
0.0497892
0.0481346
0.0529123
0.0511917
0.054529
0.0538458
0.0549595
0.0545727
0.0549719
0.0552001
0.0541186
0.0546477
0.0532715
0.0536689
0.0527761
0.0530903
0.0486923
0.0513726
0.042458
0.045732
0.0339086
0.0385063
0.0230671
0.0288303
0.0188188
-0.858031
-1.52543
-2.44664
0.498718
0.023163
-0.0149022
0.0152035
-1.42367
-0.541143
-0.785314
-0.35321
-0.481291
-6.37686
-1.78175
-4.29007
-1.09933
-2.1711
-1.9365
-4.65252
-3.69935
-5.78458
-0.316435
-3.05445
-1.9627
-4.14142
-6.46879
-3.96242
-1.924
-3.06116
-8.13095
-4.8545
-1.95977
-2.25726
0.0296955
-1.40062
-0.913163
-1.15799
-0.0317601
-1.50872
-0.660916
0.0409696
0.0313989
0.0544767
0.0478779
0.0675313
0.0616312
0.0819193
0.0746972
0.0959372
0.0881391
0.109089
0.102521
0.122902
0.116945
0.13717
0.13007
0.150204
0.142948
0.161656
0.155742
0.172374
0.167991
0.182726
0.178492
0.191866
0.187502
0.198513
0.194663
0.202153
0.199867
0.202088
0.202226
0.197577
0.200553
0.18724
0.193615
0.169576
0.179718
0.141058
0.157255
0.0997071
0.121605
0.0453853
0.0752097
-0.0330034
0.00833213
-0.120566
-0.0755817
-0.225347
-0.171129
-0.334262
-0.27964
-0.438222
-0.389291
-0.501162
-0.474504
-0.5268
-0.521139
-0.45838
-0.505125
-0.359156
-0.40507
-0.258194
-0.316109
-0.0784678
-0.178856
0.141133
0.18134
0.043148
0.0984962
-0.186921
-0.26183
-0.201354
-0.0768304
-0.126787
-0.390342
-0.30631
-0.494628
-0.455091
-0.508551
-0.50671
-0.541635
-0.521367
-0.545946
-0.551449
-0.519354
-0.53325
-0.471897
-0.500394
-0.394644
-0.434728
-0.314711
-0.354828
-0.233048
-0.273619
-0.156877
-0.194362
-0.0869218
-0.120625
-0.0313184
-0.0574185
0.0131541
-0.00792026
0.0471458
0.0316078
0.0717293
0.0607737
0.0895242
0.0818896
0.101684
0.096575
0.109312
0.105568
0.112918
0.110452
0.112515
0.112111
0.109315
0.11152
0.105178
0.108816
0.100886
0.103734
0.0949013
0.0968706
0.086214
0.0897506
0.0769568
0.0826024
0.0689656
0.0738428
0.0601954
0.0638349
0.0495831
0.0544317
0.0393624
0.0450957
0.0291519
0.0346036
0.0175919
0.0229335
0.0124504
0.0138947
0.00793576
0.011122
0.0217622
0.0177731
0.0286269
0.0253163
0.033916
0.0313899
0.0378915
0.0361383
0.0415805
0.0396169
0.0462711
0.0437731
0.0487559
0.047672
0.0490533
0.0490352
0.0489406
0.0488131
0.0495586
0.0493458
0.0502839
0.0498606
0.0500177
0.0505383
0.047472
0.0488347
0.0435281
0.0457392
0.0375857
0.0407546
0.0284504
0.0336677
0.0162324
0.021825
0.00949925
0.0124791
-1.09188
-0.632174
-1.44567
-1.06102
-0.832245
-8.19185
-1.69663
-1.84423
-2.99746
-1.09252
-1.81245
-2.10528
-4.25742
-3.7466
0.301557
0.321389
-7.64359
-0.079344
0.232418
0.19303
-0.14052
-0.030933
0.00474274
0.00405305
0.000261491
0.00586816
0.00551989
0.00139447
-2.77658
-2.21543
-4.0184
-7.3552
-1.02163
-0.72072
-3.9056
-2.16376
-3.10802
-10.3491
-6.39732
-5.08883
-1.83122
-1.36101
-2.00106
-2.08634
-11.3944
-1.90548
-1.82627
-1.7571
0.0201026
0.0123666
0.0352297
0.02679
0.0502167
0.0430262
0.0639948
0.057818
0.0788345
0.0715236
0.0929989
0.0850824
0.106073
0.0993404
0.119388
0.113629
0.133101
0.126623
0.145756
0.139005
0.156645
0.150847
0.166436
0.162053
0.175422
0.171626
0.182937
0.179504
0.187995
0.185301
0.189882
0.188835
0.187871
0.189168
0.181109
0.185234
0.168251
0.175782
0.148345
0.159454
0.118142
0.134947
0.0773432
0.0986846
0.0241537
0.0533571
-0.0485731
-0.0109873
-0.126928
-0.0864328
-0.218661
-0.172185
-0.308577
-0.263426
-0.39168
-0.353803
-0.433405
-0.416642
-0.448808
-0.446385
-0.379737
-0.426262
-0.289164
-0.329179
-0.183165
-0.246563
-0.0107
-0.101234
0.215817
0.0940203
0.273849
-0.147718
-0.338513
-0.239551
-0.0261053
-0.0790663
0.0513681
0.0151072
-0.312842
-0.23525
-0.419415
-0.376615
-0.445555
-0.437504
-0.488261
-0.463918
-0.495728
-0.499775
-0.479361
-0.486982
-0.443408
-0.46669
-0.377035
-0.411321
-0.309178
-0.343433
-0.236062
-0.272904
-0.166428
-0.200624
-0.101392
-0.133028
-0.0481109
-0.0731375
-0.00463169
-0.0253439
0.0299178
0.0139949
0.0558023
0.0440008
0.0750686
0.0663196
0.0887421
0.082406
0.0974689
0.0930353
0.101967
0.0995022
0.102782
0.102667
0.101387
0.103139
0.0989352
0.101192
0.0953367
0.0970118
0.0893696
0.0914163
0.0811881
0.0852645
0.072945
0.0782821
0.0653709
0.0694615
0.0561854
0.0598149
0.0452631
0.0507885
0.035384
0.0411205
0.0253314
0.0300158
0.0140942
0.0193809
0.00928932
0.0113275
0.00836827
0.0184203
0.014745
0.0257909
0.0223274
0.0305521
0.0284525
0.0338765
0.0322152
0.0377887
0.0356775
0.0422398
0.0400927
0.0440479
0.0434232
0.0445526
0.0442689
0.0447751
0.0446418
0.0455056
0.0451548
0.045477
0.0457616
0.0434355
0.0447296
0.0402768
0.0417767
0.0367284
0.0385251
0.0316863
0.0346857
0.0231368
0.0277824
0.012222
0.0171422
0.00838778
-1.38944
-0.467699
-2.1176
-2.22903
-3.87633
-3.57974
0.340044
-10.2789
0.165873
0.0806424
-0.000355991
-0.00446978
0.00179322
-0.00449483
-2.33322
-2.46723
-4.38999
-7.45168
-0.435912
-3.59584
-2.51629
-3.44877
-11.8133
-1.329
-0.940176
-8.57783
-5.06834
-2.32451
-1.75706
-2.27985
-2.12921
-14.5393
-6.68092
-1.86156
-1.57196
-0.622563
-0.818627
-2.24253
-3.56095
0.0157617
0.0080444
0.0308016
0.0230999
0.0460066
0.0383804
0.0605731
0.0538372
0.0755909
0.0682612
0.0900521
0.0821416
0.103126
0.0962017
0.116001
0.110445
0.129263
0.123389
0.141709
0.13526
0.152199
0.146275
0.161006
0.156677
0.168587
0.165476
0.174627
0.172364
0.178199
0.17671
0.178444
0.178426
0.174572
0.17672
0.165841
0.170752
0.151088
0.159345
0.129546
0.141367
0.0980182
0.115415
0.057499
0.0785294
0.00523755
0.0338187
-0.061438
-0.0276892
-0.13218
-0.0952118
-0.212543
-0.17288
-0.286923
-0.249395
-0.352543
-0.32399
-0.376979
-0.368201
-0.38347
-0.384099
-0.31481
-0.360522
-0.228382
-0.266175
-0.11884
-0.185179
0.0452495
-0.0375332
0.247511
0.139524
0.462552
0.469913
0.359597
0.455794
0.455008
0.420479
0.441332
-14.3671
0.406149
0.40667
0.0520203
-0.0504226
0.00201819
0.124973
0.0926649
0.173123
0.151454
0.108418
0.207008
0.189749
-0.0896826
0.0081128
-0.247941
-0.174528
-0.357061
-0.311812
-0.390412
-0.377552
-0.443516
-0.414821
-0.454093
-0.456913
-0.445595
-0.448425
-0.419173
-0.437747
-0.36411
-0.392562
-0.305203
-0.335499
-0.238914
-0.272428
-0.175099
-0.206528
-0.114217
-0.144064
-0.0627105
-0.0870683
-0.0200861
-0.0404434
0.0143596
-0.00167312
0.0409512
0.0286471
0.0612564
0.0518655
0.0761322
0.069098
0.0861234
0.0811259
0.0919776
0.089061
0.094274
0.0937133
0.0942999
0.0954047
0.0929545
0.0943313
0.0898576
0.0909169
0.0841009
0.0862274
0.0765107
0.0808417
0.0691459
0.0740176
0.0617359
0.0652734
0.0521596
0.0560641
0.0413088
0.0471443
0.0314972
0.0371721
0.0215499
0.0259723
0.0101698
0.0154936
0.00539513
0.000933138
-0.00796658
-0.00338177
0.00869226
0.00488988
0.0155387
0.0122148
0.0225419
0.0190845
0.0272532
0.0253201
0.0314109
0.0291336
0.035754
0.0337171
0.0381469
0.0371681
0.0397136
0.0389311
0.041301
0.0404194
0.0419057
0.0418598
0.0410136
0.0416219
0.0391821
0.0402877
0.036947
0.0379873
0.0348439
0.0359781
0.0302887
0.0328183
0.0261608
0.0283644
0.0195165
0.0231501
0.00976068
0.0145978
0.000205587
0.00481128
-0.0106729
-0.00480486
-1.81915
-0.112445
-2.66142
-2.67819
-5.29162
-6.96182
-0.145399
-3.04518
-2.89298
-4.86651
-11.887
-0.595599
0.587323
0.583514
0.13335
0.224223
-11.9526
-0.0125037
-0.0135094
-0.0183811
-0.0173339
-0.0151042
-0.0227199
-4.68697
-1.07238
-2.78925
-2.77075
-16.3368
-1.73412
-1.22826
-6.59526
-8.97196
-2.27815
-1.59734
-18.0378
-2.99634
-2.29197
-1.66121
0.419779
0.644011
0.683493
-0.190979
-0.282835
-2.76937
-6.19668
0.143973
-0.00339054
-0.0109976
0.011036
0.00311994
0.0263486
0.0186861
0.0418946
0.0345152
0.0572788
0.0499844
0.0725998
0.0648429
0.0870043
0.0791493
0.100057
0.0934329
0.112887
0.107527
0.125851
0.120085
0.137786
0.131511
0.147692
0.141966
0.155701
0.151661
0.162226
0.159576
0.167038
0.165425
0.169252
0.168593
0.168027
0.168909
0.162563
0.165604
0.152079
0.157893
0.13553
0.144609
0.112505
0.124979
0.0802391
0.0977319
0.0403346
0.0610254
-0.0111972
0.016759
-0.0725963
-0.0420258
-0.137485
-0.103397
-0.207631
-0.173874
-0.269151
-0.238134
-0.320235
-0.299064
-0.331097
-0.328818
-0.330037
-0.333317
-0.260044
-0.305953
-0.175958
-0.212506
-0.0657875
-0.132599
0.0939804
0.0143198
0.278136
0.180125
0.479451
0.379167
0.6074
0.590785
0.607439
0.604597
0.620649
0.235115
0.224837
0.230059
0.252331
0.242687
0.274558
0.263058
0.292495
0.284657
0.30713
0.298605
-0.047623
0.0404218
-0.190951
-0.122659
-0.302942
-0.254578
-0.344378
-0.327056
-0.40549
-0.373329
-0.418816
-0.420448
-0.41686
-0.415681
-0.399869
-0.41366
-0.354624
-0.378256
-0.302998
-0.330004
-0.24273
-0.273327
-0.183129
-0.212634
-0.125808
-0.153973
-0.0759711
-0.0997304
-0.0342149
-0.0542139
0.000341942
-0.015967
0.0277102
0.0148683
0.0489464
0.0389453
0.0648823
0.0573072
0.0759916
0.070718
0.082967
0.0798753
0.0865284
0.0854594
0.0877278
0.0878801
0.0870957
0.0876512
0.0843171
0.0852903
0.0791021
0.0815156
0.0724369
0.0764849
0.0656211
0.0697481
0.0579143
0.0613954
0.0481576
0.0525885
0.0376995
0.0435665
0.0278735
0.0331669
0.0171536
0.022036
0.00582126
0.0114769
-0.00479855
0.00074472
-0.00934128
-0.0022399
-0.00709657
0.00689792
0.00251044
0.0130027
0.0103435
0.0188601
0.0156032
0.0245407
0.0220489
0.029135
0.0268317
0.032747
0.0311747
0.0341501
0.0335696
0.0360657
0.0349563
0.0377572
0.0369564
0.038011
0.0381383
0.0368047
0.0375575
0.0356244
0.0361715
0.0341978
0.0351438
0.0306379
0.0325839
0.0258186
0.0283418
0.0217337
0.023792
0.0163572
0.0192924
0.007528
0.0122409
-0.00330828
0.00251573
-0.00914082
-2.3796
0.229498
-3.40185
-3.22315
-7.13864
-11.034
-0.242133
0.741575
0.437334
0.582643
0.315498
-16.4726
-0.0197865
-0.0242125
-0.0243055
-0.0310995
-4.00558
-0.398626
-3.35052
-5.27587
-16.4154
-0.802559
-6.13059
-12.575
-3.06801
-2.41729
-20.0544
-1.44797
-8.78532
-2.40721
-1.72985
0.818589
-1.64034
0.613392
0.702119
-2.31991
1.03111
1.14694
-3.43419
-9.40683
0.108678
-0.0095914
-0.0180597
0.00564393
-0.00223351
0.0218849
0.0140628
0.0381861
0.0304067
0.0541922
0.0462737
0.0695194
0.0615745
0.0838929
0.0765007
0.0973449
0.0908166
0.11024
0.104567
0.122723
0.116969
0.134066
0.128213
0.143544
0.138192
0.150986
0.147113
0.156578
0.154174
0.160153
0.159114
0.161024
0.161224
0.158396
0.160201
0.151551
0.155401
0.139672
0.14617
0.121868
0.131488
0.0976448
0.110628
0.0646181
0.082253
0.0249135
0.045509
-0.0257825
0.00137405
-0.0828852
-0.0546197
-0.143364
-0.111788
-0.204177
-0.175492
-0.255373
-0.229798
-0.294207
-0.278971
-0.294379
-0.297437
-0.286919
-0.292421
-0.21403
-0.261255
-0.130837
-0.166538
-0.0217799
-0.0881285
0.135747
0.0580025
0.303976
0.215108
0.489598
0.397407
0.687279
0.6808
0.58436
0.708079
0.695284
0.748959
0.723381
0.790778
0.766376
0.875511
0.825238
0.940236
0.50262
0.547758
0.443706
0.468455
0.417147
0.427315
0.407242
0.410926
0.403723
0.403245
0.321745
0.406068
0.40443
0.155708
0.238552
-0.0131504
0.0694137
-0.144366
-0.0828675
-0.257355
-0.207169
-0.304346
-0.283698
-0.372928
-0.337578
-0.389728
-0.389552
-0.394483
-0.389595
-0.384531
-0.394876
-0.347287
-0.366747
-0.302749
-0.326499
-0.247781
-0.275945
-0.191415
-0.219485
-0.136608
-0.163647
-0.0877824
-0.111182
-0.0466085
-0.066366
-0.0120177
-0.0284525
0.0157877
0.00264789
0.0377819
0.027341
0.0545314
0.046574
0.0665305
0.0609095
0.0745351
0.0710446
0.0793116
0.0776311
0.0816304
0.081044
0.0817101
0.081761
0.0793154
0.0802671
0.0746488
0.0771477
0.0687906
0.0724038
0.0623182
0.0658047
0.0544275
0.0579172
0.0444877
0.0495731
0.0344393
0.040163
0.0243107
0.0293061
0.0127541
0.0181669
0.00125899
0.00730181
-0.00935495
-0.00413037
-0.0149609
-20.1337
-3.89468
-3.03025
-0.0150401
-0.0282486
-0.0215214
-0.00333373
-0.00883119
0.00537335
0.00137362
0.0110294
0.0085344
0.0165505
0.0134225
0.0228844
0.0199128
0.0268375
0.0253102
0.028249
0.0275989
0.0296789
0.0288837
0.0318079
0.0307158
0.0329884
0.0325192
0.0334221
0.0332555
0.0337463
0.033739
0.0327451
0.0335108
0.0299638
0.0317227
0.0251584
0.0275223
0.0215028
0.0232814
0.0172804
0.0196081
0.0122897
0.0148031
0.00494536
0.00909067
-0.00476402
0.0006979
-0.0201593
-0.0117462
-0.0376661
-0.0287441
-3.14744
0.244218
-4.32834
-3.86589
-9.02703
-15.0758
-0.377054
0.456967
-5.33068
-17.2255
-3.92873
-5.65433
-20.3364
0.947392
1.10357
-0.557018
-1.08304
1.29227
0.898115
0.781043
0.770573
0.330592
0.411733
-8.19113
-3.52167
-2.48589
-22.3734
-1.92429
-0.0475715
-0.0396512
-0.0510303
-0.0307982
-0.0354535
-0.039307
-12.1704
-2.19056
-2.22569
1.6491
1.48642
1.90538
0.818029
-3.17334
-4.26065
-12.6549
0.0469986
-0.0324375
-0.0401451
-0.0158171
-0.0255276
0.000119669
-0.00821719
0.017133
0.00969165
0.0349554
0.0263679
0.0513907
0.0423532
0.0663079
0.0586323
0.0808401
0.0742665
0.0949307
0.0883343
0.108059
0.101569
0.120032
0.113856
0.130613
0.125046
0.139506
0.134771
0.146418
0.143136
0.151328
0.14943
0.154001
0.153464
0.153813
0.154568
0.149979
0.152404
0.141848
0.146365
0.128539
0.13574
0.109507
0.119673
0.0838919
0.0976201
0.050665
0.0681741
0.011085
0.0317346
-0.0386205
-0.0124209
-0.0923136
-0.0656417
-0.149721
-0.120121
-0.203064
-0.178304
-0.246138
-0.224999
-0.274291
-0.264344
-0.264626
-0.272513
-0.252187
-0.259221
-0.177393
-0.225677
-0.0921435
-0.128726
0.0155847
-0.0496119
0.169628
0.0940832
0.327948
0.244904
0.501038
0.415451
0.679639
0.589266
0.816562
0.795886
0.874861
0.841906
0.958261
0.911092
1.09473
1.01951
1.30652
1.1879
1.45844
0.739762
0.829448
0.619941
0.672503
0.549162
0.579595
0.509993
0.52693
0.48962
0.497109
0.483205
0.484261
0.175684
0.252441
0.018356
0.0951827
-0.106661
-0.0454937
-0.219852
-0.169977
-0.270835
-0.246944
-0.345413
-0.307849
-0.365245
-0.363138
-0.376781
-0.368272
-0.37395
-0.380685
-0.34409
-0.359936
-0.304942
-0.32633
-0.253318
-0.280032
-0.199032
-0.226141
-0.146151
-0.172287
-0.0983665
-0.121368
-0.0577012
-0.0772704
-0.023181
-0.0396896
0.00499285
-0.00839656
0.0275567
0.0168458
0.045024
0.0367763
0.0580263
0.0519818
0.0671534
0.0631119
0.0729476
0.0705808
0.0760005
0.0748249
0.0765584
0.0764043
0.0746004
0.0756448
0.0706192
0.0729808
0.0654058
0.0684883
0.059024
0.0621899
0.050738
0.0545581
0.0411602
0.0461048
0.0311458
0.0366694
0.0205661
0.02579
0.00857587
0.0144274
-0.00328493
0.00289511
-0.0147535
-0.00929683
-0.026385
-0.0209871
-0.030744
-0.0163865
-0.0231933
-0.00551517
-0.0103181
0.0021037
-0.00167104
0.00864385
0.00561211
0.0138183
0.0111921
0.0190969
0.0164714
0.0227582
0.021369
0.0240547
0.0234564
0.0257339
0.0248357
0.0272402
0.0265435
0.0281643
0.0276929
0.0289618
0.0286277
0.0289227
0.0292166
0.0265392
0.0280924
0.0239319
0.0251061
0.0217923
0.0229714
0.0180797
0.0201693
0.0133331
0.0158353
0.00877747
0.0108521
0.00235634
0.0062196
-0.00821406
-0.00243786
-0.0229712
-0.0149727
-0.0308705
-4.29335
-20.5547
-5.1577
-5.52955
-4.65201
-10.597
-18.6696
1.28781
0.274639
-0.568227
0.451109
0.763978
0.48472
-7.17823
1.96364
2.27524
-4.70358
-6.15285
-22.9667
-0.747739
-1.48893
0.998729
-0.058498
-0.0645683
-0.042761
-0.0545332
-0.0324674
-0.0413644
-0.0438167
-0.0479637
-11.0509
-3.65712
-3.463
-22.7703
-16.3607
-3.00944
1.81908
-4.10554
-2.68165
2.31168
-4.33739
-5.24862
-15.3274
1.45721
0.958077
-0.0408113
-0.0417488
-0.0504808
-0.0227718
-0.0332794
-0.00521161
-0.0142693
0.0130079
0.00494704
0.0316148
0.0223048
0.0484162
0.0390309
0.0636041
0.0558774
0.0782774
0.0718963
0.0926425
0.0860545
0.105913
0.0990614
0.117621
0.111146
0.127624
0.1222
0.136006
0.131701
0.142414
0.139583
0.146733
0.145194
0.148581
0.1484
0.147398
0.148617
0.142494
0.145463
0.133333
0.138392
0.118997
0.12672
0.0990087
0.109625
0.0727407
0.0866532
0.0390568
0.0566828
-0.00119145
0.0198488
-0.0506973
-0.0249705
-0.102745
-0.0767642
-0.157972
-0.129989
-0.205103
-0.18368
-0.239955
-0.223339
-0.259687
-0.253548
-0.243567
-0.254637
-0.226258
-0.235423
-0.147778
-0.19793
-0.058643
-0.0968484
0.046596
-0.0167011
0.198059
0.12387
0.349733
0.270496
0.513481
0.43272
0.683172
0.597105
0.840671
0.836484
0.763126
0.864478
0.851706
0.915245
0.886848
0.99273
0.949675
1.11013
1.04639
1.28708
1.18914
1.55634
1.4081
1.7372
1.63142
1.83698
1.22837
1.41802
0.952951
1.07468
0.782598
0.85814
0.6744
0.722606
0.607003
0.636777
0.568507
0.584559
0.552484
0.557722
0.488835
0.552284
0.550751
0.341089
0.418599
0.194066
0.26649
0.046055
0.117964
-0.0757866
-0.0150057
-0.187838
-0.138715
-0.243886
-0.215975
-0.323776
-0.284358
-0.347081
-0.342793
-0.362849
-0.352346
-0.365506
-0.368926
-0.343756
-0.355629
-0.310258
-0.329292
-0.261061
-0.286954
-0.2075
-0.234396
-0.155063
-0.181029
-0.107628
-0.130538
-0.0672194
-0.0867114
-0.0328459
-0.0493859
-0.00446204
-0.0180425
0.0185781
0.00756768
0.0367818
0.0281478
0.0506212
0.0441551
0.0605454
0.0560498
0.0671606
0.0642785
0.0708878
0.0692579
0.0719135
0.0715672
0.0704363
0.0715006
0.0670468
0.0692885
0.0623138
0.0650146
0.0561167
0.0589631
0.0478034
0.0517403
0.0381445
0.0433916
0.0281434
0.0336003
0.0170746
0.0224505
0.00457236
0.0107938
-0.00809609
-0.00141903
-0.0205514
-0.0145012
-0.0330056
-0.0272349
-0.0383523
-0.0186283
-0.0250478
-0.00880954
-0.0131929
-0.000988499
-0.00495867
0.00570535
0.00268738
0.0102258
0.00806076
0.0138667
0.0121102
0.0173157
0.015604
0.0205313
0.0189989
0.0228689
0.0218574
0.0236869
0.0233804
0.0241965
0.0238947
0.0241696
0.0243726
0.0229442
0.0236699
0.0219736
0.0224123
0.021904
0.0218557
0.0212257
0.0218856
0.0171146
0.0195591
0.011079
0.0142312
0.00608594
0.00824346
0.000177384
0.00362429
-0.0103265
-0.00464779
-0.02335
-0.0164998
-0.0320661
-5.80482
2.69207
-6.98602
-7.1022
-5.75003
-11.7608
-21.035
1.78955
0.363642
-0.838263
0.431751
-0.068313
-0.0515088
-9.33618
-5.57987
-6.91369
-23.6776
-1.07158
-2.02858
1.16452
0.912376
0.90543
0.495504
0.557828
-5.48847
-3.94983
-14.1441
-19.2556
2.79975
2.26009
-5.24543
3.11714
-8.94329
3.29662
3.52781
-6.56252
-17.2953
1.21928
-0.17958
-0.0716847
-0.0860586
-0.0809424
-0.0512008
-0.0618198
-0.0301062
-0.0414226
-0.0101731
-0.0203953
0.00931131
-0.000112066
0.0282165
0.0185412
0.0455127
0.0361668
0.0612665
0.0533834
0.0762878
0.0695295
0.0907509
0.0837538
0.103781
0.0969072
0.115143
0.10909
0.124763
0.120083
0.132891
0.129245
0.139066
0.136524
0.142938
0.141438
0.144075
0.143937
0.142006
0.143423
0.136096
0.139423
0.125891
0.131404
0.110556
0.118733
0.0896998
0.100709
0.0624685
0.076903
0.0280722
0.0459721
-0.0126943
0.00868866
-0.0619883
-0.0366195
-0.113348
-0.0876288
-0.166518
-0.139996
-0.210033
-0.190436
-0.239058
-0.225869
-0.252591
-0.249299
-0.229461
-0.244521
-0.204141
-0.216834
-0.124212
-0.174434
-0.0327171
-0.0724509
0.07233
0.00966165
0.222727
0.149241
0.368708
0.292884
0.527013
0.448546
0.690058
0.607711
0.838717
0.767429
0.943931
0.925047
1.00511
0.970787
1.10259
1.04873
1.24867
1.16895
1.45883
1.34485
1.76738
1.5984
2.23367
1.97543
2.95438
2.55677
3.8783
3.40341
1.89024
2.16777
1.46204
1.66322
1.1447
1.28977
0.931984
1.02771
0.789939
0.85398
0.697637
0.73863
0.642633
0.666213
0.617532
0.626726
0.612907
0.613092
0.351144
0.426072
0.210477
0.279939
0.0697093
0.137995
-0.050663
0.0102648
-0.162396
-0.113796
-0.222909
-0.192302
-0.305167
-0.265356
-0.333836
-0.326113
-0.355733
-0.342863
-0.362824
-0.363891
-0.346443
-0.355844
-0.316371
-0.333923
-0.269082
-0.294128
-0.216108
-0.242818
-0.163779
-0.189575
-0.116581
-0.139347
-0.0761566
-0.0955872
-0.0417274
-0.0582434
-0.0129856
-0.0266997
0.0105922
-0.000628143
0.0294191
0.0205352
0.0439618
0.037165
0.0546765
0.0497421
0.0620502
0.058691
0.0663948
0.0644282
0.0678526
0.0673343
0.0668464
0.0677932
0.063853
0.0659873
0.0593114
0.0619987
0.0529626
0.056099
0.0448606
0.048912
0.035523
0.0406396
0.0254467
0.0304732
0.0137399
0.0190173
0.00034077
0.00742482
-0.012971
-0.00540226
-0.0262209
-0.0200587
-0.0404661
-0.0340088
-0.0533966
-0.0466373
-0.0624236
-0.058247
-0.0342868
-0.0541006
-0.0433571
-0.0203265
-0.0266988
-0.0101098
-0.0149207
-0.00242262
-0.00607722
0.00306037
0.00069961
0.00714188
0.00508088
0.0102575
0.00883427
0.0134811
0.0116939
0.0173697
0.0155029
0.0199978
0.0188986
0.0208763
0.0205709
0.0209785
0.0209607
0.020448
0.020788
0.0202529
0.0201951
0.0215333
0.020878
0.0210363
0.0217409
0.0183859
0.0196418
0.0160821
0.0173813
0.0106805
0.0138505
0.00382348
0.00719742
-0.00244369
0.000698822
-0.0106041
-0.00627464
-0.0245418
-0.0169304
-0.0445643
-0.0338575
-0.0682668
-0.0554268
-7.33541
-3.8428
-5.97178
-8.56756
-7.30933
-12.2483
-21.7244
2.22109
0.467819
-1.2281
0.443608
0.905361
0.617228
-0.066267
-0.0866164
-2.72845
-11.1136
-16.3906
1.49547
2.63621
3.81711
3.40037
3.24323
-1.64079
-10.244
-7.89091
-7.30157
-21.4314
5.1137
4.13796
4.74416
4.83611
5.18197
-8.29068
-17.755
1.5247
6.00625
6.82235
7.44899
7.72132
5.67542
7.343
6.59011
-0.369269
-22.4631
-8.83346
-8.48695
-5.4082
-2.03651
4.45838
4.68589
2.87011
1.95686
-18.5021
-8.28748
-6.15158
-4.74642
-3.75024
-0.0783439
-0.0646529
-0.051118
-0.0393617
-0.0300697
-0.0222911
-0.0159278
-0.0112692
-0.00795154
-0.00455597
-0.000864339
0.00358849
0.00784138
0.011114
0.0128281
0.0132832
0.0131617
0.0133853
0.0144083
0.0161681
0.0179308
0.0191286
0.0196111
0.0194335
0.018996
0.0185703
0.0183184
0.018204
0.0180409
0.0176885
0.0171192
0.0164262
0.0156128
0.0146628
0.013451
0.0120703
0.0105009
0.00896196
0.00736968
0.00565577
0.00357393
0.0013336
-0.00112219
-0.00394769
-0.00680989
-0.00981182
-0.0139354
-0.0193282
-0.0260655
-0.0344165
-0.0441835
-0.0546969
-0.0671534
-0.0824484
-0.0800025
-0.0752596
-0.069907
-0.0636323
-0.0558054
-0.0486054
-0.041097
-0.0324017
-0.0252364
-0.0177333
-0.00949646
-0.00317381
0.0040245
0.0107246
0.0164243
0.0225923
0.0280888
0.0331554
0.0380423
0.042794
0.046525
0.0508621
0.054077
0.0568446
0.0596305
0.0610303
0.0633006
0.0637276
0.0646204
0.0643255
0.0636754
0.0624808
0.0602487
0.057697
0.0539563
0.0497705
0.0444536
0.0384148
0.0312787
0.023263
0.0141389
0.00400462
-0.00734273
-0.0198073
-0.0335665
-0.0486155
-0.0650337
-0.0828318
-0.102141
-0.123085
-0.145802
-0.170268
-0.196402
-0.223887
-0.252085
-0.280021
-0.306354
-0.329083
-0.346028
-0.35658
-0.362493
-0.364926
-0.361604
-0.350084
-0.334646
-0.32337
-0.31461
-0.294247
-0.25501
-0.2103
-0.174862
-0.141463
-0.0931994
-0.0314541
0.0295565
0.0888388
0.154891
0.225234
0.293541
0.363189
0.435729
0.504259
0.566016
0.623946
0.677546
0.671222
0.667216
0.667757
0.673974
0.686552
0.707671
0.737834
0.77759
0.828262
0.891294
0.968764
1.0628
1.17642
1.31328
1.47527
1.66232
1.87529
2.12366
2.45414
2.9668
3.57035
4.14729
4.79944
5.50355
6.18903
6.70062
6.9704
6.80964
6.39434
5.84511
5.15255
4.48694
3.95372
3.53649
3.14022
2.76354
2.43959
2.16742
1.94563
1.76305
1.60893
1.47764
1.3666
1.27371
1.19604
1.13317
1.08259
1.04284
1.01092
0.989024
0.973781
0.966334
0.965394
0.970863
0.911684
0.845756
0.775509
0.698962
0.617998
0.539685
0.463078
0.385458
0.31173
0.242722
0.169743
0.0946618
0.033589
-0.0106923
-0.0558283
-0.110878
-0.160561
-0.189016
-0.203103
-0.218727
-0.23707
-0.24841
-0.24904
-0.243191
-0.233901
-0.220516
-0.202091
-0.178938
-0.152605
-0.125253
-0.0983343
-0.0719795
-0.0463316
-0.0221331
-2.9095e-06
0.0195336
0.0376453
0.0542512
0.0690119
0.0821295
0.0935177
0.103675
0.112217
0.119727
0.125622
0.130706
0.134364
0.137376
0.139064
0.140147
0.140226
0.139621
0.138346
0.13623
0.133942
0.130421
0.127082
0.12256
0.118174
0.113163
0.107234
0.102036
0.0950302
0.0891548
0.0818184
0.0746007
0.0674689
0.059187
0.0512304
0.0428397
0.0337318
0.0249803
0.0152831
0.00567153
-0.00489012
-0.0147018
-0.0266142
-0.0371938
-0.0492039
-0.0614502
-0.0740337
-0.0865893
-0.0999401
-0.108177
-0.115693
-0.0923368
-0.116097
-0.113545
-8.83948
-9.94187
-20.5788
-12.0241
-12.6144
6.2645
0.423907
2.80154
5.90575
8.18425
8.84271
8.15324
0.585732
-1.71623
-0.546946
7.02452
1.94292
7.2998
-6.15053
-9.10327
-16.7408
-9.77892
-0.140723
-0.135207
-4.8761
-5.29298
-5.22913
-10.8313
-19.7979
-0.141958
-0.141841
-0.133201
-0.120143
-0.101822
-0.0862524
-0.0716188
-0.0572251
-0.0433996
-0.0325275
-0.0191207
-0.00893106
0.00202364
0.0123267
0.0221717
0.0313205
0.0406127
0.049221
0.0573271
0.0656632
0.0731129
0.0801332
0.0878601
0.0933553
0.100665
0.105553
0.11167
0.116434
0.120974
0.125166
0.128651
0.131755
0.134092
0.135853
0.136983
0.137323
0.136944
0.135668
0.133583
0.130373
0.126284
0.120971
0.114667
0.10692
0.0980374
0.0876586
0.0759648
0.0625953
0.0475703
0.0307384
0.0121284
-0.00872896
-0.0313991
-0.0565781
-0.0834113
-0.111236
-0.139545
-0.16737
-0.193151
-0.215158
-0.232249
-0.24373
-0.250277
-0.252841
-0.249551
-0.23701
-0.218056
-0.200866
-0.184482
-0.154179
-0.101372
-0.0410037
0.00758469
0.0502137
0.10837
0.183686
0.258773
0.327953
0.399863
0.475521
0.550933
0.629188
0.710164
0.78727
0.857966
0.924316
0.983351
2.46661
10.0313
10.8809
3.76172
0.758619
-2.19191
5.81515
9.05572
0.578642
3.66077
9.04484
6.01718
-6.53965
-14.1675
-0.095783
-0.0737129
-0.0667664
-0.0570586
-0.0447075
-0.0334626
-0.0252397
-0.0193592
-0.0155717
-0.0122013
-0.0083417
-0.0043937
-0.000387389
0.00360073
0.00668618
0.00845241
0.00902336
0.00935056
0.0101172
0.0107554
0.0107999
0.010775
0.0113718
0.0127345
0.014353
0.0155683
0.0161321
0.0160762
0.015671
0.0152047
0.0147006
0.0141309
0.0135088
0.0129358
0.0124725
0.0119296
0.0110556
0.00994874
0.00850322
0.00697056
0.00554063
0.0041487
0.00236525
-0.00015841
-0.0032949
-0.00674444
-0.00957576
-0.0117879
-0.0144129
-0.0184886
-0.0241996
-0.0315702
-0.040941
-0.0520535
-0.0653702
-0.081599
-0.100976
-0.100923
-0.0970624
-0.090948
-0.0831448
-0.0758479
-0.0663028
-0.0567969
-0.0487508
-0.0390984
-0.0297602
-0.023044
-0.013484
-0.00625021
-7.77743e-05
0.0083765
0.0136845
0.0194893
0.026368
0.0300464
0.0360425
0.0404361
0.0442858
0.0486369
0.0512889
0.0543302
0.0571187
0.058581
0.0606584
0.0610692
0.0616082
0.0613968
0.0603362
0.0591133
0.0565541
0.0538385
0.0498763
0.0454563
0.0399315
0.0336118
0.0262433
0.017934
0.00859291
-0.00176445
-0.0132343
-0.0257883
-0.0395475
-0.0545316
-0.0708332
-0.088537
-0.107899
-0.129137
-0.152567
-0.178276
-0.205944
-0.235143
-0.265069
-0.294366
-0.321306
-0.343738
-0.359613
-0.368186
-0.370704
-0.368717
-0.361705
-0.348563
-0.333102
-0.321993
-0.312947
-0.291711
-0.249536
-0.199296
-0.159167
-0.125809
-0.0803472
-0.0194082
0.0438577
0.103963
0.167843
0.236628
0.305531
0.375206
0.446937
0.515412
0.577877
0.635416
0.689237
0.741211
0.727043
0.718299
0.713251
0.713892
0.721918
0.73806
0.763778
0.799632
0.846503
0.905539
0.978417
1.06692
1.17349
1.30141
1.45338
1.63025
1.8343
2.07125
2.35933
2.73672
3.19236
3.68402
4.20198
4.78301
5.35983
5.88935
6.227
6.3826
6.30167
6.0027
5.52929
4.98628
4.49466
4.07381
3.66953
3.24995
2.89071
2.58479
2.32058
2.09201
1.89549
1.72639
1.5824
1.4603
1.3579
1.27312
1.20321
1.1461
1.10036
1.06553
1.04095
1.02563
1.0186
1.01782
1.02225
1.03436
-17.7636
-11.1418
-9.72777
-10.3191
-14.5333
-0.17662
-0.173068
-0.168296
-0.153737
-0.137084
-0.116075
-0.0972576
-0.080251
-0.064408
-0.0490589
-0.0374919
-0.0231591
-0.0124431
-0.001305
0.00979351
0.0196325
0.0292378
0.0388287
0.0474338
0.0559975
0.0639864
0.0721164
0.0786567
0.0868792
0.0922404
0.0994482
0.10464
0.11039
0.115418
0.119869
0.12385
0.127526
0.130117
0.132719
0.134008
0.13521
0.135221
0.134715
0.133222
0.130889
0.127487
0.123117
0.117587
0.111003
0.103041
0.0939037
0.0832883
0.0713463
0.0577622
0.0425777
0.0255947
0.00681003
-0.014177
-0.0374946
-0.0632532
-0.0911201
-0.120416
-0.15109
-0.181443
-0.20984
-0.233967
-0.252008
-0.26248
-0.26602
-0.264499
-0.258269
-0.245273
-0.226066
-0.205016
-0.18207
-0.147849
-0.0953366
-0.0359659
0.0141561
0.0596851
0.120105
0.197042
0.273006
0.341789
0.412574
0.487624
0.563244
0.642155
0.724801
0.803435
0.876046
0.944862
1.00517
1.05669
1.10473
1.08336
1.06955
1.0644
1.06334
1.07003
1.08576
1.11167
1.14882
1.19815
1.26006
1.3367
1.42919
1.53776
1.66576
1.81733
1.99477
2.20251
2.44284
2.70924
2.99578
3.30908
3.6463
4.01977
4.46207
4.94914
5.39086
5.7001
5.90149
5.97897
5.85427
5.59686
5.21412
4.73333
4.24593
3.77833
3.32749
2.89908
2.52545
2.22139
1.97039
1.75285
1.56455
1.40235
1.26374
1.14677
1.04911
0.968398
0.902814
0.850672
0.81045
0.781426
0.762592
0.753507
0.753219
0.76036
0.774044
0.794088
0.765626
-0.125518
-0.125122
-0.118564
-0.110378
-0.0983236
-0.089031
-0.0765525
-0.0651576
-0.0556139
-0.0450542
-0.0339303
-0.0275385
-0.0167112
-0.00894378
-0.00314962
0.00623072
0.0116754
0.0171181
0.0249272
0.028434
0.0346018
0.0393586
0.0426333
0.0468712
0.0503265
0.0521917
0.0560139
0.0565088
0.0590413
0.0593036
0.059472
0.0596119
0.0579708
0.0569433
0.0539858
0.0511961
0.0470214
0.0423372
0.0366416
0.0299944
0.022421
0.0137921
0.0042361
-0.00639042
-0.0180449
-0.0308289
-0.0447747
-0.0599566
-0.0764188
-0.0942348
-0.113634
-0.134832
-0.15798
-0.183494
-0.21145
-0.242102
-0.274321
-0.306961
-0.337834
-0.363923
-0.381491
-0.389056
-0.387311
-0.37967
-0.368154
-0.353292
-0.337491
-0.324633
-0.311536
-0.286509
-0.243291
-0.194548
-0.154726
-0.119339
-0.0708546
-0.00712606
0.0568103
0.115519
0.177511
0.246197
0.316463
0.386912
0.459372
0.529362
0.593648
0.654151
0.711635
-0.121008
-0.0947163
-0.0752537
-0.0600181
-0.0538145
-0.0448228
-0.0362467
-0.0287448
-0.022855
-0.0179706
-0.0141042
-0.0101181
-0.0059072
-0.00229322
0.000659214
0.00251023
0.00307881
0.00313175
0.00344798
0.00505084
0.00769685
0.00971536
0.0101753
0.00956054
0.00877629
0.00851534
0.00894474
0.00978316
0.010718
0.0113419
0.0115503
0.0114191
0.0110946
0.0106896
0.0102232
0.00966136
0.00902528
0.00826399
0.00743254
0.00673929
0.00621174
0.00585413
0.00538546
0.00432746
0.00248464
6.72364e-05
-0.0026067
-0.00553521
-0.0084209
-0.0115986
-0.0150824
-0.0187738
-0.023109
-0.0283039
-0.0355122
-0.0460701
-0.0593497
-0.0748791
-10.2482
7.63604
3.02146
7.35761
-0.801489
9.19168
-3.28985
-14.7095
5.32625
2.02024
5.70762
9.7143
-0.100716
2.77909
0.789525
-0.156463
-0.160936
-0.0739029
-0.159369
-10.376
-13.321
0.878296
1.12519
1.15778
-7.82816
1.16986
0.894737
-0.139652
-1.58097
0.775629
7.32044
4.20952
7.79262
-10.8982
-0.0603218
-0.0774618
-0.0364168
-0.0469762
-0.0229389
-0.028407
-0.0149227
-0.0185853
-0.00659723
-0.0108726
-0.00136645
-0.00314438
0.000266363
-0.000458643
0.00358712
0.0016781
0.00621051
0.00527138
0.00648838
0.00655383
0.00631152
0.00631625
0.00683826
0.00653098
0.00726241
0.00711552
0.00727736
0.00734001
0.00692962
0.00713616
0.00699291
0.00682416
0.00822835
0.00754314
0.00825931
0.00864819
0.00550581
0.00697753
0.00191152
0.00384815
-0.00127703
3.49912e-05
-0.00200126
-0.00187679
-0.00306327
-0.00225614
-0.00613267
-0.00422646
-0.0128439
-0.00899586
-0.0203197
-0.0165575
-0.0322781
-0.0252973
-0.0491377
-0.0412251
-0.0552246
0.740467
0.798945
0.611619
0.677565
0.47076
0.543218
0.324111
0.396156
0.18783
0.254908
0.0624939
0.124335
-0.0568858
0.000406827
-0.152075
-0.105536
-0.253596
-0.203396
-0.308176
-0.289366
-0.337979
-0.321384
-0.376345
-0.357243
-0.408325
-0.393836
-0.411216
-0.415577
-0.365248
-0.394122
-0.289184
-0.32861
-0.215834
-0.250988
-0.157632
-0.184531
-0.113301
-0.134136
-0.0782411
-0.0948689
-0.0480857
-0.0626726
-0.0217774
-0.0344654
0.0004774
-0.0102092
0.0190077
0.0100701
0.0336981
0.0266052
0.0446265
0.0393436
0.0519839
0.0486828
0.0560862
0.0548704
0.0575664
0.0579592
0.0571901
0.0578341
0.0550133
0.0548859
0.0492181
0.0503599
0.0403647
0.0457694
0.0317299
0.0391736
0.0235504
0.0277464
0.0111614
0.0143173
-0.00551375
0.00336872
-0.020471
-0.0109157
-0.0378096
-0.0308777
-0.061354
-0.0502203
-0.0861699
-0.0729298
-0.11508
-0.101514
-0.145346
-0.131732
-0.157551
1.11413
1.13457
1.0981
1.10224
1.11948
1.10362
1.18667
1.14716
1.30399
1.23862
1.48245
1.38514
1.73189
1.59737
2.07341
1.88972
2.52958
2.28718
3.06361
2.79041
3.6876
3.35739
4.44634
4.05052
5.18873
4.8415
5.60108
5.44991
5.56267
5.65424
5.05385
5.35758
4.24508
4.6646
3.40673
3.8235
2.65018
3.00753
2.07512
2.33881
1.6493
1.84781
1.33056
1.47789
1.10151
1.20595
0.944556
1.01518
0.845044
0.888473
0.793443
0.813741
0.784651
0.783908
0.815709
0.794398
0.845631
1.0268
1.07889
0.893228
0.963633
0.736258
0.817087
0.573824
0.653132
0.425611
0.498562
0.281749
0.354668
0.134981
0.205674
0.0194831
0.0758272
-0.102595
-0.0422915
-0.180807
-0.148997
-0.234664
-0.207944
-0.271552
-0.256967
-0.284964
-0.280537
-0.275934
-0.284414
-0.23382
-0.259099
-0.167384
-0.202357
-0.0986474
-0.132396
-0.0404538
-0.0679418
0.00487876
-0.0163571
0.0403235
0.02358
0.0686816
0.0552484
0.0911969
0.0805809
0.108446
0.100424
0.120874
0.115235
0.128994
0.125484
0.133236
0.131528
0.134173
0.13373
0.132082
0.132577
0.127008
0.128674
0.11914
0.122682
0.109062
0.114956
0.0978144
0.104697
0.0856544
0.0920483
0.0713927
0.0776769
0.0551064
0.0624998
0.0375993
0.0457433
0.0177778
0.0272225
-0.00442062
0.00763929
-0.0273453
-0.0150117
-0.0538111
-0.0414262
-0.0862674
-0.0701682
-0.126145
-0.10546
-0.172127
-0.149298
-0.210772
-0.195396
-0.226577
-0.221634
-11.2731
-0.179336
-0.217641
1.2472
0.967541
1.25777
0.950329
-0.0836616
-0.283041
-0.289852
-0.219188
-0.251326
-0.155282
-0.184181
-0.109576
-0.12954
-0.0731729
-0.0901099
-0.0437076
-0.0578623
-0.0167689
-0.0300356
0.00608072
-0.00581061
0.0259408
0.0171387
0.0451066
0.0369039
0.0622956
0.0542728
0.0777325
0.0706339
0.0924339
0.0848747
0.105482
0.0971681
0.114905
0.108636
0.122168
0.118795
0.127985
0.126698
0.131891
0.131641
0.132946
0.133491
0.130529
0.132293
0.124191
0.127762
0.113565
0.119339
0.0983104
0.106509
0.0779197
0.0887895
0.0519161
0.0656571
0.0196307
0.0366337
-0.0206339
0.000668645
-0.0719325
-0.0446599
-0.136897
-0.102684
-0.211059
-0.173512
-0.27859
-0.247338
-0.314773
-0.301968
-0.30429
-0.315681
-0.261236
-0.284155
-0.219367
-0.239619
-0.165605
-0.197615
-0.0440061
-0.114112
0.0864624
0.0277282
0.206657
0.139891
0.364724
0.287133
0.503255
0.43365
0.657676
0.578975
0.821243
0.738318
0.977893
0.902881
1.11088
1.04569
1.17734
0.883259
0.931602
0.818454
0.844095
0.80412
0.805433
0.83551
0.814172
0.91402
0.868609
1.04699
0.973178
1.24599
1.13727
1.52815
1.37568
1.91299
1.7065
2.42378
2.15079
3.07644
2.73243
3.84513
3.45543
4.60828
4.23892
5.19033
4.94294
5.44915
5.36083
5.25792
5.38979
4.81656
5.10271
4.00909
4.43184
3.39078
3.65644
2.84464
3.1183
2.33659
2.57947
1.93519
2.12178
1.6344
1.77358
1.41658
1.51656
1.26432
1.33297
1.16935
1.21036
1.12541
1.14113
1.12981
1.12168
1.18233
1.14994
1.21948
-0.199262
-0.213997
-0.15066
-0.173896
-0.111672
-0.128179
-0.078704
-0.0927217
-0.0536063
-0.0658488
-0.0333782
-0.0407008
-0.0125312
-0.0224481
0.00180899
-0.00695744
0.0128058
0.0106423
0.0270728
0.0231373
0.0388889
0.0306502
0.0450269
0.0395639
0.0495403
0.0488117
0.0543382
0.0545357
0.0573527
0.056375
0.0571702
0.0565485
0.0536846
0.0550657
0.0472056
0.0509145
0.0377069
0.0433531
0.0247311
0.0321383
0.0079486
0.0170996
-0.0129224
-0.00183359
-0.0380258
-0.0248767
-0.0678789
-0.0523382
-0.102196
-0.0844391
-0.14083
-0.120838
-0.189323
-0.164181
-0.254401
-0.21944
-0.335934
-0.293829
-0.414581
-0.377873
-0.450455
-0.44065
-0.415353
-0.441536
-0.349498
-0.380582
-0.324835
-0.330181
-0.312321
-0.325292
-0.204963
-0.270852
-0.0955154
-0.141369
-0.00202416
-0.0558665
0.132532
0.0656294
0.257487
0.193968
0.400806
0.327068
0.553337
0.476694
0.701744
0.629417
0.830754
0.768474
0.891129
-0.0769317
-0.040824
-0.0409051
-0.0274902
-0.0358356
-0.0143588
-0.0197614
-0.00896333
-0.0110173
-0.00572327
-0.00739979
-0.0044611
-0.00477729
-0.00491796
-0.00467409
-0.00393809
-0.0049063
-0.000131434
-0.0021045
0.00077387
0.00088718
0.00176416
0.000773866
0.00513316
0.00350835
0.00613103
0.00598534
0.00507161
0.00569558
0.00424292
0.00452836
0.00422641
0.0041468
0.00453005
0.00431161
0.00516532
0.00480815
0.00571088
0.00549603
0.00439147
0.00539152
0.000914452
0.00272485
-0.000908785
-0.000413278
-0.00040631
-0.000721542
-0.00183594
-0.000745798
-0.00592374
-0.00367662
-0.0105674
-0.00819225
-0.0180322
-0.013893
-0.0299154
-0.0230131
-0.0522225
-0.0396812
-0.0654962
-12.1429
-0.321722
-1.07491
-3.26507
-0.500401
-6.73503
-3.98415
-7.48423
-6.6626
-8.93883
-11.3129
8.90864
11.2524
12.0639
11.6888
9.55468
-8.90073
-9.60153
-10.5884
-9.63626
-10.3519
-6.50936
-0.0446297
-3.39829
-0.196439
-0.405111
-0.328043
-0.264552
-0.217271
-0.180948
-0.152481
-0.131539
-0.109434
-0.0933344
-0.07432
-0.0591787
-0.0450226
-0.0306485
-0.0179215
-0.006486
0.00558529
0.015744
0.0261383
0.0356796
0.0451614
0.0536293
0.0623405
0.0701034
0.0779089
0.0846355
0.0921543
0.0975223
0.104464
0.109071
0.114354
0.118956
0.122305
0.126489
0.128393
0.131298
0.132136
0.133223
0.132937
0.132106
0.130318
0.127541
0.123856
0.119021
0.113143
0.10607
0.0978126
0.0883125
0.0775107
0.0654225
0.0519861
0.0371895
0.0208583
0.00271494
-0.0177568
-0.0411949
-0.0683767
-0.0999398
-0.136063
-0.175983
-0.217822
-0.258533
-0.293846
-0.318715
-0.329364
-0.32544
-0.310121
-0.289873
-0.27072
-0.254515
-0.235735
-0.206956
-0.164312
-0.108545
-0.0442954
0.0220834
0.0863395
0.148367
0.214178
0.289552
0.369448
0.443311
0.513076
0.587836
0.667956
0.752126
0.845446
0.946104
1.04206
1.12262
1.18373
1.24239
1.37507
1.06999
0.966108
0.903861
0.8592
0.8309
0.816702
0.815294
0.825338
0.846941
0.880931
0.927649
0.987986
1.06355
1.15631
1.26773
1.39978
1.55513
1.73685
1.94879
2.19614
2.48299
2.80748
3.1478
3.47798
3.83096
4.21123
4.58546
4.85934
5.10357
5.27077
5.26264
5.27943
5.12983
4.83417
4.59403
4.40689
4.19426
3.89783
3.50177
3.12881
2.8215
2.57204
2.34983
2.14423
1.95802
1.79584
1.65374
1.53159
1.43078
1.3465
1.27701
1.22192
1.18077
1.1528
1.13717
1.13447
1.14544
1.17113
1.21297
1.27469
1.38084
1.56893
-0.252754
-0.298404
-0.253992
-0.221843
-0.184022
-0.159956
-0.133474
-0.117071
-0.0960167
-0.0817984
-0.0680707
-0.0555112
-0.0424295
-0.0348092
-0.0231334
-0.0142085
-0.00751222
0.00141161
0.0086617
0.0139476
0.0217696
0.0264191
0.0314257
0.0368101
0.0403838
0.0440951
0.048194
0.0498711
0.0531183
0.0545766
0.0556512
0.057023
0.0563342
0.0565373
0.0548287
0.0531073
0.0504337
0.0467261
0.0426453
0.0371251
0.0312362
0.0239416
0.0160539
0.00693139
-0.00300808
-0.0140665
-0.0260374
-0.0389986
-0.0528222
-0.0674536
-0.0829784
-0.0993077
-0.116558
-0.135399
-0.156539
-0.183445
-0.214722
-0.251964
-0.295205
-0.342569
-0.390117
-0.432038
-0.460419
-0.468104
-0.453043
-0.420848
-0.38422
-0.357208
-0.345399
-0.342345
-0.335122
-0.311673
-0.266453
-0.20688
-0.148338
-0.0995388
-0.0530967
0.001707
0.0670967
0.135713
0.200619
0.264027
0.333293
0.409485
0.490018
0.575313
0.66282
0.743209
0.809364
0.862882
0.926673
1.06885
1.30284
0.2204
0.056367
-0.0121607
-0.0202834
-0.0160497
-0.0107389
-0.00666013
-0.00497873
-0.00397207
-0.00333867
-0.00311547
-0.00297045
-0.00275115
-0.00234729
-0.00210217
-0.00193743
-0.00160437
-0.00104206
-0.000129776
0.000516058
0.000596961
0.000155569
-0.00018571
-0.000187316
0.000167433
0.000746695
0.00144038
0.00203734
0.0022451
0.00223817
0.00191744
0.00174571
0.00156698
0.0015872
0.00165235
0.00177939
0.00203122
0.00216082
0.00221839
0.00190478
0.00126713
0.000323923
-0.000658412
-0.00131262
-0.00131483
-0.00100704
-0.000558317
-0.000657776
-0.0012508
-0.00179689
-0.0020746
-0.00226965
-0.0025253
-0.00324915
-0.00431762
-0.00581919
-0.00739517
-0.0097522
-0.0136832
-0.0186046
-0.0199947
0.00956027
8.35843e-05
-3.52194
-1.63809
1.9917
-0.391774
)
;

boundaryField
{
    frontandback
    {
        type            empty;
    }
    walls
    {
        type            zeroGradient;
    }
    diamond
    {
        type            zeroGradient;
    }
    inlet
    {
        type            zeroGradient;
    }
    outlet
    {
        type            fixedValue;
        value           uniform 0;
    }
}


// ************************************************************************* //
