/*--------------------------------*- C++ -*----------------------------------*\
  =========                 |
  \\      /  F ield         | OpenFOAM: The Open Source CFD Toolbox
   \\    /   O peration     | Website:  https://openfoam.org
    \\  /    A nd           | Version:  10
     \\/     M anipulation  |
\*---------------------------------------------------------------------------*/
FoamFile
{
    format      ascii;
    class       volScalarField;
    location    "2.5";
    object      p;
}
// * * * * * * * * * * * * * * * * * * * * * * * * * * * * * * * * * * * * * //

dimensions      [0 2 -2 0 0 0 0];

internalField   nonuniform List<scalar> 
6397
(
0.279946
0.266229
0.0287086
0.027702
0.0269584
0.0279493
0.486349
0.233951
-0.46836
-0.520042
0.33798
0.218425
-0.0139839
-0.015952
-0.0254534
-0.505983
-0.512612
-0.501535
0.862855
0.80209
0.766324
-0.529848
-0.5063
-0.509683
-0.0106223
-0.0107204
-0.00617535
0.0356595
0.0368725
0.0343888
0.0354979
0.0255289
0.0264547
0.0267246
0.0229963
0.0239428
0.0243063
0.0252259
0.0213137
0.020383
0.0216973
0.0226422
0.0333173
0.0294674
0.0304642
0.0289597
0.0282152
0.0292182
0.0171519
0.0171143
0.0160751
0.0164018
0.0167875
0.339073
0.322797
0.203091
0.214026
0.0573272
0.0451635
0.0437213
0.0466299
0.0481345
0.0496694
0.0512098
0.0527961
0.0544106
0.0560653
0.057746
0.0438513
0.0422924
0.04238
0.0453518
0.0468319
0.0482991
0.0497814
0.0513335
0.0529348
0.0545718
0.0562365
0.0579447
0.0409981
0.0408958
0.0595006
0.0596886
0.0396499
0.0395057
0.0613245
0.0614852
0.0383152
0.0381533
0.0632043
0.0633227
0.0370292
0.0357984
0.0651489
0.0652208
0.0384582
0.0358922
0.0371711
0.0411607
0.0397887
0.0439805
0.0425623
0.0468967
0.04543
0.0498797
0.0483742
0.0530084
0.0514282
0.0562763
0.0546228
0.0597505
0.0580009
0.0633047
0.061509
0.0651713
0.0611159
0.0650083
0.0630284
0.0575017
0.0592724
0.0541258
0.0557763
0.0509495
0.052504
0.0479338
0.0494126
0.0449946
0.0464529
0.042111
0.0435385
0.0393328
0.040689
0.0367093
0.0379867
0.0346367
0.0345286
0.0346572
0.0671357
0.067212
0.0647245
0.0670634
0.0667789
0.0692037
0.0669668
0.068995
0.0342212
0.0359202
0.0345816
0.0331467
0.067201
0.0384955
0.0371958
0.0411733
0.0398195
0.0439707
0.0425673
0.0468411
0.0453912
0.0498113
0.0483109
0.0529119
0.0513455
0.0561536
0.0545077
0.0595909
0.0578523
0.0631673
0.0613602
0.065029
0.0608967
0.062764
0.0573292
0.0590815
0.0540009
0.0556551
0.0508441
0.0524123
0.0478233
0.0493264
0.0448813
0.0463499
0.0420043
0.0434456
0.0392255
0.0405987
0.0365903
0.037893
0.0353624
0.0335174
0.0334464
0.0332979
0.033412
0.0689393
0.0692439
0.0693211
0.0666966
0.0686927
0.0711336
0.0714007
0.0685247
0.0711943
0.0707326
0.032254
0.0320775
0.032056
0.0331724
0.031934
0.0329752
0.0340948
0.0693651
0.0358353
0.0345044
0.038476
0.0371539
0.0411435
0.0397953
0.0439013
0.0425059
0.0467493
0.0453106
0.0497034
0.0482135
0.0527711
0.0512265
0.0559745
0.054352
0.0593583
0.0576474
0.0629224
0.0611202
0.0647865
0.0644504
0.0664378
0.0606881
0.0625327
0.0571959
0.0589208
0.0538971
0.0555321
0.0507568
0.0523115
0.0477414
0.0492355
0.0448171
0.0462682
0.0419659
0.0433828
0.0391955
0.0405663
0.0365174
0.0378439
0.035262
0.0323112
0.0323363
0.0321972
0.0707766
0.0715075
0.0715711
0.0729932
0.0735244
0.073395
0.0737367
0.0308602
0.0307489
0.0311094
0.0309813
0.0339877
0.0327949
0.0330862
0.0318569
0.0729625
0.0752546
0.0758027
0.0318954
0.0716224
0.0357451
0.0344099
0.0383898
0.0370674
0.0410717
0.0397215
0.0438115
0.0424279
0.0466385
0.0452146
0.0495673
0.0480915
0.0525974
0.0510722
0.0557538
0.0541575
0.0590757
0.0573929
0.0625846
0.0608082
0.0663135
0.0644234
0.0702814
0.0682592
0.0745776
0.072385
0.0680315
0.0722967
0.0700962
0.0641
0.0660322
0.0604402
0.0622467
0.0570192
0.0587121
0.053769
0.0553755
0.0506594
0.0521996
0.0476662
0.0491498
0.0447622
0.0462037
0.0419316
0.0433377
0.0391663
0.0405391
0.0364831
0.0378041
0.0352086
0.0310858
0.0311602
0.0309852
0.075371
0.0745892
0.0776842
0.0768502
0.0738612
0.0739502
0.0306568
0.0308502
0.03387
0.0326719
0.0759769
0.0762333
0.0769638
0.0778841
0.0783898
0.0802853
0.0792232
0.0316962
0.0739998
0.0330294
0.030544
0.0317773
0.035642
0.0343408
0.0382849
0.0369496
0.0409617
0.0396101
0.0436929
0.0423167
0.0464987
0.0450875
0.0493978
0.0479396
0.0523907
0.0508847
0.0554967
0.0539291
0.0587434
0.0571004
0.0621656
0.0604326
0.0657798
0.0639547
0.0696195
0.0676803
0.0737016
0.0716463
0.0780148
0.0758151
0.0715363
0.0758959
0.0736826
0.0674871
0.0694747
0.0637018
0.065576
0.0601562
0.0619083
0.0568053
0.0584627
0.053608
0.0551892
0.0505338
0.0520577
0.0475676
0.049039
0.0446842
0.0461159
0.0418732
0.0432695
0.039122
0.0404881
0.0364389
0.0377636
0.0351398
0.0794441
0.0781859
0.0817313
0.0802674
0.0306849
0.0315161
0.0297616
0.0296719
0.0298568
0.0298256
0.029868
0.0298958
0.0296804
0.029797
0.0294457
0.0295692
0.0293207
0.0763631
0.0764966
0.0785819
0.0789267
0.0805235
0.0811742
0.0805477
0.0820365
0.083064
0.0825625
0.0843844
0.0304338
0.0291941
0.0765391
0.0329556
0.0316896
0.0355438
0.0342612
0.0381723
0.0368458
0.0408371
0.0394875
0.0435531
0.0421837
0.0463366
0.0449385
0.0492012
0.0477629
0.0521526
0.0506685
0.0552024
0.053666
0.058373
0.0567711
0.0616883
0.0600122
0.0651749
0.0634107
0.068842
0.0669854
0.0726788
0.0707592
0.076654
0.0746428
0.0806713
0.0786697
0.0747658
0.0789558
0.0768595
0.0707223
0.0727246
0.0668798
0.0687798
0.0632644
0.0650577
0.0598299
0.0615275
0.0565548
0.0581751
0.0534136
0.054969
0.0503821
0.0518858
0.047446
0.0489039
0.0445868
0.0460075
0.0417942
0.0431832
0.039065
0.0404213
0.0363986
0.0377155
0.0337986
0.0350852
0.031346
0.0325562
0.0302203
0.0286273
0.0284426
0.0285979
0.0286317
0.028612
0.0286457
0.0286601
0.0285138
0.0286198
0.0282716
0.028414
0.0829577
0.0810539
0.0849744
0.0826675
0.0280319
0.0281479
0.0790546
0.0792379
0.0813795
0.0818391
0.0833511
0.0841979
0.0847672
0.0860705
0.083135
0.0854291
0.0872164
0.0846321
0.0874772
0.0809127
0.0851814
0.0825319
0.0865701
0.0818559
0.0832332
0.0279159
0.0268575
0.0267775
0.0792783
0.0303419
0.0290651
0.0328512
0.0316042
0.0354287
0.0341544
0.0380507
0.0367288
0.0407016
0.0393537
0.0433979
0.0420358
0.046156
0.0447708
0.0489844
0.047566
0.0518911
0.050431
0.0548807
0.0533771
0.0579705
0.0564126
0.0611694
0.0595561
0.0645022
0.0628186
0.0679732
0.0662193
0.0715548
0.0697629
0.07519
0.0733833
0.0786871
0.0769595
0.0803056
0.0773241
0.079148
0.0735853
0.0754825
0.0698438
0.0717167
0.0662427
0.0680318
0.0627836
0.0644986
0.059464
0.0611072
0.0562725
0.0578538
0.0531931
0.0547199
0.0502086
0.0516904
0.0473057
0.0487477
0.0444737
0.0458823
0.0417035
0.0430824
0.0389918
0.0403408
0.0363386
0.0376536
0.0337195
0.035015
0.0312096
0.0324476
0.0300227
0.0273662
0.0271774
0.0274341
0.0274563
0.0274415
0.0274259
0.0274366
0.0274598
0.0273397
0.0274291
0.0271087
0.0272432
0.0269742
0.081967
0.0822084
0.084405
0.0850169
0.0863856
0.0874922
0.0876423
0.0893355
0.0879464
0.0902548
0.0839666
0.0871394
0.0899636
0.0843535
0.0883346
0.0809839
0.0851093
0.0816518
0.0850899
0.0806455
0.0807875
0.0256527
0.0255735
0.0277795
0.0266027
0.0822505
0.0302338
0.0289409
0.0327316
0.0315062
0.0353001
0.0340393
0.0379159
0.0365997
0.0405541
0.0392091
0.0432292
0.0418746
0.0459587
0.0445872
0.0487482
0.0473502
0.0516044
0.0501711
0.0545301
0.0530601
0.0575369
0.0560237
0.0606243
0.0590708
0.0638004
0.0622017
0.06706
0.0654198
0.0703745
0.0687161
0.0736287
0.0720345
0.0766824
0.0752155
0.0791379
0.0780274
0.0800609
0.0787046
0.0799854
0.0756949
0.0772663
0.0723694
0.0740794
0.068936
0.0706513
0.0655585
0.0672395
0.062263
0.0639005
0.0590623
0.0606501
0.0559607
0.0575002
0.0529474
0.0544435
0.0500129
0.0514715
0.0471485
0.0485723
0.0443463
0.0457408
0.0415995
0.0429671
0.0389053
0.0402458
0.0362558
0.0375739
0.0336368
0.0349318
0.0310972
0.0323516
0.0298679
0.0259393
0.0257497
0.0262064
0.0260881
0.026239
0.0262588
0.0262538
0.0262467
0.0262169
0.0262533
0.0261261
0.0262089
0.0259425
0.0260517
0.0257944
0.085138
0.0854551
0.0876955
0.0884974
0.0896514
0.0910813
0.0906638
0.0928615
0.0904557
0.0934311
0.0888927
0.0924304
0.0818717
0.085856
0.0898291
0.0802884
0.085261
0.0255413
0.0854961
0.027627
0.0251816
0.0263492
0.0301068
0.0288331
0.0326061
0.0313902
0.0351692
0.033912
0.0377695
0.0364563
0.0403934
0.0390542
0.0430466
0.0417026
0.0457458
0.0443902
0.0484963
0.0471187
0.0513007
0.0498949
0.0541603
0.052725
0.0570785
0.0556129
0.0600531
0.0585592
0.0630752
0.0615596
0.0661289
0.0645995
0.0691658
0.067654
0.0720846
0.0706521
0.0746849
0.0734502
0.0765925
0.075754
0.0773041
0.0771103
0.0761094
0.0770107
0.0782555
0.0783898
0.0785594
0.0766049
0.0775605
0.0740746
0.0754228
0.0711329
0.0726473
0.0680028
0.0695761
0.0648451
0.0664233
0.0617158
0.0632755
0.0586381
0.0601691
0.0556275
0.0571248
0.0526822
0.0541468
0.0498002
0.0512341
0.0469765
0.0483818
0.0442058
0.0455854
0.0414836
0.0428387
0.0388058
0.0401381
0.0361666
0.0374806
0.0335607
0.0348523
0.0309967
0.0322768
0.0285463
0.0297463
0.0274381
0.0248455
0.0245619
0.0247232
0.0250295
0.0249493
0.02507
0.0250688
0.0250674
0.0250803
0.0250124
0.0250472
0.0249364
0.0249923
0.0247965
0.02488
0.024526
0.0246631
0.0244153
0.0243989
0.0814852
0.0776124
0.0790243
0.0743984
0.0886137
0.0890309
0.0262
0.0912923
0.0923294
0.0247258
0.0230871
0.0230808
0.0931691
0.0950325
0.093806
0.0966605
0.092871
0.0966864
0.0903187
0.0947217
0.0860547
0.090849
0.076033
0.0802517
0.0845952
0.0766534
0.0717427
0.0890698
0.0274793
0.0261761
0.0299718
0.0287214
0.032473
0.0312452
0.0350297
0.0337626
0.0376112
0.036304
0.0402186
0.0388938
0.0428521
0.041523
0.0455218
0.044183
0.0482315
0.046875
0.0509821
0.0496044
0.0537736
0.0523739
0.0566042
0.0551853
0.0594663
0.0580318
0.0623408
0.0609043
0.0651992
0.063774
0.0679766
0.0666041
0.0705685
0.0693031
0.0727602
0.0717445
0.0742034
0.0736325
0.0743971
0.0745147
0.0725923
0.0737741
0.0678748
0.0706501
0.0754353
0.0726735
0.0744289
0.0757969
0.0758569
0.0746113
0.0753838
0.0725252
0.073665
0.069923
0.0712678
0.0670751
0.0685173
0.0641257
0.0656071
0.0611541
0.06264
0.0581951
0.0596709
0.0552763
0.0567305
0.0524013
0.0538333
0.0495741
0.0509822
0.0467918
0.0481778
0.0440533
0.0454178
0.041356
0.0426997
0.0386965
0.0400201
0.0360693
0.0373773
0.0334754
0.0347658
0.0309135
0.0321973
0.0284257
0.0296483
0.0272605
0.0235213
0.0233264
0.0237148
0.0236323
0.0238759
0.0237972
0.0238994
0.0239045
0.0239029
0.0239216
0.0238449
0.0238779
0.0237712
0.0238184
0.0236388
0.0237119
0.0233967
0.0235363
0.0232355
0.0734295
0.0700393
0.0679305
0.0641529
0.0924516
0.0929975
0.0244358
0.0231284
0.0952414
0.0965945
0.0969511
0.0993957
0.0970167
0.100722
0.0950704
0.0999262
0.0911999
0.0966791
0.0853924
0.0910587
0.0778892
0.0827674
0.0663499
0.0695946
0.0729083
0.0641908
0.059833
0.061376
0.0220104
0.0628012
0.0593599
0.0930368
0.0272777
0.0258842
0.0298235
0.0285666
0.0323276
0.0310838
0.0348754
0.033604
0.0374446
0.0361496
0.0400356
0.0387263
0.042648
0.0413333
0.0452873
0.0439644
0.0479559
0.04662
0.050653
0.0493029
0.0533758
0.0520122
0.056119
0.0547461
0.05887
0.0574945
0.0616049
0.0602421
0.0642811
0.0629533
0.0668273
0.0655767
0.0691278
0.0680161
0.0709848
0.0701299
0.0720723
0.0716501
0.0719027
0.0721962
0.069844
0.0711833
0.0651492
0.0678606
0.0573242
0.0616259
0.0701138
0.0675889
0.0729744
0.0718704
0.0736182
0.07353
0.0728068
0.0733527
0.0710664
0.0720388
0.068762
0.0699613
0.0661616
0.0674876
0.063405
0.0647962
0.0605813
0.0619973
0.0577411
0.0591612
0.0549122
0.0563244
0.0521074
0.0535062
0.0493352
0.0507175
0.0465959
0.0479616
0.0438908
0.0452395
0.0412184
0.0425508
0.0385779
0.0398935
0.0359659
0.0372656
0.033382
0.034668
0.0308284
0.0321069
0.028319
0.0295645
0.0259962
0.0270992
0.0249349
0.0224295
0.022264
0.0226083
0.0225233
0.0227213
0.0226544
0.0227326
0.0227341
0.0227413
0.0227432
0.0226938
0.0227263
0.0226005
0.0226562
0.0224566
0.0225402
0.0222218
0.0223541
0.021812
0.0220598
0.0218812
0.0216887
0.0967197
0.0974359
0.0521367
0.0533907
0.0221338
0.0208789
0.0210954
0.0562906
0.0518925
0.0995887
0.101374
0.100992
0.104215
0.100204
0.105025
0.096859
0.103044
0.0912708
0.0979716
0.0835391
0.0900847
0.0740266
0.0794017
0.0543637
0.0545531
0.0490981
0.0476951
0.0641425
0.067457
0.0549909
0.0201976
0.0235889
0.0199725
0.097476
0.0244126
0.0231919
0.027068
0.0257086
0.0296488
0.0283671
0.0321668
0.0309236
0.0347119
0.0334461
0.0372734
0.0359857
0.0398483
0.0385499
0.042438
0.041136
0.0450461
0.043739
0.0476734
0.0463584
0.0503178
0.0489949
0.0529735
0.0516452
0.0556311
0.0543033
0.0582744
0.056956
0.0608756
0.0595826
0.0633871
0.0621464
0.0657312
0.0645859
0.067787
0.066804
0.0693649
0.0686501
0.0701743
0.0698851
0.0698112
0.0701703
0.0676844
0.0690087
0.0632747
0.0657955
0.0600821
0.0629223
0.0591573
0.0682186
0.0659167
0.070945
0.0698733
0.0717615
0.0715475
0.0711905
0.0716095
0.0697142
0.0705438
0.0676632
0.0687406
0.065275
0.0664995
0.0626949
0.0640026
0.0600109
0.0613607
0.0572831
0.0586506
0.0545414
0.0559122
0.0518074
0.0531729
0.0490893
0.0504463
0.0463925
0.0477384
0.0437203
0.045054
0.0410737
0.0423941
0.0384532
0.0397587
0.0358568
0.0371469
0.0332808
0.0345611
0.0307271
0.0320087
0.0282339
0.0294839
0.0258347
0.0269943
0.0246783
0.0209362
0.0206973
0.0213055
0.0211446
0.0214797
0.0214092
0.0215299
0.021494
0.0215554
0.0215487
0.0215651
0.0215616
0.0215279
0.0215565
0.0214292
0.0214875
0.0212903
0.0213714
0.0210508
0.0211852
0.0207309
0.0209013
0.0204649
0.0560857
0.0199656
0.046102
0.046876
0.101493
0.10244
0.104372
0.10675
0.105256
0.109518
0.0462047
0.103212
0.109502
0.0979485
0.105764
0.0901445
0.0981047
0.0428781
0.0460548
0.0409264
0.0361548
0.0800496
0.0874518
0.039914
0.068316
0.0739761
0.047003
0.0568391
0.0597693
0.0188621
0.0199423
0.0193981
0.0393491
0.0413751
0.0191534
0.102479
0.0221531
0.0198313
0.021025
0.0244558
0.0233219
0.0269327
0.0256387
0.0294726
0.0281966
0.0320051
0.0307589
0.0345469
0.0332838
0.0370976
0.0358167
0.0396554
0.0383677
0.042222
0.0409328
0.0447994
0.0435084
0.047386
0.046092
0.0499782
0.0486824
0.052569
0.0512747
0.0551459
0.0538604
0.0576893
0.0564235
0.0601667
0.0589387
0.0625279
0.0613659
0.0646935
0.0636407
0.0665463
0.0656678
0.0679088
0.0673012
0.0685243
0.0683269
0.0680536
0.0684487
0.0660228
0.067259
0.0620394
0.0642786
0.0560182
0.0592649
0.0481333
0.0523003
0.0356349
0.0393008
0.0436969
0.0552841
0.0509194
0.0622409
0.0590712
0.0668227
0.0648121
0.0693132
0.0683022
0.0701612
0.0699165
0.0697498
0.0700798
0.0684761
0.0691994
0.0666351
0.0676094
0.0644309
0.0655675
0.0620058
0.0632391
0.0594496
0.0607389
0.0568255
0.0581436
0.0541684
0.0554992
0.0515012
0.0528354
0.0488362
0.050168
0.046182
0.0475081
0.043543
0.0448615
0.0409224
0.0422313
0.0383219
0.039618
0.0357404
0.0370219
0.0331737
0.0344464
0.0306233
0.0319019
0.028127
0.0293934
0.0256894
0.0268814
0.023352
0.0244623
0.0222993
0.019837
0.0196629
0.0201607
0.0200258
0.0202938
0.0202314
0.0203406
0.0203119
0.0203939
0.0203695
0.0203959
0.0203985
0.0203601
0.0203849
0.0202694
0.0203254
0.0201174
0.0202069
0.0198546
0.0200259
0.0195845
0.0196917
0.0192829
0.0194195
0.0191409
0.106847
0.108113
0.03512
0.0429686
0.0399471
0.109608
0.112793
0.0474851
0.109653
0.115297
0.105774
0.113977
0.0379002
0.0358866
0.041873
0.0389265
0.0314047
0.097911
0.107619
0.0292842
0.0872911
0.0965014
0.0300458
0.0320878
0.0312095
0.074341
0.0825264
0.0373727
0.0602288
0.0657977
0.0474077
0.0196639
0.0186452
0.0184724
0.0178596
0.0207924
0.0191574
0.0175641
0.108144
0.0219982
0.0208492
0.0243689
0.0231944
0.0268284
0.0255556
0.0293224
0.0280687
0.031844
0.0305968
0.0343787
0.0331191
0.0369181
0.0356454
0.0394595
0.0381824
0.0420029
0.0407267
0.0445498
0.0432747
0.0470968
0.0458235
0.0496388
0.0483692
0.0521664
0.0509053
0.0546657
0.0534209
0.0571146
0.0558981
0.0594792
0.05831
0.0617082
0.0606145
0.0637233
0.062748
0.0654121
0.0646164
0.0666125
0.0660846
0.0671032
0.06696
0.0666079
0.0669984
0.0647693
0.065873
0.0613044
0.0632464
0.0562458
0.0589557
0.0498299
0.0531887
0.0463431
0.0492037
0.0454007
0.0563543
0.0529233
0.0619821
0.0593907
0.0658408
0.0641289
0.0680314
0.0671302
0.0688097
0.0685776
0.0684967
0.0687779
0.0673641
0.0680115
0.065682
0.0665768
0.0636296
0.0646923
0.0613397
0.0625069
0.0589015
0.0601345
0.056375
0.0576464
0.0537972
0.0550906
0.0511939
0.0524976
0.0485811
0.0498883
0.0459681
0.0472749
0.0433616
0.0446653
0.0407658
0.0420643
0.0381844
0.0394728
0.0356186
0.0368911
0.0330635
0.0343245
0.0305166
0.0317879
0.028006
0.0292838
0.0255571
0.0267797
0.02313
0.024307
0.021968
0.0183981
0.0182109
0.0183025
0.0187052
0.0185636
0.0190025
0.0188876
0.0191098
0.019047
0.0192042
0.0191584
0.019268
0.0192369
0.0192564
0.0192564
0.0192154
0.0192425
0.0191229
0.0191806
0.0189594
0.019052
0.0187383
0.0188616
0.0185515
0.0186094
0.0183483
0.0184985
0.0181487
0.031033
0.037433
0.112845
0.114553
0.0494511
0.115269
0.119547
0.0369226
0.0445235
0.0447533
0.0360633
0.113996
0.121456
0.0369467
0.0279511
0.107447
0.118065
0.0227777
0.0961603
0.107897
0.0241191
0.0286317
0.0220186
0.0820043
0.0923934
0.024411
0.0262354
0.0657576
0.0741917
0.0356725
0.0493568
0.0173608
0.0180558
0.0272475
0.0354772
0.114567
0.0194689
0.0172872
0.0183628
0.0218255
0.0206542
0.0242356
0.0230191
0.0266849
0.0254216
0.0291704
0.027927
0.031682
0.0304412
0.034209
0.0329541
0.0367369
0.0354714
0.039262
0.0379947
0.041783
0.0405193
0.0442997
0.0430406
0.0468081
0.0455549
0.0493022
0.0480576
0.0517704
0.0505403
0.054198
0.0529906
0.0565607
0.0553891
0.0588235
0.0577072
0.0609347
0.0599016
0.0628216
0.0619114
0.0643801
0.0636487
0.0654667
0.0649926
0.0658913
0.0657718
0.0654406
0.0657901
0.0638586
0.0648014
0.0609619
0.0625753
0.0568287
0.0590281
0.0517431
0.0543639
0.0465794
0.0490609
0.0430887
0.0445083
0.0343188
0.0428799
0.0424291
0.0470892
0.0453227
0.0522132
0.049498
0.0576212
0.0549806
0.0620291
0.0599813
0.0651825
0.0637658
0.0670351
0.0662685
0.067693
0.0675144
0.0674047
0.0676606
0.066366
0.0669608
0.0648058
0.0656378
0.0628825
0.0638815
0.0607089
0.0618196
0.0583738
0.0595572
0.0559342
0.0571639
0.05343
0.0546881
0.0508881
0.0521625
0.0483251
0.0496087
0.0457523
0.04704
0.0431776
0.0444662
0.0406064
0.041893
0.0380434
0.0393227
0.0354905
0.0367572
0.0329436
0.0342018
0.0303997
0.0316714
0.0278829
0.0291658
0.0254352
0.0266654
0.0230033
0.0241803
0.0204442
0.0217385
0.0192383
0.0173479
0.0172236
0.0175854
0.017471
0.0178389
0.0177318
0.0179839
0.0179109
0.0181054
0.0180476
0.0181482
0.0181333
0.018142
0.0181475
0.0180968
0.0181272
0.0180052
0.0180595
0.0178667
0.0179423
0.0177191
0.0177898
0.0175847
0.0176462
0.0173057
0.0175026
0.0168104
0.0170699
0.0162479
0.0165165
0.0541252
0.119512
0.121829
0.0160309
0.0160784
0.0456299
0.0361637
0.121238
0.126968
0.0442861
0.0347065
0.0364614
0.0257285
0.117921
0.127713
0.0241764
0.0171448
0.107572
0.121028
0.0178478
0.0247711
0.0128351
0.0919284
0.105703
0.0159307
0.0140668
0.0733427
0.0846864
0.0182388
0.0215863
0.0535783
0.0613927
0.0353493
0.0469388
0.0551123
0.0573477
0.0473404
0.0508929
0.121807
0.0171287
0.0147746
0.0160058
0.0192709
0.0181822
0.0216354
0.0204634
0.0240893
0.022833
0.0265343
0.025276
0.029013
0.0277758
0.0315201
0.0302844
0.0340392
0.0327894
0.0365553
0.0352973
0.0390643
0.0378069
0.0415634
0.0403121
0.0440513
0.0428077
0.0465224
0.0452888
0.0489705
0.04775
0.0513825
0.0501818
0.0537433
0.0525706
0.0560275
0.0548966
0.0582015
0.0571309
0.0602138
0.0592312
0.0619963
0.0611386
0.0634546
0.0627717
0.0644682
0.0640255
0.0648788
0.0647569
0.0645209
0.0648062
0.0632242
0.0639949
0.0608894
0.0621863
0.0576307
0.0593476
0.0537104
0.0557167
0.0500331
0.0517564
0.0481681
0.0487981
0.0494838
0.0482555
0.0520092
0.0535644
0.0587438
0.0554602
0.0509579
0.051974
0.0517485
0.0508542
0.0550316
0.0531726
0.0589641
0.0569985
0.0622979
0.0607157
0.0647927
0.0636593
0.0662876
0.0656686
0.0667885
0.0666514
0.0664651
0.0667179
0.0654823
0.0660425
0.0640109
0.0647968
0.0621864
0.0631352
0.0601103
0.0611729
0.0578661
0.0590052
0.0555064
0.0566976
0.0530711
0.0542962
0.0505866
0.0518337
0.0480709
0.0493319
0.0455367
0.046806
0.042993
0.0442664
0.0404461
0.0417198
0.0379009
0.0391697
0.0353588
0.03662
0.032815
0.0340777
0.0302716
0.0315548
0.0277633
0.02905
0.0253207
0.0265374
0.0228554
0.0240168
0.0203463
0.0215841
0.0179352
0.0191847
0.0162943
0.0161459
0.0165325
0.0164372
0.0167211
0.0166259
0.0168873
0.0168097
0.0169955
0.0169445
0.0170364
0.0170223
0.0170329
0.0170384
0.0169928
0.0170214
0.0169122
0.0169619
0.016797
0.016861
0.016637
0.0167221
0.0164344
0.0165381
0.016142
0.0163246
0.0157223
0.0159357
0.0151702
0.0154423
0.0148783
0.0374839
0.126787
0.129926
0.0506245
0.0554864
0.0613377
0.0148897
0.0135731
0.0376792
0.0387524
0.0248677
0.127227
0.134837
0.0233537
0.013103
0.120773
0.133436
0.0124911
0.0211075
0.00446989
0.105268
0.121725
0.00685658
0.00146274
0.0840909
0.0997319
0.0110909
0.00650795
0.00551891
0.0601127
0.0717899
0.0179195
0.0371129
0.0653216
0.046871
0.0406135
0.129845
0.0167134
0.0155948
0.0190443
0.0178726
0.0214574
0.020267
0.0239138
0.0226489
0.026374
0.0251138
0.028854
0.0276188
0.0313587
0.030124
0.0338707
0.0326243
0.0363754
0.035124
0.0388685
0.0376204
0.0413461
0.0401069
0.0438064
0.0425776
0.046242
0.0450272
0.0486468
0.0474489
0.0510064
0.049833
0.0533056
0.0521649
0.0555184
0.0544243
0.057613
0.0565829
0.0595413
0.058601
0.0612417
0.0604242
0.0626294
0.0619797
0.063603
0.0631744
0.0640384
0.0638944
0.0638093
0.0640135
0.0628052
0.0634062
0.0609932
0.061997
0.0585124
0.0598133
0.0556929
0.0571144
0.0532952
0.0543248
0.0526861
0.0527538
0.0548601
0.0532921
0.0605302
0.0575056
0.0510459
0.0591011
0.0676435
0.0635648
0.0595593
0.0659895
0.0619569
0.0564341
0.0577799
0.0558323
0.0557719
0.0576182
0.0565012
0.0602981
0.0589351
0.0627486
0.0615813
0.0646275
0.0637697
0.0657405
0.0652846
0.0660533
0.0659891
0.0656658
0.065937
0.0647032
0.0652468
0.0632879
0.0640428
0.0615414
0.062449
0.0595496
0.0605706
0.0573844
0.0584847
0.055096
0.0562526
0.0527229
0.053918
0.0502915
0.0515131
0.0478205
0.0490601
0.0453232
0.0465747
0.0428089
0.044068
0.040285
0.0415473
0.0377562
0.0390174
0.0352239
0.0364826
0.0326854
0.0339506
0.0301467
0.0314313
0.0276416
0.0289227
0.025184
0.0264042
0.0227054
0.0238922
0.0202211
0.0214497
0.017763
0.0190553
0.0149533
0.0148484
0.015208
0.015025
0.0154563
0.0153599
0.015632
0.015544
0.0157834
0.015713
0.0158731
0.015832
0.0159235
0.015901
0.0159253
0.0159297
0.0158943
0.0159211
0.0158121
0.0158622
0.0156761
0.0157544
0.015471
0.0155831
0.0152441
0.015348
0.0150186
0.0151539
0.0146657
0.0148563
0.0141865
0.0144224
0.0138887
0.0441138
0.0432859
0.0252152
0.134434
0.138651
0.0134725
0.0723147
0.0266237
0.0110559
0.13264
0.142592
0.0120704
0.0672727
0.0747068
0.0102981
0.0671751
0.0584941
0.0197923
-0.00231023
0.121473
0.137408
-0.0012171
-0.0106739
0.0992379
0.11861
0.00354182
-0.00621682
-0.0117074
0.0709614
0.0879241
-0.00437113
-0.00292679
0.0410744
0.0518878
0.0437424
0.052335
0.0157021
0.060668
0.0340559
0.0274262
0.138479
0.0163902
0.0150055
0.0188186
0.0176286
0.0212553
0.0200472
0.0237289
0.0224696
0.0262066
0.0249468
0.0286958
0.0274555
0.031199
0.0299608
0.0337041
0.0324593
0.0361978
0.0349527
0.0386758
0.0374368
0.0411329
0.0399054
0.0435667
0.0423522
0.0459688
0.0447717
0.048333
0.0471564
0.0506441
0.0494959
0.0528874
0.0517755
0.0550372
0.0539754
0.0570632
0.0560679
0.0589205
0.0580156
0.0605551
0.0597692
0.061894
0.0612658
0.0628525
0.0624255
0.0633384
0.0631595
0.0632559
0.0633718
0.0625491
0.0629806
0.0612185
0.0619567
0.0594387
0.0603619
0.0575205
0.0584797
0.0562123
0.0566832
0.056569
0.0561358
0.0593683
0.0575439
0.0649251
0.0619895
0.0728088
0.0680354
0.0805744
0.0748116
0.0853326
0.0717023
0.0777558
0.0646931
0.0675006
0.0609972
0.0625957
0.0593737
0.059849
0.0600025
0.0594891
0.06163
0.0607644
0.0632923
0.0624924
0.0645983
0.0640008
0.0653419
0.0650477
0.0654559
0.0654732
0.0649851
0.065287
0.0640145
0.0645547
0.0626391
0.06337
0.0609529
0.0618289
0.0590279
0.0600154
0.0569288
0.0579962
0.0547034
0.0558292
0.0523868
0.0535544
0.0500047
0.0512025
0.0475756
0.0487951
0.0451131
0.0463479
0.0426268
0.0438725
0.0401244
0.0413766
0.0376108
0.0388664
0.0350873
0.0363466
0.0325548
0.0338233
0.0300241
0.0313041
0.0275216
0.0287872
0.0250426
0.026261
0.0225348
0.0237477
0.0200275
0.0212868
0.0174956
0.0188389
0.014806
0.0161064
0.0137811
0.0135312
0.0136271
0.0141165
0.0139308
0.0143545
0.0142555
0.0145454
0.0144563
0.0146786
0.0146149
0.0147683
0.0147265
0.0148221
0.0147974
0.0148185
0.0148288
0.0147992
0.014834
0.0147071
0.0147623
0.0145607
0.0146422
0.0143878
0.0144743
0.0142021
0.014295
0.0139428
0.0140953
0.0135679
0.0137636
0.0131389
0.0133728
0.0123825
0.0127757
0.0121826
0.0340706
0.0105492
0.141888
0.147465
0.013326
0.0795906
0.0134948
0.013087
0.0417023
0.0318221
0.0801453
0.0726965
0.0194196
-0.00704347
0.136346
0.14906
-0.0055581
-0.0212632
0.118328
0.137608
-0.00279029
0.0518519
-0.0180186
-0.028967
0.0869976
0.108739
-0.0214691
-0.0265293
0.0505066
0.0675955
-0.0165119
-0.0113803
0.0151842
0.077905
0.0178594
0.0461928
0.0313009
0.0713307
0.0116556
0.147163
0.015986
0.0146018
0.0185511
0.0173134
0.0210307
0.0198088
0.0235402
0.0222728
0.02604
0.0247694
0.0285371
0.0272873
0.0310399
0.0297981
0.0335394
0.0322971
0.0360236
0.034785
0.0384876
0.0372574
0.0409252
0.0397089
0.043334
0.0421331
0.0457046
0.0445241
0.0480309
0.046874
0.0502972
0.0491722
0.0524898
0.051404
0.0545834
0.0535503
0.0565507
0.0555849
0.0583506
0.0574738
0.0599358
0.059173
0.0612456
0.0606286
0.0622103
0.0617747
0.0627623
0.0625409
0.0628349
0.0628609
0.0624067
0.0626806
0.0615141
0.0620127
0.0603491
0.0609433
0.0592106
0.0597609
0.058727
0.0588143
0.0597501
0.0590287
0.0630804
0.0610508
0.0685142
0.0655987
0.0769112
0.0720991
0.0873389
0.0902766
0.0830548
0.0833988
0.0905791
0.0859729
0.0890113
0.0971813
0.0942717
0.0763848
0.0820394
0.0689148
0.0720853
0.0646504
0.0665204
0.062426
0.063278
0.0621397
0.0620958
0.0628947
0.0624472
0.0638761
0.0633928
0.0646701
0.0643094
0.0650709
0.0649274
0.0649861
0.0650888
0.0644166
0.0647574
0.0634192
0.0639659
0.0620599
0.0627792
0.0604119
0.0612665
0.0585409
0.0595002
0.0564999
0.0575381
0.0543307
0.0554288
0.0520654
0.053208
0.0497285
0.0509045
0.0473381
0.0485389
0.044908
0.0461273
0.0424483
0.0436812
0.039966
0.041209
0.0374667
0.0387168
0.034953
0.0362104
0.032427
0.0336949
0.029901
0.0311759
0.0273922
0.028653
0.0248898
0.0261206
0.0223546
0.023597
0.0198111
0.0211001
0.0173023
0.0185988
0.0147315
0.0159802
0.0134188
0.012409
0.0121444
0.0122829
0.0126745
0.0125327
0.0130273
0.0128625
0.013285
0.0131818
0.0134701
0.0133863
0.0135961
0.0135345
0.0136908
0.0136439
0.0137405
0.0137184
0.0137453
0.013748
0.0137131
0.0137406
0.013629
0.0136784
0.0135098
0.0135733
0.0133722
0.0134418
0.013164
0.0132859
0.0128141
0.0130074
0.0124058
0.012617
0.011983
0.0122063
0.0113407
0.01165
0.0108933
0.0111024
0.0209575
0.0631333
0.0125076
0.035272
0.050728
0.0235887
-0.00190665
-0.00942255
0.148031
0.155238
-0.00405789
-0.0296512
0.136428
0.152119
0.0959142
0.0981391
-0.0101887
0.0642437
0.0887366
0.0838142
0.0919423
0.0994615
0.0109576
0.0119601
0.0107507
0.0106356
0.00978696
0.00947987
-0.0257437
-0.0449596
0.108471
0.131158
0.0160511
0.0275293
-0.0382278
-0.0512145
0.0652697
0.0881958
-0.0291222
-0.0391565
-0.0123398
0.0149008
-0.0439306
0.0204944
0.0353719
-0.0187276
-0.00840305
0.15478
0.0131393
0.0118716
0.015675
0.0143666
0.0182643
0.0169926
0.0208065
0.0195553
0.0233463
0.0220681
0.0258653
0.0245916
0.028377
0.0271205
0.0308831
0.0296377
0.033379
0.032138
0.0358545
0.0346211
0.0383053
0.037083
0.0407246
0.0395186
0.0431097
0.0419216
0.0454509
0.044286
0.0477421
0.0466034
0.0499676
0.0488637
0.0521145
0.0510521
0.0541585
0.0531505
0.0560752
0.0551346
0.0578279
0.056974
0.0593761
0.05863
0.06067
0.0600573
0.061656
0.0612043
0.0622833
0.0620161
0.0625162
0.0624499
0.0623514
0.0624798
0.0618571
0.0621381
0.0612185
0.0615372
0.060724
0.0609335
0.060923
0.0606885
0.0624626
0.0614968
0.0660444
0.0639679
0.0716175
0.0685982
0.0801021
0.0753919
0.0925314
0.0858187
0.0927874
0.0936876
0.0818528
0.0880912
0.101335
0.0978936
0.105897
0.103863
0.080017
0.0853813
0.0723997
0.0757437
0.0676854
0.0697583
0.0650063
0.0661192
0.0640287
0.0643444
0.0640797
0.063975
0.0644789
0.06427
0.0648161
0.0646681
0.0649021
0.0648995
0.0646141
0.0648065
0.0639353
0.0643207
0.0628944
0.0634564
0.0615369
0.0622507
0.0599197
0.0607564
0.0580934
0.0590294
0.0561006
0.0571146
0.0539798
0.0550539
0.05176
0.0528804
0.0494643
0.0506202
0.0471096
0.0482932
0.0447097
0.0459146
0.0422746
0.0434958
0.0398117
0.0410459
0.0373259
0.0385708
0.0348215
0.0360758
0.032302
0.0335666
0.0297777
0.0310473
0.0272583
0.0285194
0.0247307
0.0259809
0.0221739
0.0234431
0.0196243
0.0209125
0.0171152
0.0183768
0.0145528
0.0158143
0.013242
0.0112934
0.0111399
0.0115205
0.0114118
0.0118827
0.0116929
0.0121907
0.0120608
0.0123972
0.0123066
0.0125327
0.0124666
0.0126273
0.0125792
0.0126732
0.0126529
0.0126791
0.0126808
0.012647
0.0126704
0.0125753
0.0126168
0.0124683
0.0125272
0.0123032
0.0123942
0.0120453
0.0121871
0.0117286
0.0118939
0.0113198
0.0115441
0.0108429
0.0110874
0.0102943
0.0105665
0.0100563
0.00425807
0.0731817
-0.0282554
-0.0350446
0.150858
0.159917
0.0997492
-0.0137278
0.0784257
0.107391
0.0117532
0.0105318
0.0103059
0.00912128
-0.0262356
-0.0578001
0.129919
0.148419
0.0400904
-0.0510487
-0.0746106
0.0872315
0.11321
-0.00434623
0.00978976
-0.0455817
-0.0627205
-0.0451301
-0.0110864
-0.0796323
0.0295308
0.0522388
-0.0593326
-0.0617615
-0.0218242
0.0625492
0.0484698
-0.034827
0.159305
0.012837
0.0115569
0.015418
0.0141071
0.0180066
0.0167125
0.0205802
0.019306
0.0231499
0.0218656
0.0256953
0.0244152
0.0282199
0.0269565
0.0307305
0.0294804
0.0332239
0.0319829
0.0356916
0.0344625
0.0381302
0.0369149
0.0405323
0.0393357
0.0428954
0.041719
0.0452093
0.0440587
0.0474681
0.0463462
0.0496565
0.0485717
0.0517623
0.0507208
0.053763
0.0527768
0.0556368
0.0547173
0.0573515
0.0565155
0.0588739
0.0581388
0.0601636
0.0595497
0.0611812
0.0607082
0.0618913
0.0615756
0.0622786
0.0621243
0.0623594
0.0623542
0.0622111
0.0623043
0.0620248
0.0621086
0.0620501
0.0619893
0.0627877
0.0622954
0.0647227
0.0635775
0.0684493
0.0663424
0.0741325
0.071033
0.0824335
0.0779132
0.0942509
0.0879169
0.107233
0.108187
0.101098
0.104417
0.10607
0.0994591
0.102423
-0.0110207
0.0928804
0.0962552
0.1072
0.10037
0.10395
0.111923
0.109748
0.114543
0.11339
0.108565
0.116317
0.115566
0.0941106
0.101127
0.0827536
0.0879379
0.075128
0.0785519
0.0701827
0.0723905
0.0671778
0.0684717
0.0656808
0.0662761
0.0651579
0.0653357
0.0650583
0.0650869
0.0650015
0.0650374
0.0647961
0.0649276
0.064315
0.0645917
0.0635281
0.0639593
0.0624378
0.0630183
0.0610741
0.0617868
0.0594751
0.0603007
0.0576807
0.0585993
0.055728
0.0567214
0.0536496
0.0547024
0.0514708
0.0525709
0.0492128
0.0503503
0.0468913
0.0480589
0.044519
0.0457106
0.0421068
0.0433172
0.0396623
0.0408879
0.0371898
0.0384291
0.0346938
0.0359448
0.0321796
0.0334412
0.029654
0.0309218
0.0271222
0.0283877
0.024574
0.0258396
0.0220021
0.0232859
0.0194344
0.02073
0.0169016
0.0181622
0.0143151
0.0155849
0.0130404
0.00975087
0.00930935
0.00954855
0.010132
0.00995227
0.0104126
0.0102824
0.0107571
0.0105703
0.0110686
0.010927
0.0113095
0.0112008
0.0114685
0.011394
0.0115661
0.011517
0.0116152
0.0115922
0.0116216
0.0116225
0.0115918
0.0116127
0.0115211
0.0115626
0.0114002
0.0114686
0.0112117
0.011314
0.0109758
0.011096
0.010726
0.0108624
0.0103443
0.0105638
0.00981696
0.0100876
0.00924037
0.00952625
0.00866193
0.00898131
0.00794132
0.00830919
-0.0184359
0.0959233
-0.0636885
-0.066298
0.147029
0.158178
0.0550687
-0.0549117
-0.0947056
0.111044
0.133479
0.0248075
0.115199
0.115786
0.109449
0.116994
-0.0597947
0.00809199
0.00903798
0.00780478
0.00750494
0.006775
0.00629831
-0.0824071
0.0310868
-0.114202
0.0474578
0.0781747
-0.0317433
-0.0139726
-0.0919543
-0.0862078
-0.112732
-0.0253129
-0.0042223
-0.0890988
-0.0463036
-0.0802504
0.0893405
0.10757
0.10627
0.0901682
0.0829458
-0.0691971
0.157417
0.0720313
0.00995198
0.00871943
0.0124956
0.0112136
0.0151272
0.0137935
0.0177514
0.0164419
0.0203604
0.0190661
0.0229588
0.0216645
0.0255266
0.0242404
0.0280664
0.0267965
0.0305827
0.0293286
0.0330748
0.0318338
0.0355359
0.0343103
0.0379632
0.0367542
0.0403496
0.0391616
0.0426922
0.0415267
0.044981
0.0438435
0.0472101
0.0461036
0.0493649
0.0482973
0.0514339
0.050411
0.0533964
0.0524293
0.0552337
0.054332
0.056918
0.0560961
0.0584224
0.0576942
0.0597155
0.0590966
0.0607693
0.0602732
0.0615635
0.061199
0.0620962
0.0618605
0.0624054
0.0622749
0.0625671
0.0624961
0.0627603
0.0626469
0.0632101
0.0629343
0.0643377
0.0636616
0.0665523
0.0652852
0.0703304
0.0682276
0.0759979
0.0729045
0.0840886
0.0797072
0.0954271
0.0893524
0.108862
0.102001
0.113382
0.114387
0.110527
0.112125
0.109023
0.118989
0.116788
0.118086
0.120784
0.119865
0.122772
0.121683
0.123494
0.122723
0.124518
0.124058
0.0956119
0.102219
0.0847691
0.0897523
0.0772313
0.080657
0.0721913
0.0744541
0.0689722
0.0703938
0.0670922
0.0678948
0.0661256
0.0665266
0.0656079
0.065838
0.0652067
0.065406
0.0647365
0.0649891
0.0640807
0.0644353
0.0631851
0.0636634
0.0620402
0.0626422
0.0606602
0.0613773
0.0590704
0.0598888
0.0573018
0.0582058
0.0553833
0.0563589
0.0533418
0.0543759
0.0511992
0.0522814
0.0489752
0.0500961
0.0466845
0.0478371
0.0443374
0.0455169
0.0419456
0.0431463
0.0395185
0.040736
0.0370587
0.0382923
0.0345705
0.0358182
0.0320597
0.0333188
0.0295311
0.0307989
0.0269859
0.0282585
0.0244196
0.0256999
0.0218313
0.023128
0.0192439
0.0205461
0.0166545
0.0179424
0.0140716
0.0153529
0.0115286
0.0128001
0.0102834
0.00862061
0.00838863
0.00906893
0.00883651
0.00945444
0.00928599
0.00977754
0.00962244
0.0100283
0.009913
0.010245
0.0101423
0.0104081
0.01033
0.0105141
0.0104558
0.0105623
0.0105404
0.0105711
0.0105711
0.0105415
0.0105619
0.0104671
0.010511
0.0103444
0.0104126
0.0101785
0.0102648
0.00998287
0.0100878
0.00971803
0.00986891
0.00936036
0.00955508
0.00885402
0.00911867
0.00826659
0.00856555
0.00756205
0.00795978
0.00718052
-0.0477794
0.115796
-0.112663
-0.109021
0.131607
0.145223
0.0426584
0.105049
0.0846262
0.116215
0.124903
-0.0734416
0.00871096
0.00748147
0.00699101
0.00575942
-0.0920252
0.0738209
-0.144022
0.072607
0.100948
0.00447723
-0.122331
-0.114237
-0.165289
-0.0177886
0.019639
0.00484492
-0.130791
-0.157335
-0.104433
0.103989
-0.0480121
0.142366
0.146503
-0.0708078
0.124291
0.127017
-0.115997
0.144201
0.0633964
0.00956031
0.0082649
0.0121479
0.0108417
0.0148278
0.013474
0.0175017
0.0161664
0.0201504
0.0188359
0.0227746
0.0214683
0.0253636
0.0240705
0.0279179
0.0266423
0.0304409
0.0291832
0.0329329
0.0316917
0.0353886
0.0341659
0.0378059
0.0366024
0.0401778
0.0389976
0.0425016
0.041346
0.0447674
0.0436419
0.0469693
0.0458768
0.0490936
0.0480415
0.0511297
0.0501234
0.0530589
0.0521082
0.054865
0.0539783
0.056525
0.055714
0.0580175
0.0572932
0.0593197
0.0586929
0.0604134
0.0598929
0.0612908
0.0608785
0.0619604
0.0616494
0.0624677
0.0622294
0.0629015
0.0626862
0.0634117
0.0631361
0.0642071
0.0637574
0.0656186
0.0648155
0.0679972
0.0666652
0.0717427
0.0696802
0.0772829
0.0742603
0.0850888
0.0808705
0.0959949
0.0901198
0.109133
0.102402
0.124222
0.124441
0.116462
0.123499
0.123853
0.122669
0.12312
0.121923
0.122236
0.12202
0.121753
0.122674
0.137156
0.139335
0.13425
0.135422
0.133153
0.133554
0.132719
0.132716
0.133023
0.132829
0.124866
0.133137
0.133141
0.109821
0.117183
0.0963633
0.102811
0.0860709
0.0907785
0.07879
0.0821328
0.0737659
0.0760351
0.070429
0.0719276
0.0682905
0.0692378
0.0669724
0.0675556
0.066106
0.0665047
0.06541
0.06575
0.0647104
0.0650688
0.0638909
0.0643202
0.0628903
0.063414
0.0616898
0.0623146
0.0602893
0.0610127
0.0587044
0.0595178
0.056956
0.0578484
0.0550659
0.0560265
0.0530561
0.0540741
0.0509458
0.052012
0.0487521
0.0498581
0.04649
0.0476283
0.044167
0.0453349
0.0417931
0.0429856
0.0393814
0.0405917
0.0369329
0.0381612
0.0344526
0.0356969
0.0319442
0.033202
0.0294118
0.0306808
0.0268556
0.0281344
0.0242712
0.0255643
0.0216651
0.0229735
0.0190491
0.0203634
0.0164222
0.0177299
0.013804
0.0151039
0.0112269
0.0125117
0.0099637
-0.0833445
-0.152106
-0.100446
0.0069977
0.00632711
0.00666303
0.00760626
0.007313
0.00806907
0.00784181
0.00849241
0.00829495
0.00883255
0.00866879
0.00906439
0.0089639
0.0092345
0.0091546
0.0093713
0.00930564
0.009467
0.00941993
0.00951931
0.00949721
0.00952895
0.00952833
0.00950014
0.00951966
0.00942982
0.00947088
0.00932301
0.00938114
0.00917885
0.00925611
0.00898301
0.00909365
0.0086856
0.00884807
0.00833259
0.00851332
0.00788086
0.00812093
0.00730483
0.00760111
0.00657629
0.00696347
0.00571424
0.00616623
0.0045906
0.00518192
-0.0878248
0.115166
-0.176535
-0.165886
0.0968332
0.114787
0.0260047
0.0786941
-0.142219
-0.151717
-0.210129
0.00578229
0.0450132
0.165086
0.174147
0.0597754
-0.0235862
0.131462
0.102485
0.131895
0.132308
0.124745
0.133375
-0.174977
-0.242031
-0.114101
-0.065474
-0.0311686
0.00390501
0.00354339
0.00278045
0.0052245
0.00588395
0.00473841
-0.175318
-0.210067
-0.0964031
0.156051
0.137858
0.167395
0.152534
-0.126613
-0.178125
0.11321
0.0515615
0.00641836
0.00513248
0.00910702
0.00772995
0.011798
0.0104399
0.0145321
0.0131636
0.0172581
0.0159016
0.0199481
0.0186121
0.0225994
0.0212798
0.0252087
0.0239069
0.027777
0.0264952
0.0303073
0.0290462
0.0328
0.0315585
0.0352514
0.0340311
0.0376596
0.0364611
0.0400184
0.0388452
0.0423248
0.0411783
0.0445694
0.0434549
0.0467465
0.0456668
0.0488433
0.0478051
0.05085
0.0498584
0.0527498
0.0518135
0.0545291
0.0536551
0.0561693
0.0553669
0.057654
0.0569315
0.0589682
0.0583324
0.0601023
0.0595574
0.0610581
0.0606011
0.0618559
0.0614742
0.062542
0.0622084
0.0632065
0.0628694
0.0639833
0.0635724
0.0650504
0.0644666
0.0666663
0.0657761
0.069109
0.0677649
0.0727342
0.070753
0.0780273
0.0751411
0.0854439
0.0814369
0.0959053
0.0902548
0.108937
0.102209
0.124654
0.116449
0.131313
0.131534
0.131383
0.131267
0.13264
0.131823
0.135827
0.133944
0.142292
0.138427
0.147991
0.153459
0.158515
0.146702
0.149622
0.142996
0.144568
0.141239
0.141889
0.140994
0.140946
0.141345
0.141034
0.10961
0.116901
0.0964433
0.102735
0.086723
0.0911454
0.0798238
0.0830028
0.0749501
0.0771644
0.0715993
0.0731251
0.06929
0.0703403
0.0677015
0.0684268
0.066553
0.067091
0.0656047
0.0660661
0.0647001
0.0651546
0.0637311
0.0642281
0.0626348
0.0632004
0.06138
0.0620271
0.0599576
0.0606883
0.0583735
0.0591839
0.0566402
0.0575233
0.0547741
0.0557217
0.0527925
0.0537958
0.0507111
0.0517624
0.0485444
0.0496368
0.0463067
0.0474321
0.0440076
0.0451628
0.0416521
0.0428365
0.0392529
0.0404579
0.0368134
0.0380374
0.0343394
0.0355804
0.031832
0.0330897
0.029294
0.0305663
0.026726
0.0280124
0.0241279
0.0254295
0.021501
0.0228198
0.0188558
0.0201814
0.0161889
0.0175186
0.0135173
0.0148484
0.0108797
0.0121895
0.00831166
0.00958131
0.00707979
0.00599194
0.0056348
0.00660865
0.00632152
0.00703853
0.00683998
0.00743226
0.00723585
0.00779706
0.00761629
0.00806344
0.00794524
0.00823698
0.0081599
0.00835587
0.00829993
0.0084401
0.00839986
0.00848775
0.008467
0.00849715
0.00849602
0.0084711
0.00848825
0.00840973
0.0084445
0.00831399
0.00836601
0.00817085
0.00824933
0.00796314
0.00807612
0.00768382
0.00783288
0.00732743
0.00751355
0.00689036
0.00711982
0.00630897
0.00660126
0.00562613
0.00597909
0.00474497
0.00523078
0.00419467
-0.144528
-0.183711
-0.241682
-0.262874
-0.241241
0.0355517
0.0615165
0.186065
0.114645
0.00311647
0.0701883
0.13278
0.141752
-0.209148
0.177464
0.192502
-0.313856
-0.0942232
-0.0381613
0.0403386
-0.0629643
0.101507
0.00310483
0.00187527
0.00258089
0.00174748
0.00421548
0.00369697
0.0053427
0.0041484
-0.237223
-0.330913
-0.23968
-0.173994
-0.239771
-0.165588
0.147887
-0.184508
-0.0861359
0.185496
-0.205385
-0.258981
0.0581179
0.197895
0.16004
0.0360331
0.00580644
0.00444532
0.00862066
0.00716389
0.0114368
0.0100157
0.0142469
0.0128489
0.0170264
0.0156471
0.0197572
0.0183999
0.022437
0.0211018
0.0250665
0.023755
0.0276482
0.0263611
0.0301846
0.0289208
0.0326782
0.0314366
0.0351259
0.0339077
0.0375258
0.0363318
0.0398724
0.0387056
0.0421627
0.0410247
0.0443883
0.0432835
0.0465428
0.0454746
0.0486148
0.0475891
0.0505952
0.0496167
0.052469
0.0515453
0.0542252
0.053362
0.0558488
0.0550534
0.0573284
0.0566064
0.0586555
0.0580104
0.059828
0.05926
0.0608555
0.0603579
0.0617658
0.0613222
0.0626113
0.0621924
0.0634748
0.0630343
0.0644748
0.0639509
0.0657563
0.0650703
0.0675096
0.0665652
0.0699318
0.0686236
0.0733171
0.0714807
0.0781872
0.0755307
0.0851216
0.0813457
0.095202
0.0897224
0.108235
0.101399
0.124594
0.11599
0.140201
0.141254
0.133236
0.13868
0.139423
0.138227
0.138311
0.139225
0.138527
0.142324
0.140477
0.14839
0.144933
0.159001
0.152979
0.166901
0.210795
0.226897
0.183863
0.195868
0.167526
0.174637
0.15765
0.161999
0.151796
0.154323
0.148765
0.149988
0.147933
0.148119
0.148589
0.148105
0.142126
0.150198
0.149338
0.124401
0.133375
0.108754
0.116137
0.0958845
0.101952
0.0867311
0.0908497
0.0803339
0.0832713
0.0757778
0.0778605
0.0725114
0.0740243
0.0701073
0.0712252
0.0683216
0.0691572
0.0669409
0.0675981
0.0657772
0.0663441
0.0646948
0.0652335
0.0635952
0.0641516
0.0624112
0.0630152
0.0611052
0.0617728
0.0596607
0.0603982
0.0580752
0.0588829
0.0563544
0.0572286
0.054509
0.0554441
0.0525522
0.0535416
0.0504967
0.0515337
0.0483549
0.0494339
0.0461399
0.0472533
0.043862
0.0450076
0.0415231
0.0427014
0.0391349
0.0403348
0.0367034
0.0379237
0.0342339
0.0354725
0.0317277
0.0329853
0.0291852
0.0304603
0.0266068
0.0279
0.023993
0.0253038
0.0213427
0.0226723
0.0186644
0.0200031
0.0159527
0.0173089
0.0132189
0.0145861
0.0105045
0.0118571
0.00783957
0.00915993
0.00657527
0.00502863
0.00465502
0.00560807
0.0053414
0.00606053
0.00584595
0.00644673
0.00626005
0.00676737
0.00660854
0.00702872
0.00690377
0.00722124
0.00713457
0.00734502
0.00728788
0.00742365
0.00738603
0.00746628
0.00744665
0.00747526
0.00747322
0.00745224
0.00746646
0.00739673
0.00742734
0.0073047
0.00735464
0.00716366
0.00724026
0.00697071
0.00707136
0.00672962
0.00685808
0.00639016
0.00657244
0.00596026
0.00618457
0.00541141
0.00568881
0.00471874
0.00508283
0.00383698
0.00431303
0.00326603
-0.221221
0.214142
-0.353722
-0.373394
-0.357596
-0.0567914
-0.0177406
0.221666
0.11606
-0.0278576
0.0593692
0.000757136
0.00305658
-0.289061
-0.438453
-0.225768
-0.146711
0.0137549
-0.120501
0.101282
0.147249
0.148909
0.142317
0.151217
-0.310491
-0.274561
-0.326032
-0.296487
0.211389
0.164363
-0.378943
0.240962
-0.451092
0.245901
0.276701
-0.374861
-0.0252714
0.1746
0.0140976
0.00220944
-0.00043342
0.000803936
0.00517041
0.00363742
0.0081345
0.00661163
0.0110743
0.00960104
0.0139721
0.0125386
0.0168102
0.0154026
0.0195803
0.0182001
0.0222863
0.0209358
0.0249338
0.023613
0.027527
0.0262345
0.0300716
0.028804
0.0325676
0.0313251
0.0350126
0.033796
0.0374054
0.0362153
0.0397415
0.0385802
0.0420175
0.0408869
0.0442259
0.0431299
0.0463601
0.0453022
0.0484099
0.0473952
0.0503666
0.0493998
0.0522174
0.0513048
0.053953
0.0530993
0.0555621
0.0547727
0.0570377
0.0563159
0.0583771
0.0577232
0.0595846
0.0589957
0.0606772
0.0601429
0.0616874
0.0611893
0.0626701
0.0621779
0.0637044
0.0631756
0.0648899
0.0642731
0.0663395
0.0655759
0.0681743
0.0672047
0.0705054
0.0692717
0.0735306
0.0719084
0.0777826
0.0754592
0.0840497
0.0805831
0.0937669
0.0884136
0.106901
0.0999285
0.124151
0.115001
0.142436
0.133563
0.145158
0.146003
0.144705
0.144657
0.146522
0.145319
0.151214
0.148477
0.159751
0.154938
0.173862
0.16601
0.196861
0.183821
0.235989
0.213956
0.298405
0.263798
0.228801
0.247585
0.199374
0.212811
0.179896
0.188564
0.167511
0.173027
0.159865
0.163202
0.155758
0.157437
0.15445
0.154805
0.15537
0.154678
0.157988
0.156508
0.123246
0.132774
0.107163
0.114709
0.0945426
0.100365
0.0860628
0.0898091
0.0803615
0.0829673
0.0762844
0.0781615
0.0731979
0.0746483
0.0707645
0.071911
0.0688307
0.0697452
0.0672594
0.0680092
0.0659148
0.0665674
0.0646807
0.0652904
0.0634663
0.064076
0.0622043
0.0628442
0.0608527
0.0615413
0.0593881
0.060135
0.057801
0.0586097
0.0560911
0.0569607
0.0542642
0.0551913
0.0523294
0.0533092
0.050297
0.0513243
0.0481782
0.0492474
0.0459844
0.0470896
0.0437218
0.044861
0.0413958
0.0425675
0.03902
0.0402129
0.0365977
0.0378138
0.0341322
0.0353692
0.0316257
0.0328835
0.0290788
0.0303564
0.026491
0.0277895
0.0238624
0.0251806
0.0211905
0.022531
0.0184776
0.019835
0.0157155
0.0171004
0.0129129
0.0143191
0.0100941
0.0115085
0.00730874
0.00870438
0.00464064
0.00596395
0.00227047
0.00340515
0.00330244
0.00209635
0.00276429
0.00411478
0.00374706
0.00470372
0.00442519
0.00521238
0.00496724
0.00559238
0.00542243
0.005842
0.00572101
0.00604561
0.00594317
0.00621513
0.0061342
0.00633654
0.00627919
0.00641259
0.00637577
0.00645227
0.00643309
0.0064609
0.00645788
0.00644033
0.00645204
0.00638909
0.00641647
0.00630358
0.00634899
0.00617899
0.00624482
0.00601329
0.00609931
0.00579777
0.00591303
0.00550293
0.00565977
0.00512351
0.0053195
0.00463786
0.00489344
0.0039176
0.00430948
0.00302998
0.00349151
0.00177995
0.00246262
-0.000105124
0.000936939
-0.317296
-0.175562
-0.324576
-0.484479
-0.499243
-0.180302
-0.122549
0.252236
0.120438
-0.0754466
0.0456891
0.150949
0.159827
0.00127248
-0.00146213
-0.220759
-0.394691
-0.405974
0.10524
0.190045
0.291162
0.32325
0.316096
-0.0231942
-0.521617
-0.370208
-0.50147
-0.295411
0.383445
0.367382
0.407083
0.405552
0.388797
-0.507236
-0.137146
0.194461
0.445333
0.502535
0.550574
0.572239
0.459998
0.55697
0.51401
-0.0188785
-0.270012
-0.495388
-0.502935
-0.31267
-0.0474095
0.385614
0.350954
0.232124
0.116591
-0.413546
-0.437841
-0.448336
-0.424825
-0.384741
-0.00184863
-0.000609599
0.000403982
0.00120139
0.00184334
0.00238186
0.00282831
0.00322284
0.00357608
0.0038697
0.00410229
0.0043058
0.00447628
0.00463089
0.00476057
0.00487642
0.004981
0.00506835
0.00514578
0.00521117
0.00526787
0.00531552
0.00535612
0.00538911
0.00541502
0.00543411
0.00544627
0.00545193
0.00545088
0.00544391
0.00542843
0.00540816
0.005377
0.00534119
0.00529421
0.00524181
0.00518077
0.00511482
0.00503618
0.00495169
0.00484653
0.00472705
0.00458001
0.00439262
0.00416671
0.00390881
0.00362213
0.00330437
0.0029361
0.00249818
0.00196394
0.00129193
0.000447815
-0.000651045
0.000220602
0.00129492
0.00251781
0.00383918
0.00528652
0.00670855
0.00820464
0.00965628
0.0111338
0.0125874
0.0140343
0.015465
0.0168789
0.0182804
0.019663
0.0210329
0.0223873
0.0237285
0.0250558
0.0263715
0.0276753
0.0289713
0.0302536
0.0315239
0.0327823
0.0340299
0.0352661
0.0364906
0.0377031
0.0389036
0.0400909
0.0412655
0.042427
0.0435741
0.0447057
0.0458214
0.0469192
0.0479988
0.0490588
0.050098
0.0511156
0.0521103
0.0530806
0.054026
0.0549448
0.055837
0.0567012
0.0575376
0.0583456
0.059126
0.0598795
0.060608
0.0613133
0.0619988
0.0626684
0.0633276
0.0639824
0.0646405
0.0653111
0.0660041
0.0667303
0.0675013
0.06833
0.0692285
0.0702085
0.0712772
0.0724416
0.0737036
0.075065
0.0765319
0.0781377
0.0799541
0.0820755
0.0846248
0.0878406
0.0921092
0.0976907
0.104502
0.112358
0.121453
0.131632
0.142128
0.152143
0.161825
0.171355
0.16833
0.165658
0.163518
0.161958
0.160989
0.160712
0.161152
0.162356
0.164401
0.167357
0.171334
0.176455
0.182888
0.190839
0.200606
0.212429
0.226257
0.242335
0.263099
0.293415
0.329033
0.364569
0.402389
0.443351
0.482477
0.51207
0.523015
0.509099
0.477202
0.43558
0.390961
0.348695
0.310768
0.279058
0.252334
0.230554
0.212759
0.198226
0.186606
0.177337
0.169902
0.164
0.159389
0.155915
0.153424
0.151768
0.150927
0.150821
0.151328
0.152466
0.154127
0.156444
0.159308
0.162857
0.153285
0.143485
0.133527
0.123221
0.113367
0.104912
0.097671
0.0913679
0.0861075
0.0820633
0.0790796
0.0768088
0.0749774
0.0734462
0.0721138
0.0709017
0.0697723
0.0687164
0.0677364
0.0668312
0.0660016
0.065241
0.0645425
0.0638947
0.0632885
0.0627125
0.0621566
0.0616101
0.0610648
0.0605127
0.0599475
0.0593641
0.0587581
0.0581265
0.0574666
0.0567772
0.0560572
0.055306
0.0545235
0.0537105
0.0528669
0.0519941
0.0510929
0.0501648
0.0492099
0.0482301
0.0472267
0.046201
0.0451535
0.0440857
0.0429986
0.0418934
0.0407705
0.039631
0.0384757
0.0373053
0.0361198
0.0349199
0.033706
0.0324786
0.0312367
0.0299811
0.0287106
0.0274296
0.0261307
0.024822
0.0234924
0.0221555
0.0207923
0.0194223
0.0180235
0.0166125
0.0151789
0.0137176
0.0122455
0.0107363
0.00920398
0.00766943
0.00605128
0.0044896
0.00280629
0.00119603
-0.000394886
-0.00185802
-0.00313994
-0.00307822
-0.00400834
-0.00492155
-0.569203
-0.531138
-0.239414
-0.321439
-0.490125
0.454833
0.118378
0.289735
0.477914
0.60046
0.64121
0.618937
0.029735
-0.156556
-0.0637521
0.542198
0.224353
0.532295
-0.525209
-0.529743
-0.260449
-0.563012
-0.00693221
-0.00689057
-0.496895
-0.550149
-0.529933
-0.532952
-0.391437
-0.00589998
-0.00499586
-0.0035685
-0.00173254
0.000164524
0.00199552
0.00382509
0.00551256
0.00722655
0.00882236
0.0104276
0.011964
0.0134841
0.0149696
0.0164282
0.0178615
0.0192743
0.0206609
0.0220335
0.0233815
0.0247176
0.0260334
0.0273371
0.0286238
0.0298968
0.0311517
0.0323923
0.0336186
0.0348306
0.0360281
0.0372102
0.0383768
0.0395272
0.0406613
0.0417779
0.0428766
0.0439561
0.0450163
0.0460551
0.0470721
0.0480661
0.0490366
0.0499814
0.0509001
0.0517915
0.0526554
0.0534902
0.0542963
0.0550728
0.0558203
0.0565386
0.0572298
0.0578947
0.058536
0.0591561
0.0597595
0.0603505
0.0609353
0.0615203
0.0621136
0.0627233
0.0633592
0.0640309
0.0647472
0.0655161
0.0663429
0.0672304
0.0681732
0.0691597
0.0701678
0.0711713
0.0721482
0.0730972
0.074076
0.0752075
0.0767022
0.0789793
0.0825644
0.0877024
0.0942229
0.101892
0.110916
0.121251
0.132484
0.143925
0.155437
0.16663
0.158018
0.722661
0.779986
0.302658
0.00354998
-0.253709
0.472892
0.681052
0.108404
0.342173
0.659923
0.435898
-0.533067
-0.503023
-0.00440098
-0.002786
-0.00183138
-0.000866497
2.23248e-05
0.000744148
0.00132816
0.0018136
0.00221897
0.00255273
0.00283057
0.00306658
0.00326906
0.00345774
0.00361308
0.00375154
0.00386361
0.00396343
0.0040541
0.00412829
0.00419551
0.00425004
0.00429811
0.0043371
0.00437094
0.00439763
0.00441951
0.00443492
0.00444556
0.00444978
0.00444928
0.00444298
0.00443048
0.0044134
0.00438852
0.00435997
0.00432347
0.00428276
0.00423305
0.00417649
0.00410344
0.00401943
0.0039147
0.00379761
0.00367125
0.00352381
0.00334804
0.00313438
0.00287916
0.00258048
0.00223552
0.00183051
0.00133603
0.000713609
-7.03787e-05
-0.0010589
-0.00235515
-0.00210782
-0.00113136
4.36588e-05
0.00148928
0.00292422
0.00455805
0.00606044
0.00767579
0.00920815
0.0107482
0.0122584
0.0137449
0.0152094
0.0166513
0.018073
0.0194746
0.0208594
0.022226
0.0235777
0.0249128
0.0262333
0.027539
0.0288326
0.0301178
0.0313897
0.0326492
0.0338974
0.0351339
0.0363584
0.03757
0.0387691
0.0399547
0.0411265
0.0422834
0.0434251
0.0445506
0.0456593
0.0467499
0.0478218
0.0488735
0.0499044
0.0509132
0.051899
0.0528606
0.0537975
0.0547086
0.055594
0.0564527
0.0572853
0.0580916
0.0588732
0.0596311
0.060368
0.0610863
0.0617902
0.0624838
0.0631734
0.0638654
0.0645678
0.0652892
0.0660391
0.0668277
0.0676649
0.0685611
0.0695242
0.0705602
0.0716689
0.0728452
0.0740723
0.0753267
0.0765823
0.077833
0.0791153
0.0805315
0.08227
0.0846998
0.0883614
0.0936796
0.100659
0.109039
0.118775
0.129755
0.141215
0.152617
0.163808
0.174856
0.185279
0.180287
0.176152
0.172596
0.169775
0.167736
0.166489
0.166111
0.166602
0.167989
0.170333
0.173711
0.178219
0.183979
0.191139
0.199905
0.210491
0.223044
0.237838
0.255442
0.277159
0.303539
0.332726
0.363235
0.396756
0.430562
0.460098
0.478861
0.485724
0.476002
0.452454
0.420543
0.384299
0.35026
0.317997
0.289127
0.263805
0.242468
0.2244
0.209286
0.196793
0.186555
0.178216
0.171511
0.166221
0.162178
0.159241
0.157277
0.156268
0.156122
0.156773
0.158181
0.160358
0.163304
0.166954
0.171258
0.176418
-0.354816
-0.44487
-0.572685
-0.554647
-0.376172
-0.0104402
-0.00881781
-0.00727686
-0.0051223
-0.00298787
-0.000774117
0.00122623
0.00320401
0.00500526
0.00679973
0.00845127
0.0101255
0.0116881
0.0132522
0.0147611
0.0162415
0.0176964
0.0191216
0.0205239
0.0219053
0.0232635
0.0246056
0.0259267
0.0272326
0.0285205
0.0297925
0.0310532
0.0322973
0.0335251
0.034737
0.0359334
0.0371134
0.0382769
0.0394236
0.040553
0.0416644
0.0427574
0.043831
0.0448845
0.0459162
0.0469258
0.0479119
0.0488741
0.0498105
0.0507209
0.051604
0.0524598
0.0532871
0.0540864
0.0548572
0.0556004
0.0563164
0.0570074
0.0576749
0.0583223
0.0589525
0.0595703
0.0601809
0.0607907
0.0614069
0.0620374
0.062691
0.0633767
0.0641041
0.0648807
0.0657134
0.0666038
0.0675502
0.068539
0.0695456
0.0705212
0.0714023
0.0721231
0.072632
0.0729311
0.0731997
0.0736063
0.0748441
0.0776508
0.0824572
0.0891932
0.0974854
0.107223
0.118324
0.130638
0.143838
0.157906
0.171742
0.183805
0.193301
0.184689
0.17868
0.173652
0.169176
0.165562
0.162882
0.16114
0.160336
0.160491
0.16163
0.163814
0.167096
0.171577
0.17739
0.184686
0.193654
0.20453
0.21758
0.233007
0.250968
0.271646
0.295241
0.321658
0.350364
0.380347
0.408677
0.433192
0.450425
0.458296
0.454214
0.439992
0.418271
0.391954
0.363489
0.335915
0.309917
0.285605
0.264246
0.246247
0.230987
0.217938
0.20683
0.197501
0.189804
0.183572
0.178671
0.174987
0.172409
0.170907
0.17042
0.170927
0.172433
0.174937
0.17846
0.183001
0.188438
0.194984
0.191816
-0.00420815
-0.00416009
-0.00284414
-0.00143095
0.00035882
0.00191577
0.00384008
0.00542286
0.00716901
0.00879503
0.0103932
0.011964
0.0134926
0.0149874
0.0164606
0.0178998
0.019322
0.020719
0.0220987
0.0234594
0.0248037
0.0261312
0.0274442
0.0287423
0.030026
0.0312998
0.0325638
0.0338138
0.035049
0.0362707
0.0374791
0.0386736
0.0398548
0.0410216
0.0421735
0.0433095
0.0444295
0.0455315
0.0466155
0.0476797
0.048724
0.0497464
0.0507473
0.0517242
0.0526779
0.0536061
0.0545099
0.0553875
0.0562407
0.0570677
0.0578714
0.0586512
0.0594112
0.0601522
0.0608795
0.0615954
0.0623072
0.0630193
0.0637407
0.0644778
0.0652408
0.066038
0.0668795
0.0677747
0.0687313
0.0697563
0.0708493
0.072007
0.0732083
0.0744225
0.0755893
0.0766426
0.0775109
0.0781676
0.0787333
0.0793775
0.0807153
0.0834188
0.0882045
0.0951919
0.104257
0.11483
0.126692
0.139331
0.152274
0.165653
0.179219
-0.00429687
-0.0023512
-0.0039358
-0.00257144
-0.00159734
-0.000785706
-0.00011835
0.000444106
0.000903436
0.00129475
0.00163305
0.00190465
0.00212465
0.00231241
0.00247961
0.00263721
0.00276551
0.00288255
0.00297796
0.00306213
0.00313622
0.00319603
0.00325037
0.00329402
0.00333321
0.00336458
0.0033917
0.00341296
0.00343016
0.00344246
0.00345074
0.00345448
0.00345399
0.00344918
0.00343928
0.00342616
0.00340662
0.00338436
0.00335453
0.00332051
0.00327582
0.00322429
0.00315773
0.00308409
0.00299564
0.00289615
0.00279196
0.00267408
0.00253775
0.00237154
0.00216924
0.0019232
0.00163858
0.00129486
0.000878839
0.000360747
-0.000311258
-0.00116724
-0.54461
0.546801
0.280816
0.575524
-0.12509
0.704496
-0.38235
-0.47706
0.445725
0.197437
0.410308
0.712159
-0.00205304
0.21124
-0.0444157
-0.00793594
-0.00673152
-0.00352602
-0.00548497
-0.523155
-0.435763
0.214673
0.202778
0.202527
-0.521753
0.209803
0.224161
-0.00326225
-0.242632
0.0306971
0.565078
0.353306
0.555408
-0.526333
-0.00079823
-0.00135091
0.000175772
-0.000274325
0.000850625
0.000543631
0.00131672
0.00110337
0.00165026
0.00149882
0.00188294
0.00177639
0.00204817
0.00196919
0.00218364
0.00211827
0.00228799
0.00223558
0.00236211
0.00232482
0.00241194
0.00238595
0.0024437
0.00242641
0.00246052
0.00245058
0.00246412
0.00246117
0.00245458
0.00245804
0.00243223
0.00244262
0.00239622
0.00241389
0.00234572
0.00237131
0.00227591
0.00231258
0.00217528
0.00223002
0.00203761
0.00210769
0.00185548
0.00194765
0.00161715
0.00173871
0.00130497
0.0014737
0.000854409
0.00110181
0.000251488
0.000569301
-0.000641294
-0.000145475
-0.00211251
-0.00130581
-0.00286439
0.184037
0.20048
0.151253
0.167126
0.123209
0.136839
0.0981221
0.110117
0.0811651
0.0881933
0.0759984
0.077283
0.0768881
0.0762501
0.0773372
0.0773732
0.0758917
0.0768034
0.0735215
0.0747557
0.0710581
0.0722717
0.0688269
0.0699067
0.0668772
0.0678188
0.0651614
0.0659946
0.063606
0.0643685
0.0621372
0.0628651
0.0606911
0.0614149
0.0592174
0.0599603
0.0576811
0.0584589
0.0560598
0.0568822
0.0543417
0.0552133
0.0525234
0.0534452
0.0506064
0.0515772
0.0485955
0.0496125
0.0464974
0.0475571
0.0443205
0.0454182
0.0420725
0.0432052
0.0397582
0.0409234
0.0373842
0.0385782
0.0349569
0.0361779
0.0324765
0.0337226
0.0299456
0.0312185
0.0273584
0.0286595
0.0247099
0.0260424
0.0219929
0.0233603
0.0191967
0.020603
0.0163053
0.0177559
0.0132863
0.0148006
0.0100922
0.0117182
0.00671418
0.00846019
0.0031699
0.0048853
-0.0007448
0.000951336
-0.00470254
-0.00305207
-0.00688221
0.186087
0.19316
0.17409
0.179557
0.166613
0.169771
0.163637
0.164584
0.165023
0.163797
0.170922
0.16739
0.181929
0.175743
0.199067
0.189665
0.223672
0.210363
0.256986
0.239193
0.299459
0.277136
0.349125
0.323697
0.398322
0.37468
0.431932
0.418186
0.43553
0.437993
0.407403
0.424643
0.361445
0.385732
0.313276
0.336994
0.270533
0.290956
0.236828
0.252474
0.211921
0.223412
0.194157
0.202227
0.182421
0.187606
0.175808
0.178528
0.173778
0.174247
0.176184
0.174426
0.183285
0.17913
0.195942
0.188803
0.2045
0.177119
0.192058
0.142719
0.159464
0.114673
0.127679
0.0921818
0.102828
0.0758342
0.0828873
0.0699289
0.071494
0.0709793
0.0701543
0.0723452
0.0719027
0.0717204
0.0722552
0.0699031
0.0709009
0.0678041
0.0688551
0.0658431
0.0667962
0.0641263
0.0649546
0.062629
0.063354
0.061284
0.0619419
0.060018
0.0606449
0.0587674
0.0593937
0.0574816
0.0581308
0.0561248
0.0568132
0.0546738
0.0554116
0.0531158
0.0539081
0.0514464
0.0522946
0.0496666
0.0505697
0.0477807
0.0487362
0.0457959
0.0467997
0.0437206
0.0447689
0.0415611
0.0426507
0.0393258
0.0404518
0.0370201
0.0381819
0.0346496
0.0358441
0.0322137
0.0334394
0.0297191
0.0309728
0.0271567
0.0284465
0.0245215
0.0258473
0.0218085
0.023174
0.019006
0.0204194
0.0160995
0.0175697
0.0130736
0.0145999
0.00988899
0.0114747
0.00645978
0.00816826
0.00271328
0.00462761
-0.0014965
0.00067179
-0.00654908
-0.00395479
-0.0124069
-0.0095576
-0.0163086
-0.0150985
-0.451637
-0.00544279
-0.0114405
0.226872
0.236996
0.224559
0.239363
-0.00123119
-0.0200639
-0.0234449
-0.0114373
-0.0157371
-0.00454304
-0.00771854
0.000376679
-0.00189178
0.00441472
0.00243454
0.00801623
0.00626464
0.0113729
0.00975597
0.0145322
0.0129859
0.0175249
0.0160431
0.0203908
0.0189694
0.0231564
0.0217851
0.0258361
0.0245067
0.0284396
0.0271471
0.0309742
0.0297152
0.033443
0.0322166
0.0358464
0.0346525
0.0381835
0.0370242
0.0404502
0.0393253
0.0426386
0.041553
0.0447458
0.0437016
0.0467681
0.0457666
0.0486912
0.0477415
0.0505104
0.0496131
0.0522214
0.0513788
0.0538217
0.0530344
0.0553137
0.0545799
0.0567071
0.0560209
0.0580217
0.0573717
0.0592892
0.0586579
0.0605553
0.0599182
0.0618804
0.0612055
0.0633363
0.0625866
0.0649982
0.0641368
0.066919
0.0659247
0.0690647
0.0679725
0.0711588
0.0701542
0.0723609
0.0719458
0.0713333
0.0722074
0.0678583
0.0697569
0.0672321
0.0667215
0.0770931
0.0705612
0.097366
0.0863021
0.122805
0.109507
0.158785
0.139189
0.199358
0.179942
0.214843
0.212043
0.225279
0.193081
0.20133
0.182006
0.186728
0.176797
0.178757
0.176496
0.176061
0.180904
0.178108
0.1903
0.184949
0.205364
0.197074
0.227001
0.215307
0.256251
0.240607
0.29387
0.274021
0.337681
0.315342
0.381453
0.360158
0.41431
0.399993
0.425307
0.423282
0.408745
0.420127
0.371495
0.392029
0.324792
0.348438
0.280376
0.301832
0.24319
0.260781
0.214155
0.227663
0.19293
0.202627
0.178496
0.184944
0.169768
0.173482
0.166021
0.167306
0.166936
0.165902
0.172726
0.169186
0.184194
0.177676
0.202525
0.192486
0.214417
-0.00935835
-0.00988908
-0.0044094
-0.0066574
0.000304848
-0.00168025
0.00455708
0.00265669
0.00825328
0.00640482
0.0115746
0.00991371
0.0147021
0.0131738
0.0176857
0.0162257
0.0205503
0.0191369
0.0233194
0.0219469
0.0260089
0.0246732
0.0286316
0.0273278
0.0311955
0.0299202
0.0337046
0.0324566
0.0361595
0.0349386
0.038559
0.0373668
0.0408972
0.0397356
0.0431716
0.0420424
0.0453775
0.0442831
0.0475091
0.0464544
0.0495525
0.0485416
0.0515049
0.0505402
0.0533606
0.0524448
0.0551167
0.0542509
0.0567748
0.0559575
0.0583433
0.0575691
0.059841
0.0590992
0.0612986
0.0605721
0.0627615
0.0620258
0.0642897
0.063513
0.0659556
0.0651005
0.0678363
0.0668644
0.0699966
0.0688788
0.0724423
0.0711886
0.0749805
0.0737265
0.0769089
0.0760833
0.0768932
0.0772409
0.0742135
0.0758093
0.0729473
0.0728449
0.0821208
0.0757219
0.104802
0.0921522
0.132783
0.118557
0.167401
0.148576
0.208725
0.188018
0.226645
0.000281696
-0.00197809
-0.00174069
-0.000958627
-0.00151906
-0.000159402
-0.00049512
0.000313945
0.000100266
0.000642424
0.000493032
0.000873667
0.000762279
0.00104266
0.00096451
0.00116396
0.00111018
0.00125926
0.00121548
0.00133503
0.00129818
0.00138537
0.00136012
0.00142041
0.00140182
0.00144658
0.00143235
0.00146471
0.00145469
0.00147475
0.00146872
0.00147628
0.0014747
0.00146963
0.00147242
0.00145415
0.00146197
0.00142864
0.00144191
0.00139273
0.00141158
0.00134261
0.00136946
0.00127723
0.00131077
0.00118702
0.00123449
0.00105884
0.00112623
0.000881132
0.000974093
0.000635643
0.000765576
0.000309385
0.00048367
-0.000120998
0.000110737
-0.000527062
-0.000368724
-0.000346854
-0.457411
-0.0186943
-0.181303
-0.491772
-0.0443668
-0.779312
-0.536509
-0.652301
-0.555064
-0.488412
-0.429555
0.688812
0.836897
0.907758
0.831171
0.676824
-0.495633
-0.511349
-0.579192
-0.515157
-0.702127
-0.287549
0.0779624
-0.0825925
0.0469554
-0.0352972
-0.0242132
-0.0169083
-0.0110937
-0.00743734
-0.00427218
-0.00197135
0.000290146
0.00234551
0.00432276
0.00619578
0.00795886
0.00969233
0.0113286
0.0129348
0.0144878
0.0160005
0.0174819
0.0189291
0.02035
0.0217451
0.0231165
0.0244668
0.025796
0.0271065
0.0283981
0.0296723
0.0309295
0.0321708
0.0333961
0.034605
0.0357971
0.0369728
0.0381314
0.0392723
0.0403949
0.0414986
0.0425825
0.0436458
0.0446874
0.0457061
0.0466997
0.0476713
0.0486183
0.0495392
0.0504333
0.0512998
0.0521384
0.052949
0.0537315
0.0544866
0.0552152
0.0559189
0.0565998
0.0572608
0.0579055
0.0585386
0.0591652
0.0597919
0.0604258
0.0610753
0.0617491
0.0624571
0.0632087
0.064014
0.0648809
0.0658158
0.0668194
0.0678852
0.0689917
0.0700964
0.0711252
0.0719817
0.0724495
0.0723295
0.0714575
0.0697981
0.067653
0.0657043
0.065213
0.067339
0.0727946
0.0814738
0.0925273
0.105181
0.119729
0.138156
0.161158
0.188335
0.216242
0.240021
0.261012
0.255135
0.233708
0.217033
0.2044
0.195283
0.188427
0.183415
0.179986
0.17793
0.177146
0.177577
0.179208
0.182054
0.186168
0.191615
0.198495
0.206912
0.216995
0.22887
0.242674
0.258479
0.276231
0.295588
0.316151
0.337436
0.358646
0.378845
0.396262
0.409572
0.417302
0.418884
0.414143
0.403208
0.387327
0.36791
0.34665
0.324693
0.302921
0.282049
0.262662
0.245101
0.229539
0.215961
0.204309
0.194476
0.186346
0.179778
0.174668
0.170902
0.168395
0.167093
0.166982
0.168079
0.170454
0.174208
0.17953
0.186813
0.196533
0.209501
0.226458
0.248345
0.302826
-0.00970608
-0.020546
-0.0155839
-0.0118566
-0.0077943
-0.00486008
-0.00207456
0.000169308
0.00240326
0.00444295
0.00628506
0.00813207
0.00983055
0.0114818
0.0130925
0.0146285
0.0161504
0.0176185
0.019068
0.020485
0.0218816
0.0232554
0.0246095
0.0259456
0.0272647
0.0285682
0.0298568
0.0311311
0.0323915
0.0336387
0.0348723
0.0360922
0.037298
0.0384896
0.0396663
0.0408277
0.0419728
0.0431011
0.0442116
0.0453032
0.0463731
0.0474252
0.0484566
0.049466
0.0504523
0.0514147
0.0523525
0.0532653
0.0541527
0.0550148
0.055852
0.0566651
0.0574555
0.0582251
0.0589767
0.0597137
0.0604406
0.0611625
0.0618858
0.0626177
0.0633665
0.0641409
0.0649508
0.065806
0.0667167
0.0676919
0.06874
0.0698652
0.0710671
0.072334
0.0736372
0.0749193
0.0760911
0.0769567
0.0773262
0.0770069
0.0758758
0.0740829
0.0721923
0.0711541
0.0726407
0.0778533
0.0871264
0.0996171
0.113928
0.129558
0.147651
0.169393
0.194296
0.21939
0.241517
0.266109
0.317849
0.0521074
0.0203438
0.00270403
8.63361e-05
-0.0004387
-0.000397929
-0.000254969
-0.000136253
-2.58098e-05
6.40609e-05
0.000137537
0.000198871
0.000237566
0.00027356
0.00029322
0.000324026
0.000357704
0.000375438
0.000393571
0.000410856
0.000434518
0.00044909
0.00045465
0.000460214
0.000461759
0.000466814
0.000470233
0.000475919
0.000479551
0.000483765
0.000485952
0.000488319
0.00048875
0.000489006
0.00048793
0.00048655
0.000484355
0.000481341
0.000477564
0.000472876
0.000468939
0.000465423
0.000460212
0.000448093
0.000428829
0.000409061
0.000389922
0.000377347
0.000369484
0.000350055
0.000319373
0.000285134
0.000239509
0.000194751
0.00013688
8.02368e-05
3.52479e-05
1.40788e-05
9.47032e-05
0.000627235
0.00312151
0.0133849
0.0149347
-0.401279
-0.108964
0.237889
0.0612759
)
;

boundaryField
{
    frontandback
    {
        type            empty;
    }
    walls
    {
        type            zeroGradient;
    }
    diamond
    {
        type            zeroGradient;
    }
    inlet
    {
        type            zeroGradient;
    }
    outlet
    {
        type            fixedValue;
        value           uniform 0;
    }
}


// ************************************************************************* //
