/*--------------------------------*- C++ -*----------------------------------*\
  =========                 |
  \\      /  F ield         | OpenFOAM: The Open Source CFD Toolbox
   \\    /   O peration     | Website:  https://openfoam.org
    \\  /    A nd           | Version:  10
     \\/     M anipulation  |
\*---------------------------------------------------------------------------*/
FoamFile
{
    format      ascii;
    class       volScalarField;
    location    "27.5";
    object      p;
}
// * * * * * * * * * * * * * * * * * * * * * * * * * * * * * * * * * * * * * //

dimensions      [0 2 -2 0 0 0 0];

internalField   nonuniform List<scalar> 
8711
(
0.0176707
0.0158968
0.0197147
0.0122962
0.0111576
0.00224317
0.102434
0.101927
0.708418
0.707239
0.497232
0.263836
-0.131454
-0.154874
-0.0482372
-0.0647127
0.0388954
0.0371915
0.0351014
0.0376461
0.037333
0.029787
0.0312287
0.0192649
-0.251154
-0.197074
-0.317474
-0.369809
0.0090306
0.0102749
0.0124008
-0.459519
-0.501455
-0.297021
-0.32789
0.227134
0.218395
0.212784
0.219026
0.211419
0.256423
0.229948
-0.411043
-0.434007
0.313886
0.2024
-0.409031
-0.417549
-0.421882
0.0433687
0.0448247
0.0438254
0.0429543
0.0552802
0.0606148
0.0658162
-0.220862
-0.234171
-0.184694
-0.20747
-0.0317818
-0.0315299
-0.0470458
-0.0450628
0.11618
0.112185
0.1043
0.0248125
0.0254961
0.0298814
-0.101432
-0.0887051
-0.116862
-0.129984
0.104316
0.105009
0.0971575
0.0963768
0.0264825
0.00115618
0.00255543
-0.00880103
-0.000606419
0.0235564
0.0226235
0.0222378
-0.126897
-0.156162
-0.0132809
-0.0323272
0.0712964
0.0671317
0.0730195
0.0302793
0.0429787
0.0990349
0.114481
0.11671
0.10323
0.077909
0.0810808
0.357803
0.348019
-0.124137
-0.101118
-0.0841082
-0.0723379
-0.0648137
-0.0619751
-0.0630027
-0.0676192
-0.0761725
-0.0885723
-0.104765
-0.122346
-0.138801
-0.149138
-0.150638
-0.13209
-0.144054
-0.127254
-0.12149
-0.130414
-0.0925502
-0.10773
-0.0687788
-0.0788475
-0.059128
-0.0621628
-0.0640438
-0.0595657
-0.086502
-0.0728116
-0.13299
-0.106521
-0.160042
-0.0924349
-0.110516
-0.0681277
-0.0782487
-0.0611809
-0.06239
-0.070143
-0.0637676
-0.0953196
-0.0804361
-0.133995
-0.113897
-0.164786
-0.152767
-0.159815
-0.167254
-0.145233
-0.178577
-0.114285
-0.0999259
-0.126148
-0.21316
-0.151135
-0.11143
-0.107865
-0.101672
-0.109824
-0.0778902
-0.0910636
-0.0591349
-0.0671238
-0.0527311
-0.054365
-0.0600893
-0.0547008
-0.0854989
-0.0703706
-0.135379
-0.107683
-0.197059
-0.166384
-0.0982506
-0.107808
-0.108584
-0.12186
-0.0794819
-0.0938541
-0.0598751
-0.0680717
-0.0571196
-0.0566242
-0.069337
-0.0611888
-0.0985772
-0.0816142
-0.143592
-0.120299
-0.176759
-0.163336
-0.171002
-0.178957
-0.133652
-0.154178
-0.0758925
-0.0857622
-0.182699
-0.113446
-0.234387
-0.205088
-0.234527
-0.228632
-0.0607734
-0.0587837
-0.062868
-0.149526
-0.121146
-0.0813758
-0.0729435
-0.0899751
-0.0878005
-0.0814929
-0.0883144
-0.0624944
-0.0727667
-0.0475373
-0.0542462
-0.044318
-0.0447706
-0.0535816
-0.0473164
-0.079747
-0.0643846
-0.130744
-0.102574
-0.198783
-0.165324
-0.224258
-0.135364
-0.113869
-0.0965085
-0.105845
-0.0781222
-0.0913035
-0.0833689
-0.093526
-0.0624815
-0.0736851
-0.04853
-0.053877
-0.0497948
-0.0476511
-0.0652974
-0.0560285
-0.0979338
-0.0791969
-0.147316
-0.121977
-0.183367
-0.168714
-0.176824
-0.185761
-0.15798
-0.0843076
-0.0738897
-0.0956553
-0.091738
-0.177029
-0.212979
-0.211066
-0.180587
-0.194924
-0.0507646
-0.0951994
-0.133582
-0.190049
-0.0516496
-0.0607566
-0.0372963
-0.0854887
-0.183692
-0.16462
-0.155492
-0.125424
-0.120437
-0.0858277
-0.0626839
-0.057251
-0.0697141
-0.0674877
-0.0621141
-0.0675948
-0.0465748
-0.0545379
-0.0355088
-0.0400306
-0.0345826
-0.0339391
-0.0448009
-0.0383997
-0.070368
-0.055386
-0.119714
-0.0919682
-0.187077
-0.154091
-0.228033
-0.214403
-0.2077
-0.226591
-0.161559
-0.065553
-0.0620116
-0.0585286
-0.0637762
-0.0427434
-0.050708
-0.0347379
-0.0377498
-0.0401099
-0.0359472
-0.0580645
-0.0477944
-0.0931112
-0.073169
-0.144044
-0.118005
-0.181673
-0.166431
-0.175278
-0.18425
-0.131693
-0.155223
-0.0899925
-0.109234
-0.0566023
-0.0446286
-0.0736261
-0.0659126
-0.0811803
-0.0790203
-0.0745586
-0.0798139
-0.162907
-0.044632
-0.0235781
-0.0805285
-0.0659773
-0.112594
-0.166424
-0.105594
-0.0715331
-0.0673666
-0.149412
-0.125877
-0.093861
-0.0365679
-0.0327053
-0.0453073
-0.041331
-0.0493873
-0.0482517
-0.0431316
-0.0475854
-0.030993
-0.0370771
-0.0234493
-0.0262791
-0.02428
-0.0229094
-0.0343515
-0.028084
-0.0581618
-0.0442825
-0.103134
-0.0778386
-0.167319
-0.134314
-0.213091
-0.196925
-0.188265
-0.210717
-0.148692
-0.00489127
-0.0102092
-0.000230389
0.00129958
-0.0248548
-0.01505
-0.0375105
-0.0328891
-0.0332636
-0.0368593
-0.0231514
-0.0280622
-0.0199529
-0.0202877
-0.0284329
-0.0228809
-0.048192
-0.0369332
-0.0843686
-0.0640591
-0.135226
-0.109207
-0.173131
-0.157783
-0.166886
-0.175941
-0.122489
-0.146656
-0.099443
-0.0329933
-0.0535215
-0.0441633
-0.0666254
-0.0610761
-0.0703441
-0.0699444
-0.0621842
-0.067733
-0.0540125
-0.140519
-0.0212206
-0.0230751
-0.00715551
-0.0182584
-0.0907466
-0.135707
-0.0524009
-0.119652
-0.0350894
-0.0260059
-0.0962083
-0.0135743
-0.065675
-0.0123187
-0.0433934
-0.0221755
-0.0191862
-0.0284319
-0.0254468
-0.0311022
-0.0307421
-0.0256392
-0.0293304
-0.0164841
-0.0209846
-0.0117597
-0.0133203
-0.0137346
-0.0120099
-0.0231456
-0.0174042
-0.044241
-0.0320037
-0.0831634
-0.0613533
-0.140007
-0.110126
-0.185698
-0.168614
-0.161242
-0.185951
-0.0839792
-0.123851
-0.0253462
-0.0510953
0.00869161
0.00288526
0.0111238
0.0127046
-0.000599939
0.00581647
-0.00969252
-0.00635867
-0.00961529
-0.0121432
-0.0039242
-0.00647548
-0.00477526
-0.00322604
-0.0155389
-0.00901924
-0.0363973
-0.0246894
-0.0718922
-0.0521962
-0.120737
-0.0957021
-0.157359
-0.142599
-0.150374
-0.159338
-0.108775
-0.132457
-0.0678684
-0.0867239
-0.0535399
-0.0277679
-0.00230866
-0.0345958
-0.014347
-0.0240832
-0.0519561
-0.0440873
-0.062517
-0.0582649
-0.0630118
-0.0641927
-0.0528079
-0.0591274
-0.0446744
-0.114656
-0.0727009
-0.107503
-0.0279647
-0.0294004
-0.0183441
-0.0425274
-0.0930374
-0.0250505
-0.0717383
-0.0155856
-0.0464013
-0.0017278
0.0141302
-0.00973032
-0.00562231
-0.0179343
0.0885499
-0.00632135
-0.00516135
-0.00802127
-0.00659765
-0.0125616
-0.0103717
-0.0144092
-0.0147626
-0.00997407
-0.0128709
-0.00340633
-0.00651102
-0.000872167
-0.00150066
-0.00339718
-0.00158884
-0.0117341
-0.0067194
-0.0295181
-0.0192797
-0.0614948
-0.0436293
-0.108622
-0.0837126
-0.149955
-0.132733
-0.131293
-0.149555
-0.0591462
-0.0961991
-0.000319406
-0.0266149
0.0405516
0.0243998
0.0245273
0.05801
0.0517976
0.0189084
0.00995445
0.0144369
0.0251719
0.0236947
0.0196506
0.0235437
0.0123714
0.014909
0.0117893
0.0110866
0.01392
0.0130957
0.0101545
0.0130116
-0.0020628
0.00500963
-0.0228663
-0.0113757
-0.0561299
-0.0378108
-0.101437
-0.0781812
-0.135966
-0.121977
-0.130077
-0.138253
-0.0924406
-0.113039
-0.0538892
-0.0719765
-0.0391927
-0.0364345
-0.0271677
-0.05245
-0.0454634
-0.0608098
-0.0577464
-0.0587892
-0.0611713
-0.0464733
-0.0537312
-0.0376826
-0.0917385
0.00223778
-0.0165615
-0.00786096
-0.0588521
-0.0854306
-0.0380774
-0.07383
-0.0261515
-0.0558273
-0.0186082
0.00243828
-0.0112331
-0.0293417
0.00119412
0.0342952
0.0656036
0.0934489
0.106865
0.0945245
0.00428444
0.0035638
0.00409304
0.00473102
0.000917857
0.0025707
-7.00884e-05
-8.99267e-05
0.00361524
0.00138141
0.00800571
0.00607478
0.00897369
0.00896519
0.00635612
0.00806023
-0.000681412
0.00349589
-0.0149485
-0.00680076
-0.0398778
-0.0259857
-0.0767756
-0.0572076
-0.110744
-0.0961233
-0.0985502
-0.112001
-0.0347463
-0.069456
0.0246372
-0.00330215
0.0656224
0.0484924
0.0794519
0.0206996
-0.00858537
0.00435778
0.0137776
0.0296453
0.0256392
0.0369265
0.0336064
0.036118
0.0372688
0.0312271
0.0330286
0.0298405
0.0300886
0.0296034
0.0299473
0.024082
0.0276889
0.0113834
0.0185184
-0.00828881
0.00244258
-0.0383365
-0.0218741
-0.0789363
-0.0580543
-0.110613
-0.0976725
-0.105773
-0.112907
-0.0727854
-0.0906821
-0.0393144
-0.054281
-0.0264979
-0.0237791
-0.00464748
-0.0141752
-0.0410579
-0.0325961
-0.0552201
-0.0489378
-0.0614448
-0.0595734
-0.0571754
-0.0606451
-0.0428195
-0.0510608
-0.0224208
-0.0329965
-0.0021504
-0.0121071
-0.0737598
-0.0506839
-0.0700708
-0.0370086
-0.0607849
0.00102879
0.00740076
0.0104623
-0.0322084
-0.0263489
-0.0232725
-0.00736743
-0.0227566
-0.0438755
-0.0183336
0.011807
0.0426128
0.0717394
0.00394608
0.113277
0.10043
0.118706
-0.0107224
-0.00131029
0.0102413
0.0070499
0.0138222
0.0121244
0.0147539
0.0146474
0.0125968
0.0135571
0.0123338
0.0121411
0.0151112
0.0135146
0.0177242
0.0166993
0.0176751
0.0180211
0.0152351
0.0167379
0.0094877
0.0128568
-0.00146113
0.004718
-0.0196954
-0.00961614
-0.0462048
-0.0321341
-0.0717349
-0.0604442
-0.0643457
-0.0736986
-0.0128856
-0.0413792
0.0453845
0.0171917
0.0852784
0.0685534
0.108469
0.098657
0.121903
0.116557
0.0153344
-0.0219528
-0.00577245
0.00575777
0.0297533
0.0232861
0.0387007
0.0347388
0.0457239
0.042285
0.0479804
0.0473101
0.0462566
0.0472834
0.0444813
0.0452348
0.0426558
0.0437642
0.0363818
0.0402212
0.0241603
0.0308988
0.00640014
0.0159959
-0.0197006
-0.00547158
-0.0548564
-0.0366732
-0.0833137
-0.0715248
-0.0796943
-0.0855015
-0.0524266
-0.0668512
-0.0240871
-0.0364843
-0.00442834
-0.0131863
0.00244648
-0.030612
-0.0206967
-0.0478623
-0.0394385
-0.0606076
-0.0551237
-0.0645231
-0.0639266
-0.0578708
-0.0624849
-0.0416088
-0.0507403
-0.0197128
-0.0309302
-0.00903474
-0.0620261
0.123363
0.118275
0.120428
-0.0473006
-0.0605682
0.00262321
0.0124215
-0.0419111
-0.0400972
-0.03875
-0.0400396
-0.0411945
-0.0194969
-0.0399505
-0.0356052
-0.0112529
0.0179558
0.0486688
0.0772174
0.105037
-0.0167648
-0.00650078
0.0110755
0.0192017
0.0164068
0.00661375
-0.0522178
0.0179357
0.014506
0.0220724
0.0202167
0.0232194
0.0229208
0.0224353
0.0229777
0.022633
0.0223153
0.0245793
0.0235533
0.0258262
0.0254446
0.0252396
0.0257231
0.0231517
0.0243971
0.0186908
0.0212704
0.0107199
0.0151657
-0.00184991
0.0050216
-0.0192299
-0.0100924
-0.0355632
-0.0283517
-0.030076
-0.0367389
0.00858674
-0.0137543
0.059469
0.0342642
0.097373
0.0810455
0.117498
0.109366
0.124965
0.122276
0.116756
0.121957
0.124527
0.00709572
-0.0354487
-0.0147662
-0.00315328
0.0242945
0.016239
0.0369905
0.0312858
0.0458357
0.0417813
0.0523453
0.0491871
0.0565857
0.0547715
0.0574669
0.0574307
0.0560691
0.056921
0.0532824
0.0548733
0.0469247
0.0506368
0.035892
0.0418972
0.0205806
0.0287824
-0.00112269
0.0106578
-0.0308218
-0.0152998
-0.0561245
-0.0454772
-0.0535682
-0.058136
-0.0307629
-0.0431007
-0.00939297
-0.0195544
0.00649938
-0.000500506
0.0122187
-0.0382301
-0.0277595
-0.0566404
-0.0476639
-0.068823
-0.0639239
-0.0703682
-0.0711011
-0.0609914
-0.0669313
-0.0429367
-0.0528375
-0.0197237
-0.031547
-0.00819413
-0.0556854
0.0212441
-0.0494468
-0.0502239
-0.0532721
-0.0578748
-0.06261
-0.0645593
-0.0328905
-0.00878646
0.0209121
0.0519633
-0.0611785
-0.026589
-0.0526199
0.0840747
0.108312
0.116152
0.00352501
-0.0558702
0.114063
-0.0486507
0.0322715
0.0180436
0.0140593
0.0246802
0.0220179
0.029038
0.0273599
0.030399
0.0300606
0.0304526
0.030561
0.0309647
0.0305869
0.0321537
0.0316005
0.0324615
0.0324771
0.0316869
0.0321698
0.0300017
0.0309877
0.0266903
0.0285743
0.021187
0.0242139
0.0131326
0.0174554
0.00306612
0.00821783
-0.0048558
-0.00164326
0.00111042
-0.00425905
0.0298057
0.013062
0.0697829
0.0496635
0.102028
0.0876084
0.118928
0.112685
0.123228
0.12214
0.117347
0.121816
0.104454
0.10044
0.109205
0.00139182
-0.0373423
-0.0141786
-0.00682984
0.0174921
0.00964816
0.0320927
0.0248834
0.0429429
0.0374993
0.0513603
0.0472155
0.057531
0.0544374
0.0625809
0.0602585
0.0652147
0.0642347
0.0648694
0.0653587
0.0619811
0.0636924
0.0560434
0.0593981
0.0466285
0.0516988
0.0340261
0.0407251
0.0165452
0.0260538
-0.00841474
0.00476784
-0.030982
-0.0211611
-0.0287065
-0.0322323
-0.0120412
-0.0209726
0.00508916
-0.0032817
0.0162886
0.010725
0.0244603
0.0209957
0.0294258
0.0270226
-0.0230824
-0.0108884
-0.0473478
-0.0354222
-0.0679678
-0.0580357
-0.0799333
-0.0753763
-0.0791728
-0.0812318
-0.0666378
-0.0741729
-0.0461279
-0.0571213
-0.0215321
-0.0339594
0.00238656
-0.00911143
0.0206457
0.0124552
0.0269441
-0.0545565
-0.0563653
-0.0640534
-0.0737043
-0.0837586
-0.0909487
-0.0359122
-0.0105725
0.0214829
-0.0917537
-0.0842673
-0.0681218
0.0558495
0.0900882
0.105945
-0.0198163
-0.0458397
0.104826
0.0885363
0.0918582
0.0372069
0.0134771
0.0161268
0.0320135
-0.0562084
0.0351248
-0.0507511
0.0244029
0.020364
0.0307446
0.0280921
0.0347836
0.0331587
0.0363745
0.0358497
0.0369059
0.036666
0.0375241
0.0371665
0.0380539
0.0378624
0.0378333
0.0380339
0.0370961
0.0375051
0.0358237
0.0365557
0.0335368
0.0348134
0.0300341
0.0319295
0.025376
0.0278114
0.0204933
0.0228452
0.0186636
0.0188992
0.026644
0.0211204
0.0488826
0.0364724
0.0785584
0.0635842
0.103327
0.09197
0.116526
0.111615
0.118932
0.118857
0.111862
0.116752
0.0954867
0.104525
0.0740797
0.0711984
0.0842123
0.00288275
-0.0224076
-0.00213992
-0.000560922
0.0136392
0.00796581
0.0262484
0.0195553
0.0380592
0.0323172
0.0475652
0.0429554
0.0552834
0.0515937
0.0614432
0.0584519
0.0666436
0.0641884
0.0703165
0.0686676
0.071039
0.0709796
0.0689425
0.0703166
0.0639916
0.0667704
0.0564471
0.0604822
0.0464917
0.0517805
0.0323206
0.0401256
0.0111947
0.0223305
-0.00558902
0.00087534
-0.00643542
-0.00839685
0.00496976
-0.00125336
0.0166008
0.0110693
0.0249302
0.0211424
0.0311207
0.0285981
0.0349814
0.0339708
0.0363577
-0.0295828
-0.013868
-0.0584334
-0.0441836
-0.0817957
-0.071008
-0.0937296
-0.0895745
-0.0905537
-0.0939941
-0.0744625
-0.0838397
-0.0506909
-0.0631696
-0.0242199
-0.0374908
0.000546234
-0.0113032
0.0189292
0.0107986
0.025408
-0.0586592
-0.069648
-0.0852437
-0.102106
-0.117201
-0.0436792
-0.0150241
-0.125252
-0.122095
-0.106811
0.0215229
0.0599731
0.0914787
-0.0805867
0.100206
-0.0506513
0.0924971
-0.000998829
-0.0211097
0.0762869
0.0565596
0.0576339
0.0394649
0.0233958
0.0261134
0.0337825
-0.0632092
0.0101943
-0.00249462
0.0383463
-0.0592852
0.0303725
0.0284352
0.0360246
0.0334391
0.0394438
0.0378691
0.0411804
0.0404042
0.0419996
0.0415661
0.0425112
0.0422573
0.042569
0.0426001
0.0421513
0.0423894
0.0415591
0.0418696
0.0406723
0.0411712
0.0392456
0.0400237
0.0372877
0.0383197
0.0351029
0.0361816
0.0337294
0.0342204
0.0356473
0.0340985
0.0449675
0.0392134
0.0630951
0.0541898
0.0853041
0.0741313
0.103552
0.0952386
0.113062
0.109451
0.113401
0.11435
0.106098
0.110726
0.0901976
0.0990073
0.0683926
0.0799235
0.0404737
0.0414762
0.0555519
0.0119345
0.00223469
0.015295
0.0129532
0.0152048
0.0128181
0.0231366
0.0184088
0.0333884
0.0279414
0.042881
0.0380897
0.0512403
0.0472173
0.0583093
0.0549091
0.0642894
0.0614067
0.069366
0.0669455
0.0730862
0.071438
0.0749665
0.0743552
0.0740248
0.0748156
0.0705009
0.0725228
0.0649104
0.0679135
0.0572181
0.0613681
0.0452922
0.0519529
0.0273912
0.0366944
0.0134998
0.019077
0.012349
0.0114836
0.0191923
0.0153976
0.0266211
0.0230232
0.0323557
0.0298057
0.0369351
0.0348926
0.0397842
0.0391011
0.0398795
-0.0370133
-0.0189457
-0.0713551
-0.0546989
-0.0976491
-0.0859573
-0.109295
-0.105602
-0.1035
-0.108445
-0.0836184
-0.0949587
-0.0560761
-0.0703446
-0.0271207
-0.0414698
-0.0012154
-0.01353
0.0187057
0.00956965
0.0265096
-0.0694354
0.0203373
-0.0901341
-0.114994
-0.139798
-0.0548631
-0.15817
-0.163952
-0.152897
-0.0199755
0.0230089
0.0647234
-0.126217
0.0887106
-0.0886876
0.0893989
-0.0504648
0.0766025
-0.0169219
0.0583638
0.0185596
0.00728576
0.0394126
0.0265946
0.0235971
0.0409505
0.0355051
-0.0769709
0.0442663
0.0439976
-0.0737645
0.0335736
0.0292405
0.0311597
0.0363441
0.0350243
0.0401488
0.0382562
0.0431621
0.041801
0.044961
0.0441431
0.0458658
0.0454238
0.0461847
0.0460547
0.0460018
0.0461256
0.0455953
0.0457961
0.0451808
0.04539
0.0446471
0.0449371
0.0439199
0.0443016
0.0431182
0.0435133
0.0426459
0.0428027
0.0434763
0.0428271
0.0474136
0.0449582
0.056482
0.0513221
0.0714314
0.0625387
0.0889198
0.0803208
0.102533
0.096421
0.109008
0.106642
0.108046
0.109348
0.100096
0.105019
0.0860811
0.0937462
0.0661609
0.076743
0.0425382
0.0546957
0.0115073
0.0164297
0.0297016
0.00440847
0.0240345
0.0225407
0.029082
0.0263425
0.0221115
0.0226201
0.0243437
0.0223336
0.0307705
0.0268534
0.0387539
0.0346729
0.0467336
0.0427505
0.0541075
0.0505303
0.0605839
0.0574406
0.0662517
0.063511
0.0711286
0.0687886
0.074936
0.073187
0.0772594
0.0763314
0.0773334
0.0775657
0.0752181
0.0764979
0.0713493
0.0734709
0.0653792
0.0686923
0.0552066
0.0609007
0.0405646
0.0480346
0.0295285
0.0340765
0.0274296
0.0275862
0.0306096
0.0287348
0.0347772
0.0327282
0.0386501
0.036814
0.0415805
0.0401869
0.0434563
0.0429067
0.0436747
0.0167823
-0.00966307
0.00472201
-0.0467479
-0.0271366
-0.0851077
-0.0664869
-0.113862
-0.10139
-0.125004
-0.121845
-0.116514
-0.12302
-0.0928484
-0.106117
-0.0615672
-0.0776454
-0.0298203
-0.0454158
-0.00217433
-0.0153161
0.0194586
0.00939693
0.0281949
-0.0874797
0.0272219
0.0448574
-0.119338
-0.154362
-0.0926491
-0.18521
-0.203501
-0.20256
-0.0666176
-0.0226979
0.0273871
-0.179406
0.0669849
-0.138187
0.081016
-0.0892496
0.0739749
-0.0438911
0.0575185
-0.00941482
0.0378615
0.0133948
0.0198433
0.0312479
0.0260842
0.00613302
-0.00284173
-0.00654339
7.44484e-05
0.00486538
0.0353952
0.0368717
-0.0978162
0.0335082
0.0349548
0.0393373
0.0380188
0.0413522
0.0403143
0.0439254
0.0427758
0.0462797
0.045269
0.0478841
0.0471738
0.0486846
0.0483326
0.0488415
0.0487987
0.0486086
0.0487359
0.0483086
0.0484459
0.0480716
0.0481841
0.0478493
0.0479602
0.0476701
0.0477476
0.0477103
0.0476478
0.0483909
0.0479398
0.0505255
0.0492282
0.0553637
0.0525563
0.0639736
0.0592379
0.0763937
0.06954
0.0899523
0.0833487
0.100145
0.0956164
0.104516
0.103039
0.102745
0.104321
0.0950388
0.099537
0.0820603
0.0891322
0.0644773
0.0737655
0.0439302
0.0545016
0.0224086
0.033022
0.0131973
0.0304033
0.0318619
0.0294393
0.0295416
0.0312971
0.0297132
0.0365276
0.0336353
0.0429893
0.0396838
0.0498092
0.0463963
0.0563373
0.05314
0.0622529
0.0593652
0.0675451
0.0649735
0.0721773
0.0699456
0.0759324
0.0741774
0.07845
0.0773624
0.0792224
0.0790506
0.0781859
0.0788935
0.0755928
0.0770687
0.0709251
0.0735806
0.0625407
0.0672002
0.0510388
0.0568559
0.042102
0.045956
0.0389221
0.0399374
0.0394601
0.0389306
0.0413219
0.040324
0.0435957
0.0424242
0.0454016
0.0443787
0.046548
0.0459436
0.0474011
0.0470391
0.0477972
0.0475197
0.0331721
0.0128823
0.0245889
-0.018445
-0.00154821
-0.0575901
-0.0371577
-0.097911
-0.07818
-0.128367
-0.115294
-0.138816
-0.136265
-0.127788
-0.135739
-0.100695
-0.115692
-0.0662002
-0.0838261
-0.0319484
-0.0486884
-0.00254876
-0.0164959
0.0201571
0.00968843
0.0364017
0.0291434
0.0452908
0.0415163
0.0480372
-0.113588
0.0321968
0.0355689
-0.157457
-0.124741
-0.200993
-0.234057
-0.246708
-0.0753032
-0.0207615
-0.233498
0.0327376
-0.194236
0.0641968
-0.138821
0.0670756
-0.0812063
0.0543095
-0.0329476
0.0352037
0.000368151
0.0152636
0.0193834
-0.000582384
0.0284036
-0.0158001
-0.0110895
0.0391092
0.03063
0.0374792
0.050228
0.0319642
-0.0165708
-0.00308232
0.0349515
0.0423624
0.0411687
0.0439926
0.043202
0.0454264
0.0445995
0.0471618
0.0463481
0.0488343
0.0480884
0.050068
0.0495253
0.0506788
0.0504288
0.0507537
0.0507448
0.0505766
0.0506646
0.05041
0.0504796
0.0503402
0.050363
0.0503816
0.0503453
0.0506154
0.0504681
0.0512412
0.0508657
0.0526541
0.0518258
0.0555008
0.0538678
0.0606084
0.0577517
0.0684988
0.0642484
0.078816
0.0733559
0.0893732
0.0842695
0.0970093
0.0936622
0.0998747
0.0990267
0.0976259
0.0993302
0.0904008
0.0945481
0.078521
0.0850015
0.0631074
0.071273
0.0450056
0.0543162
0.0268883
0.0355757
0.0108229
0.0185913
0.00426055
0.0388791
0.0388602
0.0392305
0.037066
0.0380288
0.035269
0.0360747
0.0349004
0.0347837
0.0368201
0.0355506
0.041012
0.0387273
0.0464079
0.0436202
0.0522835
0.0493305
0.058059
0.0552078
0.0634377
0.0608
0.0683406
0.0659479
0.0726889
0.0705874
0.0762978
0.0745962
0.078887
0.077728
0.0800907
0.0796593
0.0797927
0.0801048
0.0780808
0.0791064
0.074456
0.0765484
0.0678042
0.0714805
0.0588207
0.0633817
0.0512384
0.0546744
0.0472549
0.0488576
0.0460765
0.0464285
0.0463783
0.0461094
0.0473115
0.0467961
0.0482608
0.0477734
0.0490176
0.0486717
0.0496676
0.0494321
0.0498579
0.0497888
0.0499597
0.0089621
0.0213875
-0.0255662
-0.00686625
-0.0665703
-0.0453971
-0.107842
-0.0876956
-0.138909
-0.1256
-0.148582
-0.14662
-0.135472
-0.144569
-0.105807
-0.122105
-0.0690193
-0.0877318
-0.0330615
-0.0505676
-0.00257583
-0.0169884
0.0206273
0.00996817
0.0364289
0.0294448
0.0454204
0.0415463
0.0482982
-0.147349
-0.201521
-0.249304
0.0511843
0.0340558
-0.112984
-0.277955
-0.0771512
-0.277977
-0.0140248
-0.247516
0.0356542
-0.192473
0.05381
-0.126433
0.0475015
0.0329461
-0.0643546
0.0304805
0.0323883
-0.017647
0.00955578
0.0311186
-0.00944131
-0.026089
0.0105392
-0.00872453
0.0293179
-0.0272311
0.0241822
-0.021112
-0.0161376
0.0509587
-0.00190267
0.00295935
0.0433304
0.0504272
-0.154397
0.0413138
-0.129923
0.0421994
0.0282697
0.0354857
0.0460596
0.0451905
0.047499
0.0468181
0.0484642
0.0479071
0.0496254
0.0490352
0.0507585
0.0502323
0.0516214
0.0512421
0.0520595
0.051885
0.0521185
0.0521102
0.052038
0.0520736
0.0520009
0.0520061
0.0520845
0.0520264
0.052341
0.0521882
0.0528768
0.0525681
0.0538934
0.0533137
0.055736
0.0546947
0.0588981
0.0571345
0.0639126
0.0611704
0.0709772
0.0672303
0.0795553
0.0751294
0.0878215
0.083852
0.0935844
0.091097
0.0953843
0.094973
0.0928721
0.0946161
0.0861653
0.0899902
0.0755315
0.0812043
0.0619406
0.0690452
0.0460355
0.054212
0.0303506
0.0377975
0.0154737
0.0228871
0.00826826
0.0418495
0.0422168
0.0402764
0.0410062
0.0394104
0.0396005
0.0393037
0.0390625
0.0411238
0.0400275
0.0445607
0.0426784
0.0491455
0.0467619
0.0542347
0.0516656
0.0593568
0.0568121
0.0642391
0.061835
0.0687585
0.0665466
0.0728064
0.0708454
0.0761816
0.0745944
0.0787959
0.0776165
0.0802363
0.0796546
0.0804151
0.0804671
0.0793083
0.0800182
0.0764939
0.0781363
0.0712176
0.0741349
0.06403
0.0677132
0.0574084
0.0605272
0.0530467
0.0549546
0.0508669
0.0517495
0.0501329
0.0503758
0.0501747
0.0500923
0.0504954
0.0503242
0.0509365
0.050702
0.0512388
0.0510333
0.0512952
0.0513074
0.0512942
0.00598409
0.018314
-0.0288847
-0.00997467
-0.0710543
-0.0494008
-0.112866
-0.0926301
-0.143535
-0.130427
-0.152452
-0.150939
-0.138101
-0.147858
-0.107218
-0.124107
-0.0693654
-0.0885589
-0.0327871
-0.0505639
-0.00205324
-0.0165321
0.0210067
0.0104552
0.0362941
0.0295427
0.0454219
0.041493
0.0482782
-0.185447
-0.245257
-0.0274916
0.0514188
0.0507828
-0.290134
-0.138206
-0.306278
-0.0712553
-0.287954
-0.006118
-0.238974
0.0313214
-0.172416
0.03546
0.0366387
0.0316894
-0.102251
0.0222934
0.029476
-0.00643199
-0.0220913
-0.04126
0.0019163
0.0291103
-0.0330293
-0.00119557
-0.0187736
0.0287105
-0.0392053
0.0194092
-0.0335898
-0.181049
0.027012
0.0358936
0.0413758
0.0412062
0.0405949
0.0462043
0.0450739
0.0484558
0.0476365
0.0497393
0.0493336
0.0505478
0.0501908
0.0513141
0.0509225
0.0520711
0.0517111
0.0526597
0.0523982
0.0529828
0.0528507
0.0530686
0.0530404
0.0530877
0.0530729
0.0531689
0.0531153
0.053388
0.0532596
0.0538135
0.0535718
0.0545618
0.054142
0.0558236
0.0551196
0.0578887
0.0567446
0.061121
0.0593505
0.0658441
0.0633023
0.07207
0.0688067
0.0792623
0.0755921
0.0857359
0.0826231
0.0901154
0.0882573
0.0911795
0.0910584
0.0885805
0.0902966
0.0824233
0.0858995
0.0729856
0.0780753
0.0610867
0.0672732
0.0473802
0.0543927
0.0339323
0.0403475
0.0212403
0.0275749
0.0114151
0.01561
0.00540008
0.0083642
-0.0108704
0.0437576
0.0424096
0.0444869
0.0445361
0.04325
0.043952
0.0426445
0.0428923
0.0428634
0.0426071
0.0444757
0.0435201
0.0473853
0.0457898
0.0513203
0.0492676
0.0557577
0.0535081
0.0603152
0.0580401
0.0647416
0.0625543
0.0688896
0.0668549
0.0726421
0.0708197
0.0758364
0.0743147
0.0783308
0.0771829
0.0798661
0.0792139
0.0803215
0.0802182
0.0796023
0.0801055
0.077349
0.0786775
0.0730462
0.075428
0.0671338
0.0701888
0.0613103
0.0641275
0.0569167
0.0589197
0.0542251
0.0553949
0.0528477
0.0534152
0.0522947
0.0524999
0.0521672
0.0521966
0.0522223
0.0521798
0.0522392
0.0522196
0.052197
0.0522315
0.0520142
0.0522285
0.0393444
0.0268268
0.0344385
0.00604155
0.0163088
-0.0282801
-0.00995661
-0.0699542
-0.0485098
-0.111416
-0.0914659
-0.141085
-0.128432
-0.149443
-0.148149
-0.135073
-0.144789
-0.104502
-0.121209
-0.0671122
-0.0860722
-0.031022
-0.0485488
-0.000814107
-0.0150264
0.0217195
0.0114231
0.036456
0.0299795
0.0453489
0.0415091
0.047985
-0.221495
-0.0429376
0.041878
0.0512463
-0.279646
-0.197851
-0.0413236
-0.313229
-0.135267
-0.310426
-0.0599297
-0.272376
-0.00318602
0.0416073
0.0357334
0.000767432
-0.208998
0.0169277
0.0300437
-0.0113672
-0.136615
0.00965734
0.0263881
-0.0263093
-0.0687373
-0.00899801
0.025701
-0.0397326
-0.0162114
-0.0311359
0.0262057
-0.0498721
0.0136326
-0.0492077
0.0271636
-0.057465
0.0251742
0.0428201
0.0467114
0.0424039
0.0445567
0.0484271
0.0474754
0.0454605
0.0499125
0.0486311
0.0511727
0.0506147
0.0518456
0.0515305
0.0523618
0.0520914
0.0528698
0.0526184
0.0532877
0.0530955
0.0535538
0.0534379
0.0536874
0.0536284
0.0537987
0.0537377
0.0539871
0.05388
0.0543205
0.0541336
0.0548757
0.0545676
0.055767
0.0552747
0.0571684
0.0563973
0.0593164
0.0581422
0.0624726
0.0607661
0.0668162
0.0645074
0.0722377
0.0694279
0.0780643
0.0751776
0.0833984
0.0809062
0.0867546
0.0853593
0.0873065
0.0873776
0.0847473
0.0863844
0.0791229
0.0822754
0.0707855
0.0752374
0.0604097
0.0657916
0.0487219
0.0546566
0.0371747
0.042827
0.0267039
0.0316312
0.0191881
0.0225051
0.0131826
0.0160903
0.0457059
0.0458898
0.0464817
0.0458944
0.0468162
0.0468528
0.0460085
0.0464683
0.0453431
0.045514
0.0457209
0.0454293
0.0471351
0.0463023
0.0496449
0.0482708
0.0530446
0.0512669
0.0569357
0.0549554
0.061
0.0589634
0.0650079
0.0630214
0.0688033
0.0669378
0.0722635
0.0705798
0.0752458
0.0738184
0.0775966
0.076505
0.0791306
0.078463
0.0797144
0.0795345
0.0792129
0.0795966
0.0773224
0.078444
0.0737058
0.0757064
0.0687363
0.0713141
0.0636005
0.0661242
0.0593856
0.0613543
0.056486
0.0577904
0.054734
0.0554983
0.0537858
0.0541873
0.0533148
0.0535102
0.0530641
0.053173
0.0528396
0.052947
0.0525574
0.0527028
0.0523911
0.052382
0.0515137
0.0517236
0.0521074
0.0421642
0.0384085
0.0408537
0.0272075
0.0341088
0.00683488
0.0178463
-0.0243658
-0.00738121
-0.0638824
-0.0435036
-0.103421
-0.084387
-0.131632
-0.119563
-0.139865
-0.138462
-0.126746
-0.135704
-0.0980744
-0.113794
-0.062618
-0.0806426
-0.0280672
-0.0448736
0.000987882
-0.0126982
0.0227069
0.0127776
0.036908
0.0306853
0.0454812
0.0417511
0.0502912
0.0481971
0.0512428
-0.247341
-0.0584984
0.0445183
-0.295937
-0.199601
-0.0610605
0.0458781
0.0454664
0.0514551
0.0512886
-0.311803
-0.122228
0.0512501
0.0451327
-0.288461
-0.0501115
0.0364031
0.015498
0.00543031
-0.233103
-0.0109856
0.0287285
-0.0103524
-0.161634
-0.00806991
0.0231865
-0.0270856
-0.0908169
-0.0238177
0.0211208
-0.0442952
-0.0318511
-0.0470903
0.0219422
-0.0589266
0.00753303
-0.0680565
0.0245073
-0.0704272
0.0244192
-0.080367
0.0271221
0.0421102
0.0552567
0.0566617
0.0605711
0.04303
0.0480677
0.0466257
0.0504336
0.0491737
0.0517802
0.0511674
0.0524563
0.052148
0.0528827
0.0526704
0.0532598
0.053071
0.0535902
0.0534319
0.0538461
0.0537267
0.0540323
0.0539427
0.0542279
0.0541237
0.0545111
0.0543567
0.0549405
0.0547056
0.0555926
0.0552363
0.0565755
0.0560388
0.0580429
0.0572438
0.0601843
0.0590257
0.0631829
0.061578
0.0671205
0.0650481
0.0718236
0.0694089
0.0767304
0.0743024
0.0810072
0.0790215
0.0835868
0.0825369
0.0837857
0.0839814
0.081334
0.0828663
0.0762598
0.0790839
0.0689094
0.0728142
0.059864
0.0645448
0.0498971
0.0549217
0.0401061
0.0449428
0.0315734
0.0354765
0.0256258
0.0280933
0.0205464
0.0228543
0.0213145
0.0200483
0.0208953
0.0279841
0.023877
0.0281486
0.0351
0.051368
0.0535009
0.0495329
0.0502265
0.0493275
0.0492512
0.0489864
0.0491842
0.0482737
0.048611
0.0477077
0.0479025
0.0480614
0.0477866
0.0492935
0.0485716
0.0514634
0.0502767
0.054411
0.0528661
0.0578344
0.0560861
0.0614628
0.0596391
0.0650867
0.063286
0.0685493
0.0668445
0.0717248
0.0701774
0.0744837
0.0731601
0.0766732
0.0756527
0.078144
0.0774967
0.0787586
0.078554
0.0783634
0.0786845
0.0767112
0.0776926
0.0735961
0.0753136
0.0693323
0.0715493
0.0648008
0.0670534
0.0608531
0.0627277
0.0579223
0.0592692
0.0559698
0.0568467
0.0547618
0.0552961
0.0540291
0.0543543
0.0535314
0.0537613
0.0530945
0.0533082
0.0526616
0.0528633
0.0521685
0.0524153
0.0514925
0.0519381
0.0386314
0.0410118
0.0286638
0.0346495
0.0103068
0.0205285
-0.0178998
-0.00251799
-0.0539798
-0.035355
-0.0903379
-0.0727731
-0.116699
-0.105319
-0.125245
-0.123414
-0.114428
-0.122043
-0.0889892
-0.103051
-0.056658
-0.0731862
-0.0244902
-0.0402071
0.00296868
-0.0100102
0.0237093
0.0142059
0.0374116
0.0314047
0.0455352
0.0420229
0.0499005
0.0480792
0.0510108
-0.255694
0.0645287
0.0602506
-0.0794213
0.0452478
0.0437752
0.050899
-0.289012
-0.186816
0.0489953
-0.0832789
0.0425345
0.0429253
0.0467253
0.0371036
0.0691379
0.0687461
0.0740608
-0.285457
-0.106316
0.0738018
0.0611137
0.0675505
0.0377281
0.0112278
-0.244797
-0.0498368
0.0279668
-0.00678043
-0.178093
-0.0326638
0.0205844
-0.0251899
-0.104553
-0.0432531
0.0162322
-0.0457015
-0.0407068
-0.0666862
0.0160301
-0.0642604
0.00371348
-0.091396
0.0191594
-0.0812862
0.0256921
-0.107064
0.0248034
-0.0954518
0.0295661
0.0486806
0.0527063
0.046186
0.0439291
0.0453828
0.0483712
0.0472899
0.0504035
0.0494304
0.0517934
0.0511676
0.0525459
0.0522168
0.0529855
0.05278
0.0533257
0.0531584
0.0536301
0.0534797
0.0539107
0.0537725
0.0541459
0.0540286
0.0544191
0.0542741
0.0547856
0.0545896
0.0552956
0.0550212
0.0560195
0.0556286
0.0570572
0.056496
0.0585416
0.0577402
0.060623
0.0595062
0.0634253
0.061938
0.0669666
0.065118
0.0710467
0.0689677
0.0751804
0.0731456
0.0786589
0.0770406
0.0806498
0.0798587
0.080614
0.0808843
0.0783068
0.0797234
0.0737712
0.0762817
0.0673181
0.0707385
0.0594529
0.0635132
0.0509206
0.0552054
0.0426313
0.0467117
0.0355938
0.0388577
0.0307109
0.0329193
0.0275006
0.0287155
0.0292072
0.0275747
0.036205
0.0317433
0.0421987
0.0611887
0.0650084
0.0557778
0.0581072
0.0531462
0.0539737
0.0518647
0.052353
0.0511515
0.0514716
0.0502474
0.0506317
0.0497602
0.0499462
0.0500026
0.0497892
0.051052
0.0504339
0.0529213
0.0518979
0.0554824
0.0541362
0.0585002
0.0569541
0.0617409
0.0601076
0.0650127
0.0633834
0.0681633
0.0666099
0.071066
0.0696501
0.0735995
0.0723825
0.0756193
0.074674
0.0769924
0.0763856
0.0775814
0.0773822
0.0772311
0.077521
0.0757444
0.0766246
0.0730073
0.0745108
0.0692927
0.0712268
0.0652738
0.0672942
0.0616163
0.0633728
0.0587474
0.060086
0.0567008
0.0576378
0.0553208
0.0559471
0.0543869
0.0548151
0.0536881
0.0540187
0.0530706
0.0533729
0.0524529
0.0527597
0.0517186
0.0521008
0.050842
0.0513463
0.0502475
0.0495563
0.0502427
0.0397867
0.0417244
0.0312072
0.0363234
0.0152373
0.0242254
-0.00962938
0.00391941
-0.0415383
-0.0250376
-0.0741269
-0.0582837
-0.0985459
-0.087848
-0.107792
-0.105283
-0.0999936
-0.105876
-0.0786626
-0.090625
-0.0502124
-0.064891
-0.0209471
-0.0353538
0.00468513
-0.00750041
0.0244179
0.0153393
0.0376856
0.0318472
0.0454578
0.0421242
0.0494323
0.0478022
0.0509198
0.0505232
0.0507595
-0.245255
0.0541132
-0.111393
0.0431781
0.0453352
0.0792142
-0.261939
-0.16575
0.0612806
0.0545169
0.0411917
0.0185777
0.0545559
0.0612263
0.0494806
0.0487923
-0.242204
-0.0973
0.0287657
-0.000608332
-0.106355
-0.188695
-0.0650007
0.0182652
-0.0211463
-0.115984
-0.06843
0.0115162
-0.0441681
-0.0447626
-0.0911254
0.00901554
-0.0672159
0.00657196
-0.119897
0.0113865
-0.0887468
0.0316392
-0.140889
0.0184341
-0.108564
0.0358595
-0.146923
0.0283075
0.0535769
0.0741877
0.0681825
0.0614173
0.0433339
0.0420432
0.0411072
0.0421259
0.045732
0.0446486
0.0479988
0.046938
0.0499914
0.0490658
0.0514149
0.0507758
0.0522657
0.0518922
0.0527698
0.0525396
0.0531321
0.0529571
0.0534516
0.0532917
0.0537869
0.0536133
0.0540614
0.0539179
0.0544052
0.0542238
0.0548463
0.0546131
0.0554243
0.0551171
0.0562023
0.0557864
0.0572704
0.0566976
0.058742
0.0579536
0.060735
0.0596734
0.06333
0.0619626
0.066504
0.0648587
0.0700514
0.0682556
0.0735481
0.0718375
0.0763948
0.0750856
0.0779561
0.0773558
0.077769
0.0780788
0.075638
0.0769276
0.0716085
0.0738285
0.0659643
0.0689487
0.0591595
0.0626628
0.0518641
0.0555211
0.044868
0.0482877
0.0391024
0.0417826
0.0351323
0.036927
0.0337356
0.0338677
0.0354696
0.0340276
0.0427708
0.0383726
0.0481987
0.0537483
0.0596987
0.0844073
0.0795907
0.0732434
0.0838907
0.0785045
0.0649636
0.0686949
0.0596006
0.0619623
0.0562173
0.0576808
0.0542852
0.0551342
0.0530766
0.0536357
0.0520671
0.0525359
0.0515186
0.0517313
0.0516264
0.0514876
0.052491
0.051973
0.05409
0.0532115
0.0563141
0.0551412
0.0589736
0.0576069
0.061865
0.0604042
0.0648129
0.063342
0.0676712
0.0662602
0.0703157
0.0690247
0.0726296
0.0715176
0.0744795
0.0736139
0.0757386
0.075182
0.0762753
0.0760957
0.07594
0.0762137
0.0745799
0.0753812
0.0721375
0.0734738
0.0688582
0.0705658
0.0652605
0.067065
0.0618893
0.0635228
0.0591253
0.0604303
0.0570451
0.0580114
0.055548
0.0562398
0.0544559
0.0549666
0.0535866
0.0540046
0.0527974
0.0531886
0.0519924
0.0524005
0.0511239
0.0515681
0.0500174
0.0506317
0.0486363
0.0493711
0.0428938
0.0427294
0.0410813
0.0424879
0.0342221
0.0383816
0.0207613
0.0283876
-0.00048371
0.0111004
-0.0280263
-0.013725
-0.0568255
-0.0426994
-0.0794804
-0.0693556
-0.0897274
-0.0863763
-0.0853132
-0.0892762
-0.0684639
-0.0781438
-0.0441939
-0.0568876
-0.0180006
-0.0310296
0.00578341
-0.00561454
0.0245965
0.0158903
0.0375385
0.0318079
0.0451115
0.0418881
0.0488083
0.0473124
0.050138
0.0497682
0.0500035
-0.220232
0.0472772
0.036248
0.0271715
0.0761329
0.0812683
0.0885522
0.0478227
-0.224156
-0.147293
0.0457857
0.0319273
0.00720105
-0.140822
0.0410114
0.0399953
0.0589873
0.0649462
-0.193001
-0.103608
0.0178939
0.0441169
0.0529463
-0.0148581
-0.127113
0.0460464
-0.130932
-0.0977318
0.00732894
-0.0397039
-0.0551465
-0.120719
0.00162739
-0.0670822
0.00887219
-0.154575
0.00172232
-0.0931533
0.0445126
-0.181875
0.00838049
-0.118676
0.0488806
-0.192772
0.0209745
0.036821
0.0697967
0.0425228
0.0401072
0.0412944
0.0448731
0.0436973
0.047234
0.0460749
0.049282
0.0483265
0.0507725
0.0500951
0.0517262
0.0513005
0.0523173
0.0520487
0.052732
0.0525347
0.0530871
0.05291
0.0535253
0.0532742
0.0537983
0.053629
0.0542128
0.0539959
0.054721
0.0544549
0.0553577
0.0550225
0.0561787
0.0557436
0.0572629
0.0566859
0.0587063
0.0579384
0.0606004
0.0595981
0.062994
0.0617406
0.0658392
0.0643734
0.0689357
0.0673771
0.0719132
0.0704652
0.0742734
0.0731952
0.075501
0.0750429
0.0752256
0.0755488
0.0732815
0.0744465
0.0697198
0.0716747
0.0647993
0.0673946
0.0589366
0.0619459
0.0527246
0.055832
0.0468593
0.0497076
0.0421472
0.0443319
0.0390767
0.0403996
0.0386153
0.0384614
0.0407945
0.0393938
0.0479009
0.0437584
0.0532314
0.0632045
0.0680075
0.0905807
0.0861282
0.0943529
0.0873096
0.0928433
0.0767787
0.0819208
0.0685655
0.0723102
0.0628302
0.0655121
0.0589674
0.0607097
0.0565101
0.0576124
0.0548849
0.0556312
0.0537088
0.054251
0.0530342
0.0533058
0.0529998
0.0529372
0.0536769
0.0532587
0.0550254
0.0542794
0.0569474
0.0559297
0.0592844
0.0580796
0.0618575
0.0605543
0.0645061
0.0631821
0.0670915
0.0658136
0.0694933
0.06832
0.0715977
0.0705859
0.0732846
0.0724959
0.0744277
0.0739233
0.0749037
0.0747481
0.0745738
0.0748362
0.0733184
0.0740541
0.071119
0.0723181
0.0681911
0.0697151
0.0649385
0.0665686
0.0618274
0.0633455
0.0591806
0.0604425
0.0570966
0.0580764
0.0555141
0.0562559
0.0542903
0.0548708
0.0532677
0.0537646
0.0523141
0.052789
0.0513399
0.0518325
0.0502872
0.0508257
0.0491133
0.0497126
0.0475661
0.0483544
0.0469098
0.0457534
0.046703
0.0428654
0.0421387
0.0420706
0.0428833
0.0370433
0.0401736
0.0262141
0.03242
0.00857592
0.0182356
-0.0148305
-0.00259403
-0.0401495
-0.0275929
-0.0613254
-0.0516347
-0.0727658
-0.0684896
-0.0718068
-0.0738286
-0.0594255
-0.0668369
-0.039289
-0.0500241
-0.0160938
-0.0277849
0.00595691
-0.00471681
0.024009
0.0155913
0.0367815
0.0310794
0.0443729
0.041143
0.0479282
0.0465372
0.0491518
0.0487726
0.0486076
0.0490669
0.0478803
-0.191625
0.0379375
0.0265341
0.0163688
-0.185352
0.0389269
0.0776884
0.0848291
0.0895569
0.0714535
-0.188654
-0.142535
0.0350961
0.0204576
-0.00616674
0.0402892
0.0390507
0.0458733
0.0447443
-0.166849
0.0623167
0.0681255
0.0567272
-0.149934
-0.129034
0.0329046
0.00518194
0.0624489
-0.0323559
0.0375968
-0.0807073
-0.150317
-0.00502464
0.0795229
-0.0625115
-0.00434264
-0.192742
-0.00890412
-0.0936595
-0.143348
0.0515153
-0.232198
-0.00471072
-0.12474
0.0685754
-0.250218
0.00805558
0.053022
-0.24345
0.0288052
0.0791374
0.0388577
0.0378736
0.0413716
0.0400272
0.0439138
0.0426305
0.0462973
0.0451248
0.0483872
0.0473978
0.0499565
0.049236
0.05101
0.0505347
0.0516921
0.051382
0.0521706
0.0519453
0.0525624
0.0523712
0.0528547
0.0527361
0.0533732
0.0531378
0.0538621
0.053611
0.0544317
0.0541358
0.0551209
0.0547607
0.0559788
0.0555276
0.0570733
0.056495
0.0584841
0.0577385
0.060281
0.059336
0.0624897
0.0613399
0.0650479
0.0637373
0.0677661
0.0664051
0.0703214
0.0690854
0.0722968
0.0714008
0.0732747
0.0729207
0.0729517
0.073273
0.071196
0.0722388
0.068063
0.0697769
0.0637877
0.0660374
0.058753
0.0613297
0.0534862
0.0561127
0.048608
0.0509622
0.0447954
0.0465488
0.0425608
0.0434558
0.0427705
0.042352
0.0454994
0.0437683
0.0522548
0.0484063
0.0568721
0.0811211
0.0864237
0.084114
0.0734612
0.0772106
0.0974403
0.0936553
0.100415
0.0898607
0.0954188
0.0798453
0.0847591
0.071656
0.075296
0.0655712
0.06835
0.0613809
0.0633046
0.0585118
0.0598186
0.0565405
0.0574453
0.0551687
0.0557949
0.0543493
0.054691
0.0541662
0.0541815
0.054654
0.0543356
0.0557664
0.0551437
0.0574124
0.0565361
0.0594546
0.0583979
0.0617349
0.0605769
0.0641057
0.0629182
0.0664364
0.0652828
0.0686113
0.0675481
0.0705211
0.0696025
0.0720543
0.071337
0.0730903
0.0726351
0.0735091
0.0733758
0.0731862
0.0734372
0.0720256
0.0727022
0.0700317
0.0711163
0.0674003
0.0687668
0.0644291
0.0659219
0.0615423
0.0629591
0.0590069
0.0602261
0.056929
0.0579163
0.0552752
0.05606
0.0539322
0.0545767
0.0527645
0.0533362
0.0516541
0.0522083
0.0505194
0.0510922
0.0492988
0.0499198
0.0479278
0.0486134
0.0463478
0.0472102
0.0444966
0.0454511
0.0425609
0.041546
0.0427555
0.0429872
0.0394496
0.0416211
0.031133
0.0359848
0.0168096
0.0247232
-0.00293382
0.00748322
-0.0252318
-0.0140322
-0.0452246
-0.035842
-0.057929
-0.0527213
-0.0602848
-0.0604565
-0.0521279
-0.0573972
-0.0358907
-0.0447795
-0.0154923
-0.0259428
0.00502176
-0.00502683
0.0225213
0.0142856
0.0353203
0.0295517
0.0431479
0.0397962
0.0468155
0.0454099
0.0480033
0.0476211
0.0475613
0.0479688
0.0468657
0.0878483
0.0793839
-0.172409
0.0266402
0.015575
0.0043379
0.0372442
0.0434445
-0.219697
0.0651
0.0706588
0.0985291
0.0946527
0.0938638
0.0954524
0.0682031
-0.167177
-0.157453
0.0218731
0.00652836
0.0532134
-0.0222637
0.0487098
-0.121143
-0.176142
0.018437
-0.00947584
0.0730236
-0.0541558
0.0276936
-0.0436283
-0.225693
-0.0190483
-0.0899208
-0.18818
0.0337804
-0.283714
-0.0197814
-0.126774
-0.15555
0.0790627
-0.320244
-0.00945239
0.0753207
-0.319113
0.0123527
0.0438927
0.0364158
0.0365029
0.0355019
0.0374591
0.0366126
0.0401099
0.0387112
0.0428167
0.0414663
0.045278
0.0440807
0.0474007
0.0463904
0.0490381
0.0482804
0.0501793
0.0496602
0.0509442
0.0505952
0.0514857
0.0512317
0.0519241
0.051711
0.0523224
0.0521256
0.0528271
0.0525724
0.0533713
0.0530921
0.0539958
0.0536728
0.0547335
0.0543499
0.0556268
0.0551599
0.0567322
0.056152
0.0581142
0.0573885
0.0598245
0.0589304
0.0618714
0.0608118
0.0641845
0.0630055
0.0665877
0.0653902
0.0687996
0.067735
0.0704705
0.0697177
0.0712587
0.0709823
0.0709176
0.0712263
0.0693447
0.0702721
0.0666
0.068097
0.0628984
0.0648416
0.0585897
0.0607887
0.0541445
0.0563527
0.0501186
0.0520486
0.0470906
0.0484616
0.0455869
0.0461251
0.0462005
0.045638
0.0494838
0.047441
0.0558151
0.0522775
0.0601173
0.0893781
0.0917073
0.0832981
0.0863881
0.104799
0.101883
0.109239
0.107117
0.110361
0.0920612
0.0977571
0.0822528
0.0869941
0.0740836
0.077928
0.067925
0.0707916
0.0634666
0.0655281
0.060283
0.0617497
0.05803
0.059067
0.0564632
0.057177
0.0554948
0.0559095
0.0551567
0.0552525
0.0554557
0.0552358
0.0563431
0.0558369
0.0577323
0.0569873
0.0595012
0.0585819
0.0615091
0.0604863
0.0636206
0.0625607
0.0657137
0.064676
0.0676783
0.0667168
0.0694104
0.0685766
0.0708044
0.0701516
0.0717461
0.0713328
0.0721199
0.072003
0.0718116
0.0720485
0.070742
0.0713634
0.0689277
0.0699128
0.0665079
0.067775
0.0638098
0.0651793
0.0611135
0.0624444
0.0586736
0.059856
0.0565983
0.0575938
0.0548748
0.0557013
0.0534149
0.0541221
0.0521053
0.0527502
0.0508436
0.0514746
0.049557
0.0502069
0.0482039
0.0488885
0.0467321
0.0475023
0.045033
0.0459171
0.0431283
0.0441381
0.042308
0.0409165
0.0420577
0.0364558
0.0396893
0.0382451
0.0422615
0.0410937
0.0432715
0.0430143
0.0414427
0.0427942
0.0353198
0.038985
0.0238741
0.0302802
0.00725181
0.0161235
-0.0125247
-0.00244931
-0.031618
-0.0224343
-0.0455859
-0.0394806
-0.0510428
-0.049489
-0.0468342
-0.0500984
-0.0342612
-0.0414135
-0.0164651
-0.0257708
0.00272175
-0.00681137
0.0199173
0.0117338
0.0329979
0.0270378
0.041307
0.0377109
0.0453838
0.0438056
0.0466777
0.0462667
0.0463611
0.046695
0.0447343
0.0456865
0.0436061
-0.28899
0.0343068
0.0743329
0.0348295
0.0766707
0.0335965
0.0904057
0.0124712
0.0812155
0.0831629
0.0278063
0.0887487
0.0901684
0.0792933
-0.171746
0.01236
0.0414771
0.0014725
-0.0108191
0.0597183
-0.165207
-0.194107
0.00517654
-0.0099847
0.0653186
-0.0427921
0.108008
0.105219
0.0410417
0.0396738
0.0403974
-0.109079
-0.246507
-0.00206411
-0.0266385
0.0852573
-0.0809091
-0.247012
0.0149073
-0.0220199
-0.321843
-0.0348493
-0.123528
-0.163244
0.0554056
-0.386899
0.0157594
-0.00385209
-0.0304118
-0.20319
0.0895745
-0.409956
-0.0112769
0.0641665
-0.381521
0.0223492
0.032438
0.0337823
0.0310463
0.0321546
0.0363601
0.0352292
0.0389325
0.0376034
0.0416825
0.040324
0.0442129
0.0429906
0.0463768
0.0453492
0.0480676
0.0472816
0.0492788
0.0487243
0.0501118
0.0497302
0.0507077
0.0504285
0.0511897
0.0509554
0.0516469
0.0514164
0.0521696
0.0519013
0.0527555
0.052454
0.0534275
0.0530804
0.0542113
0.0538051
0.0551413
0.0546575
0.0562632
0.0556778
0.0576265
0.0569149
0.0592667
0.0584143
0.0611786
0.0601944
0.0632873
0.0622179
0.0654307
0.0643676
0.0673636
0.0664376
0.0687919
0.0681525
0.0694354
0.0692169
0.0690948
0.0693846
0.0676938
0.0685147
0.0652967
0.0666004
0.062102
0.0637748
0.0584281
0.0602975
0.0546959
0.0565416
0.0514003
0.0529679
0.0490509
0.0500891
0.0481485
0.0484037
0.0491287
0.0484034
0.0526968
0.0505393
0.0588113
0.0553468
0.0674351
0.0628704
0.0785243
0.0726601
0.0913385
0.0848852
0.0980191
0.103715
0.101373
0.102667
0.09781
0.0995604
0.0926756
0.0957191
0.112679
0.11052
0.116524
0.114627
0.119846
0.117829
0.121261
0.105548
0.117205
0.111922
0.093452
0.0988968
0.0840509
0.0886687
0.0761063
0.0798934
0.0698929
0.072805
0.0652475
0.06741
0.0618317
0.0634174
0.0593542
0.0604996
0.0576071
0.0584055
0.0564901
0.0569782
0.0559942
0.0561715
0.0561072
0.0559837
0.0567783
0.0563836
0.0579247
0.0573034
0.0594364
0.0586463
0.0611881
0.0602925
0.0630562
0.0621158
0.0649276
0.0639977
0.0666989
0.0658303
0.0682714
0.0675132
0.0695439
0.0689472
0.0704082
0.070028
0.0707541
0.070645
0.0704719
0.0706912
0.0694938
0.0700612
0.0678472
0.0687389
0.0656381
0.0667904
0.0631368
0.064407
0.0605961
0.0618571
0.0582299
0.0593852
0.056145
0.057154
0.054345
0.055216
0.0527654
0.053536
0.0513144
0.0520314
0.0499069
0.0506109
0.0484808
0.0491997
0.0469986
0.0477485
0.0454157
0.0462263
0.0436702
0.0445622
0.0416728
0.0427048
0.0394123
0.0406598
0.0355323
0.0389986
0.0373504
0.0419555
0.0405774
0.0436303
0.0429833
0.0430314
0.0436959
0.0387618
0.0414232
0.0297346
0.0348778
0.0156984
0.0232942
-0.00203966
0.0071359
-0.0204904
-0.0114121
-0.0357109
-0.0287421
-0.0441001
-0.0409152
-0.0436505
-0.045001
-0.0345814
-0.0400741
-0.0192144
-0.0274673
-0.0011141
-0.010262
0.0160836
0.00779353
0.0297586
0.0234556
0.038819
0.0348513
0.0435609
0.0416762
0.0451686
0.0446487
0.0449609
0.0452424
0.0434555
0.0443476
0.042357
0.0850056
0.0706385
-0.192606
-0.00515662
0.0334922
0.0459944
0.0560907
-0.0151066
-0.0291477
0.102256
0.0381876
0.0529671
-0.182667
-0.252654
-0.0165173
-0.0295157
0.0792509
-0.0675206
-0.324604
0.0296671
0.0910266
-0.112942
-0.338029
-0.0468757
0.0330635
-0.113928
0.111973
0.105707
0.11218
-0.000318833
-0.166082
-0.014818
-0.430434
-0.0289629
-0.00457387
-0.0521876
-0.265689
-0.212021
0.0613827
-0.489771
-0.0402265
0.080708
-0.48954
-0.00932716
0.0369733
0.121076
0.0296171
0.0321979
0.0307608
0.0350712
0.0336868
0.0377942
0.0364477
0.040561
0.0391851
0.0431452
0.0418978
0.0453481
0.0443015
0.0470799
0.0462715
0.0483423
0.0477611
0.0492261
0.0488196
0.0498631
0.0495644
0.0503777
0.0501274
0.0508698
0.050622
0.0514118
0.0511328
0.0520286
0.0517104
0.0527402
0.0523723
0.0535676
0.0531393
0.0545373
0.0540344
0.0556839
0.0550884
0.0570427
0.0563375
0.0586338
0.0578116
0.0604397
0.059515
0.0623831
0.0614025
0.0643151
0.0633612
0.0660217
0.0652077
0.0672556
0.0667063
0.0677871
0.0676121
0.0674574
0.0677257
0.0662137
0.0669383
0.0641242
0.0652571
0.0613737
0.0628098
0.0582524
0.0598353
0.0551374
0.0566698
0.0524676
0.0537251
0.0506997
0.0514539
0.0502873
0.0503142
0.0516195
0.0507271
0.0552471
0.0531495
0.0611558
0.0579818
0.06942
0.0650407
0.0801879
0.0744795
0.0926645
0.0863543
0.0990478
0.110704
0.111513
0.108725
0.109809
0.106464
0.107605
0.102364
0.105149
0.104591
0.10191
0.11774
0.114645
0.116236
0.120834
0.119329
0.12363
0.12224
0.126311
0.125027
0.117941
0.126409
0.126788
0.106505
0.112539
0.0946781
0.100298
0.0854941
0.089958
0.0777649
0.0814812
0.0715252
0.074466
0.0667559
0.068988
0.0631721
0.064845
0.0605173
0.0617507
0.0586106
0.0594862
0.0573493
0.0579094
0.0566972
0.0569551
0.056628
0.0565987
0.0570891
0.0568023
0.0580024
0.0574997
0.0592689
0.0586018
0.0607768
0.0600019
0.062415
0.0615871
0.0640799
0.0632499
0.0656753
0.0648906
0.0671074
0.0664148
0.0682791
0.0677279
0.0690856
0.0687289
0.0694218
0.0693114
0.0691801
0.0693822
0.0682982
0.0688105
0.066787
0.0676105
0.0647752
0.0658314
0.0624443
0.0636319
0.0600261
0.0612329
0.0577085
0.0588481
0.0555966
0.0566269
0.0537093
0.0546294
0.0520049
0.0528406
0.050414
0.0512013
0.048868
0.04964
0.0473146
0.0480952
0.0457197
0.0465239
0.0440422
0.0448947
0.0422265
0.0431566
0.0402189
0.0412436
0.0379098
0.0391739
0.036806
0.0352503
0.0365864
0.0344007
0.0381575
0.0363333
0.0414845
0.0399095
0.0437811
0.042787
0.0442026
0.0442989
0.0414762
0.0433017
0.0344522
0.0385513
0.0225333
0.029089
0.00641734
0.0148864
-0.0116278
-0.00256254
-0.0281533
-0.0203126
-0.0394479
-0.0346484
-0.0427316
-0.0421791
-0.0371353
-0.040989
-0.0240846
-0.0313569
-0.00681776
-0.0157258
0.0107458
0.00215747
0.0254006
0.0185655
0.0355447
0.031049
0.0412048
0.0388909
0.0433551
0.0426195
0.0433496
0.0435512
0.0420109
0.0428193
0.0396626
0.0409288
0.0382903
0.065898
-0.234216
-0.0264418
0.0324171
0.0641514
0.0723835
-0.0355344
-0.0514673
-0.42933
0.0444933
-0.215474
-0.330579
-0.0427616
-0.0524964
0.0533131
-0.0983769
0.118588
0.118323
0.105536
0.110895
0.119359
0.126137
0.0160018
-0.164308
-0.127216
-0.442291
-0.0406351
-0.0577577
-0.0706169
-0.347905
0.0336914
0.0322983
0.0307958
0.0989457
0.0277012
0.11321
-0.0187957
0.0946188
0.0924594
0.105302
-0.215074
-0.0175429
-0.53659
-0.0712613
-0.275629
0.05057
-0.576432
-0.0485114
0.0509257
-0.545245
-0.00361318
0.0306883
0.0293547
0.0336983
0.0322596
0.036611
0.0351875
0.0394651
0.0380644
0.0420957
0.0408247
0.0443341
0.0432687
0.0460985
0.0452722
0.0473966
0.0467965
0.0483144
0.047891
0.0489776
0.0486665
0.0495106
0.0492513
0.0500193
0.0497604
0.0505716
0.050287
0.0512074
0.0508778
0.0519492
0.0515645
0.0528156
0.0523666
0.0538273
0.0533031
0.0550078
0.0543964
0.0563782
0.05567
0.0579433
0.0571386
0.0596737
0.0587922
0.0614894
0.0605776
0.0632528
0.062386
0.064777
0.064053
0.065854
0.0653771
0.066297
0.0661556
0.0659821
0.066229
0.0648778
0.0655173
0.0630567
0.0640405
0.0606922
0.0619226
0.058049
0.059384
0.0554657
0.0567287
0.0533317
0.0543238
0.0520557
0.0525715
0.0520415
0.0518828
0.0536626
0.0526397
0.0573058
0.0552442
0.0631011
0.0599475
0.0711154
0.0667779
0.081379
0.0759092
0.0933906
0.0872813
0.0997631
0.117445
0.11819
0.116108
0.116786
0.115029
0.11548
0.114284
0.11432
0.116056
0.115328
0.127663
0.127155
0.127274
0.12888
0.128266
0.130576
0.129678
0.132292
0.131505
0.132791
0.132637
0.107354
0.113245
0.0959004
0.10142
0.0866317
0.091086
0.079055
0.0827037
0.0728411
0.0757828
0.0680068
0.0702793
0.0643109
0.0660438
0.0615231
0.0628242
0.0594813
0.0604242
0.0580845
0.0587132
0.0572804
0.0576168
0.0570325
0.0570956
0.057288
0.0571066
0.0579745
0.0575867
0.0590037
0.0584552
0.0602776
0.0596181
0.0616979
0.060976
0.0631713
0.062433
0.0646089
0.0638984
0.0659218
0.0652837
0.0670153
0.0664979
0.0677864
0.0674421
0.0681247
0.0680096
0.0679395
0.068082
0.0671664
0.0676209
0.0658006
0.0665457
0.063942
0.0649185
0.0617513
0.0628722
0.0594237
0.0605917
0.0571282
0.0582644
0.0549704
0.05603
0.0529851
0.0539582
0.0511533
0.0520541
0.0494277
0.0502815
0.0477546
0.0485879
0.0460883
0.046923
0.0443993
0.0452469
0.0426464
0.0435341
0.0407734
0.0417279
0.0387231
0.0397755
0.0363499
0.0375926
0.0349911
0.0328884
0.037016
0.0350049
0.040709
0.0389273
0.0435881
0.0422718
0.0449189
0.0445132
0.0435133
0.0446303
0.038139
0.0413844
0.0279191
0.0336451
0.0130546
0.0209903
-0.00482526
0.00432988
-0.0227791
-0.0140145
-0.0370582
-0.0306062
-0.0441504
-0.0416583
-0.0420537
-0.0442658
-0.0312113
-0.0375785
-0.0144877
-0.023323
0.00385998
-0.00524521
0.0199367
0.0123541
0.0315339
0.0263388
0.0383525
0.035504
0.0412257
0.0401866
0.0415608
0.0416255
0.0403883
0.0411267
0.0381292
0.0393649
0.035228
0.0367406
0.0337313
0.0603014
-0.292383
-0.050689
-0.0846896
0.0306027
0.0127792
-0.0146166
0.0950219
0.0905987
0.127405
0.0276755
0.0385802
0.0252242
0.111373
-0.0803055
-0.0615092
-0.141385
0.0254101
0.106064
0.116833
0.127814
0.133283
0.032083
0.0340548
0.0748381
-0.154797
-0.257081
-0.420073
-0.0703381
-0.0808561
0.109543
0.085054
-0.458293
0.0304269
0.029079
0.000725068
0.110956
0.0913318
-0.210905
-0.146844
-0.543294
-0.0967031
-0.0988025
-0.0418233
-0.275986
-0.0338682
-0.62148
-0.0918922
-0.1165
-0.0953966
-0.359634
0.0262999
0.0248133
0.129538
0.132217
0.0213044
-0.632237
-0.0535697
0.0186361
-0.0522702
-0.00110631
0.0291862
0.0275526
0.0323178
0.0308084
0.0354349
0.0338806
0.0383861
0.0369391
0.0410722
0.0397699
0.0433477
0.0422617
0.0451406
0.0442985
0.0464645
0.0458507
0.0474032
0.0469696
0.0480791
0.0477622
0.0486194
0.0483562
0.0491252
0.0488686
0.0496748
0.0493902
0.0503159
0.0499816
0.0510756
0.0506793
0.0519734
0.051506
0.0530257
0.0524791
0.0542469
0.0536143
0.055644
0.0549232
0.0572062
0.0564055
0.0588916
0.0580363
0.0606158
0.0597533
0.0622496
0.0614493
0.0636287
0.0629757
0.0645787
0.0641597
0.0649495
0.0648347
0.0646485
0.0648761
0.0636635
0.0642297
0.0620726
0.0629281
0.06004
0.0610933
0.0578077
0.0589297
0.0556799
0.0567123
0.054003
0.0547692
0.0531408
0.0534578
0.0534517
0.0531426
0.0552847
0.0541734
0.0589421
0.0568942
0.0645819
0.0615338
0.07231
0.068191
0.0821893
0.0770002
0.0937504
0.0879375
0.0998609
0.124974
0.124344
0.124939
0.12407
0.124594
0.123346
0.123615
0.123347
0.123251
0.124699
0.123703
0.128295
0.126279
0.130262
0.139152
0.143513
0.14095
0.137257
0.137932
0.136775
0.136889
0.137314
0.136932
0.13834
0.137799
0.139276
0.1388
0.133414
0.140331
0.139867
0.119822
0.126564
0.107496
0.113436
0.0965575
0.101884
0.0873887
0.0918045
0.0799562
0.0835272
0.0738455
0.0767491
0.0690093
0.0712917
0.0652554
0.067022
0.0623775
0.0637266
0.0602268
0.0612258
0.058706
0.0593986
0.0577553
0.0581679
0.0573315
0.0574854
0.0573836
0.057306
0.0578465
0.0575713
0.0586437
0.0582103
0.0596917
0.0591424
0.0609058
0.0602829
0.0622036
0.0615479
0.0635035
0.0628559
0.0647202
0.0641241
0.0657605
0.0652636
0.0665204
0.0661759
0.0668894
0.0667528
0.0667741
0.0668857
0.0661059
0.0665027
0.0648718
0.0655476
0.0631466
0.0640557
0.0610653
0.0621344
0.0587972
0.0599407
0.0564982
0.0576418
0.0542781
0.0553732
0.0521891
0.053216
0.0502342
0.0511961
0.0483855
0.0492986
0.046602
0.0474874
0.0448425
0.0457203
0.0430784
0.0439625
0.0412647
0.0421797
0.0393438
0.0403174
0.0372385
0.0383145
0.0348402
0.0360669
0.0334243
0.0310961
0.028625
0.0356469
0.033426
0.03968
0.0377194
0.0430689
0.0414758
0.0451556
0.0443353
0.0448217
0.045366
0.0407755
0.0433337
0.0319212
0.0369817
0.0180206
0.0255595
9.26341e-05
0.0094356
-0.0194393
-0.0096814
-0.0368376
-0.0286652
-0.0478786
-0.0433791
-0.04938
-0.0499143
-0.0406995
-0.0462098
-0.024271
-0.0331849
-0.00473292
-0.0145729
0.0132246
0.00466561
0.0266753
0.0205897
0.0349215
0.0314211
0.038686
0.037265
0.0394976
0.0393615
0.0385372
0.0391938
0.0363652
0.0375696
0.0334433
0.0349595
0.0319128
0.0540394
-0.13731
-0.359991
-0.0799118
0.146912
0.128898
0.0691115
0.0778676
-0.571669
0.030406
0.0279138
0.0226906
0.0700245
-0.201764
-0.297779
-0.50684
-0.106828
-0.115943
0.133454
0.140634
-0.0192415
0.117421
0.0890338
-0.266183
-0.168786
-0.623215
-0.148039
-0.132199
-0.163325
-0.139008
-0.0719964
-0.464599
0.0239227
0.0231969
0.14452
0.0217322
0.135235
0.155342
0.020932
0.161165
0.160488
0.125097
-0.356646
-0.0630856
-0.671704
-0.111948
0.157826
0.163255
0.13182
0.123698
0.131783
0.0569145
-0.00856427
-0.108121
-0.0271302
-0.649621
-0.0690754
0.183142
0.186676
0.107129
0.0206695
0.0237005
0.0217821
0.0275741
0.0256725
0.0309591
0.0292919
0.0342383
0.0325792
0.0373164
0.0358008
0.0400747
0.0387323
0.0423946
0.0412828
0.0442192
0.0433579
0.0455667
0.0449388
0.04652
0.0460776
0.0472
0.04688
0.0477334
0.0474743
0.0482266
0.0479764
0.0487608
0.0484804
0.0493915
0.0490574
0.0501535
0.0497498
0.0510697
0.050586
0.0521552
0.0515849
0.0534173
0.052758
0.0548509
0.0541073
0.0564297
0.0556179
0.0580981
0.0572499
0.059765
0.0589301
0.0613057
0.0605498
0.0625736
0.0619715
0.0634224
0.0630458
0.0637334
0.0636369
0.0634421
0.0636508
0.0625553
0.0630573
0.0611571
0.0619017
0.0594049
0.0603057
0.057521
0.0584603
0.0557792
0.0566152
0.0544876
0.0550635
0.0539691
0.0541225
0.0545418
0.0541143
0.0565205
0.0553548
0.0601644
0.0581421
0.0656415
0.0626866
0.0730982
0.0691315
0.0826831
0.0776418
0.0941581
0.0883548
0.106997
0.10022
0.115174
0.13132
0.131711
0.130497
0.130857
0.130272
0.130257
0.131289
0.130612
0.134277
0.132452
0.139418
0.136613
0.14667
0.1425
0.163246
0.15325
0.172875
0.150329
0.153499
0.146306
0.147944
0.144298
0.145016
0.143794
0.14389
0.144318
0.143963
0.145612
0.144797
0.147153
0.146456
0.119587
0.126437
0.10733
0.113212
0.0968085
0.101905
0.0878117
0.0921418
0.080547
0.0840299
0.0745865
0.0774295
0.0697957
0.0720653
0.0660269
0.0678075
0.0630944
0.0644761
0.0608581
0.0619042
0.059225
0.0599775
0.0581321
0.0586195
0.0575337
0.0577778
0.0573826
0.0574078
0.057623
0.057458
0.0581924
0.0578692
0.0590228
0.058576
0.060044
0.059509
0.0611846
0.0605976
0.0623697
0.0617691
0.0635161
0.0629448
0.0645293
0.0640362
0.0653023
0.0649422
0.0657218
0.0655513
0.0656866
0.0657531
0.0651219
0.0654601
0.0640052
0.0646175
0.0623888
0.0632411
0.0603863
0.061416
0.0581487
0.0592783
0.0558256
0.0569824
0.0535348
0.0546648
0.0513459
0.05242
0.0492818
0.0502935
0.0473302
0.0482889
0.0454584
0.0463822
0.0436267
0.0445348
0.0418062
0.0427157
0.0399415
0.0408788
0.037974
0.0389691
0.0358191
0.0369167
0.0333994
0.0346179
0.0319442
0.0176622
0.0221907
0.0198222
0.025525
0.0239765
0.0294461
0.0273212
0.0339551
0.0317252
0.0382542
0.0361364
0.0420933
0.0402557
0.044838
0.0436573
0.0454048
0.045471
0.0424454
0.044444
0.0346911
0.0392187
0.0215219
0.0287747
0.00338518
0.0129873
-0.0178084
-0.00702251
-0.0383788
-0.0284618
-0.0534367
-0.0468933
-0.0586039
-0.0574347
-0.0520546
-0.0567439
-0.0357151
-0.0448345
-0.0146323
-0.0253978
0.00559895
-0.00412895
0.0212214
0.0140988
0.0310909
0.0268572
0.0358506
0.034004
0.0372036
0.0368367
0.0364798
0.0370509
0.0343587
0.0355504
0.0314505
0.0329656
0.0283709
0.0299104
0.0259114
0.0270518
0.0465208
-0.184942
-0.425151
-0.118084
0.150408
0.129689
0.147862
0.00713562
0.0624474
-0.256225
-0.330625
-0.574909
-0.158832
-0.160273
-0.11128
-0.568696
0.177227
0.204114
0.212195
-0.0457153
0.0890206
-0.343836
-0.193132
-0.668853
-0.169564
0.170429
0.177376
0.169853
0.138997
0.139721
0.122972
0.131808
0.0238319
0.0247873
0.0227154
0.139936
0.0402099
-0.0491666
-0.450711
-0.107758
-0.681225
-0.142659
0.0161058
0.0143076
-0.0941994
-0.22226
0.104147
-0.198209
0.101481
0.0189249
0.0222432
0.0206188
0.0259766
0.0241214
0.0296193
0.0278376
0.0330668
0.0313372
0.0362698
0.0346672
0.0391119
0.0377048
0.0414894
0.0403246
0.0433561
0.0424487
0.0447332
0.0440656
0.0457035
0.0452282
0.0463861
0.04604
0.0469118
0.0466283
0.0473817
0.0471174
0.0478868
0.0475948
0.048491
0.0481429
0.0492366
0.0488129
0.0501522
0.0496404
0.0512551
0.0506482
0.0525489
0.0518475
0.0540193
0.0532335
0.0556264
0.0547796
0.0573005
0.0564308
0.0589413
0.0581014
0.0604241
0.0596775
0.061614
0.0610273
0.0623862
0.0620192
0.0626486
0.0625426
0.0623614
0.0625307
0.0615497
0.0619758
0.0603052
0.060937
0.0587814
0.0595376
0.0571845
0.0579584
0.0557621
0.0564273
0.0547885
0.0552058
0.0545485
0.0545743
0.0553243
0.0548159
0.0573921
0.0562102
0.060982
0.0590153
0.0662617
0.0634269
0.0733959
0.0696011
0.0825905
0.0777298
0.0937303
0.0879848
0.107112
0.100074
0.114782
0.137535
0.138262
0.136568
0.136914
0.136833
0.136534
0.13876
0.137566
0.142965
0.140559
0.14997
0.146111
0.160684
0.154663
0.178937
0.16888
0.190278
0.160533
0.164847
0.154582
0.157173
0.151273
0.152639
0.14995
0.150412
0.150095
0.149873
0.151512
0.150655
0.153704
0.152559
0.148497
0.156307
0.15499
0.133077
0.14072
0.118964
0.125791
0.106838
0.112609
0.0966049
0.101507
0.0879047
0.0920751
0.0808269
0.0842068
0.0750529
0.0778072
0.0703637
0.0725955
0.066625
0.0684035
0.0636725
0.0650775
0.0613742
0.0624642
0.0596412
0.0604552
0.0584118
0.0589769
0.0576409
0.057977
0.0572881
0.0574146
0.05731
0.0572482
0.0576597
0.0574333
0.0582861
0.0579211
0.0591337
0.0586592
0.0601416
0.05959
0.0612393
0.0606484
0.0623434
0.0617579
0.0633552
0.0628275
0.0641621
0.0637509
0.0646443
0.0644103
0.0646918
0.0646884
0.0642216
0.0644867
0.0632007
0.0637436
0.0616646
0.0624595
0.0597117
0.0607026
0.057482
0.0585951
0.0551252
0.0562856
0.0527685
0.0539159
0.050497
0.0515937
0.0483487
0.0493807
0.0463228
0.0472943
0.0443897
0.0453188
0.0425097
0.0434137
0.040645
0.0415448
0.0387379
0.0396672
0.0367223
0.0377145
0.0345111
0.0356111
0.0319913
0.0332519
0.028851
0.0305308
0.0268626
0.0206653
0.0183538
0.024343
0.0225291
0.0279456
0.0261025
0.0321887
0.0300098
0.0366058
0.0343966
0.0407548
0.0387465
0.0439615
0.0425275
0.0451833
0.0448969
0.0430766
0.0446281
0.0362527
0.0403222
0.0237258
0.0307273
0.00537925
0.0152303
-0.0173932
-0.00562798
-0.0410208
-0.0294136
-0.0600604
-0.0514823
-0.0689468
-0.0660412
-0.064601
-0.0684471
-0.0483351
-0.0576878
-0.0255637
-0.0373487
-0.00284058
-0.0138534
0.0151553
0.00689614
0.0267853
0.021755
0.0326314
0.0303143
0.034569
0.033955
0.034104
0.0345763
0.0320746
0.0332276
0.0292508
0.0307164
0.0262625
0.0277416
0.02496
0.0347974
-0.242098
-0.475551
-0.168997
-0.274081
-0.238372
-0.165948
-0.630728
-0.21176
0.225598
0.194215
-0.0149616
0.0528014
-0.324532
-0.294904
-0.349872
-0.612545
-0.229386
-0.214305
-0.0801178
0.181438
0.189501
0.186155
0.140557
0.122745
0.131965
0.25465
0.255751
0.280396
0.148968
0.157615
0.0216015
0.0205347
0.0236652
0.0216248
0.0921006
0.0982332
0.0955411
0.0180723
-0.424217
-0.344776
-0.223405
-0.675763
-0.215654
0.0142751
0.0127668
0.0144465
0.0127705
-0.17951
-0.166269
-0.653795
-0.542077
-0.105876
0.150454
0.131454
0.157074
0.0173201
0.015815
0.0209404
0.0192258
0.0246393
0.0228263
0.0283831
0.0265443
0.0319553
0.0301884
0.0352515
0.033639
0.0381703
0.0367665
0.0406089
0.0394517
0.0425251
0.0416297
0.0439404
0.0432879
0.0449339
0.0444795
0.0456216
0.0453037
0.0461401
0.045894
0.0465875
0.0463634
0.0470582
0.0468124
0.0476248
0.0473242
0.0483385
0.0479597
0.0492354
0.0487621
0.0503375
0.0497605
0.0516486
0.0509685
0.0531483
0.0523787
0.054786
0.0539558
0.0564784
0.055633
0.058114
0.0573119
0.0595643
0.0588707
0.0607005
0.0601783
0.0614136
0.0611136
0.0616335
0.0615848
0.0613433
0.0615474
0.0605867
0.0610146
0.0594651
0.0600596
0.0581308
0.0588103
0.0567775
0.0574409
0.0556295
0.0561617
0.0549296
0.0552076
0.0549267
0.0548261
0.0558672
0.0552651
0.0579878
0.056768
0.0614904
0.0595571
0.0665391
0.0638133
0.0733068
0.0696963
0.0820195
0.0774061
0.0928378
0.0871628
0.106352
0.0991961
0.114188
0.143384
0.145729
0.144433
0.142267
0.142645
0.142898
0.14237
0.145595
0.143969
0.150959
0.147922
0.159472
0.154814
0.172767
0.165365
0.192024
0.18171
0.218458
0.204046
0.23572
0.169639
0.174885
0.162092
0.165442
0.157672
0.159561
0.15564
0.15641
0.15553
0.155381
0.157063
0.156118
0.159963
0.158366
0.163886
0.161868
0.132377
0.14048
0.117942
0.124804
0.105905
0.111632
0.0959115
0.100685
0.0875814
0.0915721
0.0807796
0.0840078
0.0752412
0.0778689
0.070716
0.0728634
0.0670544
0.0687888
0.0641147
0.0655067
0.0617748
0.0628799
0.0599516
0.0608067
0.058588
0.0592184
0.0576444
0.0580676
0.0570908
0.0573207
0.0568993
0.0569493
0.0570404
0.0569254
0.0574807
0.0572181
0.0581788
0.0577906
0.059082
0.0585966
0.0601213
0.0595758
0.0612097
0.0606504
0.0622415
0.0617239
0.0630951
0.0626822
0.0636426
0.0633987
0.063765
0.0637478
0.0633713
0.0636222
0.0624202
0.0629527
0.0609367
0.0617299
0.0590107
0.0600123
0.0567787
0.0579159
0.054393
0.0555893
0.0519893
0.0531801
0.0496631
0.0508061
0.0474616
0.0485387
0.0453909
0.046403
0.0434223
0.0443887
0.0415006
0.0424526
0.0396051
0.0405448
0.0376592
0.0386308
0.0355897
0.0366347
0.0332962
0.0344713
0.0306468
0.0320235
0.0274553
0.0291526
0.0256848
0.0185
0.016364
0.0223058
0.0204158
0.0259982
0.0242129
0.0300416
0.0279514
0.0344606
0.0322164
0.0388001
0.0366727
0.042365
0.0407251
0.0441534
0.0435533
0.0428236
0.0439641
0.0368702
0.0405084
0.0249807
0.0317226
0.00655736
0.0165726
-0.0174956
-0.0049157
-0.0437916
-0.0306829
-0.0664897
-0.0560202
-0.0789605
-0.0743638
-0.0768389
-0.0798223
-0.0607557
-0.0702891
-0.0364006
-0.0491578
-0.0112768
-0.0235342
0.00902481
-0.000339085
0.022366
0.0165637
0.0292777
0.0265012
0.0317459
0.0309199
0.031481
0.0318766
0.0295543
0.0306549
0.0268687
0.0282557
0.0240657
0.0254412
0.0227445
0.0185761
-0.310477
-0.504504
-0.234447
-0.192489
-0.126888
0.199449
0.14725
0.141457
0.288887
0.311547
0.165996
0.0192665
-0.0431598
0.0448069
0.0943899
-0.392001
-0.355675
-0.365486
-0.615223
-0.300425
-0.319283
-0.277957
0.0129292
0.0114907
0.0113228
0.0127651
0.0112899
-0.272204
-0.260504
-0.647793
-0.497125
-0.0100163
0.0973238
0.179156
0.134269
0.197215
0.165274
0.211498
0.190618
0.138039
0.14489
0.211015
0.175342
0.189351
0.22625
0.205061
0.223597
0.210368
0.246346
0.228383
0.244328
0.14901
0.249688
0.150845
0.265799
0.274551
0.29092
0.219051
0.320829
0.306038
0.279119
-0.585011
0.156879
0.159699
0.165155
0.252409
0.348007
0.332365
-0.245817
0.515339
0.563333
0.515505
0.563093
0.0160613
0.0144441
0.019769
0.0179672
0.0235772
0.0217092
0.0273674
0.0255034
0.031002
0.0292228
0.0343673
0.0327302
0.0373409
0.0359088
0.0398285
0.0386484
0.04179
0.0408743
0.0432482
0.0425774
0.0442739
0.0438075
0.0449854
0.0446559
0.0455019
0.0452589
0.0459335
0.0457207
0.0463751
0.0461468
0.046904
0.0466236
0.0475791
0.0472195
0.0484435
0.0479849
0.0495253
0.0489558
0.050831
0.0501505
0.0523386
0.0515621
0.0539909
0.0531514
0.0556957
0.0548435
0.0573319
0.0565301
0.0587655
0.0580817
0.0598688
0.0593645
0.0605421
0.0602626
0.0607305
0.0606968
0.0604351
0.0606394
0.0597157
0.0601209
0.0586841
0.0592285
0.0574941
0.0580962
0.056331
0.0568949
0.0554007
0.0558217
0.0549192
0.0550886
0.055103
0.054913
0.0561638
0.0555093
0.0583018
0.0570855
0.0616919
0.0598296
0.0664917
0.0639052
0.0728863
0.0694755
0.0811197
0.0767572
0.0915381
0.0860191
0.104923
0.0977941
0.122002
0.113018
0.142234
0.131816
0.152011
0.154271
0.148775
0.150181
0.147488
0.1479
0.148397
0.147694
0.151733
0.149753
0.158018
0.154504
0.167952
0.162502
0.182656
0.174673
0.203289
0.192229
0.231553
0.216231
0.270469
0.249697
0.32329
0.294637
0.389908
0.393167
0.356152
0.328436
0.400966
0.396733
0.360954
0.276541
0.300862
0.237966
0.255757
0.210141
0.222818
0.190798
0.199578
0.177516
0.183541
0.168738
0.172674
0.1634
0.165712
0.160812
0.161819
0.160515
0.16042
0.162249
0.161157
0.16586
0.163823
0.17098
0.168245
0.14899
0.168263
0.158662
0.131158
0.139723
0.116378
0.123393
0.104373
0.110068
0.0946873
0.0992963
0.0868068
0.0905538
0.0803966
0.083442
0.0751546
0.0776481
0.0708407
0.0728937
0.0672978
0.0689806
0.0643998
0.0657752
0.0620369
0.0631564
0.0601342
0.0610313
0.0586431
0.0593396
0.0575348
0.0580431
0.0567936
0.0571203
0.0564093
0.0565592
0.0563705
0.0563497
0.0566591
0.0564777
0.0572453
0.0569198
0.0580804
0.0576378
0.0590934
0.0585721
0.0601904
0.05964
0.061256
0.0607366
0.0621588
0.0617376
0.0627615
0.0625071
0.0629387
0.0629118
0.0625942
0.062838
0.0616831
0.0622124
0.0602273
0.0610223
0.0583147
0.0593238
0.056082
0.0572323
0.0536843
0.054898
0.0512611
0.052472
0.0489121
0.0500763
0.046687
0.0477857
0.0445952
0.0456281
0.0426149
0.0435942
0.0406578
0.0416176
0.038734
0.0397029
0.036747
0.0377558
0.0346166
0.0357099
0.0322348
0.0334713
0.0294662
0.0309151
0.0261737
0.0279072
0.0223432
0.0244071
0.0179553
0.0203994
0.0162281
0.0143642
0.0199117
0.0180239
0.023696
0.0218292
0.0276793
0.025622
0.0320422
0.0298146
0.0364264
0.0342602
0.0401634
0.0384125
0.0423243
0.0415044
0.0416241
0.0424148
0.0365041
0.0397118
0.0253912
0.0317779
0.00725649
0.0172236
-0.017466
-0.00440025
-0.0456951
-0.0314541
-0.0714027
-0.0593314
-0.0871313
-0.0809623
-0.0873218
-0.0893478
-0.0718066
-0.0813074
-0.0463636
-0.0598405
-0.0193008
-0.0325809
0.0029378
-0.00736197
0.0177678
0.0112836
0.0256349
0.022444
0.028544
0.0275502
0.0284579
0.0287743
0.0266874
0.0277014
0.0242066
0.0254777
0.0216308
0.0228946
0.0192583
0.0203863
0.0171185
0.0182493
-0.000584755
0.496492
0.433916
0.467979
0.156059
0.432082
0.499589
0.469303
-0.366376
-0.506569
-0.313682
0.0100883
0.0160531
0.00995484
-0.193415
0.173994
0.152865
-0.400356
-0.419473
-0.351214
-0.374414
-0.591671
-0.448864
0.440826
0.538521
0.238472
0.0923348
0.535366
0.44847
-0.0812842
0.0363661
-0.52628
-0.473139
-0.401417
-0.412714
-0.526183
0.162979
0.177334
0.0997249
0.192547
0.386565
0.297882
0.325107
0.398549
-0.048725
-0.310638
-0.331585
0.00882443
-0.598275
0.0148516
-0.505026
0.013465
0.625178
0.625815
-0.403256
-0.494944
-0.410845
0.491604
0.172867
0.494934
-0.0244554
-0.518261
-0.595024
0.0157809
0.0167813
0.0178519
0.0189563
0.0201012
0.0212738
0.0224352
0.0235328
0.0244775
0.0251591
0.0254363
0.0251417
0.0240835
0.0219895
0.0185535
0.0134878
0.00655242
-0.00236712
-0.0132517
-0.0258463
-0.0396664
-0.0539317
-0.0676013
-0.0795366
-0.0886109
-0.0939052
-0.0948696
-0.091447
-0.0839761
-0.0731836
-0.0600416
-0.045592
-0.030824
-0.0165898
-0.00353572
0.00790717
0.0175193
0.0252402
0.0311328
0.0353484
0.0380793
0.039542
0.0399581
0.0395497
0.0385085
0.0370076
0.0351839
0.0331655
0.0310376
0.0288673
0.0267295
0.0246701
0.0226972
0.0208195
0.019029
0.0172311
0.0155037
0.0138844
0.0123061
0.0109826
0.00971303
0.00855189
0.00758454
-0.369133
-0.316285
-0.0732231
0.385447
0.353064
0.23479
0.110481
0.0124072
0.0145767
0.0167487
0.0189695
0.0210469
0.023117
0.0249994
0.0268109
0.0284437
0.0299558
0.0313379
0.0326198
0.0338168
0.0349416
0.0360172
0.0370457
0.0380516
0.0390309
0.040007
0.0409687
0.0419367
0.0429649
0.0439733
0.0450029
0.0460716
0.0471659
0.0483001
0.0494546
0.0506445
0.0518429
0.0530589
0.054258
0.0554451
0.0565797
0.057665
0.0586581
0.0595644
0.0603432
0.0610063
0.0615188
0.0619011
0.0621267
0.0622249
0.0621772
0.0620205
0.0617424
0.0613841
0.0609368
0.0604443
0.0598989
0.0593446
0.0587726
0.0582256
0.0576921
0.0572126
0.0567722
0.0564085
0.0561032
0.0558904
0.0557478
0.0557063
0.055741
0.0558804
0.0560982
0.0564202
0.0568201
0.0573214
0.0578994
0.0585764
0.0593304
0.0601837
0.0611182
0.0621573
0.0632868
0.0645321
0.0658836
0.0673708
0.0689876
0.0707668
0.0727023
0.0748324
0.0771545
0.079721
0.0825336
0.0856616
0.0891109
0.0929798
0.0972889
0.102182
0.107686
0.113976
0.121059
0.129112
0.138139
0.148178
0.159111
0.170202
0.180846
0.190633
0.18589
0.181498
0.177569
0.174151
0.171239
0.168777
0.16693
0.165656
0.164967
0.164881
0.165407
0.166591
0.16847
0.171108
0.174568
0.178954
0.184361
0.19093
0.198771
0.208078
0.219088
0.232045
0.247054
0.264309
0.283919
0.306757
0.332387
0.360395
0.390344
0.420317
0.447324
0.468005
0.480209
0.479809
0.468277
0.446327
0.417493
0.386545
0.356225
0.32807
0.302696
0.280296
0.259965
0.241516
0.225863
0.21248
0.200984
0.190945
0.182311
0.17506
0.169072
0.164138
0.160174
0.157053
0.154771
0.153224
0.152386
0.152177
0.152628
0.153693
0.155374
0.15767
0.160566
0.163822
0.167713
0.172199
0.17737
0.167097
0.155213
0.142912
0.131223
0.120576
0.111191
0.103013
0.0959338
0.0897968
0.0844525
0.0797881
0.0756829
0.0720725
0.0688868
0.0661075
0.0636796
0.0615983
0.059823
0.0583572
0.0571612
0.0562408
0.0555522
0.0551025
0.0548432
0.0547799
0.0548624
0.055095
0.0554259
0.0558593
0.056342
0.0568791
0.0574166
0.0579622
0.0584625
0.0589286
0.0593095
0.0596218
0.0598179
0.0599216
0.0598898
0.059755
0.0594817
0.0591089
0.0586101
0.0580293
0.0573475
0.0566118
0.0558082
0.0549843
0.0541282
0.0532852
0.0524425
0.0516408
0.0508644
0.050148
0.0494723
0.0488661
0.0483062
0.0478165
0.0473705
0.0469887
0.0466422
0.0463491
0.0460792
0.045849
0.0456272
0.0454253
0.0452121
0.044996
0.0447456
0.0444618
0.0441198
0.0437254
0.0432374
0.0426603
0.0419665
0.0411615
0.0402229
0.0391593
0.0379601
0.0366417
0.0352014
0.0336506
0.0320035
0.030266
0.0284686
0.0266018
0.0247125
0.0227665
0.0208444
0.0188749
0.0170306
0.0151517
0.0133951
0.0117839
0.010327
0.0089803
0.00785841
0.006835
0.0125257
-0.532101
-0.406095
-0.481673
-0.55058
-0.387839
-0.418919
-0.410225
-0.464817
0.587082
0.450737
0.088008
0.282793
0.45933
0.583755
0.0205691
-0.13737
-0.0624594
0.521496
0.202069
0.520344
-0.416805
-0.472438
-0.458996
-0.512804
-0.47479
-0.533736
0.0132656
0.014203
0.0151102
0.0160389
0.0170121
0.018017
0.0190218
0.0199759
0.0208002
0.0213848
0.0215995
0.0212774
0.0202086
0.0180977
0.0146132
0.00946527
0.00244211
-0.00655206
-0.0174686
-0.0300313
-0.0437068
-0.057684
-0.0708907
-0.082197
-0.0904758
-0.0948533
-0.0948518
-0.0905213
-0.0822915
-0.0709707
-0.0575694
-0.0431404
-0.0286587
-0.014921
-0.00251143
0.00821155
0.0170893
0.0241119
0.0293661
0.0330302
0.0353057
0.0364112
0.0365628
0.0359727
0.0348265
0.0332825
0.0314745
0.0295046
0.0274628
0.0253999
0.0233808
0.0214383
0.0195835
0.0178254
0.0161882
0.0145879
0.0130845
0.0117005
0.0103544
0.00921827
0.00816038
0.00720164
0.00642351
0.00591541
0.00909807
0.154573
0.301845
0.199982
0.194037
0.188549
0.183674
0.179445
0.175947
0.173094
0.17098
0.169545
0.168784
0.168721
0.169351
0.170696
0.172809
0.175734
0.179552
0.184327
0.190169
0.197176
0.205471
0.215193
0.226523
0.239577
0.254386
0.271123
0.290114
0.311186
0.334391
0.358786
0.384049
0.40902
0.43095
0.446565
0.454208
0.453676
0.444869
0.428538
0.40652
0.381391
0.355242
0.330095
0.306878
0.285641
0.266293
0.248788
0.233231
0.219612
0.207737
0.19741
0.188477
0.180855
0.174455
0.169157
0.164882
0.161509
0.159004
0.1573
0.156396
0.156188
0.156711
0.157947
0.159901
0.162577
0.165966
0.169852
0.17466
0.180066
0.186234
0.193239
0.185524
0.172648
0.158147
0.143748
0.130513
0.118867
0.108965
0.100587
0.0935121
0.0874889
0.0823773
0.078002
0.0742184
0.0709203
0.0679907
0.0654577
0.0631953
0.0612754
0.0595881
0.0582129
0.0570393
0.0561517
0.0554353
0.0549771
0.054656
0.0545612
0.054564
0.0547567
0.0550033
0.0553996
0.0558032
0.0563136
0.0567836
0.0573171
0.057764
0.0582336
0.0585754
0.0589049
0.0590743
0.059206
0.0591567
0.0590577
0.0587712
0.0584388
0.0579286
0.0573901
0.056697
0.056004
0.055189
0.0544075
0.0535399
0.0527389
0.051885
0.0511252
0.0503382
0.0496638
0.0489784
0.0484139
0.0478448
0.0473959
0.0469404
0.0465975
0.0462392
0.0459811
0.0456951
0.0454935
0.0452518
0.0450754
0.0448341
0.0446419
0.0443574
0.0440999
0.0437185
0.0433248
0.0427851
0.0422209
0.041479
0.0406927
0.0397078
0.0386722
0.0374316
0.036158
0.0346896
0.033178
0.0315067
0.0298012
0.0279794
0.0261182
0.0242247
0.022269
0.0203012
0.018316
0.0163715
0.0145221
0.0125904
0.0109161
0.00920161
0.00801376
0.00685525
0.00631137
0.00547067
0.00993498
-0.00965928
-0.236456
0.462702
0.642959
0.089537
0.349725
0.637132
0.427961
-0.397379
-0.466188
-0.508327
-0.405235
0.0109802
0.0129556
0.0152279
0.017559
0.019794
0.0219592
0.0239777
0.0258606
0.027575
0.0291483
0.0305989
0.0319268
0.0331794
0.0343357
0.0354551
0.0365028
0.0375424
0.038531
0.0395328
0.0405006
0.041494
0.0424609
0.0435154
0.0445404
0.04563
0.0467072
0.0478479
0.0489776
0.0501692
0.051339
0.0525527
0.0537214
0.0549049
0.0560104
0.0570936
0.0580618
0.0589702
0.05973
0.0604
0.0608991
0.0612921
0.0615079
0.0616178
0.0615609
0.0614137
0.0611242
0.0607717
0.060309
0.0598189
0.0592547
0.0587002
0.058108
0.0575609
0.0570095
0.0565341
0.0560825
0.0557316
0.055426
0.0552382
0.0551097
0.0551076
0.0551703
0.0553631
0.0556204
0.0560062
0.0564527
0.0570226
0.0576478
0.0583906
0.0591844
0.0600922
0.0610509
0.0621244
0.0632539
0.0645045
0.0658233
0.0672766
0.0688181
0.070512
0.0723192
0.0743024
0.0764346
0.0787798
0.0813287
0.0841486
0.0872578
0.0907397
0.0946664
0.0991609
0.104368
0.110439
0.117519
0.125739
0.135195
0.146121
0.158382
0.171484
0.184528
0.196659
0.207482
-0.418654
0.789474
0.202535
-0.455972
0.00769524
0.00953599
0.0111487
0.0138484
0.0162475
0.0186957
0.0209957
0.0231199
0.0250783
0.0268777
0.0285091
0.0300248
0.0313974
0.0326996
0.0338886
0.0350451
0.0361152
0.037182
0.0381841
0.0392061
0.0401807
0.041196
0.0421817
0.0432211
0.044254
0.0453284
0.0463968
0.0475274
0.0486487
0.0498239
0.0509777
0.0521703
0.0533186
0.0544796
0.0555641
0.0566278
0.0575784
0.058474
0.0592227
0.0598889
0.0603842
0.0607822
0.0609998
0.0611211
0.061068
0.0609351
0.0606474
0.0603082
0.0598466
0.0593657
0.0587988
0.0582486
0.057649
0.0571019
0.0565397
0.0560624
0.0555995
0.0552481
0.0549336
0.0547504
0.0546188
0.0546304
0.0546992
0.0549143
0.0551868
0.055602
0.0560718
0.0566765
0.0573295
0.0581086
0.0589297
0.0598694
0.0608476
0.0619408
0.0630735
0.0643227
0.0656185
0.067038
0.0685172
0.0701314
0.0718227
0.0736648
0.0756089
0.077729
0.0799904
0.0824729
0.0851707
0.0881894
0.0915845
0.0955214
0.100187
0.105827
0.11264
0.120916
0.130893
0.142733
0.156601
0.172199
0.189009
0.205085
0.801342
-0.451351
-0.41065
0.527738
0.270549
0.550282
-0.143294
0.71464
-0.420671
0.194216
0.186636
0.18046
0.174997
0.170356
0.166602
0.163593
0.161403
0.160028
0.159439
0.159629
0.160633
0.162445
0.165112
0.168693
0.173231
0.178797
0.185486
0.193374
0.202549
0.213102
0.225114
0.238756
0.254117
0.271177
0.289678
0.309507
0.330574
0.352537
0.374616
0.39562
0.413748
0.427088
0.434418
0.435155
0.429456
0.417177
0.399415
0.378578
0.356756
0.335029
0.313985
0.294286
0.27614
0.259813
0.245192
0.232151
0.220664
0.21067
0.202063
0.194734
0.188584
0.183514
0.179418
0.176282
0.174
0.172535
0.171847
0.171929
0.172753
0.174342
0.176708
0.179927
0.184004
0.188975
0.19487
0.201668
0.209146
0.218125
0.0107623
0.0114942
0.0121741
0.0129017
0.0136642
0.0144866
0.0153111
0.0161274
0.0168231
0.0173396
0.01752
0.0172534
0.0163055
0.0144246
0.0112335
0.00646734
-9.58718e-05
-0.00851362
-0.018722
-0.0304331
-0.0431065
-0.0559635
-0.0679359
-0.0780379
-0.0851571
-0.0886083
-0.0879276
-0.0832839
-0.075095
-0.064238
-0.0515954
-0.0382302
-0.0249733
-0.0125705
-0.00147398
0.00801272
0.0157808
0.0218587
0.0263194
0.0293653
0.0311406
0.0319022
0.0317954
0.0310767
0.0298582
0.0283488
0.0266108
0.0247981
0.0229269
0.0210941
0.0192959
0.017611
0.0159966
0.014498
0.0131017
0.0117783
0.0105278
0.00939266
0.00829914
0.00734826
0.00649885
0.00577558
0.00510795
0.00462272
0.00540705
0.204153
0.193902
0.178802
0.161548
0.144444
0.129182
0.116314
0.105815
0.0972376
0.0901952
0.084412
0.0796459
0.0756887
0.0723165
0.069391
0.0668048
0.0645284
0.0624978
0.0607368
0.0591881
0.0578926
0.0567872
0.0559228
0.0552252
0.0547523
0.054418
0.0542852
0.0542585
0.0544024
0.0546143
0.0549604
0.0553319
0.0557971
0.0562426
0.0567395
0.0571718
0.0576152
0.0579526
0.0582666
0.0584413
0.0585677
0.0585328
0.0584381
0.0581754
0.0578546
0.0573744
0.0568524
0.0561926
0.0555193
0.0547386
0.0539778
0.0531428
0.0523613
0.0515366
0.0507937
0.0500315
0.0493709
0.0487056
0.0481518
0.0475984
0.0471573
0.0467132
0.0463756
0.0460245
0.0457692
0.045486
0.0452846
0.0450357
0.0448495
0.0446022
0.0443948
0.0441035
0.0438237
0.0434323
0.0430222
0.0424809
0.0418981
0.0411644
0.0403643
0.0394038
0.0383604
0.0371598
0.0358597
0.0344132
0.0328971
0.0312507
0.0295502
0.0277487
0.0259142
0.0239891
0.0220337
0.0200275
0.0180527
0.0159904
0.0140744
0.0120637
0.0102658
0.008425
0.00694697
0.00585234
0.00538773
0.00518898
0.00594425
-0.474969
0.44066
0.193044
0.399629
0.702448
-0.422014
-0.474384
0.213612
-0.0583513
0.00845312
0.00793646
0.00343673
0.0052433
0.00768388
0.00877923
-0.420801
-0.282309
0.0452211
0.550638
0.351544
0.539337
-0.42786
0.201803
0.185282
0.192512
0.173872
0.179078
0.166381
0.169663
0.16252
0.164021
0.162085
0.161896
0.165044
0.163151
0.171575
0.167853
0.182073
0.17631
0.197075
0.188992
0.217184
0.206465
0.242995
0.229364
0.274662
0.258148
0.311424
0.2925
0.351172
0.331127
0.388721
0.370715
0.414837
0.403778
0.42143
0.420815
0.406242
0.416492
0.37371
0.391418
0.334846
0.354494
0.296855
0.315449
0.263473
0.279457
0.235991
0.24901
0.214299
0.224452
0.197976
0.205519
0.186361
0.191635
0.178826
0.182122
0.174906
0.17645
0.174296
0.174208
0.176919
0.175207
0.183027
0.179521
0.193151
0.187561
0.207974
0.199956
0.227836
0.217109
0.00374149
0.00540241
0.00597044
0.00482098
0.00979378
0.00787866
0.013848
0.0117724
0.017993
0.0158686
0.0220035
0.0200134
0.0258417
0.0239511
0.0294522
0.0276876
0.0327581
0.031156
0.0356828
0.0342801
0.0381614
0.0369887
0.0401617
0.0392288
0.0417013
0.040994
0.0428392
0.0423234
0.0436594
0.0432909
0.0442568
0.0439864
0.0447285
0.0445083
0.0451671
0.0449508
0.0456602
0.0454091
0.0462666
0.0459516
0.0470402
0.0466358
0.0480177
0.0475086
0.0492094
0.0485943
0.0505934
0.0498874
0.052111
0.0513483
0.0536686
0.0529
0.055147
0.0544345
0.0564194
0.0558255
0.0573693
0.0569513
0.057914
0.0577065
0.0580231
0.058035
0.0577204
0.0579322
0.0570843
0.0574502
0.0562401
0.0566926
0.0553422
0.0558015
0.0545582
0.0549398
0.0540539
0.0542762
0.0539805
0.0539704
0.054466
0.0541631
0.0556103
0.0549686
0.0574789
0.0564694
0.0601045
0.0587148
0.0635057
0.0617268
0.0677615
0.0655372
0.0731944
0.0703117
0.0808439
0.0766611
0.0928191
0.086161
0.112156
0.101342
0.143805
0.126249
0.184129
0.164161
0.200801
-0.433054
0.23074
0.239133
0.237334
0.00787597
0.00859747
0.00821624
0.00955458
0.00905098
0.0107131
0.0101173
0.0119522
0.0113426
0.0128912
0.0125013
0.0128335
0.0130474
0.0105916
0.0121039
0.00404229
0.00800584
-0.00855879
-0.00145846
-0.027049
-0.0171874
-0.0483598
-0.0376692
-0.0663505
-0.0582356
-0.0744389
-0.0719834
-0.0690627
-0.0734459
-0.0524725
-0.0618658
-0.0306149
-0.0417969
-0.00956469
-0.0197003
0.00703999
-0.000588766
0.0180943
0.0132622
0.0240298
0.0216479
0.0259537
0.025421
0.0251434
0.0258201
0.0227674
0.0240959
0.0197153
0.0212896
0.0165474
0.0181305
0.0136062
0.0150351
0.0110604
0.0122878
0.00891002
0.00995772
0.00705115
0.00794548
0.00549043
0.00620648
0.00435518
0.0048557
0.00341941
0.00402104
0.0051537
0.000199051
0.00965354
0.00829026
0.0153204
0.0126736
0.0202987
0.0179254
0.0245593
0.0225584
0.0281054
0.0264483
0.0310776
0.029689
0.0336317
0.0324346
0.0359047
0.0348334
0.0380074
0.0370091
0.0400275
0.0390609
0.0420371
0.0410691
0.0440901
0.0430965
0.0462381
0.0451967
0.0484688
0.0473845
0.0507644
0.0496533
0.0530623
0.0519603
0.0552609
0.0542236
0.0572321
0.0563255
0.0588446
0.058133
0.0599907
0.0595234
0.0606079
0.0604093
0.060691
0.0607559
0.0602927
0.0605877
0.0595139
0.0599843
0.0584849
0.0590642
0.057346
0.057963
0.0562383
0.0568231
0.0552913
0.0557814
0.054613
0.0549577
0.0542835
0.0544465
0.0543523
0.0543126
0.0548357
0.0545894
0.0557247
0.0552797
0.056994
0.0563644
0.0586111
0.0578132
0.060546
0.0595939
0.0627796
0.061681
0.0653088
0.064063
0.0681465
0.0667449
0.0713172
0.0697462
0.0748518
0.0730945
0.0787971
0.0768261
0.0832678
0.081009
0.0886254
0.0858467
0.0958766
0.0919555
0.107047
0.100832
0.125236
0.115035
0.153747
0.138034
0.192635
0.172361
0.213831
0.00511987
-0.000971484
0.220854
0.252972
0.241121
0.171464
0.196525
0.132152
0.149555
0.109185
0.118894
0.0966651
0.101905
0.0894611
0.0925739
0.0843704
0.0867042
0.0800553
0.0820894
0.0761438
0.0779977
0.0725606
0.0742546
0.0692958
0.0708323
0.0663417
0.0677252
0.0636868
0.064923
0.061323
0.062415
0.0592529
0.0601978
0.0574923
0.0582805
0.0560682
0.0566851
0.0550128
0.0554422
0.0543543
0.0545831
0.0541075
0.0541305
0.0542651
0.0540889
0.0547923
0.054438
0.0556235
0.0551276
0.0566636
0.056077
0.0577936
0.0571784
0.0588781
0.0583034
0.0597772
0.0593127
0.0603587
0.0600692
0.0605108
0.0604488
0.0601599
0.0603575
0.0592845
0.059745
0.0579188
0.0586175
0.0561462
0.0570359
0.0540841
0.0551034
0.0518595
0.0529451
0.0495845
0.0506832
0.0473382
0.0484151
0.0451611
0.0462006
0.0430679
0.0440645
0.0410344
0.0420058
0.0390173
0.0399866
0.0369511
0.0379533
0.034754
0.0358336
0.0323242
0.0335345
0.0295361
0.0309432
0.0262385
0.0279207
0.0222678
0.0243061
0.0174821
0.0199442
0.0118675
0.0147858
0.00737044
0.00908154
0.00408223
-9.52059e-05
0.00173648
0.00235786
0.00240084
0.00263196
0.0029979
0.00343521
0.00390822
0.00446471
0.00504364
0.00568215
0.006376
0.00710987
0.00793256
0.0088165
0.00977321
0.0108121
0.0119087
0.0130371
0.0141672
0.0152503
0.0162225
0.017015
0.0175419
0.0177122
0.0174202
0.0165614
0.0150221
0.0126996
0.00949819
0.0053545
0.000238913
-0.00581738
-0.0127068
-0.0202045
-0.0279635
-0.0354941
-0.0422176
-0.0475157
-0.0508565
-0.0518441
-0.0503754
-0.0466649
-0.0411827
-0.034338
-0.0268647
-0.0194695
-0.0125668
-0.00654113
-0.00160982
0.00218256
0.00487444
0.0066118
0.00761365
0.00809455
0.00822166
0.00810695
0.00782751
0.00745507
0.00704679
0.00664319
0.00626803
0.00593368
0.00565116
0.00544482
0.00531774
0.00547559
0.00532757
0.00575988
0.250473
0.00441393
0.226932
0.208517
0.218732
0.165609
0.189967
0.122056
0.141497
0.0962965
0.10695
0.0823758
0.0880543
0.0744055
0.0776779
0.0690234
0.0713105
0.0647672
0.0665994
0.0612325
0.0627328
0.0583704
0.059542
0.0562042
0.0570333
0.0547386
0.0552262
0.0539398
0.0541071
0.0537353
0.0536225
0.0540189
0.0536826
0.0546558
0.054166
0.0554912
0.0549267
0.0563607
0.0558036
0.0571054
0.0566329
0.0575871
0.0572642
0.0577046
0.0575761
0.0574056
0.0574907
0.0566921
0.0569831
0.0556118
0.0560809
0.0542742
0.0548621
0.052792
0.0534389
0.051287
0.051933
0.0498641
0.0504595
0.0485986
0.0491097
0.0475309
0.0479415
0.046668
0.0469783
0.0459883
0.046212
0.0454444
0.0456069
0.0449782
0.04511
0.0445173
0.0446559
0.0439763
0.0441669
0.0432624
0.0435517
0.0422785
0.0427141
0.0409369
0.0415607
0.0391692
0.0400113
0.0369407
0.0380134
0.0342559
0.0355522
0.0311607
0.0326533
0.0277229
0.0293763
0.0240164
0.0257951
0.0200925
0.0219771
0.0159929
0.0179622
0.0117041
0.0137841
0.0074149
0.00950665
0.00400449
0.00534502
0.00478932
0.000937712
0.00208674
0.223492
0.236827
0.203436
0.21253
0.189918
0.195978
0.18138
0.185113
0.176818
0.178646
0.175753
0.175869
0.178059
0.176486
0.183894
0.180523
0.193631
0.188254
0.207777
0.200124
0.226912
0.216695
0.251463
0.238504
0.281501
0.265821
0.316216
0.298387
0.352926
0.334578
0.386312
0.370471
0.408307
0.39926
0.412226
0.412685
0.397084
0.406845
0.367355
0.383544
0.331023
0.349548
0.294287
0.312427
0.260635
0.276939
0.232025
0.245641
0.208995
0.219836
0.191243
0.19949
0.178308
0.184219
0.169634
0.173475
0.164791
0.16676
0.163511
0.163721
0.165753
0.16419
0.171755
0.168265
0.182094
0.17634
0.197908
0.189223
0.208864
-0.48355
-0.167115
-0.471836
0.282341
-0.732067
-0.455558
-0.646811
-0.484187
-0.476519
-0.484733
0.710201
0.829264
0.896036
0.818828
0.664301
-0.43835
-0.464317
-0.546621
-0.562138
-0.788069
-0.333447
0.0708338
-0.111482
0.0229083
0.259623
0.23366
0.202102
0.17168
0.146902
0.127995
0.11406
0.104159
0.0973364
0.0926483
0.0893067
0.0867229
0.0845429
0.082547
0.0806389
0.0787697
0.0769353
0.0751373
0.0733876
0.0716947
0.0700654
0.0685056
0.0670158
0.0655998
0.0642545
0.0629838
0.0617832
0.0606582
0.0596045
0.0586298
0.05773
0.0569155
0.0561821
0.055542
0.0549902
0.0545398
0.0541837
0.0539348
0.0537828
0.0537396
0.0537905
0.0539453
0.0541845
0.0545152
0.0549129
0.0553821
0.0558937
0.05645
0.0570185
0.0575998
0.0581593
0.0586971
0.0591782
0.0596035
0.0599395
0.0601891
0.0603221
0.060345
0.0602329
0.060001
0.0596282
0.0591377
0.0585152
0.0577902
0.0569551
0.0560429
0.05505
0.0540108
0.0529222
0.0518176
0.0506916
0.0495743
0.0484545
0.0473564
0.046266
0.0452073
0.0441573
0.0431343
0.0421175
0.0411202
0.0401173
0.0391203
0.0381008
0.0370696
0.0359952
0.0348864
0.0337086
0.0324679
0.0311265
0.029687
0.0281087
0.0263909
0.0244908
0.0224047
0.0200875
0.0175357
0.0148437
0.0117652
0.00855202
0.00548374
0.0013569
0.00236508
0.0151834
0.00337434
0.00170728
0.0015462
0.00101903
0.00102241
0.00116133
0.00132352
0.00149947
0.00172243
0.00194844
0.00220873
0.00249657
0.00280677
0.00317556
0.00359428
0.00407261
0.00461159
0.00516845
0.00572309
0.00624891
0.00673211
0.00714425
0.0074691
0.00766887
0.00771791
0.00757139
0.00719793
0.00655081
0.0055978
0.0042987
0.0026296
0.000570939
-0.00187456
-0.00467988
-0.00777655
-0.0110396
-0.0142874
-0.0172734
-0.0197322
-0.0213963
-0.0220768
-0.0216875
-0.0203007
-0.0180753
-0.0151679
-0.0120048
-0.00883272
-0.0058331
-0.0032083
-0.00103311
0.000643821
0.0018283
0.00257161
0.00297447
0.00313344
0.00314057
0.00305752
0.0029257
0.00277585
0.00262368
0.0024784
0.00234292
0.00222063
0.00211598
0.00206548
0.00215873
0.00237335
0.00294174
0.00435593
0.00815172
0.0152969
0.0126876
0.266727
0.241637
0.221515
0.197724
0.168574
0.140681
0.119172
0.103019
0.0918618
0.0835255
0.0782483
0.0740676
0.0714282
0.0688423
0.0670439
0.0649481
0.0634233
0.0615569
0.060238
0.0586198
0.0575621
0.0562485
0.0554996
0.0545215
0.0540975
0.0534542
0.0533419
0.053007
0.0531699
0.0530966
0.05348
0.0536052
0.0541403
0.0543893
0.0549975
0.055289
0.0558889
0.0561422
0.0566566
0.0567996
0.0571638
0.0571407
0.0573104
0.0570887
0.057045
0.0566192
0.056371
0.0557638
0.0553511
0.0545947
0.0540588
0.0532173
0.0526221
0.0517553
0.0511598
0.0503218
0.0497749
0.0490066
0.0485416
0.0478671
0.0475001
0.0469266
0.0466581
0.0461791
0.0459964
0.0455916
0.0454685
0.0451087
0.0450156
0.0446695
0.0445681
0.0441928
0.0440381
0.0435878
0.0433327
0.0427599
0.0423576
0.0416177
0.0410271
0.0400836
0.0392752
0.0381067
0.0370688
0.035673
0.0344141
0.0328094
0.0313563
0.0295748
0.0279626
0.0260411
0.024304
0.022275
0.0204361
0.0183266
0.0163729
0.0141507
0.0120943
0.00994033
0.00763
0.00529505
0.00316819
0.000100928
0.00314631
0.00110738
0.0111048
0.338521
0.26846
0.246247
0.227927
0.215095
0.205202
0.197359
0.191081
0.186117
0.182286
0.179481
0.177618
0.176644
0.176527
0.177266
0.178868
0.181364
0.184789
0.189198
0.194643
0.201195
0.208919
0.217888
0.228156
0.23977
0.252738
0.267047
0.282606
0.299254
0.316697
0.334507
0.352125
0.368807
0.383692
0.395801
0.404289
0.408457
0.408097
0.403256
0.394341
0.381896
0.366684
0.349511
0.33134
0.312969
0.294979
0.27782
0.261744
0.246862
0.233273
0.221039
0.210165
0.200621
0.19233
0.185236
0.179271
0.174382
0.170504
0.167593
0.165604
0.164516
0.164315
0.165014
0.16663
0.169216
0.172846
0.177657
0.183812
0.191586
0.201678
0.2143
0.320933
-0.405341
-0.128779
0.0963843
-0.17519
-0.0728022
-0.0261453
0.0802318
0.000232441
0.036667
0.0516626
-0.00234224
0.0448435
0.0433682
0.0637979
0.0368961
0.085971
0.0292116
-0.199748
0.827177
0.000895328
)
;

boundaryField
{
    frontandback
    {
        type            empty;
    }
    walls
    {
        type            zeroGradient;
    }
    diamond
    {
        type            zeroGradient;
    }
    inlet
    {
        type            zeroGradient;
    }
    outlet
    {
        type            fixedValue;
        value           uniform 0;
    }
}


// ************************************************************************* //
