/*--------------------------------*- C++ -*----------------------------------*\
  =========                 |
  \\      /  F ield         | OpenFOAM: The Open Source CFD Toolbox
   \\    /   O peration     | Website:  https://openfoam.org
    \\  /    A nd           | Version:  10
     \\/     M anipulation  |
\*---------------------------------------------------------------------------*/
FoamFile
{
    format      ascii;
    class       volScalarField;
    location    "38.5";
    object      p;
}
// * * * * * * * * * * * * * * * * * * * * * * * * * * * * * * * * * * * * * //

dimensions      [0 2 -2 0 0 0 0];

internalField   nonuniform List<scalar> 
8711
(
0.0117015
0.0101167
0.0129658
0.0444783
0.0391883
0.0327
0.0462069
0.0439269
0.684309
0.701184
0.404811
0.0787678
-0.0729036
-0.0778146
-0.0316153
-0.0546831
0.000788965
-0.002195
-0.00339591
0.0226835
0.0232189
0.0184606
0.0176138
0.0122253
-0.391222
-0.325362
-0.474582
-0.525245
0.0026524
0.00345784
0.00498041
-0.312289
-0.355095
-0.181828
-0.199419
0.17421
0.165585
0.240644
0.247262
0.239589
0.28444
0.258191
-0.600645
-0.608466
0.420357
0.299261
-0.310068
-0.306539
-0.329666
0.0293432
0.0282232
0.0275831
0.0282531
0.0892464
0.0951223
0.101047
-0.0658829
-0.0686271
-0.0730337
-0.0734261
-0.0462683
-0.0434087
-0.0529516
-0.0564564
0.0614056
0.0567935
0.0491539
0.0140882
0.0146135
0.0162037
-0.0762425
-0.0699054
-0.0762616
-0.0798271
0.134424
0.134422
0.127167
0.127194
0.0157702
0.0147359
0.012438
-0.016914
-0.00758806
0.0152462
0.0145202
0.0139799
-0.0727286
-0.0778366
-0.166544
-0.185161
0.105043
0.100256
0.108175
-0.0480064
-0.0316624
0.1403
0.154377
0.155443
0.143252
0.122908
0.124046
0.304266
0.288897
-0.0832181
-0.0943813
-0.112715
-0.13585
-0.160086
-0.179611
-0.191169
-0.191895
-0.181576
-0.164246
-0.143688
-0.12408
-0.107148
-0.0942125
-0.0855322
-0.0855728
-0.0808087
-0.0791862
-0.111133
-0.0962912
-0.153245
-0.130592
-0.197266
-0.176998
-0.210519
-0.209853
-0.175931
-0.198626
-0.122354
-0.149038
-0.086628
-0.100905
-0.0779583
-0.0858492
-0.0772164
-0.11981
-0.100364
-0.157653
-0.140357
-0.168439
-0.167267
-0.146379
-0.161161
-0.114045
-0.129918
-0.0893606
-0.0999677
-0.080229
-0.0830475
-0.0815478
-0.0750056
-0.0822314
-0.0712508
-0.0860995
-0.0774592
-0.0726337
-0.0828368
-0.0751259
-0.111276
-0.0950445
-0.157612
-0.132694
-0.207055
-0.184097
-0.223074
-0.221585
-0.186099
-0.209799
-0.127429
-0.156161
-0.0872776
-0.103721
-0.0687526
-0.076263
-0.0879401
-0.0932706
-0.0656402
-0.0668041
-0.07497
-0.0684501
-0.10112
-0.0857008
-0.133248
-0.119255
-0.142401
-0.141357
-0.126531
-0.137872
-0.0996019
-0.112888
-0.0816323
-0.0895291
-0.0768385
-0.077932
-0.0858367
-0.0798346
-0.0702342
-0.0787772
-0.0797234
-0.0947694
-0.076394
-0.085471
-0.0545099
-0.0617696
-0.0651415
-0.0718756
-0.0617267
-0.0885322
-0.0838456
-0.0638375
-0.0616455
-0.0772219
-0.0687535
-0.107362
-0.0902725
-0.156611
-0.130109
-0.210018
-0.185411
-0.227278
-0.22506
-0.187792
-0.213309
-0.126309
-0.156438
-0.0828262
-0.101367
-0.0612056
-0.0706596
-0.0551758
-0.0822515
-0.0931576
-0.0648584
-0.1012
-0.0931549
-0.0762006
-0.0560225
-0.0586329
-0.0618836
-0.0579481
-0.0817026
-0.0698372
-0.106317
-0.095753
-0.116579
-0.115231
-0.104437
-0.11238
-0.0840309
-0.0948067
-0.0714188
-0.0764525
-0.0704126
-0.0700424
-0.074765
-0.0956585
-0.0855851
-0.106765
-0.102636
-0.0897576
-0.0864773
-0.0743768
-0.087241
-0.0642582
-0.0514291
-0.107479
-0.105327
-0.0979231
-0.0821946
-0.116663
-0.104543
-0.125236
-0.101922
-0.0726636
-0.0976956
-0.0797247
-0.0576256
-0.0609393
-0.0546308
-0.0517248
-0.0692373
-0.0600364
-0.0995117
-0.0822203
-0.149105
-0.12226
-0.204074
-0.178068
-0.221413
-0.21966
-0.181572
-0.207344
-0.119237
-0.150013
-0.0740669
-0.0935898
-0.0492551
-0.0602574
-0.0387174
-0.0423653
-0.0435213
-0.0391774
-0.0507246
-0.0550197
-0.0660331
-0.0453149
-0.0483703
-0.0477494
-0.045343
-0.0616875
-0.0538658
-0.0815186
-0.072042
-0.0908801
-0.0890955
-0.0816165
-0.087516
-0.0672656
-0.0742381
-0.0595346
-0.0623367
-0.0618293
-0.0596713
-0.0757666
-0.067115
-0.103878
-0.0881792
-0.0792035
-0.0624849
-0.104067
-0.0926376
-0.121055
-0.113912
-0.122309
-0.124106
-0.10404
-0.147954
-0.133128
-0.0972738
-0.115393
-0.128191
-0.115231
-0.0298508
-0.0300176
-0.155757
-0.11918
-0.107645
-0.0823161
-0.0399457
-0.0406396
-0.0443526
-0.0408748
-0.0591119
-0.0501024
-0.0884103
-0.0716743
-0.136286
-0.110354
-0.189744
-0.164333
-0.207436
-0.205166
-0.167795
-0.193195
-0.106599
-0.136787
-0.0616053
-0.08147
-0.0353615
-0.046653
-0.0222485
-0.0276253
-0.0207753
-0.0195871
-0.0270428
-0.114563
-0.199094
-0.186161
-0.147209
-0.0693796
-0.08934
-0.043781
-0.0541164
-0.0336386
-0.0373337
-0.0336604
-0.0326384
-0.0431767
-0.0374132
-0.0586296
-0.0508802
-0.0652198
-0.0640024
-0.0598704
-0.0637758
-0.0503736
-0.0548771
-0.0464063
-0.047526
-0.051631
-0.0478984
-0.0667894
-0.0576165
-0.0799144
-0.0515794
-0.0848991
-0.0687716
-0.113958
-0.0998316
-0.136699
-0.126792
-0.141801
-0.141953
-0.135656
-0.125048
-0.0335472
-0.0369558
-0.214901
-0.0301722
-0.157484
-0.137593
-0.193362
-0.136368
-0.140189
-0.224528
-0.116208
-0.228271
-0.0817572
-0.0276922
-0.123498
-0.0280457
-0.0274266
-0.0334192
-0.0299246
-0.0476826
-0.0393085
-0.0745763
-0.0591947
-0.118625
-0.0947281
-0.168445
-0.144645
-0.185364
-0.183079
-0.147359
-0.171542
-0.0895927
-0.118091
-0.0466361
-0.0658287
-0.0200457
-0.0316862
-0.0049722
-0.0116531
-0.000203843
-0.00152724
-0.0042041
-0.00344531
-0.00737635
-0.00553861
-0.160472
-0.214954
-0.0916548
-0.120067
-0.0534722
-0.0702185
-0.0311604
-0.040694
-0.0217623
-0.025924
-0.0203048
-0.0202368
-0.0262534
-0.0223666
-0.0375091
-0.0317571
-0.0433509
-0.0416741
-0.0399844
-0.0425154
-0.0340526
-0.036808
-0.0330822
-0.0328148
-0.0397983
-0.035751
-0.0558559
-0.0472024
-0.0863921
-0.0695468
-0.106265
-0.0376372
-0.00444127
-0.0555495
-0.0267384
-0.0378153
-0.0906075
-0.0733638
-0.12414
-0.107281
-0.15171
-0.139526
-0.16037
-0.158941
-0.155484
-0.151028
-0.191183
-0.161578
-0.157041
-0.112208
-0.134746
-0.23113
-0.15168
-0.254213
-0.122343
-0.239838
-0.0786041
-0.227245
-0.00266815
-0.0340617
-0.0173502
-0.0280703
0.0165143
-0.0167406
-0.0183672
-0.0167703
-0.0162426
-0.0224297
-0.019076
-0.0354621
-0.0282826
-0.059219
-0.0457446
-0.0977896
-0.0768517
-0.142003
-0.120779
-0.157072
-0.15516
-0.121821
-0.144064
-0.0694362
-0.0952238
-0.0301568
-0.0478251
-0.00461831
-0.0161163
0.0114821
0.00438826
0.0178541
0.015855
0.01779
0.017973
0.0161193
0.0168916
0.0197782
0.0186689
-0.00280203
0.0139105
0.0186767
-0.124891
-0.17885
-0.158043
-0.0668408
-0.0908206
-0.0369915
-0.0499625
-0.0190613
-0.0272882
-0.0105452
-0.0140214
-0.00815801
-0.00877451
-0.011257
-0.00900699
-0.0190038
-0.0148816
-0.0239701
-0.0222796
-0.0221927
-0.0237026
-0.0188665
-0.0203185
-0.0200742
-0.0187963
-0.0279666
-0.0232691
-0.043693
-0.0351039
-0.0722515
-0.0575794
-0.0917048
-0.0579965
-0.0416503
-0.0949926
-0.0764981
-0.132655
-0.113687
-0.163553
-0.149769
-0.17558
-0.172612
-0.171987
-0.180382
-0.00797775
-0.0974358
-0.112681
-0.225449
-0.18347
-0.260066
-0.161727
-0.2722
-0.121557
-0.24567
-0.172344
-0.211922
-0.0712505
-0.0300677
-0.00426919
0.00650705
0.0291434
0.0252178
0.0112634
-0.00647034
-0.00767167
-0.00675175
-0.00599605
-0.0122847
-0.00897785
-0.0233959
-0.0171057
-0.0432942
-0.0320867
-0.0753155
-0.0579182
-0.112556
-0.094564
-0.125373
-0.123789
-0.0931313
-0.113109
-0.0471798
-0.0696743
-0.012816
-0.0283389
0.0102129
-0.000337526
0.0261905
0.0190258
0.0335023
0.0308278
0.0359298
0.0349431
0.034703
0.033177
0.0354115
0.0356718
0.0332787
-0.125955
-0.145993
-0.109195
-0.126112
-0.0896452
-0.112353
-0.0441577
-0.0646162
-0.0217143
-0.0321002
-0.0076707
-0.0143004
-0.000209228
-0.00322185
0.00253873
0.00156403
0.00154171
0.00253099
-0.00330792
-0.000569976
-0.00726145
-0.00575436
-0.00664643
-0.00740061
-0.00521738
-0.00570667
-0.00787067
-0.00592094
-0.0162429
-0.0113301
-0.0315493
-0.0230377
-0.0578515
-0.0432766
-0.0755595
-0.0298763
-0.00667782
-0.0171725
-0.0598255
-0.0442673
-0.0975477
-0.0783522
-0.137664
-0.117617
-0.170575
-0.155705
-0.184918
-0.180859
-0.168808
-0.181917
-0.123308
-0.146257
-0.20876
-0.251911
-0.198176
-0.275185
-0.162538
-0.130227
-0.0991579
-0.104791
-0.2636
-0.236868
-0.175639
-0.0757454
-0.102649
-0.111138
-0.0615811
-0.0263843
-0.00483282
0.00191382
0.00164922
0.0194385
0.00338331
0.0116564
-0.00611623
0.00241829
0.00146897
0.00108487
0.0027447
0.00204241
0.00218018
0.00277121
-0.00280544
-2.25996e-05
-0.0118716
-0.00674505
-0.0277716
-0.0188705
-0.0529179
-0.0392638
-0.082387
-0.0680909
-0.091557
-0.0912168
-0.0636689
-0.0812132
-0.0242825
-0.0433816
0.00459457
-0.00846829
0.024277
0.0151899
0.0386788
0.0321027
0.0464823
0.0432846
0.0499048
0.0485068
0.0498255
0.0512648
0.0458004
0.0481467
0.0370913
0.0421199
0.0253938
0.0319569
-0.0695206
-0.0318552
-0.0111967
-0.0452045
-0.0778356
-0.079994
-0.0536246
-0.0680327
-0.0241429
-0.0380118
-0.00783901
-0.0154104
0.00285343
-0.00200189
0.00898868
0.00642235
0.0117409
0.0106405
0.0121092
0.0122302
0.00958924
0.0111634
0.00670156
0.00792884
0.0065477
0.00632632
0.00667114
0.00683144
0.00320835
0.00549836
-0.00506848
-0.00029014
-0.0198977
-0.0113532
-0.0432104
-0.0298874
-0.0746072
-0.0582087
-0.0886685
-0.0297209
-0.0166813
-0.0590753
-0.0440514
-0.0976547
-0.0790404
-0.138239
-0.118115
-0.171561
-0.156392
-0.18654
-0.182064
-0.173231
-0.18421
-0.153691
-0.228481
0.0170265
0.00372354
0.00706131
-0.267143
-0.200514
-0.129433
-0.103395
-0.267062
-0.245016
-0.194797
-0.127
-0.0524242
0.0264001
0.0130867
-0.0965468
-0.0519332
-0.0226271
-0.00906314
-0.00575065
-0.00495643
-0.00414103
0.00464066
0.00859982
-0.0792826
-0.0737119
0.00720987
-0.152877
0.00977316
0.00906201
0.0108756
0.0103159
0.00958856
0.0104323
0.00574118
0.00796066
-0.00133278
0.00265192
-0.0133501
-0.00666311
-0.0319174
-0.0218628
-0.0536728
-0.0430893
-0.0602608
-0.0601987
-0.0360766
-0.0512754
-0.00233487
-0.0185605
0.0214156
0.0107405
0.0376232
0.0301106
0.0496891
0.0441244
0.0570849
0.0538749
0.0602247
0.0591539
0.0588727
0.0602846
0.0526736
0.0560112
0.0432953
0.0481449
0.0306834
0.0375214
-0.00228464
0.0120885
0.0224862
0.0126203
0.0618526
0.0683808
0.040515
-0.0301197
-0.0124277
-0.037808
-0.03726
-0.0244304
-0.032664
-0.00770766
-0.01588
0.00407414
-0.00129246
0.0119684
0.00837862
0.0169245
0.0147695
0.019537
0.0184304
0.020661
0.0202671
0.0198758
0.0205297
0.0180327
0.0189293
0.0173991
0.0175516
0.0166788
0.0172319
0.012913
0.0152669
0.00498344
0.00950454
-0.00766668
-0.000770735
-0.0279766
-0.0170279
-0.0517384
-0.0396571
-0.0637557
-0.0282527
-0.0144761
-0.0580045
-0.0422122
-0.0951134
-0.0761169
-0.134124
-0.114808
-0.166127
-0.151636
-0.180291
-0.17604
-0.169161
-0.178336
-0.151877
-0.230747
-0.0793138
-0.254388
-0.241787
-0.20478
-0.147098
-0.07615
-0.00599131
-0.0809153
-0.044613
-0.0238841
-0.0156263
0.0523844
0.0935307
0.0927086
-0.0139427
-0.0144726
-3.87807e-06
0.0103393
-0.191121
-0.012982
-0.134047
-0.0446579
0.0156218
0.01449
0.0165689
0.0163011
0.0174739
0.0171315
0.0161028
0.0169278
0.0132014
0.0148674
0.00799309
0.0109206
-0.000541096
0.0041689
-0.0132632
-0.00641552
-0.0279315
-0.0208002
-0.0320542
-0.0322803
-0.0120077
-0.0246487
0.017029
0.00297941
0.0369474
0.028131
0.0499716
0.0439672
0.0594768
0.0551025
0.0653583
0.0628275
0.0670025
0.0667345
0.0644785
0.0662159
0.0570732
0.0610574
0.047657
0.0524418
0.0354257
0.0418883
0.0184786
0.0275353
-0.0147236
-0.00316575
0.00822741
0.0753121
0.113308
0.107863
0.093363
0.0340975
0.0549999
0.00326327
0.0157711
-0.00717118
-0.00587847
-0.00214856
-0.0067547
0.00602647
0.00123343
0.0141008
0.0103995
0.0197346
0.0171342
0.0236243
0.0218718
0.0259911
0.0249506
0.027432
0.0267945
0.0277916
0.027788
0.0269344
0.0274584
0.0260837
0.0264697
0.0248177
0.025612
0.0210819
0.0233408
0.0139045
0.0179612
0.00293789
0.00902557
-0.0120111
-0.0044786
-0.0314978
-0.0224974
-0.0486912
-0.0416437
-0.0528901
-0.0551161
-0.00226111
0.00603264
-0.0253437
-0.0126681
-0.0548623
-0.0392701
-0.0901095
-0.072099
-0.126308
-0.108499
-0.155384
-0.142328
-0.167537
-0.164034
-0.156837
-0.165291
-0.121683
-0.1416
-0.0762717
-0.0989159
-0.055711
-0.225192
-0.22779
-0.203398
-0.159229
-0.0994473
-0.033141
-0.0689051
-0.0423551
-0.0283792
0.032187
0.0844711
0.116271
-0.024278
-0.0260749
-0.0287774
0.117824
0.126806
-0.0288242
-0.0158886
-0.0297628
-0.0208529
0.020281
0.0204123
-0.0399214
-0.170013
-0.0262468
-0.112337
0.0207713
0.0204476
0.0221141
0.0216939
0.0226117
0.0225914
0.0216492
0.0222931
0.0195878
0.0207661
0.0160111
0.0180126
0.0104034
0.0134662
0.00249174
0.00669771
-0.00609978
-0.00198983
-0.00760406
-0.00835365
0.00820517
-0.00171091
0.0326173
0.0205499
0.0498722
0.0423024
0.0602578
0.0555868
0.0672014
0.0640712
0.0710036
0.0694822
0.0709431
0.0714577
0.0681729
0.0696175
0.0599661
0.0640329
0.050797
0.0555152
0.0394418
0.0453476
0.0242577
0.0322853
0.00566609
0.0152341
-0.0280693
-0.0142595
-0.00429048
0.101933
0.122568
0.110391
0.108178
0.079328
0.0921141
0.0491711
0.0643832
0.0248986
0.0360315
0.0136023
0.01752
0.0132901
0.0124633
0.0173494
0.0149838
0.0223181
0.0199382
0.0262049
0.0243737
0.0291729
0.0277924
0.0312488
0.0303041
0.0327472
0.0320415
0.0337116
0.0333244
0.033671
0.033826
0.0328846
0.0333402
0.0313143
0.032242
0.0278048
0.0298663
0.0216188
0.0250964
0.0126125
0.0176161
0.000718111
0.00719069
-0.0142491
-0.00685691
-0.0278806
-0.0215993
-0.0348688
-0.0326899
-0.0345274
-0.000853667
0.00788948
-0.0229973
-0.0110223
-0.0512029
-0.036374
-0.0837664
-0.0672308
-0.116121
-0.100357
-0.141124
-0.130051
-0.150216
-0.148065
-0.139076
-0.147183
-0.108731
-0.125715
-0.071472
-0.0898122
-0.0553666
-0.202072
-0.191591
-0.161667
-0.116594
-0.060462
-0.0625144
-0.0441092
0.00153013
0.0621904
0.10954
-0.036686
-0.0378556
-0.0428519
0.133296
-0.0452393
0.134802
-0.0463554
0.108179
0.12197
-0.0453546
-0.0234106
-0.0400138
-0.00853
0.0245836
0.0250822
-0.0270902
-0.143318
0.0201135
0.0153567
-0.0163218
-0.0941905
0.0253861
0.025279
0.0265777
0.0259481
0.0267486
0.0267919
0.0262253
0.0266099
0.0249345
0.0256909
0.0227193
0.023955
0.0194449
0.0212088
0.0152368
0.0174183
0.0114114
0.0131134
0.0125581
0.0110226
0.0249995
0.0174904
0.0444681
0.0346506
0.0591934
0.0526752
0.0675258
0.0639067
0.0723049
0.0702417
0.0742605
0.0736264
0.0728264
0.0739568
0.0674622
0.0707718
0.0615323
0.0650376
0.0529429
0.0574441
0.042508
0.0478818
0.0290932
0.0361163
0.0132434
0.021236
-0.00290993
0.00511301
-0.0315279
-0.0164174
-0.0101404
0.0991196
0.101936
0.0891848
0.0957437
0.0953505
0.0989057
0.0795676
0.0889691
0.0576574
0.0687778
0.0385797
0.0468881
0.0279428
0.0323151
0.0249317
0.0257149
0.0261977
0.0252821
0.0288863
0.0275024
0.0314612
0.0302113
0.0336746
0.0326136
0.0354486
0.0346135
0.0368816
0.036192
0.0380633
0.0375151
0.0385631
0.0384315
0.0380671
0.0384387
0.0364739
0.0374116
0.0333144
0.0351126
0.0281692
0.0310179
0.0209852
0.0249196
0.011855
0.0168239
0.00062317
0.00659254
-0.0105138
-0.00452055
-0.0174652
-0.0129514
-0.0162541
-4.47445e-05
0.00863431
-0.0214919
-0.0100539
-0.0478584
-0.0341091
-0.0771759
-0.0624106
-0.1051
-0.0916693
-0.125374
-0.116613
-0.131069
-0.130361
-0.119161
-0.127227
-0.0926643
-0.107257
-0.0602263
-0.0768584
-0.0442078
-0.170583
0.0239315
-0.154712
-0.124323
-0.0817852
-0.0611893
-0.0297818
0.0289293
0.0866557
-0.0508962
-0.0507679
-0.0569688
0.129308
-0.0632863
0.14429
-0.0660361
0.136541
-0.0657068
0.116693
-0.060277
0.0798427
0.0919085
-0.0504491
-0.0220748
-0.0379678
0.000463726
-0.0133733
-0.118656
0.00454851
-0.000456128
-0.0824276
0.028445
0.0269126
0.0276681
0.0290795
0.0287037
0.0297845
0.0292915
0.0301023
0.0300136
0.029952
0.0300976
0.0293245
0.0297114
0.0282059
0.0288293
0.0267
0.0274909
0.0251573
0.0258959
0.0247031
0.024694
0.0280233
0.0257298
0.038404
0.0323654
0.0534029
0.0458242
0.0652775
0.0599411
0.0719043
0.0690941
0.0751227
0.0738239
0.0757833
0.0757555
0.0735859
0.0750172
0.0685908
0.0714204
0.0624429
0.0657788
0.0544151
0.058629
0.0447726
0.0497641
0.0332624
0.0391602
0.0195916
0.0264425
0.00627262
0.012792
-0.00440646
0.000570448
-0.0264853
-0.0137534
-0.00920123
-0.0160062
0.0788848
0.0678094
0.0588389
0.0699519
0.0890028
0.0851971
0.0884622
0.0904375
0.0778104
0.0843159
0.0620467
0.0701933
0.0471258
0.0540762
0.037507
0.0416553
0.0333777
0.0348952
0.0328959
0.0328609
0.0340547
0.0333716
0.0356557
0.0348417
0.0372655
0.0364697
0.0387414
0.038024
0.0400569
0.0394159
0.0412424
0.04067
0.0420058
0.0417051
0.0418488
0.0420615
0.0404946
0.0413146
0.0377985
0.0393072
0.03364
0.0359024
0.0280671
0.0310458
0.0213474
0.0248868
0.0135001
0.0175044
0.00420161
0.00897996
-0.00112873
0.00161312
-0.00136359
0.0230233
0.0143057
0.0191915
-0.000535188
0.0077069
-0.0209319
-0.0101358
-0.0452884
-0.0327127
-0.0712191
-0.0582899
-0.0946044
-0.0835539
-0.110015
-0.103639
-0.112265
-0.11299
-0.0995098
-0.107652
-0.0752775
-0.0884207
-0.0453292
-0.0606365
-0.0292102
-0.139637
0.0260571
0.00870338
-0.123435
-0.0951294
-0.0770226
-0.0554023
-0.00567604
0.0512879
-0.0656331
-0.0642965
-0.0711822
0.107094
-0.0812705
0.144051
-0.0887284
0.148458
-0.0904294
0.1321
-0.0857699
0.106384
-0.0742329
0.078454
-0.0591009
0.0464133
0.0535611
-0.0424251
-0.0271185
-0.00860014
-0.000101748
-0.00101932
0.0285475
0.0294942
-0.100572
0.053001
0.0424111
0.0308413
0.030271
0.0317417
0.031271
0.0323709
0.0320834
0.0327786
0.0326059
0.0329399
0.0328942
0.0328543
0.0329345
0.0325924
0.0327416
0.0323761
0.0324656
0.0326456
0.032418
0.0343342
0.0332513
0.039047
0.0362449
0.0482036
0.04314
0.0598592
0.0540341
0.0690869
0.0649155
0.0742295
0.0720742
0.0763551
0.0755784
0.0761599
0.0765213
0.0735947
0.0751404
0.0689041
0.0714722
0.0628798
0.066061
0.0554166
0.0593127
0.0466167
0.051175
0.0364599
0.0416616
0.0252128
0.0307882
0.013898
0.0193969
0.00494352
0.0089285
-0.000398516
0.0015539
-0.000321576
0.0707521
0.0626053
0.0807168
0.0767865
0.0820954
0.082728
0.075111
0.0793403
0.0637881
0.0697174
0.052128
0.057703
0.0437572
0.0474848
0.0393243
0.0411317
0.0378586
0.0383362
0.0380399
0.037824
0.0389324
0.038441
0.0400728
0.0394881
0.041276
0.0406743
0.0424496
0.0418703
0.0435541
0.0430158
0.0443855
0.0440237
0.0444827
0.0445476
0.0434962
0.0441211
0.0413589
0.0425563
0.0381364
0.0398743
0.0340037
0.0361801
0.0292255
0.0317194
0.0234964
0.026474
0.0156481
0.0193866
0.0114852
0.0124591
0.0126684
0.011905
0.0162517
0.0138797
0.0272387
0.0216266
0.0248129
0.012175
0.0174479
-0.00225596
0.00561067
-0.0214156
-0.0112943
-0.0438057
-0.0323593
-0.0665173
-0.0553426
-0.0855845
-0.076793
-0.0963938
-0.0922735
-0.0953103
-0.0974418
-0.0816503
-0.0899281
-0.058644
-0.0709924
-0.0312208
-0.0451067
-0.00356128
-0.016897
0.0124942
0.00592257
0.0190561
-0.114975
0.0325337
0.0312642
-0.100399
-0.0899066
-0.0738046
-0.0352136
0.0136088
-0.0773314
-0.0855241
0.0699705
-0.0993632
0.123865
-0.112851
0.152619
-0.119917
0.146352
-0.11792
0.121861
-0.105471
0.0914862
-0.0866506
0.061853
-0.0651795
0.0371966
-0.0244082
-0.0445287
0.0290391
0.025723
0.0275362
0.0259425
0.018404
-0.00720501
0.00378285
0.0192357
0.0312677
0.0302987
0.0326489
0.0320496
0.0335852
0.0331381
0.0343131
0.0339832
0.0348567
0.034598
0.03529
0.0350883
0.0356354
0.0354723
0.0360206
0.0358153
0.0367087
0.0363129
0.0381436
0.0373075
0.041058
0.039381
0.0463948
0.0434056
0.0545911
0.0502013
0.0639326
0.0593282
0.0711726
0.0679075
0.0751398
0.0734971
0.0765024
0.076076
0.0757805
0.076371
0.0730817
0.0746428
0.0686637
0.0710525
0.0629591
0.0659493
0.0560823
0.0596525
0.048128
0.052231
0.039127
0.0437371
0.0296742
0.0342998
0.0203553
0.0247211
0.0123682
0.0158079
0.00970866
0.0102299
0.00947308
0.0097688
0.00854457
0.0293164
0.00998185
0.0201092
0.0483444
0.0387507
0.0644475
0.0570801
0.0739715
0.070064
0.0762264
0.0759524
0.0719219
0.0746788
0.0637615
0.0681052
0.0547596
0.0591651
0.0476743
0.0509098
0.0433832
0.0452237
0.0414494
0.0421957
0.0410346
0.0411152
0.0414312
0.0411711
0.0422163
0.0417947
0.0431832
0.0426874
0.0442099
0.0436963
0.0452063
0.0447189
0.0460078
0.0456461
0.0462503
0.0462133
0.0456226
0.0460442
0.044062
0.0449427
0.0417161
0.0429716
0.038811
0.0403263
0.0354157
0.0372074
0.0306148
0.0332987
0.024246
0.0274078
0.0202371
0.0216918
0.020615
0.0205088
0.0225945
0.0211158
0.0242532
0.0196967
0.0231799
0.00948087
0.0151321
-0.00474066
0.00291584
-0.0229864
-0.0134024
-0.0436277
-0.033193
-0.0634205
-0.0538488
-0.0785427
-0.0718109
-0.0851924
-0.0831065
-0.0810233
-0.0844831
-0.0664166
-0.0748743
-0.0445671
-0.0561067
-0.0200411
-0.0323422
0.00245239
-0.00811708
0.015966
0.00986917
0.0217698
-0.0982754
-0.0851144
-0.0590071
0.0297309
0.00622346
-0.0781602
-0.0204361
-0.0980999
0.0286151
-0.116597
0.0856745
-0.137296
0.137021
-0.152777
0.154242
-0.156525
-0.0128055
0.136924
-0.145837
-0.0076911
0.105672
-0.122835
0.00368198
0.00542201
-0.00726313
0.0725415
-0.0954237
0.0193813
-0.0231907
0.0422336
-0.0676684
0.00741104
0.028889
0.0191425
0.0167149
0.0304195
0.0273481
-0.0864435
0.0111458
-0.0870796
0.0288252
0.0238832
0.025911
0.0324421
0.0314452
0.0339643
0.0331239
0.03488
0.0344057
0.0356988
0.0352966
0.0364218
0.0360735
0.0370908
0.0367624
0.0377754
0.0374262
0.0386344
0.0381742
0.0399336
0.039216
0.0420736
0.0408803
0.0455989
0.0436459
0.0510301
0.0480839
0.0583249
0.0544965
0.0660066
0.0622614
0.0718567
0.0692236
0.0750085
0.0737204
0.0758848
0.0756735
0.0748959
0.0755917
0.0722194
0.0737345
0.0680926
0.07031
0.0628002
0.0655653
0.0565219
0.059768
0.0493867
0.0530502
0.0414872
0.0455131
0.0333789
0.0373929
0.0256263
0.0294099
0.019079
0.0220203
0.0171515
0.017463
0.0154204
0.0165695
0.0148882
0.0281017
0.0198422
0.0452552
0.0367094
0.0591769
0.0529171
0.0682215
0.0645063
0.0710156
0.0702598
0.0685799
0.070307
0.0627466
0.0659613
0.0558378
0.0592795
0.049966
0.0527058
0.0460418
0.0477772
0.0439604
0.044818
0.0432128
0.0434675
0.0432811
0.0431789
0.043805
0.043506
0.0445761
0.0441714
0.0454603
0.045013
0.0463458
0.0459106
0.0470814
0.046745
0.0473942
0.0472996
0.0470482
0.0473025
0.0459894
0.0465927
0.0443757
0.045234
0.042385
0.0434208
0.0398283
0.0412034
0.0357822
0.0380067
0.0306508
0.0331992
0.0271859
0.0285832
0.0264941
0.0263237
0.0271937
0.0264755
0.0279375
0.0171827
0.0209823
0.00649167
0.0123724
-0.00790006
-0.000247795
-0.025709
-0.016449
-0.0449075
-0.0353359
-0.0620941
-0.0539675
-0.0736462
-0.0687769
-0.0765662
-0.0762983
-0.0696186
-0.0742862
-0.0540973
-0.0627461
-0.0334279
-0.0441312
-0.0118994
-0.0225308
0.00671835
-0.00193261
0.0190786
0.0133804
0.0239468
-0.0891652
-0.0770008
-0.0436084
0.0309898
0.0287665
-0.0509636
-0.105846
-0.0114738
-0.130359
0.0395792
-0.159837
0.0991312
-0.186713
0.145552
-0.200966
-0.0100683
-0.020284
0.147248
-0.195364
-0.0201487
0.0208512
0.00870363
0.120243
-0.170804
-0.0114748
-0.00613287
0.0839415
-0.13594
0.000946585
-0.0217854
0.0506587
-0.0995875
-0.0910122
0.0212777
-0.0178513
-0.00282119
-0.0086952
0.0272367
0.031305
0.0301037
0.0331888
0.0322698
0.0345498
0.0338967
0.0357225
0.0351631
0.0366719
0.0362038
0.037557
0.0371233
0.0384268
0.0379926
0.0393747
0.0388848
0.0405702
0.0399325
0.0422642
0.0413437
0.0447961
0.0434133
0.048552
0.0465155
0.0537875
0.0510038
0.0602353
0.0569002
0.0666729
0.0635531
0.0715353
0.0693462
0.0741464
0.0730877
0.0747517
0.0746532
0.073679
0.0743936
0.0711289
0.0725584
0.0673198
0.0693576
0.0624758
0.0650028
0.0567923
0.0597221
0.0504241
0.0536807
0.0435445
0.0470246
0.0366529
0.0400646
0.0302833
0.0333838
0.0252529
0.0275015
0.023568
0.0239255
0.0224056
0.0230295
0.0254055
0.0232509
0.0304156
0.0279902
0.0224732
0.0136019
0.00520755
0.0286734
0.0214756
0.0432496
0.036045
0.0552911
0.049584
0.0633414
0.0598588
0.0664666
0.0654367
0.0652898
0.0663085
0.0611774
0.0634385
0.0559192
0.0585795
0.0511288
0.0534043
0.0476709
0.0492332
0.0456345
0.0465044
0.0447319
0.0450764
0.0445963
0.0445963
0.0449335
0.0447247
0.0455473
0.0452181
0.0463016
0.0459161
0.047081
0.0466965
0.0477422
0.0474354
0.0480842
0.0479605
0.0479352
0.0480684
0.0472591
0.0476505
0.0461781
0.0467545
0.0447775
0.045517
0.0427331
0.0438541
0.0393562
0.0411909
0.0350707
0.0372223
0.0317446
0.033197
0.0303178
0.0307755
0.0302191
0.0301767
0.031082
0.0306331
0.0256821
0.021738
0.0241164
0.0141882
0.0184222
0.00295099
0.00907521
-0.0119454
-0.00406979
-0.0297388
-0.0206023
-0.0478137
-0.0389553
-0.0626509
-0.0558448
-0.0709079
-0.0677602
-0.0703965
-0.0717969
-0.0609034
-0.0666798
-0.0444736
-0.0533463
-0.0247052
-0.0347519
-0.00544259
-0.0148226
0.0106712
0.00316073
0.0217357
0.0166719
0.0258597
-0.0878633
-0.0415773
0.026937
0.0324459
-0.0773066
-0.1057
-0.0673993
-0.0508476
-0.136831
-0.00844111
-0.176343
0.0478211
-0.216664
-0.0132568
-0.0228318
0.037454
0.110133
-0.246717
-0.0279648
0.0266178
0.146324
-0.253346
-0.0313511
0.0112017
0.131584
-0.231294
-0.0268098
-0.00422822
0.0963155
-0.189577
-0.0173927
-0.0204123
0.0582593
-0.143329
-0.000966515
-0.0395408
0.0244171
-0.0159992
-0.0051326
0.0273069
0.0271187
-0.0071061
0.0319614
0.0313607
0.0335518
0.0328367
0.0349883
0.0343391
0.0362288
0.0356282
0.0373145
0.0367762
0.0383394
0.0378287
0.0393741
0.0388512
0.0405228
0.0399273
0.0419506
0.0411932
0.0438855
0.0428455
0.0466043
0.0451396
0.0503702
0.048358
0.0552724
0.0527027
0.0609642
0.0580566
0.0664492
0.0638043
0.0705824
0.0687165
0.07283
0.0719198
0.0733047
0.0732516
0.0722614
0.0729429
0.069903
0.0712199
0.0664304
0.0682815
0.0620417
0.064329
0.0569352
0.0595615
0.0512797
0.054162
0.0453007
0.0483062
0.0394375
0.0423299
0.0341815
0.0367061
0.0304022
0.0320466
0.0288897
0.0294297
0.0289081
0.0285239
0.0325675
0.0304489
0.0364582
0.0345515
0.00355219
-0.00138548
0.0165246
0.00960059
0.0293535
0.0231116
0.0415988
0.0354968
0.0520786
0.0471533
0.059231
0.0560621
0.0625002
0.0613091
0.0621996
0.0627104
0.059361
0.0609859
0.0553786
0.057422
0.051519
0.0533795
0.0485503
0.0499141
0.0466642
0.0474889
0.0457221
0.0461003
0.0454727
0.0455337
0.0456817
0.045537
0.0461722
0.0459037
0.0468139
0.0464831
0.0474927
0.0471567
0.048083
0.0478063
0.0484279
0.0482919
0.0484097
0.0484617
0.0479985
0.0482436
0.0472669
0.0476629
0.0462134
0.0467836
0.0444934
0.0454492
0.0416142
0.0431779
0.0379503
0.0398002
0.0347909
0.0362456
0.0329324
0.0337009
0.0323006
0.0324972
0.0325605
0.0324001
0.0328963
0.0332646
0.032913
0.0255814
0.0239163
0.0253449
0.0191038
0.0219703
0.0107978
0.0154213
-0.00133723
0.00524043
-0.0171864
-0.00885511
-0.0353431
-0.026149
-0.0525924
-0.0443111
-0.0652566
-0.0596941
-0.0703496
-0.0688615
-0.066521
-0.0695351
-0.0545436
-0.061409
-0.0370933
-0.0462785
-0.0177904
-0.0274454
7.63817e-06
-0.00855476
0.014358
0.0077031
0.0241119
0.0196789
0.0302321
0.0277056
0.0319628
-0.0962201
-0.0994145
0.025978
-0.0875801
-0.132538
-0.0655674
0.0295336
0.0275918
0.0332739
0.0335179
-0.0585979
-0.181789
-0.00709335
-0.0164788
-0.0094631
-0.236609
-0.0259621
0.0505697
0.0442105
0.0552386
-0.284522
-0.0343431
0.0309378
0.117532
-0.310617
-0.0403677
0.0152945
0.137855
-0.301279
-0.0407516
-0.00143223
0.110145
-0.258928
-0.0356768
-0.0181521
0.0676873
-0.200645
-0.0235541
-0.0371496
0.0283917
-0.143378
-0.00267267
0.0244269
-0.00507053
0.00110584
0.00298539
0.0253135
0.0321525
0.03112
0.0337278
0.0330245
0.035176
0.0344833
0.0364768
0.0358358
0.0376782
0.0370784
0.0388262
0.0382501
0.0399969
0.0394025
0.0412968
0.0406237
0.0428813
0.0420458
0.0449516
0.0438486
0.0477289
0.0462482
0.051386
0.0494531
0.0559143
0.053565
0.0609534
0.0584048
0.0656906
0.0634124
0.0692746
0.0676498
0.0712642
0.0704542
0.07169
0.0716434
0.0707409
0.0713601
0.068611
0.0697994
0.0654766
0.0671474
0.061539
0.0635891
0.0569854
0.0593228
0.0519987
0.0545314
0.0468307
0.0494151
0.041866
0.0443034
0.0375616
0.0396001
0.0347139
0.0359251
0.0335727
0.0339848
0.0346186
0.0336402
0.0381595
0.0360036
0.0420606
0.0399489
0.0504149
0.0456816
0.0576072
0.0621867
0.0557896
0.0658849
0.0702358
0.00202195
0.000710302
0.00896017
0.00504677
0.0192375
0.0136938
0.0300234
0.0246949
0.0403711
0.0352098
0.0494427
0.045126
0.0558196
0.0529759
0.0590597
0.0578003
0.0593463
0.0594988
0.0574547
0.0585887
0.0544651
0.0560235
0.051387
0.0528903
0.0488856
0.0500505
0.0472014
0.04795
0.0462921
0.0466677
0.0459916
0.0460841
0.0461163
0.0460158
0.0465122
0.0462916
0.0470577
0.0467749
0.047645
0.0473533
0.048168
0.0479212
0.0485009
0.0483565
0.0485627
0.0485646
0.048319
0.0484723
0.0477947
0.0480863
0.0469251
0.0474074
0.0453917
0.0462503
0.0428517
0.0442299
0.0396227
0.0412642
0.0366212
0.0380518
0.0345307
0.0354693
0.0334953
0.0339285
0.0332191
0.0332601
0.0333754
0.0332628
0.0216875
0.0233763
0.0161942
0.0194707
0.00690963
0.0120535
-0.0066128
0.000682133
-0.0239004
-0.0148779
-0.042822
-0.0333782
-0.0595344
-0.0517054
-0.0701369
-0.0657825
-0.0720572
-0.0722442
-0.0648467
-0.0695121
-0.0502599
-0.0582858
-0.0315473
-0.0411864
-0.0122843
-0.021784
0.00461401
-0.00341891
0.0176383
0.0116608
0.026257
0.0223849
0.0313739
0.0293008
0.0326666
-0.116
0.00539675
-0.00105526
-0.0618598
0.0272186
0.0263633
0.0334583
-0.107521
-0.172419
-0.0142927
-0.0962368
0.0232054
0.0243959
0.0827729
0.0753583
0.0121283
0.0084382
0.015954
-0.0717275
-0.240358
0.013054
-0.00202062
0.00435078
-0.0275998
0.0515194
-0.0111216
-0.306612
-0.0390384
0.0365611
0.0631158
-0.353871
-0.0480906
0.0209638
0.117284
-0.365569
-0.0536608
0.00304386
0.115528
-0.335277
-0.0531926
-0.0146025
0.0774271
-0.273007
-0.0460355
-0.0338522
0.0335308
-0.201026
-0.0303409
-0.0573608
-0.00394068
0.0822541
0.089688
0.0294221
0.0281725
0.0285119
0.0318134
0.0306447
0.0336507
0.0327661
0.035106
0.034404
0.0365067
0.0358249
0.0378081
0.0371619
0.0390647
0.0384354
0.0403488
0.0396978
0.0417634
0.0410337
0.0434517
0.0425669
0.0455882
0.0444585
0.0483482
0.0468891
0.05184
0.0500102
0.0560034
0.0538593
0.0604874
0.0582386
0.06463
0.0626357
0.0677887
0.0663511
0.0695869
0.0688481
0.0700058
0.069946
0.0691829
0.0697255
0.0672911
0.0683485
0.0644957
0.0659863
0.06099
0.0628137
0.0569587
0.0590245
0.0525916
0.0548019
0.0481489
0.0503603
0.0439731
0.0460105
0.0404963
0.0421188
0.0383549
0.0392469
0.0377319
0.0378653
0.0392422
0.0381851
0.042668
0.0408085
0.0474501
0.0447782
0.0558568
0.0511102
0.0674762
0.0610463
0.0747665
0.00785109
0.00970075
0.00850038
0.00748853
0.0136836
0.0103471
0.0216404
0.0173293
0.0307382
0.0261779
0.0395695
0.0351857
0.0473333
0.0436272
0.0529887
0.050441
0.0560906
0.0548331
0.0567533
0.0566732
0.0555572
0.0563211
0.0533383
0.0545155
0.050906
0.0521084
0.0488301
0.0498079
0.0473657
0.0480246
0.0465305
0.0468818
0.0462197
0.0463241
0.046292
0.0462209
0.0466156
0.0464326
0.0470795
0.046838
0.0475872
0.0473341
0.0480467
0.0478286
0.0483617
0.0482229
0.048461
0.0484372
0.0483115
0.0484135
0.0478942
0.048134
0.0471051
0.0475506
0.0456694
0.0464732
0.0433597
0.0446079
0.0404416
0.0419315
0.0376044
0.0389798
0.0354143
0.0364185
0.0340779
0.0346515
0.0334189
0.0336891
0.0332038
0.0332812
0.0334891
0.0329291
0.0330891
0.0195276
0.021608
0.0130634
0.0168152
0.00241594
0.00830607
-0.0130066
-0.00471475
-0.0322667
-0.0222943
-0.0524211
-0.0425045
-0.0688907
-0.0613953
-0.0774907
-0.0743422
-0.0761201
-0.0780575
-0.0653272
-0.0717496
-0.0478846
-0.0572012
-0.0275947
-0.0378554
-0.00799637
-0.0175324
0.00838952
0.000694877
0.0204245
0.0149663
0.0281041
0.0246999
0.032352
0.0306515
0.0336855
0.0332969
0.0337387
-0.147229
-0.00959359
-0.136886
0.0254867
0.0839691
0.0203688
-0.13431
-0.224027
-0.00460633
-0.0116112
-0.025685
0.0597174
0.0862799
0.093778
0.0334506
0.0327315
-0.0858544
-0.306776
-0.0409357
0.0438899
-0.089831
-0.0103425
-0.375644
-0.0544341
0.0272432
0.0686222
-0.410418
-0.0641784
0.0086037
0.10444
-0.399475
-0.0692669
-0.0105564
0.083122
-0.34829
-0.0678555
-0.0300116
0.0384667
-0.271532
-0.0580904
-0.0523353
-0.00494483
-0.189745
-0.0376772
-0.0153236
0.0106922
0.0023443
-0.00697001
0.0276086
0.0242958
0.0248747
0.0262397
0.0295835
0.0287129
0.0315596
0.0304901
0.0333629
0.0324712
0.0349102
0.0341611
0.0363627
0.0356516
0.0377451
0.0370611
0.0390953
0.0384209
0.0404749
0.0397773
0.0419786
0.0412062
0.0437356
0.0428201
0.0458962
0.0447615
0.0485981
0.04718
0.0519051
0.0501844
0.055729
0.0537717
0.0597427
0.0577431
0.0634144
0.0616463
0.0662355
0.0649467
0.0678848
0.0671998
0.0683161
0.0682346
0.0676284
0.0680912
0.0659708
0.0669011
0.063506
0.0648214
0.0604102
0.0620199
0.0568678
0.05868
0.0530729
0.0549869
0.0492816
0.0511599
0.0458064
0.0474886
0.0430509
0.0443161
0.0415007
0.0421201
0.0414059
0.0412639
0.0432497
0.0420946
0.0467459
0.0448472
0.0524676
0.0491848
0.0604582
0.0560405
0.0719644
0.0658017
0.0788157
0.0926143
0.0967672
0.0249418
0.018243
0.0182492
0.0268574
0.0223719
0.0137599
0.0153824
0.0138483
0.0131775
0.0175536
0.0152702
0.0239335
0.0205056
0.031468
0.0276697
0.0389832
0.0352608
0.0456274
0.0424525
0.0506107
0.0483418
0.0535228
0.0523072
0.0544173
0.0541811
0.0537275
0.0542176
0.0521045
0.0529834
0.0501999
0.0511527
0.0484985
0.0493079
0.0472501
0.0478174
0.0465084
0.0468243
0.0462118
0.0463159
0.0462531
0.0462012
0.0465207
0.0463677
0.0469162
0.0467096
0.0473539
0.0471354
0.0477562
0.0475637
0.0480454
0.0479173
0.0481563
0.0481221
0.0480511
0.0481291
0.0476781
0.0478979
0.0469128
0.0473484
0.0455294
0.0463003
0.0433804
0.0445359
0.040694
0.0420695
0.0380022
0.0393239
0.0357759
0.0368192
0.0342335
0.0349278
0.0332713
0.0336964
0.0327354
0.0329839
0.0321682
0.0324736
0.021952
0.0233705
0.0174558
0.020032
0.00972431
0.0141301
-0.00274015
0.00413561
-0.0205445
-0.011007
-0.0423049
-0.0311175
-0.0641857
-0.0535605
-0.0807103
-0.073434
-0.0873273
-0.0854062
-0.082482
-0.0862799
-0.067837
-0.076157
-0.0472538
-0.0580052
-0.0250767
-0.0361186
-0.0048174
-0.0145509
0.0113698
0.003857
0.0227306
0.0176357
0.029657
0.0266543
0.033183
0.0317972
0.0341243
0.0339146
0.0339427
-0.187643
-0.0194553
0.07771
0.0686375
0.0103376
0.017537
0.030725
0.0318278
-0.162807
-0.281359
-0.0238816
-0.0388929
0.0521511
-0.126241
0.0232096
0.0235343
0.0891173
0.096006
-0.0958964
-0.369887
-0.0574486
-0.0283305
-0.0184268
0.0346104
-0.0825235
0.0874194
-0.00682454
-0.429352
-0.07262
0.0152798
0.0661374
-0.440815
-0.0832853
-0.00563301
0.0761313
-0.405813
-0.0882244
-0.0260336
0.0410266
-0.338336
-0.0851388
-0.0478216
-0.00633044
-0.2548
-0.0717336
-0.0460303
0.00174522
0.0273452
0.0251128
0.0263012
0.0294365
0.0284577
0.0312533
0.0303322
0.0329872
0.0321232
0.0345715
0.0337923
0.0360703
0.035332
0.0375202
0.0368014
0.0389499
0.0382359
0.0404114
0.0396737
0.0419877
0.041181
0.0437929
0.0428574
0.0459552
0.0448267
0.0485818
0.0472119
0.0517059
0.0500902
0.0552247
0.0534333
0.0588443
0.057048
0.0621372
0.060555
0.0646822
0.0635147
0.0662099
0.0655684
0.06666
0.066555
0.0661042
0.0664897
0.0646723
0.0654797
0.062517
0.063668
0.0598063
0.0612154
0.0567183
0.0582953
0.0534485
0.0550918
0.0502425
0.0518227
0.0473906
0.0487574
0.0452609
0.0462188
0.0442345
0.0446051
0.0446121
0.0442385
0.0467149
0.045467
0.0504534
0.0483846
0.0564309
0.053174
0.0643176
0.0601705
0.0754882
0.0695459
0.0821803
0.101938
0.104922
0.0305419
0.0243605
0.0359916
0.0318384
0.0364097
0.0234529
0.0274136
0.0189884
0.0206515
0.0183354
0.0182325
0.0209718
0.0193163
0.0260087
0.0232858
0.0322146
0.0290484
0.0385515
0.0354119
0.0442341
0.0415084
0.0486077
0.0465986
0.0513007
0.0501514
0.0523242
0.0519892
0.051999
0.052288
0.0508341
0.0514811
0.049356
0.0501045
0.0479753
0.0486382
0.0469263
0.0474068
0.0462822
0.0465591
0.046012
0.0461093
0.0460349
0.0459961
0.0462578
0.0461293
0.046595
0.0464184
0.0469718
0.0467833
0.0473226
0.0471538
0.0475814
0.0474663
0.0476896
0.047654
0.0475994
0.0476694
0.0472377
0.0474536
0.0464729
0.0469089
0.0451221
0.0458705
0.0430948
0.0441789
0.0405877
0.0418731
0.038018
0.0392936
0.0357819
0.0368462
0.0340926
0.0348754
0.0329121
0.0334545
0.0320687
0.0324604
0.0312323
0.0316768
0.0314672
0.0302618
0.0307759
0.0206623
0.0222505
0.0153518
0.0184236
0.00617409
0.0113704
-0.00845503
-0.000401338
-0.0290949
-0.0180767
-0.0538533
-0.0412003
-0.0779084
-0.0663649
-0.0947318
-0.0875846
-0.099342
-0.0986923
-0.0908098
-0.0965899
-0.0720508
-0.0824018
-0.0480735
-0.0603823
-0.0237676
-0.0357113
-0.00259662
-0.0126532
0.0136439
0.00618483
0.0245929
0.0197334
0.0309818
0.028273
0.0339264
0.0328035
0.0344673
0.0344508
0.0333997
0.0340748
0.0325136
-0.231641
-0.0326829
0.0710985
0.0612741
-0.172254
0.0239077
0.111673
0.0192226
0.0256943
0.103141
-0.186036
-0.333838
-0.0388362
-0.0556909
0.0433764
0.0218561
0.0221204
0.0310299
0.0297292
-0.113409
0.0911962
0.097967
0.0977208
-0.099313
-0.416727
-0.0435695
-0.0772595
-0.00814025
0.0233212
0.0817467
-0.00446632
-0.455285
-0.0942301
0.0118479
0.00107912
0.0484116
-0.439534
-0.106064
-0.0214294
-0.0746193
0.0334569
-0.385691
-0.11048
-0.0436193
-0.010373
-0.309193
-0.105398
-0.0555942
-0.224473
-0.0882117
0.112202
0.0250511
0.0241602
0.0270409
0.026047
0.0290378
0.0280361
0.0308423
0.0299541
0.0325204
0.0316813
0.0341119
0.0333202
0.0356481
0.0348859
0.0371538
0.0364046
0.0386528
0.0379033
0.0401868
0.0394132
0.0418271
0.0409904
0.0436714
0.0427203
0.045827
0.0447084
0.0483766
0.0470546
0.0513319
0.0498118
0.0545847
0.0529364
0.0578813
0.0562481
0.0608557
0.0594274
0.0631688
0.0621036
0.0645927
0.0639887
0.06506
0.0649336
0.0646254
0.0649396
0.0634025
0.0640959
0.0615345
0.0625334
0.0591809
0.0604038
0.0565135
0.0578731
0.0537245
0.0551208
0.0510459
0.0523582
0.0487494
0.0498364
0.047165
0.0478558
0.0466124
0.0467541
0.047397
0.046832
0.0497439
0.0483906
0.0537473
0.0515298
0.0597928
0.0565539
0.0676815
0.0635066
0.0783949
0.0727355
0.0845419
0.116222
0.119171
0.118035
0.111756
0.113883
0.0370739
0.0315994
0.0415274
0.0353919
0.03987
0.028031
0.0315351
0.0234501
0.025047
0.0221359
0.0223351
0.0239377
0.0227502
0.0278481
0.0257051
0.0329206
0.0303077
0.0382373
0.035594
0.0430908
0.0407524
0.0469132
0.0451439
0.0493749
0.0483056
0.0504545
0.0500628
0.0503876
0.0505307
0.0495722
0.0500402
0.0484347
0.0490183
0.0473223
0.0478611
0.0464487
0.0468518
0.0458964
0.0461357
0.0456553
0.0457438
0.0456654
0.0456366
0.0458504
0.045743
0.0461367
0.0459864
0.0464604
0.046298
0.0467656
0.0466182
0.046995
0.0468927
0.0470951
0.0470626
0.0470058
0.0470749
0.0466427
0.0468604
0.0458752
0.0463118
0.0445532
0.0452818
0.0426234
0.0436513
0.0402572
0.0414705
0.0377888
0.0390353
0.0355485
0.0366264
0.0337428
0.0345946
0.0323665
0.0330132
0.0312456
0.0318016
0.0301683
0.0307396
0.0289739
0.0295939
0.019174
0.0208839
0.0131481
0.0166367
0.0024732
0.00850418
-0.0145073
-0.00516582
-0.0382898
-0.0256223
-0.0664272
-0.0521175
-0.0929767
-0.0803715
-0.110239
-0.103177
-0.112798
-0.113466
-0.100411
-0.108262
-0.0773759
-0.0898327
-0.049872
-0.0638009
-0.0233204
-0.0362224
-0.00110661
-0.011555
0.0153397
0.00785453
0.0260554
0.0213438
0.0320722
0.02957
0.0345419
0.0336557
0.0347059
0.0348579
0.0332986
0.0341462
0.0322446
0.119642
0.111323
-0.270765
-0.0488639
0.0637416
0.0532917
0.0220308
0.0283168
-0.151255
0.0928616
0.0994763
0.0349043
0.029479
0.126462
0.127132
0.108391
-0.196117
-0.369751
-0.0572665
-0.0764211
-0.0203397
0.0328154
0.0924034
-0.0985657
-0.439875
-0.0626579
-0.100801
0.00303069
0.00945489
0.0749576
-0.0109504
-0.449052
-0.120387
-0.0154778
-0.101173
0.0114741
-0.410932
-0.133462
-0.039672
-0.0679484
-0.0228566
-0.3434
-0.137612
-0.0694701
-0.266128
-0.130321
-0.108064
0.0230105
0.0221502
0.0214849
0.0247278
0.0238583
0.0266314
0.0256451
0.0285339
0.0275603
0.030306
0.0294274
0.0319574
0.0311331
0.0335475
0.0327527
0.0351106
0.0343309
0.0366627
0.0358879
0.0382226
0.0374412
0.0398238
0.0390165
0.0415251
0.0406594
0.0434076
0.0424411
0.0455586
0.0444485
0.0480399
0.0467604
0.0508471
0.0494105
0.0538731
0.052346
0.0568951
0.0554011
0.0596058
0.0583049
0.0617196
0.0607435
0.063049
0.0624801
0.0635279
0.0633843
0.0631991
0.0634503
0.0621649
0.0627551
0.0605592
0.0614189
0.0585336
0.0595854
0.0562533
0.0574128
0.0539036
0.0550748
0.0517025
0.0527727
0.0499023
0.0507404
0.0487969
0.0492531
0.0486695
0.0486051
0.0498013
0.049076
0.0523822
0.0509193
0.0565934
0.0542814
0.062572
0.0593986
0.0705389
0.0663023
0.0806626
0.0753594
0.0865061
0.124351
0.125435
0.121037
0.122773
0.0443151
0.0398342
0.0511949
0.0478887
0.0539101
0.0385493
0.0431116
0.0317507
0.0349109
0.0269998
0.0290062
0.0253819
0.0258402
0.0264658
0.0256658
0.0294494
0.0277831
0.0335612
0.0314239
0.0380044
0.0357844
0.04214
0.0401385
0.0454702
0.0439181
0.0477009
0.0467178
0.0487868
0.0483679
0.0488985
0.0489374
0.0483471
0.0486783
0.0474783
0.0479306
0.046585
0.0470216
0.045859
0.0461966
0.0453856
0.0455925
0.0451691
0.0452505
0.0451666
0.0451474
0.0453164
0.0452283
0.0455571
0.0454301
0.0458346
0.0456947
0.0461012
0.0459719
0.0463089
0.0462141
0.0464
0.0463737
0.0463086
0.046378
0.0459449
0.0461633
0.0451817
0.0456149
0.0438934
0.0446004
0.0420465
0.0430281
0.0397848
0.0409484
0.037393
0.0385676
0.0351562
0.0362456
0.0332441
0.0341585
0.0316728
0.0324227
0.0303235
0.0309755
0.0289933
0.0296753
0.0275888
0.0283373
0.0276158
0.0260215
0.0268147
0.0206383
0.0202094
0.0206151
0.0174359
0.0191933
0.0109026
0.0147428
-0.00116755
0.00567215
-0.0205208
-0.00987326
-0.0475226
-0.0331589
-0.0791874
-0.0631423
-0.108342
-0.094628
-0.126055
-0.119083
-0.126528
-0.128531
-0.110255
-0.120183
-0.0829797
-0.097513
-0.0520285
-0.0675409
-0.0232946
-0.0371278
-4.71629e-05
-0.0108899
0.0166444
0.00910842
0.0272016
0.0226004
0.0329197
0.0305806
0.0350053
0.0343186
0.0347905
0.035119
0.033128
0.0341022
0.0305762
0.0319214
0.029151
-0.190993
0.0199182
0.104806
0.0222692
0.106167
0.0213157
0.0231463
-0.071081
0.111968
0.112966
-0.0537738
0.119567
0.120091
0.118376
-0.297712
-0.0693044
-0.0356021
0.0540415
0.0431157
0.102604
-0.201361
-0.378588
-0.080113
-0.101221
-0.00731025
0.0194715
0.0448672
0.0404127
0.0268327
0.02521
0.086696
-0.0988996
-0.427793
-0.089515
-0.129339
0.0160214
-0.00714176
-0.130914
0.0659915
-0.0371203
-0.417216
-0.152478
-0.034581
-0.0628773
-0.0468372
-0.362175
-0.0697952
-0.0934916
-0.166844
-0.0906575
-0.0909223
-0.288794
-0.170779
-0.13388
-0.218469
-0.161166
0.0197031
0.021846
0.0200917
0.0209864
0.0241896
0.0229998
0.0261188
0.0251413
0.027955
0.0270207
0.0296779
0.0288209
0.0313075
0.0304958
0.0328931
0.0321003
0.0344729
0.0336825
0.0360619
0.0352664
0.0376755
0.0368655
0.0393405
0.0385006
0.0411033
0.0402079
0.0430289
0.042044
0.0451846
0.0440776
0.0476129
0.0463673
0.0502967
0.0489299
0.0531317
0.0517067
0.0559206
0.0545455
0.0584074
0.0572138
0.0603483
0.0594504
0.0615872
0.0610527
0.0620682
0.0619133
0.0618272
0.0620252
0.0609585
0.0614575
0.0595886
0.0603227
0.0578615
0.0587571
0.0559352
0.0569116
0.0539865
0.0549525
0.0522186
0.0530694
0.0508641
0.0514794
0.0501837
0.0504318
0.0504341
0.0501875
0.0518628
0.0510011
0.054651
0.0530914
0.0589818
0.0566293
0.0649331
0.0617695
0.072862
0.0686472
0.0825578
0.077442
0.0940316
0.0881548
0.106949
0.100319
0.120501
0.1138
0.127308
0.134574
0.133922
0.134325
0.132595
0.133194
0.129969
0.131667
0.0522713
0.0486999
0.0585603
0.0554068
0.0639418
0.0610692
0.0661094
0.0514718
0.0628061
0.0578437
0.0410774
0.0453733
0.0346659
0.0377522
0.0299959
0.0320527
0.0280877
0.028731
0.0285826
0.028101
0.0308129
0.029536
0.0341202
0.0323839
0.0378193
0.0359604
0.0413364
0.0396262
0.044232
0.0428736
0.0462404
0.0453443
0.0472999
0.046874
0.0475314
0.0474974
0.0471766
0.0474045
0.0465161
0.0468658
0.0457966
0.0461517
0.0451885
0.0454737
0.0447762
0.0449584
0.0445745
0.0446528
0.0445548
0.0445469
0.0446692
0.0446
0.0448679
0.0447619
0.0451061
0.044985
0.0453426
0.0452269
0.045537
0.0454464
0.0456247
0.0456082
0.045538
0.0456039
0.0451829
0.0453967
0.0444357
0.0448594
0.0431888
0.0438715
0.0414196
0.0423586
0.0392526
0.0403689
0.0369146
0.0380822
0.0346588
0.0357673
0.0326353
0.0336162
0.0308728
0.0317265
0.0292924
0.0300658
0.0277568
0.0285207
0.0261125
0.0269633
0.024371
0.0253209
0.019228
0.0184889
0.0190914
0.0154978
0.0173187
0.00864464
0.0127106
-0.00454007
0.00297951
-0.0260388
-0.0141997
-0.0560231
-0.0400837
-0.090958
-0.0733043
-0.122484
-0.107774
-0.140521
-0.133691
-0.138939
-0.142236
-0.11903
-0.130891
-0.0878859
-0.104303
-0.0538819
-0.0707861
-0.0232658
-0.0378957
0.00083231
-0.0103276
0.0176911
0.0101328
0.0280792
0.0235879
0.0335081
0.0313224
0.035281
0.0347552
0.0347207
0.0352179
0.0328123
0.0338961
0.0300242
0.031489
0.0284792
0.124659
0.112134
-0.301176
-0.0942768
0.0185322
-0.0328623
-0.0195802
0.0426996
0.0308791
0.0358418
0.0234849
0.0983696
-0.19924
-0.372927
-0.109655
-0.13108
0.00771022
0.0036164
-0.160174
0.0792451
0.131532
-0.11456
-0.397855
-0.164719
-0.0491074
-0.0268654
0.14164
0.134548
0.14134
0.0554302
-0.0591405
-0.0901068
-0.368919
-0.125703
-0.0947416
-0.191536
-0.114938
-0.0834454
-0.123039
-0.30354
-0.208148
-0.168491
-0.231608
-0.21229
-0.201137
0.0665804
0.0195602
0.0213329
0.02028
0.0235485
0.0224138
0.0255271
0.0245597
0.027311
0.0264186
0.0289899
0.0281607
0.0305923
0.0297964
0.0321674
0.0313801
0.0337535
0.0329585
0.0353684
0.0345572
0.0370277
0.0361927
0.0387524
0.0378813
0.0405786
0.0396517
0.0425546
0.0415468
0.0447284
0.043617
0.0471234
0.045901
0.0497106
0.0483992
0.0523884
0.0510477
0.0549815
0.0537064
0.057273
0.0561738
0.05906
0.0582329
0.0602105
0.0597114
0.0606814
0.0605222
0.0605081
0.0606634
0.0597803
0.0602005
0.0586183
0.0592409
0.05716
0.0579145
0.0555557
0.0563653
0.0539725
0.0547514
0.0525986
0.05325
0.0516468
0.0520613
0.0513486
0.0514095
0.0519361
0.0515277
0.053627
0.0526443
0.0565974
0.0549555
0.0610035
0.05863
0.0669503
0.0637865
0.074684
0.0706198
0.0840127
0.0792138
0.0950461
0.0893912
0.107701
0.101158
0.121123
0.114445
0.127727
0.141682
0.141807
0.141272
0.141525
0.140889
0.141085
0.139099
0.140572
0.14353
0.140091
0.0552
0.0492544
0.0521353
0.0606478
0.0579494
0.0656691
0.0631693
0.0701266
0.0680433
0.0640854
0.0716412
0.0712677
0.0535843
0.059191
0.0433374
0.0479202
0.0369852
0.0399607
0.0324753
0.0345035
0.0303173
0.0311191
0.0303346
0.0301113
0.0319512
0.0309931
0.034589
0.033188
0.0376574
0.0361054
0.0406447
0.0391847
0.04316
0.0419726
0.0449606
0.0441485
0.0459742
0.0455543
0.0462821
0.0461986
0.046071
0.0462222
0.045568
0.0458396
0.0449808
0.0452738
0.04446
0.0447067
0.0440877
0.0442546
0.0438871
0.0439682
0.0438424
0.0438488
0.0439193
0.0438693
0.0440792
0.0439919
0.0442856
0.044179
0.0445026
0.0443948
0.0446869
0.0446015
0.0447837
0.0447362
0.0447188
0.0447746
0.0443856
0.044588
0.0436686
0.0440757
0.0424712
0.0431264
0.0407759
0.0416755
0.0386794
0.0397645
0.0363823
0.0375408
0.0340901
0.0352258
0.0319459
0.0329967
0.0299932
0.0309489
0.0281865
0.0290778
0.0264272
0.0273063
0.0246219
0.0255219
0.022749
0.0237506
0.0225308
0.0207197
0.0216983
0.0176989
0.0167614
0.0175149
0.0136092
0.0154923
0.00645465
0.0106996
-0.00747644
0.000512614
-0.0306179
-0.0178492
-0.0629756
-0.0457794
-0.100483
-0.0815714
-0.133737
-0.118335
-0.15181
-0.145214
-0.148336
-0.152794
-0.125356
-0.138818
-0.0911337
-0.109035
-0.0548073
-0.072749
-0.0228293
-0.038026
0.00181195
-0.00953514
0.0186878
0.0111681
0.0288269
0.0244799
0.0338926
0.0319023
0.0353607
0.0349822
0.0344896
0.035144
0.0323117
0.0335185
0.0293798
0.0309144
0.0259985
0.0277057
0.024295
0.110324
-0.295022
-0.124808
0.0172393
-0.0125255
-0.00170898
0.0287409
0.0160559
-0.174067
0.0929795
-0.203573
-0.352554
-0.145861
-0.167196
-0.0265795
-0.0158719
0.148488
0.147746
0.133962
0.139574
0.0658888
0.0721315
0.069803
-0.0558454
-0.155411
-0.358305
-0.138664
-0.162939
-0.208054
-0.1358
0.0189918
0.0180461
0.0163299
0.0307217
0.0178812
0.0460944
0.0425782
0.137273
0.136764
0.147118
-0.0796984
-0.169766
-0.315195
-0.240199
-0.104584
-0.214641
-0.244434
-0.259925
-0.251975
-0.179816
-0.266876
0.0206793
0.0193492
0.0228995
0.0217797
0.0248743
0.0239105
0.0266292
0.0257682
0.0282681
0.0274634
0.0298391
0.0290605
0.031395
0.0306172
0.0329753
0.0321814
0.0346041
0.0337833
0.0362983
0.0354429
0.0380764
0.0371764
0.0399655
0.0390063
0.0419987
0.0409635
0.0442048
0.0430808
0.0465879
0.0453769
0.0491066
0.0478357
0.0516596
0.0503865
0.0540898
0.0528983
0.0562115
0.0551952
0.0578568
0.057095
0.0589183
0.0584563
0.0593659
0.0592099
0.0592389
0.0593626
0.0586257
0.0589805
0.0576431
0.0581684
0.0564236
0.0570518
0.0551104
0.0557686
0.0538599
0.0544681
0.0528454
0.0533148
0.0522593
0.0524915
0.0523072
0.0521987
0.0531964
0.0526438
0.0551195
0.0540296
0.0582426
0.0565345
0.0627006
0.060313
0.0686175
0.0654794
0.0761271
0.072197
0.0851692
0.0804804
0.0958551
0.0902986
0.108073
0.101769
0.121172
0.114627
0.127862
0.148501
0.148637
0.148561
0.1485
0.149066
0.148716
0.150256
0.149257
0.153892
0.152322
0.0657118
0.0628214
0.0640922
0.069023
0.0673848
0.072636
0.0708016
0.0758769
0.0743968
0.0778754
0.0768046
0.0552491
0.0604661
0.0454419
0.0500412
0.0388479
0.0418444
0.0344604
0.036452
0.032113
0.0330401
0.0317513
0.0317337
0.0328714
0.0321722
0.0349579
0.0338343
0.0374974
0.0362036
0.0400354
0.0387882
0.042222
0.0411833
0.0438341
0.0430998
0.0447917
0.0443856
0.0451445
0.0450289
0.0450351
0.045131
0.0446465
0.0448609
0.0441534
0.0444022
0.0436892
0.0439115
0.0433336
0.0434957
0.043118
0.0432089
0.0430392
0.0430634
0.0430762
0.0430455
0.0432014
0.0431298
0.0433856
0.0432879
0.0435963
0.0434892
0.0437902
0.0436972
0.0439115
0.0438599
0.0438761
0.0439165
0.0435778
0.0437615
0.0429035
0.0432879
0.0417625
0.0423873
0.0401345
0.0409999
0.0380967
0.0391524
0.035814
0.0369717
0.033467
0.0346383
0.031192
0.0323159
0.0290495
0.0301049
0.027025
0.0280265
0.0250559
0.0260377
0.0230862
0.0240706
0.021042
0.022076
0.0199539
0.0160563
0.0150625
0.0158185
0.0118319
0.0137805
0.0044547
0.00880942
-0.00983332
-0.00162176
-0.0338772
-0.0205779
-0.0676283
-0.0497022
-0.10653
-0.0869615
-0.140496
-0.124862
-0.158138
-0.151906
-0.153173
-0.158497
-0.127996
-0.142529
-0.0919221
-0.110686
-0.0543523
-0.0728313
-0.0217727
-0.0371952
0.00296056
-0.00838212
0.0196325
0.0122374
0.0294484
0.0252741
0.0340406
0.0323401
0.0352208
0.0349742
0.0340538
0.0348604
0.0316174
0.0329459
0.028528
0.0301326
0.0250521
0.0268043
0.0214385
0.0232686
0.0196561
0.107533
-0.286225
-0.159973
-0.194251
0.0158023
-0.0742494
-0.107989
0.0248643
0.0183992
0.0616608
0.0151758
-0.0451524
0.0145043
0.0427032
-0.00312079
0.0107742
-0.264324
0.0166054
0.134072
0.145745
0.0608342
0.0789137
0.0172207
0.0859518
0.121919
-0.0500049
-0.228914
-0.33141
-0.183346
-0.212566
0.0391925
0.0107019
-0.141127
0.0167544
0.0152088
0.059109
0.153254
0.136827
-0.0775184
-0.227102
-0.321559
-0.212606
-0.262266
0.026117
-0.100031
-0.272437
-0.266056
-0.301357
-0.0272227
-0.0131589
-0.121187
0.0140142
0.0136042
0.167899
0.172021
-0.317508
-0.194989
-0.326768
-0.0701442
-0.154207
-0.335064
0.0198701
0.0184462
0.0221891
0.0211225
0.0241884
0.0232298
0.0259326
0.025094
0.0275393
0.0267544
0.0290781
0.028316
0.0306076
0.0298421
0.0321696
0.0313826
0.0337983
0.0329745
0.0355139
0.0346443
0.0373346
0.03641
0.0392809
0.0382908
0.0413736
0.0403081
0.0436231
0.0424789
0.0460143
0.0448029
0.0484918
0.0472461
0.0509517
0.0497292
0.0532494
0.0521259
0.0552249
0.0542803
0.0567395
0.0560385
0.0577096
0.0572866
0.0581201
0.057975
0.0580174
0.0581208
0.0574917
0.0577946
0.0566591
0.0571015
0.0556481
0.0561648
0.0545957
0.0551172
0.0536477
0.0541
0.0529619
0.0532644
0.0527102
0.0527755
0.053074
0.0528108
0.0542356
0.0535531
0.0563649
0.0551803
0.0596131
0.0578531
0.0641026
0.0617094
0.0699565
0.0668649
0.0772656
0.0734435
0.0860381
0.0814913
0.0963502
0.0910087
0.1082
0.102115
0.12079
0.114601
0.127301
0.155024
0.153312
0.154613
0.155143
0.15512
0.155619
0.155269
0.156951
0.156172
0.15984
0.15806
0.164872
0.162176
0.16753
0.075929
0.0782733
0.0766529
0.0759876
0.0756857
0.0772813
0.0765267
0.079449
0.0782744
0.0818346
0.0806565
0.0841271
0.082912
0.0796462
0.0862576
0.0852554
0.0669534
0.0731585
0.0560864
0.0612449
0.0469082
0.0512984
0.0402453
0.0432728
0.0359376
0.0378924
0.0334907
0.0344945
0.032848
0.0329866
0.0335779
0.0330838
0.0352192
0.0343209
0.0373226
0.0362424
0.0394852
0.0384161
0.0413925
0.0404805
0.0428383
0.0421733
0.0437365
0.043348
0.0441118
0.0439763
0.0440702
0.0441278
0.0437586
0.0439338
0.0433239
0.0435451
0.0428856
0.0430973
0.042523
0.0426903
0.042276
0.042383
0.0421549
0.0421991
0.0421518
0.0421387
0.0422491
0.0421882
0.0424235
0.0423272
0.0426434
0.0425286
0.042864
0.0427551
0.0430238
0.0429524
0.0430339
0.0430503
0.0427822
0.0429416
0.0421598
0.0425171
0.0410763
0.0416711
0.039505
0.0403422
0.0375057
0.038545
0.0352158
0.0363826
0.0327965
0.0340104
0.0303842
0.0315822
0.0280574
0.0292075
0.0258306
0.0269323
0.0236738
0.0247455
0.0215376
0.0226066
0.0193835
0.0204654
0.0182712
0.0143851
0.0143337
0.013425
0.0141542
0.0101769
0.0121529
0.0027455
0.00711868
-0.0115054
-0.00332457
-0.0355421
-0.0222264
-0.0694391
-0.0514278
-0.108209
-0.0887544
-0.141654
-0.126332
-0.158389
-0.152635
-0.152619
-0.158299
-0.126256
-0.141128
-0.0898175
-0.108709
-0.0522603
-0.0706924
-0.0199377
-0.0352072
0.00441277
-0.00672695
0.0206461
0.0134728
0.0300387
0.0260738
0.0338983
0.0328192
0.0349152
0.034772
0.0334188
0.0344008
0.0307732
0.0322106
0.0275122
0.0291915
0.0239751
0.0257659
0.0202928
0.022134
0.0184904
0.103748
-0.0399539
-0.288701
-0.202416
0.0807191
0.0606224
-0.0113407
0.000747085
-0.143142
0.0155064
0.0137625
0.0780766
0.118928
-0.0750903
-0.282796
-0.323466
-0.231782
-0.268928
0.080211
0.0870519
0.0444961
0.161018
0.136701
-0.0997892
-0.32748
-0.295597
-0.277875
-0.331267
-0.0585202
-0.0443797
0.00390934
-0.123203
0.0137019
0.012956
0.184349
0.0134885
0.177942
0.195053
0.012543
0.201018
0.201752
0.171388
-0.116558
-0.39019
-0.230262
-0.378331
0.0942657
0.0990632
0.160957
0.152383
0.160653
-0.0277492
-0.104412
-0.221621
-0.422083
-0.1622
-0.41071
0.220625
0.224996
0.0347998
0.014086
0.0161943
0.0150523
0.0190865
0.0177336
0.0214957
0.0204013
0.0235078
0.0225436
0.0252534
0.0244135
0.026836
0.026061
0.0283442
0.0275947
0.0298438
0.0290914
0.0313757
0.0305992
0.0329911
0.032169
0.0347122
0.033834
0.0365591
0.0356149
0.0385499
0.0375313
0.0406958
0.0395985
0.0429921
0.0418212
0.0454057
0.0441818
0.0478658
0.0466289
0.0502626
0.0490717
0.0524583
0.0513844
0.0543117
0.0534242
0.0557085
0.0550597
0.0565871
0.056201
0.0569484
0.0568175
0.0568487
0.0569393
0.0563834
0.0566445
0.05567
0.0560412
0.0548358
0.055253
0.0540125
0.0544097
0.0533363
0.0536451
0.0529496
0.053098
0.053004
0.0529154
0.053657
0.0532522
0.0550663
0.0542668
0.0573798
0.0561129
0.0607305
0.0589315
0.065231
0.0628446
0.0709938
0.0679635
0.0780947
0.0743885
0.0865784
0.0821754
0.0965316
0.0913753
0.108039
0.102108
0.120841
0.114454
0.134739
0.12742
0.143483
0.161432
0.161424
0.161513
0.161398
0.162307
0.16177
0.164439
0.163191
0.168617
0.166202
0.174823
0.171506
0.183248
0.178431
0.200611
0.190425
0.21028
0.0882415
0.090628
0.085746
0.0866229
0.0851979
0.0851902
0.0860705
0.0854923
0.0878136
0.0868764
0.0903162
0.0889057
0.0928514
0.0916681
0.0673283
0.0736221
0.0565228
0.0616229
0.0478059
0.0519335
0.0412238
0.0442516
0.0369802
0.0389026
0.0345021
0.0355455
0.0336584
0.0339135
0.0340869
0.0337533
0.0353746
0.0346566
0.037124
0.0362177
0.038978
0.0380548
0.0406526
0.0398451
0.0419555
0.0413488
0.0427958
0.042424
0.043177
0.0430289
0.0431751
0.0432064
0.0429068
0.0430566
0.0424971
0.0427036
0.0420557
0.0422668
0.0416638
0.0418425
0.0413719
0.0414965
0.0412043
0.0412653
0.0411655
0.0411627
0.0412465
0.0411859
0.0414269
0.0413202
0.0416739
0.0415392
0.0419378
0.0418021
0.0421502
0.0420496
0.0422151
0.0422012
0.042021
0.0421502
0.0414525
0.0417806
0.0404202
0.0409872
0.0388903
0.0397052
0.0369075
0.0379387
0.0345891
0.0357719
0.0320859
0.0333437
0.0295388
0.0308046
0.0270442
0.0282761
0.0246407
0.0258262
0.0223216
0.0234685
0.0200568
0.0211816
0.0178367
0.0189356
0.0166946
0.0108765
0.0118027
0.0113743
0.0127329
0.0123948
0.0128174
0.012817
0.0118674
0.0125618
0.00870943
0.0106503
0.00146999
0.00572308
-0.0123143
-0.00441402
-0.0353922
-0.0226151
-0.068017
-0.0505629
-0.105052
-0.0864865
-0.136722
-0.122262
-0.15209
-0.146928
-0.145692
-0.15159
-0.120219
-0.134746
-0.0849005
-0.103175
-0.0486468
-0.0664306
-0.0174788
-0.0322012
0.00598446
-0.00474296
0.0215471
0.0146894
0.0303457
0.026683
0.033939
0.0327199
0.034333
0.0344513
0.0325849
0.0336592
0.0296895
0.031234
0.0262755
0.0280173
0.0226821
0.0244928
0.0189929
0.0208379
0.0153733
0.0171735
0.0123322
0.0138014
0.0987677
-0.0688788
-0.314712
-0.257219
0.0829661
0.0596894
0.0940305
0.0666019
0.113929
-0.101665
-0.365216
-0.334418
-0.300202
-0.342352
-0.0255425
-0.123563
0.21857
0.238795
0.248097
0.0244917
0.139643
-0.120242
-0.446255
-0.286446
-0.416152
0.108416
0.114967
0.104834
0.168272
0.168684
0.151121
0.160226
0.011195
0.0111363
0.00999599
0.187737
-0.0499287
-0.154193
-0.121956
-0.510091
-0.210683
-0.474419
0.00943263
0.00872974
-0.515823
-0.0976132
0.0294788
-0.087135
0.0243114
0.0130947
0.0157283
0.0145264
0.0183771
0.0171285
0.0208168
0.0196869
0.0228642
0.0218857
0.0246234
0.0237645
0.0261964
0.0254094
0.0276809
0.026924
0.0291573
0.0283916
0.0306466
0.0298653
0.0322388
0.0314066
0.0339481
0.0330535
0.0358009
0.0348312
0.0378157
0.0367633
0.0399986
0.0388626
0.0423341
0.0411258
0.0447744
0.0435218
0.047234
0.0459836
0.0495944
0.0484078
0.0517191
0.0506642
0.0534781
0.0526168
0.0547752
0.05415
0.0555675
0.0551931
0.0558714
0.0557338
0.0557551
0.0558162
0.0553217
0.0555282
0.0546937
0.0549847
0.0539998
0.0543123
0.0533693
0.0536407
0.05293
0.053098
0.0528108
0.052812
0.0531432
0.0529119
0.0540611
0.0535301
0.0556971
0.0547996
0.0581765
0.0568492
0.0616123
0.0597981
0.0661052
0.0637512
0.0717526
0.0688079
0.0786247
0.0750542
0.0867816
0.0825495
0.0963252
0.0913703
0.107389
0.101645
0.119925
0.113515
0.134473
0.126897
0.142593
0.167652
0.167995
0.167498
0.16742
0.16862
0.167883
0.171452
0.169799
0.176542
0.173707
0.184284
0.180072
0.195661
0.189319
0.213991
0.203987
0.225137
0.0995148
0.103298
0.0947015
0.0967145
0.0925734
0.0933462
0.0924113
0.0922996
0.0936588
0.0928951
0.0961293
0.094763
0.0992486
0.0976506
0.0951079
0.102685
0.100969
0.0803473
0.087616
0.0672441
0.0735124
0.0565453
0.0615654
0.0481317
0.0520789
0.041795
0.0447123
0.037606
0.0394852
0.035157
0.0362053
0.0341934
0.0345263
0.0344053
0.0341901
0.0354243
0.0348424
0.036897
0.0361212
0.0385053
0.0376887
0.039992
0.0392559
0.041176
0.040603
0.0419617
0.0415913
0.0423352
0.0421672
0.0423477
0.042351
0.0420921
0.0422173
0.0416774
0.0418691
0.0412083
0.0414152
0.0407715
0.0409522
0.0404293
0.0405555
0.0402194
0.0402753
0.0401572
0.0401379
0.040239
0.0401491
0.0404446
0.0402967
0.0407364
0.040552
0.0410579
0.0408678
0.0413318
0.0411772
0.0414572
0.0413907
0.041318
0.041399
0.0407957
0.0410813
0.0397992
0.0403309
0.0382896
0.0390788
0.0363015
0.0373218
0.0339407
0.0351319
0.0313544
0.0326397
0.02869
0.0299973
0.0260592
0.0273379
0.0235164
0.0247462
0.0210683
0.0222488
0.0187138
0.019848
0.016399
0.0175022
0.0140028
0.0151754
0.0125156
0.0105229
0.0101061
0.0112831
0.0110038
0.0112655
0.0112824
0.0103679
0.011003
0.00739033
0.00921973
0.000631036
0.00460526
-0.0122211
-0.00486741
-0.0335243
-0.0217409
-0.0634033
-0.0475146
-0.0973214
-0.0803359
-0.12615
-0.113013
-0.13995
-0.135364
-0.133773
-0.139318
-0.110294
-0.123705
-0.077566
-0.094511
-0.0437789
-0.0603752
-0.0145162
-0.0283628
0.00764248
-0.00249553
0.0223227
0.0158689
0.0304662
0.0271132
0.0336245
0.0325576
0.0335682
0.0339016
0.0315447
0.0327358
0.028457
0.0300868
0.0249268
0.0267173
0.0212958
0.0231137
0.0176697
0.0194737
0.014146
0.0158837
0.0125698
0.090153
-0.102048
-0.365138
-0.329858
-0.142209
-0.123698
-0.0669422
-0.147221
-0.357284
0.262011
0.235779
0.0497155
0.107573
-0.128979
-0.144681
-0.466451
-0.362602
-0.392058
-0.431938
-0.00191781
0.120829
0.128728
0.123358
0.169153
0.150506
0.160019
0.289844
0.286338
0.310105
0.0959853
0.104372
0.0101016
0.00891913
0.010104
0.00896834
0.14477
0.0179926
0.01139
-0.0796044
-0.133622
-0.200294
-0.565581
-0.290582
-0.517238
0.00942688
0.00803165
0.00813085
0.00748459
-0.58785
-0.61379
-0.201753
-0.122021
-0.225051
0.19883
0.0598283
0.0882757
0.0120941
0.0108006
0.0150492
0.0136865
0.0177343
0.0164837
0.0201846
0.0190352
0.0222683
0.0212753
0.0240426
0.0231868
0.025617
0.0248474
0.0270858
0.026357
0.0284942
0.0277975
0.0299971
0.0292434
0.0315613
0.0307651
0.0332466
0.0323854
0.0350886
0.0341461
0.0371071
0.0360754
0.0393066
0.0381857
0.0416655
0.0404701
0.0441252
0.0428894
0.046588
0.045365
0.0489257
0.047782
0.0509991
0.0500039
0.0526838
0.0518955
0.0538953
0.0533498
0.0546056
0.0543093
0.0548457
0.0547763
0.0546958
0.0548085
0.0542699
0.0545052
0.0536982
0.0539904
0.0531146
0.0533971
0.0526483
0.0528574
0.0524219
0.0524971
0.0525513
0.0524353
0.0531487
0.0527857
0.0543239
0.0536591
0.0561824
0.0551636
0.0588242
0.0574019
0.0623402
0.0604699
0.0668144
0.0644542
0.0723276
0.069438
0.0789466
0.0754959
0.0867416
0.0826913
0.0958282
0.0911141
0.10637
0.100904
0.118615
0.112259
0.133309
0.125604
0.141586
0.173473
0.175082
0.174157
0.173087
0.173091
0.174427
0.17354
0.177846
0.175863
0.183846
0.180512
0.192794
0.187943
0.20625
0.198817
0.225152
0.21508
0.250741
0.236776
0.267395
0.109599
0.114519
0.102853
0.105782
0.0993662
0.10078
0.0983112
0.0985931
0.0991839
0.0985459
0.101641
0.100247
0.105408
0.103385
0.110081
0.107709
0.0800982
0.0878118
0.0667061
0.0730122
0.0560765
0.0610479
0.0479024
0.051712
0.0418634
0.0446369
0.0378352
0.0396225
0.0354717
0.0364695
0.0344687
0.0348187
0.0345419
0.034392
0.0353665
0.0348791
0.0366279
0.035957
0.0380434
0.0373254
0.0393787
0.0387242
0.0404624
0.0399494
0.0411946
0.0408647
0.0415467
0.0414066
0.0415505
0.041578
0.0412812
0.0414345
0.040838
0.0410657
0.0403253
0.0405751
0.0398382
0.0400643
0.0394514
0.0396191
0.039214
0.039302
0.0391486
0.0391488
0.0392533
0.0391697
0.039504
0.0393514
0.0398558
0.0396592
0.0402431
0.0400379
0.0405794
0.0404116
0.040759
0.0406837
0.0406607
0.0407399
0.0401661
0.0404575
0.0391829
0.0397282
0.0376708
0.0384826
0.0356607
0.0367142
0.0332549
0.034491
0.0306004
0.031942
0.027849
0.0292219
0.0251215
0.0264701
0.0224775
0.023783
0.0199409
0.0211861
0.0174884
0.0187075
0.0150609
0.0162751
0.0125978
0.0138468
0.0113912
0.00918854
0.00874216
0.0098192
0.00958278
0.00986011
0.00985162
0.0090297
0.00959339
0.00636138
0.00800163
0.000325823
0.00387963
-0.0111315
-0.00458101
-0.0299608
-0.0195502
-0.0561916
-0.0422674
-0.0859035
-0.0710118
-0.111122
-0.0996129
-0.123238
-0.119178
-0.117937
-0.122712
-0.0974449
-0.109172
-0.0684634
-0.0835074
-0.0380825
-0.0530557
-0.0113466
-0.0240419
0.0091725
-0.000238001
0.0228387
0.0168367
0.0302965
0.0272604
0.0329296
0.0321031
0.0324063
0.0329588
0.0300803
0.0313948
0.0268473
0.0285298
0.023277
0.025073
0.0196982
0.0214738
0.0162214
0.0179399
0.0129543
0.0145488
0.0114223
0.0779745
-0.138649
-0.433502
-0.42084
-0.092397
-0.0384366
0.13862
0.17629
0.169723
0.3225
0.339456
0.112538
0.00774089
0.0279733
0.102936
0.005143
-0.15209
-0.189859
-0.570659
-0.400342
-0.462433
-0.503985
-0.534752
0.00861537
0.00728612
0.00678906
0.00685301
0.0062818
-0.627511
-0.663912
-0.301316
-0.139174
-0.118984
0.151873
0.113448
0.0606355
0.13418
0.0953928
0.150752
0.124281
0.0622076
0.0665448
0.147941
0.104337
0.117111
0.16581
0.138169
0.156285
0.136663
0.178823
0.165508
0.184492
0.177732
0.187283
0.179274
0.206875
0.212785
0.233184
0.260565
0.264725
0.245133
0.211526
-0.151387
0.185688
0.188241
0.215076
0.293574
0.373428
0.363549
-0.683205
0.504488
0.553434
0.495478
0.54217
0.0113218
0.00996181
0.014323
0.0128968
0.017145
0.0158172
0.0196314
0.0184574
0.0217488
0.0207469
0.0235607
0.0226936
0.0251551
0.0243805
0.0266277
0.0259006
0.0280662
0.0273438
0.029512
0.0287784
0.0310456
0.030264
0.0327026
0.0318551
0.034523
0.0335897
0.0365269
0.0355003
0.0387193
0.0375992
0.0410766
0.0398795
0.0435347
0.042298
0.0459889
0.0447694
0.0483048
0.0471723
0.0503396
0.0493648
0.0519698
0.0512103
0.0531165
0.0526049
0.0537604
0.0534986
0.0539428
0.053903
0.0537547
0.0538863
0.0533203
0.0535583
0.0527786
0.0530525
0.0522704
0.0525103
0.0519288
0.0520696
0.051874
0.0518572
0.052213
0.0519867
0.053042
0.0525594
0.0544481
0.0536666
0.0565107
0.0553912
0.059303
0.0578099
0.0628924
0.0609926
0.0673429
0.0650047
0.0727173
0.0699097
0.0790766
0.075769
0.0864984
0.0826475
0.0951186
0.0906475
0.10514
0.0999383
0.116969
0.110782
0.131493
0.123828
0.149414
0.140051
0.170187
0.15953
0.181408
0.183364
0.178819
0.179896
0.178185
0.178274
0.179688
0.178678
0.183578
0.18133
0.190276
0.186581
0.200374
0.194873
0.21487
0.207049
0.234699
0.224112
0.261587
0.247033
0.297866
0.278667
0.346433
0.320214
0.412174
0.409178
0.376164
0.276061
0.35115
0.351106
0.311422
0.220551
0.246499
0.17982
0.198538
0.150987
0.16404
0.131404
0.140235
0.118331
0.124207
0.110079
0.113722
0.105461
0.107398
0.103691
0.104283
0.104263
0.103733
0.106814
0.105327
0.111233
0.108803
0.117046
0.113978
0.0963814
0.115136
0.105771
0.0792912
0.0874493
0.0655633
0.0720075
0.0549699
0.0599085
0.0470811
0.0507368
0.0414179
0.0439991
0.03766
0.0393258
0.0354506
0.0363838
0.0344859
0.0348289
0.0344992
0.0343875
0.0352042
0.0347825
0.0363217
0.0357274
0.0375988
0.0369546
0.0388205
0.0382284
0.0398229
0.0393578
0.040503
0.0402084
0.0408215
0.0407092
0.0407972
0.0408512
0.0404949
0.040678
0.0400105
0.0402719
0.0394523
0.0397372
0.0389245
0.0391822
0.0385118
0.0387029
0.0382709
0.0383707
0.0382267
0.0382266
0.0383745
0.0382802
0.0386837
0.0385135
0.0391005
0.0388841
0.0395504
0.0393277
0.0399386
0.0397593
0.040154
0.0400757
0.0400743
0.0401595
0.039582
0.0398875
0.0385881
0.0391534
0.0370558
0.0378915
0.0350179
0.0360983
0.0325773
0.0338429
0.0298809
0.0312549
0.0270801
0.028489
0.0242956
0.0256836
0.0215917
0.0229385
0.018995
0.0202844
0.0164754
0.0177378
0.0139669
0.0152261
0.0114313
0.0127119
0.00896529
0.0102638
0.00661885
0.0079228
0.0077749
0.00736992
0.00836626
0.00810125
0.00843403
0.00844513
0.00773704
0.00821617
0.00547139
0.00686723
0.000346055
0.00337177
-0.00939358
-0.00382246
-0.0253039
-0.0165065
-0.047333
-0.0356424
-0.0722303
-0.059731
-0.0934646
-0.0837277
-0.103946
-0.100328
-0.0999865
-0.103719
-0.0831225
-0.0928258
-0.0585556
-0.0713745
-0.0321154
-0.045219
-0.00828512
-0.019656
0.0103356
0.00177021
0.022847
0.0173523
0.0296291
0.0268885
0.031847
0.0312088
0.0310047
0.0317093
0.0284517
0.0298651
0.0251101
0.0268296
0.0215412
0.0233209
0.0180597
0.0197722
0.0147724
0.0163829
0.0117655
0.013224
0.00908624
0.0103604
0.00685836
0.00794065
0.0637131
0.469368
0.393548
0.433745
0.0743954
0.44298
0.496681
0.473705
-0.171642
-0.509223
-0.52951
0.00606226
0.00596179
0.00564799
-0.337381
0.120376
0.181004
-0.562977
-0.599658
-0.632684
-0.655356
-0.43439
-0.170584
0.457526
0.537926
0.163096
-0.00461378
0.506089
0.404096
-0.00222026
0.09852
-0.733377
-0.638361
-0.238152
-0.268811
-0.17405
0.191265
0.124016
0.158121
0.24335
0.414439
0.338527
0.258743
0.342525
-0.173766
-0.720847
-0.707816
0.00497581
-0.210819
0.00595226
-0.708207
0.00480957
0.602765
0.618158
-0.618762
-0.570009
-0.207035
0.500528
0.086923
0.457782
0.0455347
-0.693533
-0.314489
0.00688662
0.00795121
0.00912174
0.0103668
0.0116864
0.013088
0.0145625
0.0161028
0.0177067
0.019372
0.0210827
0.0228137
0.0245225
0.0261566
0.0276445
0.0288859
0.0297517
0.0300744
0.0296807
0.0283813
0.0260012
0.0223932
0.0174567
0.0111449
0.00348305
-0.00542494
-0.0153897
-0.0261321
-0.0372827
-0.0483915
-0.0589277
-0.0683217
-0.0759774
-0.0813626
-0.0840431
-0.0837893
-0.0806185
-0.0747985
-0.0668735
-0.0575062
-0.0474847
-0.037497
-0.0281495
-0.0198364
-0.0127859
-0.00706127
-0.00259063
0.000755298
0.00317195
0.00483975
0.00594529
0.00661665
0.00698145
0.00711592
0.00709551
0.00698493
0.00673914
0.00642977
0.00608181
0.00566189
0.00516345
0.00460213
0.00403269
-0.726915
-0.483933
-0.211725
0.321303
0.393691
0.286414
0.172407
0.00402094
0.00480103
0.00566648
0.00679708
0.00793181
0.00922316
0.0104692
0.0118051
0.0130962
0.0143964
0.0156794
0.0169675
0.0182628
0.019566
0.0208878
0.022248
0.0236295
0.0250237
0.0264381
0.0278464
0.0292532
0.0306241
0.0319612
0.0332249
0.0344168
0.0354982
0.0364755
0.0373155
0.0380336
0.038605
0.0390541
0.0393643
0.0395668
0.0396514
0.0396535
0.0395667
0.0394274
0.0392299
0.0390091
0.0387589
0.0385124
0.0382616
0.038038
0.0378304
0.0376688
0.0375382
0.0374669
0.0374357
0.0374706
0.0375471
0.0376891
0.0378662
0.0380992
0.0383523
0.038643
0.0389307
0.0392306
0.0394991
0.0397511
0.039943
0.0400912
0.0401547
0.0401537
0.0400527
0.0398772
0.0395987
0.0392491
0.0388082
0.0383142
0.0377555
0.0371761
0.0365721
0.0359917
0.0354376
0.0349604
0.0345673
0.0343104
0.0341998
0.0342885
0.0345865
0.0351457
0.0359738
0.0371284
0.0386218
0.0405264
0.042857
0.0457038
0.0490901
0.053149
0.0579123
0.0635441
0.0700566
0.0776148
0.0862271
0.0959188
0.106553
0.117392
0.127828
0.137451
0.132436
0.127767
0.123543
0.119807
0.116549
0.113746
0.111499
0.109856
0.108787
0.108319
0.108469
0.109299
0.110848
0.113195
0.116409
0.12061
0.12591
0.13247
0.140413
0.149952
0.161359
0.174924
0.190782
0.209165
0.230191
0.254895
0.282957
0.314142
0.348011
0.382847
0.415604
0.442454
0.461173
0.468155
0.463657
0.448254
0.425563
0.399714
0.373334
0.34829
0.325429
0.305074
0.286526
0.269564
0.255011
0.242465
0.231609
0.222052
0.213746
0.206687
0.200778
0.195837
0.191789
0.188527
0.18605
0.184282
0.183197
0.182733
0.182908
0.183683
0.185071
0.187078
0.189701
0.192702
0.196344
0.20059
0.205532
0.195125
0.183072
0.170565
0.158624
0.147661
0.137894
0.129268
0.121675
0.114957
0.108957
0.103559
0.0986332
0.0941071
0.0899058
0.0860127
0.0823774
0.0789987
0.0758425
0.0729178
0.0701968
0.067693
0.0653805
0.0632753
0.0613506
0.0596238
0.0580669
0.0566986
0.0554891
0.0544583
0.0535735
0.0528558
0.0522688
0.0518348
0.0515139
0.0513278
0.051234
0.0512516
0.0513362
0.051504
0.0517086
0.0519638
0.0522208
0.0524923
0.0527276
0.0529407
0.0530802
0.0531615
0.0531368
0.0530234
0.0527801
0.0524285
0.0519361
0.0513306
0.0505889
0.0497453
0.0487859
0.0477499
0.04663
0.0454674
0.0442581
0.0430415
0.0418133
0.040608
0.0394187
0.0382736
0.0371617
0.0361042
0.0350863
0.0341232
0.0331978
0.0323235
0.0314888
0.0306903
0.0299136
0.0291664
0.0284345
0.02772
0.027003
0.0262849
0.025552
0.024799
0.0240118
0.0231789
0.022292
0.0213286
0.0202972
0.0191596
0.0179507
0.0166122
0.0152234
0.0137042
0.0122388
0.0106715
0.00915207
0.00773383
0.00641533
0.00525315
0.00429862
0.00355391
0.00514418
-0.230285
-0.690168
-0.638755
-0.450811
-0.70042
-0.300017
-0.275022
-0.204824
0.590798
0.473405
-0.019987
0.206038
0.408565
0.550043
0.0893227
-0.0485705
0.0156637
0.478198
0.111361
0.534943
-0.244472
-0.605352
-0.653576
-0.385213
-0.639977
-0.325426
0.00591862
0.00687041
0.00787165
0.00894613
0.0101165
0.0113677
0.0126958
0.0140939
0.0155706
0.0171213
0.0187418
0.020405
0.0220776
0.0237003
0.0252042
0.0264802
0.027401
0.0278037
0.0275319
0.0264207
0.024327
0.0211387
0.016785
0.0112563
0.00460108
-0.00304705
-0.0114954
-0.0204573
-0.0296053
-0.0385297
-0.0468169
-0.0540057
-0.0596936
-0.063494
-0.0651695
-0.0645774
-0.0618115
-0.0570826
-0.0508431
-0.0435675
-0.0358634
-0.0282094
-0.0210724
-0.0147207
-0.00934076
-0.00496597
-0.00155849
0.000989151
0.00281942
0.0040797
0.00490733
0.00539697
0.0056459
0.00571915
0.00567049
0.00556392
0.00535911
0.00511084
0.00480985
0.0044607
0.00405792
0.00359962
0.00317154
0.00288877
0.00330586
0.217435
0.354033
0.146699
0.140501
0.134744
0.129581
0.125038
0.12121
0.118036
0.115562
0.113776
0.112663
0.112259
0.112562
0.113606
0.115452
0.118156
0.121806
0.126492
0.132332
0.139446
0.147977
0.158087
0.169991
0.183841
0.199693
0.217746
0.238405
0.261565
0.287373
0.314946
0.344031
0.373628
0.400977
0.422503
0.436285
0.441774
0.43928
0.428777
0.412098
0.391674
0.36959
0.347862
0.327468
0.308597
0.291219
0.275316
0.261031
0.248417
0.237336
0.227619
0.219134
0.211815
0.205594
0.200377
0.196098
0.19266
0.190026
0.188154
0.187048
0.186617
0.186901
0.187883
0.189575
0.191993
0.195132
0.198784
0.203359
0.208534
0.214494
0.221295
0.213449
0.200423
0.18575
0.171133
0.157636
0.145675
0.135402
0.126592
0.119024
0.11244
0.106696
0.101613
0.0970412
0.0928688
0.0889669
0.0853676
0.0819469
0.0787795
0.0757622
0.0729788
0.0703276
0.0679022
0.0655999
0.0635217
0.0615601
0.0598217
0.0581941
0.0567887
0.055488
0.0544067
0.0534224
0.0526517
0.0519674
0.0514867
0.0510776
0.0508572
0.0506878
0.0506868
0.0507109
0.0508761
0.0510347
0.0513015
0.0515251
0.0518192
0.0520313
0.0522747
0.0523975
0.0525156
0.0524782
0.0524068
0.0521542
0.0518488
0.0513501
0.0507942
0.0500488
0.0492573
0.0482962
0.0473134
0.0461924
0.0450826
0.0438713
0.0427054
0.0414727
0.0403146
0.0391172
0.038015
0.0368915
0.035873
0.0348409
0.0339126
0.0329677
0.0321092
0.0312764
0.0305135
0.0297193
0.0290036
0.0282389
0.0275456
0.0267859
0.0260869
0.0253098
0.0245734
0.0237396
0.0229223
0.0219897
0.0210334
0.0199596
0.0188101
0.0175822
0.0162263
0.0147879
0.01325
0.011687
0.0101428
0.0084624
0.00699411
0.0054594
0.00446602
0.00350179
0.00319681
0.00263399
0.00414696
0.0692249
-0.131888
0.402527
0.600968
-0.0365258
0.273625
0.64896
0.465376
-0.284595
-0.242456
-0.445919
-0.699066
0.00297439
0.00350286
0.00453349
0.00574988
0.00702009
0.00837684
0.00973113
0.011102
0.0124425
0.0137703
0.0150931
0.0163982
0.0177247
0.0190412
0.0203948
0.0217389
0.0231295
0.0245071
0.0259473
0.0273321
0.0287458
0.030094
0.0314383
0.0326824
0.0338861
0.0349549
0.0359515
0.0367872
0.0375315
0.0381056
0.038585
0.0389012
0.0391338
0.039223
0.0392499
0.0391621
0.0390393
0.0388314
0.0386183
0.0383479
0.0380999
0.0378204
0.0375877
0.0373453
0.0371695
0.0370012
0.036914
0.0368457
0.0368663
0.0369098
0.0370418
0.0371923
0.0374216
0.0376552
0.0379491
0.0382248
0.0385354
0.0387992
0.0390684
0.0392618
0.0394321
0.0395024
0.0395276
0.0394378
0.0392922
0.0390296
0.0387143
0.0382938
0.0378384
0.0373036
0.0367647
0.0361849
0.0356421
0.035106
0.0346554
0.0342652
0.0340125
0.0338755
0.0339289
0.0341533
0.0346189
0.0353108
0.0362976
0.0375777
0.0392225
0.0412519
0.0437486
0.0467794
0.0504661
0.0549464
0.0603689
0.0668763
0.0745998
0.0836344
0.0941983
0.106156
0.119001
0.13182
0.143759
0.154443
-0.689191
0.788576
0.230648
-0.640715
0.00172711
0.00199158
0.00211331
0.00353019
0.00481882
0.0062745
0.00774031
0.00916955
0.0105858
0.0119779
0.0133324
0.0146887
0.0160086
0.0173559
0.018675
0.0200391
0.0213718
0.0227737
0.0241532
0.0255704
0.0269508
0.0283475
0.0296872
0.0310149
0.032251
0.0334439
0.0345112
0.0355063
0.0363488
0.0371016
0.0376899
0.0381865
0.0385211
0.038776
0.0388832
0.0389335
0.0388574
0.0387539
0.0385529
0.038351
0.0380799
0.0378342
0.0375454
0.0373069
0.0370476
0.0368594
0.0366683
0.036564
0.0364686
0.0364695
0.0364838
0.0365958
0.0367171
0.0369285
0.0371349
0.0374149
0.0376674
0.037969
0.0382155
0.0384826
0.0386659
0.0388421
0.0389097
0.0389492
0.0388638
0.0387402
0.0384878
0.0382009
0.0377959
0.0373731
0.0368567
0.0363511
0.0357882
0.035274
0.0347466
0.0343128
0.0339141
0.0336561
0.0334808
0.0334895
0.0336279
0.0339896
0.034527
0.0353275
0.0363566
0.037702
0.0393546
0.0414213
0.0439512
0.0471086
0.0510704
0.0560806
0.0623362
0.0701172
0.0796658
0.0911421
0.104707
0.120035
0.136603
0.15246
0.774875
-0.609487
-0.278093
0.554704
0.17603
0.500226
-0.048743
0.65301
-0.288783
0.222548
0.215176
0.209217
0.203966
0.19955
0.196023
0.19325
0.191296
0.190149
0.189773
0.190154
0.191321
0.193258
0.196001
0.199595
0.20407
0.209485
0.21591
0.223406
0.23204
0.24188
0.252981
0.265474
0.279403
0.29471
0.311143
0.328532
0.346728
0.365319
0.383439
0.399847
0.412861
0.420768
0.422417
0.417773
0.406339
0.388633
0.365798
0.340485
0.314824
0.289834
0.266055
0.244093
0.224107
0.206307
0.19051
0.176545
0.16436
0.153863
0.144918
0.137391
0.131161
0.126102
0.122125
0.11915
0.117086
0.115878
0.115479
0.115872
0.117022
0.118939
0.121633
0.125168
0.129559
0.134833
0.141012
0.148079
0.155802
0.165012
0.00489349
0.00561503
0.00637758
0.00724158
0.00819792
0.00924567
0.0103561
0.0115508
0.0128107
0.0141657
0.0155801
0.0170733
0.018579
0.020093
0.0215084
0.0227721
0.0237184
0.0242503
0.0241797
0.0234048
0.021758
0.0191787
0.0155829
0.0110021
0.0054968
-0.00078805
-0.00763486
-0.0148123
-0.0219728
-0.0288557
-0.0350378
-0.0403053
-0.0442455
-0.0467789
-0.0476117
-0.0468802
-0.0445132
-0.0408825
-0.0361524
-0.0308269
-0.0251856
-0.0196779
-0.0145237
-0.00998324
-0.00612437
-0.00300999
-0.000582896
0.00121764
0.00250535
0.00338426
0.00394936
0.00427
0.00441567
0.00443646
0.00437308
0.00427892
0.00411279
0.00391949
0.00368237
0.00338752
0.00304785
0.00269481
0.00229075
0.00199377
0.00305319
0.232085
0.221667
0.206368
0.188922
0.171601
0.156071
0.142889
0.132023
0.123027
0.115511
0.109194
0.103827
0.0991966
0.0950707
0.0913122
0.0877966
0.0844946
0.081347
0.0783746
0.0755325
0.0728608
0.0703094
0.0679333
0.0656753
0.0636008
0.0616438
0.0598777
0.0582288
0.0567765
0.0554397
0.0543024
0.0532766
0.0524489
0.0517245
0.0511916
0.0507483
0.0504837
0.0502884
0.0502523
0.0502583
0.0503967
0.0505448
0.0507922
0.0510122
0.0512933
0.0515069
0.0517428
0.0518724
0.0519878
0.0519632
0.0518946
0.051661
0.0513651
0.050892
0.0503526
0.049639
0.0488704
0.0479451
0.0469892
0.0459052
0.0448235
0.0436467
0.0425071
0.0413036
0.0401674
0.0389921
0.0379061
0.036798
0.035791
0.0347686
0.0338509
0.0329195
0.0321025
0.0312154
0.0304382
0.0296359
0.0289086
0.0281439
0.027441
0.0266883
0.0259769
0.0252027
0.0244448
0.0236083
0.0227625
0.0218218
0.0208478
0.0197633
0.0186218
0.0173432
0.0159764
0.0144953
0.0129695
0.0112978
0.00970322
0.00797546
0.0064063
0.00478273
0.00351778
0.00264323
0.00241916
0.00245236
0.00349808
-0.331085
0.365136
0.0585983
0.451728
0.725768
-0.652584
-0.422746
0.281979
0.0318212
0.00405695
0.00372588
0.000850823
-0.000469359
0.00351379
0.00452113
-0.320584
-0.167276
0.137179
0.4792
0.248639
0.581124
-0.346402
0.230191
0.214073
0.2211
0.203079
0.208071
0.196027
0.199089
0.192593
0.193885
0.192518
0.192161
0.195702
0.193717
0.202241
0.198546
0.212421
0.206863
0.226642
0.219016
0.245336
0.235414
0.268893
0.256506
0.297206
0.282522
0.329191
0.312848
0.362474
0.345885
0.391732
0.378088
0.408015
0.401989
0.404113
0.40871
0.378496
0.393873
0.336838
0.358876
0.290912
0.313837
0.247778
0.26873
0.210843
0.22843
0.181054
0.195095
0.157991
0.168729
0.140997
0.148803
0.129212
0.134521
0.121867
0.125037
0.118356
0.119675
0.118297
0.117923
0.121531
0.119509
0.128257
0.124443
0.138974
0.133092
0.154331
0.146051
0.174657
0.163706
0.000951005
0.00278048
0.00262771
0.00171309
0.00594161
0.00427582
0.00941931
0.00764982
0.0128301
0.0110988
0.0158695
0.0144002
0.0184985
0.01724
0.020747
0.0196758
0.0226797
0.0217566
0.024382
0.0235621
0.0259375
0.0251802
0.0274233
0.0266912
0.0289046
0.0281663
0.0304347
0.0296608
0.0320706
0.0312432
0.0338353
0.0329395
0.035764
0.0347848
0.0378567
0.0367973
0.0400831
0.0389633
0.042375
0.0412333
0.044634
0.0435228
0.0467389
0.0457212
0.0485624
0.047701
0.049997
0.0493417
0.0509761
0.0505542
0.0514873
0.051298
0.0515762
0.0515897
0.0513381
0.0515013
0.0509034
0.0511477
0.0504225
0.0506705
0.0500522
0.0502257
0.0499362
0.049966
0.0502005
0.0500261
0.0509462
0.0505206
0.0522451
0.051536
0.0541409
0.0531299
0.0566522
0.0553331
0.0597763
0.0581529
0.0634934
0.0615775
0.0677696
0.0655798
0.072559
0.0701198
0.077808
0.0751465
0.083477
0.0806086
0.0896256
0.0864995
0.0965931
0.092988
0.105467
0.100706
0.118411
0.111297
0.138515
0.12734
0.170745
0.15292
0.211511
0.191331
0.228409
-0.573123
0.178139
0.186358
0.184371
0.00357343
0.00441147
0.00401147
0.00556693
0.00493204
0.0071213
0.00630665
0.00896823
0.00801194
0.0111311
0.01001
0.0136385
0.0123486
0.016327
0.0149859
0.0187317
0.0176099
0.020099
0.0196063
0.0195137
0.0201134
0.0161611
0.0182248
0.00969701
0.0133132
0.000584958
0.00540903
-0.00990185
-0.00459363
-0.019982
-0.0151208
-0.0277829
-0.0242863
-0.0318194
-0.0303511
-0.0314324
-0.0321926
-0.0270842
-0.0296937
-0.0202572
-0.0238741
-0.0128613
-0.016526
-0.00647831
-0.00947914
-0.00189449
-0.003948
0.000886111
-0.000299922
0.00231718
0.00173731
0.00290627
0.00269632
0.00302325
0.00300913
0.00292325
0.00298859
0.00266289
0.00281315
0.00224878
0.00246822
0.00177288
0.00199868
0.00108656
0.00160338
0.00291076
-0.00187173
0.00100854
0.00111351
0.00421391
0.00269947
0.00732375
0.00580493
0.0103004
0.00886615
0.0131127
0.0117569
0.0158256
0.0145118
0.0185122
0.0172039
0.0212164
0.0198968
0.0239612
0.0226243
0.0267256
0.0253751
0.0294327
0.0281347
0.0319611
0.0307673
0.0341969
0.0331645
0.0360244
0.0352084
0.0373736
0.0368021
0.0382292
0.0379032
0.0386252
0.0385218
0.0386356
0.0387137
0.0383598
0.0385674
0.0379066
0.0381897
0.0373796
0.0376853
0.0368771
0.0371603
0.0364811
0.0367026
0.0362533
0.0363849
0.0362303
0.0362573
0.0364173
0.0363414
0.0367837
0.0366248
0.0372636
0.0370589
0.0377629
0.0375622
0.0381736
0.0380319
0.0383916
0.0383593
0.0383369
0.0384498
0.0379699
0.0382416
0.0373023
0.0377202
0.0363983
0.0369241
0.0353688
0.0359419
0.0343597
0.0349036
0.0335377
0.0339674
0.0330721
0.0333036
0.0331168
0.0330761
0.0338018
0.0334272
0.0352402
0.0344749
0.0375796
0.0363379
0.0411749
0.0392325
0.0469957
0.0437514
0.0570253
0.0513508
0.0743039
0.0645312
0.102126
0.0867334
0.140481
0.120459
0.161441
0.00143385
-0.00371972
0.168635
0.200294
0.188673
0.119769
0.14456
0.0810675
0.0981454
0.0588795
0.0681752
0.0473515
0.0520655
0.0413929
0.0438491
0.0378544
0.0393693
0.035461
0.0364859
0.0338596
0.0345101
0.0329527
0.0332646
0.0326748
0.0326824
0.0329315
0.0326862
0.0335953
0.0331646
0.0345152
0.0339767
0.035532
0.0349655
0.0364962
0.0359744
0.0372838
0.0368646
0.0378102
0.0375305
0.0380385
0.0379105
0.0379827
0.0379932
0.037701
0.0378161
0.0372831
0.037455
0.0368321
0.0370087
0.0364467
0.03658
0.0362045
0.0362589
0.0361524
0.0361086
0.0363019
0.0361584
0.0366316
0.0364027
0.0370919
0.0368056
0.0376116
0.0373056
0.0380971
0.0378208
0.0384524
0.0382545
0.0385748
0.0385082
0.0383603
0.038474
0.0377249
0.0380579
0.0366181
0.0371908
0.0350313
0.0358421
0.0330069
0.0340288
0.0306394
0.0318134
0.0280423
0.0293229
0.0253235
0.0266528
0.0225826
0.0239138
0.0198624
0.0211785
0.0171712
0.0184731
0.0144719
0.0157867
0.0116967
0.0130598
0.00876147
0.0102156
0.00558244
0.007171
0.00215268
0.00391355
0.000407622
0.000685155
-0.00136472
-0.00164557
0.000632685
0.000814156
0.000706539
0.000857378
0.00106185
0.00125751
0.00141473
0.00155394
0.00165479
0.00172675
0.00176551
0.00178653
0.00178325
0.00173228
0.0016257
0.0014278
0.00112027
0.000665678
3.00234e-05
-0.000827348
-0.00193312
-0.00330291
-0.00493003
-0.00678154
-0.00879629
-0.0108878
-0.0129403
-0.0148297
-0.0164115
-0.0175613
-0.0181601
-0.0181358
-0.0174451
-0.0160945
-0.0141257
-0.0116195
-0.00868689
-0.0054644
-0.00210835
0.00122132
0.00436393
0.00718166
0.00955585
0.011418
0.0127362
0.0135337
0.0138479
0.013753
0.0133219
0.0126434
0.01179
0.0108461
0.00987203
0.00892507
0.00803104
0.0072057
0.00644654
0.00575141
0.00511447
0.00453316
0.00400552
0.00353979
0.00315695
0.00289188
0.00274482
0.00282016
0.00271611
0.00304118
0.197491
0.00183819
0.254851
0.235977
0.246499
0.192608
0.217184
0.14856
0.168263
0.122147
0.133154
0.107397
0.113511
0.0983844
0.102207
0.0916697
0.0946613
0.0857264
0.0884454
0.0801224
0.0827017
0.0748198
0.0772521
0.0698891
0.0721334
0.0654083
0.0674262
0.0614409
0.0632019
0.058035
0.0595164
0.0552233
0.0564103
0.0530211
0.053908
0.051423
0.0520149
0.0503995
0.050714
0.0498937
0.0499623
0.0498199
0.0496885
0.0500643
0.0497928
0.0504906
0.0501481
0.0509486
0.0506132
0.0512878
0.0510337
0.0513689
0.0512623
0.0510808
0.0511721
0.0503549
0.0506722
0.0491735
0.0497188
0.0475734
0.0483209
0.0456399
0.0465423
0.0434884
0.0444856
0.0412413
0.0422726
0.0390049
0.0400195
0.0368627
0.037822
0.0348642
0.0357484
0.0330236
0.0338292
0.031325
0.0320643
0.0297413
0.0304245
0.0282318
0.0288829
0.026748
0.0273948
0.0252259
0.0258999
0.0235939
0.0243316
0.0217713
0.0226139
0.0196755
0.0206638
0.017233
0.018402
0.0143891
0.0157653
0.0111368
0.0127207
0.00751155
0.00927762
0.00380377
0.00561246
0.000927822
0.00205869
0.00233372
-0.00166522
-0.000244537
0.17004
0.183589
0.149499
0.158846
0.135431
0.141774
0.126301
0.130333
0.12114
0.123265
0.119518
0.119904
0.121371
0.120006
0.126944
0.123675
0.136717
0.131275
0.151339
0.143383
0.171564
0.160714
0.19804
0.183999
0.231103
0.213756
0.270265
0.250017
0.313135
0.291481
0.354519
0.334461
0.385996
0.372068
0.400012
0.395416
0.394816
0.399709
0.374078
0.385943
0.345051
0.360145
0.313916
0.329452
0.284396
0.298796
0.258698
0.270994
0.23759
0.247577
0.221005
0.228749
0.208675
0.214343
0.200198
0.203982
0.195274
0.197312
0.193728
0.194089
0.195594
0.194229
0.201177
0.1979
0.211095
0.205549
0.226514
0.218023
0.237279
-0.432511
-0.0512818
-0.346893
0.229746
-0.589535
-0.338803
-0.505154
-0.357947
-0.363393
-0.358836
0.623746
0.776929
0.879617
0.83508
0.722674
-0.620288
-0.642515
-0.742727
-0.770527
-0.995383
-0.520727
-0.0937662
-0.285111
0.157399
0.207362
0.181615
0.150268
0.120082
0.095561
0.0769352
0.0633309
0.0538244
0.0474631
0.0433002
0.0405501
0.038627
0.0371868
0.036016
0.035026
0.0341707
0.0334475
0.0328563
0.0324048
0.0320957
0.031927
0.0318953
0.0319882
0.032197
0.0325018
0.0328909
0.0333393
0.0338349
0.0343505
0.0348754
0.0353829
0.0358658
0.0363003
0.0366843
0.0369985
0.0372475
0.0374171
0.037519
0.0375447
0.0375121
0.0374174
0.0372837
0.0371096
0.0369211
0.0367175
0.0365253
0.0363418
0.0361922
0.0360699
0.0359974
0.0359632
0.0359862
0.0360498
0.0361696
0.0363241
0.036526
0.0367499
0.0370061
0.037266
0.0375382
0.0377909
0.0380326
0.0382318
0.038393
0.0384839
0.038512
0.0384455
0.0382927
0.0380248
0.037654
0.0371564
0.0365496
0.0358145
0.034973
0.0340148
0.0329732
0.0318443
0.0306362
0.0293688
0.0280668
0.0267282
0.0253817
0.0240225
0.0226735
0.0213208
0.019985
0.0186464
0.0173208
0.0159834
0.014646
0.0132802
0.0118939
0.0104556
0.00896877
0.00739699
0.00573841
0.00408962
0.00219495
0.000316788
-0.00133239
-0.00386083
-0.000988514
0.0138715
0.00265484
0.00105593
0.000733473
0.000122766
4.55411e-05
0.000113027
0.000194938
0.000255561
0.000313836
0.000342662
0.000353336
0.000340373
0.000309716
0.000263116
0.000189846
9.83546e-05
-2.32828e-05
-0.000176962
-0.000376433
-0.000624598
-0.000931116
-0.00129529
-0.00172475
-0.00221288
-0.00275882
-0.00334087
-0.00394867
-0.00454288
-0.00510326
-0.00557698
-0.00593856
-0.00613695
-0.00615504
-0.00596037
-0.0055528
-0.00492209
-0.00408572
-0.00305575
-0.00186972
-0.000568381
0.000786461
0.00212458
0.00337495
0.00446758
0.00536389
0.00602593
0.00645548
0.0066472
0.00663866
0.00645142
0.00613924
0.00572397
0.00525068
0.00473451
0.00421899
0.0037267
0.00328778
0.00290036
0.0025656
0.00226788
0.00200634
0.00177441
0.00157991
0.00142954
0.00135366
0.00141201
0.00160923
0.00212901
0.00352812
0.00728562
0.0142894
0.0115679
0.294527
0.269164
0.248839
0.22484
0.195501
0.167399
0.145651
0.129216
0.117742
0.109026
0.103311
0.0986315
0.0954326
0.0922117
0.0897024
0.0868053
0.0843898
0.0815356
0.0791366
0.076344
0.0740262
0.0713702
0.0692072
0.0667518
0.064799
0.0625896
0.0608859
0.0589539
0.0575261
0.0558921
0.054757
0.0534316
0.0525956
0.0515787
0.0510369
0.0503162
0.0500504
0.0496
0.049578
0.0493578
0.0495329
0.049489
0.0498011
0.0498673
0.0502478
0.0503503
0.0507265
0.050787
0.0510824
0.0510301
0.0511782
0.0509543
0.0509046
0.0504694
0.0501936
0.049532
0.0490303
0.0481575
0.0474562
0.0464085
0.0455541
0.044385
0.0434362
0.0422059
0.0412229
0.039985
0.039016
0.037814
0.0368979
0.0357635
0.0349196
0.0338628
0.0330951
0.032113
0.0314124
0.0304915
0.0298437
0.0289654
0.0283478
0.0274883
0.0268743
0.0260035
0.0253609
0.0244441
0.0237359
0.0227339
0.0219193
0.0207913
0.0198301
0.0185385
0.0173967
0.0159145
0.0145698
0.0128892
0.0113348
0.00946256
0.00772192
0.00586526
0.00386733
0.00188147
9.12115e-05
-0.00239431
0.000730499
-0.000930325
0.00939218
0.285724
0.215465
0.192988
0.174454
0.16139
0.151248
0.14314
0.136583
0.13133
0.127205
0.124104
0.121948
0.120694
0.120315
0.120819
0.122222
0.12457
0.127906
0.132303
0.137829
0.144575
0.152624
0.162075
0.173006
0.185496
0.199582
0.215288
0.232557
0.251263
0.271143
0.291807
0.312719
0.333144
0.352197
0.368843
0.38213
0.391238
0.395876
0.395988
0.391831
0.38389
0.372874
0.359553
0.344859
0.329558
0.314243
0.299371
0.285231
0.27197
0.259725
0.248588
0.238592
0.229736
0.221966
0.215251
0.209545
0.204812
0.201004
0.198093
0.196045
0.194851
0.194507
0.195035
0.19646
0.198844
0.202265
0.206864
0.212813
0.220387
0.230285
0.242725
0.348872
-0.255037
0.0157064
0.0388629
-0.0751166
-0.0469839
-0.127355
0.0208581
-0.00943424
0.00559308
0.0315448
0.0326765
0.0302791
0.0783191
0.00213289
0.0221021
0.124574
0.0148179
-0.335883
0.807679
-2.98686e-05
)
;

boundaryField
{
    frontandback
    {
        type            empty;
    }
    walls
    {
        type            zeroGradient;
    }
    diamond
    {
        type            zeroGradient;
    }
    inlet
    {
        type            zeroGradient;
    }
    outlet
    {
        type            fixedValue;
        value           uniform 0;
    }
}


// ************************************************************************* //
