/*--------------------------------*- C++ -*----------------------------------*\
  =========                 |
  \\      /  F ield         | OpenFOAM: The Open Source CFD Toolbox
   \\    /   O peration     | Website:  https://openfoam.org
    \\  /    A nd           | Version:  10
     \\/     M anipulation  |
\*---------------------------------------------------------------------------*/
FoamFile
{
    format      ascii;
    class       volScalarField;
    location    "23";
    object      p;
}
// * * * * * * * * * * * * * * * * * * * * * * * * * * * * * * * * * * * * * //

dimensions      [0 2 -2 0 0 0 0];

internalField   nonuniform List<scalar> 
6397
(
0.219958
0.201252
-0.0722234
-0.080274
-0.119849
-0.112873
0.401993
0.117484
-0.51836
-0.558373
0.410522
0.297813
0.00191181
0.00282959
-0.00333758
-0.278248
-0.267845
-0.287439
0.843439
0.77594
0.74605
-0.690906
-0.617912
-0.628478
0.00297385
0.00347612
0.00310572
-0.0825388
-0.0770219
-0.0970718
-0.0859066
-0.0530623
-0.0527152
-0.0847103
0.00610457
0.00122889
-0.0228914
-0.0257559
0.0338405
0.0358914
0.0245554
0.0210244
-0.111368
-0.153124
-0.134636
-0.102303
-0.143343
-0.130151
0.0455466
0.0452285
0.0462042
0.0453562
0.0452681
0.368533
0.358688
0.160681
0.172247
-0.00364855
-0.129794
-0.112216
-0.144888
-0.153189
-0.152209
-0.140312
-0.120964
-0.0994238
-0.0811979
-0.0680606
-0.122338
-0.0960203
-0.103067
-0.14335
-0.161865
-0.173156
-0.172056
-0.158716
-0.135861
-0.110699
-0.0890833
-0.0733079
-0.0882495
-0.0840597
-0.0603062
-0.0635549
-0.07847
-0.0771605
-0.0573752
-0.058826
-0.0735378
-0.0752078
-0.0594786
-0.0590951
-0.0726856
-0.0757143
-0.0676319
-0.0650719
-0.0680006
-0.0660935
-0.0649929
-0.0870308
-0.0752166
-0.126173
-0.104294
-0.171601
-0.150262
-0.184392
-0.184723
-0.144355
-0.169717
-0.0912933
-0.115874
-0.0611243
-0.0731629
-0.0523468
-0.0544253
-0.0553948
-0.0509651
-0.0643202
-0.0544853
-0.0580108
-0.0521286
-0.083927
-0.0686439
-0.118209
-0.101592
-0.129567
-0.128051
-0.110852
-0.122554
-0.0846279
-0.0967447
-0.0723142
-0.0759489
-0.0778595
-0.0730948
-0.0820309
-0.091384
-0.0704679
-0.0641546
-0.0775095
-0.0566221
-0.08194
-0.0740718
-0.0782667
-0.0449202
-0.0545425
-0.0995086
-0.0542835
-0.0569518
-0.116236
-0.083453
-0.0588852
-0.0547916
-0.0800304
-0.0671173
-0.121831
-0.0986026
-0.172322
-0.148126
-0.188318
-0.187771
-0.145697
-0.172919
-0.0876123
-0.114923
-0.0537169
-0.0675058
-0.0398777
-0.044867
-0.0396961
-0.0417722
-0.0464349
-0.0447516
-0.0413219
-0.0648914
-0.052622
-0.0939161
-0.0802896
-0.105371
-0.10399
-0.090627
-0.100898
-0.0707255
-0.0801701
-0.0646142
-0.0655788
-0.074831
-0.067732
-0.085616
-0.0908342
-0.103004
-0.0624071
-0.0776577
-0.100057
-0.108141
-0.0967366
-0.0213151
-0.0267259
-0.0664981
-0.0959366
-0.0848672
-0.134828
-0.117344
-0.128335
-0.135808
-0.0705353
-0.0462351
-0.0521914
-0.115281
-0.0963711
-0.107251
-0.0411664
-0.0427347
-0.0471464
-0.0424652
-0.0687856
-0.0555611
-0.110287
-0.0871685
-0.161948
-0.136909
-0.180615
-0.178845
-0.13866
-0.165608
-0.0793255
-0.107644
-0.0422379
-0.0578217
-0.0235151
-0.0313082
-0.0201037
-0.0454851
-0.0612631
-0.0310489
-0.0359046
-0.0312471
-0.0298028
-0.0454019
-0.0365112
-0.0691643
-0.0573028
-0.080273
-0.077631
-0.0697252
-0.0769106
-0.0559111
-0.0619993
-0.0543988
-0.0534125
-0.0682122
-0.0595414
-0.0806305
-0.104215
-0.117843
-0.0881754
-0.0336901
-0.142236
-0.120651
-0.156643
-0.175725
-0.0772112
-0.113267
-0.0794696
-0.0589539
-0.148196
-0.156927
-0.0874067
-0.107581
-0.0308513
-0.0349493
-0.0392809
-0.0404389
-0.0831444
-0.136345
-0.13718
-0.0272483
-0.0279455
-0.0338559
-0.0291796
-0.0544711
-0.042282
-0.0934413
-0.0715849
-0.143364
-0.118783
-0.163113
-0.160352
-0.122825
-0.148853
-0.0654368
-0.0927625
-0.0276631
-0.0438762
-0.00549431
-0.0152163
0.00309869
0.000932876
-0.00155729
0.00171659
-0.00233942
-0.00355219
-0.0656895
-0.127091
-0.0927075
-0.0325524
-0.0459913
-0.0194677
-0.0242158
-0.0182123
-0.0178592
-0.0271721
-0.0211888
-0.0451432
-0.0358331
-0.0553188
-0.0522088
-0.0484258
-0.0531489
-0.0398326
-0.0433366
-0.0420736
-0.0393215
-0.0573476
-0.0479357
-0.0704149
-0.11885
-0.135183
-0.0998837
-0.197327
-0.164945
-0.0363864
0.00235489
-0.180574
-0.145311
-0.039394
-0.157733
-0.0735861
-0.0933408
-0.215416
-0.124887
-0.196688
-0.228432
-0.0800957
-0.0276679
0.00834835
-0.128776
-0.169613
-0.015414
-0.0218197
-0.0183398
-0.0134117
-0.0132076
-0.0201936
-0.0155445
-0.0383067
-0.0275781
-0.0722945
-0.0531793
-0.117493
-0.0948541
-0.13752
-0.13389
-0.100201
-0.124644
-0.0464425
-0.0719315
-0.0109131
-0.0264099
0.0121694
0.00167776
0.0248866
0.0201364
0.0262061
0.0260301
0.0295827
0.0266352
0.0343074
0.0329311
-0.0931168
-0.151734
-0.123755
-0.0454072
-0.0663442
-0.0191255
-0.0301784
-0.00818259
-0.0122491
-0.00602546
-0.00637615
-0.0107825
-0.00732844
-0.0231817
-0.016502
-0.0306868
-0.0285667
-0.0277308
-0.0304292
-0.0232396
-0.0247684
-0.0277399
-0.0242934
-0.0436332
-0.0342912
-0.0567467
-0.210549
-0.166979
0.0113553
0.0320224
-0.149557
-0.114334
-0.178273
-0.169393
-0.167591
-0.176866
-0.131366
-0.151427
-0.0864812
-0.109287
-0.0427835
-0.0639468
-0.0240537
-0.215223
-0.163864
-0.241792
-0.125056
-0.236633
-0.0688802
-0.158736
-0.198257
-0.0180239
0.0267323
0.0103287
-0.00607262
-0.00799116
-0.197532
-0.0010106
-0.00340566
-0.000357277
0.000214385
-0.00690838
-0.0028473
-0.021804
-0.0130033
-0.0495319
-0.0339412
-0.0873761
-0.0681568
-0.106176
-0.102067
-0.073479
-0.0957412
-0.023859
-0.0472407
0.00776408
-0.00598122
0.0290862
0.0191728
0.0430798
0.0372324
0.0487339
0.0465013
0.052984
0.050793
0.050349
0.0531997
0.0375734
0.044746
-0.10264
-0.114662
-0.116567
-0.0598521
-0.0816336
-0.0257525
-0.0410022
-0.006515
-0.0148163
0.00250396
-0.000928673
0.00494616
0.00423952
0.00311642
0.00468403
-0.00448011
-0.000143137
-0.0104933
-0.00840748
-0.00908678
-0.0105501
-0.00750833
-0.0076353
-0.0137692
-0.0095607
-0.0289516
-0.0203492
-0.0575246
-0.0414639
-0.095821
-0.0755956
-0.114127
-0.19424
-0.169004
-0.185208
-0.180179
-0.191865
-0.139376
-0.161762
-0.0903941
-0.115022
-0.0443713
-0.066548
-0.128804
-0.0953353
0.0190163
0.0290007
-0.00855523
-0.0248621
-0.235442
-0.166994
-0.243621
-0.113999
-0.215841
-0.0539942
-0.155017
-0.0126428
-0.0551622
-0.0786847
0.00507437
0.0185301
0.00881769
-0.0233056
-0.00745592
0.0111217
0.0051586
0.0255039
0.0129401
0.00454606
-0.0073094
0.0057639
-0.213264
0.0073847
0.00559674
0.0113879
0.00969044
0.010882
0.0118365
0.0055283
0.00877949
-0.00596997
0.000771666
-0.0268846
-0.0151561
-0.0560063
-0.0410232
-0.0727106
-0.068191
-0.0457137
-0.065491
0.00033367
-0.0215243
0.0288446
0.0167343
0.0470209
0.0385761
0.0600042
0.0542323
0.0668864
0.0641215
0.0674891
0.0681671
0.0594904
0.0644586
0.0449409
0.0528378
0.036066
-0.0637196
-0.0479023
-0.0570697
-0.0656037
-0.030756
-0.0445775
-0.00884457
-0.0189516
0.00490776
-0.00108138
0.0120661
0.00922337
0.0144718
0.0136443
0.0144484
0.0147805
0.0106492
0.0130471
0.00623507
0.00803056
0.00639573
0.00582632
0.00608997
0.00682558
-0.000858098
0.00351055
-0.0151296
-0.00707616
-0.0398515
-0.0262585
-0.0729491
-0.0556366
-0.0889289
-0.177487
-0.151493
-0.20056
-0.192451
-0.18392
-0.197731
-0.14129
-0.164362
-0.0907447
-0.116159
-0.0441835
-0.0665444
-0.0242539
-0.230703
-0.159237
-0.217399
-0.0939885
-0.169887
-0.0413046
-0.0980484
-0.013256
-0.021386
-0.00407385
0.0478079
0.0410419
-0.0047243
-0.0020781
-0.0115881
0.0581719
0.0821412
0.0823789
-0.0196759
0.0057666
-0.00945304
-0.00548088
0.011099
0.0150496
0.0131271
-0.201741
0.0187448
0.0170916
0.0215207
0.0205556
0.0205569
0.0215184
0.016514
0.0188985
0.00822554
0.0130403
-0.00622614
0.00180545
-0.0262605
-0.0158822
-0.0394223
-0.0351562
-0.0188307
-0.0372642
0.0227018
0.00245662
0.0498129
0.0384545
0.0649857
0.0582218
0.0748692
0.0705402
0.0787666
0.0776363
0.0753953
0.0780773
0.0650005
0.0707898
0.0501854
0.0579902
0.0310512
0.0412908
0.0192261
0.00796506
0.0321261
-0.0216761
-0.0104868
-0.0219384
-0.0251619
-0.00806172
-0.0155041
0.00536189
-0.000969617
0.0147413
0.0105711
0.0202238
0.0179303
0.0224884
0.0216431
0.0233554
0.0230355
0.0222728
0.0231656
0.0195314
0.0208646
0.0186148
0.0188037
0.0171053
0.0182961
0.0104494
0.0145051
-0.00193822
0.00499429
-0.021642
-0.0107694
-0.0475896
-0.0342307
-0.0616676
-0.119681
-0.0851303
-0.171706
-0.148714
-0.193352
-0.186657
-0.178487
-0.190344
-0.137815
-0.160163
-0.0885557
-0.113317
-0.0427766
-0.0647317
-0.023083
-0.202376
-0.135402
-0.172047
-0.0736462
-0.114143
-0.0355353
-0.039693
-0.0198038
0.0329236
-0.0174806
0.0849213
-0.0232199
0.102137
0.110958
-0.0323773
-0.0263018
-0.0402202
0.00652674
-0.173687
0.0248231
0.0206025
0.0232599
0.0278226
0.0263126
0.0295199
0.0290104
0.0286003
0.0293977
0.0258684
0.0274674
0.0203558
0.0235157
0.0113749
0.0162897
-0.000383293
0.00562649
-0.00644384
-0.00526366
0.00854076
0.00101917
0.0407592
0.0238547
0.0658882
0.0551866
0.0785037
0.0732823
0.0845498
0.0821859
0.0848074
0.0854297
0.0788863
0.0826079
0.0678923
0.0738673
0.0533828
0.061013
0.0351666
0.0447969
0.0126314
0.0245101
-0.0141456
-0.000246674
0.0656573
0.0948812
0.0819544
0.0309703
0.0478936
0.00822292
0.0173822
0.00320761
0.0036646
0.00903698
0.00552146
0.016697
0.0129221
0.0228809
0.0200493
0.0269622
0.0251717
0.0290628
0.0282183
0.0302523
0.0296886
0.0307598
0.0306732
0.029683
0.0303833
0.0282431
0.0289128
0.0260052
0.0274051
0.0201937
0.0236353
0.0102592
0.0157591
-0.00404736
0.00369705
-0.0236164
-0.0133663
-0.0427283
-0.0341814
-0.0485874
-0.107712
-0.0483892
-0.0786304
-0.153472
-0.132723
-0.175437
-0.168499
-0.164264
-0.173685
-0.128933
-0.14869
-0.0839272
-0.106769
-0.040781
-0.0615891
-0.00551802
-0.0220265
0.0140684
0.00839091
0.115789
0.102746
-0.0445907
-0.0283738
-0.160825
-0.107243
-0.0256191
-0.122867
-0.0604663
0.0278621
0.0159476
0.0274657
-0.0630804
-0.0378994
0.0105494
-0.0325099
0.0790477
-0.0369544
0.120973
-0.0475025
0.13187
-0.0580019
0.104604
0.121723
-0.0636189
-0.0630711
-0.0423458
-0.137949
0.031654
0.0295602
0.034617
0.033236
0.0357713
0.0353779
0.035196
0.0354986
0.033544
0.0345073
0.0302672
0.0321084
0.0254633
0.0280253
0.020069
0.0226806
0.0190609
0.0184564
0.0307236
0.0235896
0.0547828
0.0419726
0.0755741
0.0664652
0.0857244
0.0817676
0.0889194
0.0879886
0.0869412
0.0885506
0.0800323
0.0840557
0.0692843
0.0750708
0.0555264
0.0627324
0.0387665
0.0474876
0.0187692
0.029116
-0.00375746
0.00776426
-0.0257553
-0.0149737
0.0871589
0.0905878
0.091155
0.0684592
0.0792844
0.0447051
0.0563831
0.0268443
0.0345046
0.0202015
0.022243
0.0215031
0.0202444
0.025521
0.0234074
0.0294473
0.0275823
0.0324057
0.0310528
0.034304
0.0334781
0.0356028
0.0349702
0.0367852
0.0362352
0.0370149
0.0370771
0.0359544
0.0366195
0.0335853
0.0349791
0.0288288
0.0315523
0.0213571
0.0254174
0.0117917
0.0167766
-0.000999185
0.0055388
-0.0178496
-0.00948418
-0.0234997
-0.0383309
-0.0157976
-0.0868359
-0.0633487
-0.128599
-0.109202
-0.150824
-0.14312
-0.144742
-0.151096
-0.116702
-0.13278
-0.0780129
-0.0979585
-0.0388364
-0.0579528
-0.00599686
-0.0214314
0.00707397
0.100204
0.0852243
-0.0553007
-0.0355924
-0.120369
-0.0853093
0.0351074
0.034386
-0.0830406
-0.0572084
-0.02421
-0.0482158
0.0499857
-0.0529458
0.11604
-0.0646472
0.147274
-0.0788794
0.14276
-0.0886039
0.119426
-0.0889706
0.0751785
0.0896254
-0.080755
0.0643894
0.0521031
0.0606342
0.0121642
-0.0660187
-0.0434881
-0.106637
0.0370323
0.0355943
0.039616
0.0385032
0.0405222
0.0402157
0.040407
0.0404525
0.0396476
0.0400932
0.0380813
0.0389317
0.0361966
0.0371399
0.0350383
0.035403
0.0376795
0.0356161
0.0480676
0.0419062
0.0656543
0.0564402
0.0810091
0.0741704
0.0885711
0.0857105
0.090025
0.0899108
0.0869047
0.0889896
0.0797963
0.08379
0.0695889
0.075046
0.0568606
0.0634989
0.0417629
0.0496047
0.0242887
0.0332571
0.00529471
0.0147393
-0.0123821
-0.00385982
-0.0258914
-0.0197755
0.0791552
0.0735417
0.0795036
0.0810238
0.0680716
0.0748996
0.0516016
0.0602335
0.0380084
0.0440165
0.0313896
0.0338682
0.0304203
0.0303952
0.0321718
0.0311237
0.0345578
0.0333648
0.0366918
0.0356742
0.0383694
0.0375896
0.0397192
0.0390563
0.0411149
0.0404118
0.042095
0.0417129
0.0419232
0.0421812
0.0402063
0.0412641
0.0367492
0.0386936
0.0316982
0.0343797
0.0258849
0.0288875
0.0173147
0.0221502
0.00448775
0.0107912
-0.00294909
-0.000196067
-0.00164408
-0.0240487
-0.00500033
-0.0642753
-0.0438064
-0.101986
-0.084287
-0.124295
-0.115806
-0.123831
-0.12685
-0.10384
-0.11581
-0.072452
-0.0889952
-0.0381882
-0.0552147
-0.00773911
-0.0221847
0.015906
0.005557
0.0327782
0.0237793
-0.0912632
-0.0746889
-0.0299569
-0.0492279
0.0395226
0.0309888
0.0358768
-0.0118754
-0.0147903
-0.0568889
-0.0634978
0.00295895
-0.0684729
0.0804467
-0.0840598
0.144472
-0.102779
0.162128
-0.118121
0.142873
-0.123091
0.108208
-0.114512
0.0369502
0.0335002
0.0193817
0.0195399
0.0728813
-0.0961808
0.0424692
0.0257597
0.018806
0.0278462
-0.0871242
0.0409461
0.0398763
0.0418853
0.0409101
0.043393
0.0426256
0.044175
0.0438459
0.0444479
0.0443112
0.0443582
0.044438
0.0440395
0.0441972
0.0440611
0.043972
0.0454083
0.0444789
0.0500169
0.0471754
0.0596389
0.0542139
0.0729092
0.0661394
0.0838805
0.0790211
0.0890816
0.087184
0.0893246
0.0897268
0.0856674
0.0879361
0.0787458
0.082561
0.0692236
0.0742777
0.0576232
0.0636529
0.044183
0.0511284
0.0289956
0.0367698
0.0130424
0.0209507
-0.00135597
0.00541725
-0.00717473
0.0565441
0.0460914
0.0699727
0.0645586
0.0724006
0.0725418
0.0657544
0.0699518
0.0546514
0.0602807
0.0444893
0.049204
0.0385239
0.0409479
0.0365831
0.0371536
0.037044
0.0366262
0.0384364
0.0376894
0.0399871
0.0392153
0.0414471
0.0407333
0.0428139
0.0421319
0.0442629
0.043524
0.0456134
0.0449858
0.0462019
0.046045
0.0455846
0.0460445
0.0437632
0.0448052
0.0410752
0.0424849
0.0379314
0.0396256
0.0315393
0.0354229
0.0210189
0.0262471
0.01608
0.017188
0.0164529
0.0187851
0.0285448
-0.00911238
0.00603654
-0.0434581
-0.025575
-0.0770186
-0.061047
-0.0995765
-0.0902441
-0.104611
-0.104375
-0.0925819
-0.100466
-0.0686331
-0.0816747
-0.0395168
-0.0543256
-0.0113973
-0.0249533
0.0121623
0.00135761
0.0192362
-0.0742239
0.032227
-0.0320565
-0.0160076
-0.0751014
-0.0751191
-0.0417241
-0.0810009
0.0219098
-0.102059
-0.0524549
0.104327
-0.128883
0.164747
-0.153111
0.164293
-0.164792
0.00446976
0.00807862
-0.00378991
-0.010384
0.131719
-0.158884
0.001015
0.0887529
-0.137499
0.021163
0.0510138
-0.108007
0.0287431
0.0416488
0.0377994
-0.0323578
-0.0159664
0.0417087
-0.0796717
0.0417805
0.0356024
0.0387678
0.0446024
0.0436727
0.0454375
0.0448102
0.0462437
0.0457302
0.0469587
0.0466042
0.0475047
0.0472485
0.0479089
0.047719
0.0484419
0.0481383
0.0496285
0.0489231
0.0522932
0.0507149
0.0576286
0.0545684
0.066245
0.0615656
0.0765246
0.0714024
0.0845669
0.0810452
0.0880972
0.0868859
0.087569
0.0882745
0.0837512
0.0860286
0.0772178
0.0807783
0.0684863
0.0730966
0.058024
0.0634424
0.0461403
0.0522451
0.0330746
0.0397274
0.0196812
0.0263062
0.00786973
0.0134533
-0.00033527
0.00313294
-0.00302745
-0.00245648
-0.0143849
-0.000777715
-0.00253425
0.0315193
0.0200769
0.0507279
0.0419088
0.0626803
0.057723
0.066293
0.0654912
0.0628809
0.0652827
0.0554364
0.0593807
0.0479311
0.0514989
0.0429143
0.0450539
0.0407294
0.0415202
0.0405104
0.0404458
0.0412877
0.0408249
0.0424452
0.0418426
0.0437271
0.0430775
0.0450764
0.0443917
0.0465419
0.0457934
0.048061
0.0473099
0.0491596
0.0486864
0.0495338
0.0494373
0.0492454
0.0494504
0.0485285
0.0489312
0.0469264
0.0479572
0.0416021
0.0449023
0.033271
0.0373675
0.0296932
0.0308013
0.0305166
0.0297636
0.0321061
0.0252461
0.0329034
0.00323973
0.0153753
-0.0257122
-0.0105576
-0.0555761
-0.0410277
-0.078678
-0.0684555
-0.088751
-0.0855441
-0.0841089
-0.088179
-0.067245
-0.0769246
-0.0431407
-0.0557345
-0.0176017
-0.0300841
0.00494656
-0.00589551
0.0190168
0.0128632
0.0240231
-0.0693228
-0.0869871
0.00261463
0.0105434
0.0140161
-0.0348252
-0.113674
-0.0793619
0.03519
-0.151739
0.122927
-0.189766
-0.0533592
-0.014792
-0.00634119
-0.0135258
-0.0241782
0.175716
-0.21494
-0.0244178
0.152688
-0.215258
-0.0111536
-0.0307561
-0.0176183
0.108936
-0.191962
-0.00184571
0.0628272
-0.15479
0.0249027
0.0389975
0.0325284
0.0360774
0.0245989
0.0403688
0.0432351
0.029329
-0.0830769
0.043996
0.0415498
0.0467864
0.04579
0.0477288
0.0472311
0.0483607
0.0479671
0.0490413
0.0486715
0.0497567
0.0494042
0.0505085
0.0501222
0.0515824
0.0509894
0.0534253
0.0523826
0.0566706
0.0548341
0.0620186
0.0590598
0.0695088
0.0655466
0.0775782
0.0736204
0.0836432
0.0810068
0.0861174
0.0853284
0.0852097
0.0860409
0.0814868
0.0836623
0.0754268
0.0787182
0.0675548
0.0717055
0.0582055
0.0630354
0.0477578
0.0530959
0.0365819
0.0422311
0.0254048
0.0309165
0.0158523
0.0202699
0.00936639
0.0120295
0.00767538
0.00792876
0.0084666
0.0116248
0.00220964
0.0304875
0.0212222
0.0463942
0.0390068
0.0569306
0.0524101
0.0611089
0.0598189
0.059626
0.0609799
0.0548774
0.05753
0.0494792
0.0521049
0.0454537
0.0472333
0.0433811
0.0441926
0.042871
0.0429751
0.0433022
0.0430062
0.0442094
0.0437173
0.0453576
0.0447611
0.0466692
0.0459955
0.0481353
0.0473831
0.0497039
0.0489202
0.0511168
0.0504508
0.052166
0.0516838
0.0529377
0.0525714
0.0534467
0.0532474
0.0526872
0.0533494
0.0484529
0.0510617
0.0420997
0.0452107
0.0386638
0.0401152
0.0382503
0.0382223
0.0391031
0.0401704
0.044198
0.0432051
0.0306299
0.0363372
0.0130172
0.0228684
-0.0113082
0.00152989
-0.0383114
-0.0248158
-0.0620817
-0.0510228
-0.0766033
-0.0707665
-0.0786961
-0.0792532
-0.0685696
-0.0750092
-0.0493929
-0.0597856
-0.0262672
-0.0379006
-0.00458941
-0.0152515
0.011804
0.00460611
0.0183087
0.00698471
0.0187569
-0.0738739
-0.113942
-0.115347
-0.0356015
-0.163831
-0.0188799
-0.00835579
-0.0104704
-0.022315
0.0445291
-0.218764
-0.0810486
-0.0313979
0.135894
-0.264344
-0.0366711
0.174108
-0.281985
-0.00697274
-0.0517868
-0.0353824
0.125288
-0.262754
-0.0278322
-0.0253849
0.0779684
-0.217117
-0.00379927
0.0308313
0.0334588
0.0445088
0.012212
0.024217
-0.0997072
0.0419032
0.0374706
0.039245
0.0458134
0.0438097
0.047995
0.047147
0.0490683
0.0485866
0.0497906
0.0493937
0.0505274
0.0501398
0.0513526
0.0509296
0.0523356
0.0518169
0.0537258
0.0529662
0.0558909
0.0546916
0.0592899
0.0574134
0.0643037
0.0615922
0.0707117
0.0673857
0.0771183
0.0740055
0.0818072
0.0797796
0.0836073
0.0830748
0.082565
0.08341
0.0790911
0.0810994
0.073605
0.0765709
0.0665341
0.0702432
0.0582426
0.0625159
0.049106
0.0537532
0.0395702
0.0443547
0.0303109
0.0348473
0.0225518
0.0261452
0.0176811
0.0196994
0.0167454
0.0166774
0.0201016
0.0178004
0.0283143
0.023627
0.0303719
0.0407852
0.0339243
0.0008087
-0.004609
0.0149957
0.00752572
0.030142
0.0226651
0.0432314
0.0370769
0.0524105
0.0483824
0.0567141
0.055203
0.0565931
0.0571829
0.0536572
0.0553723
0.0498516
0.0517441
0.0467416
0.0481532
0.0449579
0.0456849
0.0443851
0.0445465
0.0446455
0.0444374
0.0454037
0.0449798
0.0464585
0.0459024
0.047725
0.0470687
0.0491801
0.0484309
0.0507617
0.049966
0.0523305
0.05156
0.053765
0.0530622
0.0551045
0.0544404
0.0561898
0.0557122
0.0559249
0.0563246
0.0527517
0.0546992
0.0477995
0.0502764
0.044326
0.0456585
0.0428518
0.0432461
0.0433777
0.0428084
0.0436072
0.0425949
0.0449494
0.0349036
0.03938
0.0207475
0.0287399
2.55654e-05
0.0111079
-0.0248658
-0.0121413
-0.0493277
-0.0375076
-0.067874
-0.0596402
-0.0763282
-0.0735265
-0.0728875
-0.0760739
-0.0586939
-0.0669058
-0.0376253
-0.0487078
-0.0155488
-0.0265201
0.00408557
-0.00500967
0.0194484
0.0119133
0.0302776
0.0255093
-0.164383
-0.0902702
-0.158094
0.0346614
0.0463631
-0.0115581
-0.0242365
-0.0424716
-0.230488
0.0483826
0.0380441
-0.11708
-0.0364121
0.0512702
-0.298665
0.0181265
-0.0465699
0.140038
-0.342425
-0.0021018
-0.0792192
-0.05135
0.158207
-0.342878
-0.0237949
-0.0480567
0.094316
-0.297974
-0.0484981
-0.0337151
0.0395383
-0.231277
-0.00478163
0.0567807
0.0652423
0.0716394
-0.0114808
-0.00914453
-0.131837
0.0396382
0.0355058
0.0366565
0.0440062
0.0418971
0.0469738
0.045571
0.0487763
0.0480444
0.0498686
0.0494412
0.0506825
0.05028
0.0515036
0.051087
0.0524163
0.0519426
0.0535425
0.0529436
0.0550967
0.0542534
0.0573742
0.0561294
0.0606941
0.0588914
0.065235
0.0628184
0.0706712
0.0678911
0.0758372
0.0733451
0.079543
0.0779473
0.0808967
0.0805238
0.0798476
0.0806507
0.0766909
0.0785058
0.0717796
0.0744292
0.0654885
0.0687799
0.058185
0.0619394
0.0502416
0.054266
0.0421279
0.0461713
0.0344985
0.0382029
0.0283038
0.0311546
0.0248173
0.0261263
0.0245176
0.0241906
0.0282727
0.0258398
0.0365207
0.0319282
0.0486876
0.0419834
0.0567537
-0.000863959
0.00123577
-0.000591137
0.000496315
-0.000660111
0.00708874
0.00300249
0.0180446
0.012165
0.0301883
0.0241419
0.0410006
0.0358699
0.0488957
0.0454247
0.0531383
0.0515086
0.0538169
0.0538606
0.0521233
0.0531736
0.0495148
0.0508443
0.0471959
0.0482703
0.0457595
0.0463587
0.0452493
0.0454028
0.0454523
0.0452798
0.0461324
0.0457466
0.0471242
0.0465972
0.048348
0.0477108
0.0497723
0.0490382
0.0513447
0.0505474
0.0529721
0.0521587
0.0545845
0.0537798
0.0561565
0.0553778
0.0574173
0.0568613
0.0573778
0.0576348
0.054919
0.0564489
0.0508166
0.0529302
0.0473069
0.0487603
0.0453778
0.0462
0.0445792
0.0448807
0.0451813
0.044715
0.044536
0.046042
0.0385072
0.042082
0.0269623
0.0335596
0.00889435
0.01871
-0.0144885
-0.00229898
-0.0398085
-0.0271926
-0.0622956
-0.0517186
-0.0771125
-0.0709207
-0.0806308
-0.0804084
-0.0716437
-0.0776296
-0.0523856
-0.063076
-0.0283859
-0.0405497
-0.00500776
-0.0161647
0.0136527
0.00470837
0.027452
0.0213206
0.0323631
-0.0244532
-0.116535
-0.216859
0.0645906
0.0717872
0.0788057
0.0448788
0.0345933
0.0474171
-0.165894
-0.0392474
-0.0515834
-0.30754
0.0259381
-0.0535176
0.0554458
-0.378584
0.00388382
-0.114012
-0.0645599
0.133282
-0.407906
-0.0189836
-0.0687432
0.115087
-0.383196
-0.0746123
-0.044014
-0.062941
0.0490865
-0.31432
-0.0425218
-0.00460672
0.00688367
-0.0170371
-0.0224231
-0.176623
0.0416502
0.0397642
0.0452255
0.0438055
0.0476882
0.0467509
0.0491936
0.048613
0.0502902
0.049841
0.0511772
0.050752
0.0520627
0.0516119
0.0530483
0.0525347
0.0542571
0.0536141
0.055878
0.0550041
0.0581444
0.0569184
0.0612716
0.0595945
0.0653087
0.0631887
0.0698723
0.0675751
0.074155
0.072125
0.0771352
0.0758558
0.0781796
0.0779109
0.0771871
0.0779236
0.0743626
0.0759818
0.0700052
0.0723504
0.0644547
0.0673547
0.0580604
0.0613395
0.0511961
0.0546603
0.0443237
0.0477272
0.0380682
0.0410748
0.0332306
0.0354191
0.0307457
0.0316501
0.0312703
0.0305633
0.0353345
0.0327884
0.0435423
0.038954
0.055425
0.0490063
0.0700337
0.0627423
0.0683762
0.0796388
0.0850068
0.0770586
0.00735835
0.0109535
0.00817066
0.00798589
0.00734004
0.012485
0.00967101
0.0208171
0.0162861
0.0305001
0.0256505
0.0394399
0.0351581
0.0462177
0.0431626
0.0501562
0.0485483
0.0513045
0.051033
0.0504792
0.0510662
0.0487633
0.049665
0.0470963
0.0478818
0.0460082
0.046467
0.045623
0.0457342
0.0458342
0.0456664
0.0464803
0.0461138
0.0474308
0.0469246
0.0486133
0.0479967
0.0499917
0.0492806
0.0515356
0.0507479
0.0531586
0.052343
0.0548103
0.0539819
0.0564082
0.0556251
0.0576161
0.0570961
0.0576024
0.0578187
0.0555792
0.0568395
0.0521233
0.053931
0.048811
0.0503332
0.0465431
0.0475463
0.0452876
0.0457948
0.045188
0.0451728
0.0469416
0.0461964
0.046093
0.0469667
0.0416233
0.0443904
0.0319982
0.0375852
0.0158156
0.0247366
-0.00664895
0.00527493
-0.0331807
-0.019628
-0.059745
-0.0467682
-0.0811511
-0.0714271
-0.0920899
-0.0882155
-0.0887016
-0.0922952
-0.0711656
-0.0815385
-0.0442615
-0.0583423
-0.0158917
-0.0296532
0.00734372
-0.00351832
0.024355
0.0167309
0.0301306
0.0586714
-0.2316
-0.040349
-0.146828
-0.283311
0.0387341
0.0163983
0.0368401
-0.0574833
-0.0578635
-0.381612
0.0391639
0.0911224
0.0954894
0.0125047
0.00551752
-0.0058159
-0.160333
-0.0744463
0.0530783
-0.440813
-0.0126852
-0.0863556
0.105998
-0.444553
-0.107504
-0.0389002
-0.0897578
0.0608996
-0.394768
-0.0685186
-0.0802195
-0.00544797
-0.309944
0.0633607
0.0759865
-0.0525062
0.0877451
-0.0332842
-0.0392688
-0.226909
0.0428161
0.0409507
0.0459753
0.044624
0.0480495
0.0470977
0.0493872
0.0487701
0.0504256
0.0499382
0.0513488
0.0508923
0.0522848
0.0518054
0.0533267
0.0527841
0.0545827
0.0539178
0.0562141
0.0553408
0.0584051
0.0572307
0.0612961
0.0597615
0.0648617
0.0630089
0.0687565
0.0668054
0.0723098
0.0706521
0.0747424
0.0736993
0.0755625
0.0753652
0.0746511
0.0753138
0.0721478
0.0735804
0.0683097
0.0703739
0.0634438
0.0659832
0.057878
0.0607253
0.0519813
0.0549455
0.0461955
0.049043
0.0410997
0.0435218
0.0373977
0.0390312
0.0358093
0.0363074
0.0369233
0.0359985
0.041349
0.0386684
0.0492552
0.0448188
0.0606235
0.0545141
0.0740602
0.0673108
0.0893418
0.0809268
0.0240429
0.0158899
0.0310456
0.0188057
0.0240502
0.0144621
0.0158288
0.0142251
0.0139803
0.0170652
0.0151411
0.0233418
0.0198933
0.0310216
0.0271367
0.0383375
0.0348083
0.0440937
0.0414588
0.0476754
0.0461619
0.0490723
0.0486161
0.0488381
0.049105
0.0477819
0.0483607
0.0466392
0.0471861
0.0458684
0.0461933
0.0456276
0.0456834
0.0458792
0.0456999
0.0465158
0.0461578
0.0474367
0.0469468
0.0485773
0.0479831
0.0499043
0.0492196
0.0513986
0.0506335
0.0529772
0.052187
0.0545836
0.053779
0.0560932
0.0553644
0.0571443
0.0567089
0.0570616
0.0572863
0.0553123
0.0563903
0.0523343
0.0539073
0.049246
0.0507392
0.0468364
0.0479294
0.0453653
0.0459503
0.0446406
0.0449329
0.0434802
0.04399
0.0469425
0.0442073
0.0456011
0.0472763
0.0475751
0.0441555
0.0462203
0.0359784
0.0408287
0.0210689
0.0294116
-0.00105072
0.0108745
-0.0291236
-0.0145073
-0.0598746
-0.0444518
-0.0880854
-0.0746905
-0.106912
-0.0991264
-0.109653
-0.110593
-0.0938923
-0.103982
-0.0637054
-0.0799964
-0.0290132
-0.0461719
-0.00028605
-0.0136204
0.0205052
0.011159
0.0334335
0.0279108
0.0369426
0.0498118
-0.0592836
-0.173506
-0.345436
0.0410221
0.0991624
0.042817
0.0244796
0.0689412
0.0548072
0.0184613
0.00819349
-0.219162
-0.0810212
-0.0652296
-0.436031
-0.00345523
-0.100064
0.0363712
-0.470701
-0.14962
0.0824123
-0.0323487
-0.112905
0.0546093
-0.445385
-0.0621986
-0.115502
-0.00481032
-0.377451
-0.0987051
-0.101545
-0.0652509
0.103885
-0.0535144
-0.0215095
-0.0403113
0.100219
-0.0591612
-0.27264
0.0436067
0.0424504
0.0462087
0.0450879
0.0480303
0.0472194
0.0492856
0.048702
0.050301
0.0498122
0.0512491
0.0507728
0.0522301
0.0517277
0.053316
0.0527524
0.0546009
0.053925
0.0562169
0.0553585
0.0583077
0.0571965
0.0609609
0.0595649
0.0641113
0.0624882
0.0674444
0.0657861
0.0704302
0.0690009
0.0724439
0.0715834
0.0730967
0.0729511
0.0722686
0.0728607
0.0700627
0.0713226
0.0666997
0.0685068
0.0624556
0.0646674
0.0576402
0.0600975
0.0526079
0.0551269
0.0477762
0.0501381
0.0436708
0.0455976
0.0409112
0.0420869
0.0400914
0.0402312
0.0417309
0.0405786
0.0463066
0.0436377
0.0539945
0.0497583
0.0647946
0.0590281
0.0773072
0.0709172
0.0923592
0.0843117
0.109275
0.110914
0.101382
0.107004
0.0337405
0.0268423
0.036785
0.0445068
0.0395953
0.025521
0.0304167
0.0203927
0.0222603
0.0192144
0.0194485
0.0209569
0.0196947
0.0255772
0.0229918
0.0316019
0.0285195
0.0375547
0.0346594
0.0424108
0.0401612
0.0456161
0.0442274
0.0471116
0.0465574
0.0472689
0.0473176
0.046693
0.0470322
0.0459594
0.0463167
0.0454573
0.0456656
0.0453546
0.0453548
0.0456556
0.0454597
0.0462919
0.0459383
0.0471865
0.046712
0.0482847
0.0477133
0.049558
0.0489013
0.0509873
0.0502552
0.0524976
0.0517552
0.0540202
0.0532614
0.055396
0.0547423
0.0562676
0.0559236
0.0560988
0.0563428
0.0545279
0.0554813
0.0518976
0.0532901
0.049014
0.0504538
0.0465474
0.0476996
0.0447941
0.0455854
0.0435363
0.0441461
0.0419919
0.0427789
0.0411623
0.0436621
0.040203
0.0420758
0.0467284
0.0452249
0.0479964
0.0477598
0.045964
0.047488
0.0388231
0.0431574
0.0247199
0.0327186
0.0025923
0.0146677
-0.0271002
-0.0114176
-0.0619088
-0.0441126
-0.0968707
-0.0798052
-0.123831
-0.111966
-0.133151
-0.131205
-0.119388
-0.129128
-0.0859828
-0.104472
-0.04489
-0.0654814
-0.00977375
-0.0261869
0.0154771
0.004072
0.0309587
0.024498
0.03678
0.0346483
0.0390701
-0.00456299
-0.0635357
-0.0403767
-0.0206595
-0.289323
-0.0777379
-0.0844391
-0.190858
-0.389356
0.0094434
-0.109954
-0.0766094
-0.45942
0.119891
0.120836
-0.20034
0.09669
0.116282
0.113986
0.0415715
0.0486108
0.0391976
0.0382704
0.037122
0.038027
0.0334654
0.0351949
-0.0229972
-0.131664
-0.00292836
-0.463651
0.043275
0.059106
-0.0553202
-0.146188
-0.0198975
-0.41651
-0.135973
-0.0898367
-0.0934114
-0.065446
-0.14789
-0.0792066
-0.340196
-0.126728
-0.0839362
-0.303749
0.0421298
0.0403209
0.0442827
0.0433311
0.0462596
0.0453787
0.047798
0.0471141
0.0489622
0.0484126
0.0499593
0.0494684
0.0509232
0.0504354
0.0519416
0.0514192
0.0530668
0.0524853
0.0543746
0.0536911
0.0559702
0.0551294
0.0579618
0.0569122
0.0603989
0.0591272
0.0631964
0.061766
0.0660756
0.0646507
0.0685911
0.0674071
0.0702823
0.0695669
0.0708006
0.0706959
0.0700479
0.0705766
0.0681074
0.0692134
0.0651682
0.0667455
0.0614829
0.0634001
0.0573422
0.059449
0.0530805
0.0552038
0.0490883
0.0510245
0.0458381
0.0473399
0.0438695
0.0446632
0.0436965
0.0435339
0.045773
0.044433
0.0504654
0.0477825
0.0579982
0.0538742
0.0682171
0.0628275
0.0802606
0.0740283
0.0948769
0.0871959
0.112198
0.103243
0.118366
0.0324028
0.0148869
0.0241184
0.0446397
0.0390832
0.0531464
0.0492252
0.0308986
0.0355841
0.0253372
0.0275393
0.023349
0.0239695
0.0241971
0.0234393
0.0275076
0.0256071
0.0321811
0.0297587
0.0369983
0.0346347
0.0410707
0.0391641
0.0439032
0.0426515
0.0453994
0.0448052
0.0458055
0.0457094
0.0455705
0.0457367
0.0451455
0.0453575
0.0448582
0.0449717
0.0448717
0.0448244
0.0452154
0.0450052
0.0458487
0.0455006
0.0467146
0.0462567
0.0477689
0.0472208
0.0489862
0.0483591
0.0503353
0.0496484
0.0517726
0.0510227
0.0532127
0.0525033
0.0544526
0.0538729
0.055167
0.0548995
0.0549271
0.0551868
0.0534797
0.0543463
0.051102
0.0523615
0.048387
0.049807
0.0458804
0.0470757
0.043891
0.0448083
0.0422409
0.043034
0.0404279
0.0413599
0.0393575
0.0432465
0.0412802
0.0466446
0.0450914
0.0484296
0.0478191
0.0471594
0.048318
0.0407063
0.0447004
0.0271098
0.0349018
0.00486081
0.017112
-0.0262708
-0.00965199
-0.0646943
-0.0447685
-0.105928
-0.0854124
-0.140852
-0.124938
-0.156995
-0.151987
-0.145751
-0.154884
-0.109679
-0.130093
-0.0627098
-0.0864517
-0.0209286
-0.0406583
0.0088209
-0.00443686
0.0263934
0.0192555
0.0307418
0.0260294
0.00294428
-0.109172
-0.115891
-0.202554
-0.406393
0.121486
-0.255562
0.111761
0.0563769
0.0362628
0.0350026
0.038612
0.0361128
-0.00943842
-0.14521
-0.102736
-0.449614
0.0748373
-0.0463751
-0.170999
-0.0701696
-0.426953
0.0283853
0.0469689
-0.178654
-0.0819001
-0.132181
-0.0974093
-0.188363
-0.110686
-0.363951
-0.122324
-0.186435
-0.158065
-0.0116205
-0.0301158
-0.115629
-0.317489
0.0423482
0.0406697
0.0445196
0.043553
0.0461089
0.0453817
0.0474034
0.0468087
0.0484633
0.0479533
0.0494358
0.0489508
0.0504044
0.0499092
0.0514538
0.0509157
0.052617
0.0520175
0.0539508
0.0532576
0.0555349
0.0547066
0.0574448
0.0564467
0.0597004
0.0585329
0.0622064
0.0609343
0.0647164
0.0634814
0.0668661
0.0658595
0.0682761
0.0676821
0.0686779
0.0686091
0.0679862
0.068466
0.0662704
0.0672445
0.0637025
0.0650776
0.0605137
0.0621683
0.0569751
0.0587691
0.0533988
0.0551708
0.0501457
0.0517082
0.0476386
0.0487726
0.0463437
0.0468138
0.0467122
0.0462981
0.0491408
0.0476527
0.0539271
0.0512302
0.0612846
0.0572841
0.0710457
0.0659086
0.0827311
0.076648
0.0967584
0.0894498
0.113234
0.104737
0.130852
0.131104
0.122116
0.130203
0.130592
0.128311
0.129532
-0.290846
0.126639
0.127303
0.0467197
0.0347672
0.0410052
0.0557049
0.0515288
0.0620659
0.0591473
0.0591934
0.0670179
0.0647139
0.0454237
0.0519629
0.0351576
0.039773
0.0292714
0.0317099
0.0267347
0.0276624
0.0268445
0.0264891
0.0291321
0.027769
0.032715
0.0308301
0.0365905
0.0346707
0.0399905
0.0383825
0.0424696
0.0413558
0.0439075
0.0433106
0.0444607
0.0442733
0.0444594
0.0445046
0.0442582
0.0443637
0.0441309
0.0441734
0.0442293
0.0441479
0.0445975
0.0443809
0.0452165
0.0448789
0.0460468
0.0456084
0.0470548
0.0465307
0.0482187
0.0476189
0.0495108
0.0488519
0.050884
0.0501871
0.0522339
0.0515714
0.0533596
0.0528401
0.0539566
0.053744
0.0536732
0.0539393
0.052322
0.0531234
0.0500933
0.0512878
0.0474969
0.0487531
0.0449904
0.0462171
0.0427694
0.0438405
0.0408318
0.0417696
0.0386785
0.0397941
0.0374756
0.0381451
0.0336368
0.0358746
0.0426354
0.0404138
0.0463181
0.044657
0.0483758
0.0475845
0.0475102
0.0484625
0.0415583
0.0452896
0.0284299
0.0360148
0.00621451
0.0185335
-0.0258981
-0.00861755
-0.0671042
-0.0455125
-0.11352
-0.090105
-0.155485
-0.135922
-0.178195
-0.170154
-0.170019
-0.178192
-0.132202
-0.154065
-0.0802365
-0.106689
-0.0324786
-0.0551794
0.00130092
-0.013583
0.0203158
0.012623
0.0293742
0.0257318
0.0329595
0.0317499
0.00820279
0.0273781
-0.150546
-0.153497
-0.214734
-0.3998
0.0915702
-0.0326818
-0.189981
-0.152774
-0.415579
0.0648082
0.140134
0.140082
0.0616025
0.0691697
-0.22187
0.0321183
0.0313469
0.0297926
0.0334005
0.0292248
0.0300052
-0.0731408
-0.0528695
-0.221139
-0.162262
-0.371781
0.00890606
0.030614
-0.111282
-0.158417
-0.240743
-0.209523
-0.305175
-0.182585
-0.138974
-0.238458
0.126281
0.141228
0.142537
0.0182107
0.00714012
-0.156042
-0.318525
0.109104
0.038729
0.036365
0.0421029
0.0406001
0.0442791
0.043299
0.0457549
0.0450881
0.0468705
0.0463461
0.0478302
0.047362
0.0487586
0.0482911
0.0497259
0.049228
0.0507982
0.0502474
0.0519975
0.0513795
0.0533642
0.0526567
0.0549527
0.0541276
0.0568079
0.0558461
0.0589232
0.0578372
0.061196
0.0600509
0.063407
0.0623262
0.0652528
0.0643938
0.066428
0.0659384
0.0667207
0.066689
0.0660679
0.0665084
0.0645367
0.0654012
0.0622872
0.0634874
0.0595339
0.0609573
0.0565294
0.0580454
0.053562
0.055022
0.050961
0.0521945
0.0491025
0.0499164
0.0483891
0.0485808
0.0492131
0.0485899
0.0519192
0.0503175
0.0567686
0.0540676
0.0639334
0.0600646
0.0732954
0.0683657
0.0846265
0.0787158
0.0981535
0.0911189
0.11397
0.105815
0.131315
0.122549
0.140295
0.140129
0.140106
0.140195
0.140475
0.0547486
0.0471813
0.0512829
0.0610599
0.0579692
0.066718
0.0639458
0.0712088
0.0689933
0.075178
0.0732666
0.0484678
0.0546329
0.0385195
0.043049
0.0323896
0.035007
0.0294389
0.0305847
0.028967
0.0289298
0.0304584
0.0295144
0.0331698
0.031718
0.0362727
0.0347193
0.039104
0.0377516
0.0412609
0.0402778
0.0426079
0.042031
0.0432364
0.0429963
0.043387
0.0433518
0.0433377
0.0433704
0.0433165
0.0433127
0.0434626
0.0433639
0.04383
0.0436183
0.0444178
0.044098
0.0452034
0.0447878
0.0461639
0.0456632
0.0472807
0.046704
0.0485312
0.0478915
0.0498566
0.0491901
0.0511399
0.0505122
0.0521854
0.051707
0.0527094
0.0525291
0.0524132
0.0526742
0.0511482
0.0518948
0.0490606
0.0501826
0.0465354
0.0478092
0.0439633
0.0452387
0.0415423
0.0427224
0.0392408
0.0403885
0.0368747
0.038115
0.0342366
0.035563
0.0328368
0.0370559
0.0346474
0.0417275
0.0394264
0.0456561
0.0438586
0.0480022
0.0470646
0.0473914
0.0481982
0.0418775
0.0453717
0.0292057
0.036579
0.00720134
0.0194634
-0.0253353
-0.00772975
-0.0682036
-0.0455853
-0.118126
-0.0927009
-0.165389
-0.142998
-0.193671
-0.18297
-0.188793
-0.195735
-0.150381
-0.173042
-0.0949818
-0.123366
-0.0430305
-0.067746
-0.00643764
-0.0224923
0.0140054
0.00555761
0.0247681
0.0203714
0.0277017
-0.0137477
0.0431578
-0.205306
-0.20246
-0.24088
-0.37853
0.0841806
0.144369
0.125379
0.140075
0.0769502
-0.241275
0.0291415
0.0275527
0.033444
0.0303369
-0.060581
-0.00657049
-0.246442
-0.228806
-0.369068
0.0512294
-0.103058
-0.191187
-0.286239
-0.268798
-0.314633
-0.0855818
-0.142796
-0.314078
-0.308194
0.146882
0.00721163
0.0750665
0.076985
-0.0180747
0.162005
0.167458
-0.208229
-0.317837
0.10501
0.0384884
0.0362076
0.0416999
0.040279
0.0438237
0.0428624
0.0452228
0.0445948
0.0462353
0.0457647
0.0471053
0.0466796
0.0479689
0.0475334
0.0489292
0.0484356
0.0500102
0.0494525
0.0512388
0.0506042
0.0526423
0.0519166
0.0542514
0.0534194
0.0560816
0.0551394
0.0581002
0.057072
0.0601955
0.0591482
0.062168
0.0612111
0.0637621
0.0630266
0.0647326
0.0643353
0.064918
0.0649257
0.0642796
0.0646965
0.062891
0.0636683
0.0609065
0.0619594
0.0585292
0.0597516
0.0559947
0.0572652
0.0535673
0.0547503
0.0515439
0.0524864
0.0502551
0.0507883
0.0500483
0.0499981
0.0512604
0.0504612
0.0541875
0.0524983
0.059064
0.0563749
0.0660294
0.0622897
0.0750281
0.0702875
0.0860012
0.0802664
0.0990886
0.0922834
0.114351
0.106432
0.131349
0.122734
0.14885
0.148814
0.14009
0.149108
0.148892
0.149976
0.149443
0.151654
0.150642
0.15517
0.153061
0.157957
0.0741457
0.0741996
0.0751072
0.0744054
0.0774742
0.0761844
0.0803156
0.0788047
0.0833545
0.0818257
0.0783125
0.0860918
0.0847658
0.0634379
0.0707835
0.0506162
0.0566658
0.0410035
0.0453684
0.0347833
0.0375008
0.0315321
0.0328394
0.0306166
0.0308233
0.031496
0.030875
0.0335229
0.0324136
0.0360023
0.0347465
0.0383611
0.0372231
0.0402337
0.0393692
0.0414751
0.040931
0.0421289
0.0418637
0.0423673
0.0422842
0.0424076
0.0423976
0.0424402
0.0424143
0.0425935
0.0424959
0.0429309
0.042737
0.043469
0.0431746
0.0442021
0.0438115
0.0451185
0.0446378
0.0462011
0.0456401
0.047425
0.046796
0.0487303
0.0480736
0.0499826
0.0493742
0.0509836
0.0505262
0.0514754
0.0513073
0.0511934
0.051439
0.0500053
0.0507071
0.048012
0.0490909
0.0455227
0.046803
0.0428565
0.0441933
0.0402134
0.0415219
0.037628
0.0389089
0.0350201
0.0363402
0.0321555
0.0336242
0.0306717
-0.250585
-0.253907
-0.202182
0.0305322
0.0259076
0.0281688
0.0355443
0.0330232
0.040269
0.0379693
0.0443352
0.0424487
0.0468881
0.0458584
0.0464837
0.0471572
0.0414155
0.044662
0.0292872
0.0363841
0.00783266
0.0198276
-0.024356
-0.00688113
-0.067423
-0.0446082
-0.118531
-0.0923599
-0.168438
-0.144547
-0.200328
-0.187779
-0.19848
-0.204106
-0.160983
-0.183464
-0.104717
-0.133717
-0.0511793
-0.0766133
-0.0131584
-0.0299183
0.00865718
-0.00058751
0.020182
0.0154334
0.0252562
0.0233307
0.026895
0.0263552
-0.0417819
0.0390782
-0.274708
-0.264023
-0.287004
-0.352019
0.0736942
0.123954
-0.0934563
-0.201171
-0.319098
-0.322159
-0.326178
0.100327
0.107834
-0.0262251
0.032325
0.17496
0.149474
0.157177
0.157332
0.0795968
0.0875932
-0.134012
-0.376099
-0.376201
-0.265119
-0.129677
0.0270246
0.023189
0.0233972
0.0242394
0.0238026
0.0221192
-0.168738
-0.400603
-0.025154
0.196498
0.184647
0.209977
0.0806323
-0.0544902
-0.274359
-0.326913
0.0985224
0.0332512
0.0302878
0.0380206
0.0358232
0.0412241
0.0397939
0.0432895
0.0423674
0.044625
0.0440292
0.0455594
0.045127
0.0463492
0.0459615
0.0471514
0.0467429
0.0480704
0.0475944
0.0491383
0.0485834
0.0503803
0.0497355
0.0518148
0.0510718
0.053453
0.0526076
0.055283
0.0543455
0.0572455
0.0562527
0.0592157
0.0582386
0.0610051
0.0601443
0.0623935
0.0617599
0.0631844
0.0628698
0.0632607
0.0633113
0.0626112
0.0630196
0.0613223
0.062035
0.0595492
0.060482
0.0574885
0.0585395
0.0553622
0.0564179
0.0534119
0.0543491
0.0519015
0.0525853
0.0511174
0.0514023
0.0513558
0.0510936
0.0529022
0.0519527
0.0560079
0.0542507
0.0608799
0.0582173
0.0676407
0.0640271
0.0762984
0.0717365
0.0869058
0.0813556
0.0995324
0.0929716
0.114285
0.106628
0.131119
0.122527
0.148938
0.140024
0.157501
0.157212
0.159106
0.158148
0.162484
0.160507
0.168557
0.165148
0.178593
0.172867
0.18631
0.0919812
0.0953883
0.0884309
0.0897719
0.0877679
0.0878353
0.0889218
0.0881648
0.0912254
0.0899342
0.0939741
0.0924724
0.0646445
0.0719329
0.0520035
0.0579694
0.0426748
0.0469338
0.0364998
0.0392286
0.0330643
0.0344809
0.0318313
0.0322145
0.0322576
0.0318777
0.0337615
0.032916
0.0357499
0.03473
0.0377251
0.0367624
0.0393548
0.0385934
0.040488
0.0399822
0.0411322
0.0408617
0.0414067
0.0413018
0.0414805
0.0414547
0.0415158
0.0414914
0.0416351
0.0415566
0.0419131
0.0417488
0.0423856
0.0421215
0.0430639
0.0426965
0.0439464
0.0434777
0.0450181
0.0444588
0.0462394
0.0456045
0.0475513
0.0468813
0.0488124
0.0481981
0.0498022
0.0493486
0.0502936
0.0501225
0.0500402
0.0502659
0.0489141
0.0495841
0.046979
0.0480298
0.0444781
0.0457762
0.0416942
0.043102
0.0388421
0.0402622
0.0360015
0.0374059
0.033158
0.0345786
0.0301406
0.0316645
0.027036
0.028599
0.0254546
0.028937
0.0265249
0.0339211
0.0314211
0.0386226
0.0363537
0.0427061
0.0408024
0.04532
0.0442633
0.0451797
0.0456698
0.0405871
0.0435914
0.0290087
0.0358117
0.00834562
0.0199081
-0.0227523
-0.00585811
-0.0644884
-0.0423573
-0.114316
-0.0887341
-0.163785
-0.139939
-0.196804
-0.18348
-0.19717
-0.201607
-0.162158
-0.18324
-0.108086
-0.136161
-0.0557457
-0.0806458
-0.0178154
-0.0346616
0.00453161
-0.00498853
0.0158757
0.0112992
0.0211923
0.0191101
0.0225209
-0.0783107
-0.210408
-0.35167
-0.364843
-0.34079
-0.351349
-0.338923
0.118225
0.0344605
0.0587656
0.120709
0.157675
0.0955224
-0.12872
0.215446
0.231651
-0.41986
-0.420237
-0.293924
-0.052805
0.0055985
0.153281
0.0266526
0.0231282
0.0195219
0.0197564
0.0223081
0.0202506
0.0218859
0.0201864
-0.157298
-0.478382
-0.472562
-0.231971
-0.175306
-0.0696736
0.197962
-0.296038
-0.194365
0.229857
-0.101219
-0.355796
-0.352149
0.128684
0.0854713
0.0895069
0.032831
0.0299379
0.0374725
0.0353056
0.0407001
0.0392553
0.042751
0.0418454
0.0440398
0.0434673
0.0449131
0.0445107
0.0456317
0.0452789
0.0463671
0.0459896
0.0472237
0.0467773
0.048251
0.0477119
0.0494806
0.0488376
0.0509267
0.0501743
0.0525872
0.0517293
0.054428
0.0534867
0.0563648
0.0553893
0.0582557
0.0573238
0.0599134
0.0591226
0.0611405
0.0605878
0.0617776
0.0615351
0.0617452
0.061841
0.0610614
0.0614748
0.0598299
0.0605002
0.0582141
0.0590541
0.0564101
0.0573193
0.0546302
0.0555012
0.0530962
0.0538172
0.0520406
0.0524938
0.0517062
0.0517693
0.0523396
0.0518895
0.0541759
0.0530974
0.057424
0.055616
0.0622599
0.0596391
0.0687965
0.0653163
0.0770974
0.0727244
0.0872903
0.0819504
0.0994913
0.0931379
0.113843
0.10638
0.130579
0.121924
0.148959
0.139685
0.166044
0.167101
0.158166
0.164887
0.165409
0.16524
0.164878
0.167562
0.166157
0.172475
0.16966
0.180855
0.176179
0.194192
0.186775
0.203508
0.14688
0.162319
0.121985
0.132957
0.107998
0.113894
0.10068
0.10374
0.097433
0.098655
0.0969705
0.0969278
0.09853
0.0975444
0.10143
0.0998403
0.0970328
0.105154
0.103236
0.0805186
0.0887908
0.0652023
0.0725539
0.0527108
0.0585562
0.0436156
0.0477556
0.0375509
0.0402404
0.0340606
0.0355227
0.0326404
0.0331335
0.0327574
0.0325458
0.0338805
0.033229
0.0354961
0.0346555
0.0371696
0.0363437
0.0385983
0.0379209
0.0396278
0.039159
0.040237
0.0399733
0.040504
0.0403971
0.0405619
0.0405415
0.0405536
0.040549
0.0406027
0.0405556
0.0407995
0.0406689
0.0411998
0.0409618
0.0418311
0.0414752
0.0426977
0.0422249
0.0437812
0.0432046
0.0450379
0.0443876
0.0463821
0.0456984
0.0476654
0.0470393
0.0486856
0.0482195
0.0491935
0.0490124
0.0489651
0.0491757
0.0478734
0.0485183
0.0459564
0.0470019
0.0434114
0.0447396
0.0405028
0.0419808
0.0374631
0.0389794
0.0344192
0.0359282
0.0313942
0.0328945
0.0282967
0.0298403
0.0250943
0.0266892
0.0234994
0.0269226
0.0245401
0.0317931
0.0293697
0.0364462
0.034176
0.0405583
0.038638
0.0432204
0.0421261
0.0433003
0.0436528
0.0390395
0.0418676
0.0280352
0.0344987
0.00851256
0.0194183
-0.0206563
-0.00483216
-0.0595488
-0.0389537
-0.105744
-0.0820412
-0.151654
-0.129474
-0.18286
-0.170122
-0.18437
-0.187864
-0.153456
-0.172327
-0.104225
-0.129876
-0.0556992
-0.0789012
-0.0197715
-0.0358113
0.00173211
-0.00740902
0.0123869
0.00813137
0.0174615
0.0153917
0.0187679
-0.119935
0.253815
-0.472073
-0.471672
-0.446227
-0.422657
-0.337594
0.151187
0.0308915
0.0379965
0.116166
0.0194533
0.0183741
-0.156152
-0.534401
-0.507801
-0.277973
-0.087997
-0.0342127
0.15836
0.173868
0.175527
0.0983779
0.107238
-0.155492
-0.136707
-0.16671
-0.188649
0.256542
0.21736
-0.548332
0.280487
-0.575
0.2911
0.315191
-0.461649
-0.388402
0.0971441
0.075834
0.0260889
0.0190751
0.0224417
0.0322084
0.0292225
0.0369074
0.0347183
0.0401572
0.0386944
0.0422347
0.0413187
0.0435167
0.04295
0.0443565
0.0439722
0.0450204
0.0446958
0.0456912
0.045345
0.0464729
0.0460618
0.0474368
0.0469255
0.048624
0.0479982
0.05005
0.0493035
0.0517081
0.0508484
0.0535502
0.0526075
0.0554725
0.0545061
0.0573152
0.0564109
0.058885
0.0581415
0.0599944
0.0595017
0.0605077
0.0603246
0.060375
0.0605148
0.0596409
0.06007
0.0584301
0.0590781
0.0569193
0.0576935
0.0553109
0.0561088
0.0538135
0.0545309
0.0526338
0.0531682
0.0519758
0.0522256
0.0520413
0.0519061
0.0530275
0.0524093
0.0551192
0.0539276
0.0584816
0.0566361
0.063256
0.060689
0.0695457
0.0662097
0.0774535
0.0732901
0.0871664
0.0820701
0.0989123
0.0927698
0.112941
0.105617
0.129639
0.120927
0.148777
0.139014
0.168419
0.158695
0.172087
0.172719
0.172338
0.171881
0.175281
0.173478
0.181447
0.177926
0.191781
0.186045
0.207761
0.19898
0.232356
0.218599
0.271617
0.249833
0.330957
0.298367
0.168511
0.187026
0.140008
0.152932
0.122074
0.1299
0.111681
0.116166
0.106242
0.10846
0.104407
0.104953
0.105322
0.104576
0.108364
0.106622
0.113
0.110513
0.0806949
0.0894391
0.0650281
0.072501
0.0526584
0.0583823
0.0438053
0.0478097
0.0379441
0.0405367
0.0345351
0.0359653
0.0330618
0.0335905
0.0330027
0.032887
0.0338712
0.03335
0.0352186
0.0345102
0.0366638
0.0359478
0.03793
0.0373303
0.0388607
0.0384407
0.0394127
0.0391812
0.0396344
0.0395575
0.0396349
0.0396527
0.0395491
0.0395929
0.0395088
0.0395144
0.0396227
0.0395395
0.0399656
0.0397606
0.0405765
0.0402345
0.0414605
0.0409829
0.0425913
0.0419949
0.0439092
0.0432295
0.0453097
0.0446016
0.0466327
0.0459837
0.0476737
0.0471954
0.0481927
0.0480035
0.0479712
0.0481761
0.0468808
0.0475266
0.0449465
0.046002
0.0423447
0.0437053
0.0393338
0.0408668
0.0361595
0.0377485
0.0329702
0.0345551
0.0298114
0.0313847
0.0266712
0.0282376
0.0234306
0.0250346
0.0201439
0.02177
0.0167308
0.0184523
0.020454
0.016589
0.0184449
0.0248943
0.0226058
0.0295714
0.027248
0.034103
0.0318755
0.0380037
0.0362012
0.0404757
0.0394439
0.0407087
0.0409432
0.0367925
0.0394253
0.0265013
0.0325405
0.00843721
0.0184969
-0.0181349
-0.00376944
-0.0529917
-0.0345995
-0.0937233
-0.0728957
-0.13368
-0.114403
-0.160845
-0.149708
-0.162558
-0.165336
-0.13635
-0.152418
-0.0939844
-0.116108
-0.0514864
-0.0719189
-0.0194568
-0.0337956
-6.83322e-05
-0.00830497
0.00957772
0.00570782
0.014023
0.0122004
0.0159403
0.0152074
0.0158646
0.0162022
-0.159384
-0.300858
-0.453947
-0.57137
-0.564435
-0.491167
-0.346083
0.180692
0.0299175
0.00413936
0.11008
0.17767
0.115817
0.0150139
0.0146782
-0.104799
-0.17459
-0.184335
0.167638
0.245299
0.335352
0.266021
0.252699
-0.13711
-0.687753
-0.572007
-0.598539
-0.216178
0.414318
0.315999
0.354673
0.358336
0.413686
-0.572663
-0.42729
0.114031
0.463461
0.511777
0.549698
0.559282
0.418197
0.53273
0.480844
0.0538663
-0.27423
-0.607836
-0.666913
-0.463037
-0.174471
0.325552
0.392525
0.288933
0.183785
-0.214392
-0.192803
-0.211089
-0.221751
-0.215283
0.011524
0.0126052
0.0128771
0.0126913
0.0121311
0.0111439
0.00961499
0.007377
0.00405644
-0.000859642
-0.00781378
-0.0171856
-0.0291672
-0.0438539
-0.060785
-0.0789062
-0.0969689
-0.113403
-0.126487
-0.134704
-0.137116
-0.133612
-0.124827
-0.111943
-0.0963431
-0.079344
-0.0620331
-0.0452397
-0.0295362
-0.0152818
-0.00267839
0.00818203
0.0172661
0.0245919
0.0302076
0.0342031
0.0367056
0.0378876
0.0380052
0.0373891
0.0362676
0.0348077
0.0330649
0.0310313
0.0288485
0.0266227
0.0244278
0.0222639
0.0201439
0.0181376
0.0162905
0.0146098
0.0131066
0.0117415
0.0135512
0.0152334
0.0169347
0.0186643
0.0203467
0.0220549
0.0237066
0.0253481
0.0269483
0.0285514
0.0301369
0.0317557
0.0333759
0.035019
0.0366444
0.0382555
0.0398217
0.0413179
0.0427075
0.0439597
0.0450405
0.0459267
0.0465977
0.0470489
0.0472781
0.0473012
0.0471325
0.0468026
0.0463327
0.0457587
0.0451047
0.0444039
0.0436748
0.0429457
0.042232
0.0415542
0.0409227
0.0403517
0.0398464
0.0394159
0.0390613
0.038787
0.0385894
0.0384668
0.0384106
0.038413
0.0384596
0.0385371
0.0386271
0.038713
0.0387747
0.0387955
0.0387572
0.038647
0.0384527
0.0381694
0.0377939
0.037332
0.0367922
0.0361924
0.0355539
0.0349074
0.0342862
0.0337315
0.0332865
0.0330001
0.0329219
0.0331063
0.0336091
0.0344924
0.0358217
0.0376668
0.0400985
0.043192
0.0470296
0.0517146
0.0573383
0.063961
0.0715847
0.0801944
0.0895243
0.0993103
0.109179
0.118781
0.127904
0.123949
0.120355
0.117261
0.114739
0.112786
0.111486
0.110905
0.111084
0.112112
0.114072
0.117096
0.121324
0.126948
0.134207
0.143437
0.154912
0.16858
0.184717
0.206112
0.237626
0.276354
0.316156
0.358713
0.405427
0.452047
0.490084
0.509818
0.505979
0.482806
0.448719
0.410395
0.373168
0.338888
0.309483
0.284195
0.263169
0.245624
0.230959
0.218939
0.209125
0.20107
0.194518
0.189265
0.185173
0.182099
0.179961
0.178668
0.17821
0.178457
0.179411
0.18099
0.183311
0.186267
0.19003
0.18026
0.169746
0.158967
0.148185
0.13777
0.128176
0.119397
0.111439
0.104243
0.0977389
0.0918579
0.0865411
0.0817339
0.0773871
0.0734601
0.0699176
0.0667368
0.0638983
0.0613929
0.0592071
0.0573333
0.0557559
0.0544646
0.0534422
0.052676
0.0521477
0.0518414
0.0517379
0.0518182
0.0520625
0.0524488
0.0529564
0.0535601
0.0542381
0.0549623
0.0557096
0.0564496
0.0571591
0.0578074
0.0583733
0.0588291
0.0591589
0.0593423
0.0593721
0.0592395
0.0589484
0.0585034
0.0579201
0.0572149
0.0564119
0.0555346
0.0546099
0.0536623
0.0527157
0.0517894
0.0509006
0.050061
0.0492796
0.0485603
0.0479059
0.0473144
0.046784
0.04631
0.0458898
0.0455136
0.0451728
0.0448572
0.0445539
0.0442484
0.0439151
0.0435348
0.0430662
0.0424879
0.0417368
0.0408007
0.0395869
0.038103
0.0362072
0.0340609
0.0313838
0.0285862
0.0251284
0.0220159
0.017733
0.0149691
0.00867755
0.0102038
0.0092322
-0.618788
-0.613835
-0.357128
-0.542103
-0.193781
0.478371
0.0201849
0.218029
0.430808
0.602378
0.628513
0.59188
0.103215
-0.0549145
0.0241938
0.504474
0.1412
0.546069
-0.242286
-0.216687
-0.459008
-0.613454
0.00703238
0.00460542
-0.262953
-0.311762
-0.309809
-0.60901
-0.278487
0.0094288
0.0140721
0.017422
0.0211767
0.0243997
0.0277721
0.0306386
0.0333083
0.035516
0.0374476
0.0390195
0.0402642
0.0412525
0.0420543
0.0426734
0.0431756
0.0435776
0.0439246
0.044233
0.044532
0.0448342
0.045158
0.0455088
0.0459038
0.0463455
0.046843
0.0474001
0.0480216
0.0487073
0.0494571
0.0502648
0.0511239
0.0520202
0.0529391
0.053858
0.0547558
0.0556044
0.0563805
0.0570559
0.0576115
0.0580257
0.0582892
0.0583918
0.058337
0.0581278
0.05778
0.0573076
0.0567359
0.0560865
0.0553897
0.0546704
0.0539605
0.0532847
0.0526731
0.0521483
0.0517371
0.0514584
0.0513352
0.0513828
0.0516201
0.0520593
0.0527156
0.0535988
0.0547204
0.0560883
0.0577117
0.059597
0.0617519
0.0641815
0.0668947
0.0698997
0.0732158
0.0768652
0.0808901
0.0853375
0.0902837
0.0958047
0.102008
0.108993
0.116888
0.125791
0.135787
0.146704
0.158489
0.170711
0.182806
0.194085
0.225719
0.714777
0.783458
0.356233
0.0883109
-0.12072
0.417637
0.647118
-0.000784268
0.272072
0.665961
0.470516
-0.242718
-0.220998
0.00704489
0.00642764
0.00883606
0.0094107
0.00968029
0.00967462
0.00930538
0.0085308
0.0073135
0.00548919
0.00280392
-0.00110386
-0.00657746
-0.0139069
-0.0232522
-0.034625
-0.047749
-0.0617503
-0.075659
-0.0883117
-0.0984584
-0.104953
-0.107134
-0.10485
-0.0985359
-0.0889776
-0.0771674
-0.0640449
-0.0504525
-0.0370339
-0.0242734
-0.0124828
-0.001872
0.0074301
0.0153341
0.0217947
0.0268071
0.0304096
0.0326962
0.0338018
0.0339271
0.0333738
0.0323911
0.031122
0.0296034
0.0277857
0.0257875
0.0237239
0.021677
0.0196836
0.0177576
0.0159512
0.0142806
0.0127517
0.0114144
0.0101888
0.00894086
0.0104069
0.0121
0.0138483
0.0156676
0.0175329
0.019282
0.0210445
0.0227152
0.0243855
0.0260025
0.0276275
0.0292336
0.0308551
0.0324778
0.0341145
0.035746
0.0373622
0.0389281
0.0404253
0.0418166
0.043074
0.0441633
0.0450637
0.045754
0.0462284
0.0464844
0.0465347
0.0463941
0.0460861
0.0456347
0.0450703
0.0444186
0.0437099
0.042966
0.0422132
0.0414696
0.0407563
0.0400862
0.0394754
0.038932
0.0384668
0.0380831
0.0377865
0.0375744
0.0374463
0.0373934
0.037408
0.0374749
0.0375798
0.0377028
0.0378255
0.0379265
0.0379872
0.0379896
0.0379197
0.0377664
0.0375242
0.0371924
0.036776
0.0362858
0.0357381
0.0351549
0.0345633
0.033995
0.0334851
0.0330725
0.0327981
0.0327061
0.0328427
0.0332586
0.0340097
0.0351587
0.0367785
0.0389486
0.0417634
0.0453265
0.0497666
0.0552182
0.0618141
0.0696288
0.0786533
0.088743
0.0995497
0.110792
0.12183
0.132343
0.142302
0.136478
0.131484
0.127062
0.123346
0.120387
0.118207
0.116861
0.116398
0.116847
0.118275
0.120781
0.124478
0.129515
0.136069
0.144379
0.154699
0.167216
0.182246
0.200413
0.223177
0.25154
0.283608
0.317687
0.35591
0.395487
0.432135
0.458223
0.472919
0.471722
0.455849
0.430942
0.400667
0.371161
0.342476
0.316268
0.292768
0.272573
0.255155
0.240309
0.227795
0.217339
0.208651
0.201517
0.195756
0.191241
0.187857
0.185497
0.184114
0.183663
0.184081
0.185325
0.187414
0.190346
0.194058
0.198501
0.203866
-0.364238
-0.567428
-0.617984
-0.592346
-0.478715
0.00578731
0.00861932
0.0128073
0.0166252
0.0202793
0.0237025
0.0269567
0.0298896
0.0325365
0.0347942
0.0367307
0.0383155
0.039696
0.0407721
0.0416399
0.0423208
0.0428723
0.0433161
0.0436938
0.044024
0.0443353
0.0446417
0.0449627
0.0453079
0.045686
0.0461109
0.0465864
0.0471173
0.04771
0.0483644
0.0490806
0.0498531
0.0506748
0.0515328
0.0524121
0.0532921
0.0541508
0.0549627
0.0557033
0.0563474
0.0568739
0.0572641
0.0575061
0.0575921
0.0575231
0.0573042
0.0569487
0.0564731
0.0559008
0.0552559
0.0545677
0.0538637
0.0531751
0.0525292
0.0519557
0.0514789
0.0511246
0.0509127
0.0508639
0.0509933
0.0513162
0.0518431
0.0525837
0.0535449
0.0547316
0.0561476
0.0577939
0.0596723
0.0617814
0.0641222
0.0666947
0.0695041
0.0725621
0.07589
0.0795301
0.0835401
0.0880178
0.0930724
0.0988596
0.105528
0.113275
0.122264
0.132617
0.144317
0.157311
0.171265
0.185777
0.199596
0.211556
0.221116
0.212302
0.206166
0.20106
0.196548
0.192955
0.190354
0.18875
0.18815
0.188563
0.190011
0.192529
0.196165
0.200997
0.207128
0.214676
0.223785
0.234641
0.247431
0.262267
0.27922
0.298394
0.319894
0.343505
0.368494
0.393782
0.416629
0.434886
0.445284
0.445841
0.434844
0.413677
0.385739
0.35395
0.320917
0.289665
0.260749
0.23425
0.211382
0.192452
0.176679
0.163424
0.15237
0.143313
0.136063
0.130417
0.126209
0.123295
0.121561
0.120928
0.121338
0.122756
0.125162
0.12855
0.132942
0.138322
0.144565
0.151872
0.149684
0.0076048
0.0089192
0.0107993
0.0127417
0.0147825
0.0167015
0.0185636
0.0203579
0.0220829
0.0237729
0.0254191
0.0270548
0.0286758
0.0303017
0.0319244
0.0335427
0.0351565
0.0367481
0.0382954
0.0397685
0.041141
0.0423797
0.04346
0.0443565
0.0450568
0.045545
0.0458261
0.0459025
0.0457979
0.0455209
0.0451001
0.0445583
0.0439262
0.0432258
0.0424859
0.0417262
0.0409709
0.0402361
0.0395418
0.0388993
0.0383242
0.037823
0.0374068
0.0370763
0.0368373
0.0366832
0.0366133
0.036613
0.0366749
0.036777
0.0369072
0.0370386
0.0371581
0.037238
0.0372683
0.0372257
0.0371075
0.0368988
0.0366071
0.0362287
0.035782
0.0352745
0.0347345
0.0341789
0.0336435
0.0331518
0.0327443
0.0324478
0.0323074
0.0323521
0.0326351
0.033191
0.0340934
0.0353941
0.0372076
0.0396154
0.0427866
0.0468342
0.0520002
0.0584363
0.0664198
0.0758424
0.0867327
0.0988399
0.11167
0.124769
0.137674
0.00618128
0.00737715
0.00451388
0.00468553
0.00618065
0.00662748
0.00699029
0.00711712
0.00692039
0.0063787
0.00547166
0.00410449
0.00211674
-0.000724631
-0.00466747
-0.00992941
-0.0166454
-0.0247862
-0.0342062
-0.0442975
-0.0543483
-0.0635543
-0.0710337
-0.0759904
-0.0779673
-0.0768128
-0.0727691
-0.0662989
-0.0580483
-0.0486385
-0.0386673
-0.0285907
-0.0187798
-0.00948692
-0.000918664
0.00676979
0.0134403
0.0189917
0.0233564
0.0265127
0.028494
0.0293968
0.0293731
0.0286944
0.0276309
0.0263747
0.024998
0.0234203
0.0216697
0.019831
0.0180153
0.016285
0.0146573
0.013122
0.0117333
0.0104632
0.00936834
0.00838884
-0.233923
0.568899
0.196533
0.530314
-0.0176241
0.654899
-0.209805
-0.286027
0.379231
0.0891291
0.456425
0.728102
0.00575316
0.281247
0.0560667
0.00382488
0.00629379
0.00128106
0.000566923
-0.571747
-0.349309
0.172076
0.230824
0.230491
-0.283692
0.237937
0.182121
0.0078933
-0.109714
0.129015
0.504431
0.268718
0.588392
-0.302615
0.00689134
0.00635
0.00833045
0.00751606
0.0103937
0.00928733
0.0129606
0.0116246
0.0158979
0.0143782
0.0188747
0.0174137
0.0212459
0.0201293
0.0231551
0.0222567
0.0236576
0.0236884
0.0211115
0.0228084
0.0149404
0.0184706
0.00536256
0.0105314
-0.00680321
-0.000464213
-0.0203612
-0.013479
-0.0338387
-0.0271927
-0.0451278
-0.0398816
-0.0513277
-0.0489945
-0.0500751
-0.0516355
-0.0415775
-0.0465481
-0.0289009
-0.0354492
-0.0161941
-0.0222871
-0.00653507
-0.0108993
-0.000519846
-0.00310128
0.00271009
0.00136591
0.00427078
0.00364526
0.00470286
0.00461717
0.00417491
0.00451385
0.0030532
0.00383563
0.00301532
0.143594
0.15914
0.111909
0.127618
0.0836507
0.0971222
0.0620457
0.0718834
0.0480293
0.0541615
0.0397858
0.0433364
0.035195
0.0371344
0.032854
0.033809
0.0318876
0.0322359
0.0318137
0.0317596
0.0323418
0.0320178
0.0332371
0.0327578
0.0342778
0.0337529
0.0352614
0.0347885
0.0360287
0.0356801
0.0364887
0.0363001
0.0366323
0.0365979
0.0365292
0.0366051
0.0363078
0.0364242
0.0361234
0.0362015
0.0361216
0.0360921
0.0364088
0.0362247
0.0370368
0.0366794
0.038003
0.0374801
0.0392541
0.0385981
0.0406964
0.0399589
0.0422
0.0414506
0.0436031
0.0429255
0.0447227
0.0442109
0.0453589
0.0451147
0.0453354
0.0454309
0.0445496
0.0450443
0.0429689
0.043855
0.0407038
0.0419155
0.037926
0.0393657
0.034852
0.0364147
0.0316506
0.0332603
0.0284101
0.0300341
0.025136
0.0267829
0.0217559
0.0234685
0.0181575
0.0199895
0.0142304
0.0162098
0.00998704
0.011983
0.00743754
0.213756
0.220929
0.201641
0.207145
0.194242
0.197334
0.191569
0.192337
0.193438
0.191954
0.19989
0.196081
0.211368
0.204969
0.228623
0.219226
0.252586
0.239723
0.283901
0.267317
0.32234
0.30233
0.365281
0.343586
0.404681
0.386323
0.42621
0.418688
0.41678
0.425745
0.376518
0.399535
0.320866
0.349638
0.266103
0.292775
0.219258
0.241423
0.183605
0.199999
0.158196
0.169794
0.140895
0.148637
0.130253
0.134832
0.125116
0.127061
0.12476
0.124377
0.128905
0.126275
0.137708
0.132712
0.15199
0.144056
0.161277
0.205617
0.220176
0.171114
0.188229
0.140968
0.155101
0.117839
0.12846
0.10148
0.108873
0.0900065
0.0952404
0.0815195
0.0854665
0.0747193
0.0779546
0.0689064
0.071705
0.0638494
0.0662827
0.0595407
0.061596
0.0560361
0.0576829
0.0533838
0.0546004
0.0516006
0.052383
0.050663
0.0510281
0.0505029
0.0504906
0.0510048
0.0506787
0.052006
0.0514531
0.0533034
0.0526296
0.054668
0.0539899
0.0558668
0.0552998
0.0566915
0.0563347
0.0569907
0.056911
0.0566962
0.0569161
0.0558359
0.0563296
0.0545254
0.0552257
0.0529381
0.0537536
0.0512611
0.0520994
0.0496538
0.0504406
0.0482226
0.048912
0.0470163
0.0475906
0.0460357
0.0465009
0.0452391
0.0456202
0.0445597
0.0448892
0.0439048
0.0442371
0.0431309
0.0435436
0.0420418
0.0426406
0.0403803
0.0413017
0.0378433
0.0392424
0.034188
0.0361791
0.0292607
0.0318985
0.0231765
0.026381
0.0159376
0.0197357
0.0078073
0.0118708
0.00155335
0.0041963
-0.488989
0.00267059
0.00249622
0.255184
0.194973
0.252723
0.198002
-0.00175738
0.00283279
-0.00185183
0.0115267
0.00723921
0.0193815
0.0155829
0.0260359
0.0228683
0.0315342
0.0289458
0.035825
0.0338257
0.0389487
0.0375184
0.0410937
0.040127
0.0425144
0.0418758
0.0434801
0.0430382
0.0442165
0.0438649
0.044894
0.0445541
0.0456326
0.04525
0.0465169
0.0460538
0.0475998
0.0470312
0.0488943
0.0482205
0.0503801
0.0496164
0.0519802
0.0511723
0.0535641
0.0527832
0.0549633
0.0542969
0.0560034
0.0555369
0.0565445
0.0563411
0.0565171
0.0566012
0.0559408
0.0562913
0.0549228
0.0554759
0.0536397
0.0543002
0.0523098
0.0529652
0.0511629
0.0516986
0.0504154
0.0507262
0.0502513
0.0502502
0.0508106
0.0504333
0.0521846
0.0513917
0.0544161
0.0531921
0.0575003
0.0558533
0.0613875
0.0593478
0.065989
0.0636048
0.0712031
0.0685231
0.0770005
0.0740203
0.0836354
0.080171
0.0920397
0.0875068
0.104306
0.0974946
0.123424
0.112801
0.151144
0.136283
0.188449
0.168732
0.227767
0.208987
0.24308
0.168678
0.182482
0.148229
0.157223
0.135524
0.141073
0.12862
0.131427
0.126659
0.127046
0.129549
0.127485
0.137741
0.132941
0.152133
0.144096
0.173932
0.162031
0.204597
0.188055
0.245414
0.223727
0.294514
0.269202
0.346545
0.320783
0.38998
0.37012
0.413057
0.404925
0.40854
0.414042
0.381763
0.397285
0.343337
0.363177
0.304451
0.323464
0.270489
0.28672
0.242964
0.255888
0.222166
0.231748
0.207562
0.214144
0.198412
0.202351
0.194193
0.19571
0.194735
0.19387
0.20034
0.196866
0.211827
0.205274
0.230341
0.220195
0.242404
0.00703517
0.00540454
0.0116543
0.00957069
0.0160257
0.0139713
0.0198745
0.0180106
0.023389
0.0216621
0.0267192
0.025068
0.0299652
0.0283476
0.0331631
0.0315702
0.0362724
0.0347344
0.0391658
0.0377565
0.0416612
0.0404745
0.0435736
0.0427032
0.0447595
0.0442604
0.0451856
0.0450658
0.0448755
0.0451075
0.0440124
0.0445031
0.0427657
0.0434252
0.0413212
0.0420561
0.0398472
0.0405777
0.0384884
0.0391458
0.0373542
0.0378878
0.0365193
0.0368958
0.0360178
0.0362273
0.0358255
0.0358866
0.0358659
0.0358234
0.0360174
0.0359365
0.0361358
0.0360896
0.0360847
0.0361385
0.0357684
0.035963
0.0351576
0.0354983
0.0342998
0.0347534
0.0333132
0.0338127
0.0323657
0.0328227
0.0316471
0.0319657
0.0313446
0.0314324
0.0316422
0.0314057
0.0327809
0.0320844
0.0352447
0.0337964
0.0401548
0.0372792
0.0497455
0.0441774
0.0670002
0.0572272
0.0938593
0.0792174
0.129287
0.110676
0.167968
0.148497
0.185434
0.0017995
0.00195911
0.00188413
0.00209149
0.00154069
0.00252027
0.00227652
0.00265809
0.00267362
0.0021265
0.00246938
0.00087032
0.00160636
-0.00154638
-0.000152347
-0.00574496
-0.00337731
-0.0118777
-0.00856226
-0.0190831
-0.0154363
-0.025368
-0.0224582
-0.0285669
-0.0274231
-0.0275675
-0.0285655
-0.0229094
-0.0255837
-0.0159855
-0.019628
-0.00796786
-0.0120384
0.000156873
-0.00385109
0.00736212
0.00393363
0.0126938
0.0102995
0.0155619
0.0144346
0.0160154
0.0160411
0.0149006
0.0155486
0.0134144
0.0141485
0.0116127
0.0125693
0.00952984
0.0105614
0.00765659
0.00854594
0.00610713
0.00682733
0.00502134
0.00549739
0.00435235
0.00468408
0.0032622
-0.368178
-0.00251339
-0.055882
-0.323312
-0.00849985
-0.565861
-0.343763
-0.420386
-0.323878
-0.316826
-0.30713
0.620092
0.798578
0.8914
0.839443
0.712467
-0.591061
-0.634687
-0.74276
-0.684905
-0.915154
-0.466451
-0.0535345
-0.236716
0.153448
-0.00479101
0.00162463
0.00675539
0.0114416
0.0154376
0.0192012
0.0225958
0.0257565
0.028663
0.0312831
0.0336049
0.0356327
0.0373667
0.038831
0.0400458
0.0410472
0.0418653
0.042534
0.043083
0.0435435
0.0439411
0.0443003
0.0446405
0.0449794
0.0453308
0.0457064
0.0461152
0.0465654
0.0470654
0.047614
0.0482173
0.0488706
0.0495697
0.0503074
0.0510732
0.0518527
0.0526288
0.0533816
0.0540903
0.0547325
0.0552879
0.0557368
0.0560641
0.0562574
0.0563111
0.0562232
0.0559992
0.0556482
0.0551864
0.0546323
0.0540102
0.0533447
0.0526651
0.0519981
0.0513742
0.0508192
0.0503617
0.0500237
0.0498299
0.0497969
0.0499441
0.0502818
0.0508233
0.0515723
0.0525363
0.0537119
0.0551005
0.0566914
0.0584794
0.060446
0.0625794
0.0648543
0.0672556
0.0697586
0.0723584
0.0750546
0.0778891
0.0809395
0.0843642
0.0883997
0.0933972
0.0997938
0.108099
0.1188
0.132211
0.14841
0.168089
0.191125
0.217649
0.245011
0.268564
0.289396
0.213048
0.190854
0.173565
0.160245
0.1504
0.14276
0.13693
0.132663
0.129769
0.128159
0.127784
0.128647
0.130783
0.134267
0.139191
0.145685
0.153888
0.163969
0.1761
0.190474
0.20723
0.226375
0.247627
0.270696
0.295121
0.320013
0.344517
0.366903
0.385643
0.399147
0.406701
0.407924
0.402876
0.392403
0.377935
0.360937
0.34266
0.323976
0.305564
0.288065
0.271912
0.257383
0.244495
0.233242
0.223586
0.215472
0.208811
0.203528
0.199545
0.196812
0.195293
0.194988
0.195927
0.198188
0.201875
0.20718
0.214491
0.224278
0.237347
0.254419
0.27649
0.331107
0.000783136
-2.76642e-05
0.00325099
0.00624725
0.00931744
0.0117496
0.0140614
0.0161541
0.018131
0.0199955
0.0217763
0.0234943
0.0251628
0.0267998
0.0284128
0.0300116
0.0315967
0.0331674
0.0347131
0.0362229
0.0376808
0.0390666
0.0403563
0.0415272
0.0425577
0.0434255
0.0441159
0.0446207
0.044936
0.0450652
0.0450143
0.0448036
0.044451
0.0439772
0.0434041
0.0427546
0.0420504
0.0413109
0.040563
0.0398232
0.0391087
0.0384347
0.0378147
0.0372593
0.0367769
0.0363698
0.0360416
0.0357925
0.0356194
0.0355142
0.0354671
0.0354637
0.0354893
0.0355254
0.0355554
0.0355607
0.0355266
0.0354384
0.0352872
0.0350656
0.0347737
0.0344133
0.0339937
0.0335257
0.0330269
0.0325144
0.0320105
0.0315349
0.0311107
0.0307555
0.0304892
0.0303255
0.0302807
0.0303681
0.0306108
0.0310411
0.0317224
0.0327576
0.0343204
0.0366691
0.0401693
0.0452801
0.0525222
0.062384
0.0752422
0.0912405
0.110243
0.131809
0.155447
0.179342
0.200791
0.224865
0.275945
0.0237723
0.014972
0.00468689
0.00170876
0.00040641
0.00043714
0.00035137
0.000460137
0.000547556
0.00055286
0.000488775
0.000348865
0.000138459
-0.000157167
-0.00054561
-0.00104135
-0.00163968
-0.0023886
-0.00321051
-0.00415541
-0.00512728
-0.00610754
-0.00700795
-0.00775877
-0.00827543
-0.00853328
-0.00850608
-0.00822984
-0.00772659
-0.00704066
-0.00617185
-0.0051464
-0.00396165
-0.00265554
-0.00125329
0.000189878
0.00162649
0.00300088
0.00424825
0.00531772
0.0061494
0.00672448
0.00702229
0.00708885
0.00694895
0.0067152
0.00640748
0.00607505
0.00566623
0.00519842
0.00471198
0.00425534
0.00382101
0.00342974
0.00305576
0.00274286
0.00251387
0.00241313
0.00261782
0.00377363
0.00732999
0.0149122
0.0123029
-0.248587
0.0149033
0.171445
0.0760896
)
;

boundaryField
{
    frontandback
    {
        type            empty;
    }
    walls
    {
        type            zeroGradient;
    }
    diamond
    {
        type            zeroGradient;
    }
    inlet
    {
        type            zeroGradient;
    }
    outlet
    {
        type            fixedValue;
        value           uniform 0;
    }
}


// ************************************************************************* //
