/*--------------------------------*- C++ -*----------------------------------*\
  =========                 |
  \\      /  F ield         | OpenFOAM: The Open Source CFD Toolbox
   \\    /   O peration     | Website:  https://openfoam.org
    \\  /    A nd           | Version:  10
     \\/     M anipulation  |
\*---------------------------------------------------------------------------*/
FoamFile
{
    format      ascii;
    class       volScalarField;
    location    "9.5";
    object      p;
}
// * * * * * * * * * * * * * * * * * * * * * * * * * * * * * * * * * * * * * //

dimensions      [0 2 -2 0 0 0 0];

internalField   nonuniform List<scalar> 
6397
(
0.26681
0.256075
0.0135077
0.0129548
0.0130404
0.0136198
0.485119
0.255201
-0.315409
-0.310409
0.315303
0.202257
-0.00837414
-0.0103554
-0.018235
-0.400665
-0.395
-0.388483
0.840651
0.785413
0.748685
-0.334468
-0.297398
-0.289395
-0.00845167
-0.0103211
-0.00682468
0.0235615
0.0250422
0.0221763
0.023432
0.0113361
0.0117996
0.0124207
0.00928901
0.00972882
0.0103068
0.0107335
0.0078169
0.00742404
0.00832948
0.00873765
0.0209432
0.0156515
0.016366
0.0142165
0.0142927
0.0149253
0.00559855
0.00540827
0.00490644
0.00461448
0.00504353
0.312334
0.297193
0.153078
0.163864
-0.00791625
0.0357126
0.0336068
0.0380598
0.0405847
0.0436313
0.0471194
0.0509113
0.0552761
0.0602425
0.0653017
0.0345096
0.0316586
0.0322935
0.0369951
0.0397264
0.0427985
0.0460547
0.0498385
0.0539479
0.0584098
0.0630107
0.0676131
0.0302748
0.0298481
0.0705551
0.0720193
0.0283871
0.0281552
0.0755974
0.0760378
0.0266101
0.0265563
0.0803285
0.0794625
0.0249682
0.0234316
0.0843601
0.0819674
0.0265186
0.0231021
0.0247229
0.0304656
0.0284075
0.0351145
0.0326897
0.0406715
0.0377602
0.047168
0.0437547
0.0547517
0.0508669
0.0627591
0.0587554
0.0701543
0.0665999
0.0756667
0.0733031
0.0769827
0.0727291
0.0846429
0.0787548
0.0610092
0.0667603
0.0510894
0.0557957
0.043436
0.0470504
0.0383408
0.040752
0.0343316
0.0362602
0.0309095
0.0326047
0.0276969
0.0292616
0.024788
0.0261771
0.0220235
0.0222293
0.0216022
0.0770323
0.0833544
0.0823796
0.0904533
0.0899582
0.075382
0.0686387
0.0658084
0.0216701
0.0226008
0.0209756
0.020511
0.0877487
0.0260932
0.0242759
0.0301024
0.0280217
0.0347626
0.0323557
0.0401204
0.0373251
0.0462039
0.0430617
0.0528323
0.0494505
0.0595503
0.0562001
0.065589
0.0626877
0.069313
0.0679316
0.069614
0.0681605
0.0750856
0.0564637
0.0619114
0.0474029
0.0515884
0.0410465
0.0440668
0.0366452
0.038781
0.0331612
0.0349313
0.0300053
0.0316473
0.0269615
0.0284977
0.024075
0.0254853
0.0228854
0.0206717
0.0209517
0.0194725
0.020156
0.0975541
0.0958448
0.0835064
0.0591668
0.0555696
0.0606305
0.0716005
0.0932644
0.10446
0.100966
0.0197745
0.0193889
0.0181489
0.0188353
0.017569
0.0198058
0.0208434
0.0903753
0.0218702
0.0203705
0.0252479
0.0235066
0.0291017
0.0271118
0.0334495
0.0312274
0.0382886
0.0358205
0.0435776
0.0408928
0.0491331
0.0463697
0.0545666
0.051919
0.0592754
0.0571397
0.0614239
0.060859
0.061028
0.0771388
0.0851184
0.0629591
0.0696445
0.0518428
0.0570938
0.0445407
0.047969
0.0392665
0.0416865
0.0353794
0.0372086
0.0321066
0.0337037
0.0290122
0.0305507
0.0259955
0.0274895
0.0232215
0.024588
0.0219562
0.0193246
0.0197197
0.0187768
0.0494152
0.100429
0.0818352
0.107416
0.110816
0.0525616
0.0652101
0.0169771
0.0164942
0.0184892
0.0182399
0.019958
0.0189093
0.0182429
0.0170942
0.0404117
0.0283746
0.0412555
0.0187554
0.0915904
0.021016
0.0196047
0.0241303
0.022531
0.0277093
0.025898
0.0316302
0.029623
0.0358892
0.0337249
0.040373
0.0381058
0.0449336
0.0426686
0.0491818
0.0471244
0.052492
0.0510242
0.0533648
0.053351
0.0499218
0.0522649
0.0392035
0.0456665
0.018191
0.0301884
0.0843854
0.0961523
0.0907445
0.0706437
0.0775229
0.0580858
0.0640986
0.0488484
0.0531536
0.0424694
0.0453818
0.037871
0.0400156
0.0342047
0.0359611
0.0309598
0.0325513
0.0278611
0.0293967
0.0249084
0.02635
0.022226
0.0235021
0.0210387
0.0180801
0.0184514
0.0175255
0.112479
0.0998855
0.0130114
0.00321486
0.104125
0.0780339
0.0160493
0.0177823
0.0190481
0.0180876
0.115689
0.0559472
0.100795
0.115187
0.026901
-0.00500358
-0.0147463
0.0179466
0.0911932
0.0176286
0.0155425
0.0165508
0.0200436
0.0187835
0.0228542
0.0213953
0.026044
0.0244142
0.0295204
0.0277514
0.0331706
0.03133
0.0369263
0.0350424
0.0406038
0.0387937
0.0438335
0.0423043
0.0459433
0.0450877
0.0457208
0.0462105
0.0413197
0.0442003
0.0306338
0.0370146
0.0106577
0.0220041
-0.0196271
-0.00320974
0.0825382
0.0832543
0.0842319
0.0746243
0.079131
0.0639534
0.0694542
0.0541116
0.0588833
0.046393
0.0499713
0.0407792
0.0433764
0.0364954
0.0385221
0.0329256
0.0346503
0.0297023
0.0312884
0.0266357
0.0281528
0.0237491
0.0251633
0.0212088
0.022425
0.020086
0.0981218
0.0790593
-0.0349536
-0.0381052
0.0171169
0.0171582
0.0168222
0.0163227
0.01722
0.0171496
0.016822
0.017128
0.0158723
0.0163775
0.0150375
0.0154549
0.0145788
0.10703
0.0718306
0.118735
0.0439339
0.11368
0.00954574
0.0710079
0.0908884
-0.0259946
-0.0578608
-0.0565745
0.014975
0.0140816
0.0888326
0.0168839
0.0159113
0.0189835
0.0179014
0.0214723
0.0201871
0.0242732
0.0228389
0.0273007
0.025772
0.0304229
0.0288656
0.0335115
0.0319775
0.0364013
0.0349975
0.0387376
0.037669
0.0398589
0.0395029
0.0387206
0.0396461
0.0338307
0.0368405
0.0234012
0.0294455
0.00494945
0.015275
-0.0219208
-0.00746103
-0.0553016
-0.0380733
0.0665138
0.0522843
0.0611904
0.069092
0.0689686
0.0645875
0.0674836
0.0575003
0.0613021
0.050062
0.0536979
0.0437894
0.0467518
0.0388453
0.0411767
0.0348605
0.0367614
0.031458
0.0331091
0.0283425
0.0298785
0.0253757
0.0268413
0.0226209
0.0239627
0.0202078
0.0213636
0.0181885
0.0191644
0.0163792
0.0172355
0.0155741
0.0158645
0.0149389
0.0154821
0.0160613
0.0160402
0.0156522
0.0159267
0.0148673
0.0152854
0.0140987
0.0145039
0.0582395
0.0394515
-0.0781553
-0.072759
0.0132566
0.0136885
0.109602
0.063278
0.117569
0.0296913
0.107371
-0.00984695
0.0784253
-0.0479482
0.0222377
0.0400881
-0.0786972
-0.0896922
-0.0978372
0.00814916
0.000261637
-0.0118141
-0.105955
-0.0812148
-0.0948222
0.0127861
0.012433
0.0120479
0.083147
0.0143715
0.0135379
0.0160365
0.0151886
0.0178947
0.0169255
0.0200511
0.0189335
0.0224911
0.0212405
0.0251068
0.0237871
0.0277333
0.0264285
0.0302264
0.0290049
0.0324147
0.0313728
0.0339676
0.0332994
0.0342722
0.0343225
0.0324165
0.0336762
0.0272128
0.0303057
0.0171533
0.0228966
0.000487887
0.00966843
-0.0230266
-0.0104534
-0.0518262
-0.0370059
-0.0667152
0.036552
0.0240875
0.0517079
0.0456761
0.0566376
0.0553172
0.0553911
0.0566437
0.0510067
0.0534286
0.0457008
0.0483638
0.0407531
0.043145
0.036534
0.0385558
0.0329639
0.0346819
0.0298265
0.0313581
0.026898
0.0283463
0.0240942
0.0254785
0.0215027
0.0227642
0.0192475
0.0203283
0.017317
0.0182486
0.0156313
0.0164412
0.0148518
0.0141799
0.013637
0.0148305
0.0145553
0.0149751
0.0149712
0.0145885
0.0148376
0.0139113
0.0142608
0.0132093
0.0135677
0.0128249
0.105294
0.0536132
0.112035
0.0131827
0.0949722
-0.0305062
0.059446
-0.0699791
0.0157222
-0.0996913
-0.0358999
-0.0269588
-0.115863
-0.107196
-0.120231
-0.0418863
-0.0640573
-0.0659176
-0.118045
-0.0964171
-0.106051
0.0116499
0.0113163
0.0122502
0.0115466
0.0800061
0.0136664
0.0129184
0.0151523
0.0143908
0.0167776
0.0159265
0.0186406
0.0176763
0.0207433
0.0196661
0.0229667
0.0218507
0.0251403
0.0240695
0.0271036
0.0261572
0.0286779
0.0279527
0.0295543
0.0292293
0.0291843
0.0295655
0.0267841
0.0282884
0.0214
0.0245229
0.0118374
0.0172163
-0.00305745
0.00507628
-0.0235532
-0.0126729
-0.0482936
-0.0356164
-0.0737772
-0.0612498
-0.0856219
-0.00293215
-0.0207714
0.0236541
0.0118217
0.0391532
0.0327612
0.0457501
0.0433197
0.0467716
0.0467925
0.0446003
0.0459417
0.0411035
0.0429291
0.0373919
0.0392333
0.0339462
0.0356252
0.030869
0.0323657
0.0280654
0.0294443
0.0253848
0.026716
0.0227933
0.0240739
0.0203951
0.0215623
0.018302
0.019309
0.016511
0.0173651
0.0149262
0.0156938
0.0142029
0.012428
0.0118913
0.013319
0.0129047
0.0138291
0.013617
0.0139502
0.0139478
0.0136064
0.0138282
0.0130133
0.0133172
0.0124039
0.0127133
0.0120413
0.0989183
0.0421484
0.100235
-0.00563817
0.0750266
-0.0510919
0.0326794
-0.0908405
-0.0156322
-0.118173
-0.0601125
-0.130966
-0.0926938
-0.0963508
-0.131961
-0.114609
-0.127389
0.0110517
0.0721783
0.0115794
0.0103887
0.0109346
0.0129319
0.0122605
0.0142603
0.0135902
0.0156676
0.0149284
0.0172648
0.0164387
0.0190486
0.0181373
0.0209063
0.0199788
0.0226627
0.0218073
0.0241503
0.0234491
0.0251892
0.0247386
0.0254893
0.0254547
0.0245675
0.0252155
0.0217624
0.0234413
0.0162945
0.0194076
0.007263
0.0122721
-0.00609767
0.00114452
-0.0239623
-0.0145228
-0.0452175
-0.0343418
-0.0673733
-0.0563595
-0.0875375
-0.077775
-0.104456
-0.0963817
-0.0452721
-0.0881274
-0.0657173
-0.011057
-0.0270186
0.0132506
0.00225172
0.0285349
0.0219461
0.0362591
0.0331526
0.0389296
0.0380801
0.0384925
0.0389825
0.0364828
0.0376075
0.0338739
0.0352111
0.0311908
0.032523
0.028642
0.0298973
0.0262148
0.0274195
0.0238245
0.0250177
0.0214797
0.0226409
0.0192964
0.0203603
0.0173776
0.0183027
0.0157193
0.016514
0.0142468
0.0149732
0.0128687
0.0135403
0.012289
0.0117491
0.0108345
0.0113131
0.0124541
0.0121226
0.0128859
0.0127111
0.0129832
0.0129824
0.0126913
0.0128799
0.0121861
0.0124464
0.0116514
0.0119309
0.0109105
0.011306
0.0102455
0.0105012
-0.12163
-0.111475
-0.122513
-0.111693
0.0875842
0.0288453
0.0111961
0.0802353
-0.0231862
0.00972461
0.00945085
0.00888146
0.0460926
-0.0708419
-0.003045
-0.109068
-0.0546898
-0.133021
-0.0992798
-0.142533
-0.132369
-0.140978
-0.135266
-0.151733
-0.135385
-0.129686
-0.118381
0.0602984
0.0110169
0.0104098
0.0121881
0.0116059
0.0133483
0.0127755
0.0145807
0.0139618
0.015933
0.0152365
0.0174201
0.0166645
0.0189336
0.0181834
0.020305
0.0196472
0.0213659
0.0208833
0.0219376
0.0217251
0.0217498
0.0219591
0.0203809
0.0212417
0.0172798
0.0190799
0.0118132
0.0148783
0.00331102
0.00797203
-0.00871955
-0.00225377
-0.0243421
-0.0161144
-0.0427131
-0.0333218
-0.0619496
-0.0524149
-0.0800634
-0.0713546
-0.0954255
-0.0880249
-0.108256
-0.102021
-0.0827381
-0.120982
-0.10187
-0.0467379
-0.0642488
-0.0169674
-0.0308999
0.00513853
-0.00495372
0.0197172
0.0132597
0.0280716
0.0245534
0.0318977
0.0304298
0.0327819
0.0326124
0.0319754
0.0325237
0.0303282
0.0312159
0.0283654
0.0293639
0.026346
0.0273566
0.0243129
0.0253335
0.0222366
0.0232798
0.0201604
0.021192
0.0182059
0.0191608
0.0164698
0.0173093
0.0149447
0.0156837
0.0135709
0.0142601
0.0122938
0.0129242
0.0117157
0.0102841
0.00983365
0.0110306
0.0106814
0.0116275
0.0113449
0.011997
0.0118483
0.012075
0.012076
0.0118328
0.0119891
0.0114055
0.0116294
0.0109141
0.0111711
0.0102362
0.0106123
0.00984426
-0.15858
-0.13923
-0.124751
-0.114237
0.068815
0.00998299
0.00903744
0.00841613
0.0502568
-0.0428698
0.00673597
-0.0892394
-0.048674
-0.123799
-0.101869
-0.144058
-0.143931
-0.150702
-0.170859
-0.147924
-0.181908
-0.142311
-0.155725
-0.180459
-0.136438
-0.135612
-0.146741
-0.169986
0.00881795
-0.130879
-0.119658
0.0423725
0.0103772
0.00975122
0.0114378
0.0109195
0.0124583
0.0119481
0.0135159
0.0129822
0.0146479
0.0140701
0.0158581
0.0152474
0.0170497
0.0164651
0.0180661
0.0175894
0.0187439
0.0184562
0.0189086
0.0189018
0.0183098
0.0187226
0.0165816
0.0176107
0.0132672
0.0151492
0.00785961
0.0108522
-0.000136153
0.00420478
-0.0110253
-0.00521945
-0.0247562
-0.0175623
-0.0406752
-0.0325261
-0.0574902
-0.0490668
-0.0736254
-0.0658033
-0.0876308
-0.081061
-0.0992071
-0.0936278
-0.109213
-0.104349
-0.108262
-0.122733
-0.0771387
-0.0927645
-0.0468874
-0.0617117
-0.0211058
-0.0333496
-0.0012594
-0.0103984
0.0124727
0.00628814
0.0210528
0.0173252
0.0256527
0.0237558
0.0275222
0.0268511
0.0276759
0.0277567
0.0268493
0.0273465
0.0255423
0.0262324
0.0240299
0.0248031
0.0223909
0.0232253
0.020639
0.0215263
0.0188428
0.0197394
0.0171244
0.0179671
0.0155745
0.0163267
0.0141956
0.0148667
0.0129321
0.0135556
0.0117132
0.0123176
0.0106333
0.011131
0.0101564
0.00968719
0.00928901
0.0103265
0.0100233
0.0108409
0.010599
0.0111587
0.0110303
0.0112247
0.0112255
0.0110236
0.0111538
0.0106546
0.0108519
0.0101962
0.0104371
0.00957994
0.00992177
0.00871056
0.0091827
0.00787783
0.00824142
0.0406416
-0.0119611
-0.113358
-0.124636
0.00753689
0.00738362
0.00717657
-0.0997103
-0.103011
0.00893459
-0.0639701
-0.0441166
-0.106258
-0.10456
-0.135422
-0.156837
-0.151896
-0.192792
-0.156242
-0.210041
-0.153695
-0.210295
-0.148918
-0.155478
-0.134165
-0.13801
-0.160921
-0.199245
-0.143262
-0.181459
0.00731821
0.0091442
0.00702256
0.0174259
0.00848626
0.00798915
0.0096592
0.00908323
0.0106673
0.0101885
0.0115726
0.0111243
0.0124744
0.0120224
0.0134052
0.0129353
0.014359
0.0138827
0.0152512
0.0148207
0.0159409
0.0156302
0.0162743
0.0161607
0.0160837
0.0162552
0.0151393
0.0157214
0.013125
0.0142855
0.00966368
0.0115962
0.00435464
0.00726007
-0.00316528
0.000883396
-0.0130836
-0.00782979
-0.0252678
-0.0189217
-0.0391278
-0.0320462
-0.0537589
-0.0464063
-0.0680617
-0.0610417
-0.080658
-0.0746699
-0.0911264
-0.0861962
-0.095631
-0.118934
-0.127676
-0.0970175
-0.108561
-0.0715556
-0.0845117
-0.0462367
-0.0586773
-0.024028
-0.0346916
-0.00631938
-0.0145804
0.00651294
0.000662811
0.0150486
0.0112561
0.0201326
0.0179505
0.022719
0.0216748
0.0236286
0.0233349
0.0234934
0.0236562
0.0227711
0.0231828
0.0217311
0.0222809
0.0204748
0.0211267
0.0190475
0.0197781
0.0175338
0.0182941
0.0160526
0.0167827
0.0146882
0.0153541
0.0134482
0.0140555
0.0122894
0.0128627
0.0111583
0.0117207
0.0100938
0.0106179
0.00961186
0.00830155
0.00788309
0.00906292
0.00870512
0.00964166
0.00936657
0.0100924
0.00988278
0.0103679
0.0102561
0.0104266
0.0104261
0.0102579
0.0103679
0.00993369
0.0101096
0.00950659
0.00973371
0.00891711
0.00924205
0.0081476
0.00853066
0.00777316
-0.137107
0.00675143
-0.116864
-0.105517
0.00141625
-0.03869
-0.0444653
-0.086975
-0.106635
-0.122009
-0.129373
-0.169945
-0.144069
-0.21805
-0.157798
-0.243486
-0.160517
-0.138916
-0.119059
-0.116718
-0.136568
-0.247517
-0.159473
-0.162624
-0.235583
-0.156163
-0.188938
-0.214249
-0.150865
0.00629959
0.00694917
0.00700722
-0.119776
-0.107355
0.00664982
-0.016139
0.00719022
0.00637828
0.00681188
0.00799318
0.0075688
0.00896619
0.00847568
0.00989316
0.00945355
0.0106967
0.0103043
0.0114564
0.0110802
0.0122007
0.0118302
0.012918
0.0125658
0.0135335
0.0132452
0.0139233
0.0137645
0.0139467
0.0139888
0.0134456
0.0137717
0.0122109
0.0129336
0.00997104
0.0112327
0.00641708
0.00837469
0.00123732
0.00404467
-0.00582894
-0.00205289
-0.0148899
-0.010117
-0.0257842
-0.0201365
-0.0379751
-0.0317648
-0.0507269
-0.0443282
-0.0632236
-0.0570651
-0.0744209
-0.0690489
-0.0837347
-0.0793037
-0.0910091
-0.0877182
-0.0951111
-0.093526
-0.108249
-0.0962423
-0.0960925
-0.116547
-0.119034
-0.104691
-0.111549
-0.0871685
-0.0964764
-0.0663962
-0.0769769
-0.0451673
-0.055665
-0.0259991
-0.0352778
-0.0102789
-0.0176847
0.00160732
-0.00387355
0.00992199
0.0061659
0.0152664
0.0129117
0.018358
0.0170429
0.0198566
0.0192653
0.0202972
0.0201776
0.0200868
0.0202521
0.0194779
0.0198216
0.0185848
0.0190619
0.0174745
0.0180513
0.0162395
0.0168653
0.0149922
0.0156114
0.0138102
0.0143912
0.0127068
0.0132504
0.0116517
0.0121758
0.0106168
0.0111315
0.00958555
0.0100945
0.00863293
0.00908479
0.00819201
0.00776474
0.00739736
0.00844342
0.00812012
0.00897568
0.00872407
0.00937869
0.00919305
0.0096212
0.00952261
0.0096744
0.00967269
0.00953165
0.00962563
0.00924414
0.00940214
0.00884574
0.00905984
0.00829929
0.00859525
0.00766061
0.00796734
0.00704244
0.00736599
0.00669965
-0.0496304
-0.0713344
-0.0950309
-0.0855762
-0.0837048
-0.109579
-0.112173
-0.143595
-0.179487
-0.137309
-0.242521
-0.151464
-0.133911
-0.111961
-0.0953369
-0.0883894
-0.104519
-0.282158
-0.162276
-0.131425
-0.292738
-0.165467
-0.108019
-0.12189
-0.160727
-0.280531
-0.166674
-0.191996
-0.255278
-0.164806
-0.224196
0.00595834
0.00590942
0.00552137
0.00585941
0.00724998
0.00644155
0.00544833
-0.0592871
0.00674161
0.0063652
0.00749332
0.00710875
0.00833219
0.00790925
0.00913253
0.00874418
0.00983462
0.0094958
0.0104609
0.0101556
0.0110315
0.0107531
0.0115302
0.0112925
0.0118909
0.0117334
0.0120063
0.0119861
0.0117503
0.011932
0.0109769
0.0114373
0.00949752
0.0103372
0.00708046
0.00841921
0.00347566
0.00543898
-0.00155518
0.00114829
-0.00819262
-0.00467
-0.0164823
-0.0121392
-0.0262538
-0.0212079
-0.0370452
-0.0315621
-0.0482127
-0.0426245
-0.0590655
-0.053722
-0.0688656
-0.0641395
-0.07687
-0.0731558
-0.08292
-0.0802688
-0.0858146
-0.0847713
-0.086193
-0.102786
-0.100264
-0.101514
-0.103206
-0.0925331
-0.0978809
-0.0785837
-0.0860123
-0.0616781
-0.0704025
-0.0438242
-0.0527031
-0.0273241
-0.0353794
-0.0133778
-0.0200006
-0.00244785
-0.00753993
0.00553473
0.00188111
0.010976
0.00853258
0.0144101
0.0129034
0.0163612
0.0155366
0.0172764
0.0169208
0.0175087
0.0174586
0.0172886
0.0174445
0.016736
0.0170479
0.0159302
0.0163587
0.0149656
0.0154607
0.0139456
0.0144569
0.0129415
0.0134394
0.0119718
0.0124531
0.0110204
0.0114952
0.0100718
0.0105444
0.00909541
0.00957876
0.00815064
0.00862262
0.00769473
0.00659324
0.00603804
0.006294
0.0072315
0.00691003
0.00784654
0.00755432
0.00833219
0.00810277
0.0086972
0.00853006
0.00891403
0.00882592
0.00896301
0.00896017
0.00884164
0.00892228
0.00858592
0.00872805
0.00821999
0.00841703
0.00773719
0.00799316
0.00719953
0.00746009
0.00663209
0.0069514
0.00627325
-0.0927514
-0.0804691
-0.111854
-0.11003
-0.159322
-0.18458
-0.139598
-0.0796788
-0.0668219
-0.057228
-0.0695621
-0.259416
-0.152958
-0.150095
-0.0948686
-0.31799
-0.160462
-0.123602
-0.344273
-0.167958
-0.106821
-0.137715
-0.155247
-0.336657
-0.173058
-0.123026
-0.190347
-0.306974
-0.176057
-0.228544
-0.268403
0.0050636
0.00576059
-0.0892904
-0.0762154
-0.111792
0.00552587
0.00473887
0.00515243
0.00625289
0.00589377
0.00697871
0.00661337
0.00771534
0.00734961
0.0083975
0.00806667
0.00899031
0.00870637
0.00948821
0.00925045
0.00989575
0.00970348
0.0101921
0.0100602
0.0103184
0.0102812
0.0101828
0.0102892
0.00967467
0.0099818
0.00866161
0.00923943
0.00697531
0.00791263
0.00441957
0.00581648
0.000795127
0.00275009
-0.0040759
-0.00147821
-0.0103124
-0.00702334
-0.0179118
-0.0139512
-0.0266953
-0.0221775
-0.0362697
-0.0314172
-0.0460742
-0.0411819
-0.0554872
-0.0508665
-0.0639272
-0.0598597
-0.0707826
-0.0675972
-0.0755184
-0.0734285
-0.0774916
-0.0769009
-0.0761259
-0.0773507
-0.0701458
-0.0737788
-0.0709159
-0.0591314
-0.0654233
-0.0816424
-0.0751267
-0.0888489
-0.0861584
-0.0887373
-0.0897247
-0.0822332
-0.08618
-0.0711892
-0.0771506
-0.0573098
-0.0645807
-0.0423796
-0.0499046
-0.0281438
-0.0351205
-0.0157884
-0.0216935
-0.00580451
-0.0104987
0.00177158
-0.00173451
0.00718961
0.00472043
0.0108399
0.00920383
0.0131325
0.0121274
0.0144355
0.0138841
0.0150484
0.014811
0.0151766
0.0151627
0.0149398
0.0150973
0.0144228
0.0147101
0.0137169
0.0140869
0.0129155
0.013323
0.0120837
0.012501
0.0112449
0.0116649
0.0103951
0.0108217
0.00951728
0.00996039
0.00861552
0.00907571
0.00772048
0.00816798
0.00676214
0.00725913
0.00623485
0.00614983
0.00584303
0.00672151
0.00644403
0.00727147
0.00701349
0.00771456
0.00750511
0.00804673
0.00789516
0.00824277
0.00816306
0.00828876
0.00828481
0.00818529
0.00825476
0.00795797
0.00808543
0.00762702
0.00780498
0.00720101
0.00742479
0.00671333
0.0069582
0.00614539
0.00646342
0.00540287
0.00579152
0.00461176
0.00500566
-0.174901
-0.183058
-0.153717
0.00425601
0.00510416
-0.0470471
-0.0585405
-0.26581
-0.168636
-0.0518239
-0.0637968
-0.167879
-0.0839502
-0.34106
-0.169746
-0.0847477
-0.113563
-0.390046
-0.171396
-0.104562
-0.15598
-0.146804
-0.398913
-0.176769
-0.123159
-0.184079
-0.37148
-0.184079
-0.140534
-0.227108
-0.32499
-0.18824
-0.274473
-0.0435211
-0.033579
-0.0272662
-0.0361705
-0.0233917
-0.171998
0.00442048
0.00350739
0.00405906
0.00508097
0.00475194
0.00576649
0.00542166
0.00645125
0.00611683
0.00710388
0.0067832
0.00768437
0.00740555
0.00816703
0.00793874
0.00853966
0.00836724
0.00879285
0.00868189
0.0089015
0.00886755
0.00881182
0.00888525
0.0084464
0.00866835
0.00771012
0.00813026
0.00648511
0.00716594
0.00462292
0.00564211
0.00195925
0.00339931
-0.00166108
0.00027507
-0.00636594
-0.00387428
-0.0122265
-0.00915369
-0.0192055
-0.0155864
-0.0271188
-0.0230651
-0.0356214
-0.0313247
-0.0442293
-0.0399462
-0.0523841
-0.0483964
-0.0595677
-0.0561239
-0.0652832
-0.0626417
-0.0688162
-0.0673866
-0.0699873
-0.069781
-0.0677632
-0.0693719
-0.0611121
-0.0649688
-0.0499498
-0.0562613
-0.042062
-0.037239
-0.0160074
-0.0274432
-0.055881
-0.0467663
-0.0698055
-0.0637845
-0.0769845
-0.0743237
-0.077812
-0.0782155
-0.0735043
-0.0763925
-0.0647409
-0.0696624
-0.0534098
-0.0593654
-0.0408459
-0.0471772
-0.0285942
-0.0346156
-0.0176811
-0.0229322
-0.0086046
-0.012907
-0.0014766
-0.00480746
0.003835
0.00138478
0.00760617
0.0058884
0.0101526
0.0090092
0.011771
0.011058
0.0127103
0.0123106
0.0131496
0.0129825
0.0132038
0.0132181
0.0129584
0.0131125
0.0124981
0.0127491
0.0119053
0.0122135
0.0112394
0.0115788
0.010528
0.0108883
0.00977573
0.0101566
0.00898049
0.00938266
0.00814947
0.00856917
0.00728555
0.00772207
0.00639356
0.00684349
0.00546988
0.00593864
0.00568265
0.00537575
0.00623112
0.00597271
0.00671999
0.00648498
0.00712324
0.00693233
0.00742584
0.00728807
0.0076043
0.00753155
0.0076482
0.00764317
0.00755963
0.00761978
0.00735734
0.00747151
0.0070578
0.00721905
0.0066693
0.00687393
0.00620282
0.00644364
0.00563404
0.00594506
0.00494555
0.00530202
0.00417933
0.00456477
0.00380399
-0.0463753
-0.259354
-0.200268
-0.0354958
-0.0275756
-0.0194501
0.00399166
0.00296206
-0.0545049
-0.186124
-0.0718466
-0.347546
-0.198361
-0.077843
-0.101576
-0.417366
-0.187869
-0.100674
-0.176218
-0.135763
-0.451593
-0.185629
-0.122214
-0.174466
-0.441134
-0.189663
-0.160727
-0.142222
-0.220017
-0.394188
-0.199618
-0.273127
-0.333119
-0.00162945
-0.0167865
-0.0327982
-0.236479
0.00394118
0.00363229
0.00464225
0.00429595
0.00529162
0.00496938
0.00592754
0.00561518
0.00650256
0.00622395
0.00699009
0.00675894
0.00736667
0.00719293
0.00761725
0.00750823
0.00772402
0.00768987
0.00765686
0.00771424
0.00736733
0.00754298
0.00679059
0.00711867
0.00584665
0.00636929
0.00443246
0.00520462
0.00241891
0.00350762
-0.000329258
0.00114264
-0.00392868
-0.0020185
-0.00846541
-0.00607838
-0.0139729
-0.0111012
-0.0203898
-0.0170781
-0.0275314
-0.0238881
-0.0350862
-0.0312817
-0.0426332
-0.0388901
-0.0496794
-0.0462488
-0.0557436
-0.0528595
-0.060368
-0.058264
-0.0630133
-0.0619636
-0.0632034
-0.0634823
-0.0602906
-0.0622341
-0.0533123
-0.0572769
-0.0422535
-0.0483453
-0.0276293
-0.0350175
-0.0318209
-0.0191758
-0.011962
-0.0203987
-0.0295586
-0.00911601
-0.0202705
-0.0464074
-0.0381952
-0.0596609
-0.0536196
-0.0670735
-0.0641932
-0.0688311
-0.0685576
-0.0659587
-0.0679478
-0.0591364
-0.0629542
-0.0498477
-0.0547231
-0.0393313
-0.0446586
-0.0288167
-0.0340112
-0.0191964
-0.0238585
-0.010969
-0.0148976
-0.00430459
-0.00744594
0.000845614
-0.00155499
0.00466757
0.00290372
0.00739907
0.00615096
0.00927411
0.00842737
0.0104939
0.00995311
0.0112114
0.0109063
0.0115333
0.0114151
0.0115419
0.0115711
0.0113133
0.0114519
0.0109186
0.0111323
0.0104116
0.0106763
0.00982323
0.0101261
0.0091678
0.00950322
0.00845144
0.00881654
0.00768219
0.00807297
0.00686987
0.00728013
0.00603919
0.00645276
0.00514049
0.005611
0.00462672
0.00430593
0.00520217
0.00490729
0.00573398
0.00548162
0.00618531
0.00596841
0.00655688
0.00638142
0.00683331
0.00670777
0.00699645
0.00692972
0.00703861
0.00703267
0.00696222
0.00701472
0.00678094
0.00688388
0.00650606
0.00665472
0.00614074
0.00633441
0.00568818
0.00592461
0.00512941
0.00542717
0.00448487
0.00481959
0.00376804
0.00412808
0.00338469
-0.0426152
-0.203024
-0.058923
-0.33514
-0.246818
0.00254918
0.00417631
-0.0671001
-0.0881038
-0.422644
-0.227576
0.00180761
-0.0063913
-0.000402075
-0.0934553
0.00961864
0.00319411
-0.197852
-0.122696
-0.480736
-0.207472
-0.119125
-0.162004
-0.496686
-0.202728
-0.183571
-0.142807
-0.20855
-0.467123
-0.207997
-0.164235
-0.263873
-0.403115
-0.21936
-0.0382376
-0.0241541
-0.330769
-0.0110169
-0.0272334
-0.0447128
-0.300316
0.0035359
0.00310505
0.00421289
0.00388837
0.004836
0.00453252
0.0054122
0.00513075
0.00591605
0.00567565
0.00631616
0.00613044
0.00659099
0.00647004
0.00672312
0.0066756
0.00668986
0.00672946
0.00645742
0.00660038
0.00598179
0.0062525
0.00520927
0.00563553
0.00407441
0.00469103
0.00248896
0.00334334
0.000342571
0.00149153
-0.00247309
-0.000977455
-0.00604058
-0.00416079
-0.0104107
-0.00812553
-0.0155872
-0.0129026
-0.0214916
-0.0184588
-0.0279424
-0.0246652
-0.0346556
-0.0312879
-0.0412595
-0.0379966
-0.0473228
-0.0443851
-0.0524022
-0.0500099
-0.0560601
-0.0544335
-0.0578598
-0.0572125
-0.0573489
-0.0579229
-0.0537926
-0.0560271
-0.0467432
-0.0507651
-0.0360659
-0.0418867
-0.0224929
-0.029426
-0.00651519
-0.0153608
0.0183397
0.0143624
0.0213728
-0.00354481
0.00854625
-0.0230471
-0.0141236
-0.0385549
-0.031084
-0.0511798
-0.0454316
-0.0586391
-0.0555695
-0.0611191
-0.0604279
-0.0594145
-0.0607414
-0.0542335
-0.0571842
-0.0466998
-0.0506819
-0.0379181
-0.0423965
-0.0288986
-0.0333825
-0.020429
-0.0245608
-0.0129915
-0.0165673
-0.0067909
-0.00973686
-0.00183764
-0.00416792
0.00198414
0.000200568
0.00484799
0.00352115
0.00693265
0.00597466
0.00839554
0.00773112
0.00936309
0.00893296
0.00993165
0.00969088
0.0101773
0.0100896
0.0101665
0.0101993
0.00995906
0.0100834
0.009604
0.00979699
0.00913522
0.00938183
0.00857459
0.0088652
0.00793408
0.00826349
0.00722393
0.00758694
0.00645945
0.00684713
0.00565916
0.00606027
0.00475131
0.00523565
0.00369966
0.00421213
0.0041102
0.0034702
0.00375487
0.00471618
0.00441602
0.00523553
0.00498878
0.00566665
0.00546149
0.00601282
0.00585014
0.00626677
0.00615178
0.00641648
0.00635506
0.0064569
0.00645034
0.00639028
0.00643659
0.00622603
0.00631985
0.00597049
0.00610939
0.00562356
0.00580834
0.00518686
0.00541584
0.00465325
0.00493474
0.00402956
0.00435214
0.0033446
0.00370026
0.00247298
0.00292416
0.00212254
-0.0533069
-0.0738948
-0.403877
-0.290093
0.00219078
0.00409921
0.00323328
-0.0818258
-0.0330628
-0.0489242
0.0280169
0.02351
-0.219777
-0.108279
-0.483899
-0.255411
-0.112
-0.147436
-0.525002
-0.230611
-0.209066
-0.0178086
-0.140953
-0.193499
-0.521197
-0.225268
-0.166518
-0.250241
-0.475137
-0.231657
-0.189449
-0.320266
-0.397874
0.00802209
-0.0392932
-0.00612455
-0.016118
0.00320254
-0.0584457
-0.358158
0.0030723
0.00262312
0.00378955
0.00345971
0.00438476
0.00409475
0.0049135
0.00465924
0.00534986
0.00514521
0.00566646
0.00552434
0.00584266
0.00577293
0.00585907
0.00587176
0.0056912
0.00579865
0.00530306
0.00552667
0.00465266
0.00501253
0.00369686
0.00421499
0.00238383
0.00308802
0.000640043
0.00157014
-0.0016263
-0.000423491
-0.00449813
-0.00298407
-0.00802738
-0.00618025
-0.0122349
-0.0100479
-0.0171008
-0.0145907
-0.0225353
-0.0197572
-0.0283621
-0.0254147
-0.034322
-0.0313447
-0.0400843
-0.0372499
-0.0452704
-0.0427725
-0.0494799
-0.0475201
-0.0523044
-0.051087
-0.0533559
-0.0530709
-0.0522139
-0.0530848
-0.0483199
-0.0506391
-0.0412715
-0.0452043
-0.0308889
-0.0364845
-0.0183701
-0.0248463
-0.00255231
-0.0110798
0.0151959
0.0174878
0.00713666
0.0123491
0.0331661
0.0308385
0.0237217
0.036121
0.0347735
0.000946658
0.0119539
-0.0175398
-0.00890116
-0.0322301
-0.0251946
-0.0440123
-0.0385599
-0.0514845
-0.0483159
-0.0545308
-0.0535067
-0.0538065
-0.0545884
-0.0499804
-0.0522222
-0.0439337
-0.0471663
-0.0366195
-0.0403763
-0.0288955
-0.0327599
-0.0214559
-0.0251082
-0.0147518
-0.0179966
-0.00900521
-0.011756
-0.00426939
-0.00651646
-0.000483152
-0.00226777
0.00247393
0.00108783
0.00473218
0.00368028
0.00640869
0.00563447
0.00760374
0.00705911
0.00840074
0.00804607
0.00886785
0.00867069
0.00906136
0.00899471
0.00903057
0.00907032
0.00882027
0.00894467
0.00846726
0.00865914
0.00799905
0.0082459
0.00743199
0.00772678
0.0067787
0.00711506
0.00605385
0.00642426
0.00525708
0.00566487
0.00438228
0.00484373
0.00342712
0.00389743
0.00296703
0.00307023
0.00251959
0.00281168
0.00362653
0.00332681
0.00424705
0.00394491
0.00475326
0.00451453
0.00516554
0.00497029
0.00549009
0.00533837
0.00572469
0.00561877
0.0058626
0.00580589
0.00590112
0.00589425
0.00584227
0.0058836
0.00569212
0.00577833
0.00545379
0.00558378
0.00512657
0.00530119
0.00471306
0.00492987
0.00420858
0.00447474
0.00360945
0.00392007
0.0029265
0.00328261
0.00212193
0.00251554
0.00146713
0.00179603
-0.0663626
0.0174921
-0.0284864
0.00117185
0.0102541
-0.242181
-0.0539062
-0.0928306
-0.459355
-0.327141
-0.0997526
-0.13183
-0.525682
-0.282254
0.0269543
0.0283441
-0.236853
-0.00143644
0.0221273
0.018978
0.0257675
0.0372563
0.00210207
0.0022001
0.00177487
0.00110855
0.00115035
0.000761173
-0.134661
-0.176804
-0.546262
-0.255037
-0.0630679
-0.0451419
-0.166455
-0.231603
-0.524761
-0.252988
-0.218685
-0.193843
-0.0450159
-0.0109869
-0.300129
-0.465826
-0.259479
-0.381444
-0.0750988
-0.405137
0.00184475
0.00146793
0.00263253
0.00223101
0.00335645
0.00301829
0.00394572
0.00366347
0.00443519
0.00420368
0.00480895
0.00463777
0.00504529
0.00494523
0.00512526
0.00510551
0.00502939
0.00510017
0.00473141
0.00490695
0.00419418
0.00449455
0.00337825
0.00382251
0.0022486
0.00285392
0.000765857
0.0015535
-0.00112865
-0.000126639
-0.00350762
-0.00225459
-0.00642961
-0.00489988
-0.00991856
-0.00810445
-0.0139694
-0.0118765
-0.0185441
-0.0161969
-0.0235455
-0.0210013
-0.0288042
-0.0261564
-0.0340847
-0.0314587
-0.0390931
-0.0366422
-0.0434949
-0.04139
-0.0469332
-0.0453549
-0.0490386
-0.0481719
-0.0494538
-0.0494756
-0.0477948
-0.0489054
-0.0436315
-0.0460445
-0.0366032
-0.0404876
-0.0266618
-0.0319565
-0.0145054
-0.0208417
0.00072544
-0.00734894
0.0192905
0.00963983
0.025001
0.0455828
0.0408812
0.0433532
0.047944
0.0469809
0.0486897
0.0482774
0.00463774
0.0147887
-0.0128202
-0.00458778
-0.0269018
-0.0202092
-0.0380255
-0.0328585
-0.0454299
-0.0422171
-0.0489235
-0.0476258
-0.0490165
-0.0493473
-0.0463068
-0.0479622
-0.0415175
-0.0441147
-0.0354577
-0.0385949
-0.0288659
-0.0321856
-0.0223492
-0.0255688
-0.0163217
-0.0192586
-0.0110109
-0.0135717
-0.00650074
-0.00865815
-0.00277236
-0.00454584
0.000250726
-0.00118092
0.00265657
0.00152329
0.00452504
0.00365122
0.00593058
0.00527942
0.00694174
0.00648009
0.00761658
0.00731683
0.00800151
0.0078417
0.0081368
0.00809691
0.00806405
0.00812304
0.00782288
0.00796165
0.00744479
0.00764895
0.00694913
0.0072103
0.00634974
0.00666121
0.00565787
0.00601468
0.00488458
0.00527766
0.00403759
0.00446669
0.00312028
0.00358304
0.00265306
0.00270877
0.00241879
0.00323774
0.00297366
0.0038111
0.00352595
0.00429385
0.00406666
0.00468365
0.0044994
0.00498741
0.00484589
0.00520465
0.00510679
0.00533203
0.00527958
0.00536849
0.00536155
0.00531599
0.00535316
0.00517835
0.00525765
0.00495712
0.00507799
0.00465199
0.00481492
0.00426527
0.00446823
0.00379233
0.00404167
0.00322329
0.00352019
0.00256361
0.00290496
0.00184237
0.00219348
0.00151109
-0.0822298
0.0371969
-0.072849
-0.115122
-0.496822
-0.355534
0.0293793
-0.265574
0.0159497
0.0488314
0.00186823
0.00143521
0.000705958
0.000338988
-0.122182
-0.159166
-0.54473
-0.306161
-0.0271526
-0.161958
-0.211092
-0.54483
-0.281194
-0.0811136
-0.0599156
-0.251772
-0.19627
-0.0660487
-0.0269947
-0.276234
-0.508725
-0.28322
-0.225995
-0.356871
-0.441889
0.0323582
0.0256417
-0.0955107
-0.437693
0.00147491
0.00108795
0.00224388
0.00186412
0.0029475
0.00260541
0.00352668
0.00325141
0.00398205
0.00377036
0.00429815
0.00415822
0.00445729
0.00439791
0.00444289
0.00447224
0.00423674
0.00436447
0.0038123
0.00405344
0.00313171
0.00350558
0.00215782
0.00268261
0.000860894
0.00155033
-0.000787717
8.17102e-05
-0.00283088
-0.00175794
-0.00532095
-0.00401852
-0.00829211
-0.00674711
-0.0117424
-0.00996006
-0.0156443
-0.0136407
-0.0199456
-0.017751
-0.0245452
-0.0222176
-0.0292827
-0.0269091
-0.0339457
-0.0316384
-0.0382748
-0.0361688
-0.0419746
-0.040221
-0.0447288
-0.0434877
-0.0462097
-0.0456456
-0.0460903
-0.0463667
-0.0440263
-0.045319
-0.0396668
-0.0421484
-0.032711
-0.0365205
-0.0231491
-0.0282272
-0.011311
-0.0175106
0.00323526
-0.00438927
0.0207266
0.0116656
0.0396014
0.0399852
0.0302773
0.0385339
0.0390831
0.0358152
0.0374999
-0.289279
0.0332104
0.0343307
0.0624393
0.0627523
0.0625166
0.061798
0.0621511
0.0608101
0.061351
0.0489098
0.0599102
0.060354
0.0273105
0.0380184
0.00749938
0.0170675
-0.00899646
-0.0011454
-0.0224392
-0.0160395
-0.0330422
-0.0281123
-0.0403316
-0.0371125
-0.0441692
-0.0426527
-0.0449359
-0.0448943
-0.0431539
-0.0443198
-0.0394328
-0.0414872
-0.0344551
-0.0370559
-0.028857
-0.0316962
-0.0231669
-0.0259968
-0.0177605
-0.0204128
-0.0128626
-0.0152416
-0.00857765
-0.0106437
-0.00491922
-0.00667466
-0.00184735
-0.00331579
0.000688936
-0.000517514
0.0027353
0.0017684
0.00433991
0.00358758
0.00555522
0.00499146
0.00642674
0.00603015
0.00699065
0.0067438
0.00728135
0.00716672
0.00733902
0.00733563
0.00720602
0.00729315
0.00691588
0.00707828
0.00648966
0.0067182
0.00594125
0.00622941
0.00528265
0.00562442
0.00452384
0.00491454
0.00369937
0.0041181
0.00278598
0.00324815
0.00232205
0.00173058
0.00102407
0.00138273
0.00237352
0.00206383
0.0029035
0.00265003
0.00341431
0.00315824
0.00386021
0.00364892
0.00422335
0.00405174
0.00450542
0.00437421
0.00470606
0.00461579
0.00482358
0.00477513
0.0048579
0.00485102
0.00481093
0.00484442
0.00468508
0.00475774
0.00448128
0.00459273
0.00419936
0.00435
0.00384007
0.00402901
0.003399
0.00363122
0.00286728
0.00314506
0.00225583
0.00256981
0.00158433
0.00192062
0.000856708
0.00123571
-4.74317e-06
0.000437076
-0.103684
0.0629741
-0.096596
-0.140418
-0.51416
-0.376907
-0.00786775
-0.149984
-0.191056
-0.542053
-0.327225
-0.0392972
0.0497437
0.0497059
0.0490549
0.0597778
-0.287162
0.000639962
0.000637683
0.00023292
-0.000466269
-0.000317365
-0.000809745
-0.194166
0.0163963
-0.250869
-0.523469
-0.307557
-0.104593
-0.0795554
-0.230844
-0.263029
-0.327325
-0.476734
-0.31514
-0.0940098
-0.0493585
-0.408983
0.032445
0.0501481
0.0514226
0.0624855
0.0615078
-0.120108
-0.45461
0.0124429
0.000291006
-9.70213e-05
0.00109276
0.000687644
0.0018719
0.0014898
0.00256517
0.0022353
0.00313521
0.00286622
0.00356007
0.00336638
0.00382273
0.00371209
0.00390762
0.00388767
0.00380042
0.00387819
0.00348535
0.00366923
0.00293663
0.00324256
0.00211756
0.00256212
0.00099192
0.00159405
-0.000468474
0.000303634
-0.00228357
-0.00133165
-0.0044795
-0.0033334
-0.00708542
-0.00573143
-0.0101097
-0.00854764
-0.0135268
-0.0117732
-0.0172893
-0.0153696
-0.0213333
-0.0192824
-0.0255574
-0.0234318
-0.0298121
-0.0276921
-0.0339089
-0.0318931
-0.0376214
-0.0358276
-0.0406911
-0.0392519
-0.0428393
-0.0418957
-0.0437775
-0.0434746
-0.0432114
-0.0436972
-0.0408367
-0.0422646
-0.0363531
-0.0388708
-0.0295165
-0.0332322
-0.0203031
-0.0251911
-0.00883246
-0.014848
0.00515308
-0.00215749
0.0218092
0.0131853
0.0403063
0.0309356
0.0498656
0.049631
0.0492759
0.0495363
0.0495036
0.0837246
0.0905897
0.0871117
0.0784714
0.0808324
0.0749893
0.0765087
0.0724373
0.0737151
0.0707416
0.0714821
0.0284751
0.0384864
0.00977067
0.0188338
-0.00593041
0.00156418
-0.0187785
-0.0126732
-0.0289169
-0.0241922
-0.0360691
-0.0328684
-0.0401597
-0.0384739
-0.0414784
-0.041129
-0.0404736
-0.0412276
-0.0376653
-0.0392534
-0.033627
-0.0357607
-0.0289043
-0.0313186
-0.023956
-0.0264345
-0.019119
-0.021509
-0.0146089
-0.0168161
-0.0105422
-0.0125188
-0.00695724
-0.00869222
-0.00384513
-0.00534601
-0.00118773
-0.00246308
0.00102996
-2.7355e-05
0.00282834
0.00197745
0.00424149
0.00357863
0.00530167
0.00481247
0.0060328
0.00570501
0.00646803
0.0062836
0.00664917
0.00658636
0.00662092
0.00665764
0.00641687
0.00653836
0.00605809
0.00625504
0.00555825
0.00582434
0.00492955
0.00525852
0.00418894
0.00457089
0.0033491
0.00378101
0.00244473
0.00290968
0.00152646
0.00198077
0.00107666
0.0014012
0.0010419
0.00204588
0.00173427
0.00257344
0.00232463
0.00304386
0.00281371
0.0034491
0.00325584
0.003783
0.00362507
0.0040424
0.00392178
0.00422657
0.00414372
0.00433451
0.00428994
0.00436652
0.00435982
0.00432453
0.00435464
0.00421012
0.00427624
0.00402381
0.00412576
0.00376504
0.00390344
0.00343292
0.0036079
0.00302389
0.00323892
0.00253293
0.00278904
0.00196796
0.00225869
0.00132156
0.00165381
0.000569921
0.000967359
0.000139227
-0.130138
0.0950191
-0.126441
-0.170746
-0.51229
-0.389062
-0.016867
0.0532969
0.0310761
0.0496987
0.0702322
-0.317754
0.000228861
-0.000195963
-0.000959182
-0.00133132
-0.184163
0.0593935
-0.227391
-0.520471
-0.345004
-0.055477
-0.232135
-0.303673
-0.29625
-0.487078
-0.333761
0.00149964
-0.27086
-0.371177
-0.435821
0.0559414
-0.107212
0.116777
0.125698
-0.136905
0.0739642
0.080056
-0.149602
-0.457739
0.00732498
-0.000132517
-0.000548418
0.000703422
0.000285091
0.00151385
0.00111888
0.00221686
0.00188108
0.00277809
0.00251585
0.00317547
0.00299807
0.00338868
0.00330543
0.00340236
0.00342049
0.00320388
0.00332947
0.00278069
0.00302029
0.00210841
0.00248169
0.00115506
0.00166794
-0.000117209
0.000559677
-0.00173957
-0.000885137
-0.00372562
-0.00268824
-0.00608512
-0.00486024
-0.00881831
-0.00740754
-0.0119052
-0.0103217
-0.0152983
-0.0135691
-0.0189331
-0.0170914
-0.0227351
-0.0208199
-0.0266048
-0.0246701
-0.0304076
-0.0285245
-0.0339796
-0.0322335
-0.0371276
-0.0356189
-0.039628
-0.0384718
-0.0412387
-0.0405576
-0.0417068
-0.0416283
-0.0407711
-0.041427
-0.0381636
-0.0396883
-0.0336233
-0.036145
-0.0269449
-0.0305534
-0.018069
-0.0227749
-0.00698069
-0.0128036
0.00649318
-0.000542161
0.0224454
0.0141405
0.0404141
0.0312895
0.0591241
0.0589678
0.0496937
0.0595638
0.0592605
0.0607273
0.0599859
0.0625024
0.0613977
0.066378
0.0640549
0.0694551
0.103193
0.109342
0.0935911
0.0979053
0.0874261
0.0901528
0.083507
0.0852556
0.0810768
0.0820751
0.0694467
0.0793846
0.0802197
0.0489621
0.0593543
0.0290833
0.0388042
0.0114418
0.0199525
-0.00351113
0.00365363
-0.0158211
-0.00997993
-0.0255355
-0.020998
-0.0325355
-0.0293701
-0.036804
-0.0349907
-0.0385735
-0.0379692
-0.0382247
-0.0386292
-0.0362014
-0.0373866
-0.0329846
-0.0347084
-0.029038
-0.0310741
-0.024758
-0.0269188
-0.0204432
-0.0225919
-0.0162946
-0.0183414
-0.0124338
-0.0143264
-0.00891814
-0.0106345
-0.00576623
-0.00729946
-0.00298934
-0.00433331
-0.000599546
-0.00174856
0.00139458
0.000444493
0.00300225
0.00224177
0.00424397
0.00366495
0.0051324
0.00472908
0.00570148
0.00545202
0.00599968
0.00588011
0.00607277
0.00606046
0.00595307
0.00603452
0.00565967
0.00582608
0.00520571
0.00545113
0.00460377
0.0049215
0.00387065
0.00425188
0.00302434
0.00345837
0.0021035
0.00257057
0.00115247
0.00162872
0.000684147
-0.344992
-0.132916
-0.0843025
0.000324149
-0.000562285
-0.000103659
0.00109997
0.000727901
0.00173115
0.00142911
0.0022469
0.00200274
0.0026881
0.00247481
0.00305826
0.00288198
0.00336247
0.00321856
0.00359859
0.00348879
0.00376608
0.00369068
0.00386442
0.0038237
0.00389406
0.0038875
0.00385679
0.00388367
0.00375353
0.00381326
0.00358439
0.00367699
0.00334851
0.00347475
0.00304395
0.00320462
0.00266777
0.00286535
0.00221666
0.00245197
0.00168997
0.00196278
0.00106968
0.00139145
0.00032277
0.000717859
-0.000579767
-0.000111832
-0.00165405
-0.0010923
-0.164212
0.10046
-0.162352
-0.205343
-0.494608
-0.393564
-0.0293267
0.0291492
-0.225977
-0.342006
-0.26734
-0.485284
-0.360097
0.13971
0.153122
0.0542983
-0.0776395
0.0884327
0.0586683
0.0680658
0.0680243
0.0688153
0.079058
-0.275627
-0.334055
-0.442119
-0.35733
-0.0199777
-0.00227797
-0.00192108
-0.00260642
-0.000871621
-0.00107083
-0.0014212
-0.31518
-0.392019
-0.145027
0.113788
0.0991298
0.128978
0.136709
-0.180454
-0.184245
-0.448896
-0.000448123
-0.00147636
-0.00190458
-0.000562861
-0.00102614
0.000335463
-0.000111375
0.00117922
0.000767756
0.00190027
0.00155745
0.00246004
0.00220128
0.00283441
0.00267107
0.00300271
0.00294459
0.00294904
0.00300346
0.0026615
0.00283403
0.00212773
0.00242539
0.0013327
0.00175713
0.000250367
0.00082924
-0.00116505
-0.000415033
-0.00294841
-0.00201185
-0.00511338
-0.00398558
-0.00765231
-0.00634051
-0.0105308
-0.00905478
-0.0136967
-0.0120846
-0.0170804
-0.0153689
-0.0206022
-0.0188317
-0.0241778
-0.0223911
-0.0277107
-0.0259579
-0.0310854
-0.0294268
-0.0341655
-0.0326718
-0.0367901
-0.0355451
-0.0387715
-0.0378721
-0.0399024
-0.039454
-0.0399631
-0.0400771
-0.0387239
-0.0395163
-0.0359493
-0.0375384
-0.0314099
-0.0339081
-0.0249238
-0.0284126
-0.0163882
-0.0209122
-0.0056938
-0.0113145
0.00725505
0.000502835
0.0225774
0.0146053
0.0402159
0.0311965
0.058971
0.049585
0.0687806
0.0683012
0.0709582
0.0697035
0.074943
0.0726316
0.0819592
0.0780323
0.0934367
0.0868962
0.102224
0.120424
0.129101
0.107486
0.113337
0.0989418
0.10276
0.093592
0.0959385
0.0906388
0.0918101
0.089101
0.0896379
0.0484979
0.0586542
0.0292285
0.0386419
0.0125108
0.0205583
-0.00171926
0.00510491
-0.0135009
-0.00791034
-0.0228106
-0.0184532
-0.029639
-0.0265235
-0.034023
-0.032116
-0.0361593
-0.0353429
-0.0363683
-0.0364729
-0.0350264
-0.0358596
-0.0325348
-0.0338952
-0.0292833
-0.0309799
-0.0256096
-0.027482
-0.0217744
-0.023702
-0.0179612
-0.0198606
-0.0142897
-0.0161075
-0.0108325
-0.0125369
-0.00763405
-0.0092044
-0.00473148
-0.00614891
-0.00216172
-0.0034078
4.02574e-05
-0.00101633
0.00184351
0.000981733
0.00325487
0.00258846
0.0042927
0.0038173
0.00498799
0.00467711
0.00539765
0.00522365
0.00556961
0.0055098
0.00553153
0.00557417
0.0053007
0.00543802
0.00488911
0.00511563
0.00430917
0.0046182
0.00357842
0.00396
0.00271804
0.0031602
0.00176514
0.00224941
0.000759305
0.00126311
-0.000217592
0.000261666
-0.000666823
6.56524e-05
-0.000379521
0.000833253
0.000470205
0.00143896
0.00115205
0.00192942
0.00169668
0.00234251
0.00214432
0.00268179
0.00252069
0.00295746
0.00282718
0.00317046
0.00307135
0.00332133
0.00325328
0.00341017
0.00337314
0.00343703
0.00343062
0.00340408
0.0034278
0.0033117
0.00336508
0.00315969
0.0032429
0.00294673
0.0030607
0.00267033
0.00281622
0.00232761
0.00250755
0.00191442
0.00213028
0.00142366
0.00167909
0.00083681
0.00114231
0.000123242
0.000500848
-0.000782592
-0.000304276
-0.00131589
-0.209258
-0.369721
-0.182027
-0.204016
-0.242951
-0.46578
-0.393025
0.169289
0.10708
-0.0467218
0.0251808
0.0681653
0.0888568
-0.274909
0.136215
0.154673
-0.301573
-0.442479
-0.372059
0.0457358
-0.108491
0.06273
-0.0029639
-0.00337164
-0.00209011
-0.00281282
-0.00110582
-0.00168223
-0.00164202
-0.00203891
-0.322014
-0.35117
-0.395699
-0.375087
-0.358844
-0.196774
0.113685
-0.137648
-0.0541434
0.151206
-0.237353
-0.222645
-0.431968
0.185566
0.149955
-0.0110015
-0.00202616
-0.0025118
-0.00100003
-0.00151932
-1.37828e-05
-0.000497372
0.000874857
0.000445107
0.00162038
0.00126785
0.00218511
0.00192664
0.0025427
0.00239051
0.0026721
0.00263618
0.00255676
0.00264474
0.00218492
0.00240214
0.00154752
0.0018984
0.000631786
0.00112282
-0.000584536
6.18142e-05
-0.00214044
-0.00132007
-0.00408546
-0.00306549
-0.0064378
-0.00521516
-0.00917296
-0.0077652
-0.0122214
-0.010668
-0.0154907
-0.0138393
-0.0188858
-0.017183
-0.0223146
-0.0206066
-0.0256821
-0.024016
-0.0288952
-0.0273169
-0.0318612
-0.0304176
-0.034475
-0.0332208
-0.0366085
-0.0356105
-0.0381109
-0.0374475
-0.0388098
-0.0385695
-0.038517
-0.0387958
-0.037033
-0.037932
-0.0341514
-0.0357745
-0.0296709
-0.0321171
-0.0234224
-0.026771
-0.0152648
-0.0195875
-0.00502135
-0.0104115
0.00744227
0.000931461
0.0222671
0.0145426
0.0396743
0.030661
0.0588537
0.0491745
0.0769657
0.077768
0.0684582
0.076344
0.0766007
0.0773383
0.0766359
0.0804584
0.078612
0.0864457
0.0830581
0.0963304
0.0908368
0.111824
0.103233
0.122547
0.192747
0.212978
0.158613
0.17432
0.135498
0.145871
0.119922
0.126993
0.109445
0.114145
0.10282
0.105728
0.0992779
0.100709
0.0980082
0.0984035
0.0887337
0.098366
0.098065
0.06822
0.0786842
0.047622
0.057717
0.0289819
0.0380159
0.0129931
0.0206564
-0.000567556
0.00592226
-0.0117831
-0.00645763
-0.0206741
-0.0164984
-0.0273036
-0.0242481
-0.0317493
-0.0297708
-0.0341819
-0.033183
-0.034868
-0.0347085
-0.0341219
-0.0346424
-0.0322758
-0.0333102
-0.029651
-0.0310421
-0.0265292
-0.0281423
-0.0231344
-0.0248645
-0.0196295
-0.0214012
-0.0161274
-0.017888
-0.0127131
-0.0144214
-0.00945662
-0.0110782
-0.00641708
-0.00792218
-0.00365548
-0.00501149
-0.00124444
-0.00241372
0.000763351
-0.000192507
0.00234271
0.00159823
0.00351838
0.0029743
0.00433704
0.00396597
0.0048548
0.00462926
0.00512172
0.00501536
0.00516101
0.00516667
0.00498838
0.00509892
0.0046142
0.00482443
0.00405078
0.00435412
0.00331552
0.00370159
0.00243291
0.00288939
0.0014339
0.00194524
0.000361857
0.000900804
-0.000705208
-0.000181929
-0.00119926
-0.000138542
-0.000591982
0.000605253
0.000259283
0.00117485
0.000906509
0.00163238
0.00141541
0.00201262
0.00183083
0.00232109
0.00217484
0.00256873
0.00245182
0.00275866
0.00267017
0.00289277
0.00283206
0.00297179
0.00293854
0.00299615
0.00298994
0.00296746
0.00298794
0.00288583
0.00293279
0.00275071
0.00282457
0.00256095
0.00266237
0.00231372
0.00244419
0.00200567
0.00216744
0.00163106
0.00182711
0.0011799
0.0014154
0.000634234
0.000919025
-3.46811e-05
0.000319848
-0.000916666
-0.000442468
-0.0014638
-0.263286
0.179796
-0.228941
-0.243484
-0.277445
-0.430558
-0.388879
0.212149
0.116325
-0.0704049
0.0198581
-0.00365186
-0.00234483
-0.324611
-0.316933
-0.398478
-0.380286
0.0335101
-0.153423
0.068047
0.0851881
0.0865425
0.088619
0.0989952
-0.304347
-0.273155
-0.367876
-0.387751
0.180765
0.134738
-0.353822
0.20988
-0.263789
0.218624
0.248763
-0.259959
-0.410562
0.170469
-0.0265447
-0.0036828
-0.00457307
-0.0042433
-0.00257108
-0.00315806
-0.00141978
-0.00199812
-0.000341217
-0.000866892
0.000604273
0.000150954
0.00138106
0.00101615
0.00195689
0.00169585
0.00230484
0.00216038
0.00240318
0.00238562
0.00223483
0.00235211
0.00178763
0.00204519
0.0010535
0.00145496
2.37424e-05
0.000574147
-0.00132678
-0.000613409
-0.00301867
-0.00213281
-0.00513401
-0.00402782
-0.00767533
-0.00635702
-0.0106195
-0.00910772
-0.0138648
-0.01222
-0.0172684
-0.015563
-0.0207039
-0.0189967
-0.0240658
-0.0224084
-0.0272496
-0.0256934
-0.030164
-0.0287511
-0.0327412
-0.0315033
-0.0349112
-0.0338853
-0.0365803
-0.035816
-0.0376354
-0.0371917
-0.0379407
-0.0378886
-0.0373386
-0.0377596
-0.0356583
-0.0366393
-0.0327218
-0.034353
-0.0283524
-0.0307214
-0.0223903
-0.0255756
-0.0146659
-0.0187583
-0.00494694
-0.0100707
0.00700607
0.000735906
0.0214314
0.0138868
0.0386944
0.0296806
0.0585142
0.0484021
0.078844
0.0687822
0.084081
0.0843453
0.085177
0.0842333
0.0891618
0.0867917
0.0967827
0.0924844
0.109116
0.1023
0.127897
0.117606
0.156496
0.140534
0.20163
0.176642
0.269393
0.232229
0.209258
0.231199
0.173939
0.190405
0.148496
0.160094
0.130852
0.138896
0.118804
0.124234
0.111166
0.114504
0.107148
0.108763
0.106116
0.106322
0.10745
0.106549
0.0669845
0.0778738
0.0463156
0.0563943
0.028165
0.0368661
0.012821
0.0201402
-4.74541e-05
0.00609445
-0.0106462
-0.00562266
-0.0190864
-0.0151259
-0.0254845
-0.0225311
-0.0299437
-0.0279453
-0.0326127
-0.0314862
-0.0337082
-0.0333388
-0.0334856
-0.0337428
-0.0322142
-0.0329632
-0.0301522
-0.031267
-0.0275284
-0.0288987
-0.0245324
-0.0260691
-0.0213026
-0.0229425
-0.0179425
-0.0196359
-0.0145502
-0.0162476
-0.0112175
-0.0128746
-0.00802294
-0.00960118
-0.00505404
-0.00650608
-0.00242311
-0.00369274
-0.000215782
-0.00126497
0.00152894
0.000709967
0.00282974
0.00222452
0.00376559
0.0033371
0.00438908
0.00410707
0.00474344
0.00459574
0.00485238
0.00482531
0.00472999
0.00481783
0.00438585
0.00458373
0.00383235
0.00413376
0.00308741
0.00348277
0.00217339
0.0026494
0.00111988
0.00166209
-3.32269e-05
0.00055173
-0.00121695
-0.000629787
-0.00230442
-0.00178444
-0.00312365
-0.0027608
-0.0012491
-0.00253751
-0.0018432
-0.000292194
-0.000735992
0.000407924
8.63569e-05
0.000935984
0.000687993
0.0013545
0.00115666
0.00169668
0.00153343
0.00197211
0.00184148
0.00219135
0.00208781
0.00235835
0.00228033
0.00247583
0.00242234
0.00254504
0.00251552
0.0025666
0.0025607
0.00254171
0.00255914
0.00247072
0.00251123
0.00235301
0.00241702
0.00218698
0.00227549
0.00196963
0.00208431
0.00169738
0.00184041
0.00136368
0.00153846
0.000957749
0.00117
0.000460647
0.000721041
-0.000157578
0.000170664
-0.000977564
-0.000533591
-0.00213471
-0.0015092
-0.00378018
-0.00286943
-0.320446
-0.117123
-0.227311
-0.276791
-0.293337
-0.394866
-0.382054
0.245495
0.128556
-0.108025
0.0128691
0.0884081
0.108858
-0.0033387
-0.00498236
-0.230705
-0.370923
-0.397848
0.07772
0.165012
0.266541
0.313597
0.308664
0.0122617
-0.33676
-0.358583
-0.318929
-0.386489
0.359232
0.35587
0.396837
0.392983
0.364322
-0.283324
-0.387596
0.196796
0.422575
0.48118
0.530906
0.554161
0.447605
0.541237
0.500068
-0.0508686
-0.384519
-0.326843
-0.361844
-0.220274
-0.00164409
0.378792
0.328254
0.211341
0.0947425
-0.391295
-0.372141
-0.370288
-0.36288
-0.346483
-0.00463393
-0.00359377
-0.00274938
-0.00204422
-0.00145369
-0.000967324
-0.000567883
-0.000233045
6.32777e-05
0.000323156
0.000554829
0.00076298
0.00094905
0.00111745
0.00126956
0.00140646
0.00153021
0.00164076
0.00173943
0.00182686
0.00190308
0.00196873
0.00202393
0.00206904
0.00210411
0.00212927
0.00214459
0.00215003
0.00214552
0.00213106
0.0021065
0.0020719
0.00202684
0.00197144
0.00190516
0.00182811
0.00173947
0.00163891
0.00152614
0.0013998
0.00125793
0.00110057
0.000925703
0.000728478
0.000505321
0.000252372
-3.88401e-05
-0.000384094
-0.000796365
-0.00128704
-0.00187132
-0.00256225
-0.00337377
-0.00437711
-0.00428708
-0.0040457
-0.00358137
-0.00302837
-0.00239697
-0.00174674
-0.00107276
-0.000422611
0.000217564
0.000824176
0.00140251
0.00194069
0.00244003
0.00289373
0.00330035
0.0036561
0.00395977
0.00420825
0.00439999
0.00453319
0.0046063
0.00461868
0.00456823
0.00445418
0.00427385
0.0040259
0.00370544
0.00331035
0.0028335
0.00227046
0.00160693
0.000838639
-4.72572e-05
-0.00105726
-0.00219239
-0.00344387
-0.00481292
-0.0062865
-0.00784554
-0.00946825
-0.0111384
-0.012837
-0.0145529
-0.0162709
-0.0179822
-0.0196704
-0.0213245
-0.0229264
-0.0244662
-0.0259292
-0.0273072
-0.0285849
-0.0297489
-0.0307783
-0.0316538
-0.0323517
-0.0328499
-0.0331234
-0.0331467
-0.0328939
-0.0323376
-0.0314535
-0.0302158
-0.0286043
-0.0265967
-0.0241789
-0.0213339
-0.0180517
-0.0143156
-0.0101101
-0.00541118
-0.000194458
0.0055707
0.0119189
0.0188964
0.0265779
0.0350301
0.0443003
0.0543903
0.0652927
0.0766749
0.0882609
0.0996576
0.11055
0.120751
0.118046
0.115829
0.114284
0.113456
0.1134
0.114205
0.115906
0.118553
0.122229
0.127005
0.132989
0.140297
0.149086
0.159552
0.17195
0.186422
0.202852
0.22154
0.245345
0.278006
0.314589
0.350612
0.388452
0.429047
0.467191
0.495273
0.504627
0.489054
0.455479
0.412058
0.365565
0.321504
0.281353
0.247056
0.217582
0.193073
0.172578
0.155384
0.141232
0.129617
0.120028
0.112168
0.105799
0.100752
0.0968558
0.0940407
0.0921202
0.0911173
0.0909024
0.0914439
0.0926555
0.094643
0.0972948
0.100764
0.0907353
0.0799358
0.0688526
0.0577569
0.0470343
0.0371569
0.0281207
0.0199366
0.0125514
0.0058993
-8.41195e-05
-0.00545449
-0.0102639
-0.0145612
-0.0183896
-0.0217893
-0.0247895
-0.0274173
-0.0296902
-0.03163
-0.0332517
-0.034578
-0.0356246
-0.036414
-0.0369613
-0.0372876
-0.0374075
-0.0373405
-0.0370998
-0.0367002
-0.0361515
-0.0354641
-0.0346467
-0.0337072
-0.0326528
-0.0314871
-0.0302146
-0.0288377
-0.0273649
-0.0258039
-0.0241705
-0.0224759
-0.0207371
-0.0189659
-0.0171814
-0.0154008
-0.0136481
-0.0119446
-0.0103175
-0.00878778
-0.00737008
-0.00606756
-0.00487853
-0.00380225
-0.00282035
-0.00194297
-0.00116243
-0.000470015
0.000137259
0.000664268
0.00111154
0.00148111
0.00177325
0.00198941
0.00213075
0.00219838
0.00219507
0.00212115
0.0019817
0.00177522
0.00151049
0.00118227
0.000805627
0.000367622
-0.000105469
-0.000642097
-0.00119429
-0.00182067
-0.0024282
-0.00314135
-0.00375414
-0.00452908
-0.00501634
-0.00582267
-0.00594009
-0.00589042
-0.00676076
-0.00657956
-0.2934
-0.279421
-0.373409
-0.36271
-0.40046
0.431771
0.134275
0.286851
0.467819
0.580528
0.622796
0.603935
0.00482596
-0.172094
-0.0832517
0.529844
0.230158
0.51052
-0.40057
-0.400435
-0.366352
-0.280316
-0.00809659
-0.00801604
-0.400353
-0.442281
-0.440077
-0.296494
-0.385284
-0.00841458
-0.00737379
-0.00690215
-0.0059283
-0.0052541
-0.00433599
-0.00361749
-0.00282699
-0.00216359
-0.00148632
-0.000897685
-0.000326663
0.000171257
0.00063175
0.00102393
0.00136525
0.00163773
0.00184936
0.00198928
0.00206084
0.00205724
0.0019795
0.00182332
0.0015888
0.00127329
0.000876499
0.00039643
-0.000167946
-0.000819198
-0.00155976
-0.00239402
-0.00332809
-0.00437015
-0.00552138
-0.00679073
-0.008182
-0.00969247
-0.0113152
-0.0130407
-0.0148351
-0.0166817
-0.0185505
-0.0204171
-0.0222489
-0.0240305
-0.0257399
-0.0273659
-0.028889
-0.0303015
-0.0315889
-0.0327509
-0.0337804
-0.034682
-0.0354513
-0.0360903
-0.0365919
-0.0369544
-0.03717
-0.0372343
-0.0371374
-0.0368693
-0.0364165
-0.0357652
-0.0349012
-0.0338098
-0.0324762
-0.0308847
-0.0290196
-0.0268657
-0.0244056
-0.0216214
-0.0184866
-0.0149716
-0.0110292
-0.00660936
-0.00163616
0.00396267
0.010289
0.0174341
0.025523
0.0346498
0.0448962
0.056081
0.0681474
0.080653
0.0930148
0.104539
0.138843
0.703254
0.758071
0.281742
-0.0120436
-0.241054
0.465669
0.667158
0.13726
0.343636
0.639073
0.414065
-0.387501
-0.391796
-0.00602916
-0.00525236
-0.00399422
-0.00316501
-0.00244915
-0.00183023
-0.00131882
-0.000903574
-0.00056119
-0.000270132
-1.38684e-05
0.000209864
0.000407936
0.000584498
0.000741649
0.000883157
0.0010107
0.00112496
0.00122811
0.00131987
0.00140178
0.00147393
0.00153693
0.00159089
0.0016365
0.00167356
0.00170266
0.00172331
0.00173611
0.00174044
0.00173684
0.00172465
0.00170447
0.00167567
0.00163848
0.00159241
0.00153753
0.00147334
0.00139965
0.00131564
0.00122141
0.0011154
0.000996167
0.000862964
0.000714003
0.000544883
0.000352361
0.000133034
-0.000120985
-0.000421795
-0.000781196
-0.00121971
-0.00174851
-0.00239119
-0.00315776
-0.00407016
-0.0052204
-0.00561561
-0.00545446
-0.00510519
-0.00445267
-0.0037574
-0.00299312
-0.0022481
-0.001497
-0.000782403
-9.00225e-05
0.000559669
0.00117278
0.00173984
0.0022619
0.00273403
0.0031545
0.00352066
0.00383013
0.00408105
0.00427112
0.00439918
0.00446339
0.00446282
0.00439552
0.00426045
0.00405506
0.00377759
0.00342389
0.00299012
0.00246935
0.00185586
0.00113928
0.000311744
-0.000635877
-0.00170729
-0.00290889
-0.00424615
-0.00571263
-0.00729036
-0.00894566
-0.0106674
-0.0124351
-0.0142204
-0.0160069
-0.0177762
-0.0195168
-0.0212109
-0.0228468
-0.0244051
-0.0258753
-0.0272423
-0.0284986
-0.0296306
-0.030628
-0.0314735
-0.0321516
-0.032643
-0.0329305
-0.0329959
-0.0328202
-0.0323848
-0.0316688
-0.0306552
-0.029325
-0.0276652
-0.0256599
-0.0233001
-0.0205722
-0.0174685
-0.0139734
-0.0100715
-0.00573629
-0.000933572
0.00438221
0.0102721
0.0168088
0.024094
0.0322393
0.0413657
0.0515382
0.0627398
0.0748097
0.08737
0.10014
0.112459
0.124072
0.134924
0.130192
0.126408
0.123346
0.121161
0.119892
0.119582
0.1203
0.122054
0.124874
0.128818
0.133969
0.140411
0.148257
0.157642
0.168748
0.181733
0.196677
0.213823
0.233774
0.257816
0.286077
0.31653
0.347618
0.38123
0.414815
0.443497
0.461095
0.466691
0.455424
0.430329
0.396735
0.358574
0.322413
0.287917
0.256693
0.228869
0.204983
0.18436
0.166745
0.151857
0.139371
0.128948
0.120326
0.11329
0.10768
0.103357
0.100214
0.0980918
0.097031
0.0969194
0.0976956
0.0993784
0.10195
0.10533
0.109473
0.114535
-0.364172
-0.337212
-0.302551
-0.291528
-0.348391
-0.0103876
-0.0102314
-0.0089543
-0.0078647
-0.00676132
-0.00579223
-0.00483183
-0.00399026
-0.00316942
-0.00243969
-0.00173336
-0.00110336
-0.000508735
1.58632e-05
0.000493897
0.000903266
0.00125644
0.00153917
0.00175742
0.00190187
0.00197491
0.00197048
0.00188925
0.00172702
0.00148381
0.00115661
0.000745098
0.000246649
-0.000340038
-0.00101844
-0.00179158
-0.00266425
-0.00364171
-0.00473011
-0.00593441
-0.00726098
-0.00871242
-0.010288
-0.0119775
-0.0137664
-0.0156409
-0.0175725
-0.0195197
-0.0214559
-0.0233469
-0.0251747
-0.0269142
-0.0285515
-0.0300673
-0.0314532
-0.0326951
-0.0337914
-0.0347372
-0.0355375
-0.0361922
-0.0367049
-0.0370737
-0.0372981
-0.037376
-0.0373045
-0.03708
-0.0366946
-0.0361412
-0.0354076
-0.0344865
-0.0333649
-0.0320355
-0.0304849
-0.028705
-0.0266826
-0.0244078
-0.0218646
-0.019032
-0.0158811
-0.0123623
-0.00841506
-0.00394045
0.00116422
0.00704665
0.013845
0.0217554
0.0309361
0.0415106
0.0534544
0.0667109
0.0809334
0.0957069
0.109769
0.121954
0.131705
0.123156
0.117328
0.112529
0.108362
0.105159
0.103002
0.101911
0.10189
0.102983
0.105226
0.108633
0.113306
0.119346
0.126879
0.136057
0.147059
0.160113
0.17545
0.193226
0.213561
0.236621
0.262594
0.291316
0.322136
0.35406
0.384179
0.41042
0.42921
0.438542
0.435621
0.422431
0.40133
0.37528
0.346526
0.318238
0.291205
0.265398
0.242079
0.221925
0.204475
0.189209
0.175873
0.164351
0.154541
0.146308
0.139535
0.134119
0.12998
0.127053
0.125303
0.124708
0.125267
0.12698
0.129848
0.133869
0.13891
0.145152
0.141333
-0.00674578
-0.00721565
-0.00672876
-0.00618932
-0.00524186
-0.00443932
-0.00351353
-0.00269058
-0.00185069
-0.00108355
-0.000339624
0.00034583
0.000991203
0.00158268
0.00212551
0.0026139
0.00304779
0.00342436
0.00374147
0.00399747
0.00418977
0.00431763
0.00437857
0.00437219
0.0042961
0.00414956
0.00392951
0.00363402
0.00325834
0.0027983
0.00224667
0.00159641
0.000838068
-3.71106e-05
-0.00103683
-0.00216714
-0.00343081
-0.00483006
-0.0063526
-0.00798573
-0.00972295
-0.0115366
-0.0133821
-0.0152432
-0.0170901
-0.018913
-0.0206861
-0.022402
-0.0240354
-0.0255789
-0.0270083
-0.02832
-0.0294944
-0.0305308
-0.0314105
-0.0321285
-0.0326628
-0.033005
-0.033135
-0.0330446
-0.0327162
-0.0321397
-0.0312992
-0.0301842
-0.028783
-0.0270884
-0.0250929
-0.0227928
-0.0201811
-0.0172567
-0.0140062
-0.0104253
-0.00647791
-0.0021419
0.00266603
0.00799885
0.0140003
0.0207548
0.0284905
0.0373422
0.0475912
0.0590862
0.0718625
0.085668
0.0999855
0.114374
0.128375
-0.00618219
-0.00460766
-0.00526091
-0.00443554
-0.00328399
-0.00260257
-0.00201183
-0.00150923
-0.00110585
-0.000778513
-0.000500915
-0.000262062
-5.37069e-05
0.000127419
0.000287037
0.000428667
0.000554308
0.00066693
0.000768122
0.000858462
0.000939844
0.00101214
0.00107665
0.00113332
0.00118289
0.00122528
0.00126116
0.00129023
0.00131306
0.00132923
0.00133924
0.00134265
0.00133982
0.00133035
0.0013145
0.00129186
0.00126268
0.0012265
0.00118342
0.00113296
0.00107499
0.00100873
0.000934262
0.000850236
0.000755434
0.000649016
0.000529503
0.000393314
0.000237708
5.95102e-05
-0.000147761
-0.000389618
-0.000681641
-0.0010371
-0.00147608
-0.00202032
-0.00269361
-0.00351821
-0.38839
0.524765
0.285918
0.565006
-0.128339
0.693567
-0.332967
-0.382275
0.44402
0.220803
0.387719
0.687992
-0.00384554
0.194023
-0.0463119
-0.00953481
-0.00838204
-0.00500237
-0.00676154
-0.317427
-0.354639
0.164949
0.141159
0.141231
-0.383874
0.148409
0.174269
-0.00327652
-0.22555
0.0265973
0.558866
0.358695
0.531258
-0.380894
-0.00252168
-0.00317906
-0.00148644
-0.00195093
-0.000785255
-0.0010993
-0.000319869
-0.000529302
9.10423e-06
-0.000142637
0.000255328
0.000140337
0.00044337
0.000355148
0.000590598
0.000520733
0.00070591
0.000651055
0.000795887
0.000753109
0.00086341
0.000831395
0.000910516
0.00088847
0.000938377
0.000925784
0.000947207
0.000944034
0.000937206
0.000943588
0.000908117
0.000924097
0.000860521
0.000885676
0.00079438
0.00082899
0.000707323
0.000752901
0.000595678
0.000654159
0.000455687
0.000529143
0.000280612
0.00037259
5.83003e-05
0.000175915
-0.000230885
-7.59202e-05
-0.000616727
-0.00040937
-0.00115238
-0.00085826
-0.00196943
-0.00152152
-0.00331319
-0.00248184
-0.00365276
0.133461
0.149977
0.0993671
0.11635
0.0680458
0.0831395
0.0426247
0.0544596
0.0241209
0.0325774
0.0108111
0.0169633
0.000686838
0.00544079
-0.00746951
-0.00358389
-0.0143233
-0.0110365
-0.0201136
-0.0173471
-0.0248671
-0.0226211
-0.0285608
-0.0268475
-0.0311858
-0.0300061
-0.03277
-0.0321046
-0.033375
-0.0331902
-0.0330791
-0.0333343
-0.0319748
-0.0326216
-0.0301635
-0.0311516
-0.0277336
-0.0290211
-0.0247679
-0.0263116
-0.0213769
-0.0231174
-0.0176974
-0.0195636
-0.0138912
-0.0157999
-0.0101634
-0.012001
-0.00671973
-0.00839436
-0.00372051
-0.00515641
-0.00125504
-0.00241894
0.000677964
-0.000224147
0.00213204
0.001461
0.00317601
0.00270162
0.00386801
0.00356358
0.00424637
0.00409513
0.00433343
0.00432581
0.00414295
0.0042727
0.00368676
0.00394782
0.0029792
0.00336391
0.00203603
0.00253649
0.000870356
0.00147996
-0.000508246
0.000204638
-0.00209524
-0.0012857
-0.00388638
-0.00299783
-0.00584384
-0.00494732
-0.00771846
-0.007127
-0.00914412
0.125043
0.131918
0.113606
0.118748
0.107097
0.109714
0.105603
0.105743
0.109039
0.106714
0.117569
0.112648
0.131837
0.123942
0.152837
0.141432
0.181801
0.166262
0.219719
0.199613
0.2667
0.242161
0.320506
0.293054
0.373408
0.348022
0.410212
0.394939
0.416247
0.417612
0.389475
0.406198
0.343471
0.367962
0.2937
0.31844
0.247808
0.269959
0.210116
0.227811
0.181002
0.194602
0.159122
0.169221
0.143627
0.150636
0.133774
0.138041
0.129077
0.130805
0.129423
0.128621
0.135057
0.131565
0.146752
0.140036
0.155007
0.115534
0.13032
0.0805127
0.0978882
0.0498572
0.064237
0.0263022
0.0371218
0.0096297
0.0171595
-0.00200389
0.00329087
-0.010466
-0.0065597
-0.0170036
-0.0139297
-0.0223353
-0.0198007
-0.0267603
-0.024656
-0.0303734
-0.0286672
-0.0332129
-0.0318884
-0.0353157
-0.0343543
-0.0367257
-0.0361049
-0.0374906
-0.037187
-0.0376437
-0.0376438
-0.0371963
-0.0374966
-0.0361458
-0.036749
-0.0344764
-0.0353919
-0.0321728
-0.033406
-0.029258
-0.0307899
-0.0258203
-0.0275986
-0.0220104
-0.0239524
-0.0180482
-0.0200371
-0.01418
-0.0160899
-0.0106216
-0.0123515
-0.0075196
-0.00900921
-0.00492002
-0.0061578
-0.00280069
-0.00380329
-0.00111711
-0.00190749
0.000172295
-0.000425353
0.00109657
0.000678601
0.00167403
0.0014277
0.00191869
0.00183709
0.00184598
0.00192119
0.00147392
0.00169668
0.000822955
0.00118308
-8.66346e-05
0.000401324
-0.00123834
-0.000629517
-0.00262284
-0.00189581
-0.00423863
-0.00339142
-0.00610336
-0.00511377
-0.00857683
-0.00718118
-0.0119342
-0.0102164
-0.0137658
-0.0131044
-0.331241
-0.00724982
-0.0105386
0.165528
0.1873
0.163307
0.189594
-0.00752664
-0.0154013
-0.0178562
-0.0107799
-0.0129666
-0.00749076
-0.0089664
-0.00527602
-0.00626827
-0.00349097
-0.00434587
-0.00196596
-0.00270021
-0.00068193
-0.00129622
0.000359711
-0.000131831
0.00114754
0.000785276
0.00166425
0.00144029
0.00189007
0.00181425
0.00180574
0.00188743
0.00139396
0.00164148
0.000639339
0.00106016
-0.000474472
0.000128275
-0.00197268
-0.00117422
-0.00389102
-0.00287764
-0.00627313
-0.00502244
-0.00915332
-0.00765114
-0.0125204
-0.0107805
-0.0162826
-0.0143625
-0.0202524
-0.0182567
-0.0241857
-0.0222402
-0.0278438
-0.0260604
-0.0310546
-0.0295144
-0.0336958
-0.0324516
-0.0357018
-0.0347807
-0.0370616
-0.036462
-0.0377914
-0.0375049
-0.0379018
-0.0379245
-0.0373927
-0.0377259
-0.0362492
-0.0369026
-0.0344416
-0.0354311
-0.031941
-0.0332799
-0.0287325
-0.030426
-0.024821
-0.0268644
-0.0202183
-0.0226079
-0.014867
-0.0176496
-0.00844817
-0.0118356
-1.04407e-05
-0.00458993
0.0124777
0.00554178
0.0318999
0.0211144
0.0600314
0.0449485
0.0978479
0.0778672
0.137677
0.118648
0.153215
0.16272
0.175681
0.144495
0.152321
0.134651
0.13869
0.131223
0.132215
0.133283
0.131595
0.140627
0.136294
0.153483
0.146342
0.172413
0.162151
0.198106
0.184376
0.231334
0.213731
0.272366
0.250934
0.318201
0.295011
0.363024
0.341376
0.395303
0.381446
0.404495
0.403502
0.385185
0.398059
0.344438
0.366774
0.293988
0.319557
0.245321
0.268959
0.203641
0.223486
0.170195
0.18588
0.144911
0.156579
0.126942
0.135086
0.115278
0.120384
0.109176
0.111569
0.108298
0.108096
0.112831
0.109857
0.123507
0.117332
0.1414
0.131546
0.153213
-0.00973048
-0.00954015
-0.0075974
-0.00842924
-0.00519048
-0.00623677
-0.00313918
-0.00409204
-0.00137881
-0.00221783
0.000138396
-0.000589562
0.00143019
0.000812118
0.00249741
0.00199183
0.0033321
0.00294411
0.00392174
0.0036583
0.00425044
0.00411916
0.00430522
0.00431251
0.00407249
0.00422546
0.00353355
0.00384257
0.00265762
0.00314
0.00139621
0.00207858
-0.00031442
0.000600952
-0.00253634
-0.00135866
-0.00529974
-0.0038511
-0.00856602
-0.00687603
-0.0122061
-0.010351
-0.0160214
-0.0141065
-0.0198102
-0.017935
-0.0233835
-0.021634
-0.0265925
-0.0250417
-0.0293138
-0.0280205
-0.0314477
-0.0304608
-0.0328983
-0.0322639
-0.0335707
-0.0333377
-0.0333712
-0.033585
-0.0322213
-0.0329189
-0.0300619
-0.0312701
-0.0268654
-0.0285929
-0.02265
-0.0248818
-0.0174779
-0.0201782
-0.0114315
-0.0145598
-0.00452906
-0.0080943
0.00349015
-0.000698244
0.0135816
0.00816972
0.0278397
0.0200126
0.0491094
0.0374174
0.0792656
0.0630657
0.117361
0.0974828
0.158174
0.137719
0.176418
-0.0024426
-0.0021792
-0.00214316
-0.00156799
-0.00218337
-0.000967452
-0.00125468
-0.000552713
-0.000733929
-0.000271117
-0.000400512
-6.43008e-05
-0.00016015
9.11283e-05
1.84801e-05
0.000212219
0.000155354
0.000308154
0.000262676
0.000384299
0.000348097
0.00044447
0.000416129
0.000490686
0.000468795
0.000525147
0.000508868
0.000548635
0.000537746
0.000560818
0.000555579
0.00056147
0.000561946
0.000550352
0.000556767
0.000527734
0.000539962
0.000493198
0.000511509
0.00044583
0.000470755
0.000383843
0.000416317
0.000304342
0.000346326
0.000203034
0.000256463
7.1308e-05
0.00014152
-0.000100897
-8.90144e-06
-0.00033054
-0.000206563
-0.000662707
-0.000479919
-0.00117268
-0.000890238
-0.00190364
-0.00150494
-0.00269253
-0.351128
-0.0113297
-0.168472
-0.444426
-0.0248431
-0.69499
-0.462524
-0.537202
-0.436397
-0.389184
-0.35359
0.682563
0.821768
0.885222
0.806021
0.650923
-0.309753
-0.320387
-0.391287
-0.363624
-0.554405
-0.196641
0.10956
-0.0292319
0.0381895
-0.0222903
-0.0168094
-0.0133415
-0.0105583
-0.00881791
-0.00730967
-0.00623038
-0.0052325
-0.00430466
-0.0034481
-0.00265742
-0.00192557
-0.0012562
-0.00064384
-9.34393e-05
0.000397672
0.000824666
0.00118813
0.00148353
0.00171019
0.00186399
0.00194374
0.0019458
0.00186893
0.00170988
0.00146753
0.00113888
0.000722795
0.00021612
-0.000383083
-0.00107947
-0.00187623
-0.00277902
-0.00379196
-0.00492176
-0.00617193
-0.0075473
-0.0090472
-0.0106698
-0.0124057
-0.0142424
-0.0161594
-0.0181332
-0.0201351
-0.0221348
-0.0241031
-0.0260216
-0.0278483
-0.0295645
-0.0311528
-0.0325979
-0.0338894
-0.0350242
-0.036001
-0.0368149
-0.0374688
-0.0379616
-0.0382974
-0.0384737
-0.0384938
-0.0383536
-0.0380554
-0.0375931
-0.0369677
-0.0361718
-0.0352068
-0.0340666
-0.0327555
-0.0312707
-0.0296214
-0.0278094
-0.025849
-0.0237452
-0.0215111
-0.0191421
-0.0166291
-0.0139244
-0.0109472
-0.00754118
-0.00347574
0.00158895
0.00807713
0.0164872
0.0273052
0.040855
0.0572266
0.0771145
0.100391
0.127171
0.154778
0.178571
0.199668
0.205536
0.184202
0.167789
0.155496
0.146813
0.140516
0.136196
0.133589
0.132499
0.132825
0.134509
0.137534
0.141911
0.147683
0.154906
0.163659
0.174023
0.186095
0.19997
0.215741
0.233422
0.252891
0.27375
0.295597
0.317909
0.339672
0.360056
0.377426
0.390321
0.397342
0.397939
0.392004
0.379678
0.362266
0.341112
0.317833
0.293784
0.269915
0.246882
0.225272
0.20549
0.187751
0.172057
0.158365
0.14659
0.13664
0.128389
0.121731
0.116558
0.112796
0.110384
0.109304
0.109568
0.111243
0.11442
0.119282
0.126203
0.135652
0.148429
0.165262
0.187099
0.241545
-0.00892673
-0.0141973
-0.0125096
-0.0109057
-0.00890238
-0.00759031
-0.00626686
-0.00515454
-0.00408309
-0.00311542
-0.00220314
-0.00136005
-0.000573127
0.000156429
0.000830588
0.00145028
0.00201394
0.00252201
0.00297194
0.00336349
0.003694
0.00396212
0.00416483
0.00430138
0.0043693
0.00436753
0.0042935
0.00414565
0.00392065
0.00361568
0.00322581
0.0027462
0.00216974
0.00148949
0.000696779
-0.000215797
-0.00125605
-0.00242874
-0.00373682
-0.00517779
-0.00674553
-0.00842756
-0.0102075
-0.0120633
-0.0139716
-0.0159048
-0.0178387
-0.019755
-0.0216186
-0.023412
-0.0251166
-0.0267147
-0.0281898
-0.0295277
-0.0307169
-0.0317513
-0.032615
-0.0332965
-0.0337822
-0.0340611
-0.0341199
-0.0339494
-0.0335386
-0.0328812
-0.0319689
-0.0307995
-0.0293699
-0.0276847
-0.0257481
-0.0235728
-0.0211706
-0.0185618
-0.0157629
-0.0127946
-0.00966476
-0.0063709
-0.00287617
0.000899125
0.00510813
0.00999067
0.0158929
0.0232538
0.0325729
0.0443222
0.0588709
0.0763726
0.0967154
0.119492
0.144217
0.169048
0.191315
0.216257
0.267868
0.0326375
0.0171525
0.00347476
0.000250705
-0.000613457
-0.000533264
-0.000483785
-0.000374136
-0.000288358
-0.000223004
-0.000166345
-0.000118731
-7.96771e-05
-4.53411e-05
-1.62301e-05
9.28747e-06
3.21887e-05
5.21045e-05
7.02681e-05
8.63891e-05
0.000100613
0.000113007
0.000123419
0.000132241
0.000139877
0.00014672
0.000153212
0.000159371
0.000164964
0.000169653
0.000172976
0.00017495
0.000175407
0.000174745
0.000172878
0.000170224
0.000166649
0.000162231
0.000156856
0.000150477
0.00014299
0.000134282
0.000124129
0.000112655
9.97163e-05
8.478e-05
6.8062e-05
4.92869e-05
2.77524e-05
2.92693e-06
-2.50559e-05
-5.71092e-05
-9.30403e-05
-0.000133594
-0.000180688
-0.000235442
-0.000293967
-0.000324242
-0.000196891
0.000610822
0.0040794
0.0126907
0.00999741
-0.373791
-0.1059
0.226655
-0.0220314
)
;

boundaryField
{
    frontandback
    {
        type            empty;
    }
    walls
    {
        type            zeroGradient;
    }
    diamond
    {
        type            zeroGradient;
    }
    inlet
    {
        type            zeroGradient;
    }
    outlet
    {
        type            fixedValue;
        value           uniform 0;
    }
}


// ************************************************************************* //
