/*--------------------------------*- C++ -*----------------------------------*\
  =========                 |
  \\      /  F ield         | OpenFOAM: The Open Source CFD Toolbox
   \\    /   O peration     | Website:  https://openfoam.org
    \\  /    A nd           | Version:  10
     \\/     M anipulation  |
\*---------------------------------------------------------------------------*/
FoamFile
{
    format      ascii;
    class       volScalarField;
    location    "7.5";
    object      p;
}
// * * * * * * * * * * * * * * * * * * * * * * * * * * * * * * * * * * * * * //

dimensions      [0 2 -2 0 0 0 0];

internalField   nonuniform List<scalar> 
6397
(
0.242796
0.229592
0.0149131
0.0142567
0.0140511
0.0146922
0.450663
0.203821
-0.367186
-0.386601
0.356549
0.245182
-0.0100268
-0.0122012
-0.0207235
-0.324017
-0.317401
-0.322394
0.840477
0.778393
0.745289
-0.432706
-0.392456
-0.392046
-0.00948748
-0.0112652
-0.00729329
0.0224236
0.023672
0.0211272
0.0221978
0.0126541
0.0132067
0.0136399
0.0107158
0.0112398
0.011696
0.012205
0.00933483
0.00886738
0.00977056
0.0102662
0.0201285
0.0162412
0.0169913
0.0153722
0.0151232
0.0158155
0.00688955
0.00672953
0.00615362
0.00596768
0.00638292
0.331939
0.319654
0.139503
0.15048
-0.0255571
0.0344125
0.0321399
0.0368651
0.039493
0.0423451
0.0454967
0.0489678
0.0527494
0.0568654
0.0612893
0.0322736
0.030076
0.0302645
0.0345156
0.0369232
0.0395228
0.0423785
0.0455411
0.0490387
0.0528841
0.0570926
0.0616719
0.0284922
0.0281943
0.0660173
0.0666148
0.0267715
0.0266131
0.0709706
0.0718321
0.025219
0.0250776
0.0760426
0.0772559
0.0238265
0.0225664
0.0812212
0.0830141
0.0252306
0.0225843
0.0238587
0.028424
0.0267363
0.0321404
0.0302051
0.0365726
0.0342562
0.0418706
0.0390985
0.0483837
0.0449501
0.0564142
0.052199
0.0660252
0.061011
0.0770221
0.0714086
0.0827506
0.0689678
0.0781769
0.0735055
0.0598875
0.0643142
0.0518127
0.0557229
0.0448
0.0481363
0.0389195
0.0416995
0.0339644
0.0363151
0.0298039
0.0317741
0.0262592
0.027903
0.0234211
0.0247746
0.0214341
0.0213257
0.0213828
0.0888404
0.0889188
0.0740003
0.0830467
0.0782438
0.0949502
0.0853472
0.0908356
0.0208368
0.0224481
0.0211609
0.0198526
0.086646
0.0250649
0.0237083
0.028093
0.0265111
0.0316649
0.0298153
0.0358731
0.033668
0.0409152
0.0382652
0.0471212
0.0438406
0.054815
0.0507559
0.0640985
0.0592398
0.0744809
0.0692518
0.079809
0.0655559
0.0698153
0.057415
0.0614535
0.049972
0.0536893
0.0435001
0.0466999
0.0379992
0.0407063
0.0332868
0.0356133
0.0292732
0.0312651
0.0259369
0.0275512
0.0231099
0.0244598
0.0219252
0.0203611
0.0203018
0.0199692
0.0201945
0.0825056
0.08804
0.0950832
0.0792387
0.0836692
0.0961554
0.101176
0.0759717
0.0863912
0.0791585
0.0191728
0.0188995
0.0188624
0.0196708
0.0185926
0.0195206
0.020514
0.0923363
0.0221317
0.0208951
0.0247419
0.0234073
0.0276665
0.0261443
0.0310562
0.0292984
0.0350292
0.0329574
0.0397595
0.0372949
0.0454984
0.0424979
0.052521
0.0488495
0.0609678
0.0566284
0.0700298
0.0655123
0.0746947
0.0688209
0.0724441
0.0614448
0.0651458
0.0542938
0.0578587
0.0477796
0.0510123
0.0420257
0.0448188
0.0370065
0.039442
0.0326294
0.0347526
0.0288393
0.030675
0.0255858
0.0271515
0.0228128
0.0241464
0.0215916
0.0192679
0.0192982
0.019099
0.0876495
0.0930173
0.101631
0.0819232
0.0902474
0.101029
0.107109
0.0178425
0.01761
0.0181702
0.0179646
0.0201706
0.0191282
0.0193806
0.0183447
0.0910028
0.0934434
0.105096
0.0185813
0.0980578
0.0217582
0.0205476
0.0242871
0.0229998
0.0271295
0.0256769
0.0303482
0.0286832
0.0340758
0.0321422
0.0384428
0.0361715
0.0436208
0.0409231
0.0497951
0.0465757
0.0569782
0.0532954
0.0645747
0.0607737
0.0719045
0.0683028
0.0778475
0.0751115
0.0807898
0.0798333
0.069079
0.0735997
0.0715421
0.0633225
0.0663048
0.0570365
0.0602464
0.0509607
0.0539927
0.0453256
0.0480791
0.0402794
0.0427325
0.0357781
0.0379678
0.031772
0.0337179
0.0282367
0.0299492
0.0251473
0.0266334
0.022448
0.0237393
0.021258
0.0181992
0.0182698
0.0180525
0.0842368
0.0750385
0.0945068
0.0802443
0.0978095
0.107748
0.0173658
0.017714
0.0197515
0.0187484
0.0937498
0.112474
0.0756076
0.0860424
0.107937
0.0938384
0.0775924
0.0182035
0.103995
0.0190746
0.0170696
0.0180521
0.0213142
0.0201721
0.0237539
0.0224953
0.0264731
0.0250752
0.0295149
0.0279478
0.0329739
0.0311891
0.036933
0.0348858
0.0414982
0.0391351
0.0467763
0.0440454
0.0526904
0.0496661
0.0588101
0.0557601
0.064227
0.0617169
0.0680993
0.0665354
0.0684136
0.0689695
0.062567
0.0663832
0.0654551
0.0658665
0.0661228
0.0624025
0.0641601
0.0578977
0.0603361
0.0527956
0.0554223
0.0476381
0.050195
0.0428137
0.0451736
0.0384152
0.0405644
0.0344114
0.0363678
0.0307795
0.0325511
0.0275169
0.0291036
0.0245999
0.0260171
0.022018
0.0232626
0.0208508
0.0753103
0.0646687
0.0724412
0.0562358
0.017388
0.0178096
0.0168554
0.0166118
0.0171385
0.0170381
0.0171694
0.0172094
0.0168683
0.0170533
0.0164116
0.0166593
0.0161293
0.102458
0.113616
0.0966885
0.116677
0.0868958
0.108516
0.0623736
0.0739764
0.0899196
0.0467732
0.063759
0.0167396
0.0158241
0.109612
0.0187053
0.0177063
0.0208264
0.0197496
0.02316
0.0219665
0.0257261
0.0244117
0.0285691
0.0271109
0.0317346
0.0301101
0.0352627
0.0334518
0.0392035
0.0371788
0.043616
0.0413515
0.0483839
0.0459712
0.0531097
0.050791
0.0569786
0.0552121
0.0590563
0.0583195
0.0572124
0.0588598
0.0493676
0.0541488
0.0323998
0.0422738
0.0567399
0.0516963
0.0548393
0.0577298
0.0576647
0.0559785
0.0571509
0.0527901
0.0545789
0.0486943
0.0508046
0.0444126
0.0465441
0.0403239
0.0423349
0.0365146
0.0383856
0.0329758
0.0347132
0.0297028
0.0313067
0.026705
0.0281701
0.0239871
0.0253108
0.0215329
0.0227251
0.0193474
0.0204081
0.0173989
0.0183401
0.0165412
0.0159956
0.0155074
0.0158125
0.0161731
0.0160966
0.0161784
0.016211
0.0159364
0.0160965
0.0154993
0.0157501
0.0587409
0.0472312
0.0337547
0.0194412
0.0149572
0.0152365
0.106698
0.118528
0.0990234
0.118792
0.0869641
0.10614
0.0715576
0.0822221
0.041237
0.053573
0.0504848
0.00298225
0.0162476
0.0307004
0.0334471
0.0224464
-0.0178966
-0.00704205
-0.0257163
0.0146527
0.0141159
0.0138728
0.114452
0.0163925
0.015493
0.0182785
0.0173215
0.0202971
0.0192641
0.0225004
0.0213748
0.0249038
0.0236768
0.0275277
0.0261876
0.0303884
0.0289289
0.0334873
0.0319089
0.0368317
0.035128
0.0404447
0.0386062
0.0441954
0.0423172
0.0476909
0.0460159
0.0501628
0.049105
0.0506368
0.0507263
0.047315
0.049579
0.0383341
0.0437332
0.0208269
0.0307202
0.00823169
0.0421358
0.0371225
0.0483296
0.0458546
0.0505125
0.0498962
0.0500701
0.0505907
0.0478942
0.0491474
0.044738
0.0463895
0.0412677
0.0430105
0.0378533
0.0395438
0.034592
0.0362032
0.0314909
0.0330218
0.0285601
0.0300036
0.0258259
0.0271674
0.0233023
0.0245374
0.0210026
0.022123
0.0188918
0.0199243
0.0169805
0.0179076
0.0161117
0.0147644
0.0144324
0.0151077
0.0149761
0.0152543
0.0151933
0.0152493
0.0152751
0.0150391
0.0151757
0.0146239
0.0148565
0.0143699
0.110093
0.121734
0.100361
0.117731
0.0858472
0.0994122
0.0675682
0.0690712
0.0464354
0.031405
0.0121329
0.0233769
-0.00751589
-0.0482191
-0.0440042
0.00327483
-0.000555545
-0.00884505
-0.0741428
-0.0503981
-0.0719188
0.0132978
0.0130779
0.0143107
0.0135525
0.118112
0.0160031
0.0151336
0.0178048
0.016896
0.0197175
0.0187363
0.0217878
0.0207342
0.0240179
0.0228829
0.0264136
0.0251957
0.0289683
0.0276729
0.0316563
0.030298
0.0344533
0.0330421
0.0373382
0.0358898
0.0402088
0.038796
0.0426473
0.0415192
0.043939
0.0434849
0.0431175
0.0438635
0.0388178
0.0414816
0.0290876
0.0348157
0.0120836
0.0216282
-0.0142683
0.000220489
-0.0310453
0.0217665
0.0134855
0.0338053
0.0284835
0.0408668
0.0379475
0.0439761
0.0428069
0.0445043
0.0445058
0.0432515
0.0440464
0.040953
0.0421878
0.0382238
0.0396118
0.0354251
0.0368222
0.0326684
0.0340399
0.0299751
0.0313129
0.0273688
0.0286598
0.0248885
0.0261108
0.0225694
0.0237096
0.0204117
0.0214727
0.0184066
0.0193797
0.0165567
0.0174577
0.0157107
0.013402
0.0130428
0.0139609
0.0137059
0.0142364
0.0141276
0.0143723
0.0143189
0.0143578
0.0143852
0.0141637
0.0142885
0.0138001
0.0140022
0.0135538
0.112063
0.122139
0.100144
0.11222
0.082993
0.0865868
0.0614275
0.0485159
0.0367391
0.00487647
0.0103202
-0.0380475
-0.0231383
-0.0160589
-0.0753426
-0.0951689
-0.103205
0.0128923
0.119621
0.0139415
0.0124422
0.0131587
0.0155819
0.0147566
0.0172937
0.0164336
0.0191036
0.0181741
0.0210314
0.0200509
0.0230836
0.022043
0.0252492
0.0241536
0.0275049
0.0263685
0.0298073
0.0286536
0.032111
0.0309611
0.034369
0.0332509
0.0364525
0.0354479
0.0379849
0.0373217
0.0383006
0.0383412
0.036501
0.0377248
0.0314664
0.0344592
0.0216378
0.0272466
0.00539296
0.0143818
-0.0186141
-0.0055824
-0.0503624
-0.0336192
-0.0874834
-0.068401
-0.00328086
-0.0277487
-0.0146338
0.014577
0.00637726
0.0266213
0.0212232
0.0341346
0.0308892
0.037999
0.036432
0.0393401
0.0389261
0.0389055
0.0392959
0.0373722
0.0382341
0.0353102
0.0363784
0.0330667
0.0341992
0.0307668
0.0319207
0.0284494
0.0296081
0.0261519
0.0272961
0.0239223
0.0250261
0.0217977
0.0228462
0.0197895
0.0207784
0.0178971
0.0188199
0.0161297
0.0169999
0.0145037
0.015295
0.0138008
0.0127062
0.0120856
0.0124199
0.0131485
0.012947
0.0133982
0.0132985
0.0135234
0.0134758
0.0135032
0.0135325
0.0133302
0.0134378
0.0130121
0.0131938
0.0125248
0.0127788
0.0120956
0.0122579
-0.039698
-0.0423969
-0.119593
-0.106692
0.111845
0.118451
0.0127722
0.097674
0.100648
0.0118976
0.0111876
0.0109078
0.0776962
0.0659963
0.0523705
0.0193846
0.0236973
-0.0304059
-0.00626226
-0.075992
-0.0346366
-0.111869
-0.0586656
-0.0585613
-0.13456
-0.143821
-0.125256
0.11793
0.0135727
0.0127876
0.015135
0.0143486
0.0167526
0.0159413
0.0184534
0.0175985
0.0202425
0.0193354
0.0221162
0.0211702
0.0240548
0.0230792
0.0260242
0.0250388
0.0279697
0.0270038
0.0298304
0.0289139
0.0315363
0.0307089
0.0329417
0.0322905
0.0337034
0.0334332
0.0332215
0.0336599
0.0307014
0.0322655
0.0252035
0.0283842
0.0155375
0.0209596
0.000354326
0.00870169
-0.0210485
-0.00953109
-0.0484986
-0.0341397
-0.0795459
-0.0637795
-0.109623
-0.0949039
-0.0303033
-0.0573306
-0.0432557
-0.00812857
-0.0186122
0.00867805
0.00100359
0.0205192
0.0151734
0.0281841
0.024789
0.0326048
0.0307389
0.0345981
0.0338504
0.0348549
0.0348994
0.0339897
0.0345236
0.032524
0.033305
0.0307818
0.0316751
0.0288976
0.0298529
0.0269274
0.0279199
0.0249214
0.0259263
0.0229313
0.0239216
0.0209981
0.0219561
0.0191438
0.0200603
0.0173692
0.0182487
0.0156804
0.0165239
0.0141067
0.014871
0.0134049
0.0114823
0.0111515
0.0119833
0.0117593
0.0123603
0.0121836
0.0125925
0.0124965
0.0127068
0.0126649
0.0126842
0.0127134
0.0125287
0.0126228
0.0122357
0.0124015
0.011792
0.012033
0.0115181
-0.0764213
-0.0722496
-0.142412
-0.123063
0.108361
0.109202
0.0114233
0.010669
0.0920883
0.081375
0.0689753
0.0360646
0.0394084
-0.0196144
0.00646329
-0.075065
-0.0268953
-0.121396
-0.0565245
-0.152258
-0.0796787
-0.166569
-0.0876743
-0.0953362
-0.166632
-0.0802573
-0.0931487
-0.103475
0.0101719
-0.157025
-0.134215
0.111746
0.0131448
0.0123111
0.0146606
0.0139066
0.0161901
0.0154182
0.0177852
0.0169806
0.0194326
0.0186016
0.0211288
0.0202761
0.022847
0.0219874
0.0245452
0.023702
0.0261624
0.0253681
0.0276262
0.0269176
0.0288495
0.028275
0.0296762
0.0293257
0.0297919
0.0298492
0.0286698
0.0294219
0.0256297
0.0274302
0.0198936
0.0231452
0.0105474
0.0157243
-0.00334712
0.00419808
-0.0222911
-0.0121874
-0.0459433
-0.0336566
-0.0719417
-0.0589586
-0.0963752
-0.0845563
-0.115665
-0.106805
-0.0548746
-0.067457
-0.031452
-0.0427488
-0.0115701
-0.0210329
0.00397197
-0.00328098
0.0153241
0.0101618
0.0229833
0.0195412
0.0277549
0.0256839
0.0302554
0.0292424
0.0310895
0.0308407
0.0308064
0.0310525
0.0298706
0.0303956
0.028579
0.0292567
0.0270726
0.0278468
0.0254219
0.026261
0.0236888
0.0245607
0.0219271
0.0228086
0.0201797
0.0210497
0.0184743
0.0193209
0.0168235
0.0176417
0.0152359
0.0160229
0.0137074
0.0144599
0.0123623
0.0129907
0.0117705
0.0108398
0.0105439
0.0112723
0.011071
0.0116022
0.0114448
0.0118185
0.0117266
0.0119222
0.0118854
0.0118987
0.0119266
0.0117515
0.0118404
0.0114733
0.0116294
0.0110509
0.011286
0.0103867
0.0107666
0.00998191
0.0100936
0.100396
0.0928783
-0.122184
-0.142873
0.00987892
0.00942842
0.00935175
-0.100426
-0.105313
0.0823111
0.0528238
0.0556211
-0.00445145
0.0214365
-0.0691157
-0.0158276
-0.128571
-0.051916
-0.172154
-0.0816577
-0.19423
-0.102658
-0.197164
-0.105735
-0.093738
-0.102679
-0.117218
-0.114851
-0.186461
-0.11917
0.00918922
0.0107743
0.00893178
0.0996933
0.0111158
0.010437
0.0126646
0.0118755
0.0141579
0.0134213
0.0156114
0.0148813
0.0170979
0.0163505
0.0186098
0.0178514
0.0201331
0.0193714
0.0216396
0.0208909
0.0230828
0.0223725
0.0243986
0.023761
0.0255074
0.0249837
0.0263084
0.0259527
0.0266438
0.0265469
0.026225
0.0265514
0.0245971
0.0255926
0.0211902
0.0231492
0.0153693
0.0186177
0.00643284
0.0113271
-0.00622123
0.0005844
-0.0228587
-0.0140473
-0.0431335
-0.0326338
-0.0649475
-0.0540824
-0.0850268
-0.0754849
-0.0934231
-0.073146
-0.0837222
-0.0518503
-0.0624336
-0.0316593
-0.0415096
-0.0140056
-0.0224647
0.000163613
-0.00652539
0.0108728
0.00593098
0.0184263
0.0149954
0.0234017
0.0211975
0.0262913
0.0250687
0.027604
0.0271091
0.0278215
0.0278186
0.0273508
0.0276499
0.026462
0.0269462
0.0252987
0.0259079
0.0239435
0.0246401
0.022465
0.0232149
0.0209194
0.0216974
0.0193515
0.020136
0.0177927
0.0185697
0.0162604
0.0170227
0.0147655
0.0155083
0.0133137
0.0140301
0.0119658
0.0126248
0.011355
0.00958484
0.00924881
0.0101734
0.00990157
0.0105731
0.0103848
0.0108742
0.0107313
0.0110744
0.0109882
0.0111683
0.0111357
0.0111441
0.0111711
0.0110017
0.0110879
0.0107352
0.0108845
0.0103176
0.0105481
0.00976185
0.0100481
0.00947147
-0.168819
0.00876515
-0.126458
-0.108216
0.086753
0.0680734
0.0669214
0.0139093
0.036332
-0.0558313
-0.148695
-0.00268602
-0.128165
-0.0438703
-0.18862
-0.0813745
-0.225281
-0.110056
-0.0955336
-0.0992723
-0.115233
-0.109623
-0.234824
-0.126885
-0.127039
-0.22422
-0.133842
-0.134437
-0.20211
0.00819884
0.00842503
0.00835968
-0.12851
-0.109545
0.00804871
0.0804416
0.00967283
0.00849541
0.00910204
0.0108424
0.010239
0.0122175
0.0115108
0.0136412
0.0129353
0.0150235
0.0143336
0.0164043
0.0157136
0.0177822
0.0170945
0.019139
0.0184648
0.0204436
0.0198003
0.0216485
0.021062
0.0226882
0.0221933
0.0234794
0.02312
0.0239132
0.023748
0.0238329
0.023949
0.0229778
0.0235214
0.0209611
0.0221396
0.0173133
0.0193677
0.0115249
0.0147145
0.00306431
0.0076526
-0.0084447
-0.00230558
-0.0230588
-0.0153806
-0.0403351
-0.0314345
-0.0586193
-0.0495217
-0.0752181
-0.0673
-0.0875135
-0.0821283
-0.0931856
-0.0912888
-0.108797
-0.0925872
-0.0936512
-0.0831898
-0.0900667
-0.0664533
-0.075131
-0.0486486
-0.0575648
-0.0313557
-0.0398327
-0.0157852
-0.0232868
-0.00291037
-0.00903956
0.00709437
0.0024305
0.0144452
0.0110719
0.0195109
0.0172321
0.0226843
0.0213023
0.0243856
0.023688
0.0250279
0.0248121
0.0249629
0.0250639
0.0244333
0.024744
0.0235818
0.0240404
0.022499
0.0230637
0.0212584
0.0218937
0.0199173
0.0205972
0.0185215
0.0192237
0.0171046
0.0178143
0.0156878
0.0163954
0.0142861
0.0149846
0.012915
0.0135953
0.0115794
0.0122338
0.010373
0.0109505
0.00982495
0.0089788
0.00868763
0.00951062
0.00926158
0.00988832
0.00971031
0.0101717
0.0100396
0.0103581
0.0102779
0.0104436
0.0104143
0.0104185
0.010445
0.0102812
0.0103642
0.0100263
0.0101691
0.00963861
0.00984899
0.00919565
0.00941304
0.00878205
0.00897842
0.00852857
0.0665695
0.0338378
-0.0893812
-0.0789589
-0.0755292
0.0446711
-0.0354377
-0.177091
0.00982965
-0.11669
-0.0339442
-0.193913
-0.152106
-0.100897
-0.086182
-0.0845299
-0.0998857
-0.0780137
-0.251258
-0.118014
-0.114972
-0.276224
-0.1059
-0.12819
-0.134234
-0.139639
-0.270812
-0.146726
-0.15163
-0.245742
-0.153159
0.00819096
0.00789696
0.00760229
0.00765669
0.00882572
0.00786847
0.0073188
0.0531752
0.00935032
0.00877142
0.0105244
0.0099334
0.0118095
0.011152
0.0131301
0.0124684
0.0144333
0.0137851
0.0157111
0.0150753
0.0169582
0.0163393
0.018155
0.0175645
0.0192687
0.0187246
0.0202514
0.0197797
0.021038
0.0206734
0.0215444
0.0213316
0.0216588
0.0216576
0.0212286
0.0215225
0.0200212
0.0207382
0.0177131
0.0190248
0.0139244
0.0160246
0.00825537
0.0113456
0.000317178
0.00458467
-0.0101165
-0.00459041
-0.0229617
-0.0162636
-0.0376705
-0.0301455
-0.0529539
-0.0453585
-0.0665207
-0.0601534
-0.0764428
-0.0721699
-0.0806247
-0.0792594
-0.0806117
-0.0832066
-0.0857156
-0.0737837
-0.0791512
-0.0603155
-0.0674015
-0.0454841
-0.0529498
-0.03074
-0.0380503
-0.0170574
-0.0236875
-0.00541439
-0.0109896
0.00388552
-0.000485348
0.0109588
0.0076817
0.0160313
0.0137208
0.0194037
0.0179039
0.0214172
0.0205541
0.0224178
0.0220208
0.0227051
0.0226329
0.0224949
0.0226504
0.0219263
0.0222476
0.0210946
0.0215374
0.0200759
0.0206037
0.0189284
0.0195152
0.0176965
0.0183202
0.0164165
0.0170607
0.0151123
0.0157663
0.0138018
0.0144572
0.0125017
0.013147
0.0112074
0.0118453
0.00997202
0.0105883
0.00938923
0.00786253
0.00740551
0.00762411
0.00838144
0.00812633
0.00886258
0.0086363
0.00922262
0.00905332
0.00949237
0.00936785
0.00966724
0.00959214
0.00974561
0.0097191
0.00972044
0.00974608
0.00958999
0.00966856
0.0093528
0.00948475
0.00901384
0.00919417
0.00865164
0.00882659
0.00825625
0.00847563
0.00799125
-0.0846666
-0.0703737
0.0389837
-0.00984631
-0.213105
0.0145028
-0.0937558
-0.0808662
-0.0679436
-0.0622681
-0.0753448
-0.0249593
-0.183911
-0.181429
-0.0962969
-0.072923
-0.261699
-0.118056
-0.118099
-0.310943
-0.101466
-0.152247
-0.138645
-0.151895
-0.320636
-0.125757
-0.156917
-0.17061
-0.298702
-0.170065
-0.175474
0.0070146
0.00717828
-0.0785558
-0.064095
0.0175875
0.00786945
0.00677411
0.00732653
0.00899813
0.008426
0.0101686
0.00957563
0.0113953
0.0107736
0.0126318
0.0120141
0.0138484
0.0132441
0.0150243
0.014442
0.0161453
0.0155926
0.0171892
0.0166784
0.0181228
0.0176721
0.0188987
0.0185336
0.0194534
0.0192077
0.0197038
0.019622
0.0195401
0.0196804
0.0188161
0.0192578
0.0173266
0.0181803
0.0148051
0.0162106
0.0109502
0.0130601
0.00545609
0.00842261
-0.00194844
0.00200052
-0.0113803
-0.00641785
-0.0226693
-0.0168226
-0.0352167
-0.0288437
-0.0479404
-0.0416443
-0.0590955
-0.053851
-0.0668383
-0.0634645
-0.0698268
-0.0689976
-0.0673754
-0.0694066
-0.0586669
-0.0637809
-0.05679
-0.044429
-0.0523578
-0.0739625
-0.071977
-0.0725005
-0.0740353
-0.0654599
-0.0695926
-0.0548274
-0.0604645
-0.0425348
-0.0487875
-0.029904
-0.0362428
-0.0179468
-0.0237836
-0.00744369
-0.012492
0.00116641
-0.00290594
0.00790929
0.00475806
0.0129231
0.0106147
0.0164242
0.0148417
0.018683
0.0176871
0.0199828
0.019433
0.0205744
0.0203516
0.0206477
0.0206647
0.0203359
0.020532
0.0197358
0.0200658
0.0189236
0.0193513
0.0179589
0.0184572
0.016883
0.0174317
0.0157342
0.0163156
0.0145385
0.0151407
0.0133161
0.0139293
0.0120767
0.0126974
0.01084
0.0114623
0.00963812
0.0102323
0.00841221
0.00903376
0.00775805
0.00734023
0.00708816
0.00780693
0.00758335
0.00823869
0.00803614
0.00857914
0.00841881
0.00883525
0.00871747
0.00900012
0.00892944
0.00907282
0.00904842
0.00904847
0.00907281
0.00892655
0.00899972
0.00871027
0.00882962
0.00841336
0.00857015
0.00808214
0.00824737
0.00766959
0.00790388
0.0070907
0.00739685
0.00643538
0.00676139
-0.260112
0.00345524
-0.0617997
0.00615625
0.00630606
-0.0557415
-0.0684276
-0.0243444
-0.158167
-0.0355213
-0.0476677
-0.218587
-0.0907201
-0.0685549
-0.25271
-0.0713662
-0.115343
-0.11957
-0.325613
-0.0956982
-0.182214
-0.140031
-0.163282
-0.361902
-0.121487
-0.16349
-0.19081
-0.354563
-0.149923
-0.184086
-0.201089
-0.316373
-0.19747
-0.0257315
-0.0158105
-0.00839098
-0.0482289
-0.0383971
-0.0259378
0.00651465
0.00532282
0.00598951
0.00753537
0.00701398
0.0086422
0.00807625
0.00979745
0.00921908
0.0109735
0.0103818
0.0121418
0.0115608
0.013274
0.0127134
0.0143502
0.0138201
0.01535
0.0148608
0.0162488
0.0158136
0.0170129
0.0166499
0.0175964
0.0173301
0.0179385
0.0178014
0.0179587
0.0179939
0.0175523
0.0178152
0.0165818
0.0171462
0.0148684
0.0158288
0.0121961
0.0136641
0.00833175
0.0104244
0.00304902
0.0058773
-0.00383039
-0.00018823
-0.0123398
-0.00789147
-0.0222551
-0.0171522
-0.0329809
-0.0275701
-0.0435528
-0.0383586
-0.0526191
-0.0483692
-0.0584999
-0.0560775
-0.0605136
-0.0600989
-0.057443
-0.0596791
-0.0486294
-0.0536652
-0.0348609
-0.0425013
-0.0256235
-0.0449107
-0.0295616
-0.0381182
-0.0569879
-0.0513264
-0.0634189
-0.0611809
-0.0633053
-0.0641868
-0.0581803
-0.0613066
-0.0499772
-0.0544744
-0.039764
-0.0450747
-0.0289741
-0.0344116
-0.0184938
-0.0236398
-0.00908518
-0.0136315
-0.0011516
-0.0049284
0.00523349
0.00222625
0.0101402
0.00785932
0.0137147
0.0120776
0.0161639
0.0150623
0.0177128
0.0170344
0.0185671
0.0182132
0.0188922
0.0187854
0.0188135
0.0188954
0.018427
0.0186526
0.0178075
0.0181416
0.0170151
0.0174289
0.0160867
0.0165641
0.0150632
0.0155847
0.0139709
0.0145239
0.0128303
0.0134053
0.0116592
0.0122463
0.010476
0.0110676
0.00929153
0.00988156
0.00811377
0.00869754
0.00692989
0.00752622
0.00679299
0.00653266
0.00724895
0.00703806
0.00764099
0.00745407
0.00795816
0.00780781
0.00819981
0.0080888
0.00835546
0.0082887
0.00842349
0.00840074
0.0084007
0.0084234
0.0082878
0.0083554
0.00808994
0.00819881
0.00781843
0.00796244
0.00749201
0.00766065
0.00706697
0.00730352
0.00652321
0.00680502
0.0058814
0.00620609
0.00557136
-0.0599159
-0.0405898
-0.120033
-0.0165845
-0.00805558
0.000259289
0.00520547
0.00462101
-0.0365956
-0.266476
-0.0832639
-0.0718982
-0.224305
-0.0619025
-0.109753
-0.120715
-0.317221
-0.0882635
-0.219346
-0.138042
-0.172935
-0.379822
-0.115735
-0.166323
-0.211983
-0.399298
-0.179445
-0.14536
-0.193883
-0.229959
-0.375478
-0.216374
-0.229692
-0.0175174
-0.0363763
-0.0496473
-0.0754744
0.00610407
0.00560189
0.00719424
0.00664355
0.00829102
0.00773698
0.00942302
0.00885428
0.0105538
0.0099894
0.0116598
0.0111116
0.0127138
0.0121944
0.0136944
0.0132144
0.0145787
0.0141498
0.0153401
0.0149763
0.015945
0.0156642
0.0163495
0.016175
0.0164961
0.0164585
0.0163089
0.0164487
0.0156899
0.0160593
0.0145123
0.0151785
0.0126216
0.0136647
0.00984632
0.0113532
0.0060131
0.00806979
0.0009629
0.00364582
-0.00541102
-0.00205929
-0.0130796
-0.00909602
-0.0217841
-0.0173319
-0.0309609
-0.0263614
-0.0397429
-0.0354642
-0.0470087
-0.0436383
-0.0515255
-0.0496704
-0.052381
-0.0525006
-0.0488061
-0.0512434
-0.0401147
-0.0450312
-0.0268619
-0.0340803
-0.0100889
-0.0185116
-0.0118632
0.0014688
0.00755361
-0.00187962
-0.0366604
-0.0213038
-0.0300152
-0.0476107
-0.0424236
-0.0544235
-0.0516725
-0.0555332
-0.0557103
-0.0520779
-0.0542401
-0.0456312
-0.0491747
-0.0371913
-0.0415778
-0.0279811
-0.032629
-0.0188445
-0.0233575
-0.01044
-0.0145246
-0.00315416
-0.00664725
0.00286917
1.23253e-05
0.00763866
0.00540237
0.0112458
0.00957516
0.0138413
0.0126561
0.0155975
0.0148109
0.0166789
0.0162108
0.0172279
0.0170103
0.0173612
0.0173387
0.0171719
0.0173008
0.0167322
0.0169787
0.016097
0.0164357
0.0153127
0.0157219
0.0144086
0.0148731
0.0134145
0.0139209
0.0123526
0.0128905
0.0112432
0.0118025
0.010104
0.0106762
0.00895407
0.00952828
0.00781757
0.00837828
0.00663508
0.00724625
0.0057373
0.00544408
0.00623542
0.00598121
0.00668758
0.0064766
0.0070579
0.00688124
0.00735815
0.0072161
0.00758581
0.00748138
0.00773263
0.00766956
0.00779653
0.00777516
0.00777544
0.00779652
0.0076706
0.00773336
0.00748604
0.00758783
0.00722686
0.00736545
0.00689933
0.00707118
0.00647156
0.0067032
0.00595366
0.00622489
0.00535691
0.00565813
0.00502014
-0.0233858
-0.322824
-0.0744945
-0.0918078
-0.181037
0.00430212
-0.0101553
-0.0489032
-0.101633
-0.12762
-0.286881
0.00341605
0.0149777
0.0199482
-0.0776546
-0.0100046
-0.0182687
-0.265936
-0.132795
-0.180124
-0.371814
-0.107846
-0.165193
-0.231116
-0.419087
-0.215859
-0.139406
-0.198598
-0.261875
-0.420903
-0.174102
-0.230537
-0.267434
-0.382669
-0.0174632
-0.0024016
-0.254974
0.0115653
-0.0492205
-0.0639988
-0.130079
0.0057306
0.0050781
0.00684546
0.0063012
0.00794292
0.00739397
0.00904778
0.00849489
0.0101401
0.0095979
0.0111897
0.0106718
0.0121714
0.0116904
0.0130618
0.0126292
0.0138368
0.013465
0.0144686
0.0141721
0.0149241
0.0147203
0.0151617
0.0150726
0.015128
0.0151819
0.0147531
0.0149873
0.0139468
0.0144093
0.0125937
0.0133451
0.0105617
0.0116692
0.00771862
0.00924742
0.00394321
0.00595213
-0.000866745
0.00167015
-0.00676289
-0.00368225
-0.0136713
-0.0101046
-0.0213133
-0.0174287
-0.0291649
-0.0252552
-0.0364558
-0.0329352
-0.0422249
-0.0395895
-0.0455189
-0.044225
-0.0455499
-0.0459837
-0.041463
-0.0440953
-0.0330566
-0.037842
-0.0205493
-0.0273171
-0.00519297
-0.0129902
0.0125073
0.00280373
0.00237016
-0.00318666
0.0068855
-0.0146527
-0.00445509
-0.0294806
-0.0229514
-0.0398615
-0.0350357
-0.046884
-0.0439774
-0.0488637
-0.0484669
-0.0467367
-0.0482097
-0.0417531
-0.0445363
-0.0348593
-0.0384755
-0.0270445
-0.0310111
-0.0190904
-0.0230446
-0.0115823
-0.0152543
-0.00490065
-0.00812561
0.000767114
-0.00193877
0.00538116
0.00320071
0.00899038
0.0073024
0.0116974
0.0104461
0.0136267
0.0127487
0.0149052
0.0143373
0.0156539
0.0153368
0.0159804
0.0158624
0.0159736
0.0160128
0.0157022
0.0158665
0.0152191
0.0154836
0.0145665
0.0149121
0.0137751
0.0141857
0.012874
0.0133364
0.0118866
0.0123894
0.0108338
0.011367
0.00973515
0.010289
0.00861286
0.00917568
0.00748505
0.0080449
0.00627459
0.0069104
0.00494192
0.00559087
0.00513111
0.00454847
0.00480291
0.00567391
0.0054069
0.00612518
0.00591336
0.00648843
0.00631661
0.00677651
0.00664096
0.00699171
0.00689328
0.00713007
0.00707059
0.00719015
0.00717003
0.00717059
0.00719023
0.00707226
0.0071312
0.0068969
0.00699399
0.00664514
0.00678054
0.0063186
0.00649086
0.00590173
0.00612434
0.00538851
0.00565631
0.00480933
0.00511236
0.00399081
0.00442244
0.00368731
-0.0335353
-0.0918649
-0.149135
-0.239784
0.0039923
0.0238377
0.00434175
-0.0631791
-0.0100178
-0.0269762
0.00751621
0.000983074
-0.319867
-0.12483
-0.189801
-0.341399
-0.0962933
-0.160259
-0.244487
-0.412488
-0.260172
0.0061035
-0.131129
-0.198249
-0.290762
-0.440748
-0.167237
-0.238346
-0.309984
-0.426689
-0.20884
-0.275035
-0.301133
0.0299127
-0.0645824
-0.0299493
-0.0432337
0.0262237
-0.0803812
-0.188477
0.00529349
0.00462315
0.00648347
0.00591363
0.00758608
0.00703567
0.00867772
0.00813509
0.00973661
0.00921321
0.0107359
0.0102453
0.0116509
0.0112054
0.0124571
0.0120689
0.0131293
0.0128113
0.0136392
0.013406
0.0139544
0.0138229
0.0140361
0.0140265
0.0138353
0.0139737
0.0132893
0.013609
0.012316
0.0128608
0.010812
0.0116359
0.00866589
0.00982417
0.00577941
0.00731854
0.00207724
0.00403221
-0.00249485
-9.99067e-05
-0.00794588
-0.00511548
-0.0141704
-0.0109763
-0.0208809
-0.0174914
-0.0275924
-0.0242738
-0.0336275
-0.0307416
-0.0381644
-0.0361317
-0.0404159
-0.0396132
-0.0397037
-0.0404638
-0.0353883
-0.0380187
-0.0272364
-0.0317887
-0.0153525
-0.0217297
-0.00127432
-0.00851493
0.0160073
0.00677421
0.035471
0.0371824
0.0263222
0.0333098
0.0160728
0.0120695
0.0104649
0.0216929
0.0191181
-0.0091449
0.000132359
-0.0235062
-0.0170115
-0.0336568
-0.0289505
-0.0405305
-0.0375642
-0.0431891
-0.0423729
-0.0421295
-0.043045
-0.0383804
-0.0405271
-0.0327961
-0.0357612
-0.0261899
-0.0295699
-0.0192676
-0.0227314
-0.0125608
-0.0158619
-0.00644009
-0.009413
-0.00111745
-0.00367476
0.00333191
0.00121381
0.00692225
0.00522833
0.0097146
0.00841068
0.0117899
0.0108339
0.0132407
0.0125849
0.0141686
0.0137618
0.0146722
0.0144662
0.0148348
0.0147904
0.0147212
0.0148082
0.0143807
0.0145759
0.0138523
0.0141378
0.0131674
0.013527
0.0123538
0.0127747
0.0114357
0.0119061
0.0104351
0.0109442
0.00937276
0.00991027
0.00826894
0.00882509
0.00712693
0.00770177
0.00593809
0.00655341
0.00469428
0.00530508
0.00409692
0.00403681
0.0035171
0.00379463
0.00455631
0.00427997
0.00512641
0.00484909
0.00557785
0.00536753
0.00593466
0.00576661
0.00621246
0.00608249
0.00641665
0.00632355
0.0065471
0.00649106
0.0066035
0.00658461
0.00658503
0.00660354
0.00649199
0.00654783
0.00632444
0.00641744
0.00608112
0.0062123
0.00576287
0.00593087
0.00535929
0.00557462
0.00485484
0.00511887
0.00425661
0.00457009
0.00350185
0.00387301
0.00289659
0.00319877
-0.0457364
-0.00732655
-0.0596464
-0.0301454
-0.0177994
-0.377806
-0.0829666
-0.114574
-0.210162
-0.294784
-0.0804137
-0.152503
-0.255792
-0.383414
0.04762
0.0484447
-0.31096
0.0229388
0.0443064
0.0421958
0.0134993
0.0238285
0.00297941
0.00320504
0.0026551
0.00255311
0.00241471
0.00202942
-0.119047
-0.193786
-0.309538
-0.435569
-0.0396131
-0.0205109
-0.15838
-0.239325
-0.347768
-0.444706
-0.250519
-0.199957
-0.0807141
-0.0463661
-0.28683
-0.35314
-0.417365
-0.328045
-0.101006
-0.246411
0.00367757
0.00310195
0.00489192
0.0042707
0.00610397
0.00551391
0.00723031
0.00667247
0.00831582
0.00777888
0.0093475
0.00883974
0.0103026
0.00983602
0.0111567
0.0107436
0.0118848
0.0115377
0.0124607
0.0121931
0.0128562
0.0126824
0.0130398
0.012976
0.0129751
0.0130403
0.0126185
0.0128356
0.0119146
0.012313
0.0107902
0.0114091
0.00915392
0.0100407
0.00691255
0.00811231
0.00399779
0.00554047
0.00037447
0.0022742
-0.00397057
-0.00170966
-0.00901299
-0.00641085
-0.0146257
-0.0117632
-0.0205201
-0.0175625
-0.0262474
-0.0234375
-0.031215
-0.028866
-0.0347266
-0.0331929
-0.0361124
-0.0357178
-0.0347855
-0.0358155
-0.0302666
-0.0329375
-0.0223092
-0.0267177
-0.0111026
-0.0170505
0.00238621
-0.00461802
0.0189076
0.0102111
0.0385116
0.0283813
0.0463541
0.0246024
0.0157645
0.0204281
0.0301567
0.0276594
0.0333378
0.0317157
-0.00468505
0.00388959
-0.0184514
-0.0121301
-0.0284716
-0.0238586
-0.0352463
-0.0322737
-0.0383925
-0.0372658
-0.0381972
-0.0386522
-0.035483
-0.0370974
-0.0309994
-0.033414
-0.0254362
-0.0283079
-0.0194185
-0.0224501
-0.0134299
-0.0163963
-0.00782516
-0.0105644
-0.00282949
-0.00524487
0.00145586
-0.000598448
0.0050159
0.00332279
0.00787548
0.00652843
0.0100761
0.00905247
0.0116796
0.0109455
0.0127698
0.0122812
0.0134368
0.0131493
0.0137578
0.0136351
0.0137925
0.0138067
0.0135858
0.013716
0.0131745
0.0134019
0.01259
0.0129017
0.0118582
0.0122403
0.0110042
0.0114446
0.010051
0.0105383
0.00901965
0.00954361
0.00792792
0.00848048
0.00679129
0.00736102
0.00561785
0.00620596
0.00440132
0.00501025
0.00379143
0.00357158
0.003289
0.00407487
0.00382902
0.0046122
0.00434422
0.00505297
0.0048479
0.00539884
0.00523623
0.00566541
0.00554117
0.00585904
0.00577097
0.00598188
0.00592918
0.00603469
0.00601702
0.00601718
0.00603466
0.00592912
0.00598199
0.00576977
0.00585829
0.00553755
0.00566282
0.00523214
0.00539363
0.00484448
0.00505099
0.00435442
0.00461289
0.0037577
0.00406851
0.00308111
0.00341173
0.00276301
-0.0603457
0.00940711
-0.107017
-0.141976
-0.271841
-0.341562
0.0489988
-0.363539
0.0403938
0.0344748
0.00287226
0.00231254
0.00214946
0.0016041
-0.101881
-0.185618
-0.321223
-0.412013
-0.00165835
-0.146205
-0.23466
-0.370741
-0.442314
-0.0557274
-0.0332818
-0.297378
-0.190097
-0.107538
-0.0672101
-0.289531
-0.398149
-0.434054
-0.238326
-0.345217
-0.387131
0.00176224
-0.0083832
-0.126695
-0.300695
0.00331705
0.00272396
0.00453532
0.00392472
0.00574005
0.00513921
0.00688242
0.00631733
0.00796629
0.00743233
0.00897681
0.00848167
0.00989358
0.00944808
0.0106928
0.0103091
0.011349
0.01104
0.0118355
0.0116147
0.012124
0.0120058
0.0121837
0.0121838
0.0119813
0.0121167
0.0114781
0.011769
0.0106261
0.0110981
0.00936196
0.0100489
0.0076061
0.00854923
0.00528172
0.00651712
0.00234597
0.00388944
-0.00120128
0.000646068
-0.00533735
-0.00319927
-0.0100106
-0.007614
-0.0150791
-0.0125105
-0.0202585
-0.0176782
-0.025134
-0.0227632
-0.0291886
-0.0272971
-0.0318353
-0.0307212
-0.0325018
-0.0324441
-0.0306863
-0.0319261
-0.0260045
-0.0287139
-0.0182424
-0.0225059
-0.00758655
-0.0132301
0.00542113
-0.00136753
0.0211072
0.0129288
0.0395621
0.0300458
0.0595262
0.059511
0.0494931
0.0594737
0.0594678
0.0581393
0.0590724
-0.397957
0.0575038
0.0575514
0.0412584
0.0378645
0.0395851
0.0435402
0.0425204
0.0447692
0.0442333
0.0354371
0.045681
0.0452837
0.0158821
0.0254742
-0.00120235
0.00692289
-0.0143985
-0.0082658
-0.0241747
-0.0196484
-0.0308893
-0.0279153
-0.0343799
-0.0330257
-0.0348779
-0.0349568
-0.0330249
-0.0341952
-0.0294692
-0.0314172
-0.024807
-0.0272371
-0.0195845
-0.0222349
-0.0142376
-0.0169039
-0.00910151
-0.0116277
-0.00440778
-0.00669151
-0.000277875
-0.00227107
0.00324841
0.00155894
0.00616393
0.00478003
0.00847482
0.00739124
0.0102156
0.00941053
0.0114549
0.0108908
0.0122743
0.0119105
0.0127445
0.0125478
0.0129192
0.0128648
0.0128391
0.0129078
0.0125385
0.0127133
0.0120471
0.0123143
0.0113912
0.0117374
0.010596
0.0110089
0.00968505
0.0101531
0.00867983
0.00919257
0.00759983
0.00814765
0.00645975
0.00703553
0.00529303
0.00587729
0.00406841
0.00468122
0.00346143
0.00250085
0.00178078
0.00215004
0.0031401
0.0028336
0.00365358
0.00341161
0.00413957
0.00389506
0.00455414
0.00435954
0.00488329
0.00472853
0.00513622
0.00501854
0.00531885
0.0052359
0.00543419
0.00538475
0.00548348
0.005467
0.00546684
0.00548334
0.00538389
0.00543366
0.00523375
0.00531715
0.00501472
0.00513293
0.00472454
0.0048784
0.00435459
0.00455131
0.00388736
0.00413408
0.00332277
0.00361466
0.002684
0.003006
0.00196829
0.00234408
0.00109494
0.00154475
-0.0801528
0.0358736
-0.137544
-0.173895
-0.330978
-0.377937
0.0180631
-0.128147
-0.226244
-0.38179
-0.425464
-0.0118462
0.0698996
0.0694808
0.0363166
0.0462555
-0.344772
0.00128497
0.00137842
0.000858625
0.000607064
0.000623137
9.69277e-05
-0.177514
-0.0214948
-0.284634
-0.423086
-0.43395
-0.0765054
-0.0502832
-0.225797
-0.28119
-0.350895
-0.437297
-0.413612
-0.142917
-0.0953601
-0.410551
0.057998
0.0741664
0.0764835
0.0329745
0.0292571
-0.158401
-0.348908
0.0383442
0.00172288
0.00115145
0.00292864
0.00231378
0.00417336
0.00355101
0.00539036
0.00479093
0.00654868
0.00597637
0.00763394
0.00710121
0.00862859
0.00814334
0.00951283
0.0090855
0.0102632
0.00990585
0.010854
0.0105797
0.011258
0.0110805
0.0114465
0.0113802
0.0113899
0.0114499
0.0110568
0.0112589
0.0104143
0.0107755
0.00942102
0.00996316
0.00802398
0.00877549
0.00615592
0.00715163
0.00375482
0.00502297
0.000798897
0.00234367
-0.00268226
-0.000880805
-0.00663393
-0.00460456
-0.0109799
-0.00876568
-0.0155672
-0.0132582
-0.0201194
-0.0178693
-0.0242548
-0.0222646
-0.0275246
-0.0260255
-0.0294354
-0.0286775
-0.0295002
-0.0297218
-0.0272969
-0.0286993
-0.022503
-0.0252325
-0.0149465
-0.0190647
-0.00476423
-0.0101553
0.00776115
0.00121427
0.0227694
0.0149622
0.0403128
0.0312706
0.0594926
0.0498106
0.0709805
0.0702118
0.0716163
0.0712059
0.0726272
0.0592966
0.0623208
0.0608326
0.0573031
0.0581144
0.0564378
0.0567301
0.0559251
0.0562094
0.0559162
0.0558799
0.0177226
0.0266889
0.00154753
0.00927705
-0.0111722
-0.00522546
-0.0206948
-0.0162855
-0.0273331
-0.0243661
-0.0310687
-0.0295481
-0.0321149
-0.0318911
-0.0309763
-0.0317757
-0.0282068
-0.0297575
-0.0243235
-0.0263699
-0.0197999
-0.0221142
-0.0150236
-0.0174223
-0.0103082
-0.0126428
-0.00588722
-0.00805215
-0.0018973
-0.00383581
0.00159907
-8.75808e-05
0.004565
0.00314774
0.00697549
0.00583747
0.00884235
0.00797171
0.0102214
0.00958607
0.0111847
0.0107487
0.0117966
0.0115294
0.0121047
0.0119849
0.0121438
0.0121546
0.0119473
0.0120721
0.0115428
0.0117684
0.0109568
0.01127
0.0102149
0.0106031
0.00934108
0.00979244
0.00835749
0.00886116
0.00728439
0.00783046
0.00614352
0.00671992
0.00494525
0.00555029
0.00372314
0.00434246
0.00252228
0.00311342
0.00194168
0.00207469
0.00170591
0.00272273
0.00241075
0.00324155
0.00300003
0.00369673
0.00347472
0.00407881
0.00389794
0.00438685
0.00424182
0.00462383
0.0045136
0.00479457
0.00471705
0.00490203
0.00485598
0.00494778
0.00493245
0.00493219
0.00494757
0.00485484
0.0049012
0.00471472
0.00479254
0.00450982
0.00462047
0.00423632
0.00438167
0.00388632
0.0040721
0.00344745
0.00367867
0.00291764
0.00319246
0.00229006
0.00261524
0.00153804
0.00194089
0.00109893
-0.104236
0.0646142
-0.176428
-0.213839
-0.383877
-0.402889
0.0109755
0.0795552
0.0581137
0.0691419
0.0560799
-0.373171
0.00094518
0.000403351
7.1329e-05
-0.000468594
-0.159608
0.0240413
-0.275095
-0.432587
-0.425729
-0.0255322
-0.213114
-0.323287
-0.346216
-0.462199
-0.416045
-0.041303
-0.265251
-0.420556
-0.46233
0.0835736
-0.0742477
0.0898537
0.0971465
-0.10484
0.0994133
0.106533
-0.197469
-0.388661
0.0349837
0.00127488
0.000666708
0.00252324
0.00189111
0.00381165
0.00316864
0.00505856
0.00444202
0.00623398
0.00565519
0.00732329
0.00679017
0.00830687
0.00782901
0.00916429
0.00875221
0.00987204
0.00953785
0.010404
0.010161
0.0107321
0.0105945
0.0108278
0.0108099
0.0106618
0.0107783
0.0102048
0.0104704
0.0094279
0.00985686
0.00829721
0.00890764
0.00676986
0.00758456
0.00479154
0.00583874
0.00231458
0.00361517
-0.000666061
0.000883156
-0.00409735
-0.00233217
-0.00789543
-0.00595782
-0.0119587
-0.00990318
-0.0161236
-0.0140432
-0.0201238
-0.0181643
-0.0236123
-0.0219542
-0.0262026
-0.0250424
-0.0274821
-0.0270288
-0.027041
-0.0274955
-0.0245271
-0.0260567
-0.0196684
-0.0223976
-0.0123259
-0.0163021
-0.00256914
-0.00773325
0.00948617
0.00317587
0.0239016
0.0164061
0.0406843
0.0319812
0.0593174
0.0498848
0.0787774
0.0783472
0.0688583
0.0798657
0.0792164
0.0819008
0.0806854
0.0847655
0.083075
0.0900422
0.086979
0.0939623
0.0794034
0.0840136
0.0725741
0.0755537
0.06873
0.0703572
0.0666609
0.0675464
0.0658046
0.066093
0.0559202
0.0653586
0.0655874
0.03684
0.046453
0.018873
0.0275814
0.00356827
0.0108513
-0.00866084
-0.00290731
-0.0179361
-0.0136398
-0.0244798
-0.0215329
-0.0283842
-0.0267436
-0.0298594
-0.0293945
-0.0293121
-0.0298019
-0.0272112
-0.0284223
-0.0240034
-0.0257156
-0.0200944
-0.0221126
-0.015824
-0.0179853
-0.0114827
-0.0136474
-0.00730131
-0.00936306
-0.00342885
-0.00532305
4.84035e-05
-0.00163977
0.00306449
0.00161474
0.00556825
0.00437898
0.00755421
0.00662106
0.00906739
0.00836322
0.0101692
0.00966383
0.0109164
0.0105813
0.0113521
0.0111691
0.0115047
0.0114608
0.011405
0.0114831
0.011081
0.0112682
0.0105589
0.0108421
0.0098646
0.0102308
0.00902276
0.0094599
0.00805609
0.00855301
0.00698593
0.00753208
0.00583301
0.00641825
0.00461484
0.00522851
0.0033687
0.00399268
0.00212732
0.00274419
0.00152597
-0.387863
-0.191834
-0.1383
0.000872547
-6.57087e-05
0.000420563
0.00168234
0.00129555
0.00232419
0.00201874
0.00283957
0.00259772
0.00327162
0.00306376
0.00362473
0.0034576
0.00390949
0.00377532
0.00412864
0.00402667
0.00428642
0.00421475
0.00438557
0.00434303
0.00442769
0.0044135
0.00441331
0.00442743
0.00434194
0.00438465
0.00421241
0.00428433
0.00402242
0.00412505
0.00376741
0.00390311
0.0034401
0.00361363
0.00303092
0.00324634
0.00253055
0.00279208
0.00191808
0.00223834
0.0011598
0.00156372
0.000216848
0.000709222
-0.000941743
-0.000332473
-0.134575
0.0677067
-0.224011
-0.261539
-0.426824
-0.416469
0.000849596
0.0579324
-0.196758
-0.347727
-0.334213
-0.469049
-0.416178
0.114173
0.126367
0.0151851
-0.0444031
0.116025
0.0878648
0.0878627
0.087576
0.0558475
0.0655461
-0.251317
-0.417124
-0.484976
-0.392655
-0.0687126
-0.00163013
-0.00134753
-0.00210501
-0.000471478
-0.000613746
-0.00106438
-0.302809
-0.472679
-0.106814
0.13987
0.127871
0.155709
0.10651
-0.142406
-0.244815
-0.417657
0.0292825
-0.000503698
-0.00110151
0.000800747
0.000136803
0.00212641
0.00145941
0.00346004
0.00279449
0.00474267
0.00410961
0.00594128
0.00535294
0.00703845
0.00650301
0.00801559
0.00754265
0.00885174
0.00845202
0.00952305
0.00920885
0.0100028
0.00978776
0.0102622
0.0101609
0.0102721
0.010299
0.0100037
0.010173
0.00942892
0.00975481
0.0085211
0.00901633
0.00725467
0.00793272
0.00559596
0.00647453
0.00350352
0.00460399
0.000945893
0.00228118
-0.00206896
-0.000509925
-0.00547175
-0.00373074
-0.00915322
-0.0072875
-0.0129826
-0.0110608
-0.0167804
-0.0149005
-0.0202926
-0.0185907
-0.0232103
-0.0218449
-0.0252058
-0.0243418
-0.0259379
-0.025748
-0.0250671
-0.0257177
-0.0223028
-0.023932
-0.0174187
-0.0201305
-0.010295
-0.0141328
-0.000934804
-0.00588719
0.0106618
0.00458642
0.0244913
0.0173073
0.0405957
0.0322471
0.0588799
0.0495586
0.0781248
0.0685156
0.0891505
0.0883765
0.0921246
0.0904784
0.0970549
0.0942431
0.105229
0.100698
0.11806
0.110824
0.127578
0.097363
0.104819
0.0867215
0.0914518
0.0802038
0.0830471
0.0765601
0.0780981
0.0750428
0.0755433
0.0746686
0.0746546
0.0369007
0.0463117
0.0194463
0.0279007
0.00488738
0.0118106
-0.00683073
-0.00130367
-0.0158327
-0.0116551
-0.0222549
-0.0193452
-0.0262605
-0.0245382
-0.0280667
-0.0274108
-0.0280086
-0.0282388
-0.0264787
-0.0273979
-0.0238592
-0.0252793
-0.0204939
-0.02225
-0.0166749
-0.0186254
-0.0126638
-0.0146808
-0.00868363
-0.010662
-0.00489885
-0.00676371
-0.00142437
-0.00312192
0.00164602
0.000161535
0.00424169
0.00300094
0.00634511
0.00534916
0.00799114
0.00721801
0.00923113
0.00865598
0.0101085
0.0097051
0.0106638
0.0104185
0.0109249
0.0108279
0.0109158
0.0109504
0.0106659
0.0108178
0.0102015
0.0104576
0.00954894
0.00989602
0.00873365
0.00915916
0.00777899
0.00827152
0.00670644
0.00725543
0.0055378
0.00613159
0.0042924
0.00492029
0.00300443
0.0036497
0.00170385
0.00234901
0.000463531
0.00107025
-0.000103181
0.000527684
5.55554e-05
0.00133189
0.000953585
0.00195481
0.00166106
0.0024509
0.00221724
0.00285923
0.00266441
0.00318623
0.00303176
0.00344744
0.00332442
0.00364782
0.00355447
0.00379189
0.0037263
0.00388235
0.00384337
0.00392073
0.0039076
0.00390767
0.00392032
0.00384247
0.00388135
0.00372398
0.00378965
0.00354965
0.00364378
0.00331485
0.0034398
0.0030124
0.00317265
0.00263271
0.00283283
0.00216138
0.00240892
0.00157461
0.00188276
0.000839692
0.00123039
-0.000114345
0.000393512
-0.000686589
-0.173798
-0.362269
-0.254612
-0.281831
-0.318534
-0.456845
-0.419818
0.141422
0.0716672
-0.013609
0.0560001
0.0874984
0.0749091
-0.237503
0.160881
0.179603
-0.403087
-0.489185
-0.39996
0.00218516
-0.0708621
0.0936777
-0.00239982
-0.00296115
-0.00163964
-0.0024368
-0.000790878
-0.00141392
-0.00123677
-0.00173384
-0.285827
-0.468726
-0.491039
-0.367954
-0.325578
-0.150671
0.143537
-0.202179
-0.110403
0.178375
-0.189796
-0.301105
-0.435267
0.156647
0.117963
0.0212158
-0.00112132
-0.00178418
0.000303393
-0.000422406
0.00173247
0.00101914
0.00312512
0.002434
0.00444818
0.00379653
0.00567371
0.00507361
0.00678312
0.00624325
0.00775846
0.00728802
0.00857884
0.00818863
0.00922
0.00892254
0.00965445
0.0094638
0.00985248
0.00978364
0.0097839
0.00985184
0.00942004
0.0096388
0.00873414
0.00911696
0.00769996
0.00825934
0.00629847
0.00704329
0.00450461
0.00544988
0.00228887
0.00344711
-0.000361202
0.0010144
-0.00342612
-0.00184927
-0.00682632
-0.00509548
-0.0104334
-0.00861729
-0.0140826
-0.0122677
-0.0175679
-0.0158623
-0.0206466
-0.0191753
-0.0230554
-0.0219513
-0.0245241
-0.0239225
-0.0247739
-0.0248156
-0.0235332
-0.0243507
-0.0205709
-0.0222747
-0.0157011
-0.0183774
-0.00881599
-0.0125085
0.000136101
-0.00459738
0.0112372
0.00541566
0.0245378
0.0176156
0.0401108
0.0320259
0.0581457
0.0488337
0.0778143
0.0679105
0.0964417
0.0970689
0.0876067
0.0962421
0.0962813
0.0977705
0.0967905
0.101578
0.0993838
0.108354
0.104555
0.119143
0.113184
0.135603
0.126528
0.146797
0.167054
0.186578
0.134444
0.149315
0.113179
0.122611
0.099471
0.105616
0.0907422
0.09459
0.0856627
0.0878253
0.0834451
0.0842444
0.0832707
0.0831448
0.0752281
0.0845095
0.0837838
0.0556919
0.0656117
0.0364665
0.0458395
0.0195196
0.0276626
0.00554843
0.0121658
-0.0056837
-0.000391254
-0.0143489
-0.0103187
-0.0206002
-0.0177498
-0.0246423
-0.0228694
-0.0266956
-0.025888
-0.0270414
-0.0270513
-0.026002
-0.0266677
-0.0238955
-0.0250604
-0.0210122
-0.0225372
-0.017599
-0.0193638
-0.013878
-0.0157726
-0.0100577
-0.0119792
-0.0063253
-0.00818314
-0.00283325
-0.00455427
0.000299285
-0.00122839
0.00299081
0.00169156
0.00521474
0.00414969
0.00699467
0.00614803
0.00836746
0.00772145
0.0093755
0.00891157
0.0100458
0.00974636
0.0104079
0.0102614
0.0104838
0.0104775
0.0103016
0.0104213
0.0098884
0.0101205
0.0092715
0.00960234
0.00847722
0.00889377
0.00752952
0.00802011
0.00644959
0.00700397
0.00525941
0.00586484
0.0039794
0.0046277
0.00263476
0.00331269
0.0012642
0.00194627
-7.07572e-05
0.000584184
-0.000680743
0.000244212
-0.000239189
0.00102748
0.000665055
0.00161859
0.00134108
0.00208533
0.00186553
0.00246408
0.00228395
0.00276418
0.00262249
0.00300136
0.00288968
0.00318216
0.00309775
0.00331171
0.00325247
0.00339294
0.00335761
0.00342735
0.00341521
0.00341566
0.00342662
0.00335712
0.00339173
0.00325033
0.00330932
0.0030929
0.00317772
0.00288016
0.00299325
0.00260486
0.00275067
0.00225655
0.00244036
0.00181923
0.00204943
0.00126907
0.00155874
0.00057249
0.000943484
-0.000363095
0.000142899
-0.000954596
-0.218303
0.204695
-0.317461
-0.340033
-0.38413
-0.472279
-0.414614
0.182826
0.0780391
-0.0335299
0.0530769
-0.00336663
-0.00213772
-0.272925
-0.452517
-0.492688
-0.380995
-0.0152573
-0.109585
0.100897
0.104776
0.105967
0.0755061
0.0855195
-0.242419
-0.214234
-0.308773
-0.340734
0.208002
0.165591
-0.482376
0.234454
-0.365147
0.24564
0.272578
-0.362949
-0.442014
0.136809
0.00884404
-0.00323357
-0.00442339
-0.0039503
-0.001749
-0.00252671
-0.00018914
-0.000979108
0.00134734
0.000584274
0.00281084
0.00208884
0.00417984
0.00350772
0.00543555
0.00482228
0.00656106
0.00601489
0.00753906
0.0070689
0.00834894
0.00796555
0.00896612
0.00868228
0.00936223
0.00919249
0.00950638
0.00946631
0.00936752
0.00947243
0.00891677
0.00918069
0.00812822
0.00856367
0.00697557
0.00759608
0.00544221
0.00625368
0.00350937
0.00452365
0.00115843
0.00238147
-0.00160567
-0.000178261
-0.00474566
-0.00313869
-0.00817327
-0.00643684
-0.0117492
-0.00995966
-0.0152746
-0.0135383
-0.0185044
-0.0169465
-0.0211993
-0.0199352
-0.0231503
-0.022282
-0.0241452
-0.0237805
-0.0239609
-0.0242113
-0.0223947
-0.0233577
-0.0192748
-0.0210342
-0.0144526
-0.0170784
-0.00783097
-0.011367
0.000679849
-0.00381641
0.01123
0.00568959
0.0239894
0.0173226
0.0391393
0.0312451
0.0570125
0.0477075
0.077318
0.0669804
0.0980001
0.0877774
0.104067
0.104111
0.105625
0.104453
0.110204
0.107532
0.118465
0.11384
0.131465
0.124316
0.150848
0.14027
0.179802
0.163718
0.224561
0.199897
0.290565
0.254491
0.185487
0.207096
0.151006
0.166985
0.126882
0.137779
0.110739
0.118026
0.100186
0.104877
0.0939331
0.0965967
0.091142
0.0921646
0.0911414
0.0908444
0.093314
0.0920084
0.0548577
0.0652052
0.0355007
0.0448877
0.0189483
0.0268156
0.00550012
0.0118386
-0.00520848
-0.000175129
-0.0134632
-0.00962825
-0.0194823
-0.0167354
-0.0234982
-0.0217244
-0.0257271
-0.02482
-0.026405
-0.0262419
-0.0257882
-0.0262414
-0.0241299
-0.0250729
-0.0216724
-0.0229878
-0.0186178
-0.0202099
-0.01514
-0.0169221
-0.0114336
-0.0133038
-0.00771783
-0.00956602
-0.0041848
-0.00592078
-0.000973588
-0.00253436
0.00182848
0.000480265
0.00418235
0.00306001
0.00609703
0.0051909
0.00760227
0.00689705
0.0087307
0.00820929
0.00950999
0.0091598
0.00996191
0.00977136
0.0101141
0.0100712
0.00999174
0.0100832
0.00962252
0.00983427
0.0090348
0.00935259
0.00825584
0.00866624
0.00731012
0.0078013
0.00621879
0.00678071
0.00500299
0.00562457
0.00368003
0.00435395
0.00227165
0.00298567
0.000811335
0.00154592
-0.000640091
7.94249e-05
-0.00196838
-0.00132899
-0.0029884
-0.00252613
-0.00100936
-0.00240709
-0.00165295
1.76253e-05
-0.00045661
0.000759375
0.000419763
0.00131173
0.00105319
0.00174133
0.00153952
0.00208457
0.00192155
0.00235486
0.0022271
0.00256676
0.00246687
0.00272722
0.00265204
0.00284177
0.00278903
0.00291358
0.00288189
0.00294418
0.00293291
0.00293389
0.00294314
0.00288209
0.00291229
0.00278753
0.00283942
0.0026481
0.00272288
0.00245897
0.00255931
0.00221295
0.00234317
0.00189933
0.00206491
0.00150242
0.00171154
0.000998116
0.00126439
0.000349347
0.0006959
-0.000526919
-5.17984e-05
-0.00178456
-0.00110118
-0.00359252
-0.00259529
-0.260548
-0.182604
-0.306784
-0.388212
-0.429804
-0.473165
-0.40282
0.215821
0.0874494
-0.0660662
0.0489007
0.107695
0.0950825
-0.00328688
-0.00487481
-0.177001
-0.298242
-0.32434
0.112518
0.196428
0.292907
0.29064
0.28299
-0.0423427
-0.437961
-0.48063
-0.461062
-0.346654
0.379433
0.33617
0.377022
0.375635
0.381629
-0.40817
-0.437777
0.161479
0.436648
0.491067
0.535921
0.553576
0.432807
0.535157
0.489615
-0.0113832
-0.362315
-0.457281
-0.454036
-0.296753
-0.0603483
0.35507
0.353322
0.242907
0.131281
-0.329765
-0.293197
-0.290345
-0.287435
-0.278518
-0.00461674
-0.00348797
-0.00255175
-0.00177381
-0.00113089
-0.000606609
-0.000178325
0.000182902
0.000496574
0.000768123
0.00100612
0.00121642
0.00140122
0.00156558
0.00171104
0.00183964
0.00195354
0.00205348
0.00214104
0.00221718
0.00228238
0.0023374
0.00238274
0.00241865
0.00244524
0.00246297
0.0024717
0.00247174
0.00246293
0.0024454
0.00241894
0.0023836
0.00233891
0.00228477
0.00222045
0.0021458
0.00205972
0.00196147
0.00185045
0.00172504
0.00158258
0.00142304
0.00124382
0.00103922
0.000805374
0.000538159
0.000228491
-0.000139739
-0.000581852
-0.0011118
-0.00174677
-0.00250236
-0.0033918
-0.00450437
-0.00433908
-0.0040037
-0.00343444
-0.00277665
-0.00201929
-0.00124566
-0.000437003
0.000353337
0.00114746
0.00191538
0.00266966
0.0033943
0.00409622
0.004766
0.00540632
0.00601218
0.00658451
0.00711898
0.00761472
0.00806822
0.0084773
0.00883867
0.00914913
0.00940539
0.00960345
0.00974017
0.00981109
0.00981359
0.00974305
0.00959728
0.00937197
0.00906567
0.00867392
0.00819625
0.00762956
0.00696557
0.00620145
0.00533923
0.00437336
0.00329883
0.00210997
0.000808113
-0.000604542
-0.00212164
-0.00373684
-0.00543781
-0.00721252
-0.00904161
-0.0109066
-0.0127793
-0.0146315
-0.0164268
-0.0181347
-0.0197248
-0.0211787
-0.0224795
-0.0236157
-0.0245693
-0.0253203
-0.0258428
-0.0261115
-0.0261018
-0.0257913
-0.0251578
-0.0241762
-0.0228221
-0.0210701
-0.0188981
-0.0162789
-0.0131845
-0.00958026
-0.00543007
-0.000692679
0.00467656
0.0107321
0.0175545
0.0252153
0.0337624
0.0431943
0.0534987
0.0643574
0.0754934
0.086516
0.0970994
0.107046
0.104028
0.101467
0.0995369
0.09829
0.0977606
0.0980628
0.0992155
0.101277
0.104343
0.108491
0.113838
0.120513
0.128688
0.13858
0.150475
0.164555
0.180715
0.199253
0.223053
0.256272
0.294431
0.332537
0.372751
0.416143
0.457982
0.490218
0.503765
0.493021
0.463621
0.423876
0.380436
0.338772
0.300456
0.267445
0.238851
0.214879
0.194679
0.177598
0.163423
0.151693
0.141929
0.133855
0.127248
0.121952
0.117804
0.114734
0.112582
0.111362
0.110938
0.111284
0.112326
0.114164
0.116689
0.120048
0.109909
0.0989732
0.087728
0.0764404
0.0654914
0.0553591
0.0460384
0.0375408
0.0298147
0.022797
0.0164277
0.0106564
0.00543739
0.000728252
-0.00350641
-0.00729822
-0.0106668
-0.0136303
-0.016196
-0.0183767
-0.0201796
-0.0216225
-0.0227166
-0.0234785
-0.0239182
-0.0240532
-0.0239008
-0.0234846
-0.0228257
-0.021944
-0.0208559
-0.0195774
-0.0181302
-0.0165416
-0.0148485
-0.013087
-0.0112954
-0.00950229
-0.00773468
-0.00601076
-0.00434954
-0.00276264
-0.00126193
0.000142852
0.00144319
0.00263882
0.00372127
0.00470545
0.00558523
0.00636316
0.00703937
0.00761937
0.00810459
0.00849933
0.00880505
0.00902612
0.00916469
0.00922544
0.00921121
0.00912679
0.00897554
0.00876206
0.00848993
0.00816314
0.00778519
0.00735912
0.00688843
0.00637478
0.00582222
0.0052303
0.00460466
0.00394163
0.00325051
0.00252184
0.00177257
0.000981961
0.000182695
-0.000667167
-0.00150183
-0.0024124
-0.00325145
-0.00420018
-0.00491247
-0.0058106
-0.00614037
-0.00588836
-0.00687251
-0.00690406
-0.433248
-0.389132
-0.386418
-0.460548
-0.313975
0.448619
0.0899341
0.256985
0.450461
0.587008
0.622626
0.596704
0.0442143
-0.122805
-0.0385453
0.517325
0.194002
0.522769
-0.312181
-0.310625
-0.424869
-0.402983
-0.00857533
-0.00850013
-0.317753
-0.35659
-0.35763
-0.394084
-0.346562
-0.00872328
-0.00778397
-0.00716184
-0.00600504
-0.00508059
-0.00395557
-0.00300296
-0.00199558
-0.00109512
-0.000183666
0.000658371
0.0014902
0.00226949
0.0030263
0.00373806
0.00441993
0.00505925
0.00566312
0.00622368
0.00674353
0.00721704
0.00764405
0.00801976
0.0083423
0.00860698
0.00881087
0.00894917
0.00901832
0.00901349
0.00893106
0.0087667
0.00851734
0.00817919
0.00774987
0.00722602
0.00660579
0.00588585
0.00506337
0.00413357
0.0030944
0.00194311
0.000687505
-0.000682837
-0.00215723
-0.00373066
-0.0053864
-0.00711715
-0.00890102
-0.0107176
-0.0125418
-0.0143516
-0.0161097
-0.017782
-0.0193218
-0.0206937
-0.0218621
-0.0228121
-0.0235301
-0.0240132
-0.0242476
-0.024221
-0.0239135
-0.0233136
-0.0224128
-0.0212093
-0.0196975
-0.0178698
-0.0157149
-0.013226
-0.0103953
-0.00721637
-0.00367163
0.000259974
0.00461891
0.0094485
0.014819
0.0207975
0.0274826
0.0349627
0.0433607
0.0527687
0.0632679
0.074673
0.08693
0.0995981
0.112096
0.123732
0.175798
0.705344
0.764872
0.312285
0.0317215
-0.182467
0.444506
0.656997
0.0878991
0.314161
0.647929
0.43596
-0.308198
-0.318595
-0.00629923
-0.00522441
-0.00401279
-0.00310625
-0.00230553
-0.00162605
-0.00107149
-0.000623408
-0.000254948
5.9418e-05
0.000331753
0.000566352
0.000770797
0.000950236
0.00110743
0.00124648
0.00136938
0.00147752
0.00157335
0.00165699
0.00173042
0.00179389
0.00184851
0.0018943
0.00193231
0.00196212
0.00198449
0.00199902
0.00200637
0.00200609
0.0019988
0.0019839
0.00196205
0.00193249
0.00189546
0.00185012
0.00179653
0.00173385
0.00166178
0.00157907
0.00148564
0.00137964
0.00125916
0.00112326
0.000969801
0.00079354
0.000590882
0.000357966
8.6327e-05
-0.000236548
-0.000623957
-0.00109906
-0.00167581
-0.00238132
-0.00322777
-0.00424435
-0.00553554
-0.00589514
-0.00563779
-0.00519009
-0.00441426
-0.00361621
-0.00271556
-0.0018436
-0.000944008
-8.47478e-05
0.000769398
0.00158357
0.00237742
0.00313349
0.00386166
0.00455298
0.00521135
0.00583194
0.0064154
0.0069584
0.00745967
0.00791635
0.00832587
0.00868523
0.00899097
0.00923978
0.00942755
0.0095509
0.00960551
0.00958804
0.00949415
0.00932117
0.00906551
0.00872523
0.00829689
0.00777937
0.00716914
0.00646461
0.00566222
0.00475553
0.0037367
0.00260089
0.00134746
-1.98278e-05
-0.0014997
-0.00308811
-0.00477527
-0.00654313
-0.00837677
-0.0102538
-0.0121548
-0.0140498
-0.0159076
-0.0176873
-0.0193529
-0.0208695
-0.0222189
-0.0233877
-0.0243731
-0.0251662
-0.0257546
-0.0261166
-0.0262311
-0.0260791
-0.025647
-0.0249229
-0.0238905
-0.0225316
-0.0208247
-0.0187514
-0.0162896
-0.0134141
-0.0100908
-0.00627501
-0.00191252
0.00306629
0.00874036
0.0152169
0.0226121
0.0310483
0.0405906
0.051222
0.0627835
0.0749015
0.0872925
0.0992985
0.110648
0.121288
0.116287
0.112205
0.108811
0.106253
0.104575
0.103814
0.104053
0.105294
0.107576
0.110967
0.115561
0.121451
0.128765
0.137657
0.148331
0.160977
0.175708
0.192789
0.212841
0.237217
0.266341
0.298148
0.331012
0.366944
0.403317
0.435476
0.456665
0.465885
0.458917
0.437435
0.407208
0.371967
0.338081
0.305403
0.275572
0.248774
0.225606
0.205466
0.188141
0.173391
0.16093
0.15045
0.141712
0.134519
0.128726
0.124203
0.120851
0.118544
0.117283
0.116985
0.117585
0.119111
0.121545
0.124803
0.128843
0.133813
-0.368227
-0.439
-0.42824
-0.396615
-0.40493
-0.0112765
-0.0109368
-0.00960835
-0.0083354
-0.00699987
-0.00577598
-0.00457447
-0.00348899
-0.0024324
-0.00145809
-0.000505992
0.000382936
0.00124574
0.00205588
0.00283553
0.00356819
0.00426643
0.00491982
0.00553486
0.00610441
0.00663105
0.00710928
0.00753906
0.00791545
0.00823668
0.00849796
0.00869635
0.00882701
0.0088861
0.00886885
0.00877145
0.00858979
0.00832052
0.00796028
0.0075064
0.00695609
0.00630718
0.00555684
0.00470258
0.00374093
0.0026687
0.00148204
0.000181334
-0.00123388
-0.00276316
-0.00439659
-0.00612663
-0.00793006
-0.00978375
-0.0116605
-0.0135336
-0.015378
-0.0171543
-0.0188263
-0.0203466
-0.0216777
-0.022783
-0.0236473
-0.0242589
-0.0246192
-0.0247215
-0.0245597
-0.0241219
-0.0234021
-0.0223989
-0.0211163
-0.0195576
-0.0177217
-0.0156065
-0.0132088
-0.0105281
-0.00756074
-0.00429535
-0.000711177
0.00323499
0.00759809
0.012472
0.0179556
0.0241943
0.0313253
0.0395425
0.049002
0.0598257
0.0719879
0.0854322
0.0998131
0.114719
0.12889
0.141162
0.150978
0.142499
0.136761
0.132061
0.128009
0.124937
0.122926
0.121994
0.122142
0.123409
0.125818
0.129392
0.134218
0.140386
0.14801
0.157224
0.168189
0.18111
0.196187
0.213544
0.233263
0.25547
0.280301
0.307547
0.336498
0.366126
0.393577
0.416785
0.432284
0.437938
0.431746
0.415172
0.391044
0.36233
0.331375
0.301324
0.272906
0.2461
0.222192
0.201754
0.184225
0.16904
0.155918
0.144716
0.135303
0.127519
0.121229
0.116315
0.112682
0.11025
0.108986
0.108849
0.109838
0.111948
0.115181
0.119528
0.12486
0.131362
0.127937
-0.00726217
-0.0077025
-0.00708019
-0.00644411
-0.00535271
-0.00442789
-0.00334478
-0.0023834
-0.0013814
-0.000462068
0.000452135
0.00130688
0.00213815
0.0029219
0.00367429
0.00438442
0.00505897
0.00569242
0.0062865
0.0068376
0.00734486
0.00780538
0.00821678
0.00857593
0.00887955
0.00912404
0.00930549
0.00942006
0.00946358
0.0094321
0.00932202
0.0091298
0.0088528
0.00848799
0.00803367
0.00748687
0.00684603
0.00610761
0.00527006
0.00432675
0.00327414
0.00210609
0.000817473
-0.000597214
-0.00213819
-0.0037998
-0.00555564
-0.00739503
-0.00929416
-0.0112347
-0.0131832
-0.0151174
-0.0169915
-0.0187735
-0.0204153
-0.0218931
-0.0231756
-0.0242609
-0.0251376
-0.0258138
-0.0262743
-0.0265136
-0.0265083
-0.0262518
-0.0257303
-0.0249444
-0.0238812
-0.0225362
-0.02089
-0.0189369
-0.0166535
-0.0140321
-0.0110278
-0.0076128
-0.00369462
0.00078617
0.00597881
0.0119725
0.0189981
0.027194
0.0368391
0.0477914
0.0600821
0.0734572
0.0874029
0.101474
0.115207
-0.00671509
-0.00491815
-0.00550827
-0.00446388
-0.00332454
-0.00255388
-0.00190188
-0.00135823
-0.000923647
-0.000568304
-0.000269718
-1.27771e-05
0.000209146
0.000399614
0.000565013
0.000709652
0.000835991
0.000947322
0.00104548
0.00113159
0.00120784
0.00127425
0.00133255
0.00138284
0.00142611
0.00146228
0.00149225
0.00151571
0.00153334
0.00154483
0.00155072
0.00155065
0.00154502
0.00153342
0.00151617
0.00149282
0.00146353
0.00142771
0.00138535
0.00133578
0.00127873
0.00121311
0.00113886
0.00105439
0.000958125
0.000849057
0.000725427
0.000583009
0.000418677
0.000228703
5.99168e-06
-0.000255291
-0.000571457
-0.000958176
-0.00143776
-0.00203531
-0.00278217
-0.00369945
-0.31219
0.541138
0.250279
0.549055
-0.0770121
0.676195
-0.261543
-0.334967
0.41721
0.173284
0.415583
0.702694
-0.00420754
0.232147
0.0029619
-0.0103981
-0.00913615
-0.0052082
-0.00716069
-0.412173
-0.345621
0.151262
0.160379
0.160555
-0.322865
0.167672
0.160757
-0.00416545
-0.165075
0.0757401
0.535566
0.323321
0.553294
-0.33253
-0.0026697
-0.00341122
-0.00151154
-0.00203003
-0.000738542
-0.00108329
-0.000230374
-0.00045878
0.000126182
-3.7868e-05
0.000388692
0.000266624
0.000585264
0.000493409
0.000736324
0.000664847
0.000852485
0.000797293
0.000941968
0.000899384
0.00100887
0.000976973
0.00105609
0.0010337
0.0010854
0.00107169
0.00109774
0.00109231
0.00109384
0.00109667
0.0010727
0.00108439
0.00103327
0.00105428
0.000974763
0.00100551
0.000895123
0.000936828
0.000790595
0.000845549
0.000655142
0.000726548
0.000479478
0.000572323
0.000249269
0.000371705
-5.79273e-05
0.000107331
-0.00047332
-0.000249855
-0.00105196
-0.000735652
-0.00194084
-0.00144895
-0.00338523
-0.00253767
-0.00388684
0.120501
0.136781
0.0870014
0.103668
0.0564535
0.0711352
0.0320217
0.0433352
0.0147167
0.0225474
0.00280506
0.00823421
-0.00574422
-0.00179831
-0.0121826
-0.00917101
-0.0172246
-0.0148526
-0.0211535
-0.0193214
-0.0240451
-0.0227265
-0.0259317
-0.0251131
-0.026817
-0.0264997
-0.0267247
-0.0268888
-0.0257299
-0.0263361
-0.0238668
-0.0249079
-0.0211449
-0.022609
-0.0177068
-0.0194997
-0.0138348
-0.0158054
-0.00985149
-0.0118397
-0.00600416
-0.00789254
-0.00252208
-0.00420623
0.00048234
-0.000956692
0.00298985
0.00179734
0.00503146
0.00406663
0.00664817
0.00589094
0.0078715
0.007308
0.00872104
0.00834233
0.00921438
0.00901137
0.00937399
0.00933463
0.00922824
0.00933778
0.00880871
0.0090511
0.00814692
0.00850667
0.00727071
0.00773455
0.00620226
0.00675982
0.00495806
0.00560152
0.00354839
0.00427329
0.00197472
0.00278053
0.000230983
0.00111909
-0.00169441
-0.000724415
-0.00381234
-0.00277428
-0.00609454
-0.00506308
-0.00827119
-0.00758916
-0.00990413
0.14452
0.151306
0.133291
0.138322
0.127044
0.129524
0.125853
0.125839
0.129593
0.127118
0.138378
0.133339
0.152772
0.144837
0.173642
0.162343
0.202044
0.186854
0.23873
0.219339
0.283544
0.26022
0.333984
0.308383
0.382086
0.35927
0.412984
0.400768
0.412666
0.417168
0.380017
0.399546
0.329319
0.355981
0.276391
0.302523
0.228737
0.251603
0.190413
0.208309
0.161399
0.174877
0.140084
0.149857
0.125412
0.131988
0.116487
0.120285
0.112716
0.113983
0.113922
0.112703
0.120297
0.11645
0.132609
0.125601
0.141112
0.134607
0.149477
0.099354
0.116857
0.06836
0.0829233
0.0443432
0.0554086
0.0270901
0.0349249
0.014764
0.0204174
0.00551299
0.00982497
-0.00188893
0.00162419
-0.00812054
-0.00513496
-0.0134196
-0.0108871
-0.0177942
-0.0157273
-0.021202
-0.0196231
-0.0235868
-0.0225283
-0.0248845
-0.0243746
-0.0250966
-0.0251258
-0.0242449
-0.0248057
-0.0223396
-0.0234224
-0.0195064
-0.0210261
-0.0160264
-0.0178288
-0.012226
-0.0141485
-0.00839792
-0.0102989
-0.00478787
-0.00655192
-0.00156473
-0.00312339
0.00120054
-0.000123995
0.00349923
0.00240619
0.00535377
0.00447948
0.00678869
0.00612167
0.00782381
0.00735451
0.00847862
0.00819697
0.00877714
0.00867041
0.00874895
0.00880164
0.00842832
0.00862283
0.00784911
0.008169
0.007041
0.00747203
0.00602864
0.00655921
0.00483058
0.00545238
0.00345837
0.00416671
0.00191618
0.00271025
0.000200051
0.00108349
-0.00170366
-0.000721768
-0.00382025
-0.00272349
-0.00619888
-0.00494981
-0.009215
-0.00754442
-0.0130943
-0.0111197
-0.0153019
-0.014473
-0.380167
-0.00789505
-0.0116406
0.184772
0.173746
0.182605
0.176217
-0.0072012
-0.0172473
-0.0198545
-0.0118897
-0.0144432
-0.00792611
-0.00972605
-0.00515531
-0.00641516
-0.0028576
-0.0039658
-0.000816182
-0.00181027
0.00101487
0.000121966
0.00265834
0.00185767
0.00412533
0.00341265
0.00541717
0.00479277
0.00652687
0.00599511
0.00743989
0.00700886
0.00813448
0.00781589
0.00858282
0.00839104
0.00875359
0.00870468
0.00861164
0.00872316
0.00812485
0.00841215
0.00726624
0.00774242
0.00601424
0.0066895
0.00435043
0.00523387
0.00225498
0.00335694
-0.000294172
0.00103718
-0.0033094
-0.001745
-0.00675829
-0.00498559
-0.0105248
-0.00861438
-0.0144024
-0.0124654
-0.0181004
-0.0162926
-0.0212947
-0.0197814
-0.0236767
-0.0226027
-0.0250518
-0.0244978
-0.0253481
-0.0253357
-0.0245531
-0.0250877
-0.0226665
-0.0237447
-0.0197372
-0.0213273
-0.0158507
-0.0179082
-0.0111021
-0.0135784
-0.00558929
-0.00843767
0.000665411
-0.00256392
0.00792501
0.00412752
0.0171043
0.0121679
0.0302252
0.022985
0.0501737
0.0391398
0.0787025
0.0634378
0.116793
0.096689
0.156804
0.137693
0.172407
0.148751
0.161916
0.129998
0.138102
0.119482
0.123875
0.115266
0.116669
0.116453
0.115208
0.122903
0.119016
0.134929
0.128187
0.153228
0.143246
0.17867
0.165006
0.21226
0.194381
0.254584
0.232368
0.30295
0.278327
0.351638
0.327892
0.389033
0.372489
0.404106
0.400125
0.39067
0.400626
0.355101
0.374959
0.308711
0.332405
0.262874
0.28524
0.222983
0.242049
0.190519
0.205797
0.165652
0.177168
0.147739
0.155889
0.135923
0.141123
0.129566
0.132094
0.128399
0.128343
0.132659
0.129818
0.143105
0.137039
0.160819
0.151049
0.172565
-0.0107576
-0.010632
-0.00819638
-0.00920346
-0.00537999
-0.00659985
-0.00296126
-0.00408279
-0.000848929
-0.00185875
0.00102943
0.000120511
0.00271168
0.00189429
0.00421798
0.0034861
0.00555483
0.00490729
0.0067188
0.0061589
0.00769625
0.00723148
0.00846824
0.008109
0.00900988
0.00876928
0.00929146
0.00918483
0.009281
0.00932441
0.00894779
0.0091562
0.00826572
0.00865146
0.00721451
0.00778705
0.00577652
0.00654477
0.0039284
0.00490537
0.00163465
0.0028396
-0.00114421
0.000307265
-0.00441724
-0.00272099
-0.00812083
-0.00622423
-0.0120965
-0.0100841
-0.0160962
-0.0141077
-0.019801
-0.0180053
-0.0229097
-0.0214461
-0.0252139
-0.0241687
-0.0266349
-0.026036
-0.0271498
-0.0270075
-0.0267158
-0.0270543
-0.0253005
-0.0261307
-0.0229154
-0.0242273
-0.0195897
-0.021368
-0.0153538
-0.0175846
-0.0101792
-0.0128934
-0.00376195
-0.00716786
0.00488961
0.000176419
0.0178872
0.0106665
0.0381015
0.0269102
0.0674143
0.0516103
0.104843
0.08528
0.145133
0.124919
0.163188
-0.00254675
-0.00240552
-0.0023896
-0.00163427
-0.00225209
-0.000930398
-0.00124942
-0.00048251
-0.000678868
-0.000178103
-0.000317769
4.39217e-05
-5.86151e-05
0.000207497
0.000131369
0.000331532
0.000273669
0.00042658
0.000381922
0.00049973
0.000465094
0.000555698
0.00052912
0.000597755
0.00057781
0.000627651
0.000613531
0.000646336
0.000637712
0.000654156
0.000650915
0.000651526
0.000653397
0.000638739
0.000645626
0.000615745
0.000627912
0.000581389
0.000599469
0.000534221
0.000558973
0.000471858
0.000504537
0.00039069
0.000433665
0.000285399
0.000341074
0.000145884
0.0002205
-4.00747e-05
5.9632e-05
-0.00029128
-0.000155541
-0.000655669
-0.000455076
-0.00121968
-0.000905971
-0.00200344
-0.00159289
-0.00272246
-0.326978
-0.013069
-0.109141
-0.37222
-0.0287913
-0.608906
-0.385358
-0.453396
-0.361303
-0.332315
-0.305137
0.656231
0.809708
0.885394
0.817342
0.675601
-0.392753
-0.410815
-0.488492
-0.456189
-0.653246
-0.2766
0.0522996
-0.0967112
0.0931901
-0.0252927
-0.0189857
-0.0149265
-0.011644
-0.00955316
-0.00772002
-0.00638234
-0.00512206
-0.00393877
-0.00282894
-0.00178292
-0.000791583
0.00014519
0.00103543
0.00187741
0.00267638
0.00343039
0.00414225
0.00480985
0.00543412
0.00601259
0.00654472
0.00702751
0.00745923
0.00783625
0.00815587
0.00841394
0.00860722
0.0087312
0.00878206
0.00875462
0.00864515
0.00844928
0.00816403
0.00778518
0.00731064
0.00673675
0.00606202
0.00528311
0.00439861
0.00340505
0.00230081
0.00108244
-0.000250827
-0.00170044
-0.00326335
-0.00493448
-0.00670234
-0.00855197
-0.0104596
-0.0123982
-0.0143396
-0.0162533
-0.0180858
-0.0197984
-0.021351
-0.0227045
-0.0238275
-0.024697
-0.0253086
-0.0256507
-0.0257208
-0.0255151
-0.0250359
-0.0242809
-0.0232582
-0.0219724
-0.0204394
-0.0186688
-0.0166805
-0.0144875
-0.0121148
-0.00957815
-0.00690108
-0.00408822
-0.00113833
0.00198997
0.00537242
0.00916173
0.0135862
0.0189851
0.0257828
0.0344769
0.0455502
0.0593222
0.0758826
0.0959254
0.119325
0.146202
0.173886
0.197742
0.218896
0.191943
0.170402
0.153779
0.141243
0.132284
0.125671
0.121001
0.118017
0.116523
0.116425
0.117673
0.120259
0.124201
0.129558
0.136397
0.144819
0.154925
0.166837
0.180675
0.196568
0.214567
0.234587
0.256263
0.279224
0.302963
0.326492
0.348969
0.368715
0.384231
0.394051
0.397555
0.39448
0.385037
0.370247
0.351535
0.33042
0.308242
0.285946
0.264201
0.243622
0.224644
0.207509
0.192251
0.178849
0.167248
0.157379
0.149137
0.142434
0.137178
0.133305
0.130766
0.129549
0.129672
0.13121
0.134257
0.138999
0.145812
0.155165
0.167861
0.18463
0.206409
0.260809
-0.00994251
-0.0159962
-0.0139815
-0.012085
-0.00975754
-0.00821722
-0.00666498
-0.00536171
-0.00409831
-0.00295514
-0.00186534
-0.000849022
0.000115884
0.00102699
0.00189122
0.0027101
0.00348494
0.00421768
0.00490773
0.00555613
0.00616129
0.00672226
0.0072362
0.00770214
0.00811709
0.00847856
0.00878255
0.00902592
0.00920431
0.00931421
0.00935109
0.00931145
0.009191
0.00898663
0.00869467
0.0083127
0.00783769
0.00726771
0.00659993
0.00583216
0.00496072
0.0039823
0.00289206
0.00168576
0.000358636
-0.00109137
-0.00266451
-0.00435619
-0.00615744
-0.00805151
-0.0100175
-0.0120296
-0.0140644
-0.0160613
-0.0179985
-0.0198334
-0.0215263
-0.0230438
-0.0243593
-0.0254574
-0.0263372
-0.0269941
-0.0274216
-0.0276168
-0.0275728
-0.0272864
-0.0267539
-0.0259789
-0.0249644
-0.0237194
-0.022251
-0.0205728
-0.0186955
-0.016633
-0.0143879
-0.011952
-0.00928331
-0.00629702
-0.00283602
0.0013425
0.00658748
0.0133415
0.0221083
0.0333627
0.0474739
0.0645917
0.0845964
0.107071
0.131528
0.156129
0.178197
0.202929
0.254412
0.0367445
0.0181839
0.00332322
0.000101976
-0.000667345
-0.00058478
-0.000493881
-0.000373447
-0.000278976
-0.000205881
-0.000143763
-9.21538e-05
-4.85965e-05
-1.13569e-05
2.00735e-05
4.74345e-05
7.1566e-05
9.21074e-05
0.000110358
0.000126175
0.000139966
0.00015218
0.00016273
0.000172156
0.000180443
0.000187743
0.000193923
0.000199122
0.000203042
0.000205942
0.000207591
0.000208386
0.000208149
0.000207143
0.000205046
0.000202372
0.000198741
0.00019429
0.00018873
0.000182151
0.000174384
0.000165444
0.000154989
0.000143164
0.000129758
0.000114175
9.65664e-05
7.66711e-05
5.36153e-05
2.68481e-05
-3.63673e-06
-3.88709e-05
-7.87155e-05
-0.000123936
-0.000176464
-0.000237727
-0.000305876
-0.000355325
-0.000270294
0.000449927
0.00379674
0.0127297
0.0106002
-0.303933
-0.0447109
0.199372
-0.00307747
)
;

boundaryField
{
    frontandback
    {
        type            empty;
    }
    walls
    {
        type            zeroGradient;
    }
    diamond
    {
        type            zeroGradient;
    }
    inlet
    {
        type            zeroGradient;
    }
    outlet
    {
        type            fixedValue;
        value           uniform 0;
    }
}


// ************************************************************************* //
