/*--------------------------------*- C++ -*----------------------------------*\
  =========                 |
  \\      /  F ield         | OpenFOAM: The Open Source CFD Toolbox
   \\    /   O peration     | Website:  https://openfoam.org
    \\  /    A nd           | Version:  10
     \\/     M anipulation  |
\*---------------------------------------------------------------------------*/
FoamFile
{
    format      ascii;
    class       volScalarField;
    location    "26";
    object      p;
}
// * * * * * * * * * * * * * * * * * * * * * * * * * * * * * * * * * * * * * //

dimensions      [0 2 -2 0 0 0 0];

internalField   nonuniform List<scalar> 
8711
(
0.0392423
0.0370967
0.0422684
0.013768
0.0174237
0.0114329
0.128612
0.129493
0.720882
0.707338
0.544808
0.315731
-0.115127
-0.105139
-0.0736347
-0.0759375
0.0205736
0.0146043
0.00623433
0.0644638
0.0630597
0.0548525
0.0565889
0.0417473
-0.13192
-0.0835721
-0.175094
-0.220898
0.00198102
0.00243607
0.00388942
-0.668604
-0.650261
-0.429314
-0.470462
0.255723
0.246799
0.191723
0.197557
0.190037
0.235038
0.208398
-0.353927
-0.323126
0.27719
0.141504
-0.628986
-0.620071
-0.605328
0.0726201
0.0726499
0.0730621
0.0726139
0.0391354
0.0421463
0.0454301
-0.0490417
-0.0445119
-0.0735009
-0.0629753
-0.158036
-0.14577
-0.150396
-0.159285
0.142952
0.139273
0.129695
0.0491863
0.0494827
0.0548094
-0.118361
-0.118942
-0.0966026
-0.093566
0.0836595
0.0850531
0.0774012
0.0758171
0.0503489
0.0326716
0.0237824
-0.084367
-0.065921
0.0465183
0.0458235
0.0455941
-0.0724914
-0.069996
-0.00410763
-0.0225093
0.0516389
0.0492342
0.050818
0.0712036
0.080743
0.0604795
0.0753371
0.0797763
0.0663041
0.03731
0.0438107
0.400386
0.395634
-0.129081
-0.150198
-0.164473
-0.167681
-0.15945
-0.143526
-0.123365
-0.103965
-0.0871092
-0.0740432
-0.0651961
-0.0605618
-0.0594569
-0.0616222
-0.0676809
-0.0689216
-0.0782019
-0.0812709
-0.0579398
-0.0616515
-0.0607643
-0.0576704
-0.0785435
-0.0676757
-0.10891
-0.0927154
-0.138332
-0.125031
-0.141514
-0.144152
-0.109308
-0.12872
-0.0884462
-0.16711
-0.142844
-0.18577
-0.182904
-0.157011
-0.176362
-0.111491
-0.133747
-0.0770251
-0.0922377
-0.0606072
-0.0664665
-0.0593091
-0.0583556
-0.0725189
-0.0637744
-0.0853312
-0.0763133
-0.111657
-0.097659
-0.101591
-0.0572726
-0.0878209
-0.0672065
-0.0812823
-0.0537635
-0.0592075
-0.0534816
-0.052319
-0.0668861
-0.0586714
-0.0912227
-0.0782683
-0.113887
-0.104502
-0.114951
-0.119081
-0.0864797
-0.103453
-0.0583105
-0.0711945
-0.130514
-0.117996
-0.121999
-0.0948552
-0.179788
-0.15236
-0.199919
-0.196653
-0.16462
-0.187027
-0.114341
-0.139469
-0.0765338
-0.0934186
-0.0575083
-0.0647227
-0.0544342
-0.0545926
-0.0641263
-0.0576421
-0.087947
-0.0748036
-0.137944
-0.138777
-0.0654395
-0.101985
-0.043493
-0.0525113
-0.0323663
-0.0330019
-0.155851
-0.1666
-0.13778
-0.0586123
-0.0571198
-0.0953465
-0.116879
-0.0625236
-0.0773033
-0.0472516
-0.0537172
-0.044129
-0.0445764
-0.05278
-0.0472804
-0.0716206
-0.0619471
-0.0894456
-0.0817772
-0.0871412
-0.0917348
-0.0643753
-0.0785998
-0.0409086
-0.051854
-0.0346663
-0.0725341
-0.0842384
-0.0713519
-0.045905
-0.0388052
-0.0528943
-0.124257
-0.0949725
-0.185838
-0.156257
-0.204762
-0.203346
-0.166115
-0.189573
-0.111816
-0.13932
-0.0723426
-0.0898323
-0.0519186
-0.0601462
-0.0469904
-0.048093
-0.0538981
-0.0493457
-0.0622915
-0.147319
-0.157414
-0.114521
-0.132848
-0.0575387
-0.0440496
-0.0372878
-0.0451073
-0.035769
-0.136162
-0.0949416
-0.0506192
-0.0495723
-0.0295026
-0.029058
-0.0173016
-0.0390659
-0.0492196
-0.0430618
-0.0526898
-0.0576383
-0.0462194
-0.0658873
-0.089407
-0.110378
-0.0556013
-0.0702412
-0.0384727
-0.0455786
-0.0330006
-0.0345812
-0.0381297
-0.034347
-0.0516423
-0.0442525
-0.0644753
-0.0594625
-0.0611577
-0.0652083
-0.0428818
-0.0531501
-0.0243998
-0.0329234
-0.0200452
-0.0209117
-0.0244238
-0.0210185
-0.0325533
-0.0645924
-0.0452507
-0.119705
-0.088701
-0.184226
-0.153772
-0.200698
-0.200855
-0.160437
-0.185085
-0.10398
-0.131978
-0.0645305
-0.0818272
-0.0441119
-0.0523816
-0.0379101
-0.0397347
-0.0424743
-0.039062
-0.0566045
-0.0485506
-0.0747801
-0.0659981
-0.172323
-0.168034
-0.158426
-0.168841
-0.123544
-0.142824
-0.0808821
-0.102408
-0.0522858
-0.0234616
-0.00882442
-0.0553941
-0.0607112
-0.0468404
-0.0512661
-0.0359187
-0.0520441
-0.0370659
-0.0581727
-0.0666968
-0.0773625
-0.123009
-0.137891
-0.0789896
-0.100362
-0.046005
-0.0602657
-0.0280124
-0.0356044
-0.0205294
-0.0231581
-0.022516
-0.020413
-0.0318264
-0.0266611
-0.0404059
-0.0369047
-0.0367217
-0.0403456
-0.0220569
-0.0299429
-0.00984216
-0.014845
-0.00768289
-0.00793878
-0.0141126
-0.00962164
-0.0223756
0.006717
-0.00528796
0.0174941
0.0140634
-0.0164439
-0.00363652
-0.0527321
-0.0329706
-0.109254
-0.0775361
-0.173393
-0.14336
-0.188841
-0.189724
-0.146104
-0.171651
-0.0915533
-0.117813
-0.0541454
-0.0705153
-0.0346403
-0.0426405
-0.0276911
-0.0299947
-0.0303674
-0.0277661
-0.0405678
-0.0346845
-0.0477119
-0.163768
-0.173681
-0.171994
-0.161168
-0.171434
-0.126469
-0.145645
-0.0833532
-0.105341
-0.0619897
-0.0511037
-0.133737
-0.141435
0.0136856
-0.12941
-0.0479158
-0.058717
-0.0401876
-0.0719149
-0.0426223
-0.0271127
-0.0876995
-0.0107263
-0.101365
-0.120557
-0.0449507
-0.105135
-0.121037
-0.0648876
-0.0852146
-0.0340557
-0.0477045
-0.0162818
-0.0240189
-0.00745983
-0.0109347
-0.00687934
-0.00619229
-0.0129297
-0.00945951
-0.0184394
-0.0163233
-0.0146449
-0.0178474
-0.0035547
-0.00928322
0.00359624
0.00101886
0.00398066
0.00425316
-0.00280182
0.00129768
-0.0222703
-0.0110556
-0.0598409
-0.038397
0.0380272
0.0358715
0.0243015
0.0330986
-0.000126019
0.0131453
-0.0358309
-0.0162844
-0.0925711
-0.0618587
-0.154417
-0.125541
-0.167969
-0.171686
-0.125847
-0.15038
-0.0758109
-0.09964
-0.0418856
-0.0567415
-0.0240199
-0.0314142
-0.0170297
-0.0195593
-0.0175727
-0.0165274
-0.0250743
-0.0212902
-0.0361931
-0.0306882
-0.0413512
-0.107092
-0.085546
-0.158216
-0.115919
-0.135844
-0.1685
-0.166545
-0.155886
-0.165378
-0.123263
-0.141341
-0.0819777
-0.103148
-0.060795
-0.0554205
-0.0541477
-0.0712458
-0.0393058
-0.0229098
-0.0243134
-0.0481934
-0.0924287
-0.0327281
-0.116087
-0.0139085
-0.129835
0.030408
-0.116895
-0.148761
-0.0989835
-0.104827
-0.128597
-0.115648
-0.116862
-0.084899
-0.100201
-0.0482402
-0.0664562
-0.0206985
-0.0334356
-0.0038961
-0.0113301
0.0054924
0.00151296
0.00793709
0.00753395
0.00444345
0.00660226
0.0011154
0.00226357
0.00463407
0.00196968
0.0122477
0.00853144
0.0157069
0.0147152
0.0143419
0.0154361
0.00769613
0.0117917
-0.008457
0.000947483
-0.0401829
-0.0222625
-0.082773
-0.0599783
-0.158056
-0.146774
-0.112798
0.0558595
0.0567063
0.0560368
0.0422679
0.0506404
0.0177974
0.0312457
-0.0171912
0.0018189
-0.0712443
-0.0417114
-0.127921
-0.102251
-0.138793
-0.13801
-0.101225
-0.123186
-0.0576646
-0.0782434
-0.0285337
-0.0413111
-0.0129697
-0.0194724
-0.00635357
-0.00889373
-0.00581775
-0.00546069
-0.0110935
-0.00796972
-0.0187326
-0.0156946
-0.0205841
-0.141305
-0.123263
-0.154988
-0.151339
-0.144697
-0.152943
-0.115533
-0.131704
-0.0777024
-0.0971436
-0.0579503
-0.0651133
-0.0798075
-0.00814194
-0.00691715
-0.0662026
-0.0902885
-0.0590416
-0.121194
-0.0412225
-0.151762
-0.0108982
0.0582035
0.0318039
-0.175416
-0.194576
-0.195129
-0.17317
-0.0799526
-0.0839614
-0.127693
-0.0882036
-0.0882925
-0.0625167
-0.0763868
-0.0312357
-0.0463589
-0.00718592
-0.017981
0.00834759
0.0014537
0.0177382
0.0136189
0.0213486
0.0202214
0.0197727
0.0209355
0.0180275
0.0185004
0.0209085
0.0189087
0.0253339
0.0233858
0.0261157
0.0261986
0.0237364
0.0252356
0.0172099
0.0211436
0.00437961
0.0113754
-0.020257
-0.00698184
-0.0504581
-0.035209
-0.0665326
0.0778343
0.0595338
0.0795689
0.0795455
0.0717152
0.0748336
0.0592483
0.0663763
0.0361467
0.0483823
0.00293838
0.0209839
-0.0473774
-0.020024
-0.099011
-0.0759222
-0.107026
-0.108685
-0.074438
-0.0930774
-0.0386903
-0.0554611
-0.0149981
-0.0254203
-0.00203592
-0.00750178
0.00380281
0.00148927
0.00503684
0.00489695
0.0014691
0.00374305
-0.00425193
-0.00144576
-0.00693374
-0.0895066
-0.0514225
-0.0706568
-0.121413
-0.105708
-0.136669
-0.131409
-0.129687
-0.135998
-0.105166
-0.118962
-0.0716809
-0.0890232
-0.035889
-0.0537694
-0.00562506
-0.0197926
-0.0811779
-0.0830675
-0.116564
-0.0731432
-0.155707
-0.00532387
0.00673143
0.00627196
-0.0503112
-0.014183
0.0307331
0.0774091
0.0599098
-0.191531
-0.220334
-0.230903
-0.216287
-0.173786
-0.0348018
-0.0821709
-0.116667
-0.0702092
-0.035059
-0.0194764
-0.0581455
-0.0479298
-0.0606475
-0.0629485
-0.0386511
-0.0516504
-0.0137092
-0.0260152
0.00634075
-0.00275415
0.0199663
0.0138013
0.0288544
0.0248745
0.0329802
0.0314773
0.0327206
0.0331657
0.0320846
0.0321274
0.0341147
0.0328666
0.0358348
0.0352908
0.0348522
0.0355987
0.0320374
0.0336689
0.0260189
0.0295386
0.0152373
0.0212069
-0.00209558
0.00704447
-0.0241944
-0.0135053
-0.0416345
-0.0336957
-0.0423607
-0.0454226
0.0920677
0.073118
0.0819032
0.0878647
0.0931299
0.0935712
0.0867185
0.0906665
0.0747347
0.0817524
0.0539443
0.0650067
0.023829
0.0405401
-0.0228816
0.00228443
-0.0686236
-0.0485256
-0.0739141
-0.0763713
-0.0475795
-0.0623008
-0.0201632
-0.03297
-0.00196263
-0.0100143
0.00831498
0.0039349
0.0131871
0.0112124
0.0146476
0.0142577
0.0122641
0.0140578
0.00785667
0.0103574
0.00596623
0.006117
0.00670054
-0.0713209
-0.0536781
-0.101106
-0.0862242
-0.116811
-0.111104
-0.113366
-0.117477
-0.0940015
-0.105217
-0.0652942
-0.0803327
-0.0332465
-0.0493676
-0.0184736
-0.103156
-0.0309238
-0.0569113
-0.0185467
-0.103632
-0.148047
-0.00626743
0.00510033
-0.0876218
-0.0543827
-0.00888959
0.0335116
0.0584317
0.074045
0.0660599
-0.232422
-0.254506
-0.249773
-0.215832
-0.15917
-0.0889846
-0.0206139
-0.00491593
-0.0168187
0.0168449
0.0175567
-0.00699891
-0.193477
-0.0348371
-0.0271377
-0.0337252
-0.0377198
-0.0165128
-0.0267261
0.00345899
-0.00613176
0.0193254
0.012
0.0306689
0.0254379
0.0385799
0.0349842
0.0426914
0.0410821
0.0433294
0.0432427
0.0434413
0.0432502
0.0443745
0.0439307
0.0440235
0.0444616
0.0420257
0.0431312
0.0390069
0.0406883
0.0336594
0.036675
0.0250969
0.0297842
0.0130575
0.0194139
-0.00192785
0.00497206
-0.0113816
-0.0086735
-0.00864209
-0.0117093
-0.029725
0.00466742
-0.00270758
0.086484
0.064678
0.0692258
0.0784901
0.0982204
0.0930899
0.10254
0.101405
0.0985979
0.101533
0.0884193
0.0944746
0.070837
0.0804952
0.0430089
0.0585734
0.000127853
0.022874
-0.0384933
-0.0218954
-0.0416713
-0.0439696
-0.0224943
-0.0330359
-0.00308535
-0.012165
0.010059
0.0041937
0.0177893
0.0144481
0.0216165
0.0200402
0.022977
0.0225168
0.022079
0.0227459
0.0185909
0.0202757
0.0173784
0.0175429
0.0178034
-0.0530414
-0.0372774
-0.0813452
-0.0674112
-0.0977665
-0.0914761
-0.0979493
-0.0998473
-0.0837056
-0.0923513
-0.0597992
-0.0725636
-0.0322681
-0.0461667
-0.0189198
-0.129676
0.0150172
-0.123927
-0.0973761
-0.0524392
-0.00226917
0.0358298
0.0534003
-0.262426
-0.269703
-0.245699
-0.192523
0.057072
0.0586931
0.0537361
-0.122464
-0.0537341
0.0202185
0.00852757
-0.181109
0.000927042
-0.228539
0.0257513
0.00174647
0.00755552
-0.0120386
-0.00585946
-0.00991532
-0.014126
0.0041142
-0.00397729
0.0194238
0.0121271
0.031318
0.0257413
0.0402994
0.0360896
0.0469186
0.0438758
0.0506946
0.0491346
0.0519104
0.0514696
0.0522875
0.052117
0.0520107
0.0523035
0.0503552
0.0513381
0.0479152
0.0491712
0.0448281
0.0465083
0.0401129
0.0426915
0.0333661
0.0369776
0.0248171
0.0292834
0.0152366
0.0198764
0.0117459
0.0117793
0.015276
0.0129937
0.0270771
0.0187191
0.050776
0.060752
0.041834
0.0717133
0.0466652
0.0506576
0.0617931
0.0885854
0.0806625
0.100883
0.0951358
0.106982
0.104641
0.106238
0.107323
0.0985884
0.103157
0.0838624
0.0921943
0.0583327
0.0726489
0.0207595
0.0402165
-0.00888581
0.00323148
-0.0124346
-0.0135488
-0.000524712
-0.00710498
0.0119262
0.00604077
0.0207422
0.0167613
0.0261949
0.0238004
0.0290158
0.027836
0.0301533
0.0296953
0.0297954
0.0301571
0.0282925
0.0288536
0.02639
0.0267809
0.0261549
0.0266821
0.023297
0.026138
-0.00645329
0.00898911
-0.0364317
-0.0217411
-0.0631318
-0.050241
-0.0809118
-0.0737718
-0.0848296
-0.0845841
-0.0753891
-0.0816052
-0.0562192
-0.066669
-0.0326081
-0.0446497
-0.00850742
-0.0203312
0.0117854
0.00233727
0.0194624
-0.156752
-0.13952
-0.0989198
-0.0446578
0.00486293
0.0350629
-0.273151
-0.261539
-0.217269
0.0457179
0.0463768
0.0412513
-0.151017
-0.0777183
-0.0112498
0.0382629
0.0333
0.0369865
0.0792768
0.0766781
0.0235193
0.0414096
0.0353097
0.0214053
-0.20998
0.0260429
-0.25319
0.0192035
0.0272204
0.00842317
0.0129514
0.00997425
0.00730066
0.022089
0.0153575
0.0337599
0.0283524
0.0421892
0.0382203
0.0489089
0.0457047
0.0541324
0.0517054
0.0573838
0.0559819
0.058742
0.0582184
0.0588363
0.0589144
0.0575265
0.0583315
0.0552403
0.0564523
0.0526465
0.0539594
0.0495964
0.0512203
0.0454926
0.0476801
0.0401749
0.0429679
0.03392
0.0371306
0.0279635
0.0307055
0.0272621
0.0267112
0.0314627
0.028673
0.0431891
0.0355253
0.0671847
0.054264
0.0955684
0.0901383
0.07954
0.0535034
0.0248637
0.0304139
0.0423222
0.0731803
0.0637914
0.0890949
0.0815208
0.101073
0.0955172
0.108167
0.105229
0.109378
0.109541
0.104217
0.107461
0.0920021
0.0990826
0.0697521
0.0821483
0.0392083
0.0546769
0.0165462
0.025883
0.0121128
0.0125503
0.0176681
0.0143997
0.0245764
0.0212226
0.0299234
0.0274652
0.0334519
0.0318754
0.0353641
0.0345549
0.0361834
0.0358261
0.036194
0.0362666
0.0352192
0.0358184
0.0336896
0.0343373
0.0331297
0.0336484
0.0306262
0.0327387
0.029687
0.00656544
0.020841
-0.0218669
-0.0078186
-0.047976
-0.0352975
-0.0670992
-0.0588454
-0.074591
-0.0723852
-0.0695552
-0.0735263
-0.0546
-0.0630522
-0.0341363
-0.0447635
-0.0120026
-0.0229832
0.00753821
-0.00161897
0.0153462
-0.179042
-0.145661
-0.0915655
-0.0331615
0.00982164
-0.260868
-0.230186
0.0302006
0.0356572
0.0335062
-0.171566
-0.0984544
-0.0262942
0.0267169
0.0298924
0.0181076
0.0758688
0.0181712
0.0104751
0.100752
0.0964674
0.106399
0.0225468
0.0496126
0.0448858
0.0171563
-0.228231
0.0462703
0.0383923
0.0318548
-0.258906
0.033986
0.0395618
0.026099
0.0282677
0.0267665
0.0249299
0.0368601
0.0311954
0.0461485
0.0419693
0.0519727
0.049287
0.0566439
0.0543839
0.0604631
0.05867
0.0629702
0.0618745
0.0639334
0.063623
0.0633352
0.0638189
0.0614847
0.0625354
0.0589821
0.0602603
0.0563615
0.0576849
0.0534293
0.0549574
0.0498847
0.0517317
0.0457273
0.0478663
0.0412431
0.043492
0.0377169
0.0392063
0.0380024
0.0373747
0.0427211
0.0396117
0.0523263
0.0466411
0.0697137
0.0606905
0.0843359
0.0778811
0.0982954
0.0874329
0.0877357
0.035544
0.0054209
0.0141324
0.024853
0.0559945
0.0460129
0.074059
0.0652757
0.0889008
0.0817989
0.100256
0.0950169
0.107525
0.104392
0.109863
0.109333
0.106443
0.108792
0.0965928
0.102371
0.0785627
0.0885004
0.0551639
0.066905
0.0373771
0.0449983
0.0312313
0.0331784
0.032041
0.0311901
0.0349127
0.0334162
0.0376227
0.0363401
0.0395839
0.0386923
0.0406964
0.0402266
0.0411603
0.0409591
0.0412689
0.0412298
0.0407321
0.0410573
0.0395727
0.040156
0.0387499
0.0389175
0.0380624
0.0376265
0.0349135
0.0167205
0.0287811
-0.0101866
0.00349878
-0.0360657
-0.0234268
-0.0566233
-0.0473722
-0.067293
-0.0633415
-0.0662715
-0.0681972
-0.0550275
-0.0617364
-0.0370795
-0.0466102
-0.0165256
-0.0268152
0.00271817
-0.00647619
0.0108049
-0.191018
0.0534054
-0.140162
-0.0769577
-0.0223643
-0.228018
0.00966022
0.0215039
0.0230178
-0.183331
-0.11659
-0.0424612
0.0179379
0.0245328
0.00968122
0.0759534
0.00125747
0.106011
-0.0049174
0.117373
0.00366293
-0.00739187
0.111315
0.083472
0.0948663
0.0217967
0.0140308
-0.229053
0.0319785
0.0349176
-0.243714
0.0527922
0.059227
0.0562221
0.0458215
0.0489046
0.0401994
0.0419694
0.0404913
0.0392125
0.0484518
0.0439281
0.0561793
0.0527062
0.0604192
0.0585694
0.0634031
0.0619696
0.0658453
0.0646973
0.0673894
0.0667399
0.0676447
0.0676792
0.0664811
0.0672237
0.0643368
0.0654918
0.0618149
0.063088
0.0592329
0.0605345
0.0564656
0.057883
0.0533856
0.0549619
0.050065
0.0517409
0.0468236
0.048399
0.0448019
0.0455581
0.0456604
0.0448755
0.0498103
0.047338
0.0581877
0.0532915
0.0696651
0.0638153
0.0787985
0.0749282
0.0788784
0.0802619
0.0764906
0.0686401
0.0748868
0.0600264
0.0216737
-0.00591999
0.00562539
0.0132069
0.0402308
0.0308195
0.0582241
0.0491852
0.0744843
0.0665319
0.0880699
0.0815693
0.0987157
0.0937444
0.105862
0.102727
0.108814
0.107866
0.106731
0.108354
0.0991441
0.103631
0.0852332
0.092853
0.0674274
0.07641
0.0527349
0.0593509
0.0452646
0.0482419
0.043009
0.0437295
0.0431288
0.0429211
0.0439155
0.0435038
0.044655
0.0443092
0.0450882
0.0449147
0.0452016
0.0451709
0.0451946
0.0452059
0.0448609
0.0450582
0.0440798
0.0443729
0.0429086
0.0432639
0.0412851
0.0419537
0.0384499
0.0566123
0.042766
0.0502132
0.023513
0.0341314
-0.00156241
0.0114274
-0.0272583
-0.0145675
-0.0492111
-0.039036
-0.062826
-0.0572505
-0.0655592
-0.0655803
-0.0576722
-0.0628153
-0.0418293
-0.0504727
-0.0221227
-0.0322193
-0.00231612
-0.012016
0.0065143
-0.187781
0.0616586
0.0292339
-0.123696
-0.0603763
-0.211305
-0.0165333
0.00388557
0.00943434
-0.183318
-0.131221
-0.0630846
0.00689388
0.00963844
-0.000890731
0.0724691
-0.00998159
0.113588
-0.0172164
0.130858
-0.0209294
0.126636
-0.0196764
0.109703
-0.00123408
-0.0147654
0.0869466
0.0656498
0.043029
0.0405122
0.0462006
0.0653122
0.0634098
-0.212112
0.0149698
0.0097909
0.0588609
0.0612816
0.0539257
0.0561337
0.0507163
0.0519355
0.0514619
0.0503706
0.0573879
0.0539684
0.0637091
0.0607938
0.0670474
0.0656632
0.0688141
0.0680161
0.0700391
0.069481
0.0706114
0.0704206
0.0701658
0.0705203
0.0686248
0.0695096
0.0663853
0.0675605
0.0639137
0.0651567
0.0614107
0.0626682
0.058827
0.0601328
0.0561347
0.0574913
0.0534392
0.0547753
0.0510614
0.052179
0.0499014
0.0502692
0.0509497
0.0501526
0.0544918
0.052422
0.0609714
0.0574079
0.0688344
0.0649837
0.0740939
0.0720903
0.0725609
0.0744264
0.0624547
0.068641
0.0542183
0.0285978
0.0214243
0.0444541
0.0362547
0.0601735
0.0522266
0.0746818
0.0676434
0.0869268
0.0810467
0.0967694
0.0921596
0.103605
0.100563
0.106839
0.105665
0.105812
0.106826
0.10014
0.103538
0.0894641
0.0953172
0.0755943
0.0826553
0.0631378
0.068988
0.055143
0.0586159
0.0511461
0.0527876
0.0495092
0.050145
0.0489528
0.0491612
0.0487726
0.0488456
0.0486444
0.04872
0.0484408
0.0485607
0.0482405
0.0483455
0.0479536
0.0481038
0.0474291
0.0475902
0.0462766
0.0465686
0.0436479
0.0449246
0.0392965
0.0411657
0.0341109
0.0370322
0.066973
0.0593212
0.0637161
0.0464232
0.0535286
0.0281078
0.0380686
0.00453598
0.0168533
-0.0210542
-0.00822486
-0.0445281
-0.0333802
-0.0611407
-0.053925
-0.0675592
-0.0657259
-0.0628699
-0.0665286
-0.0488571
-0.0567918
-0.0293024
-0.0395495
-0.00819673
-0.0186397
0.0106671
0.00180084
0.0260653
0.018947
0.0311043
-0.170375
-0.00762064
0.00513021
-0.102002
-0.182003
-0.0478145
-0.0177127
-0.00674705
-0.13789
-0.0850017
-0.00665266
-0.0171406
-0.0134953
0.0543812
-0.0232567
0.113032
-0.0321652
0.144457
-0.0371618
0.145275
-0.0366437
0.128311
-0.0312653
0.102024
-0.0232387
0.0519005
0.0751408
0.069283
0.0683485
0.0703204
0.032131
-0.0141859
0.032552
0.0338322
0.000483288
0.0664559
0.0679073
0.063202
0.0648575
0.0601866
0.0616214
0.0586007
0.0591694
0.0597274
0.0587498
0.0641743
0.0616615
0.0690565
0.0667597
0.0716894
0.070624
0.0726542
0.0722837
0.0729744
0.0728659
0.0727713
0.0729461
0.0718035
0.0723841
0.0700546
0.0710046
0.0678183
0.0689745
0.0654259
0.0666267
0.0630276
0.0642281
0.0606235
0.0618269
0.0582389
0.0594253
0.0559967
0.0570898
0.054199
0.055017
0.0535144
0.0536839
0.0545434
0.0538212
0.0574308
0.0557663
0.0622225
0.0596498
0.0675128
0.0649878
0.0701445
0.0694653
0.0678242
0.0698394
0.0583343
0.0639688
0.0437742
0.0512763
0.0379397
0.0159988
0.0163113
0.0158156
0.0230723
0.0186797
0.0347226
0.0285222
0.0481425
0.0411276
0.0619134
0.0550402
0.0746597
0.0684637
0.0856704
0.0803722
0.0946499
0.0904277
0.101041
0.0981684
0.104337
0.103064
0.104032
0.104613
0.0997628
0.102362
0.0914223
0.0960129
0.0803862
0.0860441
0.0697533
0.074896
0.0618725
0.0654454
0.0570433
0.0591586
0.054358
0.0555152
0.0528989
0.0535331
0.0520493
0.0524316
0.0514727
0.05175
0.0509935
0.0512391
0.0505942
0.0507947
0.0502464
0.0504139
0.0496693
0.0499595
0.0484035
0.0490519
0.0458753
0.0472973
0.0426104
0.0442488
0.0376495
0.0404498
0.0349346
0.0615316
0.0655054
0.0494055
0.0561678
0.0318372
0.0413813
0.00898212
0.0209727
-0.0169912
-0.00378968
-0.0423677
-0.0300703
-0.0622603
-0.0532778
-0.0724877
-0.0687539
-0.0709879
-0.0731859
-0.0585762
-0.0659601
-0.0387001
-0.0493189
-0.0157805
-0.0272697
0.00533646
-0.00452029
0.0217701
0.0140896
0.0276881
-0.143996
-0.0823358
-0.0428947
0.0337102
-0.00248664
-0.171167
-0.0254535
-0.101272
-0.0223734
-0.0494767
-0.0281544
0.0186581
-0.0388234
0.090765
-0.0496908
0.145691
0.00653414
-0.0567443
0.163895
-0.00372742
-0.0572099
0.150651
-0.017908
0.0256054
0.02174
-0.0517587
0.121675
-0.0306827
0.0362407
-0.0421257
0.0884141
0.01535
0.0353317
0.0204958
0.0287432
0.0705211
0.0291958
-0.148036
0.0230719
-0.13393
0.0716403
0.0697409
0.071402
0.0685074
0.0695533
0.066241
0.0672471
0.0645742
0.0653461
0.0640997
0.064157
0.0656163
0.0645937
0.0690597
0.0671771
0.0727075
0.0709884
0.0746626
0.0738881
0.0750956
0.0749954
0.0748282
0.0750155
0.0740995
0.0745211
0.0727986
0.0735175
0.070953
0.0719248
0.0687662
0.0698847
0.0664702
0.0676217
0.0641871
0.0653258
0.0619491
0.0630618
0.0598076
0.0608628
0.0578896
0.0588122
0.0564619
0.057096
0.0560028
0.0560931
0.056883
0.0562837
0.0591347
0.0578555
0.0625671
0.0607535
0.0659704
0.0644101
0.0669739
0.0668952
0.0639102
0.0660059
0.055354
0.0602678
0.0431719
0.0494243
0.0364515
0.0252419
0.0243996
0.0305203
0.0270635
0.0402279
0.0347299
0.0515274
0.0455584
0.063412
0.0575132
0.0745584
0.0691058
0.0844007
0.0796537
0.0925039
0.0886814
0.0983771
0.0957184
0.101582
0.100303
0.101689
0.102005
0.0984066
0.100436
0.0917505
0.0954271
0.0827916
0.0874122
0.0737158
0.0782423
0.0663105
0.0697556
0.0612098
0.0635183
0.057955
0.0594102
0.05592
0.0568331
0.0546005
0.0552035
0.0536781
0.0541129
0.0529638
0.0533136
0.0523805
0.052667
0.0518792
0.0521224
0.0512163
0.0515557
0.0499552
0.0506369
0.0478701
0.0489303
0.0450226
0.0464655
0.0406589
0.0429575
0.0380448
0.0635142
0.067188
0.0520367
0.0584808
0.0350102
0.0442643
0.012264
0.024286
-0.0147747
-0.000877141
-0.0425791
-0.0288889
-0.0661455
-0.0552131
-0.0804428
-0.074694
-0.0822223
-0.0829466
-0.0712593
-0.078196
-0.0507061
-0.0618872
-0.0256825
-0.0383388
-0.00217354
-0.0132946
0.0163079
0.00763451
0.0232928
-0.117073
-0.070241
0.059444
0.0316586
0.0255488
-0.0461558
-0.106834
-0.0396986
-0.0764709
-0.0445348
-0.0249711
-0.05639
0.0458453
-0.0699777
0.11986
0.0209258
0.00941394
-0.0798788
0.169418
-0.0039086
0.0120816
0.00488393
-0.0824048
0.172891
-0.0185004
0.00950737
-0.0770697
0.145595
-0.0353288
0.0203187
-0.0653201
0.107095
-0.119448
-0.0511773
0.025247
0.0309193
0.0348784
0.0723626
0.0711045
0.0717504
0.0696432
0.0704163
0.0682325
0.0688869
0.0674189
0.0677307
0.0676577
0.0673901
0.0694063
0.0683478
0.0722155
0.0707267
0.0749791
0.0736933
0.076384
0.0758487
0.0764689
0.0765354
0.0758505
0.0762141
0.0748027
0.0753732
0.0733154
0.0741083
0.0714279
0.0724092
0.0693277
0.0703996
0.0671381
0.0682352
0.0649729
0.0660504
0.0628824
0.0639169
0.0609311
0.0618861
0.0592417
0.0600468
0.0580393
0.0585669
0.0576584
0.0577374
0.0583203
0.057868
0.0599897
0.05905
0.0623562
0.0611319
0.0643817
0.0635063
0.0643491
0.064692
0.0610087
0.0631369
0.0534155
0.0576898
0.04305
0.0484393
0.0307986
0.0369552
0.0185479
0.0248289
0.00398638
0.0304945
0.0295887
0.0331425
0.031873
0.0370443
0.0347041
0.044881
0.0406221
0.0545289
0.0495374
0.0646987
0.0596335
0.0744339
0.0696475
0.0831727
0.0789488
0.0904168
0.0869921
0.095748
0.093324
0.0987509
0.0975334
0.0990659
0.0992272
0.096475
0.0981011
0.0910519
0.0940549
0.0836206
0.0874813
0.0758386
0.0796248
0.0691097
0.0723061
0.0640595
0.0663938
0.0605487
0.0621519
0.0581719
0.0592571
0.0565353
0.0572905
0.0553537
0.0559093
0.054441
0.0548807
0.0536885
0.0540563
0.0530133
0.0533475
0.0522366
0.0526375
0.051043
0.0516869
0.0492564
0.0502018
0.0467086
0.0480437
0.0430712
0.0448932
0.0384267
0.0409215
0.0729445
0.0710051
0.0723637
0.0652714
0.0686893
0.0543731
0.0605522
0.0375995
0.046761
0.0144347
0.0267864
-0.0142064
0.000639631
-0.0448835
-0.0295878
-0.0724862
-0.0594302
-0.0911656
-0.0832539
-0.0964057
-0.0955959
-0.0868284
-0.0933729
-0.0652618
-0.0772091
-0.037702
-0.0517228
-0.0112796
-0.023913
0.00988971
-5.69115e-05
0.0183372
-0.0969936
0.0408529
0.0730051
0.0357763
-0.0675883
-0.101327
0.0698626
-0.057438
-0.0913025
-0.0618694
-0.0622039
-0.0753144
-0.0088957
0.0400946
0.0310832
0.00371804
-0.0927489
0.0666994
0.0145296
-0.00209413
-0.107154
0.142408
-0.00236802
-0.00511713
-0.112941
0.183983
-0.0187219
-0.00370979
-0.108508
0.170566
-0.0374207
0.00426013
-0.0950405
0.130794
-0.0574677
0.0208372
-0.0770585
0.0465029
0.0476726
0.0734564
0.072675
0.0536654
0.0711856
0.0715297
0.0701682
0.0707254
0.0693496
0.0697406
0.0690976
0.069153
0.0697519
0.0693172
0.0715724
0.0705217
0.0739298
0.0726968
0.0761155
0.0751152
0.0771538
0.0767778
0.0770439
0.0771991
0.0762463
0.0766999
0.0750344
0.0756807
0.0734678
0.0742878
0.0715972
0.0725633
0.0695812
0.0706064
0.0675013
0.0685424
0.0654519
0.0664705
0.0634906
0.0644582
0.0616879
0.0625663
0.0601576
0.0608833
0.0590832
0.0595551
0.0586962
0.0588006
0.0591178
0.0588155
0.0602699
0.0596227
0.0618038
0.0610316
0.0628364
0.0624477
0.0621712
0.0627595
0.0588342
0.0608632
0.0522861
0.055896
0.0435451
0.0480636
0.0336394
0.0385788
0.0229145
0.0283215
0.03973
0.0429775
0.037866
0.0378995
0.039578
0.0386079
0.0428956
0.0408516
0.0489542
0.0454362
0.0571338
0.0529349
0.0658165
0.0614647
0.0743008
0.0701153
0.0820061
0.0782736
0.0884465
0.0853939
0.0932248
0.0910467
0.0959644
0.0948434
0.0963646
0.0964408
0.0942578
0.0955943
0.0897569
0.0922534
0.0835257
0.086776
0.07681
0.0801179
0.0707514
0.0736671
0.0659205
0.0681872
0.0623497
0.0640043
0.0597931
0.0609748
0.0579527
0.0588088
0.0565821
0.0572282
0.0555049
0.0560218
0.0546003
0.0550421
0.0537672
0.0541819
0.0528783
0.0533354
0.0517122
0.0523338
0.0500866
0.0509583
0.0477797
0.0490086
0.044657
0.0462599
0.0410849
0.0429149
0.0342734
0.037339
0.0392005
0.0740373
0.0737428
0.0739576
0.072153
0.0732565
0.066814
0.0700463
0.0563003
0.0622872
0.0394723
0.0487313
0.0155385
0.0283877
-0.0149217
0.000971182
-0.0486856
-0.0316782
-0.0805402
-0.0652472
-0.103876
-0.0936635
-0.112794
-0.110363
-0.104613
-0.110786
-0.0817813
-0.09465
-0.0512771
-0.066879
-0.0214154
-0.035826
0.00309412
-0.00853457
0.0215982
0.0131127
0.0289156
-0.0871377
0.0854399
0.0725053
-0.0742206
-0.0941455
0.0478573
0.0718582
0.0716706
0.0312183
0.0347364
-0.0781073
-0.08581
0.0610045
0.0539176
-0.094404
-0.0564133
0.0380719
0.0123427
0.0030413
-0.116902
0.000694341
0.0199581
-0.00673212
-0.13792
0.082481
0.000585384
-0.013333
-0.14993
0.158904
-0.0176327
-0.0159084
-0.147724
0.187021
-0.0380368
-0.012171
-0.13294
0.15683
-0.0612423
0.000287963
-0.109944
0.1064
-0.0856801
0.0743357
0.069569
0.0672767
0.0750344
0.0730358
0.0707946
0.071222
0.0702135
0.0705355
0.0698315
0.0700058
0.0699501
0.069828
0.0708103
0.0702959
0.0723403
0.0715403
0.0745968
0.0735062
0.0764014
0.0755858
0.0772188
0.0769335
0.0770286
0.0772165
0.0761733
0.0766562
0.0749074
0.0755777
0.0733348
0.0741505
0.0715268
0.0724537
0.0695916
0.0705696
0.0676159
0.0686039
0.0656759
0.0666394
0.0638281
0.0647384
0.062143
0.0629624
0.0607236
0.0613959
0.0597167
0.0601635
0.0592811
0.0594276
0.0594729
0.0593084
0.0601872
0.0597835
0.0610798
0.0606481
0.0614167
0.0613635
0.0603505
0.0610877
0.0571412
0.0590304
0.0515328
0.054576
0.0442602
0.0480235
0.0363128
0.0402272
0.0274321
0.0318578
0.0213275
0.0237385
0.0132868
0.0207301
0.0202171
0.0162619
0.0241742
0.0545026
0.0602602
0.0472395
0.0504759
0.0446636
0.0452709
0.0451228
0.0445726
0.0477047
0.045993
0.0526352
0.0498522
0.0594385
0.0559243
0.0668276
0.0631049
0.0741769
0.0705408
0.0809239
0.0776484
0.0866084
0.0839093
0.0908467
0.0889126
0.0932976
0.0922901
0.0937053
0.0937423
0.0919434
0.0930679
0.0881426
0.0902512
0.0828589
0.0856209
0.0770273
0.0799342
0.0715827
0.074226
0.0670457
0.0691987
0.0635315
0.0651782
0.0609032
0.0621298
0.0589401
0.05986
0.0574344
0.0581475
0.0562227
0.0568052
0.0551835
0.0556917
0.0542171
0.0546988
0.0532201
0.0537296
0.0520365
0.052658
0.0504975
0.0513162
0.0484288
0.0495251
0.0458781
0.0471603
0.0429145
0.0443201
0.0393141
0.0412806
0.074647
0.0746742
0.0731884
0.0742241
0.0681205
0.0712079
0.0577922
0.063715
0.0407161
0.0501582
0.0159448
0.0293072
-0.0162724
0.000634684
-0.0530675
-0.0343763
-0.0891604
-0.0716248
-0.117252
-0.104675
-0.130017
-0.125884
-0.123323
-0.129093
-0.0992081
-0.113023
-0.0655811
-0.082887
-0.0318463
-0.0482751
-0.00358766
-0.0169998
0.0174075
0.00795465
0.0254171
-0.0875345
0.0825776
0.0785728
0.0231167
0.0706533
0.0710972
0.0370384
-0.091196
-0.0972349
0.0628421
0.0584489
0.0743939
0.0728409
0.0307195
0.0209941
0.0871759
0.0900796
0.0951209
-0.110761
-0.0900206
0.098126
0.0833815
0.0931014
0.045338
0.00361245
-0.140167
-0.058793
0.0263248
-0.00865186
-0.170854
0.00462375
0.00613926
-0.0189231
-0.192171
0.0943778
-0.0148178
-0.0263051
-0.195805
0.16898
-0.0369149
-0.0272782
-0.181377
0.174681
-0.0621179
-0.0202564
-0.153477
0.130889
-0.0906364
-0.00290662
-0.121728
0.0349472
0.0339708
0.0707235
0.0702922
0.0704913
0.0702371
0.0705089
0.0699055
0.0700491
0.0698384
0.0698319
0.0702039
0.0699569
0.0711728
0.0706169
0.0726727
0.0718842
0.074595
0.0736533
0.0761195
0.0754341
0.0768019
0.0765664
0.076599
0.0767866
0.0757587
0.0762342
0.0745083
0.0751698
0.0729755
0.0737672
0.0712435
0.0721305
0.0693989
0.0703286
0.0675253
0.0684619
0.0656865
0.0665992
0.0639385
0.0647993
0.0623482
0.0631212
0.0610064
0.0616431
0.0600302
0.0604698
0.0595272
0.0597215
0.0595142
0.0594689
0.0598726
0.0596641
0.060282
0.0601014
0.0601525
0.0603175
0.0588545
0.0596706
0.0558401
0.0575672
0.0510296
0.0536126
0.0449835
0.0481021
0.038457
0.0417364
0.0318014
0.0349885
0.0277537
0.0292141
0.0283503
0.0270818
0.0313524
0.072637
0.079776
0.0611283
0.0664318
0.0539146
0.056718
0.0503307
0.0515663
0.0501956
0.0499121
0.0518929
0.05064
0.0558916
0.0536765
0.0614676
0.0585556
0.0677271
0.0645587
0.074054
0.0709144
0.0799269
0.0770695
0.084906
0.0825397
0.0886306
0.0869295
0.0907888
0.0899014
0.0911576
0.0911836
0.0896448
0.0906112
0.0863834
0.0881931
0.0818485
0.0842182
0.0767472
0.0793122
0.0718501
0.0742427
0.0676288
0.0696497
0.0642344
0.0658392
0.0616027
0.062841
0.0595728
0.0605306
0.0579713
0.0587338
0.0566501
0.0572876
0.055494
0.0560605
0.0544127
0.0549514
0.053315
0.0538736
0.0520896
0.0527265
0.0506027
0.0513863
0.0487482
0.0497222
0.0465074
0.0476713
0.0438815
0.0451551
0.0405706
0.0423262
0.034364
0.0360575
0.0384777
0.0753265
0.0750572
0.0741735
0.0751084
0.0692516
0.0722672
0.0589634
0.0648888
0.0416604
0.051253
0.0162001
0.0299864
-0.017515
0.000270405
-0.0569954
-0.0368043
-0.0969752
-0.0773651
-0.129597
-0.114737
-0.146217
-0.140367
-0.141156
-0.146433
-0.115988
-0.130632
-0.0793548
-0.0983466
-0.0415927
-0.0601145
-0.00982306
-0.0247597
0.0130806
0.00287054
0.0274417
0.0213132
0.0316312
-0.0985215
0.0724638
0.0734062
0.0702949
0.0256986
0.10293
-0.12119
-0.111939
0.088445
0.0778778
0.0546098
0.00610921
0.0411611
0.0454529
0.0314354
0.0333333
-0.158222
-0.105196
0.0343981
-0.00830266
0.0269461
-0.201277
-0.0689894
0.0125044
-0.0221105
-0.237505
0.00487379
-0.00986167
-0.034316
-0.252796
0.102884
-0.0338174
-0.0411084
-0.241591
0.169052
-0.0606465
-0.0399569
-0.20984
0.14943
-0.0919879
-0.0286453
-0.168177
0.0920057
-0.128227
0.0824307
0.102822
0.0985742
0.0939148
0.0694959
0.0697653
0.0679948
0.0687932
0.0693207
0.0693413
0.0693639
0.069415
0.0693176
0.0693034
0.0694844
0.069353
0.0700284
0.0696986
0.0710601
0.0704856
0.0725318
0.0717541
0.0741701
0.0733533
0.0754865
0.074895
0.0760807
0.0758748
0.0758945
0.076067
0.0751038
0.075554
0.0739054
0.0745408
0.0724366
0.0731942
0.0707881
0.0716394
0.0690352
0.0699176
0.0672608
0.0681478
0.0655169
0.0663827
0.0638582
0.0646751
0.0623471
0.0630821
0.0610629
0.0616743
0.0600982
0.0605392
0.0595252
0.0597655
0.0593373
0.0593919
0.0594138
0.0593579
0.0594673
0.0594678
0.0590344
0.0593355
0.0576355
0.0584718
0.0548733
0.0564228
0.0507656
0.052952
0.0457597
0.0483315
0.0404428
0.0431083
0.035849
0.0378506
0.0328579
0.0339653
0.0345596
0.0329642
0.0373072
0.0312687
0.0384852
0.110509
0.10677
0.0912173
0.10708
0.0992031
0.0772675
0.0838107
0.0666764
0.0715834
0.0593261
0.062539
0.0554083
0.056988
0.0544877
0.054662
0.0556096
0.0547937
0.0587189
0.056974
0.0632489
0.0608591
0.0685154
0.0658362
0.0739279
0.0712339
0.0790072
0.0765309
0.0833376
0.0812784
0.0865799
0.085099
0.0884533
0.0876851
0.0887578
0.0887893
0.0874263
0.0882741
0.0845871
0.0861606
0.0806329
0.0827071
0.0761426
0.0784142
0.0717295
0.0738985
0.0678163
0.0697031
0.0645704
0.0661165
0.0619747
0.063205
0.0599136
0.0608925
0.0582432
0.0590431
0.0568321
0.057516
0.0555747
0.0561922
0.0543918
0.0549803
0.053206
0.0538061
0.0519334
0.0525867
0.050479
0.0512342
0.0487634
0.0496555
0.0467051
0.0477734
0.0442541
0.0455038
0.0411297
0.042788
0.0368681
0.0391287
0.0740559
0.0721154
0.0757745
0.0751351
0.074967
0.0757785
0.070224
0.0731606
0.0600154
0.0659127
0.0426408
0.0522962
0.0167428
0.0308091
-0.0180411
0.000379991
-0.0595599
-0.0382145
-0.102646
-0.0813588
-0.139081
-0.122265
-0.159278
-0.151847
-0.155904
-0.160604
-0.130133
-0.145345
-0.0910322
-0.111441
-0.049892
-0.0701303
-0.0154013
-0.0314985
0.00867118
-0.00205525
0.0234372
0.017017
0.0281357
-0.122456
0.0660757
0.0156617
0.0103218
0.109429
0.112569
0.113864
0.0343209
-0.16673
-0.140348
0.070307
0.0446874
-0.00598585
0.0346509
0.0695661
0.0674153
0.0457232
0.0495553
-0.222754
-0.131457
0.0209607
0.0749684
0.0878075
-0.0224798
-0.0055591
0.0221765
-0.277343
-0.0848315
-0.00359989
-0.0388516
-0.312702
0.00420642
-0.0291318
-0.052795
-0.313658
0.105622
-0.0574307
-0.0578469
-0.281275
0.151479
-0.090086
-0.0544509
-0.230271
0.109128
-0.129475
-0.177279
0.105379
0.0676808
0.0661868
0.0669875
0.0679986
0.0679417
0.0682518
0.068128
0.0684833
0.0683515
0.0688674
0.068642
0.0695559
0.0691667
0.0706252
0.0700465
0.0719672
0.0712846
0.073485
0.0727508
0.0746478
0.0741259
0.0751789
0.0749929
0.0750164
0.0751705
0.0742846
0.074704
0.0731518
0.0737544
0.0717496
0.0724749
0.0701836
0.0709677
0.0685287
0.0693636
0.0668469
0.0676876
0.0651924
0.0660141
0.0636153
0.0643923
0.0621735
0.0628757
0.0609361
0.0615276
0.0599761
0.060421
0.0593414
0.0596213
0.0590121
0.0591466
0.0588717
0.0589319
0.0586705
0.0587979
0.0580472
0.0584291
0.0566339
0.057451
0.0541556
0.055522
0.0506746
0.052513
0.0465547
0.04866
0.0423328
0.0444159
0.0390362
0.0404818
0.0372351
0.0379246
0.0394724
0.0378087
0.0423094
0.038298
0.044657
0.118898
0.115785
0.12164
0.109982
0.117663
0.0947536
0.10233
0.0815609
0.0877726
0.071304
0.0761772
0.0640638
0.0673328
0.0598469
0.0616239
0.0583183
0.0588095
0.0588567
0.0583735
0.0611701
0.0598342
0.0648095
0.0628697
0.0691981
0.0669526
0.0737939
0.0714991
0.0781548
0.0760246
0.0818934
0.0801144
0.0846909
0.0834146
0.0862922
0.0856388
0.0865203
0.0865672
0.0853231
0.0860798
0.0828198
0.0842039
0.0793363
0.0811661
0.0753405
0.0773662
0.0713467
0.0733197
0.0677187
0.0694785
0.0646277
0.0661096
0.062087
0.063299
0.0600145
0.0610048
0.058292
0.0591212
0.0568044
0.0575283
0.0554586
0.0561209
0.0541841
0.0548181
0.0529217
0.0535557
0.0516044
0.0522749
0.0501615
0.0509013
0.0485133
0.0493645
0.0465574
0.0475696
0.0441802
0.0454221
0.041147
0.0427361
0.0370311
0.039181
0.0316707
0.0321359
0.0346389
0.0736846
0.0716873
0.0759983
0.0751098
0.0755288
0.076179
0.0710686
0.0738731
0.0610628
0.0668663
0.0437871
0.0534139
0.0177615
0.0319231
-0.0175049
0.00121457
-0.0601293
-0.0381399
-0.105099
-0.082774
-0.144018
-0.125901
-0.167185
-0.158587
-0.165358
-0.169436
-0.139721
-0.155057
-0.0993537
-0.120544
-0.0562568
-0.077485
-0.0201374
-0.0369427
0.00462926
-0.00634041
0.0196379
0.0130784
0.0283281
0.0247966
0.0304694
-0.161629
0.0570017
0.00433015
-0.00165855
0.0464117
0.0653317
0.0562676
0.120565
0.123185
0.0541643
-0.229093
-0.18242
0.0610054
0.03221
-0.0200999
0.069466
0.067178
0.0290278
0.0295849
-0.00599447
0.0494324
0.0532831
0.030068
-0.302618
-0.166111
0.0662234
0.0051621
0.100742
-0.0398223
0.0117374
-0.362086
-0.103383
-0.0224456
0.117727
-0.0593887
-0.387084
0.00205135
-0.0520152
-0.0726763
-0.0383124
-0.36653
0.0965291
-0.085345
-0.0779384
-0.310852
0.11299
-0.126173
-0.241299
0.0549079
-0.178455
0.058864
0.0643817
0.0636725
0.0657306
0.0651313
0.0665029
0.0661834
0.0670056
0.0667722
0.0674838
0.0672436
0.0680688
0.0677556
0.0688857
0.0684439
0.0699898
0.0694055
0.0712973
0.0706315
0.0726577
0.0719978
0.0736985
0.0732308
0.0741783
0.074009
0.0740343
0.0741732
0.0733565
0.0737471
0.0722883
0.0728581
0.0709585
0.0716463
0.0694696
0.0702241
0.0678991
0.0686907
0.0663032
0.0671012
0.0647321
0.0655126
0.063232
0.0639716
0.0618549
0.0625265
0.0606604
0.0612336
0.0597065
0.0601536
0.0590246
0.0593348
0.0585878
0.0587827
0.0582878
0.0584323
0.057913
0.0581247
0.0571809
0.0576047
0.0558105
0.0565833
0.0536218
0.054811
0.0506972
0.0522299
0.0473454
0.0490455
0.0440821
0.0456612
0.0417953
0.0427699
0.041081
0.0411546
0.0436306
0.0419261
0.0460801
0.0573498
0.0650588
0.06152
0.0466031
0.0520868
0.127703
0.125442
0.129469
0.11195
0.119537
0.0977683
0.104831
0.085269
0.091043
0.0752489
0.079918
0.0681232
0.0713798
0.0636755
0.0656013
0.0616752
0.0624186
0.0616696
0.0614718
0.0632955
0.0623153
0.0661663
0.0646169
0.0697779
0.0679176
0.0736443
0.0717067
0.0773575
0.07554
0.0805591
0.0790346
0.0829517
0.0818617
0.0842997
0.0837545
0.084448
0.0845145
0.0833517
0.0840378
0.0811155
0.0823497
0.0780123
0.0796439
0.0744292
0.0762497
0.0707923
0.0725966
0.0674187
0.0690637
0.064475
0.0658945
0.0619934
0.0631843
0.0599174
0.0609151
0.0581509
0.0590056
0.0565955
0.0573551
0.0551702
0.0558728
0.053815
0.0544884
0.0524843
0.05315
0.0511251
0.051812
0.0496773
0.0504149
0.0480565
0.0488905
0.0461505
0.0471385
0.0438029
0.0450338
0.0407473
0.0423536
0.0367923
0.0388946
0.0321364
0.0345059
0.0735078
0.0715744
0.0761046
0.0750736
0.075954
0.0764429
0.0718326
0.0744729
0.0621018
0.067773
0.0450522
0.0545744
0.0192265
0.0332843
-0.0158403
0.00278522
-0.0584338
-0.0364232
-0.103731
-0.0811902
-0.1429
-0.124795
-0.168481
-0.159844
-0.167876
-0.171308
-0.143343
-0.158191
-0.103427
-0.124498
-0.060057
-0.0813988
-0.0236263
-0.0405929
0.00147654
-0.00964586
0.0165671
0.0099607
0.0253542
0.0217511
0.027693
0.0674485
0.0603894
-0.216286
0.0461967
-0.0088464
-0.01525
0.0651229
0.0296852
-0.00654784
0.0525545
0.0563416
0.133999
0.132442
0.0714123
0.0739906
0.0393569
-0.30605
-0.234915
0.0495261
0.0171155
0.0946713
-0.0371343
0.0198162
-0.390462
-0.204047
0.0546211
-0.0131757
0.114117
-0.0613337
-0.000775919
-0.443954
-0.120631
-0.0447639
-0.0835527
-0.0489738
-0.447581
-0.00655252
-0.079101
-0.0982496
-0.0707336
-0.401747
0.0706226
-0.120041
-0.324452
0.0541157
-0.173176
-0.242293
0.0617795
0.0618132
0.0611802
0.0624708
0.0620745
0.063775
0.06313
0.0648645
0.0643666
0.0656603
0.0652906
0.0663728
0.0660207
0.0671472
0.0667462
0.0680878
0.0675932
0.0692329
0.0686377
0.0705117
0.069865
0.0717587
0.0711573
0.0726997
0.072277
0.0731323
0.0729798
0.072996
0.073126
0.0723589
0.0727268
0.0713449
0.0718867
0.0700777
0.0707336
0.0686578
0.0693799
0.0671613
0.0679146
0.0656441
0.0664025
0.0641512
0.0648927
0.0627251
0.0634283
0.0614119
0.0620531
0.0602622
0.0608158
0.0593218
0.0597664
0.0586106
0.0589408
0.0580987
0.0583361
0.0576882
0.0578907
0.0572029
0.0574666
0.0564214
0.0568591
0.0551316
0.0558447
0.0532226
0.054247
0.0507862
0.0520524
0.0481024
0.0494493
0.0456542
0.0468144
0.0441079
0.0447413
0.0443154
0.0438975
0.0470193
0.0453245
0.0494331
0.0642869
0.0680125
0.0549421
0.0597517
0.136702
0.135435
0.138246
0.137568
0.138232
0.11367
0.121305
0.100182
0.106786
0.0882161
0.0939546
0.078602
0.0831301
0.0715663
0.0747971
0.0669605
0.0689953
0.0645873
0.0655362
0.0640976
0.0641514
0.0651306
0.0644589
0.06733
0.0661221
0.070254
0.0687355
0.0734699
0.0718513
0.0766017
0.0750651
0.0793193
0.0780244
0.0813461
0.0804245
0.0824652
0.082018
0.0825359
0.0826237
0.0815166
0.0821472
0.0795
0.080611
0.0767068
0.0781746
0.0734667
0.0751169
0.0701314
0.0717923
0.066978
0.068523
0.0641649
0.0655288
0.0617362
0.0629083
0.0596555
0.0606609
0.0578466
0.0587257
0.0562274
0.0570205
0.0547294
0.0554686
0.0533039
0.0540112
0.0519133
0.0526075
0.0505168
0.0512186
0.0490566
0.0497977
0.0474442
0.0482726
0.0455535
0.0465382
0.0432022
0.0444444
0.0401876
0.0417812
0.0363164
0.0383575
0.0318689
0.0341256
0.0272679
0.0270343
0.0294717
0.0644739
0.0691324
0.066781
0.0733455
0.0713691
0.0760896
0.0749525
0.0762569
0.0765736
0.0724662
0.0749487
0.0630022
0.0685411
0.0462559
0.0556159
0.0209359
0.0347012
-0.0132479
0.00488845
-0.0546444
-0.0332584
-0.0987381
-0.076769
-0.137724
-0.11943
-0.162165
-0.152744
-0.162854
-0.165568
-0.140323
-0.154106
-0.10267
-0.122611
-0.0605566
-0.0809414
-0.0252826
-0.0417789
-0.000504114
-0.0115377
0.0144717
0.00795737
0.0228508
0.0193541
0.0265319
0.0251904
0.0271235
-0.00825064
0.0610408
0.0577569
0.0597642
0.0607016
0.0586104
0.130634
0.0571031
0.0630981
0.0657115
0.077729
0.0692875
0.0714484
0.0491026
-0.283492
0.0324293
0.0866494
-0.0253598
-0.032163
0.0285883
-0.389989
-0.291626
0.0349832
-0.000584516
0.109753
-0.0589018
0.144864
0.144384
0.0249533
0.024727
0.00876221
-0.472659
-0.238943
0.0373717
-0.0347696
0.128344
-0.0877538
-0.0602369
-0.0164802
-0.506711
-0.134655
-0.0711153
-0.113082
-0.101191
-0.48329
-0.0247662
0.0712185
0.0466639
-0.111494
-0.0906733
-0.414013
0.0232483
-0.162792
-0.320221
-0.0196859
-0.231933
0.0576584
0.0586995
0.0559367
0.0568756
0.0604209
0.0597612
0.0618253
0.061163
0.063167
0.0625517
0.0642304
0.0637276
0.0651789
0.0647127
0.0661421
0.0656525
0.0672099
0.0666597
0.0684065
0.0677943
0.0696661
0.0690359
0.070833
0.0702714
0.0716916
0.0713081
0.0720765
0.0719428
0.0719343
0.0720632
0.07132
0.0716743
0.0703448
0.0708657
0.0691257
0.0697575
0.0677607
0.0684545
0.0663272
0.0670481
0.0648799
0.0656026
0.0634605
0.064165
0.0621073
0.0627743
0.0608603
0.0614694
0.0597614
0.0602918
0.0588462
0.0592816
0.0581258
0.0584646
0.0575695
0.0578327
0.0570902
0.0573283
0.0565429
0.0568341
0.0557541
0.0561861
0.0545668
0.0552125
0.0529184
0.0537931
0.0509058
0.0519422
0.0487915
0.0498383
0.0470135
0.0478333
0.046105
0.0464266
0.0469162
0.0462248
0.0498505
0.0480141
0.0551469
0.0522249
0.0630632
0.0587516
0.0732632
0.0680033
0.078937
0.0822259
0.0779135
0.0802647
0.0716507
0.0748635
0.0630807
0.0679507
0.145884
0.145427
0.146825
0.146324
0.14832
0.147087
0.149074
0.130237
0.143525
0.137511
0.114723
0.121935
0.101988
0.108272
0.0906847
0.0961617
0.0814047
0.0857815
0.0744758
0.0776768
0.0697632
0.0718764
0.0670919
0.0682084
0.0661817
0.0664562
0.0666985
0.0662958
0.0683087
0.0674008
0.0706252
0.0694095
0.0732619
0.0719277
0.075874
0.0745888
0.0781582
0.0770688
0.0798582
0.0790867
0.0807739
0.0804135
0.0807743
0.0808817
0.0798196
0.0804029
0.0779825
0.0789923
0.075449
0.0767801
0.0724932
0.0740018
0.06941
0.0709507
0.0664419
0.0679027
0.0637369
0.0650551
0.0613476
0.0625068
0.0592544
0.0602708
0.0573999
0.0583045
0.0557181
0.0565435
0.0541536
0.0549257
0.0526673
0.0534039
0.0512277
0.0519443
0.0498009
0.0505154
0.0483286
0.0490738
0.0467176
0.0475444
0.0448306
0.0458139
0.042485
0.0437216
0.0394859
0.0410731
0.0357248
0.0376886
0.0313529
0.0335677
0.0266697
0.029071
0.0635389
0.0685228
0.065997
0.0729325
0.070855
0.0759067
0.074646
0.0763616
0.0765292
0.0728227
0.0751906
0.063575
0.0689989
0.0471803
0.0563351
0.0226296
0.0359381
-0.0100641
0.00722701
-0.0491732
-0.0290208
-0.0904753
-0.0699268
-0.126881
-0.109803
-0.149469
-0.140511
-0.15077
-0.152926
-0.130661
-0.143055
-0.0961714
-0.114556
-0.0576426
-0.0766549
-0.0246884
-0.0401341
-0.00117081
-0.0116991
0.013214
0.00698795
0.0209017
0.0177318
0.0242572
0.0230361
0.0248352
0.0526132
0.0384785
-0.356053
0.0157433
0.0606643
0.0991253
0.104522
-0.0449448
-0.0527368
0.143905
0.0243577
0.018935
-0.466517
-0.34383
0.0161183
-0.0212683
0.125659
-0.085317
-0.076448
-0.00515038
0.0559279
-0.533839
-0.265609
-0.0603705
0.0911045
-0.120164
0.0911961
0.0863395
0.09203
-0.0353023
-0.127728
-0.538572
-0.152377
0.0162958
0.0546603
-0.101893
-0.113998
-0.129716
-0.488668
-0.0638481
-0.150111
-0.402012
-0.0513702
-0.214402
-0.301808
0.148047
0.0542747
0.0559572
0.055032
0.05826
0.0572558
0.0599346
0.0591738
0.0614449
0.0607149
0.0627496
0.0621216
0.0639259
0.063346
0.0650803
0.0644998
0.0662829
0.0656729
0.0675447
0.0669082
0.0688004
0.0681792
0.0699112
0.069382
0.0707001
0.0703505
0.0710352
0.070923
0.0708729
0.0710085
0.070262
0.0706123
0.0693064
0.069816
0.0681157
0.06873
0.0667902
0.0674628
0.0654067
0.0661012
0.0640192
0.0647106
0.0626681
0.0633374
0.0613875
0.0620178
0.0602112
0.0607854
0.0591724
0.0596742
0.0582969
0.0587151
0.0575889
0.0579245
0.057017
0.0572906
0.0565048
0.0567599
0.0559336
0.0562334
0.0551677
0.0555801
0.0540939
0.0546698
0.0526836
0.0534241
0.0510373
0.0518763
0.0494002
0.0501976
0.048161
0.0487088
0.0477973
0.0478457
0.0489735
0.04817
0.0520393
0.0503014
0.0573251
0.0544235
0.0651617
0.0609081
0.0751315
0.0699842
0.0805139
0.0883697
0.0900035
0.0843836
0.0865352
0.0794661
0.0820067
0.0719854
0.0765731
0.0697442
0.0692079
0.155603
0.157102
0.15625
0.155076
0.155273
0.155055
0.154973
0.155823
0.155397
0.144008
0.154067
0.155462
0.130441
0.137609
0.115663
0.122869
0.103443
0.109426
0.0927139
0.0979354
0.0837373
0.0879843
0.0769187
0.0800862
0.0721361
0.074305
0.069226
0.0704793
0.0679537
0.0684207
0.0680184
0.0678513
0.0691112
0.0684669
0.0708907
0.069943
0.0730121
0.0719311
0.0751613
0.0740999
0.0770602
0.0761531
0.0784718
0.0778324
0.0792101
0.0789251
0.0791513
0.0792745
0.0782529
0.0787954
0.0765697
0.0774926
0.0742546
0.0754713
0.071535
0.0729259
0.06866
0.0701016
0.0658418
0.0672348
0.063219
0.0645034
0.0608509
0.0620054
0.0587337
0.0597658
0.056828
0.05776
0.0550844
0.0559408
0.0534599
0.054261
0.0519235
0.0526833
0.0504471
0.0511802
0.0489996
0.0497225
0.0475205
0.0482677
0.0459105
0.0467363
0.0440273
0.0450082
0.0416916
0.0429204
0.0387216
0.0402861
0.0350286
0.0369562
0.0307389
0.0329167
0.0261435
0.0284828
0.0222143
0.0217143
0.0238104
0.0622297
0.06758
0.0649064
0.0721302
0.0699866
0.0754224
0.0739949
0.0761747
0.0762031
0.0728033
0.0751046
0.0636905
0.069036
0.0476501
0.05658
0.0240571
0.0367867
-0.00668725
0.00948816
-0.0426706
-0.024223
-0.0799361
-0.0614773
-0.112244
-0.097154
-0.131985
-0.124134
-0.133188
-0.135034
-0.115643
-0.126477
-0.0853161
-0.101511
-0.0513064
-0.0681704
-0.0218317
-0.0356959
-0.000541054
-0.0101036
0.0126159
0.00693232
0.0194559
0.0166778
0.0222535
0.0212254
0.0227986
0.0227533
0.0225831
0.0299623
-0.422308
-0.00441609
0.0593014
0.118694
0.122615
-0.069281
-0.0781793
-0.101844
0.00692489
-0.522499
-0.381798
-0.00606984
-0.0453275
0.112827
-0.118531
0.0970769
0.0975227
0.0866717
0.091449
0.145113
0.152977
-0.0228736
-0.148923
-0.562132
-0.283976
0.0224917
-0.00418242
-0.0901848
-0.145895
0.0210353
0.0190784
0.0183715
0.143336
0.0516104
0.158217
-0.0583541
0.0541637
0.0491697
0.0639699
-0.163942
-0.535722
-0.17903
-0.137643
-0.164763
-0.465132
-0.129073
-0.194713
-0.37013
-0.147077
-0.272843
0.0539577
0.0529409
0.0561412
0.0550681
0.0580244
0.0571207
0.0597256
0.0588901
0.0612432
0.0605017
0.0626351
0.0619463
0.0639803
0.0633081
0.0653255
0.0646508
0.0666668
0.0659983
0.0679364
0.0673151
0.0690103
0.0685034
0.0697419
0.0694213
0.0700252
0.0699369
0.0698299
0.0699793
0.0692041
0.0695596
0.0682459
0.0687556
0.0670637
0.0676728
0.0657591
0.0664194
0.0644093
0.0650849
0.06307
0.0637352
0.0617808
0.0624171
0.0605725
0.0611651
0.0594724
0.060008
0.058505
0.0589717
0.0576862
0.0580776
0.0570127
0.0573332
0.0564526
0.056722
0.0559382
0.0561945
0.0553725
0.0556666
0.0546502
0.0550341
0.0536925
0.0541999
0.0524949
0.0531171
0.0511609
0.0518327
0.0499174
0.0505108
0.0491077
0.0494395
0.0491693
0.0490087
0.0506119
0.0497088
0.0538362
0.0519917
0.0591335
0.0561577
0.066713
0.0625627
0.0763377
0.0713414
0.0817098
0.0943764
0.0959397
0.0910321
0.0927748
0.0874111
0.0892109
0.0833703
0.0851793
0.0812007
0.0823916
0.166147
0.169923
0.167795
0.163899
0.164933
0.162889
0.163255
0.162598
0.162734
0.161302
0.162046
0.130831
0.137878
0.116685
0.123609
0.104596
0.110465
0.0943193
0.0993141
0.0856428
0.0897637
0.0789411
0.0820689
0.0741204
0.0763263
0.0710205
0.0723851
0.0694377
0.0700715
0.0691063
0.0691459
0.069744
0.069332
0.0710484
0.0703381
0.0727123
0.071856
0.0744511
0.0735877
0.0760105
0.0752635
0.0771716
0.076646
0.0777595
0.0775372
0.0776551
0.0777887
0.0768104
0.0773149
0.0752619
0.0761091
0.073132
0.0742518
0.0706081
0.0719016
0.0679009
0.0692628
0.0651976
0.0665393
0.0626293
0.0638925
0.0602622
0.0614208
0.0581085
0.0591616
0.0561472
0.0571076
0.0543445
0.0552296
0.0526689
0.0534936
0.0510946
0.0518712
0.0495961
0.0503379
0.0481394
0.0488652
0.046661
0.0474067
0.0450566
0.0458792
0.043181
0.0441577
0.0408589
0.0420792
0.0379226
0.0394656
0.0342936
0.0361838
0.0300874
0.032239
0.0254744
0.0278101
0.023121
0.0603311
0.0662527
0.0633618
0.071017
0.0687451
0.0745715
0.0730209
0.075483
0.0754494
0.0721425
0.0744367
0.0631134
0.0683959
0.0474734
0.0561417
0.0249992
0.0370538
-0.00348133
0.0113989
-0.0358131
-0.0193622
-0.0682841
-0.0523206
-0.0956147
-0.0829497
-0.111768
-0.105414
-0.112288
-0.114072
-0.0971703
-0.106447
-0.0713707
-0.0851365
-0.0424696
-0.0568162
-0.0172188
-0.0291282
0.00112825
-0.00712297
0.01249
0.0075931
0.0182803
0.0159573
0.0204892
0.0196974
0.0208103
0.0208124
0.0201302
0.0205713
0.0196367
0.0205663
-0.470888
-0.0262755
-0.0110449
0.0569737
0.0763731
0.0560424
0.142613
0.141723
0.172619
0.052364
0.103742
0.0499507
0.159429
-0.111088
-0.100526
-0.0517132
0.0483624
0.0875155
0.0968557
0.175848
0.16109
0.0202213
-0.00769925
0.0305911
-0.160924
-0.548577
-0.402528
-0.0273223
-0.0741721
0.160662
0.140126
-0.187955
0.0170644
0.0165414
-0.0431241
0.0676833
0.0454782
-0.190794
-0.555428
-0.297905
-0.0340714
-0.124575
-0.0871812
-0.20848
-0.501935
-0.223676
-0.176652
-0.153188
-0.141413
-0.211252
0.0514611
0.0492817
0.0908699
0.090765
-0.417728
-0.218548
-0.242515
0.0903187
0.0270329
-0.327166
0.0517525
0.0503056
0.0540639
0.0529618
0.0561594
0.0551278
0.0580306
0.0571118
0.0597366
0.058898
0.0613285
0.0605403
0.0628577
0.0620967
0.0643492
0.0636065
0.0657822
0.065074
0.0670835
0.0664522
0.0681391
0.0676448
0.0688258
0.0685285
0.0690585
0.0689943
0.0688207
0.0689894
0.0681634
0.0685329
0.0671817
0.0677008
0.0659882
0.0666011
0.0646838
0.0653415
0.0633496
0.0640143
0.0620442
0.0626889
0.0608082
0.0614143
0.0596701
0.0602244
0.0586512
0.0591438
0.0577667
0.0581908
0.057022
0.0573764
0.0564057
0.0566984
0.0558832
0.0561346
0.0553936
0.0556369
0.0548567
0.0551336
0.0541918
0.0545413
0.0533468
0.0537895
0.0523352
0.0528551
0.0512624
0.0517954
0.0503379
0.0507672
0.0498675
0.0500299
0.0502448
0.0499338
0.0518922
0.0509019
0.0551691
0.0533272
0.0603957
0.0575339
0.0677777
0.0638308
0.0770439
0.0723087
0.0822094
0.10286
0.10372
0.103529
0.100383
0.101733
0.0977106
0.0990101
0.0952841
0.0964641
0.0936063
0.0942008
0.0936683
0.0934671
0.0937861
0.181896
0.190839
0.185917
0.176095
0.178638
0.172374
0.174033
0.170327
0.171162
0.169332
0.169739
0.168523
0.16888
0.160592
0.168279
0.168429
0.145133
0.152876
0.130588
0.137659
0.117183
0.123792
0.105391
0.111128
0.0954956
0.100287
0.0871417
0.091124
0.0805766
0.083654
0.0757483
0.0779745
0.0725007
0.0739547
0.0706537
0.0714311
0.0699754
0.0701965
0.0702119
0.0700048
0.0710956
0.0705956
0.0723544
0.0716967
0.073732
0.0730422
0.0749962
0.0743875
0.075944
0.0755142
0.0764098
0.0762369
0.0762755
0.0764126
0.0754853
0.0759525
0.0740571
0.0748367
0.0720844
0.0731218
0.0697198
0.0709337
0.0671426
0.0684427
0.0645199
0.0658258
0.0619784
0.0632324
0.0595936
0.0607638
0.0573942
0.0584708
0.0553769
0.0563642
0.0535226
0.0544311
0.0518083
0.0526494
0.0502118
0.0509968
0.0487063
0.0494493
0.0472525
0.0479755
0.0457833
0.0465238
0.04419
0.0450071
0.0423256
0.0432967
0.0400188
0.0412308
0.0371122
0.038639
0.0335322
0.0353969
0.0293472
0.0315016
0.0247655
0.0270796
0.0223597
0.0581455
0.0548062
0.0643939
0.0613662
0.0694526
0.0670199
0.0732583
0.0715977
0.0742873
0.0742149
0.0709165
0.0732363
0.0618945
0.0671525
0.046629
0.0550374
0.0253505
0.0366783
-0.000693806
0.0127958
-0.0291423
-0.0148087
-0.0565521
-0.0432209
-0.0786207
-0.0685222
-0.0908946
-0.0861991
-0.0903779
-0.0922753
-0.0774041
-0.0852454
-0.0560363
-0.0673926
-0.0323412
-0.0440895
-0.0116147
-0.0213939
0.00342814
-0.003331
0.0126586
0.00870262
0.0172561
0.0154294
0.0188817
0.0183307
0.0189417
0.0190409
0.0181403
0.0186256
0.0175936
0.0103828
-0.161216
-0.492637
-0.0519253
0.196321
0.179359
0.133928
0.137533
-0.252838
0.019158
0.0161288
-0.02401
0.0222622
-0.209311
-0.541612
-0.404796
-0.0559078
-0.10762
0.160138
0.168069
-0.0690858
0.0709965
0.039569
-0.241972
-0.519125
-0.317613
-0.0720895
-0.161202
-0.208208
-0.19457
-0.124812
-0.270542
0.0477919
0.0467812
0.100951
0.044823
0.0871586
0.110121
0.0438515
0.114277
0.111678
0.0723182
-0.266941
-0.44529
-0.291816
-0.21453
0.204169
0.211557
0.110564
0.103604
0.111066
0.127742
0.0715425
-0.0150699
-0.358974
-0.32419
-0.281786
0.138978
0.14045
0.16181
0.0432601
0.0460767
0.0442276
0.049528
0.0478725
0.0521134
0.0508982
0.0543702
0.053247
0.0564007
0.0554044
0.0582704
0.0573469
0.0600375
0.0591587
0.061734
0.0608876
0.0633657
0.0625527
0.0648959
0.0641401
0.0662438
0.0655903
0.0672999
0.0668054
0.0679563
0.0676725
0.0681451
0.0680999
0.0678607
0.0680494
0.0671609
0.0675483
0.0661417
0.0666759
0.0649176
0.0655408
0.0635929
0.0642547
0.0622542
0.0629139
0.0609652
0.0615934
0.0597693
0.0603465
0.0586947
0.0592085
0.0577577
0.0582015
0.0569645
0.0573365
0.0563094
0.0566143
0.0557712
0.0560216
0.0553105
0.0555285
0.0548695
0.0550858
0.0543806
0.0546295
0.0537824
0.0540927
0.0530434
0.0534259
0.0521906
0.0526237
0.0513299
0.0517509
0.0506551
0.0509571
0.0504419
0.0504779
0.0510386
0.0506271
0.0528132
0.0517724
0.0560985
0.0542654
0.0612203
0.0584299
0.068455
0.0645826
0.0777667
0.0729901
0.088717
0.0828759
0.0959112
0.108688
0.109784
0.106315
0.107489
0.104222
0.105188
0.102962
0.103476
0.103208
0.102809
0.105277
0.104032
0.108938
0.106703
0.121834
0.113533
0.129946
0.19277
0.19787
0.185269
0.188583
0.1803
0.182434
0.177342
0.178605
0.175877
0.176466
0.175514
0.175459
0.175773
0.175679
0.144466
0.152276
0.130125
0.137074
0.117318
0.123595
0.10587
0.111431
0.0963252
0.100936
0.0882929
0.0921363
0.0818755
0.0848973
0.0770594
0.0792961
0.0736959
0.0752238
0.0716228
0.0725257
0.0706391
0.0710211
0.0705204
0.0704947
0.0710318
0.0707168
0.0719337
0.0714488
0.0729967
0.0724551
0.0740089
0.0735144
0.0747809
0.0744255
0.0751532
0.075013
0.0750059
0.0751358
0.0742726
0.0746993
0.0729521
0.0736684
0.0711107
0.0720763
0.0688715
0.0700198
0.066388
0.0676406
0.0638138
0.0650957
0.0612756
0.0625274
0.05886
0.0600432
0.0566126
0.0577089
0.0545465
0.0555525
0.0526541
0.0535755
0.0509184
0.0517644
0.0493171
0.0500994
0.0478186
0.0485546
0.046379
0.047094
0.0449262
0.0456573
0.0433468
0.044156
0.0414934
0.0424579
0.0391981
0.0404026
0.0363103
0.0378255
0.0327532
0.0346068
0.0285765
0.03073
0.0239963
0.026304
0.0216072
0.0395278
0.0455294
0.0423704
0.050717
0.0481719
0.0561846
0.0534002
0.06222
0.0592477
0.0674812
0.0649365
0.0713594
0.0696885
0.0722725
0.0722784
0.0686978
0.0711153
0.0596378
0.0648763
0.0448276
0.0529226
0.0248998
0.0354173
0.00145208
0.0134755
-0.02304
-0.0108435
-0.0454661
-0.0347093
-0.0624528
-0.0548246
-0.0709718
-0.0678929
-0.0693323
-0.0714125
-0.05823
-0.0647873
-0.0409514
-0.0500673
-0.0221693
-0.0314485
-0.00587539
-0.0135457
0.00585071
0.00059792
0.0129102
0.00991177
0.0162984
0.0149734
0.0173535
0.0170342
0.0171481
0.0173566
0.0162167
0.0167636
0.0149448
0.0155847
0.0137742
0.0143397
-0.00157157
-0.214571
-0.489759
-0.0840244
0.203259
0.183834
0.175952
-0.0453072
0.0104749
-0.265047
-0.509418
-0.401218
-0.0957196
-0.145167
-0.173648
-0.3535
0.127519
0.162671
0.169729
-0.102928
0.0342086
-0.309191
-0.462414
-0.352129
-0.193919
0.215676
0.224265
0.220602
0.117217
0.118462
0.103404
0.111553
0.0115532
0.01309
0.0109625
0.0855782
0.118071
0.0426589
-0.342476
-0.377921
-0.375885
-0.240501
0.037197
0.0348892
-0.299032
-0.278226
0.162915
-0.267484
0.164601
0.0409649
0.0442835
0.042675
0.0474943
0.0459039
0.050313
0.0489717
0.0527397
0.051525
0.0549098
0.0538097
0.0569044
0.0558862
0.0588164
0.0578326
0.0606509
0.0597073
0.0624026
0.0615053
0.0640239
0.0632016
0.0654263
0.0647264
0.0664995
0.0659772
0.0671442
0.066845
0.0673031
0.0672488
0.0669793
0.0671609
0.0662343
0.0666152
0.0651683
0.0656952
0.0638978
0.0645119
0.0625336
0.0631815
0.0611687
0.0618064
0.0598739
0.0604692
0.0586985
0.0592299
0.0576727
0.0581281
0.0568102
0.0571855
0.0561096
0.056408
0.055554
0.0557864
0.0551113
0.0552956
0.0547339
0.0548953
0.0543635
0.0545314
0.0539401
0.0541436
0.0534163
0.0536766
0.0527754
0.0530963
0.0520546
0.0524107
0.0513595
0.0516902
0.0508701
0.0510773
0.0508361
0.0507871
0.0515649
0.0510996
0.0533829
0.0523362
0.0566022
0.054816
0.0615363
0.0588492
0.0685056
0.0647523
0.0776123
0.0728425
0.0891436
0.0830136
0.0959576
0.11447
0.115861
0.112001
0.113131
0.110481
0.111108
0.110284
0.110191
0.112044
0.110897
0.116354
0.113869
0.124136
0.119604
0.139596
0.130893
0.149741
0.202511
0.20845
0.193525
0.197597
0.187526
0.19019
0.183907
0.18547
0.182124
0.182824
0.181946
0.181836
0.182873
0.182325
0.176146
0.184526
0.183644
0.159335
0.167724
0.143506
0.151231
0.12941
0.136184
0.117019
0.123021
0.106034
0.111355
0.0968031
0.101245
0.089091
0.0927897
0.0828476
0.0858108
0.0780668
0.0803145
0.074618
0.0762168
0.0723551
0.073376
0.0711057
0.0716356
0.0706759
0.0708114
0.0708623
0.070705
0.0714558
0.0711102
0.0722517
0.0718199
0.0730559
0.0726348
0.0736895
0.0733681
0.0739959
0.0738515
0.0738504
0.073943
0.0731737
0.0735384
0.0719454
0.0725865
0.0702079
0.0710978
0.06806
0.0691437
0.0656373
0.0668438
0.0630856
0.0643415
0.0605359
0.0617777
0.0580873
0.0592692
0.0558009
0.0568965
0.0537028
0.0547027
0.0517933
0.0527
0.0500572
0.05088
0.0484689
0.0492216
0.0469907
0.0476955
0.0455717
0.0462508
0.0441368
0.044837
0.0425675
0.0433502
0.0407174
0.0416585
0.0384221
0.0396042
0.0355349
0.0370265
0.0319776
0.0338073
0.027796
0.0299223
0.0231614
0.0254631
0.018181
0.0206818
0.0154867
0.0432435
0.0401609
0.0488076
0.0460208
0.0540712
0.0514976
0.0597005
0.0568646
0.0649445
0.0623875
0.0687861
0.067146
0.0695334
0.0696369
0.0657263
0.0682561
0.0565655
0.0618185
0.042166
0.0499599
0.0236379
0.0333072
0.00287575
0.0133914
-0.0176913
-0.00759024
-0.0354176
-0.0270577
-0.0478159
-0.0423948
-0.053032
-0.0513658
-0.0504156
-0.0526492
-0.0409693
-0.0463873
-0.0273156
-0.03444
-0.012913
-0.0199827
-0.000657784
-0.00639427
0.00800257
0.00414647
0.013059
0.0109401
0.0153311
0.0144721
0.0158535
0.0157493
0.0154055
0.0157137
0.0143818
0.0149524
0.0129292
0.0136986
0.0122188
-0.0182441
-0.277663
-0.468123
-0.123563
-0.366422
-0.337736
-0.241648
-0.429857
-0.113792
0.181926
0.144407
-0.0743325
-0.0045665
-0.33935
-0.371082
-0.46181
-0.39953
-0.142992
-0.18043
-0.146462
0.225572
0.234941
0.234712
0.119728
0.10351
0.112073
0.211313
0.216883
0.24248
0.176262
0.185467
0.00963461
0.00894398
0.0124231
0.0102578
0.032018
0.166098
0.168674
0.104208
-0.396555
-0.478514
-0.397367
-0.401316
-0.212281
0.0349497
0.0328108
0.0346066
0.0324304
-0.247293
-0.312602
-0.465592
-0.437966
0.000733246
0.0936396
0.188599
0.211758
0.0387835
0.0369178
0.0425912
0.0408435
0.0458226
0.0442819
0.0487254
0.04733
0.0512775
0.0500339
0.0535622
0.0524452
0.0556368
0.0546331
0.0576821
0.0566821
0.05962
0.0586638
0.0614641
0.0605578
0.0631603
0.0623372
0.0646126
0.0639245
0.0657091
0.0652118
0.0663534
0.066091
0.0664935
0.0664849
0.0661371
0.0663709
0.0653489
0.0657873
0.0642322
0.0648206
0.0629065
0.0635847
0.0614885
0.0621996
0.060079
0.0607752
0.0587582
0.0594022
0.0575834
0.0581493
0.05659
0.0570629
0.055792
0.0561674
0.0551825
0.0554662
0.0547344
0.0549422
0.0544029
0.0545589
0.0541299
0.0542642
0.0538526
0.0539964
0.0535139
0.0536941
0.0530743
0.0533077
0.0525283
0.0528122
0.0519208
0.0522259
0.0513572
0.0516231
0.051005
0.0511405
0.0510904
0.0509759
0.0518842
0.0513801
0.0536769
0.0526372
0.056761
0.0550389
0.0614389
0.0588816
0.0680441
0.0644773
0.0769136
0.0721805
0.0886644
0.0823758
0.0956876
0.119948
0.123512
0.121639
0.117391
0.118516
0.116314
0.116669
0.117063
0.116442
0.120254
0.118333
0.126453
0.122961
0.137396
0.13116
0.154644
0.145262
0.179814
0.165901
0.196922
0.211086
0.217686
0.200908
0.205557
0.194064
0.197133
0.189893
0.191695
0.187939
0.188677
0.187938
0.187722
0.189606
0.188584
0.192595
0.191008
0.158312
0.167136
0.142222
0.149938
0.128302
0.134995
0.116257
0.122077
0.105785
0.110852
0.0969276
0.101168
0.0895474
0.093068
0.0835144
0.0863699
0.0787968
0.0810048
0.0752911
0.0769092
0.0728695
0.0739609
0.0713882
0.0720265
0.0706851
0.0709519
0.0705875
0.0705699
0.0709153
0.0707039
0.0714863
0.0711723
0.072121
0.0717941
0.0726476
0.0723931
0.0729097
0.0728043
0.0727744
0.0728819
0.0721487
0.0725105
0.070994
0.0716227
0.0693329
0.0702099
0.0672467
0.0683249
0.0648598
0.0660727
0.0623163
0.0635907
0.0597542
0.0610227
0.0572842
0.0584954
0.0549792
0.0561012
0.0528736
0.0538934
0.0509711
0.05189
0.0492549
0.0500831
0.0476939
0.0484484
0.046244
0.04695
0.0448451
0.0455316
0.0434207
0.0441311
0.0418491
0.0426489
0.0399848
0.0409499
0.0376675
0.0388789
0.0347547
0.03628
0.0311692
0.0330376
0.0269376
0.029125
0.0222158
0.0246251
0.0172348
0.019746
0.0148357
0.0400191
0.0371607
0.045659
0.0428378
0.0511259
0.0484713
0.056605
0.0538511
0.0617285
0.0592303
0.0653497
0.0638298
0.0657077
0.0660232
0.0614244
0.064181
0.05203
0.057336
0.0381155
0.0455423
0.0212034
0.0299025
0.00333897
0.0122485
-0.0132703
-0.00524939
-0.0265822
-0.0204327
-0.0349682
-0.0314389
-0.0374915
-0.0369475
-0.0342158
-0.0364916
-0.0263089
-0.0306951
-0.0158161
-0.0212105
-0.00517563
-0.0103477
0.00360529
-0.000464819
0.0096262
0.00697285
0.0129771
0.0116035
0.0143001
0.0138394
0.0143588
0.0144419
0.0137107
0.0140956
0.0126223
0.0132119
0.0111734
0.0119342
0.0103512
-0.0406245
-0.36165
-0.438184
-0.165939
-0.294123
-0.206379
0.246072
0.12553
0.120999
0.246727
0.27575
0.194331
0.00806253
-0.111403
-0.0198294
0.17308
-0.427922
-0.464664
-0.409498
-0.407123
-0.171505
-0.190638
-0.200335
0.0332194
0.0310487
0.0304608
0.0317488
0.0297295
-0.210444
-0.337004
-0.458905
-0.498662
0.0862937
0.0330923
0.231532
0.194851
0.247111
0.222641
0.259088
0.244789
0.202171
0.212662
0.262095
0.23512
0.251395
0.274509
0.260726
0.28027
0.273982
0.303568
0.280247
0.29283
0.127711
0.301724
0.129904
0.313965
0.326219
0.338124
0.168646
0.366389
0.356537
0.335902
-0.51763
0.135183
0.13836
0.10665
0.202511
0.315473
0.293159
-0.259608
0.517543
0.565179
0.52494
0.573249
0.0371489
0.035203
0.0410417
0.0392097
0.0444593
0.0428476
0.0474524
0.0460242
0.0500995
0.0488267
0.0524849
0.0513243
0.0547305
0.0536154
0.0567639
0.0557433
0.0587537
0.0577681
0.06065
0.0597163
0.0623893
0.0615446
0.0638706
0.0631686
0.0649831
0.0644789
0.0656314
0.0653688
0.0657646
0.0657622
0.0653908
0.0656369
0.0645741
0.0650306
0.0634174
0.0640291
0.0620423
0.0627477
0.0605701
0.0613096
0.0591089
0.0598307
0.0577478
0.05841
0.0565536
0.0571257
0.0555688
0.0560325
0.0548111
0.0551608
0.0542718
0.054515
0.0539167
0.0540735
0.0536908
0.0537908
0.0535255
0.053604
0.0533511
0.0534424
0.0531069
0.0532394
0.0527558
0.0529442
0.0522985
0.0525369
0.0517847
0.0520417
0.0513179
0.051535
0.0510553
0.0511475
0.0512019
0.0510614
0.051998
0.0515013
0.0537047
0.0527197
0.0565963
0.0549839
0.060975
0.0585792
0.0671957
0.0638306
0.0757385
0.0711343
0.0874332
0.0811284
0.103027
0.094751
0.122071
0.112208
0.129425
0.132166
0.125032
0.127049
0.122364
0.123488
0.121653
0.121775
0.123202
0.122135
0.127563
0.125025
0.135528
0.13106
0.148412
0.141304
0.167676
0.157229
0.195484
0.180228
0.235571
0.214045
0.291865
0.261048
0.361632
0.369069
0.327837
0.370152
0.439064
0.431239
0.399673
0.321511
0.344529
0.283716
0.301368
0.254986
0.26827
0.233851
0.243601
0.218399
0.225535
0.207357
0.212422
0.199841
0.203221
0.19527
0.19724
0.193226
0.193973
0.193471
0.193106
0.195892
0.194411
0.200086
0.197788
0.175996
0.196286
0.186216
0.156842
0.166106
0.140472
0.148313
0.126652
0.13328
0.114996
0.120607
0.105074
0.109844
0.0966885
0.100705
0.0896605
0.0930173
0.0838582
0.0866108
0.0792302
0.0814013
0.0756961
0.0773326
0.0731513
0.0743066
0.0714803
0.0722144
0.070552
0.0709322
0.0702234
0.0703226
0.0703397
0.0702367
0.0707372
0.0705148
0.0712466
0.0709897
0.071699
0.0714915
0.0719347
0.0718548
0.0718117
0.0719276
0.0712238
0.0715828
0.0701181
0.0707393
0.0685042
0.0693748
0.0664535
0.0675304
0.0640866
0.0653046
0.0615495
0.0628339
0.0589868
0.060267
0.056517
0.057738
0.0542194
0.0553468
0.0521313
0.0531512
0.0502555
0.0511701
0.0485714
0.0493932
0.0470423
0.0477918
0.0456189
0.0463221
0.0442319
0.0449252
0.0428033
0.0435304
0.041211
0.042037
0.0393107
0.0403104
0.0369481
0.0381989
0.0339884
0.0355531
0.0303598
0.0322635
0.0260903
0.0283056
0.0213276
0.0237583
0.0163227
0.0188403
0.0115199
0.0139562
0.00720673
0.00945928
0.0364776
0.0339378
0.0419407
0.0391252
0.0474546
0.0447266
0.0528823
0.0501838
0.0577813
0.0554136
0.0609997
0.0596965
0.0608213
0.0614104
0.0560262
0.0590166
0.0464059
0.0517591
0.0329895
0.0400363
0.017758
0.0254417
0.00287257
0.0101376
-0.00983622
-0.00384138
-0.0190675
-0.014924
-0.0240398
-0.0220785
-0.0245179
-0.0247847
-0.0209629
-0.0231402
-0.0145225
-0.0179713
-0.00673428
-0.0106643
0.000777642
-0.00282531
0.00670669
0.00399785
0.0105707
0.00889677
0.0125399
0.0117643
0.0131111
0.0129615
0.0128155
0.0130384
0.0120298
0.0124627
0.0109264
0.0115107
0.00956632
0.0102731
0.00797257
0.00876048
0.00643651
0.00719865
-0.0679728
0.512592
0.462953
0.490535
0.227093
0.413371
0.494419
0.457192
-0.444152
-0.409718
-0.198384
0.0286896
0.00583219
0.0278282
-0.0658673
0.202732
0.132226
-0.236477
-0.235812
-0.196153
-0.36372
-0.423405
-0.53493
0.418641
0.531674
0.302717
0.176356
0.553124
0.480614
-0.162095
-0.0356952
-0.317184
-0.267364
-0.564465
-0.596089
-0.578535
0.141936
0.205759
0.0320895
0.132927
0.352555
0.25066
0.379386
0.441693
0.0606006
-0.289572
-0.228759
0.0261571
-0.540892
0.00504669
-0.313922
0.00405528
0.636489
0.627063
-0.211706
-0.389856
-0.550181
0.476445
0.247105
0.519994
-0.102111
-0.308113
-0.512566
0.00569305
0.00648512
0.00727301
0.00800346
0.00867024
0.00928888
0.00985673
0.0103672
0.010825
0.0112234
0.0115454
0.011768
0.0118542
0.0117626
0.0114405
0.0108446
0.00991767
0.00864856
0.00699649
0.00498135
0.00262583
2.89263e-05
-0.00270043
-0.00543457
-0.00805195
-0.0104238
-0.0124106
-0.013892
-0.0147477
-0.0149001
-0.0142748
-0.0128399
-0.0105574
-0.00742247
-0.00343042
0.00137397
0.00691881
0.0130666
0.0196361
0.0263863
0.0330297
0.0392506
0.0447397
0.0492369
0.0525782
0.0546956
0.0556195
0.055457
0.0543983
0.0526533
0.0504612
0.0480316
0.045454
0.0427877
0.0401675
0.0375347
0.0349616
0.0325394
0.0303138
0.0284002
0.0265808
0.02488
0.0234052
-0.264426
-0.155401
0.0506923
0.434633
0.31126
0.175568
0.0391138
0.00353396
0.00488779
0.00652044
0.0085178
0.010661
0.0130534
0.0154767
0.0180202
0.0205076
0.0229562
0.0252971
0.02752
0.0296004
0.0315174
0.0332742
0.0348573
0.0362898
0.0375637
0.0387129
0.0397345
0.0406669
0.041509
0.0422984
0.0430334
0.0437485
0.0444402
0.0451409
0.0458286
0.0465444
0.0472746
0.0480456
0.0488447
0.0496961
0.0505853
0.0515353
0.0525292
0.0535882
0.0546908
0.055855
0.0570532
0.0582994
0.0595588
0.0608413
0.062106
0.0633599
0.0645579
0.0657077
0.0667633
0.0677363
0.0685841
0.0693252
0.0699234
0.0704059
0.0707445
0.070975
0.0710769
0.0710932
0.0710103
0.0708757
0.07068
0.0704722
0.070245
0.0700479
0.0698745
0.0697728
0.0697365
0.0698106
0.0699885
0.0703119
0.0707734
0.0714111
0.0722173
0.073226
0.0744297
0.0758587
0.0775044
0.0793952
0.0815221
0.0839124
0.0865525
0.0894678
0.0926431
0.0961173
0.0998799
0.103986
0.108425
0.11328
0.118557
0.124391
0.130793
0.137937
0.145818
0.154613
0.164313
0.174958
0.186427
0.197975
0.209012
0.219133
0.214649
0.210566
0.207001
0.204012
0.201581
0.199683
0.198453
0.197871
0.19792
0.198632
0.200011
0.202096
0.204914
0.208522
0.21297
0.218343
0.224713
0.232193
0.240862
0.250875
0.262412
0.27565
0.290631
0.307461
0.326196
0.347544
0.370974
0.395978
0.422018
0.447059
0.468158
0.482718
0.489
0.482304
0.464319
0.436108
0.401569
0.365791
0.331433
0.300125
0.272359
0.248263
0.226784
0.207675
0.191769
0.178449
0.16726
0.15772
0.149733
0.143227
0.138048
0.133956
0.130836
0.128574
0.127124
0.126383
0.12632
0.126855
0.127993
0.129697
0.131962
0.134791
0.138151
0.141809
0.146053
0.150835
0.156241
0.146286
0.134798
0.122967
0.111818
0.101783
0.0930746
0.0856339
0.079346
0.0740507
0.0695942
0.0658588
0.0627175
0.0600925
0.0578984
0.0561007
0.0546318
0.0534741
0.0525725
0.0519169
0.0514537
0.0511764
0.0510323
0.0510189
0.0510844
0.0512313
0.0514095
0.0516282
0.0518408
0.0520637
0.0522548
0.0524382
0.0525766
0.0527017
0.0527807
0.052852
0.0528867
0.0529277
0.0529497
0.0529964
0.0530445
0.0531366
0.0532499
0.0534245
0.0536365
0.0539216
0.0542542
0.0546647
0.0551252
0.0556608
0.0562413
0.0568868
0.0575652
0.0582919
0.0590333
0.0598009
0.0605593
0.0613171
0.0620375
0.0627272
0.0633485
0.0639081
0.0643682
0.0647391
0.0649834
0.0651196
0.0651133
0.0649889
0.0647225
0.064342
0.063834
0.0632298
0.062524
0.0617471
0.060896
0.0599977
0.0590509
0.0580768
0.0570751
0.0560594
0.0550277
0.0539503
0.0528298
0.051675
0.0504797
0.0492181
0.0478998
0.0464835
0.0449985
0.0433761
0.041681
0.0398149
0.0379363
0.0358709
0.0337533
0.0316005
0.0293425
0.0270382
0.024653
0.0221651
0.0039302
-0.59221
-0.217737
-0.27545
-0.443786
-0.330793
-0.632844
-0.626071
-0.609129
0.578186
0.423794
0.178054
0.34573
0.495801
0.603899
-0.0571554
-0.237825
-0.15128
0.549645
0.278121
0.501953
-0.622493
-0.379775
-0.241013
-0.747514
-0.286916
-0.554944
0.00443633
0.00514115
0.00580364
0.00643173
0.00703965
0.00760845
0.00813486
0.00861779
0.0090662
0.00947488
0.00984062
0.0101478
0.0103787
0.0105065
0.0105027
0.0103382
0.00997353
0.00939605
0.00856553
0.00747313
0.00611438
0.00454602
0.00282009
0.00100957
-0.000833636
-0.00262847
-0.00430564
-0.00577472
-0.00696889
-0.00780298
-0.00821662
-0.00812575
-0.0074537
-0.00610034
-0.00397515
-0.00100917
0.00283529
0.00750744
0.0128987
0.0187887
0.0249016
0.0308822
0.0363868
0.0410852
0.0447605
0.0472752
0.04862
0.0488628
0.0481816
0.0467707
0.0448618
0.0426528
0.0402733
0.0377937
0.0353666
0.032972
0.0306705
0.0285347
0.026547
0.0247762
0.0231516
0.0216618
0.0203479
0.0193386
0.00200137
0.0808664
0.247896
0.228742
0.223056
0.217877
0.213368
0.209565
0.206543
0.204266
0.202756
0.201977
0.201935
0.202637
0.204076
0.206265
0.209249
0.213059
0.217758
0.223396
0.230054
0.237802
0.24673
0.256936
0.26855
0.281634
0.29616
0.312247
0.330119
0.349523
0.370407
0.391825
0.413393
0.43382
0.450393
0.460392
0.462467
0.456308
0.44173
0.419823
0.392585
0.362829
0.332826
0.3046
0.278972
0.255904
0.235203
0.216777
0.200706
0.186904
0.175116
0.165084
0.156604
0.149557
0.143822
0.139241
0.135713
0.133113
0.131372
0.130418
0.13024
0.130732
0.131911
0.13376
0.136279
0.139464
0.143308
0.147591
0.152751
0.158457
0.164864
0.172064
0.164571
0.152005
0.13788
0.123931
0.111216
0.100158
0.0909076
0.0832391
0.0769301
0.071725
0.0674801
0.064014
0.0611761
0.0588469
0.0569016
0.0553448
0.0540421
0.0530472
0.0522415
0.0516868
0.051264
0.0510411
0.0508965
0.0509055
0.0509434
0.0510931
0.0512272
0.0514382
0.0515975
0.0518077
0.0519405
0.0521094
0.0521871
0.0522974
0.0523149
0.0523723
0.052346
0.0523762
0.0523393
0.0523805
0.052375
0.0524697
0.0525376
0.0527244
0.0529003
0.0532078
0.0535138
0.0539561
0.0543979
0.0549726
0.0555398
0.0562289
0.0568961
0.0576679
0.0583971
0.0592085
0.0599512
0.0607497
0.0614495
0.0621764
0.0627724
0.063366
0.0637985
0.0641993
0.0644193
0.0645834
0.0645544
0.0644617
0.0641762
0.0638307
0.063307
0.0627386
0.0620205
0.0612819
0.0604199
0.0595627
0.0586001
0.0576602
0.056623
0.0556195
0.0545169
0.0534597
0.0522973
0.0511535
0.0499013
0.0486347
0.0472584
0.0458109
0.044283
0.042615
0.0408418
0.0389265
0.0369086
0.0348347
0.0324864
0.0302369
0.0276813
0.0255544
0.0230843
0.0211884
0.0184596
0.00273951
-0.0925771
-0.356219
0.504362
0.666169
0.185077
0.408168
0.625263
0.39417
-0.612119
-0.613473
-0.462679
-0.315313
0.00266512
0.00377716
0.00554712
0.00761165
0.00985796
0.0122732
0.0147672
0.0173048
0.0198021
0.0222444
0.0245956
0.0268167
0.0289145
0.0308396
0.0326283
0.0342299
0.0357026
0.0369999
0.0381927
0.0392379
0.0402122
0.0410725
0.0418977
0.0426429
0.0433848
0.0440758
0.0447838
0.0454624
0.0461923
0.0469034
0.0476827
0.0484558
0.0493064
0.0501643
0.0511092
0.0520691
0.0531202
0.054187
0.0553415
0.0565036
0.0577397
0.0589641
0.0602376
0.06147
0.0627173
0.063887
0.0650334
0.0660654
0.0670387
0.0678677
0.0686127
0.0691967
0.0696863
0.070015
0.0702559
0.0703526
0.0703836
0.070301
0.0701867
0.0699982
0.0698194
0.069609
0.0694516
0.0693063
0.0692559
0.0692587
0.0693943
0.0696194
0.0700102
0.0705203
0.0712238
0.0720709
0.073133
0.0743581
0.0758144
0.0774486
0.0793257
0.0813936
0.0837123
0.0862309
0.0890032
0.0919869
0.0952359
0.0987252
0.10251
0.106592
0.111041
0.115914
0.121326
0.127411
0.134312
0.142168
0.151107
0.161218
0.172735
0.185517
0.199066
0.212494
0.224952
0.236032
-0.25499
0.787423
0.181236
-0.27518
0.00119163
0.00184764
0.00252962
0.00467543
0.00677072
0.00917577
0.0116644
0.0141877
0.0167234
0.0192312
0.0216598
0.0240165
0.0262302
0.0283405
0.0302699
0.0320811
0.0337006
0.0352058
0.0365296
0.0377599
0.0388336
0.0398442
0.0407298
0.041586
0.0423492
0.0431146
0.0438126
0.0445409
0.0452287
0.04596
0.0466736
0.0474449
0.0482125
0.0490522
0.0498999
0.0508296
0.0517739
0.0528049
0.0538506
0.0549809
0.0561178
0.057327
0.0585238
0.0597699
0.0609746
0.0621971
0.0633421
0.0644692
0.0654819
0.0664435
0.06726
0.0680019
0.0685801
0.0690747
0.069403
0.0696556
0.0697558
0.0698035
0.0697265
0.0696327
0.0694525
0.0692967
0.0690989
0.0689685
0.0688403
0.0688219
0.0688464
0.069019
0.0692695
0.0696989
0.0702356
0.0709737
0.0718428
0.0729288
0.0741627
0.0756226
0.077241
0.0790895
0.0811023
0.0833445
0.085752
0.0883841
0.0911827
0.0942059
0.097408
0.100852
0.104519
0.108497
0.112832
0.117674
0.123208
0.12966
0.137235
0.146213
0.156834
0.169251
0.183629
0.199664
0.216846
0.233231
0.816235
-0.379682
-0.614071
0.50412
0.3414
0.582835
-0.239971
0.741116
-0.547801
0.172679
0.164839
0.158352
0.152548
0.147508
0.143311
0.139804
0.137068
0.135102
0.133883
0.13341
0.133726
0.134834
0.136794
0.139677
0.143546
0.148493
0.154633
0.162075
0.17094
0.181363
0.193465
0.207465
0.223507
0.24163
0.261643
0.283478
0.307086
0.332167
0.357954
0.383211
0.406076
0.424516
0.437105
0.443109
0.442583
0.435491
0.422584
0.406015
0.387788
0.369019
0.350346
0.332462
0.315622
0.300147
0.28601
0.273137
0.261551
0.251244
0.242156
0.234219
0.227367
0.221532
0.21666
0.2127
0.209602
0.20734
0.205879
0.205224
0.205353
0.206299
0.208068
0.210737
0.21433
0.218873
0.224398
0.230876
0.238091
0.246848
0.00335443
0.00389764
0.0044064
0.00493033
0.00544872
0.00594894
0.00640706
0.00684366
0.00724679
0.00763295
0.00799297
0.00833828
0.00864283
0.0089107
0.0091041
0.00922318
0.00922645
0.0091176
0.00885382
0.00841779
0.0077971
0.00700631
0.00608796
0.00503955
0.00390965
0.00267946
0.00142318
0.000117614
-0.0011445
-0.00237723
-0.00346892
-0.00439314
-0.00499321
-0.00515948
-0.00470307
-0.00346945
-0.00132657
0.00181432
0.00588631
0.0107937
0.016196
0.0218119
0.027141
0.0319011
0.0357089
0.0384957
0.0401075
0.0407046
0.0403354
0.0392883
0.0376748
0.0357902
0.0337008
0.0315758
0.0294673
0.0274511
0.0254827
0.0236689
0.0219847
0.020472
0.0191598
0.0179983
0.0168171
0.0158202
0.0163244
0.183065
0.173046
0.15825
0.141358
0.124688
0.109926
0.0976253
0.0877567
0.0798698
0.0735748
0.068595
0.0646844
0.0616279
0.0591949
0.0572338
0.0556288
0.0543309
0.053264
0.0524368
0.0517769
0.0513137
0.05097
0.0507854
0.050675
0.0506874
0.0507309
0.0508627
0.0509862
0.051168
0.0513088
0.0514853
0.0515979
0.051733
0.0517922
0.0518714
0.0518744
0.0519054
0.0518699
0.051879
0.0518384
0.0518641
0.05186
0.0519447
0.0520187
0.0522006
0.052387
0.0526937
0.0530133
0.0534579
0.0539157
0.0544938
0.0550774
0.0557689
0.0564516
0.0572233
0.0579658
0.0587733
0.0595268
0.0603171
0.0610257
0.061741
0.0623454
0.0629273
0.0633686
0.0637632
0.0639892
0.0641531
0.0641365
0.0640513
0.0637836
0.0634542
0.0629512
0.0624049
0.0617026
0.0609783
0.060123
0.0592687
0.0583196
0.0573842
0.0563581
0.05535
0.0542641
0.0531815
0.0520184
0.0508447
0.049582
0.0482875
0.0468883
0.0454306
0.043833
0.0421317
0.0402824
0.0383448
0.0361761
0.0339985
0.0315454
0.029132
0.0264254
0.0239276
0.0215158
0.0196586
0.0176462
0.0167332
-0.573073
0.491294
0.272502
0.358279
0.688209
-0.311476
-0.474097
0.142701
-0.158752
0.00282606
0.00237737
0.0130581
-0.00089469
0.00270637
0.00385126
-0.59706
-0.405742
-0.0483957
0.590243
0.412341
0.511304
-0.570124
0.180138
0.163034
0.170574
0.150891
0.156489
0.142469
0.146239
0.137498
0.139573
0.135813
0.136261
0.137449
0.136222
0.142673
0.139595
0.152018
0.146803
0.166209
0.158476
0.186103
0.175401
0.21262
0.198502
0.246306
0.228598
0.286752
0.265764
0.332144
0.309026
0.377386
0.355297
0.412757
0.396933
0.429267
0.423668
0.42379
0.429222
0.399825
0.413474
0.367415
0.38411
0.333725
0.350422
0.302753
0.317741
0.276191
0.288905
0.25434
0.264681
0.237138
0.245189
0.224223
0.230182
0.215199
0.219257
0.209746
0.212052
0.207681
0.208305
0.208998
0.207918
0.213982
0.211013
0.223193
0.218034
0.237327
0.229635
0.256692
0.246191
0.0174292
0.0174178
0.0224663
0.0199532
0.028282
0.0254695
0.0334545
0.0309124
0.0380197
0.035766
0.0418949
0.0400341
0.0452198
0.0436247
0.048119
0.0467244
0.050701
0.0494523
0.0530508
0.0519081
0.0552275
0.0541648
0.0572567
0.0562658
0.059133
0.0582231
0.0607867
0.0599955
0.0621581
0.0615193
0.0631759
0.0627258
0.0637462
0.0635265
0.0638333
0.0638579
0.0634433
0.0637036
0.0626151
0.0630854
0.0614386
0.0620696
0.060025
0.0607612
0.0584888
0.059273
0.0569414
0.0577192
0.0554833
0.0562056
0.054198
0.0548249
0.0531458
0.0536498
0.05236
0.0527282
0.0518407
0.0520786
0.0515572
0.0516836
0.0514517
0.0514985
0.0514475
0.0514544
0.051464
0.0514711
0.0514324
0.0514717
0.0513096
0.0513987
0.0510888
0.051226
0.0508038
0.0509671
0.050527
0.0506757
0.0503612
0.0504406
0.0504275
0.0503756
0.0508514
0.0506058
0.0517527
0.0512546
0.053255
0.0524409
0.0555491
0.0543058
0.059076
0.0571314
0.064975
0.0616437
0.0754077
0.0694935
0.0934479
0.0832511
0.124065
0.106992
0.163631
0.144006
0.180017
-0.375439
0.259057
0.267642
0.266008
0.00257688
0.00271538
0.00249609
0.00339131
0.00302842
0.00415082
0.00377844
0.00484825
0.00451029
0.00548522
0.00517843
0.0060923
0.00579718
0.00666257
0.00638788
0.00715725
0.00692425
0.00753402
0.00736842
0.00764477
0.00764118
0.00732717
0.00754318
0.00658964
0.00701579
0.00535737
0.00604554
0.00350699
0.00451604
0.00100521
0.00233436
-0.00196773
-0.000450297
-0.00470651
-0.00343902
-0.0057955
-0.00556461
-0.00355696
-0.00517418
0.00282089
-0.000857016
0.0122142
0.00730159
0.021769
0.0171856
0.0286393
0.0256772
0.0315285
0.0305946
0.0309699
0.0316063
0.0283531
0.0298333
0.0249783
0.0267128
0.02162
0.0232849
0.0185132
0.0200251
0.0159155
0.017122
0.0139513
0.0148679
0.0120704
0.0131826
0.0133865
0.00747986
0.00153389
0.00110397
0.00625868
0.00395535
0.011282
0.0087716
0.0163988
0.0138825
0.0213271
0.0189323
0.0258778
0.0236946
0.0299132
0.0280031
0.0333614
0.03175
0.0362271
0.0349025
0.0385784
0.0374995
0.0405233
0.0396326
0.0421877
0.0414207
0.0436792
0.0429864
0.0451073
0.0444362
0.0465579
0.0458653
0.0480969
0.0473544
0.0497724
0.0489562
0.051626
0.050717
0.0536715
0.0526662
0.0558968
0.0548058
0.0582515
0.057105
0.0606453
0.0594933
0.0629566
0.0618632
0.0650473
0.064082
0.0667901
0.0660136
0.0680918
0.0675448
0.0689136
0.0686078
0.0692793
0.0691947
0.069273
0.0693607
0.0690269
0.0692159
0.0687032
0.0689104
0.0684759
0.068614
0.0685139
0.0684999
0.0689685
0.0687298
0.0699634
0.0694422
0.0715922
0.070746
0.0739183
0.0727192
0.0769748
0.0754098
0.0807668
0.0788365
0.0852719
0.0829906
0.0904435
0.0878363
0.096229
0.0933202
0.102629
0.099403
0.109885
0.106169
0.118903
0.11412
0.131636
0.12467
0.151149
0.140317
0.180725
0.164515
0.220395
0.199766
0.241899
0.000921269
-0.00422701
0.248876
0.281456
0.269395
0.198839
0.224253
0.158617
0.17651
0.134465
0.1448
0.120509
0.126498
0.111635
0.115612
0.10469
0.107969
0.0984447
0.101448
0.0926461
0.0954327
0.087333
0.0898676
0.0825969
0.0848331
0.0785142
0.0804167
0.0751322
0.0766809
0.0724685
0.0736583
0.0705098
0.0713511
0.0692116
0.0697306
0.068497
0.0687362
0.0682576
0.0682751
0.0683557
0.0682236
0.0686314
0.0684319
0.0689143
0.0687332
0.069039
0.0689575
0.0688604
0.0689476
0.0682724
0.0685755
0.0672226
0.0677606
0.0657192
0.0664804
0.0638281
0.0647732
0.0616574
0.0627285
0.0593373
0.0604672
0.0569953
0.0581216
0.0547335
0.0558088
0.0526213
0.0536158
0.0506902
0.0515928
0.048938
0.0497531
0.047339
0.0480835
0.0458491
0.0465434
0.0444061
0.0450849
0.0429331
0.0436362
0.0413433
0.0421145
0.0395263
0.0404285
0.0373617
0.0384526
0.0347377
0.0360713
0.0315702
0.0331837
0.0278255
0.0297281
0.0235371
0.0257036
0.0188034
0.0211775
0.0137672
0.0162735
0.00858844
0.011149
0.00347839
0.00602351
0.000519059
0.0013159
-0.00167677
0.0053719
0.00684529
0.00817141
0.00841404
0.00892159
0.009548
0.0102602
0.0110862
0.0120131
0.0130157
0.0141022
0.0152204
0.0163774
0.0175546
0.0186704
0.0196179
0.0202726
0.0204985
0.0201999
0.019241
0.0175368
0.0150681
0.0119441
0.00835803
0.00459609
0.000994446
-0.00210674
-0.00442385
-0.00581756
-0.00625173
-0.00584448
-0.00478526
-0.00332631
-0.00168805
-6.72621e-05
0.00141613
0.0026844
0.003716
0.0045092
0.00509601
0.00549374
0.00573627
0.00585485
0.00588943
0.00585753
0.00577814
0.00565224
0.00547796
0.00525208
0.00500145
0.00474033
0.00448614
0.0042379
0.00400349
0.0037766
0.00357983
0.00335932
0.00314318
0.00292402
0.00270327
0.00246966
0.0022329
0.0019956
0.00178527
0.00163981
0.00159882
0.00182148
0.00188142
0.0021592
0.279188
0.00112974
0.205682
0.187778
0.197708
0.145481
0.169506
0.102805
0.121774
0.0781856
0.0882402
0.0656552
0.0706075
0.0593312
0.0617507
0.0557997
0.0571412
0.0534986
0.0543465
0.0519057
0.0524425
0.0508568
0.0511422
0.0502708
0.0503421
0.0500611
0.0499631
0.0501236
0.0499095
0.0503466
0.0500717
0.0506265
0.0503404
0.0508814
0.0506213
0.0510613
0.0508475
0.0511536
0.0509873
0.0511825
0.0510471
0.0512021
0.0510672
0.0512849
0.0511126
0.0515075
0.0512595
0.0519357
0.0515808
0.0526126
0.0521326
0.0535521
0.0529424
0.0547358
0.0540122
0.0561183
0.055306
0.0576277
0.056764
0.0591723
0.0583042
0.0606459
0.0598272
0.0619382
0.0612241
0.0629412
0.0623848
0.0635578
0.063206
0.0637232
0.0636032
0.0634119
0.0635299
0.0626426
0.0629844
0.0614658
0.0620076
0.0599557
0.0606478
0.058202
0.0590066
0.0562668
0.0571561
0.0541747
0.055141
0.0519158
0.052968
0.049448
0.0506103
0.0467012
0.0480121
0.0435797
0.0450897
0.0399567
0.0417356
0.0356818
0.0378147
0.0305812
0.0331575
0.0246866
0.0276929
0.018778
0.0215207
0.0161133
0.0141392
0.0102126
0.252673
0.265779
0.233209
0.241981
0.220486
0.22612
0.212958
0.216159
0.209597
0.210802
0.209891
0.209311
0.213658
0.211347
0.22096
0.216862
0.232024
0.226009
0.247173
0.239073
0.26672
0.256389
0.290766
0.278195
0.319014
0.30441
0.350295
0.334407
0.381656
0.36623
0.407704
0.395765
0.420806
0.416346
0.415188
0.420448
0.390752
0.405089
0.352818
0.372935
0.309863
0.331483
0.268357
0.288648
0.231754
0.249322
0.201681
0.215871
0.178289
0.189196
0.16095
0.168914
0.148923
0.154337
0.141419
0.144653
0.13785
0.139178
0.137828
0.137415
0.141233
0.139105
0.148248
0.144272
0.15942
0.153274
0.175885
0.166896
0.187114
-0.485107
-0.29471
-0.674112
0.310779
-0.984543
-0.621697
-0.858707
-0.675744
-0.602582
-0.52443
0.742233
0.846224
0.901491
0.813384
0.64763
-0.311354
-0.300762
-0.333427
-0.354521
-0.536935
-0.15502
0.161638
0.017641
-0.0512709
0.287847
0.261645
0.229805
0.199035
0.173833
0.154424
0.139916
0.129379
0.121863
0.116423
0.112276
0.108833
0.105753
0.102823
0.0999633
0.0971384
0.0943603
0.091644
0.0890164
0.0864979
0.0841083
0.0818637
0.0797745
0.0778524
0.0761005
0.0745272
0.0731294
0.0719128
0.0708683
0.069999
0.0692902
0.0687422
0.0683346
0.0680651
0.067908
0.0678585
0.0678861
0.0679842
0.0681187
0.0682823
0.0684393
0.0685834
0.0686791
0.068723
0.0686823
0.0685586
0.0683241
0.0679872
0.0675266
0.0669587
0.0662692
0.0654826
0.0645905
0.0636242
0.0625782
0.0614906
0.0603548
0.0592094
0.0580476
0.0569041
0.0557714
0.0546778
0.0536116
0.0525967
0.0516169
0.0506918
0.049801
0.0489611
0.0481498
0.0473852
0.0466352
0.0459132
0.045193
0.0444832
0.0437551
0.0430198
0.0422441
0.0414348
0.0405569
0.0396166
0.0385784
0.037449
0.036194
0.0348233
0.0333069
0.0316603
0.0298607
0.0279311
0.0258579
0.0236711
0.0213655
0.0189749
0.0164982
0.0139669
0.0113759
0.00874919
0.00621044
0.00352999
0.000968475
-0.00120569
-0.00415788
-0.00145466
0.0180689
0.00523574
0.00347076
0.00380717
0.00339312
0.00361226
0.00393966
0.00430238
0.00471381
0.005146
0.00560355
0.00611336
0.00661683
0.00714042
0.00767288
0.00818839
0.00860381
0.0088338
0.00878447
0.00843509
0.00771979
0.00661668
0.00511057
0.00328109
0.00122596
-0.000887409
-0.00286411
-0.00449432
-0.00558759
-0.00605274
-0.00587016
-0.00514311
-0.00402195
-0.00271425
-0.00139092
-0.000190514
0.000819271
0.00160657
0.00218114
0.0025573
0.00276407
0.00282572
0.00277116
0.00263057
0.00244086
0.00223362
0.00202859
0.00184039
0.00167294
0.00152899
0.00141216
0.00131492
0.00122822
0.00114145
0.00105351
0.000955446
0.000961953
0.000876318
0.000802956
0.000742192
0.000685117
0.000621172
0.000558643
0.000502168
0.000468742
0.000495554
0.000647029
0.000947903
0.00154405
0.00296464
0.00678459
0.0139015
0.0113751
0.245567
0.220681
0.200789
0.177277
0.148455
0.120963
0.0999355
0.0843329
0.0737927
0.0661285
0.0615847
0.0581931
0.0564027
0.054709
0.0538473
0.0527075
0.0521568
0.051254
0.0508876
0.050182
0.0499987
0.049494
0.0494914
0.0491719
0.0493232
0.049151
0.049412
0.0493378
0.049658
0.0496313
0.0499637
0.0499418
0.0502505
0.0502043
0.0504694
0.0503876
0.0506076
0.0504971
0.050688
0.0505714
0.0507627
0.050673
0.0509015
0.0508758
0.0511784
0.0512501
0.0516569
0.0518499
0.0523786
0.0527018
0.0533562
0.0538048
0.0545757
0.0551277
0.0559871
0.0566096
0.0575189
0.0581684
0.05908
0.0597057
0.0605661
0.0611135
0.0618673
0.0622821
0.0628771
0.0631076
0.063497
0.0635078
0.0636669
0.0634466
0.0633691
0.0629196
0.0626197
0.0619638
0.0614698
0.0606407
0.0599951
0.0590379
0.0582797
0.0572232
0.0563763
0.0552399
0.0543146
0.0530986
0.0520862
0.0507745
0.0496508
0.0482125
0.0469387
0.0453301
0.0438525
0.0420144
0.0402638
0.03812
0.0360141
0.0334693
0.0309101
0.0280507
0.0248093
0.0213093
0.0176976
0.0130481
0.0137837
0.0090341
0.0136833
0.367099
0.297208
0.275244
0.25715
0.244592
0.235021
0.227549
0.221696
0.217209
0.213906
0.211677
0.210432
0.210116
0.210688
0.21214
0.214468
0.21769
0.221822
0.226903
0.232961
0.240042
0.24818
0.257414
0.267757
0.279217
0.291758
0.305318
0.319764
0.334885
0.350353
0.365709
0.380391
0.393659
0.404703
0.412611
0.416637
0.416171
0.411123
0.401641
0.388208
0.371476
0.352314
0.331633
0.310433
0.289509
0.269419
0.25058
0.233207
0.217389
0.203184
0.190614
0.179638
0.17019
0.162151
0.155437
0.149947
0.145602
0.142314
0.14002
0.13866
0.138199
0.138612
0.139902
0.142078
0.145189
0.149303
0.154553
0.161102
0.169226
0.17963
0.192525
0.299681
-0.557678
-0.229915
0.12291
-0.0846761
-0.0605563
-0.0285618
-0.117459
0.0502413
0.0081777
0.0358278
0.00453589
0.071893
0.0297109
0.0848238
0.0622251
0.0550508
0.0175303
-0.0960544
0.83327
0.00504322
)
;

boundaryField
{
    frontandback
    {
        type            empty;
    }
    walls
    {
        type            zeroGradient;
    }
    diamond
    {
        type            zeroGradient;
    }
    inlet
    {
        type            zeroGradient;
    }
    outlet
    {
        type            fixedValue;
        value           uniform 0;
    }
}


// ************************************************************************* //
