/*--------------------------------*- C++ -*----------------------------------*\
  =========                 |
  \\      /  F ield         | OpenFOAM: The Open Source CFD Toolbox
   \\    /   O peration     | Website:  https://openfoam.org
    \\  /    A nd           | Version:  10
     \\/     M anipulation  |
\*---------------------------------------------------------------------------*/
FoamFile
{
    format      ascii;
    class       volScalarField;
    location    "11";
    object      p;
}
// * * * * * * * * * * * * * * * * * * * * * * * * * * * * * * * * * * * * * //

dimensions      [0 2 -2 0 0 0 0];

internalField   nonuniform List<scalar> 
6397
(
0.264884
0.253285
0.0107417
0.0101659
0.0103559
0.0108555
0.485858
0.257454
-0.306468
-0.321548
0.313875
0.206928
-0.0071957
-0.00899751
-0.0164575
-0.364306
-0.36386
-0.361447
0.840423
0.786211
0.749391
-0.379483
-0.331252
-0.325359
-0.00753549
-0.00940168
-0.00625017
0.019846
0.0214518
0.0168176
0.0177143
0.0085622
0.00897865
0.00965904
0.00657904
0.00692083
0.00755957
0.00791428
0.00517403
0.00496221
0.00572056
0.00600108
0.0161007
0.0126205
0.0131563
0.0114188
0.0115318
0.012055
0.00348268
0.00322399
0.00285551
0.00244173
0.00287995
0.316618
0.302236
0.157431
0.168198
0.00299318
0.0380655
0.034851
0.0411735
0.0439359
0.0464815
0.0486453
0.0505153
0.0520238
0.0533018
0.0545912
0.0364601
0.0314873
0.0336073
0.0392184
0.0417557
0.043938
0.0457362
0.0470789
0.0479288
0.0481405
0.0478131
0.0469631
0.0308494
0.0284033
0.0563216
0.0462361
0.0282405
0.0256263
0.0585712
0.0458763
0.0258096
0.0233556
0.0620495
0.0464269
0.023705
0.0218689
0.0656932
0.0479056
0.0270401
0.0231071
0.0249846
0.0315954
0.0292476
0.0363132
0.0339637
0.0406314
0.0385703
0.0437305
0.0424024
0.0447242
0.0445544
0.0426495
0.0441087
0.0374111
0.0402855
0.0322392
0.0346638
0.0306067
0.0711902
0.0803145
0.0759645
0.0624305
0.0664292
0.0557928
0.0590537
0.0494691
0.0526831
0.0426724
0.0461285
0.0354687
0.03907
0.0284206
0.0318349
0.0226628
0.0252831
0.0189146
0.0204914
0.020426
0.0186121
0.0214396
0.030692
0.0501252
0.0869476
0.0836885
0.0886193
0.0318218
0.0145318
0.0140381
0.0157398
0.0231137
0.0213599
0.0151885
0.069177
0.0268272
0.024876
0.0307433
0.0287539
0.0347272
0.0327493
0.0383658
0.0366352
0.0408419
0.0398023
0.0411531
0.0413431
0.0380501
0.0400923
0.0308864
0.0349127
0.0212618
0.0262037
0.0170871
0.0784136
0.0832416
0.0681257
0.0732362
0.058461
0.0632086
0.0494271
0.0539277
0.0406624
0.0450533
0.032403
0.0364815
0.025364
0.0287362
0.0203377
0.0225679
0.0172331
0.0185401
0.0163931
0.0190439
0.0175926
0.019774
0.0197605
0.0873523
0.0848291
0.0523284
0.00375025
0.00118569
0.0156749
0.0340093
0.0807054
0.0822196
0.0745451
0.0155289
0.0147053
0.0183456
0.0190936
0.0177998
0.0148064
0.0153353
0.0714454
0.0222868
0.0207043
0.0255698
0.0239056
0.0289186
0.0272176
0.0323122
0.0306453
0.0353805
0.0339412
0.0374202
0.0366097
0.0374078
0.037775
0.0340836
0.0362668
0.0263526
0.0308441
0.0145219
0.0208002
0.00857216
0.0838836
0.0835435
0.0787882
0.0821823
0.069347
0.0744252
0.0586608
0.0640952
0.0481494
0.0533557
0.038247
0.0430721
0.0296782
0.0337223
0.0231841
0.0261319
0.018894
0.0207593
0.0166405
0.0175694
0.0158758
0.0177449
0.016679
0.0183484
0.00100639
0.0822451
0.0535484
0.0643176
0.0727963
0.0192314
0.0361077
0.0171245
0.0166859
0.0148934
0.0142541
0.015266
0.0146447
0.0182518
0.0170687
0.00398405
0.00975941
0.0236126
0.0142919
0.0711032
0.021017
0.0196259
0.0238196
0.0224145
0.0268099
0.0253295
0.0297434
0.0282911
0.0323362
0.0311127
0.0339892
0.0333282
0.0338067
0.0341915
0.030679
0.0326793
0.0234184
0.0276326
0.0116705
0.0179892
-0.000806228
0.00507586
-0.00714886
-0.00520368
-0.000999087
-0.00574453
0.069249
0.0521255
0.0623883
0.0749256
0.0732623
0.0727109
0.0745749
0.0655533
0.0695768
0.0558394
0.0608667
0.0454654
0.0506436
0.0357067
0.0404309
0.0276796
0.0314137
0.0219435
0.0245393
0.0184921
0.0199703
0.0164897
0.0173486
0.0158223
0.0165844
0.0157584
0.0171215
0.0493109
0.037654
0.0176641
0.00672931
0.0747962
0.0524704
0.015957
0.0138496
0.0151107
0.0144325
0.0581372
0.0365217
0.0178463
0.0284223
0.0280702
0.0268475
0.0166056
0.0140545
0.0668119
0.0172185
0.0150503
0.016119
0.0195532
0.0183615
0.0220115
0.0207484
0.0246119
0.0233045
0.0271576
0.0259036
0.0293482
0.0283226
0.0306773
0.030158
0.0304188
0.0307951
0.0276772
0.0294121
0.0214639
0.0250561
0.0113625
0.0168361
-0.000381092
0.00539545
-0.00825864
-0.00525205
-0.00576551
-0.00850145
0.00797446
9.35887e-06
0.0397354
0.00771891
0.025982
0.0569348
0.049811
0.0639106
0.0615222
0.0641009
0.0648629
0.0591989
0.0621703
0.051279
0.0554754
0.0422388
0.0467922
0.0336422
0.0377992
0.026655
0.0299058
0.0217303
0.0239072
0.0185857
0.0199753
0.0165815
0.0174753
0.0158222
-0.00812312
-0.0156452
0.0274028
0.0173664
0.013526
0.0137717
0.0134939
0.0131139
0.0144433
0.0139418
0.0155857
0.0150103
0.0159317
0.0159817
0.0148445
0.0155367
0.0140032
0.0615256
0.0475415
0.0369573
0.0340387
0.000217444
0.0310409
-0.0448789
-0.0413591
0.0352167
0.0263439
0.0377423
0.0140733
0.0131248
0.0573197
0.016049
0.0150651
0.0180572
0.0170538
0.0202451
0.0191328
0.0225014
0.0213663
0.0246912
0.0236178
0.0265237
0.0256739
0.0275704
0.0271752
0.0272608
0.0276216
0.0249129
0.0263817
0.0198233
0.0227396
0.0118021
0.0161345
0.00226486
0.00704844
-0.00506089
-0.00199615
-0.00499108
-0.00622133
0.00387416
-0.0014729
0.0158348
0.0101096
-0.00116957
-0.0475802
-0.0220871
0.0284745
0.0154954
0.0452819
0.0382462
0.0534419
0.0503682
0.0551596
0.0549437
0.0521914
0.0541501
0.0462661
0.0494755
0.039059
0.0427265
0.0319839
0.0354302
0.0260415
0.028837
0.0216776
0.0236744
0.0186842
0.0200412
0.0165647
0.0175437
0.0148872
0.0156821
0.0133494
0.0140958
0.0126386
0.0132469
0.0121467
0.0127382
0.014033
0.0136682
0.0146976
0.0143698
0.0148236
0.0149021
0.0137714
0.0144461
-0.0806124
-0.0778451
0.0339694
0.0199894
0.0121834
0.0129899
0.0414386
0.0375248
0.0080492
0.0275562
-0.0364817
0.0317154
-0.0827513
0.0423172
-0.112953
-0.123276
0.0458688
0.0211851
0.0382354
-0.103983
-0.152526
-0.135781
0.0185336
0.00666185
0.0018587
0.0113761
0.011308
0.010615
0.0411933
0.0131076
0.0122302
0.0148548
0.0139831
0.0166485
0.0157326
0.0185574
0.0175893
0.0205085
0.0195312
0.022368
0.0214612
0.0238784
0.0231854
0.024677
0.0243904
0.0243176
0.024669
0.0222941
0.0235422
0.0181362
0.0204951
0.0118522
0.0152182
0.00449655
0.0081947
-0.00151376
0.00111504
-0.00272367
-0.00287112
0.00167671
-0.00108755
0.00740656
0.00482066
0.00821455
-0.0490468
-0.074815
-0.00848991
-0.0270615
0.0186071
0.00664045
0.0350433
0.0280062
0.0436404
0.0401438
0.0465437
0.0456677
0.0452653
0.046327
0.041196
0.0434724
0.0357587
0.0385682
0.0301323
0.0329057
0.0251903
0.0275397
0.0213255
0.0231216
0.0184482
0.0197827
0.0162771
0.0172916
0.0144997
0.0153571
0.0128459
0.0136502
0.0120516
0.0117171
0.0110461
0.012844
0.0122961
0.0135314
0.013259
0.0138445
0.0137094
0.0137152
0.0138719
0.0127445
0.0133253
0.0120377
0.0136898
0.0213396
-0.0299888
0.0166163
-0.0825731
0.0299062
-0.132741
0.0468461
-0.172287
0.0505562
-0.169152
-0.195499
0.0369613
-0.0072246
0.0104122
-0.147362
-0.202254
-0.173115
-0.0210267
-0.0213953
-0.0345774
0.0104733
0.00980059
0.010606
0.00988902
0.0174961
0.0121528
0.0113436
0.0137041
0.0129143
0.0152962
0.0144716
0.0169585
0.0161173
0.0186308
0.0177961
0.0201869
0.0194332
0.0214026
0.0208527
0.0219752
0.0217881
0.0215542
0.0219089
0.0197697
0.0208514
0.0163213
0.0182579
0.0113005
0.0139722
0.00551039
0.00842101
0.00056506
0.00280473
-0.00158092
-0.00092702
-0.000732206
-0.0014103
7.58209e-05
3.47603e-05
-0.00533976
-0.00140314
-0.0117073
-0.0950842
-0.120965
-0.0493129
-0.0710783
-0.0140947
-0.0303849
0.0103526
-0.000647878
0.0259697
0.0191012
0.0348114
0.0310942
0.0385946
0.0372285
0.0386448
0.0389998
0.0361496
0.0376404
0.032232
0.0342969
0.0278981
0.0300643
0.0238729
0.0258179
0.0205142
0.0221079
0.017843
0.0190999
0.0157301
0.0167311
0.0139339
0.0148009
0.012263
0.0130894
0.0114789
0.00986757
0.00921399
0.0111634
0.0105223
0.0123017
0.0117548
0.0129401
0.0127133
0.0130074
0.0130151
0.0126823
0.0129074
0.0117826
0.0123083
0.0111511
-0.0227928
-0.00142365
-0.0778673
0.00150346
-0.137896
0.0253085
-0.19016
0.0477047
-0.225469
0.0496876
-0.239379
0.0291544
-0.196794
-0.233458
-0.00390893
-0.051528
-0.0399605
0.00924471
-0.0141806
0.00985623
0.00863918
0.00918948
0.0112131
0.0104978
0.0126031
0.011892
0.0140052
0.0132708
0.015442
0.0147169
0.0168562
0.0161542
0.018133
0.0175204
0.0190773
0.0186597
0.0194375
0.0193454
0.0189363
0.0193096
0.017302
0.0182732
0.0143495
0.01599
0.0101944
0.0123951
0.0054182
0.00782739
0.00108663
0.00312126
-0.00178104
-0.000554109
-0.0034004
-0.00264634
-0.00618838
-0.00441689
-0.0144084
-0.00935061
-0.0314775
-0.0217805
-0.0585976
-0.0437318
-0.128938
-0.167502
-0.149077
-0.0869891
-0.107817
-0.0489621
-0.0672736
-0.0185459
-0.0327664
0.00343818
-0.0065686
0.0181306
0.011572
0.027015
0.0231925
0.0314247
0.0296895
0.0324966
0.0323027
0.0312425
0.0320879
0.0285884
0.0300315
0.0253616
0.0270011
0.0221627
0.0237417
0.0193136
0.0206855
0.0169305
0.0180659
0.0149627
0.0159054
0.0132401
0.0140783
0.0116284
0.0124291
0.0101124
0.0108615
0.0094859
0.00933191
0.00814618
0.0087522
0.0105284
0.00991274
0.0116897
0.0111391
0.012303
0.0121006
0.0122001
0.0123103
0.0117385
0.0120091
0.0108978
0.0113697
0.00977389
0.0103506
0.00843466
0.00913682
-0.216804
-0.182683
-0.0716951
-0.0756694
-0.0682718
-0.0302932
0.00834804
-0.134753
-0.0170722
0.00782744
0.00762612
0.00710504
-0.200443
0.0175314
-0.25165
0.0427631
-0.279132
0.0413152
-0.280397
0.0137214
-0.260605
-0.0251903
-0.193774
-0.231483
-0.064005
-0.0946636
-0.0942619
-0.0534427
0.00909497
0.00841546
0.0102949
0.00965817
0.0115238
0.0109026
0.0127699
0.0121514
0.0139968
0.0133805
0.0151719
0.0145941
0.0161892
0.0157081
0.0168812
0.016587
0.0170386
0.0170389
0.0164405
0.0168454
0.0148842
0.0157903
0.012253
0.0137004
0.00865214
0.0105539
0.00448735
0.00660156
0.000434931
0.00240463
-0.00301952
-0.0013682
-0.00629343
-0.0045983
-0.011346
-0.00841139
-0.0210591
-0.0153802
-0.0377261
-0.0284217
-0.0620317
-0.0490174
-0.0917263
-0.0763901
-0.144148
-0.164584
-0.155941
-0.113695
-0.129868
-0.0797091
-0.096895
-0.0480582
-0.0634249
-0.0219229
-0.0342368
-0.00225242
-0.0113057
0.011447
0.00525988
0.0202003
0.0163614
0.0250279
0.0230308
0.0268683
0.0262573
0.0265762
0.02693
0.024953
0.0258835
0.0226614
0.0238529
0.0201869
0.0214219
0.0178478
0.0189887
0.0157957
0.0167844
0.0140317
0.014885
0.0124419
0.0132241
0.010926
0.011694
0.00948238
0.0101812
0.00886606
0.00771438
0.00719233
0.00874517
0.00824296
0.0098987
0.009298
0.0110607
0.0105097
0.0116453
0.0114648
0.0114179
0.0116031
0.0108464
0.011156
0.0100542
0.010479
0.00906318
0.00958024
0.00844533
-0.200286
-0.169746
-0.113853
-0.107436
-0.12171
-0.0639319
0.00711804
0.00658998
-0.197934
-0.0382385
-0.265994
0.00596337
-0.311974
0.0314875
-0.328228
0.0242317
-0.314142
-0.0104527
-0.280395
-0.0537461
-0.240261
-0.0926444
-0.171252
-0.202406
-0.119727
-0.146886
-0.145938
-0.169399
0.00625045
-0.133465
-0.122633
-0.0989135
0.00831025
0.00763472
0.00941823
0.0088459
0.0105031
0.00995037
0.011581
0.0110435
0.0126126
0.0121007
0.0135641
0.0131022
0.0143395
0.013981
0.014795
0.0146167
0.0147563
0.0148473
0.0140461
0.0144939
0.0125111
0.0133872
0.010075
0.0114028
0.00681849
0.00853531
0.00301007
0.0049583
-0.000948928
0.00102704
-0.00486786
-0.00290396
-0.00921717
-0.00692471
-0.015472
-0.0119816
-0.0257131
-0.0199794
-0.0415066
-0.0328655
-0.0627766
-0.0515266
-0.0876068
-0.0749479
-0.112322
-0.100201
-0.141563
-0.145622
-0.125478
-0.134669
-0.100952
-0.114089
-0.0733321
-0.0872403
-0.0469015
-0.0598253
-0.0244248
-0.0350834
-0.00690521
-0.0150538
0.00578172
-8.17714e-06
0.0142778
0.0104925
0.0193509
0.0171825
0.021762
0.0208346
0.0222299
0.0221891
0.0214241
0.0219451
0.0199015
0.0207205
0.0180704
0.0190031
0.0162197
0.0171349
0.0145143
0.0153446
0.012987
0.013732
0.0115702
0.0122688
0.0101935
0.0108802
0.0088593
0.00951302
0.00775633
0.00824136
0.0072878
0.00726011
0.00677705
0.00820785
0.00772041
0.00931619
0.00874152
0.0104351
0.0099042
0.0109687
0.0108158
0.0106506
0.0108879
0.0100008
0.010338
0.00926712
0.00964725
0.0083385
0.00883598
0.00707222
0.00776515
0.00629322
0.00649326
-0.180278
-0.100138
-0.123222
-0.136783
0.00593991
0.00595581
0.00560288
-0.102716
-0.111118
-0.262762
-0.0607184
-0.328528
-0.0110645
-0.364902
0.0122909
-0.36719
-0.00295081
-0.337389
-0.043784
-0.291145
-0.0891351
-0.242298
-0.124969
-0.142886
-0.124432
-0.120252
-0.137863
-0.199638
-0.145622
-0.165132
0.00605656
0.00632374
0.00563069
-0.148
0.00656126
0.00617117
0.00754605
0.00700869
0.00856304
0.00805818
0.00951556
0.00904115
0.0104306
0.00997863
0.0112795
0.0108648
0.0120205
0.0116674
0.0125693
0.0123254
0.0128021
0.0127331
0.0125741
0.0127537
0.0117413
0.01224
0.0101854
0.0110575
0.00785206
0.00911349
0.00479688
0.00640497
0.00119142
0.00304758
-0.00274875
-0.000746879
-0.00699633
-0.00482101
-0.0119999
-0.00935353
-0.0188468
-0.015108
-0.0289934
-0.023434
-0.0434747
-0.0356769
-0.0620289
-0.052338
-0.0827505
-0.0723317
-0.0930217
-0.127628
-0.127001
-0.123067
-0.126307
-0.110019
-0.117606
-0.0904737
-0.100839
-0.0678512
-0.0793291
-0.045676
-0.0565572
-0.026296
-0.0355533
-0.0107083
-0.0180231
0.000981989
-0.00440406
0.00913736
0.00545623
0.0143234
0.0120538
0.0171479
0.0159852
0.0182069
0.017856
0.0180592
0.0182484
0.0171741
0.017682
0.0159044
0.0165683
0.0145062
0.0152089
0.013144
0.0138152
0.0118677
0.0124969
0.0106379
0.0112509
0.00940921
0.0100251
0.00819101
0.00879534
0.00710833
0.00763155
0.00670754
0.00588769
0.00541581
0.00679779
0.00634429
0.007724
0.00724193
0.00877593
0.00823507
0.00981123
0.00932265
0.0102726
0.0101522
0.00989598
0.0101632
0.00921023
0.00955709
0.00854315
0.00887742
0.00771975
0.00816319
0.00675484
0.00724782
0.0062786
-0.15244
0.00531066
-0.132518
-0.118035
-0.239492
-0.136282
-0.323259
-0.0840554
-0.381464
-0.0324974
-0.149198
-0.404569
-0.0168655
-0.391641
-0.0410123
-0.348221
-0.0863566
-0.114838
-0.100395
-0.0944131
-0.108201
-0.292146
-0.130316
-0.131458
-0.237883
-0.159442
-0.158746
-0.193004
-0.171124
0.00500842
0.00441294
0.00471761
-0.139867
-0.123577
0.00429793
-0.19701
0.00548597
0.00490291
0.00518338
0.00607297
0.00576735
0.00685918
0.00644836
0.00774222
0.00730873
0.00856099
0.00815935
0.00931757
0.00894834
0.00998966
0.00966659
0.0105314
0.0102806
0.0108665
0.0107304
0.0108891
0.0109234
0.0104786
0.0107444
0.0095181
0.0100723
0.00791465
0.00879933
0.00562608
0.00685426
0.00268467
0.00423047
-0.000806379
0.000998806
-0.00474736
-0.00272348
-0.0091967
-0.00689537
-0.0145426
-0.0117191
-0.0215866
-0.0177954
-0.031305
-0.0260646
-0.0443347
-0.0374037
-0.0603393
-0.0520503
-0.077654
-0.0689956
-0.093735
-0.0860937
-0.105314
-0.100292
-0.126715
-0.111089
-0.109022
-0.109102
-0.105394
-0.11163
-0.111129
-0.107913
-0.110607
-0.0974777
-0.103431
-0.0816984
-0.0901179
-0.0630434
-0.0725658
-0.0444041
-0.0535942
-0.027664
-0.0357209
-0.0138058
-0.0203582
-0.0030837
-0.00806681
0.00467527
0.00113386
0.0098721
0.00755636
0.0129832
0.0116507
0.0144979
0.0139048
0.0148817
0.0148008
0.0145306
0.0147749
0.0137479
0.0141763
0.012762
0.0132684
0.0117284
0.0122453
0.0107045
0.0112154
0.00967086
0.0101908
0.00860462
0.00914037
0.00754284
0.00806423
0.00654592
0.00702239
0.00578642
0.00611719
0.00545551
0.00551583
0.0050937
0.00636755
0.00593273
0.00727127
0.00680831
0.00825298
0.00775185
0.0091837
0.00874907
0.00956443
0.00947662
0.00916076
0.00943745
0.00848007
0.00881878
0.00788867
0.00817454
0.00722068
0.00757857
0.00648454
0.00685063
0.00577064
0.00609919
0.00542718
-0.293935
-0.168863
-0.110706
-0.0977367
-0.0965329
-0.373318
-0.10833
-0.169785
-0.419254
-0.0611427
-0.426861
-0.0576296
-0.15962
-0.0875223
-0.0757372
-0.0681189
-0.0795591
-0.399722
-0.090112
-0.100826
-0.346105
-0.136926
-0.12744
-0.14494
-0.124137
-0.283682
-0.175167
-0.150982
-0.226773
-0.193912
-0.184118
0.00447381
0.0045988
0.00418758
0.00470135
0.00459677
0.0039698
0.00428602
-0.241703
0.00501524
0.00473847
0.00557891
0.00529434
0.0062603
0.00589852
0.00695875
0.00660623
0.00763434
0.00730429
0.00823693
0.00794693
0.00873722
0.00850226
0.00908905
0.00893534
0.00922178
0.00918758
0.00904513
0.00917749
0.00845933
0.00880853
0.00736912
0.0079813
0.00570108
0.00660914
0.00342105
0.00463636
0.000544298
0.00205305
-0.00287283
-0.00110173
-0.00679873
-0.0047712
-0.0113328
-0.00897768
-0.0167942
-0.0139194
-0.0237604
-0.0200513
-0.0328645
-0.028019
-0.0444389
-0.0383502
-0.0581267
-0.0510842
-0.0724402
-0.065373
-0.0854005
-0.079325
-0.0943191
-0.0904413
-0.0968734
-0.0880779
-0.0824666
-0.095799
-0.0926125
-0.0981833
-0.0976963
-0.0954023
-0.097426
-0.0871802
-0.0919754
-0.0742505
-0.0811579
-0.0589052
-0.0668397
-0.0431511
-0.0509536
-0.0286646
-0.0356848
-0.0163481
-0.0222113
-0.00654556
-0.0111374
0.00078702
-0.00259261
0.00591976
0.00359921
0.00921965
0.00776804
0.0110836
0.0103016
0.0118976
0.0115961
0.0119947
0.0120157
0.011636
0.0118572
0.0110235
0.0113504
0.0102985
0.0106692
0.00952043
0.00991525
0.00868615
0.00911082
0.0077915
0.00824447
0.00687792
0.00732905
0.00598591
0.00641845
0.00522307
0.00559514
0.00493571
0.0044486
0.00375339
0.00406538
0.00515958
0.00478249
0.00597827
0.00555987
0.00683266
0.00640008
0.0077336
0.00727749
0.00855264
0.00817522
0.00885583
0.00879651
0.00845261
0.00872225
0.00780927
0.00812571
0.00729731
0.00753674
0.00676735
0.00705133
0.00616254
0.00646161
0.00543471
0.00582503
0.00510593
-0.108372
-0.0932761
-0.338617
-0.198723
-0.194977
-0.408214
-0.135179
-0.0597132
-0.0501338
-0.0411562
-0.0506146
-0.438575
-0.0997722
-0.184507
-0.0707498
-0.430448
-0.110388
-0.0927223
-0.39226
-0.149409
-0.126203
-0.167686
-0.116126
-0.332134
-0.193252
-0.147548
-0.142429
-0.269378
-0.220718
-0.173872
-0.214248
0.00387713
0.00348711
-0.104258
-0.0885374
-0.2791
0.00404857
0.00353571
0.00380751
0.00453441
0.004289
0.00505077
0.00478747
0.00562064
0.00533082
0.00620037
0.00591512
0.0067335
0.00647535
0.00718455
0.00697173
0.00751825
0.00736848
0.00768782
0.00762694
0.00762806
0.00769066
0.00726207
0.00748763
0.00650825
0.00693769
0.00528969
0.00596014
0.00354819
0.00448555
0.00125565
0.00246998
-0.00158367
-9.83355e-05
-0.00494358
-0.00320113
-0.00882792
-0.00681777
-0.0133457
-0.010997
-0.0187567
-0.0159193
-0.0254653
-0.0219248
-0.0338597
-0.0294397
-0.0440579
-0.0387473
-0.0556721
-0.0497412
-0.0675087
-0.0616809
-0.0777348
-0.0729365
-0.0844698
-0.0816596
-0.0860914
-0.08611
-0.0807821
-0.0843498
-0.0824776
-0.0687723
-0.0757226
-0.0656323
-0.0583853
-0.0771505
-0.0718639
-0.0843464
-0.0813785
-0.0869684
-0.0862187
-0.0850373
-0.0865615
-0.0784769
-0.0824057
-0.0680127
-0.0737623
-0.0552854
-0.0618865
-0.0419282
-0.0485733
-0.0293803
-0.0354981
-0.0184442
-0.0236838
-0.00950796
-0.0137243
-0.00261714
-0.00582108
0.00239665
0.000102221
0.00580947
0.00427835
0.00793875
0.00701004
0.00910159
0.00861914
0.00957738
0.00940798
0.00958975
0.00962811
0.00931447
0.0094781
0.00887661
0.00911022
0.00833478
0.00861715
0.00769867
0.00802816
0.00697809
0.00734714
0.00620177
0.00659646
0.0054393
0.00582097
0.00476289
0.00508481
0.00417488
0.00444541
0.00383368
0.00414432
0.0037732
0.00484023
0.00448771
0.00560636
0.00521543
0.00640155
0.00600054
0.00721709
0.00680879
0.00792394
0.00760313
0.00815833
0.00812175
0.00777667
0.00802721
0.00719207
0.00747739
0.00675305
0.00695393
0.00631977
0.00655346
0.00577834
0.00605173
0.00508359
0.00547091
0.00436097
0.00474335
0.00354138
0.00395405
-0.225982
-0.370039
-0.224594
0.00317858
0.00317658
-0.0318772
-0.0410146
-0.425574
-0.166979
-0.0606216
-0.0742719
-0.215245
-0.0614765
-0.43906
-0.149308
-0.0986561
-0.0839422
-0.417056
-0.174153
-0.123042
-0.195544
-0.107747
-0.371818
-0.216664
-0.14762
-0.133414
-0.310486
-0.251636
-0.172262
-0.1633
-0.248922
-0.263564
-0.200108
-0.051281
-0.0402352
-0.03323
-0.0221323
-0.0107987
-0.307018
0.00320497
0.00250175
0.00296087
0.00361865
0.00342667
0.00404488
0.00382984
0.00452503
0.00429126
0.00500198
0.00476499
0.0054592
0.00523662
0.00585575
0.00566747
0.00615796
0.00602082
0.00632962
0.00626252
0.00632341
0.00635187
0.00607943
0.00623453
0.0055329
0.00584731
0.00461844
0.00512473
0.00327513
0.00400266
0.00145753
0.0024264
-0.000856783
0.000361839
-0.00366964
-0.00220257
-0.00697348
-0.0052613
-0.0107894
-0.00881478
-0.0152161
-0.0129178
-0.0204572
-0.0177203
-0.0267916
-0.0234735
-0.034437
-0.0304477
-0.0433686
-0.0387603
-0.053166
-0.0482063
-0.0628516
-0.058109
-0.0707757
-0.0671701
-0.075789
-0.0737875
-0.0760206
-0.0766139
-0.0700281
-0.0737622
-0.0581915
-0.0649832
-0.0495664
-0.0240789
-0.00450096
-0.0149821
-0.0417158
-0.0329741
-0.0566509
-0.0497534
-0.0675389
-0.0626833
-0.0744006
-0.0715251
-0.0775947
-0.0766236
-0.0763274
-0.0776192
-0.0712445
-0.0743096
-0.0627173
-0.0673372
-0.0521063
-0.0575894
-0.0407828
-0.0464482
-0.0299041
-0.0352378
-0.0201998
-0.0248775
-0.0120701
-0.0159317
-0.00562187
-0.00864408
-0.000764041
-0.00301059
0.00270476
0.00112423
0.0050342
0.00399177
0.00648193
0.00584993
0.00728059
0.00694744
0.00761996
0.00749601
0.00765006
0.00766491
0.00747881
0.0075843
0.00716239
0.00733662
0.00671976
0.00695571
0.00616753
0.00645541
0.00554181
0.00585982
0.00490064
0.00522033
0.00428993
0.0045859
0.00375409
0.00401023
0.00315344
0.00347164
0.00383952
0.00348677
0.00452821
0.00418433
0.0052432
0.0048809
0.00597538
0.00560698
0.00670495
0.0063445
0.007304
0.00703694
0.00748081
0.00746103
0.00713504
0.0073588
0.00662058
0.00687071
0.00624356
0.00641478
0.00587485
0.00607484
0.00536806
0.00563242
0.00472667
0.00507519
0.00401871
0.00438954
0.00324998
0.00362823
0.00288883
-0.0305744
-0.386879
-0.248383
-0.0422457
-0.0333644
-0.0244851
0.00202176
0.00205501
-0.063578
-0.253449
-0.0515233
-0.425664
-0.205728
-0.0902501
-0.074417
-0.422905
-0.209281
-0.117589
-0.230785
-0.0988676
-0.390237
-0.24636
-0.145331
-0.124425
-0.340846
-0.287469
-0.202487
-0.17364
-0.152909
-0.283813
-0.307687
-0.186235
-0.228622
0.00859017
-0.0049893
-0.0188917
-0.325719
0.00277455
0.00259867
0.00318555
0.00299166
0.00358236
0.00339022
0.00399753
0.00379275
0.00438995
0.00419969
0.00473314
0.00456967
0.0049984
0.00487744
0.00515536
0.00509227
0.00516875
0.00518232
0.00499189
0.00510695
0.00457033
0.00481446
0.00385075
0.00425023
0.00278269
0.00336247
0.00131954
0.00210207
-0.00057286
0.000427362
-0.00291098
-0.00168681
-0.00569857
-0.0042497
-0.00893789
-0.00726207
-0.0126571
-0.0107351
-0.0169389
-0.0147214
-0.0219331
-0.0193372
-0.0278235
-0.0247586
-0.0347138
-0.0311467
-0.0424909
-0.0385121
-0.0507168
-0.0465908
-0.0585435
-0.0547486
-0.0647238
-0.0619181
-0.0680246
-0.0668474
-0.0671656
-0.0682549
-0.0608604
-0.0646457
-0.0493556
-0.055795
-0.0335533
-0.0415604
-0.0377958
-0.0239966
-0.0165609
-0.0256633
-0.0178884
0.00138642
-0.00902817
-0.0343587
-0.0262286
-0.0486767
-0.0418741
-0.0593276
-0.0545647
-0.0661556
-0.0631524
-0.06952
-0.0683023
-0.0690055
-0.0697413
-0.0650404
-0.0674197
-0.0581581
-0.0619024
-0.0493504
-0.0539171
-0.0397457
-0.0445802
-0.0303054
-0.0349585
-0.0216979
-0.0258707
-0.0143144
-0.0178439
-0.00830036
-0.0111401
-0.00362233
-0.00580613
-0.000139435
-0.00174696
0.00234045
0.00120958
0.00402332
0.00326625
0.00510054
0.0046249
0.00573088
0.00546157
0.0060393
0.00591781
0.00611637
0.00610189
0.00601437
0.00608526
0.00575824
0.00590395
0.00537017
0.00557857
0.00488795
0.00513769
0.00435833
0.00462633
0.00382532
0.00408893
0.00332632
0.0035701
0.00276218
0.00307065
0.00282822
0.00238484
0.00352312
0.00317288
0.00420107
0.00386214
0.00487726
0.00453898
0.00555199
0.00521468
0.00619826
0.00588329
0.00669874
0.0064797
0.0068307
0.00682199
0.00652903
0.0067222
0.0060879
0.00630243
0.00576196
0.0059109
0.00543591
0.00561322
0.00496091
0.00521411
0.00435593
0.00467894
0.00367363
0.00402876
0.00293787
0.00330647
0.00254145
-0.0499475
-0.300569
-0.0409637
-0.390412
-0.272471
0.00163689
0.0136979
-0.0775114
-0.0641374
-0.411405
-0.252156
0.00101845
-0.0102197
-0.00414638
-0.108134
0.0187991
0.0127063
-0.274643
-0.0894007
-0.394208
-0.277046
-0.13989
-0.115431
-0.354316
-0.322171
-0.240559
-0.172154
-0.142989
-0.305491
-0.355674
-0.205162
-0.173785
-0.256096
-0.357001
-0.0445662
-0.028996
-0.209947
-0.0146617
-0.0145464
-0.0292644
-0.337182
0.00233711
0.00203864
0.00274304
0.00256114
0.00311934
0.00293656
0.0034747
0.00330159
0.00378502
0.00363887
0.00402113
0.00391368
0.00416013
0.00410427
0.00417546
0.00418489
0.00403347
0.00412628
0.00368955
0.0038893
0.00309531
0.00342586
0.00220875
0.00269017
0.000993477
0.00164356
-0.000583877
0.00025098
-0.00254714
-0.00151731
-0.0049064
-0.00367797
-0.00766452
-0.00623643
-0.0108276
-0.00919544
-0.0144239
-0.0125695
-0.0185198
-0.0164049
-0.0232198
-0.0207883
-0.028634
-0.0258346
-0.0347888
-0.0316252
-0.0415222
-0.0381044
-0.0483982
-0.0449817
-0.0546653
-0.0516644
-0.0593396
-0.0572598
-0.0613808
-0.0607534
-0.0595488
-0.0610542
-0.0531755
-0.0569989
-0.0422337
-0.048299
-0.0278188
-0.0351933
-0.0107883
-0.0202365
0.0268349
0.0232434
0.0294976
0.00608995
0.0174614
-0.0126037
-0.00398127
-0.028159
-0.0205757
-0.0419322
-0.0353986
-0.0522026
-0.0475096
-0.0590177
-0.0560105
-0.0625582
-0.0611948
-0.0627187
-0.063046
-0.0597697
-0.0615901
-0.0542596
-0.0572851
-0.0469684
-0.0507728
-0.0388201
-0.042945
-0.0306313
-0.0346885
-0.0230045
-0.0267222
-0.0163105
-0.01953
-0.0107168
-0.0133767
-0.00623239
-0.00834397
-0.00276518
-0.00438348
-0.000171881
-0.00137226
0.00170831
0.000844838
0.00302979
0.00242819
0.00392249
0.00352134
0.00448725
0.00423957
0.00479732
0.00466976
0.00489958
0.0048717
0.00482259
0.00488144
0.00459249
0.00472435
0.00424461
0.00443059
0.00382045
0.00403928
0.00336042
0.00359319
0.00288937
0.00312574
0.00233762
0.00264161
0.00169388
0.00201304
0.00244871
0.00169575
0.00202768
0.0031898
0.00282475
0.00386301
0.00353061
0.00450797
0.00418865
0.0051291
0.00482156
0.00569764
0.00542429
0.00611261
0.0059336
0.00621227
0.00620968
0.00595757
0.00611962
0.00558665
0.00576784
0.00530218
0.00543438
0.00500417
0.00516636
0.00455997
0.00479975
0.00398711
0.00429095
0.0033277
0.00367048
0.00260026
0.00297549
0.00171036
0.00216924
0.00135048
-0.0615588
-0.0533249
-0.383493
-0.298993
0.00127108
0.000532536
0.00140966
-0.0938183
-0.0380297
-0.055755
0.0356315
0.0311049
-0.329498
-0.0794243
-0.38687
-0.3048
-0.129575
-0.106238
-0.357958
-0.347817
-0.288319
-0.0212651
-0.166784
-0.133701
-0.314756
-0.394636
-0.20411
-0.162953
-0.270422
-0.414789
-0.24421
-0.194569
-0.231176
0.00519233
-0.025709
0.00383453
-0.00584409
0.000571042
-0.0413064
-0.344347
0.00185603
0.00156481
0.00230508
0.00211097
0.00265399
0.00248734
0.00295722
0.00281313
0.00318957
0.00308764
0.00332358
0.00326952
0.00334123
0.00334826
0.00321776
0.00329853
0.00292198
0.00309333
0.00241273
0.00269619
0.0016488
0.00206408
0.000599607
0.00116063
-0.000757551
-3.99243e-05
-0.0024434
-0.0015591
-0.00447197
-0.00341532
-0.00684657
-0.00561691
-0.00956746
-0.00816444
-0.0126414
-0.0110602
-0.0160928
-0.0143183
-0.0199723
-0.0179761
-0.0243491
-0.0220954
-0.0292783
-0.026745
-0.034733
-0.0319482
-0.0405255
-0.0376076
-0.0462401
-0.0434279
-0.0512126
-0.0488662
-0.0546267
-0.0531628
-0.0556007
-0.0554708
-0.0531852
-0.0548617
-0.0468063
-0.0505063
-0.0362984
-0.0420535
-0.023144
-0.0299671
-0.00650003
-0.0154833
0.0122904
0.0146093
0.00371914
0.00944977
0.0406336
0.0384478
0.0314447
0.0431973
0.0421002
0.00978259
0.0202746
-0.00818365
0.000297071
-0.0231078
-0.0158579
-0.0360717
-0.0298854
-0.0460671
-0.0414627
-0.0528569
-0.0498429
-0.0565948
-0.0550918
-0.0573309
-0.0573232
-0.0552731
-0.0566142
-0.050916
-0.0533384
-0.0449087
-0.0480667
-0.0380118
-0.041523
-0.0309236
-0.0344542
-0.0241777
-0.0274841
-0.0181202
-0.0210511
-0.0129289
-0.0154144
-0.00864401
-0.0106783
-0.00521221
-0.00683027
-0.00253178
-0.00378813
-0.000481696
-0.00143799
0.00105866
0.000343403
0.00219206
0.00166934
0.00299616
0.00263015
0.00352721
0.003292
0.00382521
0.0037025
0.00392
0.00389563
0.00383977
0.00389933
0.00361743
0.00374371
0.00329086
0.00346444
0.00289604
0.00310025
0.00244815
0.00267893
0.00194367
0.00222106
0.0013694
0.00165226
0.0010938
0.00147837
0.000840364
0.00117498
0.00213505
0.00178662
0.00287091
0.00250382
0.00352903
0.00320821
0.00413908
0.00383894
0.00470785
0.00442915
0.00520567
0.00496945
0.00555055
0.00540372
0.00562814
0.00562791
0.00541923
0.00555192
0.00511161
0.00526321
0.0048609
0.00498011
0.00458322
0.00473434
0.00417162
0.00439434
0.00363208
0.00391921
0.00300114
0.00332902
0.00228002
0.00265266
0.00147944
0.00187032
0.000801666
0.00114362
-0.0756266
0.0250641
-0.0183621
0.00796991
0.0175788
-0.394927
-0.0394898
-0.0687211
-0.370143
-0.328654
-0.113719
-0.0968894
-0.357064
-0.359759
0.0246674
0.0259909
-0.348214
-0.00365336
0.0201257
0.0172802
0.0331302
0.0441293
0.000609826
0.00048735
0.00025182
0.000438807
0.000595895
0.000210158
-0.156018
-0.125168
-0.31936
-0.414235
-0.0704415
-0.0502159
-0.1989
-0.153672
-0.276979
-0.456246
-0.293671
-0.242992
-0.034931
-0.00496239
-0.182397
-0.240226
-0.459234
-0.211603
-0.0559238
-0.349943
0.000920264
0.000670692
0.0014222
0.00117201
0.00186408
0.00166583
0.00219137
0.00203773
0.00244568
0.00232795
0.00260479
0.00255006
0.00264262
0.00263876
0.00254341
0.00261143
0.00228282
0.00243435
0.00183298
0.00208314
0.00115791
0.00152521
0.000225084
0.000724508
-0.000984475
-0.000345223
-0.00247972
-0.00169666
-0.00426909
-0.003338
-0.00635684
-0.0052766
-0.00873925
-0.00751237
-0.0114132
-0.0100405
-0.0143847
-0.0128618
-0.0176734
-0.0159884
-0.0213157
-0.0194486
-0.0253539
-0.0232842
-0.0298038
-0.0275299
-0.0346029
-0.0321691
-0.0395516
-0.037078
-0.0442636
-0.0419684
-0.0481585
-0.0463528
-0.0505393
-0.0495796
-0.0506543
-0.0509227
-0.0477693
-0.0496168
-0.0413793
-0.0450268
-0.0314325
-0.0368007
-0.018855
-0.0254374
-0.00293156
-0.0113808
0.0164798
0.0063959
0.0228288
0.0519243
0.0466039
0.0494634
0.0544733
0.0534832
0.0551306
0.0548355
0.0127816
0.0225874
-0.00437222
0.00377695
-0.0188277
-0.0118564
-0.0311238
-0.0252485
-0.0408082
-0.0363184
-0.0475556
-0.0445349
-0.0514855
-0.0498539
-0.0527101
-0.0524199
-0.0514228
-0.0523493
-0.0480493
-0.0499581
-0.0431429
-0.0457444
-0.0373352
-0.0403101
-0.0312209
-0.0342835
-0.0252687
-0.0282025
-0.019798
-0.0224611
-0.014989
-0.0173074
-0.0109031
-0.0128585
-0.00751798
-0.00912919
-0.00476751
-0.00607096
-0.00256588
-0.00360596
-0.000823793
-0.00164441
0.000535214
-0.000101854
0.00156656
0.00108782
0.00230991
0.00197096
0.0027973
0.00258277
0.00305716
0.00295309
0.00311816
0.00310993
0.00301193
0.0030833
0.00277307
0.00290654
0.00243664
0.00261474
0.00203145
0.00224022
0.00156579
0.00180237
0.00102493
0.00129986
0.000748681
0.00128997
0.000961872
0.00191261
0.00159975
0.00258469
0.0022443
0.0032053
0.00290335
0.00377405
0.00349545
0.0042905
0.00403969
0.00472549
0.00452125
0.00501414
0.0048925
0.00507737
0.00507698
0.00491025
0.00501676
0.0046574
0.00478361
0.00443496
0.00454331
0.00417528
0.00431651
0.00379559
0.00400072
0.00329429
0.00356203
0.00269902
0.00300837
0.00201762
0.00236779
0.00129355
0.00164706
0.000958178
-0.0926017
0.0423876
-0.0575004
-0.0868001
-0.353966
-0.359884
0.0269974
-0.417805
0.0147289
0.0551999
0.000126997
-0.000115008
4.6653e-05
-0.000198632
-0.138667
-0.116667
-0.32722
-0.411784
-0.0303511
-0.188285
-0.145872
-0.282553
-0.469212
-0.0890629
-0.0649368
-0.354667
-0.237801
-0.0566041
-0.0222768
-0.173525
-0.245646
-0.499789
-0.291761
-0.198312
-0.218262
0.0367614
0.0289187
-0.0739613
-0.355382
0.000550801
0.000298997
0.00103008
0.000798506
0.00143299
0.00124004
0.00173579
0.00159662
0.00193683
0.00185017
0.00202692
0.00198502
0.00198221
0.00202426
0.00176997
0.00189754
0.00137267
0.00159518
0.000766105
0.0010966
-7.7836e-05
0.000374701
-0.00118155
-0.000597244
-0.00255158
-0.00183434
-0.00418334
-0.0033359
-0.0060727
-0.00509694
-0.00821358
-0.00711315
-0.0105955
-0.00937586
-0.0132119
-0.0118752
-0.0160678
-0.01461
-0.0191789
-0.0175909
-0.0225702
-0.0208388
-0.0262638
-0.0243796
-0.0302492
-0.0282239
-0.0344412
-0.0323292
-0.0386375
-0.0365569
-0.0424839
-0.0406316
-0.0454758
-0.0441201
-0.0470137
-0.046462
-0.0464572
-0.0470315
-0.0432153
-0.0451963
-0.0368591
-0.0404364
-0.0273761
-0.0324709
-0.015254
-0.0216322
-0.000160881
-0.00808176
0.0180084
0.00860055
0.037625
0.0379646
0.0279137
0.0367934
0.0372016
0.0344925
0.0359402
-0.485433
0.0327491
0.0333589
0.0677604
0.0671806
0.0674685
0.067547
0.0677423
0.0666903
0.0672012
0.0551529
0.0657471
0.0662271
0.0342998
0.0446503
0.0150384
0.0243671
-0.00133021
0.00652464
-0.0151976
-0.00850682
-0.0269731
-0.0213537
-0.0363206
-0.0319648
-0.0430046
-0.0399848
-0.0471027
-0.0453588
-0.0487452
-0.0482135
-0.0481239
-0.0486905
-0.0456011
-0.047066
-0.0416502
-0.0437673
-0.0367992
-0.0393017
-0.0315523
-0.0341964
-0.0263195
-0.0289141
-0.0213914
-0.0238056
-0.0169436
-0.019103
-0.0130515
-0.0149292
-0.00971744
-0.0113189
-0.00690604
-0.00825183
-0.00456346
-0.00568219
-0.00262914
-0.00355069
-0.00105301
-0.0018003
0.000198119
-0.000389931
0.00114844
0.000708087
0.00182121
0.0015168
0.00224066
0.00205992
0.00243413
0.0023628
0.00243346
0.00245525
0.00227284
0.00237028
0.00199102
0.00214404
0.00161382
0.0018127
0.00118262
0.00140665
0.000656448
0.000926062
0.000387095
0.000409778
-0.00033923
3.6722e-05
0.00111531
0.00077163
0.00172439
0.00142855
0.00232771
0.002023
0.00289523
0.00261755
0.00341726
0.00316234
0.00388184
0.00365779
0.00426116
0.00408464
0.00450481
0.004403
0.00455918
0.00455721
0.00442847
0.00451251
0.00422203
0.00432673
0.00402422
0.00412282
0.00378221
0.00391374
0.00343214
0.00362102
0.00297085
0.00321724
0.00241839
0.0027053
0.00179379
0.00211324
0.00111699
0.00145539
0.000398875
0.000770993
-0.000433847
-9.26353e-06
-0.115561
0.0666926
-0.0805797
-0.107318
-0.337709
-0.389224
-0.00956381
-0.169708
-0.139105
-0.294222
-0.453822
-0.0420796
0.0481443
0.0480125
0.0551243
0.0655257
-0.424896
-0.000546863
-0.000738322
-0.000959697
-0.000865132
-0.000645887
-0.00109997
-0.22689
0.0181719
-0.167617
-0.253975
-0.50545
-0.113062
-0.0843517
-0.284557
-0.350926
-0.19132
-0.224051
-0.523066
-0.0859855
-0.046613
-0.206184
0.0326839
0.0502724
0.0522083
0.065296
0.0631253
-0.0960716
-0.360286
0.0118925
-0.000350995
-0.000612215
0.000171257
-8.97573e-05
0.000641268
0.000416566
0.00102284
0.000848895
0.00129613
0.00117224
0.00145314
0.00138997
0.00147906
0.00148047
0.00134862
0.00143559
0.0010263
0.00121211
0.00049127
0.000785915
-0.0002771
0.000136458
-0.00129615
-0.000755307
-0.00257595
-0.00190457
-0.00410956
-0.00331306
-0.00587947
-0.00496722
-0.00786749
-0.00684836
-0.0100563
-0.00893892
-0.0124292
-0.0112216
-0.0149771
-0.0136822
-0.0177044
-0.0163186
-0.020625
-0.0191405
-0.0237561
-0.0221642
-0.0271057
-0.0254049
-0.030646
-0.0288568
-0.0342797
-0.0324611
-0.0378082
-0.0360737
-0.040909
-0.0394356
-0.0431431
-0.0421626
-0.0439941
-0.0437714
-0.0429186
-0.0437249
-0.0394235
-0.0414938
-0.0331523
-0.0366406
-0.0240788
-0.0289437
-0.0124221
-0.018565
0.00198786
-0.00555828
0.019193
0.0102846
0.0382731
0.0286127
0.0485916
0.0481656
0.0485069
0.0484792
0.0491217
0.0871881
0.092373
0.0898164
0.082988
0.0848938
0.0800768
0.0813635
0.0778123
0.0789602
0.076184
0.0768967
0.0351069
0.0448525
0.0167816
0.0256875
0.00111093
0.00864368
-0.0122227
-0.00580226
-0.0235021
-0.0181214
-0.0325139
-0.0282962
-0.0391126
-0.0361058
-0.0433466
-0.0415084
-0.0453477
-0.0446082
-0.045304
-0.0455574
-0.0435248
-0.0446015
-0.0404126
-0.0421037
-0.0364099
-0.0384923
-0.0319431
-0.0342094
-0.0273673
-0.0296509
-0.0229423
-0.0251251
-0.0188346
-0.0208441
-0.0151272
-0.0169309
-0.0118426
-0.0134348
-0.00897182
-0.0103592
-0.00649197
-0.00768748
-0.00436867
-0.0053901
-0.00257724
-0.00343406
-0.00110918
-0.00180515
4.60203e-05
-0.000495023
0.000902392
0.00050905
0.00147697
0.00122216
0.00179418
0.00166459
0.00188753
0.00186554
0.00179543
0.00186136
0.00155965
0.00169246
0.00121778
0.00139971
0.000787563
0.00101416
0.000287446
0.000555355
-0.000236733
2.22861e-05
-0.000491967
0.000237664
-0.000138187
0.000933387
0.000594864
0.00152818
0.00124144
0.00208106
0.0018064
0.00259596
0.00234341
0.00306892
0.00283856
0.00348326
0.0032845
0.00381345
0.00366084
0.00402065
0.00393438
0.00406966
0.00406554
0.00396946
0.00403486
0.00380149
0.00388824
0.00362544
0.00371504
0.0034009
0.00352284
0.00307882
0.00325243
0.00265654
0.00288152
0.00214947
0.00241289
0.00157497
0.00186956
0.000928853
0.00125914
0.000197248
0.000580704
-0.000215864
-0.143698
0.0956645
-0.110448
-0.131876
-0.322062
-0.413078
-0.0178682
0.0549031
0.0321916
0.0479445
0.0756599
-0.492651
-0.00114966
-0.00138724
-0.00131283
-0.00157277
-0.207825
0.0595031
-0.16393
-0.274165
-0.481268
-0.0576051
-0.272957
-0.419524
-0.189807
-0.235185
-0.521268
0.00109773
-0.34039
-0.203731
-0.213614
0.0585405
-0.111476
0.117913
0.12581
-0.14573
0.0758645
0.0828242
-0.123069
-0.363419
0.00763769
-0.000749111
-0.00102889
-0.000208052
-0.00047321
0.000272389
4.552e-05
0.000637694
0.000470407
0.000881091
0.000774262
0.000995091
0.000954814
0.000961151
0.000997021
0.000748533
0.000878678
0.000320226
0.000562637
-0.000354648
1.37834e-05
-0.00129145
-0.000791071
-0.0024954
-0.00186139
-0.00396
-0.00319772
-0.00566438
-0.00478535
-0.00757811
-0.00659883
-0.00966674
-0.00860413
-0.0119004
-0.0107686
-0.0142563
-0.0130655
-0.0167247
-0.0154779
-0.0193108
-0.0180036
-0.022029
-0.0206537
-0.0248932
-0.0234435
-0.027903
-0.0263821
-0.0310204
-0.0294535
-0.0341427
-0.0325906
-0.0370797
-0.0356495
-0.0395399
-0.0383898
-0.0411395
-0.0404711
-0.0414343
-0.041475
-0.039962
-0.0409416
-0.0363037
-0.0384228
-0.0301595
-0.0335461
-0.0214648
-0.0261199
-0.0102668
-0.0161762
0.00353975
-0.00368334
0.0199352
0.0114002
0.0383862
0.0290197
0.0576352
0.0574083
0.047905
0.0582969
0.0578676
0.0598439
0.0588854
0.0621797
0.0607594
0.0669334
0.064123
0.0706132
0.105961
0.111361
0.0974716
0.101293
0.0919651
0.0944102
0.0884308
0.0900076
0.0861581
0.087084
0.0748401
0.0845162
0.0853422
0.0548642
0.0650063
0.0354063
0.0449334
0.0180078
0.0264288
0.00300487
0.0102425
-0.00982924
-0.00366155
-0.0206291
-0.0154776
-0.0293118
-0.025233
-0.0358004
-0.0328211
-0.0401357
-0.0382212
-0.0424442
-0.041525
-0.0429047
-0.0428835
-0.041782
-0.042515
-0.0394154
-0.0407269
-0.0361745
-0.0378785
-0.0324172
-0.0343391
-0.0284463
-0.0304432
-0.0244895
-0.0264568
-0.0206998
-0.0225696
-0.0171642
-0.0189001
-0.0139216
-0.0155084
-0.0109857
-0.0124181
-0.00836409
-0.00963809
-0.00605049
-0.00717363
-0.00404105
-0.0050105
-0.0023536
-0.00315844
-0.000992622
-0.0016351
4.74345e-05
-0.000434666
0.000772797
0.00044665
0.00120444
0.00102148
0.00138017
0.00132034
0.00134656
0.00138525
0.00115294
0.00126661
0.000836078
0.00100754
0.000419082
0.000637942
-7.53898e-05
0.000181599
-0.000619724
-0.000343557
-0.000889347
-0.525892
-0.128191
-0.0850616
-0.000703802
-0.00158377
-0.0011294
8.37325e-05
-0.000296514
0.000754438
0.000430357
0.00132395
0.00104963
0.00183837
0.00158515
0.00230698
0.00207799
0.00273163
0.00252543
0.00309822
0.00292313
0.00338475
0.00325299
0.0035619
0.00348813
0.00360731
0.00360108
0.00353195
0.00358222
0.00339567
0.00346745
0.0032393
0.0033204
0.00303216
0.0031446
0.00273737
0.00289608
0.00235261
0.00255706
0.00188956
0.0021305
0.00135747
0.00163179
0.000744325
0.00106038
2.32272e-05
0.000402266
-0.000823863
-0.000387755
-0.00180299
-0.0012938
-0.179522
0.0997199
-0.148
-0.160476
-0.31036
-0.428323
-0.0294025
0.0313486
-0.254178
-0.481529
-0.191462
-0.260414
-0.492402
0.140484
0.152961
0.0524431
-0.0787428
0.0921848
0.0623976
0.0668107
0.0666767
0.0741342
0.0841582
-0.326063
-0.209264
-0.226551
-0.51631
-0.0234656
-0.00235954
-0.00199217
-0.00260305
-0.00173241
-0.00207269
-0.00225623
-0.403574
-0.213945
-0.148184
0.11741
0.103916
0.133417
0.135649
-0.189131
-0.156094
-0.364281
0.000901023
-0.00177211
-0.00208414
-0.00114103
-0.00145823
-0.000559739
-0.000842224
-7.11632e-05
-0.000301228
0.000284807
0.000123895
0.000500722
0.00040988
0.000572011
0.000554537
0.000481403
0.000548139
0.000191855
0.00036311
-0.00033857
-4.06927e-05
-0.00115395
-0.000711145
-0.00226584
-0.00167436
-0.00366665
-0.00293367
-0.00532848
-0.0044694
-0.0072158
-0.00624879
-0.00928324
-0.00823288
-0.0114792
-0.0103709
-0.0137582
-0.0126132
-0.0160915
-0.0149217
-0.0184706
-0.0172777
-0.0209036
-0.0196818
-0.0234086
-0.0221481
-0.0260008
-0.0246952
-0.0286766
-0.0273312
-0.0313933
-0.0300356
-0.034048
-0.0327378
-0.0364616
-0.0352986
-0.0383715
-0.0374971
-0.039442
-0.0390317
-0.0392898
-0.0395392
-0.0375207
-0.0386258
-0.0337752
-0.0359084
-0.0277929
-0.0310674
-0.0194632
-0.0239186
-0.00871771
-0.0143925
0.00448328
-0.00241446
0.0201693
0.0120069
0.0382115
0.0289884
0.0573702
0.0477856
0.0677855
0.0671661
0.0703825
0.0689086
0.0749648
0.0723248
0.0828478
0.0784502
0.0955249
0.0883399
0.105048
0.122728
0.130696
0.110879
0.116237
0.103043
0.106548
0.0981332
0.100288
0.0954076
0.0964807
0.0939831
0.0944814
0.0542269
0.0641863
0.0352671
0.0445406
0.0187047
0.0266997
0.00435229
0.0112801
-0.00796586
-0.00205152
-0.0182933
-0.0133667
-0.0266416
-0.0227063
-0.0329942
-0.0300556
-0.0373975
-0.0354225
-0.0399689
-0.0388929
-0.0408738
-0.0406083
-0.0403385
-0.0407624
-0.0386455
-0.039613
-0.0360997
-0.0374577
-0.032996
-0.0346005
-0.0295868
-0.0313181
-0.0260663
-0.0278343
-0.0225716
-0.0243141
-0.0191908
-0.0208686
-0.0159772
-0.0175665
-0.0129651
-0.01445
-0.0101843
-0.0115478
-0.00767296
-0.00890733
-0.00544571
-0.00653444
-0.0035315
-0.00444936
-0.00196054
-0.00270635
-0.00073641
-0.00130699
0.00013556
-0.000259188
0.000670098
0.000439375
0.000918047
0.000824982
0.000934161
0.000949243
0.000776347
0.000873465
0.000480664
0.000642614
7.08981e-05
0.000286538
-0.000432826
-0.000171208
-0.00101152
-0.000716221
-0.00158393
-0.00130321
-0.00184465
-0.000818291
-0.00125676
-4.5457e-05
-0.000414592
0.000587591
0.000285017
0.00112116
0.000863719
0.00159864
0.00136528
0.00202426
0.0018173
0.00240284
0.00221965
0.00272465
0.00257146
0.0029724
0.00285874
0.00312443
0.00306076
0.00316689
0.00315899
0.00311104
0.0031495
0.00300024
0.00305984
0.00286161
0.00293454
0.00267226
0.00277483
0.00240518
0.00254864
0.00205753
0.00224193
0.00163669
0.00185616
0.00114476
0.00139956
0.000570259
0.00086732
-0.00011287
0.000247198
-0.000958473
-0.000515367
-0.00144661
-0.226431
-0.50931
-0.183746
-0.194668
-0.193914
-0.302599
-0.432972
0.168102
0.104671
-0.0455773
0.0286336
0.0667503
0.0937509
-0.307838
0.139671
0.158774
-0.219662
-0.254424
-0.488275
0.0413187
-0.108123
0.0677589
-0.00296211
-0.00327806
-0.00209984
-0.00274626
-0.00182114
-0.00236585
-0.00260826
-0.00283576
-0.382286
-0.224294
-0.227961
-0.497611
-0.458532
-0.197513
0.119467
-0.144057
-0.061722
0.15644
-0.244455
-0.195852
-0.362432
0.183393
0.147556
-0.00835559
-0.00225324
-0.00261526
-0.00152674
-0.00188913
-0.000884106
-0.00118944
-0.000376521
-0.000611714
-2.42207e-05
-0.000180404
0.000167801
9.14594e-05
0.000198215
0.000203068
5.29578e-05
0.0001485
-0.000308111
-9.82051e-05
-0.000940345
-0.000589205
-0.0018898
-0.00137517
-0.00318076
-0.00249476
-0.0047871
-0.00395143
-0.00666233
-0.00569808
-0.00874835
-0.00768664
-0.0109841
-0.0098562
-0.0133002
-0.0121414
-0.0156308
-0.0144716
-0.0179407
-0.0167942
-0.0202245
-0.0190902
-0.0224954
-0.0213646
-0.0247784
-0.0236377
-0.0270953
-0.0259354
-0.0294441
-0.0282699
-0.0317817
-0.0306208
-0.0340091
-0.0329185
-0.0359595
-0.0350314
-0.0373974
-0.0367577
-0.0380289
-0.0378305
-0.0375238
-0.0379349
-0.0355453
-0.0367334
-0.0317853
-0.0338986
-0.0260107
-0.0291542
-0.0180711
-0.0223145
-0.00781867
-0.0132384
0.00483278
-0.00178982
0.0199564
0.0120736
0.0377047
0.0285189
0.057231
0.0473796
0.075719
0.076459
0.066999
0.0752887
0.0754416
0.0765787
0.0757161
0.0801349
0.0780549
0.0867274
0.0830117
0.0974411
0.0915038
0.114009
0.104852
0.125352
0.191678
0.211159
0.159248
0.17414
0.1375
0.147232
0.122952
0.129549
0.113197
0.11757
0.107048
0.109745
0.103787
0.105097
0.102674
0.103006
0.0936177
0.103087
0.102771
0.0734545
0.0837425
0.0531713
0.0631152
0.0347691
0.0436985
0.0188652
0.0265092
0.00513145
0.0117437
-0.00661406
-0.000978018
-0.0164467
-0.0117503
-0.024442
-0.0206541
-0.0306325
-0.0277408
-0.0350721
-0.0330449
-0.0378681
-0.0366476
-0.0391685
-0.0386775
-0.0391647
-0.039303
-0.0380874
-0.038737
-0.0361823
-0.0372208
-0.0336842
-0.0349969
-0.0307968
-0.0322863
-0.027681
-0.0292717
-0.0244555
-0.0260915
-0.0212084
-0.0228477
-0.0180073
-0.019617
-0.0149063
-0.0164591
-0.0119634
-0.0134267
-0.00923442
-0.010575
-0.00677714
-0.00798022
-0.00463258
-0.00566854
-0.00284645
-0.00369707
-0.00144151
-0.00209933
-0.000435626
-0.000892599
0.000195292
-7.81682e-05
0.000504712
0.000383451
0.000568029
0.000561871
0.000440789
0.000523916
0.000162626
0.000317833
-0.000246032
-2.79075e-05
-0.000771541
-0.000495676
-0.00139478
-0.00107512
-0.00204419
-0.00172611
-0.00234802
-0.000888212
-0.00132877
-0.000146783
-0.000495205
0.000440473
0.000161343
0.000933274
0.000695677
0.00136925
0.00115718
0.00175162
0.00156638
0.00208595
0.00192471
0.00236579
0.00223291
0.00257847
0.00248093
0.00270839
0.0026535
0.00274777
0.0027387
0.00270739
0.0027362
0.00261734
0.00266699
0.00249583
0.00256048
0.00232529
0.00241745
0.00208651
0.00221444
0.00177589
0.00194038
0.00139719
0.00159509
0.000948109
0.00118153
0.00041756
0.00069253
-0.000217791
0.000117917
-0.00103881
-0.000600788
-0.00153667
-0.28124
0.184458
-0.242786
-0.244276
-0.231669
-0.298105
-0.427251
0.208997
0.111977
-0.0675574
0.0248363
-0.00349614
-0.00298092
-0.35975
-0.242116
-0.255635
-0.468532
0.025927
-0.150578
0.0744682
0.0840886
0.0853672
0.0934697
0.103707
-0.304906
-0.266994
-0.428574
-0.481283
0.186623
0.141406
-0.238645
0.214938
-0.294349
0.224822
0.253994
-0.241046
-0.357142
0.166589
-0.0221733
-0.00357492
-0.00429717
-0.00404211
-0.00271935
-0.00317082
-0.00188258
-0.00229546
-0.00117223
-0.00150704
-0.000633537
-0.000879351
-0.000277137
-0.000431698
-0.00010276
-0.000167227
-0.000108681
-8.32465e-05
-0.000306413
-0.000182663
-0.000734272
-0.000489108
-0.00145745
-0.00105661
-0.00253817
-0.00195232
-0.00400742
-0.00322914
-0.00581395
-0.00487831
-0.00792098
-0.00684432
-0.0102198
-0.00905638
-0.0126428
-0.0114283
-0.0150957
-0.0138793
-0.0174916
-0.0163126
-0.0197861
-0.0186606
-0.0219763
-0.0209012
-0.0240832
-0.0230456
-0.0261416
-0.0251226
-0.0281842
-0.0271692
-0.0302153
-0.0292068
-0.0321956
-0.0312191
-0.0340328
-0.0331416
-0.0355735
-0.0348518
-0.0366067
-0.0361667
-0.0368755
-0.0368504
-0.0360963
-0.0366301
-0.0339826
-0.0352178
-0.0302718
-0.0323354
-0.0247532
-0.0277441
-0.0172489
-0.0212573
-0.00754965
-0.0126856
0.00454264
-0.00181322
0.0192131
0.0115369
0.0367673
0.0276053
0.0568881
0.0466265
0.0774941
0.0672992
0.0832039
0.0833396
0.0845981
0.0835044
0.0890378
0.0864268
0.0972579
0.0926389
0.110371
0.103142
0.130103
0.119319
0.159757
0.143262
0.205832
0.180417
0.273892
0.236689
0.208524
0.229854
0.174557
0.190354
0.150309
0.161337
0.13362
0.141217
0.122283
0.127386
0.115141
0.118256
0.111443
0.112916
0.110601
0.110725
0.112025
0.111092
0.0721208
0.0828697
0.0516979
0.0616605
0.0337235
0.0423479
0.0184098
0.0257359
0.00533989
0.0116162
-0.00576619
-0.000447957
-0.0150645
-0.0106303
-0.022681
-0.0190749
-0.0286827
-0.0258772
-0.03313
-0.0310918
-0.0361181
-0.0347954
-0.0377745
-0.0371004
-0.0382554
-0.0381483
-0.0377427
-0.0381096
-0.0364258
-0.0371727
-0.0344829
-0.0355228
-0.032071
-0.0333284
-0.0293191
-0.0307331
-0.0263282
-0.0278509
-0.0231866
-0.0247745
-0.0199747
-0.0215885
-0.0167661
-0.018369
-0.0136403
-0.0151915
-0.0106889
-0.0121394
-0.00799329
-0.00931147
-0.00562603
-0.00677661
-0.00362616
-0.0045827
-0.00204969
-0.00278763
-0.00091905
-0.00143299
-0.000205873
-0.000516758
0.000159763
1.28244e-05
0.000260558
0.000237447
0.000160255
0.000232003
-0.000104902
4.81715e-05
-0.000520964
-0.000295599
-0.0010783
-0.00078306
-0.00176082
-0.00140791
-0.00251432
-0.002139
-0.00321218
-0.00288388
-0.00369862
-0.00349892
-0.00183091
-0.00303438
-0.00238874
-0.000914905
-0.00134334
-0.000225245
-0.000544441
0.000312503
5.75631e-05
0.000759616
0.000544927
0.00114849
0.000960048
0.00148547
0.00132257
0.00177616
0.00163626
0.00201629
0.00190231
0.00219726
0.00211391
0.00230794
0.00226047
0.00234402
0.00233429
0.00231507
0.00233655
0.00224197
0.00228262
0.00213607
0.00219248
0.00198529
0.00206627
0.00177597
0.00188765
0.00150348
0.00164758
0.00116911
0.00134401
0.000767859
0.000976988
0.000287179
0.000537329
-0.00029484
1.29151e-05
-0.00105675
-0.000646131
-0.00210511
-0.0015418
-0.00358471
-0.00276158
-0.335132
-0.130644
-0.243398
-0.2948
-0.262129
-0.296636
-0.414316
0.241681
0.122388
-0.102694
0.019679
0.0871783
0.113445
-0.00377086
-0.00471285
-0.222469
-0.398262
-0.447127
0.0855122
0.172406
0.272476
0.311435
0.305733
0.000847256
-0.37691
-0.263621
-0.254498
-0.468159
0.363676
0.354068
0.394628
0.391558
0.368173
-0.283211
-0.351923
0.191541
0.425836
0.483755
0.532815
0.554976
0.446655
0.541644
0.499505
-0.0441706
-0.442423
-0.276165
-0.392901
-0.244895
-0.0173625
0.37591
0.333267
0.218943
0.103943
-0.434628
-0.37347
-0.354488
-0.340181
-0.326866
-0.00433341
-0.00338076
-0.00262724
-0.00199603
-0.001461
-0.00101564
-0.000646351
-0.000333747
-5.83215e-05
0.000186599
0.000408377
0.000610142
0.000792416
0.000958519
0.00110964
0.00124631
0.00137017
0.00147923
0.00157562
0.00165885
0.00172897
0.00178847
0.00183734
0.00187836
0.00191178
0.00193659
0.00195277
0.0019565
0.00194752
0.00192419
0.00188512
0.0018317
0.00176295
0.00168098
0.00158591
0.00147913
0.00136104
0.00123216
0.00109305
0.000943001
0.000780568
0.000605984
0.000417637
0.000211578
-1.59828e-05
-0.000268523
-0.000554215
-0.000889399
-0.00128441
-0.00174777
-0.00229375
-0.00293212
-0.00367673
-0.00459061
-0.00463218
-0.00454164
-0.00424407
-0.00386545
-0.00343174
-0.00298459
-0.00252837
-0.0021051
-0.00170564
-0.00134637
-0.0010243
-0.000744885
-0.000506743
-0.000311007
-0.000158174
-4.92643e-05
1.47437e-05
3.05268e-05
-6.83469e-06
-0.000104838
-0.000272621
-0.000521011
-0.000862013
-0.00130664
-0.00186466
-0.00254212
-0.00334308
-0.00426508
-0.00530455
-0.00645039
-0.00769467
-0.00903462
-0.0104629
-0.0119572
-0.0135168
-0.0151268
-0.0167738
-0.0184387
-0.0201111
-0.0217732
-0.0234158
-0.0250238
-0.0265896
-0.0280984
-0.0295421
-0.0309058
-0.0321817
-0.0333561
-0.0344206
-0.0353608
-0.0361655
-0.036819
-0.0373078
-0.0376154
-0.0377261
-0.0376232
-0.0372888
-0.0367069
-0.0358594
-0.034733
-0.0333112
-0.0315831
-0.0295339
-0.0271558
-0.0244363
-0.0213711
-0.0179499
-0.0141672
-0.010008
-0.00545661
-0.000486836
0.0049303
0.0108305
0.0172556
0.0242591
0.0319236
0.0403247
0.0495199
0.0595185
0.070318
0.0815881
0.0930584
0.104342
0.11513
0.125239
0.122525
0.12028
0.118688
0.11779
0.11764
0.118323
0.119869
0.122326
0.125771
0.130273
0.135937
0.142877
0.151249
0.161251
0.173145
0.187083
0.202974
0.221142
0.244465
0.276708
0.313152
0.34926
0.387368
0.428413
0.466989
0.495785
0.505668
0.490822
0.457881
0.415048
0.369074
0.325324
0.285331
0.250987
0.221323
0.196505
0.175625
0.158
0.143406
0.131362
0.121366
0.113128
0.106414
0.101058
0.0968885
0.0938282
0.0917088
0.0905317
0.0901624
0.0905734
0.0916779
0.0935827
0.0961709
0.0995933
0.0894692
0.0785615
0.0673615
0.0561404
0.0452864
0.0352775
0.0261125
0.0178061
0.0103109
0.00356672
-0.00248412
-0.00789213
-0.0127034
-0.0169624
-0.0207075
-0.023976
-0.0267946
-0.0291905
-0.0311824
-0.0327961
-0.0340525
-0.0349817
-0.0356091
-0.0359678
-0.0360853
-0.035995
-0.0357249
-0.0353057
-0.0347634
-0.0341238
-0.033409
-0.0326382
-0.0318274
-0.030988
-0.0301295
-0.0292561
-0.0283719
-0.0274745
-0.0265626
-0.0256285
-0.0246681
-0.0236726
-0.0226393
-0.0215611
-0.0204375
-0.0192642
-0.0180456
-0.0167845
-0.0154933
-0.0141823
-0.0128661
-0.0115588
-0.0102803
-0.00904113
-0.00785446
-0.00672884
-0.00566603
-0.0046988
-0.003834
-0.00307452
-0.0024236
-0.0018776
-0.00142941
-0.00106985
-0.000788673
-0.000577463
-0.000426896
-0.000333456
-0.000290255
-0.000300054
-0.000355855
-0.000467213
-0.000622043
-0.000839121
-0.00109387
-0.00142147
-0.00177195
-0.00221326
-0.00264367
-0.00320277
-0.00365848
-0.00431353
-0.00466584
-0.0054235
-0.00542699
-0.00557056
-0.00634049
-0.00603531
-0.275483
-0.306769
-0.396989
-0.299092
-0.412896
0.435315
0.126542
0.282796
0.466401
0.582381
0.623458
0.604223
0.0136426
-0.162624
-0.0733375
0.528933
0.224161
0.513062
-0.370946
-0.385814
-0.343689
-0.292632
-0.00745071
-0.00738334
-0.365771
-0.400745
-0.405674
-0.322378
-0.414954
-0.00782732
-0.00670425
-0.0063036
-0.00544027
-0.00491696
-0.00414058
-0.00358471
-0.00296091
-0.00248191
-0.00199801
-0.00161707
-0.001262
-0.000988599
-0.000755949
-0.000592349
-0.000475623
-0.000420401
-0.000415196
-0.000468673
-0.000576795
-0.000747439
-0.000983224
-0.00129419
-0.00168776
-0.00217523
-0.00276518
-0.00346655
-0.00428214
-0.00521215
-0.00625116
-0.00739139
-0.00861319
-0.00990602
-0.011249
-0.0126333
-0.0140322
-0.0154381
-0.016828
-0.0181921
-0.0195083
-0.0207696
-0.021965
-0.0230966
-0.0241608
-0.0251662
-0.0261129
-0.0270123
-0.027867
-0.0286896
-0.0294825
-0.0302547
-0.0310039
-0.0317328
-0.0324336
-0.0331019
-0.0337246
-0.0342898
-0.0347786
-0.0351723
-0.0354476
-0.0355811
-0.0355477
-0.0353217
-0.0348775
-0.0341893
-0.0332333
-0.0319859
-0.0304261
-0.0285341
-0.0262902
-0.0236753
-0.0206641
-0.0172289
-0.0133262
-0.00890964
-0.00390832
0.00174546
0.00814839
0.0153871
0.0235814
0.032821
0.0431838
0.0544841
0.0666617
0.0792707
0.0917275
0.103336
0.148483
0.704344
0.759343
0.288205
-0.00112437
-0.224308
0.463593
0.667094
0.127547
0.339404
0.640655
0.4178
-0.360838
-0.402539
-0.00555348
-0.00499162
-0.00371112
-0.00296511
-0.00233315
-0.00177496
-0.00130783
-0.00092567
-0.000611006
-0.00034171
-0.000103778
0.000106753
0.000295576
0.000465614
0.000618083
0.00075642
0.000881661
0.000994375
0.00109598
0.00118544
0.00126508
0.00133407
0.00139274
0.00144255
0.00148386
0.00151796
0.00154538
0.00156494
0.00157718
0.00157884
0.00157044
0.0015502
0.0015179
0.0014739
0.00141807
0.00135139
0.00127421
0.00118715
0.00109069
0.000984805
0.00087014
0.000745801
0.000610709
0.000464485
0.00030559
0.000130494
-6.41432e-05
-0.000281189
-0.000528111
-0.000816908
-0.00115783
-0.00156958
-0.00206074
-0.0026523
-0.00335224
-0.00417924
-0.00522206
-0.0057132
-0.00569647
-0.00550061
-0.00502817
-0.0045075
-0.00394845
-0.00341097
-0.00288827
-0.00240671
-0.00196288
-0.00156659
-0.00121663
-0.000914674
-0.000660906
-0.000454284
-0.00029613
-0.00018529
-0.000124635
-0.000116099
-0.000165513
-0.000278983
-0.000466256
-0.000737537
-0.00110547
-0.00158138
-0.00217644
-0.00289777
-0.0037504
-0.00473313
-0.00584277
-0.00706973
-0.00840527
-0.00983508
-0.0113494
-0.0129474
-0.0146153
-0.0163218
-0.0180632
-0.0198135
-0.0215587
-0.023278
-0.0249609
-0.0265889
-0.028153
-0.0296371
-0.0310319
-0.032322
-0.0334992
-0.0345501
-0.0354671
-0.0362381
-0.036855
-0.0373058
-0.0375812
-0.0376701
-0.037562
-0.0372468
-0.0367126
-0.0359497
-0.0349456
-0.0336926
-0.0321785
-0.0303975
-0.0283378
-0.0259959
-0.0233615
-0.0204327
-0.0171998
-0.013658
-0.00979216
-0.00558553
-0.00100929
0.00397526
0.00941801
0.0153861
0.0219572
0.0292399
0.0373524
0.046424
0.0565247
0.0676436
0.0796255
0.0920956
0.104777
0.117011
0.128549
0.139335
0.134601
0.130796
0.127696
0.125453
0.124103
0.123688
0.124274
0.125864
0.128487
0.132197
0.137076
0.143206
0.150701
0.159697
0.17038
0.182915
0.197398
0.214086
0.233607
0.257282
0.285277
0.315603
0.346707
0.380536
0.414455
0.443561
0.461708
0.467836
0.457139
0.432596
0.39948
0.361691
0.325775
0.291435
0.260219
0.232261
0.208135
0.187201
0.169234
0.153974
0.141114
0.130325
0.121357
0.113997
0.108092
0.103502
0.100118
0.0978057
0.0965585
0.0962892
0.0969305
0.0985018
0.100984
0.104292
0.10838
0.1134
-0.379306
-0.303588
-0.2935
-0.30519
-0.335152
-0.00948055
-0.00938595
-0.00812531
-0.00712917
-0.00615994
-0.00534631
-0.00454481
-0.00387249
-0.00322779
-0.00268731
-0.00217987
-0.00176083
-0.00138566
-0.00108817
-0.000840969
-0.000663222
-0.000538449
-0.00047742
-0.000471143
-0.000527019
-0.00064213
-0.000824033
-0.00107561
-0.0014066
-0.0018244
-0.00233999
-0.00296165
-0.00369784
-0.00455203
-0.00552531
-0.00661242
-0.00780458
-0.00908656
-0.010445
-0.0118603
-0.0133148
-0.0147937
-0.016278
-0.0177386
-0.0191644
-0.0205322
-0.0218372
-0.0230668
-0.0242203
-0.025294
-0.0262952
-0.0272252
-0.0280948
-0.0289086
-0.0296778
-0.0304075
-0.0311049
-0.031771
-0.0324072
-0.0330092
-0.0335713
-0.034084
-0.0345348
-0.0349091
-0.0351879
-0.0353531
-0.0353821
-0.0352555
-0.0349494
-0.0344452
-0.03372
-0.0327578
-0.031539
-0.0300508
-0.0282772
-0.0262065
-0.0238224
-0.0211056
-0.0180293
-0.0145482
-0.0106052
-0.00610679
-0.000954286
0.00499518
0.0118763
0.0198803
0.029162
0.0398409
0.0518887
0.0652443
0.0795583
0.0944149
0.108549
0.120794
0.130592
0.122075
0.116296
0.111558
0.107468
0.104361
0.102318
0.101364
0.101504
0.10278
0.105223
0.108863
0.113795
0.120117
0.127954
0.137452
0.148784
0.16217
0.177828
0.195898
0.216479
0.239721
0.265797
0.294526
0.325238
0.356928
0.386716
0.412539
0.430862
0.439739
0.436322
0.422682
0.401218
0.374878
0.345962
0.317661
0.290736
0.265149
0.242133
0.222333
0.20527
0.190407
0.177473
0.166339
0.156893
0.148995
0.142524
0.137377
0.133472
0.130744
0.129165
0.128709
0.129381
0.131182
0.134117
0.138184
0.143254
0.149507
0.145728
-0.00660986
-0.00716762
-0.00685174
-0.00646568
-0.00571224
-0.00509658
-0.00438962
-0.00378157
-0.00317934
-0.00265053
-0.00216111
-0.00173282
-0.00135473
-0.00103159
-0.000760768
-0.000541622
-0.000374867
-0.000259176
-0.000198043
-0.000192448
-0.000249279
-0.000373418
-0.000575595
-0.000864665
-0.00125379
-0.00175335
-0.00237506
-0.00312649
-0.00401313
-0.00503558
-0.00619054
-0.00747161
-0.0088685
-0.0103702
-0.0119612
-0.0136296
-0.0153559
-0.0171439
-0.0189669
-0.0207783
-0.0225757
-0.0243462
-0.0260649
-0.0277223
-0.0292957
-0.0307793
-0.0321509
-0.0334061
-0.0345244
-0.035503
-0.0363248
-0.0369882
-0.0374778
-0.0377915
-0.0379155
-0.0378475
-0.0375771
-0.0371014
-0.0364122
-0.0355052
-0.0343741
-0.0330139
-0.0314208
-0.0295897
-0.0275185
-0.0252032
-0.0226426
-0.0198353
-0.0167777
-0.0134691
-0.00989531
-0.00605004
-0.00189296
0.00260142
0.00752265
0.0129268
0.0189637
0.0257204
0.0334331
0.042242
0.0524344
0.0638624
0.0765665
0.0903007
0.10455
0.118876
0.132818
-0.00596962
-0.00454585
-0.00486151
-0.00418909
-0.00303723
-0.00244982
-0.00191897
-0.00145803
-0.00108633
-0.00078477
-0.000531668
-0.000311897
-0.000117795
5.28063e-05
0.000204516
0.000340366
0.00046142
0.000570748
0.000669087
0.000758492
0.000837082
0.00090702
0.000969852
0.00102394
0.00107039
0.00110966
0.00114249
0.00116927
0.00119054
0.00120548
0.00121423
0.00121497
0.00120778
0.00119158
0.00116638
0.00113212
0.00108904
0.00103743
0.000977797
0.000910314
0.000835409
0.000752871
0.000663197
0.00056557
0.000459081
0.000343231
0.000216717
7.66755e-05
-7.96589e-05
-0.000254825
-0.000454855
-0.00068474
-0.000960163
-0.00129172
-0.00169788
-0.00219775
-0.00280945
-0.00355633
-0.374231
0.527228
0.280314
0.564004
-0.114588
0.693717
-0.306591
-0.389439
0.441008
0.214254
0.391541
0.688434
-0.00368602
0.202507
-0.0322854
-0.00909464
-0.00810442
-0.00464791
-0.00625909
-0.310823
-0.364123
0.169267
0.140028
0.140155
-0.361928
0.147306
0.178582
-0.00282148
-0.206801
0.0388009
0.557941
0.354786
0.533291
-0.368138
-0.00252372
-0.00310936
-0.00159385
-0.00201127
-0.000953774
-0.0012419
-0.000521163
-0.000716587
-0.000208999
-0.000353816
3.30728e-05
-8.10423e-05
0.000226917
0.000134904
0.000387338
0.000310325
0.000521101
0.000456702
0.00063252
0.000578932
0.000722346
0.000679294
0.000790625
0.000758236
0.000835915
0.000815172
0.000855624
0.000848263
0.000848815
0.000854865
0.000819427
0.000835836
0.000772502
0.000797004
0.000708445
0.000741802
0.000624072
0.000668344
0.000518772
0.000573621
0.000386037
0.000455633
0.000220797
0.000307637
1.16081e-05
0.000122189
-0.00025858
-0.000114056
-0.000611066
-0.000422607
-0.00110228
-0.000831271
-0.00185092
-0.00144382
-0.00308863
-0.00228233
-0.00331962
0.137856
0.154339
0.103843
0.120781
0.0726341
0.0876677
0.0473311
0.0591087
0.0289109
0.037332
0.0156215
0.0217743
0.00540767
0.0102224
-0.00298209
0.00104049
-0.0102521
-0.00673172
-0.0166784
-0.0135645
-0.0223081
-0.0195936
-0.0271147
-0.0248162
-0.0310672
-0.0291989
-0.0341492
-0.0327171
-0.0363595
-0.0353625
-0.0377102
-0.0371409
-0.0382239
-0.0380697
-0.0379344
-0.0381768
-0.0368894
-0.0375026
-0.0351542
-0.0361033
-0.0328076
-0.0340519
-0.0299409
-0.0314327
-0.0266633
-0.0283459
-0.0230991
-0.0249081
-0.0193917
-0.0212552
-0.0157458
-0.0175579
-0.0122681
-0.0139759
-0.00910667
-0.0106395
-0.00637679
-0.00768147
-0.00415883
-0.00519999
-0.00248582
-0.00325394
-0.00133261
-0.00184741
-0.000628023
-0.000929172
-0.000284786
-0.000415897
-0.000228395
-0.000223735
-0.000411891
-0.000291356
-0.000815661
-0.000586006
-0.00143926
-0.00109932
-0.00229027
-0.00183687
-0.00337741
-0.00281034
-0.00470233
-0.00403487
-0.00622874
-0.00552633
-0.00772059
-0.00727642
-0.0089197
0.124056
0.130877
0.112766
0.117827
0.106473
0.108972
0.10528
0.105259
0.109103
0.106573
0.118113
0.11294
0.13294
0.124757
0.154545
0.142836
0.184092
0.16827
0.222475
0.202158
0.26968
0.245067
0.323362
0.296019
0.375788
0.350675
0.411831
0.396961
0.417018
0.418821
0.389561
0.406603
0.343188
0.367817
0.293476
0.318131
0.248014
0.269912
0.210976
0.228326
0.182593
0.195824
0.161418
0.171172
0.146537
0.153252
0.137181
0.141215
0.132859
0.134413
0.133467
0.132547
0.139267
0.135702
0.151048
0.144298
0.159319
0.114311
0.129148
0.0791553
0.0966034
0.0483271
0.0627969
0.0245808
0.0354965
0.00772913
0.0153458
-0.00404426
0.00131354
-0.0125739
-0.00864442
-0.019073
-0.0160336
-0.0242242
-0.0217993
-0.0282998
-0.026392
-0.0313873
-0.0299653
-0.0335397
-0.0325769
-0.0348353
-0.0342885
-0.0353896
-0.0351973
-0.0353422
-0.0354328
-0.0348391
-0.0351402
-0.0340123
-0.0344607
-0.0329613
-0.0335122
-0.0317428
-0.0323735
-0.0303668
-0.0310779
-0.0288011
-0.0296133
-0.0269876
-0.0279314
-0.0248682
-0.0259709
-0.0224142
-0.0236846
-0.0196543
-0.0210684
-0.0166835
-0.0181896
-0.0136534
-0.0151697
-0.0107078
-0.0121601
-0.00800569
-0.00931769
-0.00567792
-0.00678854
-0.00380882
-0.00468346
-0.00241373
-0.00305366
-0.00144946
-0.0018817
-0.000846534
-0.00110687
-0.000541914
-0.000659464
-0.000496904
-0.000487499
-0.000697697
-0.000565344
-0.00114667
-0.000888458
-0.00185248
-0.00146322
-0.00282423
-0.00229851
-0.00406688
-0.00340137
-0.00559306
-0.00476852
-0.007752
-0.00651465
-0.0108279
-0.00924466
-0.012506
-0.011916
-0.325619
-0.00689269
-0.00998912
0.164422
0.191601
0.162227
0.193888
-0.00765151
-0.013944
-0.0163324
-0.00970322
-0.0116972
-0.0067812
-0.00807445
-0.00490795
-0.00573127
-0.00347892
-0.00415241
-0.00234739
-0.0028802
-0.00149305
-0.00188858
-0.000904135
-0.0011676
-0.000570712
-0.000706934
-0.000487697
-0.000498419
-0.000661789
-0.000541828
-0.00111966
-0.000852864
-0.00191175
-0.00147019
-0.00310326
-0.0024538
-0.00474932
-0.00386759
-0.00686571
-0.00575074
-0.00940518
-0.00808877
-0.0122628
-0.0108032
-0.0152974
-0.0137681
-0.0183476
-0.0168312
-0.0212579
-0.0198284
-0.0239022
-0.0226177
-0.026231
-0.0251077
-0.028243
-0.0272753
-0.0299697
-0.0291394
-0.0314652
-0.0307441
-0.0327715
-0.0321416
-0.0338973
-0.0333592
-0.0348088
-0.0343848
-0.03543
-0.035163
-0.0356493
-0.0355988
-0.0353356
-0.0355684
-0.0343568
-0.0349376
-0.0326013
-0.0335823
-0.0299965
-0.0314081
-0.0265185
-0.028367
-0.0221743
-0.0244557
-0.016924
-0.0196737
-0.0104823
-0.0138939
-0.00193848
-0.00657878
0.0107047
0.00368637
0.0303094
0.019431
0.058619
0.0434502
0.096579
0.0765319
0.136507
0.117434
0.152082
0.167007
0.179981
0.148722
0.156585
0.138747
0.142862
0.135101
0.136215
0.13684
0.135327
0.143749
0.139648
0.156056
0.149203
0.174343
0.164412
0.199349
0.185963
0.231931
0.21464
0.272451
0.251253
0.318045
0.294932
0.363018
0.341243
0.395796
0.381653
0.40571
0.404325
0.387128
0.399648
0.346985
0.369048
0.296814
0.322293
0.248086
0.271789
0.206099
0.226125
0.172167
0.188112
0.146317
0.158272
0.127784
0.136206
0.115609
0.120962
0.109076
0.111674
0.107853
0.107814
0.112125
0.109271
0.122617
0.116525
0.140387
0.130588
0.15216
-0.00937882
-0.00907606
-0.00767616
-0.00831301
-0.00573075
-0.0065613
-0.00415076
-0.00487272
-0.00288269
-0.00347518
-0.00188271
-0.0023502
-0.00112683
-0.00147573
-0.000601017
-0.000836262
-0.000299759
-0.000422626
-0.000232197
-0.00023547
-0.000432733
-0.000296209
-0.00096089
-0.000651515
-0.00189641
-0.0013728
-0.00331816
-0.00254274
-0.00527573
-0.00422904
-0.00776824
-0.00645764
-0.0107417
-0.00920025
-0.0141011
-0.0123805
-0.0177192
-0.0158874
-0.021441
-0.0195764
-0.025105
-0.0232928
-0.0285556
-0.0268669
-0.0316555
-0.0301566
-0.0342896
-0.0330372
-0.0363545
-0.0354001
-0.0377544
-0.0371423
-0.0384155
-0.0381811
-0.0382793
-0.0384497
-0.0373055
-0.0378986
-0.0354702
-0.0364961
-0.0327647
-0.0342259
-0.0291962
-0.0310868
-0.0247919
-0.0270957
-0.0196026
-0.022291
-0.0137023
-0.0167362
-0.00716327
-0.0105102
2.83763e-05
-0.00365879
0.00817911
0.00394135
0.0182947
0.0128812
0.0324993
0.0247081
0.0536619
0.0420277
0.0837024
0.0675578
0.121723
0.101876
0.162495
0.14206
0.180722
-0.00219702
-0.00191028
-0.00185374
-0.00142245
-0.00202047
-0.000910092
-0.00117071
-0.00053002
-0.000694852
-0.000275408
-0.000392948
-8.34212e-05
-0.000172709
6.12323e-05
-6.34852e-06
0.000173943
0.000120988
0.000263105
0.00022085
0.000333677
0.000300276
0.000390133
0.00036313
0.000434882
0.000413712
0.000469753
0.00045319
0.000495176
0.000483352
0.000507611
0.000502669
0.000502944
0.000506874
0.000481609
0.000493686
0.000446628
0.000465337
0.000399446
0.000424237
0.000339806
0.000370933
0.000266738
0.000304683
0.000178519
0.000224611
7.21497e-05
0.000127715
-5.93564e-05
1.01515e-05
-0.000224319
-0.000136795
-0.000438518
-0.000323246
-0.000743392
-0.000576201
-0.00120442
-0.000950366
-0.00187818
-0.00150054
-0.00268584
-0.362598
-0.0101335
-0.151126
-0.413909
-0.0223569
-0.654348
-0.426939
-0.498455
-0.405397
-0.377339
-0.361731
0.684035
0.823037
0.885886
0.805873
0.649363
-0.321823
-0.347636
-0.431046
-0.399935
-0.599383
-0.223891
0.102529
-0.0444749
0.0427591
-0.0202303
-0.0151854
-0.0120185
-0.00949589
-0.00794077
-0.0066135
-0.00568757
-0.00485425
-0.00409789
-0.00342063
-0.00281898
-0.00228529
-0.00182312
-0.00142555
-0.00109587
-0.000828965
-0.000627138
-0.000486897
-0.000410331
-0.000395895
-0.000446744
-0.000563973
-0.000752995
-0.001018
-0.00136703
-0.00180666
-0.00234617
-0.00299189
-0.00375106
-0.00462627
-0.00561958
-0.00672655
-0.00794121
-0.00925142
-0.0106449
-0.0121038
-0.0136114
-0.0151472
-0.0166924
-0.0182267
-0.0197312
-0.021193
-0.0225996
-0.0239316
-0.025184
-0.026355
-0.0274444
-0.0284569
-0.0294005
-0.03028
-0.0310995
-0.0318665
-0.032583
-0.0332536
-0.0338755
-0.0344484
-0.0349638
-0.0354164
-0.0357924
-0.036082
-0.0362672
-0.0363356
-0.036267
-0.0360492
-0.0356625
-0.0350974
-0.0343381
-0.0333807
-0.0322159
-0.0308481
-0.0292763
-0.0275132
-0.0255634
-0.0234418
-0.0211461
-0.0186709
-0.015973
-0.0129764
-0.00952942
-0.00540593
-0.000269683
0.0063007
0.0148012
0.0257145
0.0393591
0.0558205
0.0757877
0.0991297
0.125962
0.153611
0.177436
0.198558
0.209833
0.188495
0.172067
0.159747
0.151023
0.144669
0.140272
0.137567
0.136354
0.136531
0.138039
0.140861
0.145006
0.15052
0.157457
0.165902
0.175941
0.187677
0.201214
0.216658
0.234033
0.253235
0.273887
0.2956
0.31786
0.339652
0.360141
0.377702
0.390866
0.398209
0.399154
0.393584
0.381567
0.364451
0.34352
0.320414
0.296482
0.272657
0.249585
0.227862
0.207907
0.189952
0.174009
0.160048
0.147994
0.137765
0.129242
0.122323
0.116907
0.11292
0.110304
0.109041
0.109142
0.110676
0.113731
0.11849
0.125327
0.134707
0.14743
0.164223
0.186029
0.240451
-0.00836574
-0.0132567
-0.0118191
-0.0104613
-0.00873629
-0.00765165
-0.00656764
-0.00567971
-0.0048429
-0.00410808
-0.00343762
-0.00284027
-0.0023068
-0.00183569
-0.00142533
-0.00107257
-0.00077777
-0.000538534
-0.000356126
-0.000229816
-0.000162398
-0.000156518
-0.000218184
-0.000352818
-0.000569267
-0.000876119
-0.00128421
-0.00180294
-0.00244237
-0.00320944
-0.00411008
-0.00514574
-0.00631603
-0.00761577
-0.00903823
-0.0105725
-0.0122068
-0.0139256
-0.0157132
-0.0175513
-0.0194223
-0.0213071
-0.0231838
-0.0250368
-0.0268343
-0.0285631
-0.0302068
-0.0317492
-0.0331745
-0.0344687
-0.0356193
-0.03662
-0.0374559
-0.0381172
-0.0385935
-0.0388776
-0.0389609
-0.0388389
-0.0385048
-0.0379564
-0.0371889
-0.0362022
-0.0349934
-0.0335651
-0.0319168
-0.0300543
-0.0279806
-0.025706
-0.023238
-0.0205921
-0.0177812
-0.0148254
-0.0117394
-0.00854059
-0.00523259
-0.00180743
0.00177745
0.00560776
0.00984211
0.0147251
0.020606
0.0279263
0.0371886
0.04887
0.0633467
0.0807817
0.101072
0.123814
0.148518
0.173335
0.195595
0.220549
0.272168
0.0303294
0.0165358
0.00360093
0.000397914
-0.000522735
-0.000457858
-0.00043829
-0.000336765
-0.000259762
-0.00020232
-0.00015254
-0.000109743
-7.34688e-05
-4.27307e-05
-1.73944e-05
4.10044e-06
2.24638e-05
3.75479e-05
5.09534e-05
6.23067e-05
7.24646e-05
8.15426e-05
9.00339e-05
9.80857e-05
0.00010624
0.000114347
0.000123295
0.000132756
0.000142565
0.000151532
0.000158059
0.000161136
0.000159825
0.000154973
0.000147559
0.000139352
0.000131401
0.00012378
0.000116551
0.000108941
0.000100848
9.1666e-05
8.12951e-05
6.95999e-05
5.65582e-05
4.16075e-05
2.51235e-05
6.8779e-06
-1.36232e-05
-3.70349e-05
-6.30434e-05
-9.25247e-05
-0.000125276
-0.000161881
-0.000204267
-0.000253083
-0.000303018
-0.00031689
-0.000158495
0.000705329
0.00423277
0.0126548
0.00966462
-0.355203
-0.0969989
0.224094
-0.0274501
)
;

boundaryField
{
    frontandback
    {
        type            empty;
    }
    walls
    {
        type            zeroGradient;
    }
    diamond
    {
        type            zeroGradient;
    }
    inlet
    {
        type            zeroGradient;
    }
    outlet
    {
        type            fixedValue;
        value           uniform 0;
    }
}


// ************************************************************************* //
