/*--------------------------------*- C++ -*----------------------------------*\
  =========                 |
  \\      /  F ield         | OpenFOAM: The Open Source CFD Toolbox
   \\    /   O peration     | Website:  https://openfoam.org
    \\  /    A nd           | Version:  10
     \\/     M anipulation  |
\*---------------------------------------------------------------------------*/
FoamFile
{
    format      ascii;
    class       volScalarField;
    location    "19.5";
    object      p;
}
// * * * * * * * * * * * * * * * * * * * * * * * * * * * * * * * * * * * * * //

dimensions      [0 2 -2 0 0 0 0];

internalField   nonuniform List<scalar> 
6397
(
0.27241
0.260253
0.00518392
-0.00215096
-0.0203155
-0.0117792
0.471315
0.22101
-0.435728
-0.39385
0.318146
0.189841
-0.000969969
-0.00126997
-0.00735989
-0.517332
-0.499281
-0.477362
0.842573
0.784857
0.747878
-0.40064
-0.362197
-0.359126
-0.000827282
-0.00187592
-0.000431041
-0.157499
-0.156586
-0.121407
-0.123753
-0.0103954
-0.00142121
-0.0104555
-0.0109692
8.30887e-05
-0.0100471
-0.00013187
-4.66685e-05
-0.0116616
-0.0121155
0.00014825
-0.116087
-0.0292056
-0.0248124
-0.00432095
-0.0225657
-0.0156123
-0.0162272
-0.0030795
-0.00579164
0.00901493
0.00313247
0.311169
0.29371
0.190941
0.202224
0.0290392
-0.0896354
-0.0953897
-0.0894017
-0.0936242
-0.103525
-0.120205
-0.144317
-0.174256
-0.206858
-0.235877
-0.110331
-0.106249
-0.125651
-0.101169
-0.098138
-0.100032
-0.107198
-0.120606
-0.140415
-0.164616
-0.189824
-0.210421
-0.145023
-0.121266
-0.251712
-0.219768
-0.164687
-0.136603
-0.247507
-0.21153
-0.180109
-0.149588
-0.223786
-0.189471
-0.188274
-0.189067
-0.18883
-0.158057
-0.206519
-0.216562
-0.216988
-0.163364
-0.187118
-0.120754
-0.139863
-0.101438
-0.107985
-0.103511
-0.0998996
-0.127385
-0.112811
-0.162635
-0.14532
-0.177772
-0.175295
-0.149153
-0.169373
-0.123262
-0.272522
-0.210575
-0.249838
-0.24957
-0.272363
-0.174785
-0.213242
-0.11362
-0.140081
-0.0824161
-0.0941172
-0.0742004
-0.0757112
-0.0846203
-0.077075
-0.107619
-0.0954519
-0.122833
-0.11674
-0.182058
-0.152932
-0.205605
-0.0995051
-0.127858
-0.21966
-0.166773
-0.172361
-0.0828891
-0.0698165
-0.0593198
-0.0916813
-0.235492
-0.221661
-0.0884939
-0.15127
-0.226233
-0.237327
-0.176273
-0.204174
-0.125093
-0.148139
-0.0986371
-0.10878
-0.0929262
-0.0934852
-0.106586
-0.0974189
-0.129953
-0.118555
-0.136662
-0.137196
-0.108162
-0.126869
-0.0871102
-0.281388
-0.260092
-0.248786
-0.276599
-0.166357
-0.208688
-0.102409
-0.130848
-0.0686782
-0.0825181
-0.0566774
-0.0608504
-0.0614737
-0.0572117
-0.0788404
-0.0698471
-0.090823
-0.0865466
-0.0931129
-0.169234
-0.144262
-0.198075
-0.186511
-0.130451
-0.129908
-0.104543
-0.0423082
-0.0369604
-0.0549722
-0.0735521
-0.122902
-0.099852
-0.0885002
-0.108844
-0.0842919
-0.169938
-0.202548
-0.171622
-0.0626214
-0.0636584
-0.120868
-0.249458
-0.230892
-0.239703
-0.25227
-0.183026
-0.214751
-0.12438
-0.151331
-0.0908985
-0.104692
-0.0776972
-0.0823211
-0.0818405
-0.0777626
-0.0957004
-0.0889996
-0.0963567
-0.0994925
-0.0701873
-0.0865197
-0.0540867
-0.21672
-0.167965
-0.275303
-0.256862
-0.234965
-0.266064
-0.151121
-0.193674
-0.0878618
-0.115676
-0.0539428
-0.0678641
-0.0398321
-0.0451263
-0.040015
-0.0381017
-0.0517675
-0.0452561
-0.0633816
-0.0589669
-0.0645252
-0.150431
-0.131966
-0.162827
-0.0362261
-0.10424
-0.0896373
-0.0639495
-0.078948
-0.0555731
-0.0706389
-0.141888
-0.140984
-0.0998011
-0.0800329
-0.0404628
-0.0400755
-0.201932
-0.168135
-0.0393314
-0.0469559
-0.0616519
-0.0610069
-0.100554
-0.252604
-0.232351
-0.243336
-0.256603
-0.181935
-0.216044
-0.118747
-0.147982
-0.0799936
-0.0964195
-0.060274
-0.0682867
-0.0558746
-0.0561855
-0.0613221
-0.0583472
-0.0583856
-0.0619732
-0.0370257
-0.0493719
-0.0190594
-0.0256812
-0.0190846
-0.0172251
-0.0316456
-0.0234984
-0.106391
-0.0432674
-0.0699006
-0.201373
-0.152803
-0.252854
-0.238846
-0.208765
-0.241053
-0.128364
-0.168017
-0.0697413
-0.0953774
-0.0380377
-0.0511538
-0.0235041
-0.0292861
-0.0204912
-0.0205358
-0.028478
-0.0234418
-0.0375486
-0.0335211
-0.0396206
-0.129889
-0.117061
-0.138207
-0.0456623
-0.0231497
-0.0607855
-0.0446152
-0.0873951
-0.0822209
-0.135112
-0.060155
-0.0192754
-0.020271
-0.0639587
-0.0741059
-0.00655423
-0.0316566
-0.0752198
-0.0822437
-0.0635144
-0.0401379
-0.0884041
-0.193143
-0.124746
-0.158002
-0.245389
-0.224516
-0.236045
-0.249659
-0.17288
-0.207959
-0.107442
-0.137752
-0.0659021
-0.0837962
-0.0419007
-0.0522783
-0.0308694
-0.0347481
-0.0298654
-0.0297921
-0.0249274
-0.0288
-0.00896513
-0.0175255
0.000242203
-0.00247655
-0.00388714
-0.000896175
-0.0166665
-0.00894039
-0.0444235
-0.028285
-0.0157742
0.0228882
0.00534568
-0.0818691
-0.0439798
-0.174312
-0.128005
-0.218475
-0.208364
-0.172599
-0.203542
-0.10098
-0.135693
-0.0502759
-0.0724492
-0.0222627
-0.0339844
-0.00847139
-0.0141742
-0.00345308
-0.0048518
-0.00763059
-0.00464045
-0.0153155
-0.0117684
-0.0179201
0.00685451
0.0379787
-0.0894131
-0.0653672
-0.0416161
-0.021666
-0.0602767
-0.0448024
-0.0898465
-0.0758768
-0.110871
-0.102037
-0.116482
-0.115753
-0.10624
-0.11338
-0.0962821
-0.0771478
-0.081879
-0.0544297
-0.0860077
-0.0221133
-0.0978078
0.0508206
0.0171156
-0.112684
-0.0913274
-0.122804
-0.110722
-0.0841424
-0.0833093
-0.175996
-0.142442
-0.226669
-0.206629
-0.21799
-0.231248
-0.155792
-0.190286
-0.0913183
-0.121291
-0.049348
-0.0676259
-0.0235861
-0.0350457
-0.00879739
-0.0147934
-0.00357069
-0.0054782
0.00274622
-0.00122461
0.0134275
0.00834375
0.0154493
0.0159388
0.0090757
0.0128023
-0.00336079
0.00390104
-0.0269428
-0.0136053
-0.0630344
-0.0434232
0.0554432
0.0835479
0.0706308
0.0148906
0.0373266
-0.0533852
-0.0150157
-0.1405
-0.0982023
-0.174441
-0.168916
-0.131157
-0.158776
-0.0719937
-0.100247
-0.0309572
-0.048979
-0.00741327
-0.0174235
0.00489112
-0.000316427
0.0108243
0.00862627
0.009228
0.0109914
0.00352087
0.00623548
-0.00183454
0.000885878
-0.00660585
-0.00376606
-0.0101796
-0.0605736
-0.0349707
-0.0483017
-0.0814299
-0.0717242
-0.094304
-0.0892118
-0.0947642
-0.0963643
-0.0823665
-0.090191
0.0622254
0.0936774
-0.122649
-0.0852663
-0.0626065
-0.0730222
-0.0741033
-0.0904191
-0.0516164
-0.107826
-0.0175728
-0.130976
0.0251561
-0.152678
0.100208
0.0725433
-0.163124
-0.10846
-0.156667
0.111688
0.101166
0.107409
-0.130295
-0.0708397
-0.0845134
-0.0513609
-0.0454141
-0.0368087
-0.0866427
-0.094213
-0.0701987
-0.152367
-0.122282
-0.199649
-0.18006
-0.191054
-0.203973
-0.131852
-0.164491
-0.0714534
-0.0995214
-0.0317106
-0.0491382
-0.00652236
-0.0178809
0.00946589
0.00261998
0.0174011
0.0140638
0.0245504
0.0206473
0.0300438
0.0281101
0.0272008
0.0295585
0.0198784
0.0238693
0.00774066
0.014659
-0.0120647
-0.00129004
-0.0395349
-0.024807
-0.054976
0.10552
0.11095
0.0822271
0.0958057
0.040743
0.0639971
-0.0273466
0.0101436
-0.103031
-0.067853
-0.125419
-0.123037
-0.0890528
-0.111208
-0.0442898
-0.0654927
-0.0131204
-0.0269398
0.00580513
-0.00241745
0.0163705
0.0118347
0.0223986
0.019865
0.0228939
0.0234898
0.0180858
0.0208627
0.0122813
0.0146863
0.0059223
0.0095181
0.00177052
-0.0411054
-0.0305349
-0.0604105
-0.0512243
-0.0745626
-0.0683228
-0.0807984
-0.0788346
-0.0769943
-0.0802191
-0.0634623
-0.0712503
-0.0545471
-0.0795305
-0.109014
-0.0550931
-0.140324
-0.0156697
-0.174529
0.0337024
-0.199743
0.0804005
-0.205682
0.0988113
0.0956529
-0.186218
-0.0932664
-0.144941
0.0957572
0.0850993
0.0821979
-0.0950831
-0.0561376
-0.0564075
-0.031421
-0.0240134
-0.039615
-0.0271593
-0.0996631
-0.0756786
-0.0552645
-0.124751
-0.0991877
-0.166188
-0.148624
-0.157948
-0.170361
-0.103503
-0.133438
-0.0490424
-0.074216
-0.0135785
-0.0291413
0.00925594
-0.00114448
0.0249166
0.0179394
0.0344331
0.0302217
0.0407934
0.0379358
0.0414484
0.0420432
0.0360739
0.0391965
0.0283465
0.0325042
0.0167539
0.0231532
0.000405264
0.00907443
-0.0208375
-0.00986181
-0.0422625
-0.0320978
-0.0510385
0.112299
0.105914
0.11329
0.114843
0.095769
0.107073
0.0566245
0.0790238
-0.00473
0.0281594
-0.064012
-0.0376773
-0.0769453
-0.0770002
-0.0506944
-0.0661572
-0.0199241
-0.034579
0.00249007
-0.00761096
0.0171279
0.0106092
0.0259467
0.0221199
0.031461
0.0289925
0.0333843
0.033054
0.0299936
0.032226
0.0239869
0.0271191
0.0164896
0.0205339
0.0112802
-0.0295813
-0.0199972
-0.0471534
-0.038565
-0.0614045
-0.0548992
-0.0696286
-0.0664484
-0.0700746
-0.0708726
-0.0626638
-0.0673072
-0.0486362
-0.056335
-0.0400705
-0.0923809
-0.137347
-0.0614764
-0.182388
-0.0124068
-0.223679
0.0445532
-0.246203
0.082776
-0.240088
0.0839568
-0.203763
0.0656226
0.0676319
-0.147511
-0.0511325
-0.0877986
-0.0188797
-0.121182
-0.0279832
-0.0102211
-0.0172304
-0.0568669
-0.0408015
-0.0959065
-0.0754712
-0.129387
-0.114814
-0.12219
-0.132207
-0.0736924
-0.100495
-0.0254398
-0.0475967
0.00531278
-0.00812208
0.025012
0.0160041
0.0392014
0.0327196
0.0483178
0.044369
0.0518998
0.0508874
0.0489348
0.0510094
0.0426171
0.0459875
0.0346836
0.0389147
0.0239597
0.0297051
0.0101131
0.0174157
-0.00637927
0.00199754
-0.0219549
-0.014572
-0.0306965
-0.0274308
-0.0274949
-0.0307527
0.0907858
0.0626608
0.0780281
0.10804
0.100896
0.111702
0.111673
0.0987014
0.107552
0.0657906
0.084642
0.0172502
0.0426
-0.0251118
-0.00679433
-0.0343036
-0.0340191
-0.0190805
-0.0281404
0.000127983
-0.00924519
0.0155218
0.00841837
0.0264761
0.0214746
0.0337126
0.0305155
0.0384406
0.0362745
0.0410304
0.0401217
0.0392496
0.0407246
0.0336133
0.0365706
0.0252435
0.0298369
0.0135931
0.0197742
0.00652134
-0.0402549
-0.0212827
-0.0312583
-0.0547087
-0.0477728
-0.0643949
-0.0604137
-0.0669074
-0.0665986
-0.0621679
-0.0654
-0.051585
-0.0574829
-0.0371411
-0.044762
-0.0211091
-0.0290579
-0.00775152
-0.0134725
0.0462429
0.0452768
-0.0415487
-0.0213177
-0.10856
-0.173098
0.00826096
-0.0656613
-0.228187
-0.000552767
0.000595066
0.0061844
-0.00410149
-0.268871
0.0542218
-0.27992
0.0766308
-0.255174
0.0663278
-0.202106
0.0465082
-0.135145
0.0258192
0.0241598
-0.0710041
-0.0287882
-0.0136773
-0.1476
-0.0175785
-0.00881301
-0.0391793
-0.0274491
-0.0675695
-0.0529591
-0.0932115
-0.0826197
-0.0873787
-0.0954642
-0.0455456
-0.0689732
-0.00267298
-0.0223674
0.0242802
0.0125982
0.0408385
0.0333647
0.0522238
0.0471019
0.058251
0.0559711
0.05817
0.0589806
0.053839
0.0564552
0.047258
0.0506976
0.0393041
0.0434939
0.0294968
0.0346344
0.0177108
0.0238514
0.00468262
0.0111646
-0.00717234
-0.00177252
-0.0139235
-0.0116106
-0.011925
-0.0138524
-0.00396943
-0.00826504
0.0596074
0.0270743
0.0440906
0.0853474
0.073439
0.101694
0.0949013
0.106878
0.105883
0.09778
0.104224
0.0731615
0.08724
0.0380937
0.0561928
0.00811087
0.02117
-0.00138342
0.000720568
0.00493825
0.000648196
0.0158737
0.0102984
0.0260137
0.0211877
0.0339858
0.0302597
0.0398091
0.0371645
0.0437773
0.0419606
0.0463927
0.0452862
0.0460533
0.0466968
0.0415564
0.0442397
0.0337083
0.0378909
0.022673
0.028614
0.0157024
-0.0347818
-0.0229247
-0.0533615
-0.0449048
-0.0650825
-0.059914
-0.0696023
-0.0683815
-0.066352
-0.0688708
-0.0567502
-0.0622221
-0.0430919
-0.0502569
-0.0278424
-0.0355549
-0.0127035
-0.0201563
-0.00568725
0.00448306
0.00893307
-0.00597938
2.22377e-05
-0.122588
-0.210383
0.00507744
0.0102204
-0.0625802
-0.267219
0.00843949
-0.297582
0.0574419
-0.289036
0.060537
-0.243707
0.0434612
-0.179716
0.0217412
-0.110182
-0.000720267
-0.0499401
-0.00981829
-0.0182806
-0.0149511
-0.00265239
-0.0184039
-0.0289907
-0.0248187
8.57586e-05
0.00281794
-0.173311
-0.00801998
-0.000671318
-0.0236472
-0.0153111
-0.042885
-0.0328968
-0.059839
-0.0526638
-0.0550413
-0.061315
-0.0209691
-0.0404388
0.0165939
-0.000917811
0.0405556
0.0302633
0.054074
0.0482075
0.0617764
0.0585418
0.0643529
0.0637095
0.0621197
0.063751
0.0569787
0.0598233
0.0503389
0.0537859
0.0425899
0.0466124
0.033642
0.0382647
0.0235019
0.0287063
0.0128887
0.018154
0.00346703
0.00788744
-0.00210688
-7.44561e-05
-0.00183852
-0.00285966
0.00239991
0.000169667
0.0052026
0.00428898
0.0284734
0.0130459
0.0567915
0.0432232
0.0795192
0.0689982
0.0950288
0.0882692
0.101081
0.0993865
0.0957297
0.0998571
0.0785859
0.0884811
0.0537839
0.0666093
0.0315908
0.0415891
0.0215086
0.0249216
0.0222743
0.0209641
0.0277914
0.024755
0.0341833
0.0310198
0.0398591
0.0371402
0.0444393
0.0422996
0.0477763
0.0462433
0.0501081
0.0490664
0.0506724
0.0506672
0.0477221
0.0496672
0.0411565
0.044891
0.0314567
0.0365849
0.017832
0.025438
0.00962263
-0.0511525
-0.038447
-0.0698138
-0.0616881
-0.0785967
-0.0755037
-0.0772238
-0.0791075
-0.0678384
-0.073339
-0.0533546
-0.0610407
-0.0366447
-0.0450975
-0.020383
-0.0283488
-0.00566175
-0.0127818
0.00582674
0.000615663
0.0141145
0.0103391
-0.128926
-0.23958
0.00478884
0.0035342
0.0163482
0.0174152
0.0183345
0.00751982
0.00660011
-0.0521749
-0.287826
0.0201546
-0.299695
0.0487158
-0.269208
0.0364978
-0.207977
0.0158512
-0.138703
-0.00711325
-0.0738146
-0.0279324
-0.0263863
-0.033827
-0.0217285
-0.0330836
-0.0481332
-0.0418155
-0.00303754
-0.0480572
0.0165496
0.00987723
0.0189115
-0.190634
0.00997834
0.0135289
0.000618315
0.00559769
-0.0104104
-0.00478151
-0.0223065
-0.0163098
-0.0314453
-0.0277808
-0.0261555
-0.0314359
4.47149e-05
-0.0150759
0.03112
0.016299
0.0518843
0.0429826
0.0626858
0.0582244
0.067361
0.0656384
0.0675256
0.0679431
0.0642134
0.0662167
0.0588019
0.0617123
0.0522478
0.0556309
0.0448455
0.0486468
0.0366553
0.040846
0.0278009
0.032286
0.0189488
0.0233095
0.0112501
0.0148753
0.0063037
0.00832287
0.0054386
0.00533944
0.00702464
0.006115
0.00765495
0.00382596
-0.00924025
0.0300079
0.0170042
0.0543394
0.0425857
0.0745197
0.065057
0.0885397
0.0823162
0.0950485
0.0928179
0.0925078
0.0949208
0.0808466
0.0876887
0.0631508
0.072379
0.046227
0.0541231
0.0365463
0.0403698
0.0343861
0.0347257
0.0365731
0.035148
0.0403796
0.0383953
0.0443324
0.0423852
0.0478575
0.0461669
0.0506512
0.0493519
0.0526504
0.0517451
0.0533959
0.0532326
0.0519054
0.0530428
0.0473146
0.0500127
0.0396355
0.0437952
0.0271438
0.0340766
0.0190698
-0.041512
-0.0262579
-0.0703883
-0.0566484
-0.0896939
-0.0815903
-0.0950434
-0.0942321
-0.0873686
-0.0925919
-0.0714011
-0.0801006
-0.0517766
-0.0617852
-0.0319783
-0.0417262
-0.0145713
-0.0228662
-0.000261393
-0.00703942
0.00960252
0.00539288
0.012881
0.00314497
0.0198814
0.00269715
0.00460541
-0.122208
-0.2507
-0.0361898
-0.282771
0.0221427
-0.272946
0.00173153
0.0264929
-0.223655
0.00644622
-0.154762
-0.0170113
-0.0880858
-0.0427491
-0.0279451
-0.0335493
-0.0500326
-0.0399796
-0.0360974
-0.0604395
-0.0569282
-0.00528539
-0.0661025
-0.0655036
0.00461102
0.0215585
-0.002324
-0.0264809
-0.00100957
0.0015576
-0.0140417
-0.191778
0.0181482
0.0212377
0.0197917
0.0138117
0.0162149
0.00746619
0.0107817
0.000240361
0.00381332
-0.00622888
-0.00316247
-0.00926077
-0.00849097
-0.00216815
-0.00746296
0.0177086
0.00633425
0.0417456
0.0301043
0.0586477
0.0513506
0.0671173
0.0637414
0.0699142
0.0690775
0.068817
0.0697673
0.0650377
0.0671852
0.0596326
0.0624899
0.0532918
0.0565491
0.0463194
0.0498748
0.0388262
0.0426323
0.0309927
0.0349266
0.023395
0.0271151
0.0168938
0.0199524
0.0124663
0.014368
0.0107771
0.0112908
0.0107524
0.0107322
0.0100093
0.0105611
0.00715888
0.00888084
-0.00225187
0.00189545
0.00475985
-0.0114634
-0.0204497
0.00955583
-0.0012602
0.031508
0.0205522
0.0522939
0.0421923
0.069942
0.0616344
0.082606
0.076908
0.089096
0.0866685
0.0883696
0.0896417
0.0804995
0.0852193
0.0677724
0.0744822
0.0547639
0.0610052
0.0460728
0.0497699
0.0426292
0.0437787
0.0428688
0.0424264
0.0449439
0.0437731
0.0476292
0.046261
0.0503001
0.0489893
0.0526045
0.051514
0.0543247
0.0535432
0.0551474
0.0548854
0.0544665
0.0550801
0.051466
0.0533024
0.045522
0.0488968
0.0351856
0.0410543
0.0188638
0.0277214
0.00845367
-0.0600328
-0.0422089
-0.0918218
-0.0767188
-0.111849
-0.103892
-0.113455
-0.11497
-0.0994551
-0.108024
-0.0768547
-0.0887786
-0.0519846
-0.064384
-0.0289682
-0.0400743
-0.0101628
-0.0189394
0.0037182
-0.00266784
0.0126183
0.00887295
0.0185899
0.0155775
0.0206096
-0.10547
-0.23989
-0.000973443
0.00629873
0.00452849
-0.0247088
-0.253896
0.00247325
0.00730361
-0.225844
-0.00627144
-0.164707
-0.00262327
-0.0368293
-0.0219678
-0.021749
-0.0372746
-0.0299682
-0.0939741
-0.0546132
-0.0558947
-0.0361109
-0.00664206
-0.00614938
-0.0701554
-0.0757848
-0.00234436
-0.0821427
-0.0863747
0.00936199
-0.0882663
0.0221992
0.0225902
0.0231404
0.0231328
0.0068587
0.00108519
0.0238047
-0.177165
0.019844
0.0210855
0.0167548
0.0183965
0.0126326
0.0147752
0.00849043
0.0104722
0.00576883
0.00683763
0.00676276
0.00560501
0.015131
0.00982512
0.0311542
0.0223167
0.0494122
0.0405677
0.0624974
0.0568072
0.0689804
0.0664538
0.0705954
0.0702782
0.0688774
0.0700695
0.0649741
0.0671341
0.0597254
0.0624816
0.053696
0.0567828
0.0471817
0.0504882
0.0403293
0.0437887
0.0333481
0.0368332
0.0266976
0.0299445
0.0210345
0.0237013
0.0170132
0.0187929
0.01486
0.0157247
0.0139549
0.0143227
0.0126315
0.0133906
0.0100919
0.0115504
0.00824938
-0.0156713
-0.0198986
-0.00259609
-0.0098163
0.0145813
0.0056604
0.0329467
0.0237438
0.0506238
0.0419655
0.0659608
0.0586899
0.0773117
0.0721991
0.0835103
0.0810692
0.0839303
0.084448
0.0786574
0.0819185
0.0694122
0.0743386
0.0594146
0.0643366
0.051903
0.0552362
0.0480805
0.0495592
0.0472467
0.0473761
0.0481965
0.0475719
0.0499669
0.049026
0.0519653
0.0509631
0.0538333
0.0529339
0.0553026
0.0546312
0.0561097
0.0558232
0.0558226
0.056166
0.0538062
0.055078
0.0492392
0.0518778
0.0409501
0.0455412
0.0265253
0.0336887
0.0152324
-0.0418744
-0.0082123
-0.0254242
-0.0778069
-0.0590603
-0.112908
-0.0961206
-0.133416
-0.125782
-0.131533
-0.135179
-0.111818
-0.123392
-0.0832535
-0.0980752
-0.0536189
-0.0682106
-0.0274824
-0.0399401
-0.00705477
-0.0164763
0.00689379
0.000666561
0.0154254
0.0118078
0.0208647
0.0182086
0.0224265
-0.00380927
0.003214
-0.0876928
-0.212779
0.00623182
-0.0287386
-0.212337
-0.0193473
-0.00636399
-0.00194596
-0.0150245
-0.0246237
-0.171482
-0.00234106
-0.0349637
-0.0477859
-0.103606
-0.0560837
-0.074852
-0.0354587
-0.0114377
-0.0094701
-0.0764601
-0.0996727
0.00879685
-0.0124998
-0.0950817
-0.113373
0.0220781
-0.108945
-0.115223
0.0240197
0.00135649
-0.00631247
0.00239348
-0.154386
0.0227908
0.0239011
0.0233426
0.0211565
0.0219917
0.0190491
0.0201371
0.016603
0.0178211
0.0146399
0.0154787
0.0144259
0.0142201
0.0177324
0.0155171
0.02671
0.0214115
0.0399799
0.0328418
0.0542141
0.0473646
0.0643307
0.0599271
0.0692533
0.0673741
0.070104
0.0700965
0.0681163
0.0693915
0.0642839
0.0663762
0.0592939
0.0619017
0.0536286
0.0565205
0.0475775
0.05064
0.0413066
0.0444586
0.0350374
0.0381527
0.0291432
0.032016
0.0241152
0.0264905
0.0204144
0.0220852
0.0180938
0.0191033
0.0166919
0.0173272
0.0152523
0.0160484
0.013156
0.0142808
0.0106783
0.01185
0.00944123
0.00975409
0.00226966
0.0112073
0.0097693
-0.00979911
-0.00912585
-0.00529383
-0.0084189
0.00506854
-0.000730272
0.0189419
0.0117064
0.0342476
0.0265232
0.0493287
0.0418791
0.0625604
0.0562996
0.0726562
0.0680835
0.0784594
0.0761028
0.0795649
0.079599
0.0760724
0.078325
0.0693089
0.072952
0.0616028
0.0654784
0.055273
0.0581597
0.0515403
0.0530838
0.0501745
0.0506135
0.0504154
0.0501483
0.0515345
0.0509051
0.0530113
0.0522538
0.0544971
0.0537705
0.0557345
0.0551629
0.0564651
0.0561884
0.0563449
0.056549
0.0548362
0.0557997
0.0511975
0.0533104
0.044227
0.0481936
0.0314339
0.0386301
0.0127578
0.0237582
0.00784767
-0.0522477
-0.0337975
-0.0919677
-0.0717678
-0.129871
-0.111744
-0.150557
-0.143191
-0.146036
-0.151335
-0.12202
-0.135843
-0.0889772
-0.105979
-0.0557442
-0.0719961
-0.0271267
-0.040692
-0.00512219
-0.0152436
0.00950691
0.00309257
0.0179249
0.0143829
0.0226611
0.0204854
0.0244736
0.0239177
0.0247453
0.0248088
0.0151558
-0.0816277
-0.182587
0.0244026
-0.0209356
0.00329691
-0.00944173
-0.0540027
-0.173238
0.0135481
0.00358579
0.00122524
-0.0306193
-0.0710795
-0.123059
-0.00820877
-0.0544935
-0.100692
-0.05048
-0.016293
-0.0112224
-0.0792272
-0.128374
0.0124922
-0.0197762
-0.103711
-0.146558
0.040764
-0.0183588
-0.126238
-0.150952
0.0333417
-0.142223
0.0169602
0.0254597
0.0280885
0.00949816
0.0178122
-0.13728
0.0237068
0.0236438
0.0234454
0.0230668
0.0233461
0.0220435
0.0225338
0.0207821
0.0214023
0.0195819
0.0201327
0.0191463
0.0192054
0.0205301
0.019543
0.0249766
0.0223016
0.0336181
0.0287255
0.0450139
0.0390165
0.0565109
0.0510208
0.0645769
0.0610685
0.0684281
0.0669846
0.0688409
0.0689925
0.0668051
0.0680668
0.0631587
0.0651371
0.0584938
0.0609247
0.0532194
0.055909
0.0476232
0.0504498
0.041883
0.0447595
0.0362181
0.0390241
0.0309423
0.0335105
0.0264298
0.0285686
0.0230101
0.024575
0.0206973
0.0217331
0.0191319
0.0198547
0.0178066
0.0184638
0.0161941
0.0170074
0.0148465
0.0154221
0.0150776
0.0146917
0.0182013
0.0160991
0.0215697
0.0140528
0.0266593
0.0195124
0.00452276
0.00893531
0.000550164
0.00153533
0.00349772
0.00115688
0.0116079
0.00699826
0.0227167
0.0167974
0.0355174
0.0289861
0.0483474
0.0419985
0.0597616
0.0543132
0.0686142
0.0645515
0.0739789
0.0717548
0.0754671
0.0752005
0.0732138
0.0747539
0.0682325
0.0709557
0.062243
0.0652193
0.057022
0.0594564
0.0535979
0.0550714
0.0520185
0.0526072
0.0518279
0.0517886
0.0524895
0.052085
0.0535615
0.052998
0.0547233
0.0541479
0.0557336
0.0552622
0.0563455
0.0561108
0.0562656
0.0564222
0.0550379
0.0558351
0.0520042
0.0538184
0.0461489
0.0495533
0.0358434
0.0416405
0.0217374
0.0291839
0.00864366
0.0144095
-0.0559969
-0.0373859
-0.0991042
-0.0770926
-0.138815
-0.120164
-0.159664
-0.152353
-0.15379
-0.160087
-0.127685
-0.142611
-0.0923361
-0.110473
-0.0571834
-0.0743251
-0.0272253
-0.041402
-0.00415733
-0.0148014
0.0114202
0.00459099
0.0199873
0.0164605
0.0240521
0.02232
0.0253827
0.0250154
0.0251351
0.0254311
0.0247543
-0.0024506
-0.0968734
-0.16504
0.0209646
0.0260174
0.0322468
0.00564057
0.0228054
0.00723367
0.0110491
-0.0245086
-0.099966
-0.149726
-0.00812598
-0.0499312
-0.132526
-0.0892378
-0.0202343
-0.00995076
-0.0781802
-0.167321
-0.0118269
-0.0274816
-0.107891
-0.188611
0.045319
-0.0233501
-0.0287869
-0.138467
-0.194625
0.0554958
-0.165631
-0.186319
0.0372092
0.0181359
0.00636852
-0.139288
0.0232937
0.0232642
0.0229982
0.0231546
0.0225326
0.0227747
0.0220075
0.0222717
0.0217497
0.021815
0.0223921
0.0219148
0.0247616
0.0233143
0.0296498
0.0268643
0.0367782
0.03309
0.0475314
0.0422463
0.0571089
0.0525762
0.0637515
0.0608613
0.0668974
0.0657304
0.0670962
0.0673085
0.0651445
0.0663365
0.0617554
0.0635901
0.0574318
0.0596848
0.05256
0.0550435
0.0474012
0.0500042
0.042145
0.0447733
0.0370047
0.0395454
0.0322495
0.034562
0.0281749
0.0301109
0.0250231
0.0264779
0.0228139
0.0238128
0.0213047
0.0219944
0.0201462
0.0207043
0.019161
0.0196046
0.0187775
0.0188182
0.0200945
0.0191913
0.0240813
0.0216689
0.0309986
0.0274323
0.0211549
0.0299094
0.0388848
0.0344512
0.0222881
0.0349448
0.027612
0.0137067
0.017732
0.009284
0.0107935
0.0108531
0.00931813
0.0170074
0.013504
0.0260477
0.0212266
0.036757
0.0312988
0.0476197
0.0422383
0.0574208
0.0527206
0.0651404
0.0615858
0.0700378
0.0679686
0.071723
0.0712723
0.0703368
0.0713713
0.0666894
0.0687093
0.0619976
0.064358
0.0577102
0.0597398
0.054672
0.0560155
0.0530597
0.0537028
0.0526188
0.0527204
0.0529597
0.0527183
0.0537173
0.0533074
0.0546055
0.0541606
0.0553966
0.055026
0.0558751
0.0556929
0.0557683
0.0559163
0.0546969
0.0553862
0.0520833
0.0536441
0.0470653
0.049972
0.0385847
0.0433445
0.0270489
0.0330756
0.0150808
0.0204346
-0.0197373
-0.00316897
-0.0539677
-0.035846
-0.0976381
-0.0750678
-0.137711
-0.11914
-0.158804
-0.151277
-0.15273
-0.159826
-0.127399
-0.142071
-0.0921954
-0.110293
-0.0570242
-0.0741758
-0.0270663
-0.0412493
-0.00379033
-0.0145855
0.012504
0.00526581
0.0215487
0.017873
0.0251845
0.0237808
0.025965
0.0258452
0.0252846
0.025773
0.0245129
0.0140247
0.0302261
-0.0171611
-0.135478
-0.170101
0.0217202
0.0446893
-0.00424483
-0.0428241
-0.16531
-0.146376
0.019847
0.0385578
0.0462709
-0.0213934
0.042932
0.0346123
-0.00262654
-0.0737708
-0.210664
-0.072519
-0.0340625
-0.10752
-0.245545
0.00992587
-0.025965
-0.0399347
-0.144489
-0.25334
0.0603204
-0.0377092
-0.182929
-0.24076
0.050903
0.0135402
0.0226799
-0.216982
0.0313403
0.00508944
-0.00806885
-0.165394
0.0225502
0.0224723
0.0226856
0.0226964
0.0227099
0.0227144
0.0227991
0.0227426
0.0232718
0.0229617
0.0246797
0.0238247
0.0276571
0.0259402
0.0327032
0.0299136
0.0396354
0.0359948
0.0486558
0.0441568
0.056724
0.052916
0.0623231
0.0598811
0.0649837
0.0640001
0.0650901
0.0653112
0.0632834
0.0643814
0.0601704
0.061855
0.0561969
0.0582685
0.0517125
0.0539985
0.0469692
0.0493612
0.0421568
0.0445597
0.0374802
0.0397879
0.0331768
0.0352677
0.0294885
0.0312433
0.026602
0.0279406
0.0245511
0.0254791
0.0231956
0.0238016
0.0223079
0.0227062
0.0218459
0.0220099
0.0222909
0.0218941
0.0243878
0.0230517
0.0289
0.0262883
0.0357123
0.0321717
0.0446585
0.0394101
0.0558687
0.0501231
0.0606476
0.041658
0.050544
0.0293683
0.0346742
0.0212789
0.0249765
0.0165718
0.0182978
0.0170896
0.0162235
0.0216947
0.0189968
0.0290087
0.0250857
0.0378757
0.0333345
0.0470392
0.0424872
0.0554422
0.0513939
0.0621702
0.059053
0.0665881
0.0646864
0.0683529
0.0677956
0.0675775
0.0682471
0.0648655
0.0664167
0.0612235
0.0630917
0.0577122
0.0593965
0.0550639
0.056259
0.0535125
0.0541574
0.0529332
0.0531206
0.0530465
0.0529246
0.0535567
0.0532701
0.0542116
0.0538803
0.0548031
0.0545268
0.055137
0.0550165
0.0549705
0.0551324
0.0539718
0.0545996
0.0516325
0.0530088
0.0472359
0.049734
0.0400325
0.0439919
0.0301653
0.0352622
0.019629
0.0246655
0.0106478
0.0146847
-0.0162072
0.00312641
-0.00365241
-0.048227
-0.0311132
-0.0891905
-0.067968
-0.127316
-0.109604
-0.148167
-0.140543
-0.144461
-0.149485
-0.12121
-0.134688
-0.0883092
-0.105311
-0.0548852
-0.0711971
-0.0261845
-0.0398091
-0.00360288
-0.0141272
0.0128175
0.00539818
0.0224423
0.0184926
0.0259997
0.024761
0.0263255
0.0264253
0.02507
0.0258746
0.0220839
0.0238492
0.0209902
0.00353095
-0.0343701
-0.195899
-0.197693
0.0204728
0.0517694
0.00754011
-0.0179663
0.0116496
0.00142601
0.0589118
0.0522812
0.0132037
-0.0667996
-0.24869
-0.160162
-0.0371964
-0.103155
-0.302939
-0.0711449
-0.0241987
0.021874
-0.0500538
-0.14441
-0.329408
0.0150027
-0.0533605
-0.19177
-0.317868
0.057755
-0.0455912
-0.240304
-0.281618
0.0491344
-0.0106255
0.0226994
0.00897224
0.0418925
-0.024663
-0.213375
0.0216098
0.0210688
0.0221688
0.0219307
0.0226091
0.022384
0.02321
0.0228805
0.0242702
0.0236624
0.0262424
0.0251166
0.0296053
0.0277297
0.0346642
0.0319236
0.0412651
0.0378059
0.0489615
0.0451409
0.0558247
0.0525837
0.0606147
0.0585197
0.06291
0.0620614
0.0629745
0.0631852
0.0613249
0.0623262
0.0584789
0.0600206
0.0548401
0.056738
0.0507231
0.0528229
0.0463683
0.0485632
0.0419647
0.0441611
0.0377067
0.0398051
0.0338069
0.0356998
0.0304711
0.0320585
0.0278522
0.0290681
0.0259971
0.0268327
0.0248377
0.0253398
0.0242532
0.0244792
0.0242797
0.0241768
0.0253057
0.0246338
0.0279518
0.0263843
0.0328542
0.0300925
0.0395497
0.0360076
0.0491152
0.0437494
0.059713
0.063183
0.055702
0.0552813
0.0682692
0.0640676
0.0645328
0.0746564
0.0717436
0.0472774
0.0553537
0.0352914
0.0406117
0.0273419
0.0309581
0.0226687
0.024517
0.0223495
0.0219877
0.025702
0.0236574
0.0315477
0.028385
0.0388551
0.0350878
0.0465792
0.0427271
0.0537723
0.0502931
0.0596297
0.056903
0.0635837
0.0618645
0.0653493
0.064735
0.0650036
0.0654126
0.0630105
0.0641586
0.0601562
0.0616352
0.0572783
0.0586757
0.0549876
0.0560386
0.0535363
0.0541579
0.0528824
0.0531228
0.0528289
0.0527975
0.0531388
0.0529539
0.053593
0.0533606
0.0540078
0.0538155
0.054202
0.0541446
0.0539624
0.0541502
0.0529884
0.0535881
0.050827
0.0520859
0.0468782
0.0491035
0.0405604
0.0440132
0.0320146
0.0364357
0.0226901
0.0272202
0.0146002
0.0183961
0.0114186
0.000351489
0.00853667
0.00479919
-0.0149175
-0.00604456
-0.0416914
-0.0267849
-0.0770986
-0.0587588
-0.110975
-0.0950247
-0.130841
-0.123295
-0.129603
-0.132917
-0.110213
-0.121671
-0.0812593
-0.096352
-0.0510123
-0.0658839
-0.0244877
-0.0371274
-0.00328529
-0.0132105
0.0126221
0.00532279
0.022682
0.0184363
0.0264852
0.0252419
0.0264881
0.0267874
0.0246769
0.0257701
0.0218179
0.023289
0.01928
0.020515
-0.0097328
0.0436202
-0.00804489
0.0196067
0.0326941
0.0268313
-0.0294813
-0.05777
-0.274903
-0.241951
-0.0349166
-0.0961221
-0.345704
-0.186558
0.0686036
0.0713923
-0.0161758
0.0340927
0.0600934
0.0544418
0.0678318
0.077108
0.00601833
0.0111216
0.00844613
0.0179202
0.018754
0.0172388
-0.0563697
-0.139877
-0.400084
-0.0811701
-0.0144883
-0.002873
-0.0683233
-0.191962
-0.41059
0.00363699
-0.0511868
-0.0672426
-0.0301171
0.00269391
-0.252556
-0.37484
0.0368871
-0.313823
-0.0456337
-0.278735
0.0192142
0.0185687
0.0204523
0.019822
0.0213947
0.0209717
0.0222362
0.021804
0.0232928
0.0227253
0.024847
0.0239904
0.0272613
0.025927
0.0308844
0.0289094
0.0358823
0.0332178
0.0420752
0.038857
0.0487829
0.045563
0.0546885
0.0518964
0.058826
0.057013
0.0608174
0.0600817
0.0608474
0.0610488
0.059339
0.0602528
0.0567335
0.058148
0.053396
0.0551347
0.0496201
0.051547
0.0456262
0.0476381
0.0416006
0.0436063
0.0377271
0.0396335
0.0341972
0.0359084
0.0311908
0.0326201
0.0288411
0.0299301
0.0272048
0.0279351
0.0262619
0.0266517
0.0259723
0.0260362
0.0264206
0.0260923
0.0279225
0.0270135
0.0310067
0.0292351
0.0360782
0.0332984
0.042988
0.0393
0.0527241
0.0474088
0.0659558
0.0589184
0.0648642
0.0747641
0.0650949
0.0702333
0.0810932
0.0783876
0.0852057
0.0833325
0.0518353
0.0593058
0.0402829
0.0455066
0.0323746
0.0359391
0.0277121
0.0296186
0.026762
0.0267865
0.0290845
0.027586
0.0336981
0.0311694
0.0397039
0.036586
0.0462006
0.0429468
0.0523458
0.0493621
0.0574372
0.0550549
0.0609705
0.0594143
0.0626894
0.0620553
0.0626421
0.0628634
0.0611901
0.0620523
0.0589466
0.0601226
0.056577
0.0577407
0.0545947
0.0555176
0.0532491
0.0538397
0.0525511
0.0528277
0.0523666
0.0524077
0.0525075
0.0524095
0.0527891
0.0526418
0.0530493
0.0529307
0.0531243
0.0531209
0.0528168
0.0530299
0.0518555
0.0524367
0.0498321
0.0510007
0.0462328
0.0482513
0.0406086
0.0436715
0.0330769
0.0369996
0.0247172
0.0288953
0.0171958
0.0207875
0.0139582
-0.00174141
0.00268153
-0.0149362
-0.00771435
-0.0357239
-0.0240178
-0.0642459
-0.0494032
-0.0925612
-0.0790382
-0.110483
-0.1034
-0.111318
-0.113134
-0.0963326
-0.105435
-0.072165
-0.0849132
-0.0458599
-0.0589135
-0.0221249
-0.0335039
-0.00272748
-0.0118524
0.0121457
0.00525097
0.0223544
0.0178763
0.0265857
0.025185
0.0264515
0.0268789
0.0243602
0.0255499
0.0216099
0.022987
0.0201581
-0.0263366
0.0582106
-0.0541494
-0.086613
-0.365602
-0.295192
0.0735956
-0.0118653
0.04828
0.0867457
0.0129212
0.0102201
0.016453
0.0157333
-0.0561522
-0.131652
-0.445625
-0.21596
0.00952094
-0.0794226
-0.185735
-0.488769
-0.100331
-0.0347511
-0.0207849
-0.0551599
-0.0888502
-0.0572012
-0.018746
-0.253382
-0.478525
-0.0235906
-0.0811747
-0.332841
-0.415015
0.049766
0.0389222
-0.0723126
-0.353884
0.0178746
0.0171747
0.019232
0.0185831
0.0204147
0.0198251
0.0216176
0.0209964
0.0230889
0.0223066
0.0250782
0.0240038
0.0278667
0.0263585
0.0316899
0.0296431
0.0366019
0.0340208
0.0423224
0.0393994
0.0482739
0.0452205
0.0534804
0.0510414
0.057074
0.0555007
0.0587911
0.0581609
0.0587706
0.0589739
0.0573676
0.0582134
0.054964
0.0562711
0.0518908
0.0534902
0.0484213
0.0501912
0.0447603
0.046603
0.0410861
0.0429143
0.037571
0.0392984
0.0343878
0.0359285
0.0316956
0.0329729
0.0296147
0.030575
0.0282084
0.0288271
0.0274894
0.0277649
0.0274698
0.0273902
0.0282611
0.0277532
0.030137
0.0290418
0.0335305
0.0316208
0.0387332
0.0359079
0.0458234
0.042024
0.0554874
0.0503008
0.0681906
0.061492
0.0816188
0.0831839
0.0755178
0.0776072
0.0798171
0.0711412
0.0748503
-0.00676313
0.0630019
0.0671819
0.090227
0.0856643
0.0879979
0.0935348
0.092046
0.095502
0.0949147
0.0880738
0.0974344
0.0965978
0.0704641
0.0790576
0.0554233
0.0625229
0.0442818
0.0493837
0.0365275
0.0400444
0.0318462
0.0337988
0.0304225
0.0307434
0.0319034
0.0308565
0.0354959
0.0334925
0.0404097
0.0378401
0.0458581
0.0431162
0.0511032
0.0485457
0.0555289
0.0534469
0.0586854
0.0572802
0.0603369
0.0596983
0.060502
0.0605877
0.0594597
0.0601008
0.0576885
0.0586292
0.0557217
0.0566986
0.0539921
0.0548089
0.0527371
0.0533005
0.052002
0.0523094
0.0517031
0.0518077
0.0516963
0.0516738
0.051829
0.0517546
0.0519597
0.0519026
0.0519399
0.0519787
0.0515887
0.0518161
0.0506526
0.0512113
0.048759
0.0498465
0.0454632
0.0473045
0.040415
0.0431552
0.0336994
0.0372143
0.026135
0.0299204
0.0190332
0.0224597
0.0158458
0.00408723
0.00791893
0.00631433
-0.00295977
0.0010843
-0.0140895
-0.00809032
-0.0302332
-0.0212842
-0.0522476
-0.040723
-0.0748738
-0.0639428
-0.0901912
-0.0839232
-0.0923856
-0.0930568
-0.0815061
-0.0883414
-0.0621989
-0.0725311
-0.0401067
-0.051188
-0.0194244
-0.0294262
-0.00200501
-0.0102488
0.0115713
0.00523603
0.0215891
0.0170506
0.0263001
0.024696
0.0262196
0.0266668
0.0240445
0.0252615
0.0212538
0.0226826
0.0181684
0.0196995
0.0150166
0.0165391
-0.0484452
0.0829463
-0.0860319
-0.120243
-0.45693
-0.347222
0.024168
-0.082664
-0.176323
-0.532481
-0.244564
-0.00626568
0.0898081
0.0910536
0.089305
0.0983884
-0.0618799
0.0060976
0.00908316
0.0070309
0.0135111
0.0142201
0.0127095
-0.106695
0.0250186
-0.244562
-0.554293
-0.127872
-0.0613151
-0.044483
-0.111699
-0.0983384
-0.334922
-0.521685
-0.0693817
-0.0944052
-0.0481415
-0.436569
0.0585373
0.0778564
0.0756707
0.0792165
0.0746382
-0.105626
-0.4276
0.0409929
0.0149674
0.0142451
0.0164287
0.0156849
0.0178733
0.017166
0.0192677
0.0185803
0.0207828
0.0199953
0.0226309
0.0216539
0.0250179
0.0237454
0.028148
0.0264814
0.0321547
0.0300415
0.0370002
0.0344868
0.0423777
0.0396547
0.047742
0.0450849
0.052308
0.0501757
0.0554294
0.0540682
0.0568814
0.0563581
0.0567821
0.0570047
0.0554371
0.0562405
0.0531863
0.0543979
0.0503385
0.051819
0.0471381
0.0487683
0.0437811
0.0454679
0.0404351
0.0420968
0.0372588
0.0388164
0.0344066
0.0357838
0.0320189
0.0331481
0.030205
0.0310365
0.029032
0.0295374
0.028534
0.0286985
0.0287548
0.0285513
0.0298161
0.0291703
0.0319672
0.0307374
0.0355556
0.0335649
0.0408354
0.0379793
0.048003
0.0441653
0.057584
0.0524665
0.0699388
0.0634288
0.0845052
0.0770279
0.0866736
0.0883218
0.08241
0.0848009
0.0801223
0.105567
0.106757
0.106215
0.105082
0.105176
0.105475
0.105165
0.105898
0.105785
0.106876
0.106373
0.0725484
0.0805931
0.0582784
0.0650498
0.0474701
0.0524544
0.0398836
0.0433229
0.0351973
0.0371864
0.0334126
0.0339616
0.0342162
0.0335364
0.0369633
0.0353968
0.0409589
0.0388516
0.0455181
0.0432109
0.0499972
0.0478028
0.0538515
0.0520278
0.0566777
0.0554066
0.0582551
0.0576225
0.0585756
0.0585589
0.0578469
0.0583178
0.0564411
0.0571992
0.054788
0.0556192
0.0532535
0.0539887
0.052061
0.0526079
0.0512805
0.0516211
0.0508705
0.0510354
0.0507306
0.0507751
0.050737
0.0507233
0.0507672
0.0507561
0.0506813
0.0507489
0.0503241
0.0505489
0.0494392
0.0499638
0.0476857
0.0486902
0.0446733
0.0463536
0.0401037
0.0425847
0.0340522
0.0372303
0.027118
0.0306269
0.0203305
0.0236158
0.0142475
0.017162
0.011541
0.00269502
0.00460513
-0.00313607
0.000135564
-0.0121714
-0.00726597
-0.0248651
-0.0179078
-0.0417136
-0.0328986
-0.0593067
-0.0507403
-0.0718799
-0.0665848
-0.0747456
-0.0746618
-0.0672235
-0.0721449
-0.0522995
-0.0604123
-0.0342565
-0.0434112
-0.016606
-0.0252321
-0.00121865
-0.00854703
0.0109465
0.00524625
0.0204937
0.0160392
0.0255891
0.0237847
0.0256658
0.0260665
0.02347
0.0247136
0.0205666
0.0220656
0.0173553
0.0189854
0.0157459
-0.0761411
0.107983
-0.127027
-0.163528
-0.533511
-0.390229
0.0110202
0.0735313
0.0528644
0.0921618
0.107446
-0.0692411
0.00984783
0.0075814
0.0120488
0.0112921
-0.115772
0.0684159
-0.231174
-0.59111
-0.267274
-0.0270056
-0.139175
-0.114405
-0.320965
-0.588225
-0.165879
0.00392825
-0.140852
-0.435551
-0.534633
0.0715523
-0.0778023
0.132486
0.138512
-0.0982713
0.0930245
0.0949553
-0.147326
-0.488132
0.0314246
0.0135061
0.0127969
0.0149543
0.0142247
0.0164559
0.0157079
0.0180026
0.0172132
0.0197728
0.0188463
0.0219522
0.0208011
0.024705
0.0232486
0.028161
0.0263414
0.0323598
0.0301724
0.0371817
0.0347096
0.0422955
0.0397313
0.0471907
0.0448038
0.0512318
0.0493481
0.0539333
0.0527644
0.0551211
0.0547098
0.0549095
0.0551709
0.0535731
0.0543593
0.051424
0.0525777
0.0487492
0.050135
0.0457778
0.0472869
0.0426947
0.0442393
0.0396554
0.0411602
0.0368029
0.0381974
0.0342721
0.0354899
0.0321839
0.0331668
0.0306358
0.0313387
0.0296946
0.0300877
0.0294073
0.0294678
0.0298361
0.0295283
0.0311055
0.0303564
0.0334417
0.0321252
0.0371331
0.0351046
0.042429
0.0395704
0.0495971
0.0457606
0.0590597
0.0540237
0.0711107
0.0647388
0.0854575
0.0780871
0.0999916
0.100907
0.0931106
0.097971
0.0989847
0.0957958
0.0969102
0.0937285
0.0947801
0.0923563
0.092822
0.0922292
0.124231
0.1278
0.119205
0.121333
0.116815
0.117753
0.115879
0.116231
0.116063
0.115865
0.107715
0.116531
0.116291
0.0901521
0.0989578
0.0739218
0.0817497
0.0603875
0.0667806
0.0499548
0.0548006
0.0425341
0.0458986
0.0378607
0.0398728
0.0358036
0.0365267
0.0360674
0.0356838
0.0381152
0.0369121
0.0413427
0.0396226
0.0451541
0.0432129
0.0489867
0.0470989
0.0523578
0.0507524
0.0549033
0.053746
0.0564122
0.0557882
0.0568509
0.0567548
0.0563648
0.0567035
0.0552402
0.0558578
0.0538232
0.0545452
0.0524259
0.0531054
0.0512604
0.0518057
0.0504185
0.0507978
0.049895
0.0501188
0.0496339
0.0497366
0.0495399
0.0495727
0.0495032
0.0495198
0.0494005
0.0494683
0.0490685
0.0492745
0.0482658
0.048741
0.0466708
0.0475847
0.043929
0.045458
0.0397764
0.0420305
0.0342443
0.0371626
0.0278027
0.0310952
0.0212186
0.0244644
0.0151998
0.0181418
0.0124129
-0.129497
-0.145642
-0.0930349
0.00460376
0.00566552
0.00530803
0.00189093
0.00346164
-0.00276062
-0.000178887
-0.00985091
-0.00599565
-0.0198684
-0.0144101
-0.0327922
-0.0260623
-0.0462844
-0.0396859
-0.0563278
-0.0519993
-0.0593501
-0.0588399
-0.0543639
-0.0577871
-0.0431389
-0.0493403
-0.0287455
-0.0361406
-0.0139515
-0.0212664
-0.000576563
-0.0069894
0.0102037
0.00512535
0.0191553
0.0148719
0.0245193
0.0225407
0.0247775
0.0251151
0.0225876
0.0238495
0.0196156
0.0211473
0.0164374
0.0180402
0.0133553
0.0148615
0.010508
0.0118962
-0.11274
0.109842
-0.177075
-0.215312
-0.582647
-0.418822
-0.00636065
0.0459243
-0.157729
-0.14407
-0.29888
-0.613867
-0.292843
0.15513
0.16579
0.058156
-0.055172
0.0986799
0.0691722
0.107607
0.108651
0.108068
0.117145
-0.179519
-0.413987
-0.586902
-0.212023
-0.0251162
0.0091817
0.00963288
0.00833433
0.00408818
0.00568398
0.00390397
-0.167151
-0.52105
-0.123613
0.12415
0.104531
0.135194
0.146464
-0.149081
-0.197859
-0.525533
0.0186487
0.0106801
0.00992739
0.0121273
0.0113965
0.0135504
0.0128373
0.0150364
0.0142776
0.0166795
0.0158263
0.018644
0.0176095
0.0210984
0.0198003
0.0241758
0.0225536
0.0279408
0.025973
0.0323471
0.0300731
0.0371978
0.0347361
0.0421311
0.0396816
0.0466658
0.044478
0.0502836
0.048614
0.0526107
0.051617
0.0535342
0.0532397
0.053177
0.0534968
0.0517968
0.0525918
0.049694
0.0508145
0.047138
0.048455
0.0443507
0.0457593
0.0415077
0.042925
0.0387527
0.04011
0.0362108
0.0374472
0.0339951
0.0350556
0.0322054
0.0330419
0.0309233
0.0314975
0.0302112
0.030494
0.0301218
0.0300867
0.0307257
0.0303329
0.0321477
0.031326
0.0345917
0.0332294
0.0383082
0.0362786
0.0435568
0.0407269
0.0506524
0.0468561
0.0599197
0.0550027
0.0716838
0.0654688
0.0859912
0.0785927
0.101807
0.0938199
0.105799
0.106632
0.104631
0.105133
0.104598
0.104435
0.106455
0.105244
0.111562
0.108372
0.116619
0.140885
0.147135
0.132279
0.136045
0.127405
0.129471
0.12509
0.125993
0.124692
0.124662
0.125287
0.124798
0.0905368
0.0992014
0.074704
0.0823349
0.0617866
0.0678838
0.0517722
0.0564373
0.044544
0.0478289
0.0399095
0.0419269
0.0376567
0.0385095
0.0374941
0.0373482
0.0389666
0.0380643
0.0415551
0.0401574
0.0447422
0.0431063
0.048036
0.0464026
0.0510077
0.0495814
0.0533248
0.0522585
0.0547801
0.0541608
0.0553142
0.0551532
0.055018
0.0552527
0.0541054
0.0546169
0.0528551
0.0535008
0.0515379
0.0521873
0.0503599
0.0509199
0.0494403
0.0498618
0.0488055
0.0490804
0.0484374
0.0485847
0.0482752
0.0483364
0.0482126
0.0482351
0.0481388
0.048184
0.0478717
0.0480397
0.0471815
0.0475932
0.0457586
0.0465773
0.0432704
0.0446604
0.0394688
0.0415348
0.0343659
0.0370572
0.028261
0.031399
0.0217997
0.0250338
0.0156536
0.0186523
0.0101482
0.0127968
0.00775216
0.00347846
0.00394963
0.00141925
0.00264557
-0.00219382
-0.000200509
-0.00772529
-0.00470532
-0.01556
-0.0113132
-0.0254441
-0.0203181
-0.0357176
-0.0306796
-0.0436116
-0.040144
-0.0464837
-0.045778
-0.0432949
-0.0456158
-0.0350008
-0.0396577
-0.0236886
-0.029576
-0.0114641
-0.0175736
-4.45003e-05
-0.00555228
0.00939133
0.00491006
0.0176804
0.0136318
0.0231022
0.0210422
0.0234814
0.0237685
0.0213599
0.0225935
0.0184283
0.0199361
0.0153968
0.0169038
0.0124074
0.013888
0.0110016
-0.162219
-0.199489
-0.2123
-0.238865
-0.277244
-0.597565
-0.428633
0.179226
0.112219
-0.0297357
0.0364284
0.109774
0.125966
-0.210235
0.146775
0.161613
-0.381103
-0.601718
-0.316047
0.0434037
-0.0936577
0.0674816
0.00795776
0.0071332
0.00871614
0.0074758
0.00285944
0.00252267
0.00541336
0.0034867
-0.217832
-0.486472
-0.555341
-0.264349
-0.217972
-0.186736
0.114234
-0.160325
-0.0698897
0.153198
-0.216795
-0.258246
-0.535059
0.192638
0.156122
0.00226405
0.00943674
0.00872874
0.0108547
0.0101411
0.0122432
0.011547
0.0137068
0.0129549
0.0153954
0.0145108
0.0174864
0.0163779
0.0201465
0.0187353
0.0234875
0.0217273
0.0275247
0.0254224
0.0321397
0.0297727
0.0370646
0.0345849
0.0419002
0.0395203
0.0461803
0.0441357
0.0494663
0.0479657
0.0514727
0.050633
0.0521408
0.0519631
0.0516121
0.0520058
0.050143
0.0509711
0.0480279
0.0491435
0.0455333
0.0468087
0.0428786
0.0442102
0.0402351
0.041543
0.037736
0.0389576
0.0354885
0.0365729
0.0335818
0.0344864
0.0320908
0.0327798
0.0310769
0.0315211
0.0305917
0.030766
0.0306868
0.0305644
0.0314341
0.0309748
0.0329543
0.0320898
0.0354317
0.0340625
0.039093
0.037102
0.0442094
0.041452
0.0511305
0.0474243
0.0601883
0.0553773
0.0717234
0.0656204
0.086053
0.078551
0.102485
0.0941171
0.117508
0.119202
0.110916
0.114782
0.116116
0.113134
0.113813
0.112918
0.112825
0.11483
0.11358
0.11971
0.116839
0.129216
0.123736
0.13661
0.203009
0.220471
0.173953
0.187127
0.155525
0.163626
0.144059
0.149142
0.137146
0.140133
0.133554
0.135007
0.132562
0.132778
0.13342
0.132796
0.126705
0.135552
0.134386
0.108267
0.117592
0.090424
0.0990905
0.074958
0.0823487
0.0625312
0.0683697
0.0529237
0.0573949
0.0459491
0.0491286
0.0414006
0.043401
0.0390247
0.0399703
0.0385336
0.0385769
0.0395391
0.0388841
0.0416001
0.0404686
0.0442714
0.042885
0.0471239
0.0456938
0.0497748
0.0484855
0.051915
0.0509114
0.0533359
0.0527095
0.053951
0.0537303
0.0538019
0.0539516
0.0530419
0.0534737
0.0518963
0.0524919
0.0506072
0.0512466
0.0493831
0.0499681
0.0483677
0.0488349
0.047638
0.047961
0.0471959
0.0473764
0.0470013
0.0470687
0.0469607
0.0469641
0.046954
0.0469578
0.0467902
0.0469
0.0462322
0.0465724
0.0449786
0.0457064
0.0427102
0.0439832
0.039181
0.0411054
0.0343584
0.0369099
0.0284857
0.0315203
0.0220768
0.0253096
0.0157649
0.0188609
0.0101223
0.0128121
0.00757895
0.00269066
0.00293063
0.00121681
0.00211594
-0.00156236
-1.26787e-05
-0.00589587
-0.00352448
-0.0119646
-0.00869183
-0.0194825
-0.0155922
-0.0272677
-0.0234421
-0.0333881
-0.0306586
-0.0359377
-0.0351853
-0.0339921
-0.0355146
-0.027989
-0.0314139
-0.0192663
-0.0238622
-0.00938588
-0.0143711
0.000153625
-0.00448412
0.0083642
0.0044109
0.0160149
0.0122189
0.0213255
0.0192631
0.0218368
0.0220441
0.0198995
0.0210431
0.017093
0.0185443
0.0141837
0.0156228
0.0113452
0.0127587
0.00999705
-0.224446
0.183252
-0.279917
-0.302003
-0.349595
-0.581272
-0.429439
0.217043
0.116778
-0.0609201
0.0246577
0.00625205
0.00197772
-0.26216
-0.438718
-0.561921
-0.341675
0.0231477
-0.149046
0.0667166
0.124811
0.127089
0.127392
0.136984
-0.303423
-0.284792
-0.281395
-0.272069
0.179072
0.130547
-0.50574
0.210307
-0.331173
0.213877
0.246687
-0.325174
-0.523361
0.172909
-0.0204906
0.00694336
0.0052546
0.00599376
0.00841276
0.00766136
0.00979914
0.00910134
0.0111402
0.010462
0.0125695
0.0118293
0.0142669
0.0133705
0.016425
0.0152736
0.0192158
0.0177301
0.0227404
0.0208817
0.0269829
0.0247766
0.0317739
0.0293249
0.0367886
0.0342769
0.0415895
0.0392429
0.0457109
0.0437591
0.04876
0.0473836
0.0505121
0.0497978
0.0509527
0.0508826
0.0502449
0.0507199
0.0486545
0.0495343
0.0464777
0.047614
0.0439873
0.0452492
0.0414082
0.04269
0.0389136
0.0401352
0.0366312
0.0377342
0.0346525
0.0355952
0.0330421
0.033795
0.0318469
0.0323884
0.0311029
0.0314158
0.030844
0.0309108
0.0311129
0.0309102
0.0319767
0.0314663
0.0335473
0.0326664
0.035991
0.0346498
0.0395184
0.0376058
0.0444084
0.0417725
0.0510403
0.0474804
0.0598237
0.0551373
0.0711754
0.0651464
0.0855765
0.0779667
0.10283
0.0939506
0.121044
0.111979
0.121533
0.122978
0.119925
0.120456
0.120591
0.119968
0.124163
0.121974
0.131669
0.127365
0.14486
0.137445
0.167259
0.154459
0.206285
0.184237
0.269521
0.23434
0.220124
0.239623
0.189289
0.20351
0.168183
0.177649
0.154464
0.160602
0.145882
0.149636
0.141248
0.143141
0.139784
0.140173
0.140884
0.140064
0.143987
0.142224
0.107807
0.117581
0.0897387
0.0984644
0.0745643
0.0817348
0.0625792
0.0681774
0.0534174
0.0576683
0.0467669
0.049795
0.042366
0.0443049
0.0399385
0.0409242
0.039209
0.0393823
0.0398481
0.0393813
0.041485
0.0405654
0.0437416
0.0425586
0.0462444
0.044983
0.0486476
0.0474757
0.0506581
0.0497144
0.0520607
0.051442
0.0527405
0.0524906
0.0526955
0.0528016
0.0520311
0.0524283
0.050935
0.0515214
0.0496349
0.0502945
0.0483509
0.0489769
0.0472583
0.0477697
0.0464615
0.0468165
0.0459906
0.0461808
0.0458104
0.0458598
0.045834
0.045797
0.0459208
0.0458726
0.0458759
0.045922
0.0454451
0.0457191
0.0443348
0.044987
0.0422256
0.0434162
0.0388761
0.0407107
0.0342257
0.0367034
0.0284652
0.0314544
0.022063
0.0253025
0.0156214
0.018795
0.0097119
0.0125463
0.00481449
0.00708699
0.00123837
0.00282173
0.00189327
0.000702874
0.00141215
0.00206605
0.00212388
0.00109287
0.00171558
-0.00102227
0.00017718
-0.00438879
-0.00254587
-0.00903701
-0.00654266
-0.0147054
-0.0117769
-0.0205605
-0.0176773
-0.0252656
-0.0231366
-0.0274572
-0.0267301
-0.0263374
-0.0273086
-0.0220343
-0.0245295
-0.0153744
-0.0189229
-0.00750301
-0.0115063
0.000349639
-0.00350034
0.00744499
0.00397584
0.0143923
0.0109207
0.0192706
0.0173794
0.0197884
0.0199381
0.018128
0.0191221
0.0155508
0.016899
0.0127984
0.0141609
0.0101968
0.0114777
0.00775891
0.00894951
0.00539382
0.00661133
-0.2939
-0.147272
-0.27209
-0.352811
-0.39214
-0.544111
-0.425024
0.247597
0.123799
-0.108434
0.0101415
0.129745
0.146177
3.59782e-06
0.00382806
-0.245174
-0.332904
-0.339044
0.0702592
0.156491
0.260311
0.316056
0.309753
-0.00720131
-0.411078
-0.506514
-0.447144
-0.319564
0.355591
0.358096
0.397349
0.394442
0.362386
-0.367931
-0.497287
0.194994
0.420477
0.479381
0.529638
0.553669
0.447585
0.540432
0.499835
-0.0541035
-0.369338
-0.450348
-0.426561
-0.26552
-0.0269012
0.377683
0.322226
0.199607
0.0808101
-0.372157
-0.37817
-0.413772
-0.425191
-0.400591
0.00345479
0.00470814
0.00571496
0.00674006
0.00781561
0.0089286
0.0100785
0.0112842
0.0125467
0.0138212
0.0150406
0.0161012
0.0168953
0.0173465
0.0173626
0.0167053
0.0150341
0.0123951
0.00931691
0.00624966
0.00326555
0.000249196
-0.00286103
-0.00601991
-0.009123
-0.0120607
-0.0147099
-0.0169682
-0.0187408
-0.0199587
-0.0205686
-0.0205554
-0.019934
-0.018768
-0.017151
-0.015203
-0.0130546
-0.0108302
-0.00864738
-0.0065905
-0.0047137
-0.00307619
-0.00167329
-0.000517079
0.000387141
0.00104683
0.0014569
0.00163001
0.00155323
0.00121629
0.000664412
-3.52564e-05
-0.000831945
-0.00161029
-0.000762969
0.000458716
0.00211279
0.00415285
0.00650913
0.00920756
0.0121516
0.0152638
0.018495
0.0217777
0.0250301
0.0281839
0.0311592
0.0338991
0.0363459
0.0384774
0.0402757
0.0417478
0.0429056
0.0437803
0.0444051
0.0448173
0.0450536
0.0451591
0.0451628
0.0451056
0.0450138
0.0449202
0.0448432
0.0448091
0.044831
0.0449285
0.0451078
0.0453786
0.0457407
0.0461943
0.0467284
0.0473325
0.0479854
0.048666
0.0493451
0.0499953
0.050584
0.0510834
0.0514639
0.0517036
0.0517816
0.0516876
0.0514137
0.0509635
0.0503425
0.0495683
0.0486588
0.0476433
0.0465496
0.0454151
0.0442742
0.0431688
0.0421371
0.0412225
0.0404641
0.0399036
0.0395796
0.0395319
0.0397978
0.0404128
0.0414093
0.0428173
0.0446684
0.0469959
0.0498381
0.0532354
0.0572312
0.0618741
0.0672222
0.0733606
0.080361
0.0882717
0.09709
0.106805
0.117123
0.127774
0.138378
0.148597
0.15823
0.154809
0.151823
0.149424
0.147682
0.146599
0.146281
0.146759
0.14808
0.150322
0.153562
0.157909
0.163478
0.17043
0.178964
0.189356
0.201787
0.216155
0.232692
0.254075
0.284504
0.319531
0.354182
0.390774
0.430216
0.467698
0.495295
0.504389
0.488445
0.454614
0.411202
0.365038
0.321787
0.282962
0.250562
0.223403
0.201479
0.183716
0.169339
0.157974
0.149039
0.142001
0.136544
0.132414
0.12944
0.127456
0.126357
0.12606
0.126509
0.127585
0.129287
0.131537
0.134437
0.137885
0.142073
0.132757
0.122798
0.112665
0.102634
0.0930857
0.0844512
0.0767288
0.0699201
0.0639628
0.0587759
0.0542771
0.0503913
0.0470464
0.0441748
0.0417142
0.039609
0.0378136
0.0362891
0.0350058
0.0339364
0.0330596
0.0323542
0.0318048
0.0313961
0.031119
0.0309639
0.0309266
0.031002
0.0311887
0.0314845
0.0318891
0.0324017
0.0330211
0.0337465
0.0345737
0.0355001
0.0365174
0.0376191
0.0387912
0.0400224
0.0412913
0.042581
0.0438623
0.0451119
0.046293
0.0473768
0.0483207
0.0490923
0.0496475
0.0499543
0.0499746
0.0496855
0.0490645
0.0481069
0.0468148
0.0452071
0.043314
0.041178
0.0388514
0.0363916
0.0338613
0.0313199
0.0288256
0.0264266
0.0241653
0.02207
0.0201618
0.0184469
0.016927
0.015589
0.0144226
0.0133992
0.0125073
0.011701
0.0109845
0.0102873
0.00964814
0.00895672
0.00832324
0.00752875
0.0068958
0.0059279
0.00536608
0.00396789
0.00371875
0.00157068
0.00146479
0.00182337
-0.38713
-0.350086
-0.419902
-0.496032
-0.397109
0.428748
0.123574
0.285342
0.466592
0.579015
0.62258
0.602516
-0.00624909
-0.188243
-0.0990918
0.528603
0.224843
0.508419
-0.474025
-0.441749
-0.466923
-0.354126
0.00011903
-0.000537732
-0.495108
-0.569344
-0.543934
-0.368565
-0.398244
0.000333286
0.00257878
0.00343366
0.00460107
0.00527719
0.00624994
0.00695344
0.00774392
0.00838793
0.00908094
0.00972284
0.0104225
0.0111447
0.0119554
0.0128523
0.0138823
0.0150573
0.0164081
0.0179408
0.01967
0.0215912
0.0236989
0.0259697
0.0283752
0.030871
0.033409
0.0359288
0.0383723
0.0406746
0.0427811
0.0446372
0.0462052
0.047452
0.048365
0.0489373
0.0491812
0.0491127
0.0487623
0.0481604
0.0473467
0.0463579
0.0452359
0.0440165
0.0427386
0.0414327
0.0401316
0.0388587
0.0376399
0.036491
0.0354306
0.0344669
0.0336118
0.0328671
0.0322385
0.0317233
0.031323
0.0310325
0.0308516
0.0307751
0.0308033
0.0309336
0.031169
0.0315109
0.0319664
0.0325425
0.0332513
0.0341054
0.0351225
0.0363204
0.0377244
0.0393609
0.0412687
0.0434898
0.0460864
0.0491245
0.0526972
0.0568949
0.0618369
0.0676315
0.0744169
0.0822975
0.0913607
0.10145
0.112505
0.124094
0.135647
0.146476
0.121377
0.703158
0.75844
0.271355
-0.0326999
-0.283439
0.462694
0.665091
0.117532
0.338728
0.637936
0.409529
-0.474772
-0.416117
0.00134607
0.00126275
0.00309846
0.00397133
0.00476411
0.00565872
0.00659062
0.0075521
0.00855744
0.00961984
0.0107296
0.0118369
0.0128778
0.0137385
0.0143105
0.0145656
0.0145033
0.0139975
0.0127376
0.0106338
0.00806197
0.00542838
0.00288334
0.000377169
-0.00213314
-0.00461697
-0.00700649
-0.00922032
-0.0111737
-0.0127953
-0.0140261
-0.0148242
-0.0151687
-0.0150589
-0.0145257
-0.0136175
-0.01241
-0.010978
-0.00941234
-0.00778979
-0.00619529
-0.00468542
-0.00330218
-0.00208841
-0.00105204
-0.000205276
0.00044711
0.00090471
0.00115939
0.00120945
0.00104378
0.000663065
0.00010724
-0.000552403
-0.00125781
-0.00195525
-0.00264203
-0.00234971
-0.00155499
-0.000263004
0.001502
0.00368612
0.00611205
0.00884072
0.011765
0.014884
0.0180995
0.0213694
0.0245989
0.0277305
0.0306821
0.0334029
0.0358381
0.0379639
0.039761
0.0412356
0.0423982
0.0432776
0.0439028
0.0443116
0.04454
0.0446281
0.0446104
0.044524
0.0443985
0.0442662
0.0441499
0.0440753
0.0440598
0.0441218
0.0442707
0.0445166
0.0448601
0.0453012
0.0458293
0.0464326
0.0470889
0.0477755
0.0484612
0.0491169
0.0497085
0.0502066
0.0505818
0.0508118
0.0508778
0.0507698
0.0504836
0.0500244
0.0494024
0.0486363
0.0477479
0.046767
0.0457239
0.0446551
0.0435956
0.0425844
0.041658
0.0408549
0.0402102
0.0397589
0.0395341
0.0395677
0.0398894
0.0405255
0.0415016
0.0428414
0.0445714
0.0467213
0.0493277
0.0524364
0.0561019
0.0603954
0.0654005
0.071228
0.077997
0.08583
0.0947955
0.104878
0.115922
0.127569
0.139539
0.151185
0.162215
0.172594
0.167215
0.162736
0.158907
0.155867
0.153668
0.152316
0.151906
0.152437
0.153935
0.156459
0.160094
0.164929
0.171078
0.17868
0.187927
0.199003
0.212018
0.227208
0.245129
0.267055
0.293391
0.322172
0.351911
0.38429
0.416779
0.444756
0.461803
0.46697
0.455522
0.430292
0.396871
0.359305
0.324128
0.290925
0.261402
0.235643
0.214065
0.195916
0.180859
0.168532
0.158554
0.150547
0.144226
0.139359
0.135777
0.13333
0.131884
0.131398
0.131784
0.132976
0.134928
0.13765
0.141131
0.14533
0.150179
0.155906
-0.419218
-0.453133
-0.391479
-0.360294
-0.443332
-0.00126414
-0.000549961
0.00134938
0.00273256
0.00390603
0.00486438
0.00579572
0.0065882
0.00736377
0.00804936
0.00874593
0.00941247
0.0101214
0.0108606
0.0116832
0.012593
0.0136318
0.0148189
0.0161761
0.01771
0.0194338
0.021343
0.0234311
0.0256749
0.028046
0.030502
0.0329951
0.0354689
0.0378648
0.040123
0.0421875
0.0440087
0.0455462
0.0467709
0.0476662
0.0482273
0.0484618
0.0483868
0.0480285
0.0474185
0.0465948
0.0455951
0.0444595
0.0432252
0.0419306
0.0406087
0.0392932
0.0380102
0.0367867
0.0356411
0.0345924
0.0336511
0.0328283
0.032127
0.031551
0.0310979
0.0307664
0.0305512
0.0304477
0.0304502
0.030554
0.0307556
0.0310525
0.0314456
0.0319358
0.0325292
0.033231
0.0340521
0.0350025
0.0360976
0.0373547
0.0387972
0.0404571
0.0423746
0.0446123
0.047245
0.0503874
0.0541594
0.0587252
0.0642392
0.0709089
0.0789037
0.0883549
0.0992491
0.111537
0.124884
0.138877
0.152267
0.163875
0.173168
0.164071
0.157573
0.152066
0.147086
0.142957
0.139752
0.137479
0.136149
0.135787
0.136424
0.138123
0.140947
0.145003
0.15043
0.157392
0.16609
0.176775
0.189722
0.205143
0.223216
0.244157
0.268214
0.295289
0.324809
0.355784
0.385312
0.411269
0.430048
0.439478
0.437006
0.424352
0.404017
0.378968
0.351471
0.324588
0.29905
0.274927
0.253507
0.235315
0.219778
0.206384
0.19489
0.185169
0.177097
0.170529
0.165339
0.161422
0.158685
0.157078
0.156553
0.157088
0.158691
0.161345
0.165073
0.169867
0.175605
0.182479
0.179604
-0.00342152
-0.00321788
-0.002231
-0.00075558
0.00123227
0.00342249
0.00591055
0.00862524
0.0115412
0.0146178
0.0177896
0.0210034
0.0241814
0.0272607
0.0301722
0.03286
0.0352803
0.0374003
0.0392096
0.0407013
0.0418915
0.0427982
0.0434543
0.0438886
0.0441402
0.0442412
0.0442311
0.0441449
0.0440151
0.0438691
0.0437357
0.0436369
0.0435958
0.0436272
0.0437467
0.0439611
0.0442765
0.0446884
0.0451918
0.0457692
0.0464046
0.0470689
0.047738
0.048375
0.0489541
0.0494373
0.0498037
0.0500222
0.0500831
0.0499677
0.0496814
0.0492205
0.0486062
0.0478489
0.0469815
0.0460247
0.0450196
0.0439929
0.0429892
0.0420373
0.0411809
0.0404477
0.0398768
0.0394926
0.0393291
0.0394054
0.0397494
0.0403736
0.0413022
0.0425429
0.0441235
0.0460541
0.0483815
0.0511324
0.0543967
0.0582342
0.062797
0.0681818
0.0746194
0.0822493
0.0913483
0.101787
0.113596
0.126517
0.14005
0.153751
0.167162
-0.00327636
-0.00252392
0.000702412
0.00108752
0.00261756
0.00313031
0.00379334
0.00453079
0.00528223
0.00606186
0.00689238
0.00777827
0.00870293
0.00962151
0.010467
0.0111162
0.01145
0.0114406
0.0111609
0.0106264
0.00963815
0.00806612
0.00611001
0.00409578
0.00216937
0.000308073
-0.00152882
-0.00333077
-0.00505019
-0.00662214
-0.00798585
-0.00909389
-0.00991466
-0.0104285
-0.0106297
-0.0105187
-0.0101165
-0.00945298
-0.00858215
-0.00755786
-0.0064446
-0.00529527
-0.00416642
-0.00309769
-0.00211564
-0.00125247
-0.000518517
7.30975e-05
0.00052001
0.000817677
0.000956259
0.000925953
0.000730614
0.000363682
-0.00014544
-0.000739884
-0.00133246
-0.00191575
-0.450483
0.522272
0.278521
0.562145
-0.159388
0.688164
-0.40766
-0.422742
0.438116
0.19873
0.382558
0.689634
-0.0019262
0.176412
-0.0816732
-0.00530986
-0.00429547
-0.000666905
-0.00174506
-0.409301
-0.417341
0.202561
0.183091
0.182334
-0.461466
0.19003
0.212329
2.82753e-05
-0.277015
-0.00663999
0.552286
0.347256
0.530277
-0.452309
-0.00156594
-0.0018125
-0.000791864
-0.00121659
5.05069e-05
-0.000353173
0.00052968
0.000347297
0.000529949
0.000589247
7.25156e-05
0.000354699
-0.000795884
-0.000312346
-0.0020145
-0.00136585
-0.0034539
-0.00271344
-0.00491855
-0.00419647
-0.00613879
-0.00557068
-0.00687442
-0.00657204
-0.00694201
-0.00699185
-0.00619532
-0.00666704
-0.0046021
-0.00549296
-0.00232979
-0.00353128
0.000326594
-0.00103614
0.00322032
0.00173847
0.00602444
0.00469956
0.00756185
0.00698056
0.00833147
0.0079774
0.00833035
0.00847887
0.0072404
0.00787045
0.00582302
0.00652986
0.00451253
0.00514074
0.003373
0.00392461
0.00229504
0.00281727
0.000981517
0.00195086
0.000851901
0.172804
0.188776
0.140035
0.156325
0.110311
0.124569
0.0868179
0.0976476
0.0705614
0.0778556
0.0597691
0.0646276
0.0524158
0.0557566
0.0472234
0.0496053
0.0434937
0.0452001
0.0409483
0.0420806
0.0394947
0.0400887
0.0390643
0.0391571
0.0395449
0.0392
0.0407628
0.0400749
0.0424865
0.0415777
0.044445
0.0434545
0.0463528
0.0454231
0.0479429
0.0472029
0.0490034
0.0485499
0.0494138
0.0492937
0.0491678
0.0493693
0.0483733
0.048829
0.0472278
0.0478302
0.0459726
0.046599
0.0448372
0.0453778
0.0439902
0.0443706
0.0435133
0.0437042
0.0433967
0.0434141
0.0435455
0.0434461
0.0438077
0.0436749
0.0439781
0.043919
0.0438125
0.0439536
0.0430466
0.0435226
0.0414088
0.0423533
0.0386777
0.0401909
0.0347561
0.0368639
0.029723
0.0323675
0.0238584
0.0268709
0.0176109
0.0207529
0.0114822
0.0145035
0.00590641
0.00860035
0.00117094
0.00339771
-0.00251038
-0.00094676
-0.00416946
0.164975
0.172506
0.152003
0.157968
0.143495
0.147171
0.139484
0.140944
0.139876
0.139138
0.144868
0.141777
0.155125
0.14929
0.171752
0.162569
0.196189
0.182915
0.229753
0.211779
0.272975
0.250211
0.323992
0.297799
0.375263
0.350534
0.411638
0.396445
0.418176
0.419153
0.39272
0.408674
0.348842
0.372172
0.301911
0.325147
0.259417
0.279808
0.225406
0.241252
0.199917
0.211719
0.181503
0.189896
0.169214
0.174657
0.162238
0.165111
0.160079
0.160582
0.1626
0.160754
0.170041
0.165691
0.183234
0.175807
0.192101
0.158473
0.1727
0.124875
0.141498
0.0959971
0.109449
0.0745279
0.0842732
0.0601852
0.0665247
0.0510472
0.0550792
0.045143
0.0477705
0.0410993
0.0429411
0.0380872
0.0394888
0.0357181
0.036831
0.0338296
0.0347166
0.032348
0.0330387
0.0312357
0.0317453
0.0304807
0.0308117
0.030098
0.0302393
0.0301261
0.0300561
0.0306153
0.0303084
0.0316079
0.0310453
0.0331174
0.0322974
0.0351081
0.0340556
0.0374837
0.0362546
0.0400844
0.0387664
0.0426911
0.0414007
0.0450375
0.0439127
0.0468252
0.0460179
0.0477545
0.047412
0.0475716
0.0478114
0.0461268
0.0470079
0.0434225
0.0449225
0.0396388
0.0416459
0.0351133
0.0374423
0.0302765
0.0327059
0.0255573
0.0278787
0.0212982
0.0233551
0.0176999
0.0194115
0.0148065
0.0161701
0.01256
0.0135911
0.0107949
0.0116348
0.00930281
0.0100303
0.00789322
0.00860591
0.00638786
0.00717288
0.00463132
0.00557451
0.0021737
0.00356743
-0.00137284
0.000472323
-0.00401082
-0.00296746
-0.420727
-0.00417856
-0.00588444
0.207358
0.225264
0.204672
0.228018
-0.00682256
-0.00434291
-0.0072551
0.000189574
-0.00192031
0.00334458
0.00193922
0.00545784
0.00450921
0.00712757
0.00632587
0.00860584
0.00787649
0.0100748
0.00932784
0.0117303
0.0108659
0.0137863
0.0126938
0.0163208
0.0149673
0.0195444
0.017847
0.0234378
0.0214129
0.0278726
0.0256016
0.0325815
0.0302143
0.0371891
0.0349233
0.0412763
0.0393216
0.0444694
0.0430016
0.0465154
0.0456429
0.0473231
0.0470707
0.0469605
0.0472763
0.0456194
0.0463948
0.0435681
0.0446629
0.0410983
0.0423662
0.0384918
0.0397949
0.0359929
0.0372148
0.0337933
0.0348454
0.032024
0.0328485
0.0307549
0.0313243
0.0300015
0.0303139
0.0297396
0.0298109
0.0299238
0.0297781
0.0305083
0.0301675
0.0314609
0.0309388
0.0327689
0.0320695
0.0344358
0.0335558
0.036476
0.0354065
0.0389284
0.0376442
0.0419252
0.0403397
0.0458795
0.0437316
0.0518485
0.0484972
0.0619797
0.0562003
0.0792704
0.0695184
0.10555
0.0913566
0.141814
0.122572
0.180418
0.161962
0.195467
0.199642
0.213109
0.180115
0.188624
0.168619
0.173529
0.163192
0.165232
0.162898
0.162432
0.167543
0.164601
0.177373
0.171784
0.192996
0.184417
0.215183
0.203225
0.244799
0.229005
0.282374
0.262624
0.325269
0.303481
0.367604
0.347124
0.398169
0.385076
0.406454
0.405832
0.387179
0.399908
0.347448
0.369143
0.299162
0.323499
0.253726
0.275636
0.215988
0.233796
0.186855
0.200358
0.165931
0.175432
0.152097
0.158214
0.144181
0.147468
0.141358
0.142171
0.143267
0.141731
0.150076
0.146026
0.162538
0.155529
0.181793
0.171303
0.194133
-0.00398168
-0.00444499
-0.000869637
-0.00242461
0.00351479
0.00126251
0.00868917
0.00601563
0.0144996
0.0115307
0.0206257
0.0175481
0.0266239
0.0236694
0.0320363
0.0294282
0.0364901
0.0344026
0.0398303
0.0383063
0.0420429
0.0410687
0.0432844
0.0427711
0.0437865
0.0436121
0.0438083
0.0438405
0.043605
0.0437199
0.0434
0.0434903
0.0433748
0.0433581
0.0436468
0.0434687
0.0442691
0.0439136
0.0452119
0.0447063
0.0463518
0.0457679
0.0474953
0.046937
0.0484134
0.0479966
0.0488927
0.0487189
0.0487834
0.048917
0.0480354
0.0484875
0.0467104
0.0474365
0.0449712
0.0458788
0.0430534
0.0440178
0.0412308
0.0421125
0.0397794
0.0404423
0.0389465
0.0392722
0.0389264
0.0388255
0.039845
0.0392636
0.0417567
0.040676
0.0446663
0.0430867
0.0486115
0.0465005
0.0538747
0.0510392
0.0614107
0.0572518
0.0733587
0.0666475
0.092649
0.0819027
0.121154
0.105743
0.157814
0.138634
0.197407
0.177518
0.215202
0.000557481
0.00095123
0.000920259
0.00129881
0.000618982
0.00176497
0.00142892
0.00243416
0.00209634
0.00319993
0.00279435
0.00409994
0.00363099
0.00497353
0.00455611
0.00526157
0.00523351
0.00454808
0.00498569
0.00364269
0.0040647
0.00244186
0.00310077
0.000973289
0.0016973
-0.000438593
0.000272213
-0.00181583
-0.00112807
-0.00296345
-0.0024247
-0.00367198
-0.00337328
-0.00388462
-0.0038381
-0.00362825
-0.00380766
-0.00302832
-0.00335484
-0.00225206
-0.00264746
-0.00143253
-0.00183506
-0.000688131
-0.00104341
-0.00010317
-0.000368845
0.000254744
0.00010727
0.000348085
0.000337322
0.0001509
0.000287454
-0.00031478
-5.18306e-05
-0.000864472
-0.000600423
-0.00128727
-0.00105607
-0.00194179
-0.43607
-0.0044509
-0.223763
-0.547484
-0.0118826
-0.840101
-0.579939
-0.675985
-0.55712
-0.481052
-0.434547
0.670919
0.817586
0.886703
0.809919
0.656799
-0.407392
-0.400738
-0.469906
-0.434764
-0.624178
-0.246262
0.0793296
-0.0668531
0.0208587
-0.00980079
-0.00523111
-0.00215055
0.000334222
0.00202973
0.00347335
0.00457013
0.00554189
0.00642364
0.00723534
0.00799293
0.00872617
0.00945148
0.0101981
0.0109861
0.0118432
0.0127908
0.0138512
0.0150363
0.0163719
0.0178702
0.0195356
0.0213659
0.0233495
0.0254677
0.0276916
0.0299861
0.0323071
0.034608
0.0368364
0.0389422
0.0408753
0.0425931
0.044058
0.0452431
0.0461298
0.046711
0.0469886
0.0469746
0.046688
0.0461548
0.0454041
0.04447
0.0433892
0.0421993
0.0409362
0.0396343
0.0383246
0.0370367
0.0357956
0.034625
0.0335424
0.0325645
0.031701
0.0309613
0.0303475
0.0298632
0.0295043
0.0292703
0.0291534
0.0291515
0.0292555
0.0294635
0.0297674
0.030167
0.0306557
0.0312351
0.0318991
0.03265
0.0334807
0.0343927
0.0353774
0.0364371
0.0375671
0.0387821
0.0401023
0.0415877
0.0433321
0.0455063
0.0483555
0.0522352
0.0575848
0.0649174
0.0747298
0.0873527
0.102867
0.121971
0.144537
0.170682
0.19774
0.221039
0.241636
0.243405
0.221546
0.20461
0.191715
0.182354
0.175278
0.170084
0.166522
0.164386
0.163579
0.164042
0.165762
0.168749
0.173052
0.178728
0.185867
0.194558
0.20491
0.21703
0.231029
0.24695
0.2647
0.283899
0.304171
0.325009
0.345496
0.364788
0.381216
0.393362
0.399829
0.400101
0.394049
0.381894
0.364894
0.344434
0.32213
0.299294
0.276856
0.25547
0.235707
0.217922
0.202277
0.188729
0.177197
0.167562
0.159699
0.153459
0.148719
0.145357
0.14329
0.142454
0.142828
0.144425
0.147305
0.151564
0.157384
0.165156
0.17534
0.188745
0.206083
0.228391
0.283195
-0.00507018
-0.00782565
-0.00631933
-0.00474015
-0.00267423
-0.000789155
0.00130146
0.00354911
0.00600101
0.00862805
0.0114144
0.0143273
0.0173219
0.0203493
0.0233517
0.0262734
0.0290586
0.0316598
0.0340382
0.0361783
0.0380209
0.0395819
0.0408631
0.041877
0.0426451
0.0431941
0.0435543
0.043761
0.043844
0.0438338
0.0437608
0.0436544
0.0435411
0.0434448
0.0433834
0.0433854
0.0434591
0.043614
0.0438537
0.0441747
0.0445723
0.0450357
0.0455488
0.0460896
0.0466337
0.0471527
0.0476192
0.0480048
0.048285
0.0484377
0.0484474
0.0483031
0.0480019
0.0475466
0.0469483
0.0462227
0.0453932
0.0444856
0.0435316
0.0425632
0.0416159
0.0407233
0.0399205
0.0392381
0.0387071
0.0383516
0.0381949
0.038252
0.0385363
0.0390514
0.0397997
0.040774
0.0419681
0.0433702
0.0449784
0.0467995
0.0488725
0.0512789
0.0541738
0.0578016
0.0625181
0.0687755
0.0770866
0.0879298
0.10167
0.118442
0.138105
0.160231
0.184343
0.208633
0.230412
0.254805
0.306079
0.0240608
0.0149842
0.00465039
0.00161996
0.000487815
0.000593375
0.000523652
0.000676527
0.000802352
0.000932454
0.00107667
0.00124114
0.00141909
0.00161838
0.0018207
0.00201616
0.00216167
0.00221607
0.00213004
0.00194289
0.00172542
0.00157472
0.00139494
0.0011289
0.000742165
0.000332323
-6.75567e-05
-0.000414633
-0.000697658
-0.000928293
-0.00108299
-0.00118797
-0.00122842
-0.00124581
-0.00124303
-0.00124429
-0.00124153
-0.00122559
-0.00118461
-0.00111836
-0.00102596
-0.000922831
-0.000805885
-0.000692164
-0.000577537
-0.000471957
-0.000372051
-0.000290348
-0.000223922
-0.000179807
-0.000157262
-0.00016217
-0.00018856
-0.000242276
-0.000306363
-0.000379754
-0.000413226
-0.00034989
-8.84473e-06
0.0011684
0.00490909
0.0125769
0.00891922
-0.442178
-0.140014
0.232138
0.0321347
)
;

boundaryField
{
    frontandback
    {
        type            empty;
    }
    walls
    {
        type            zeroGradient;
    }
    diamond
    {
        type            zeroGradient;
    }
    inlet
    {
        type            zeroGradient;
    }
    outlet
    {
        type            fixedValue;
        value           uniform 0;
    }
}


// ************************************************************************* //
