/*--------------------------------*- C++ -*----------------------------------*\
  =========                 |
  \\      /  F ield         | OpenFOAM: The Open Source CFD Toolbox
   \\    /   O peration     | Website:  https://openfoam.org
    \\  /    A nd           | Version:  10
     \\/     M anipulation  |
\*---------------------------------------------------------------------------*/
FoamFile
{
    format      ascii;
    class       volScalarField;
    location    "14";
    object      p;
}
// * * * * * * * * * * * * * * * * * * * * * * * * * * * * * * * * * * * * * //

dimensions      [0 2 -2 0 0 0 0];

internalField   nonuniform List<scalar> 
6397
(
5.03643
4.91283
-3.9864
-3.91765
-4.68055
-4.9824
7.88764
4.74442
-10.5044
-7.63708
3.77659
-0.100775
-0.235363
-0.174142
-0.233283
-18.5368
-16.4
-16.4281
12.0337
12.0845
11.317
-4.91109
-6.90313
-6.09923
-0.125
-0.0855847
-0.0399625
-1.50518
-1.63104
-1.85506
-1.74022
-2.04776
-2.45063
-3.57318
0.503639
0.192585
-0.594707
-0.933083
1.31577
1.42719
1.1249
0.933016
-1.98432
-5.78499
-5.41701
-5.01277
-5.66589
-5.65332
1.63617
1.59644
1.6218
1.5037
1.56577
3.68079
3.02425
3.50336
3.53529
2.1298
-3.89751
-3.65266
-3.93256
-3.67088
-3.21688
-2.69176
-2.24904
-1.95209
-1.81507
-1.82957
-4.52676
-3.19762
-3.94024
-4.81887
-4.80499
-4.43154
-3.80098
-3.09026
-2.46151
-2.00274
-1.72824
-1.60309
-3.22076
-2.68362
-2.00467
-1.62522
-2.53124
-2.21278
-2.36097
-1.77257
-1.95325
-1.86611
-2.90815
-2.06438
-1.51466
-1.20083
-3.59268
-2.44054
-1.8723
-0.872512
-1.30213
-3.48161
-2.61698
-5.10932
-4.38645
-5.35249
-5.40884
-4.04123
-4.83459
-2.40135
-3.17125
-1.43949
-1.82253
-1.10565
-1.21003
-1.22159
-1.12041
-1.38543
-2.84136
-4.69934
-3.68358
-1.90095
-2.25202
-1.73475
-1.73602
-2.12288
-1.86589
-2.73037
-2.4352
-2.82694
-2.86849
-2.35225
-2.63369
-1.78674
-2.02398
-1.65615
-1.65682
-0.984352
-1.4313
-0.553166
-1.54664
-2.8162
-5.56763
-5.67686
-6.8643
-1.64769
-0.553961
-0.58691
-2.27669
-0.524753
-0.151857
-2.64126
-4.25461
-1.62423
-0.987195
-3.42256
-2.45439
-5.26151
-4.43434
-5.5216
-5.77269
-3.94491
-4.87169
-2.09448
-2.96314
-0.987973
-1.43881
-0.541749
-0.703887
-0.461978
-0.473853
-0.497855
-3.14093
-4.23319
-1.83326
-2.35307
-1.37912
-1.52535
-1.46573
-1.37831
-1.76443
-1.63572
-1.78472
-1.85739
-1.49523
-1.68074
-1.3436
-1.37876
-1.63957
-1.43174
-1.92857
-0.809058
-1.37263
0.132448
-0.297046
-7.69193
-6.28474
-3.0718
0.192242
0.184599
-0.593028
-1.66353
-8.61885
-7.69809
-8.65658
-2.14013
-3.02753
0.343328
0.501559
0.718417
-3.26552
-2.65053
-4.66258
-0.152615
0.210797
-1.26858
-0.623655
-3.07087
-2.09003
-4.88122
-4.07487
-5.13051
-5.29826
-3.55825
-4.49542
-1.66881
-2.56223
-0.508459
-0.988736
-0.0150628
-0.209597
0.165405
0.0963044
0.187975
-6.05011
-7.59065
-3.19344
-4.48118
-1.62592
-2.26572
-0.965655
-1.22081
-0.8138
-0.844004
-0.88883
-0.846429
-0.869304
-0.904277
-0.771386
-0.81233
-0.924818
-0.803847
-1.56463
-1.1827
-2.06974
-0.700386
-1.35628
-0.129351
0.190082
-6.25344
-3.05453
-7.67184
-6.88414
-0.550473
-1.54652
0.492067
0.870382
-2.32173
-3.3401
-2.82914
-3.70639
0.800954
0.999414
0.194983
0.172618
-0.500272
-3.8862
-4.63852
0.212514
0.550727
-0.819234
-0.221391
-2.4945
-1.59505
-4.13823
-3.40012
-4.3152
-4.47028
-2.87512
-3.72641
-1.14988
-1.96634
-0.0531133
-0.512552
0.442252
0.247669
0.644354
0.567415
0.708001
0.688955
0.733945
0.725417
0.676112
0.721998
-8.75259
-7.78988
-8.81797
-5.97894
-7.63758
-2.95373
-4.32222
-1.28346
-1.97471
-0.51332
-0.821434
-0.215751
-0.324606
-0.12985
-0.160286
-0.0825595
-0.104238
-0.130087
-0.0812443
-0.501844
-0.261308
-1.38142
-0.866531
-2.041
-0.632139
-1.40477
-0.00760532
-6.10331
-6.07977
0.0907965
0.579061
-5.67108
-2.8087
1.14189
-4.3449
-2.79029
-3.80135
-5.63045
-1.37119
-4.28469
-4.49594
-0.508855
-0.0824083
0.428242
-4.50698
-4.22473
1.04837
1.32999
1.21193
0.554696
0.848653
-0.349527
0.178014
-1.77137
-1.00145
-3.14419
-2.52749
-3.27073
-3.41191
-2.0339
-2.75902
-0.56689
-1.26298
0.37382
-0.0258591
0.816695
0.639212
1.00432
0.931538
1.09051
1.05185
1.11463
1.10387
1.06006
1.099
0.857201
0.982854
-7.04292
-3.68092
-5.41757
-7.99168
-8.02684
-5.28928
-6.90248
-2.43401
-3.72699
-0.832474
-1.49963
-0.0500522
-0.371809
0.308889
0.165126
0.476114
0.40623
0.545322
0.525034
0.425659
0.519352
-0.0536458
0.236909
-1.08541
-0.490239
-1.85757
-2.81423
-2.22009
0.213912
0.678931
-5.08224
-4.7401
-4.55803
-5.36458
-2.39886
-3.47384
-0.562872
-1.40642
0.609548
0.10213
1.25971
0.988332
1.43293
-4.74172
-2.43935
-4.332
-1.24326
-3.19076
-0.62378
-1.16073
-1.77425
-0.34958
0.432871
-0.0804276
1.45481
1.52904
-3.59809
1.2431
1.36932
0.842322
1.08111
0.0912723
0.52357
-1.01643
-0.422664
-2.04771
-1.58897
-2.12471
-2.23781
-1.17659
-1.73447
-0.0164638
-0.571695
0.739366
0.415275
1.10071
0.951848
1.26188
1.1963
1.33442
1.30258
1.3665
1.3524
1.34211
1.36676
1.1824
1.28161
0.89276
1.05775
-2.69316
-0.438105
-1.4048
-5.59429
-4.1894
-6.36207
-6.44372
-4.15389
-5.49645
-1.72998
-2.82282
-0.339818
-0.926778
0.384023
0.0801412
0.743008
0.596046
0.932422
0.848899
1.02004
0.991338
0.884663
0.988824
0.361305
0.678506
-0.706817
-0.0983726
-2.52592
-1.52902
-4.58721
-3.58412
-5.29373
-4.55269
-5.81835
-5.3612
-2.3337
-3.4546
-0.477107
-1.33244
0.704689
0.201542
1.32138
1.06653
-0.450891
0.232083
0.0856534
0.664101
1.56451
1.48188
-3.77358
-2.10344
-3.26052
-1.25144
-2.27161
-0.879939
-1.11023
-0.726834
0.676208
0.0073857
-0.534978
0.34568
-0.384097
1.15795
0.942438
1.37428
-0.0614267
0.837946
0.668158
1.5906
1.57117
1.58083
-2.97993
1.52772
1.56283
1.37159
1.46652
1.0468
1.24165
0.47876
0.802808
-0.311799
0.106811
-1.02777
-0.711203
-1.07265
-1.15675
-0.409355
-0.799171
0.434439
0.0230472
1.01464
0.763258
1.29629
1.17882
1.42701
1.36956
1.51371
1.46969
1.58862
1.55311
1.58416
1.60181
1.44715
1.53096
1.18524
1.33494
1.01753
0.247245
0.795002
-1.5529
-0.536607
-3.76813
-2.72046
-4.43547
-4.43521
-2.79311
-3.78444
-0.952946
-1.78738
0.133795
-0.330812
0.746824
0.481781
1.07752
0.939294
1.25608
1.17676
1.34965
1.31442
1.23384
1.32654
0.732365
1.03647
-0.30607
0.286663
-2.05956
-1.11076
-4.02963
-3.07683
-4.69599
-5.50987
-5.34933
-4.29995
-5.07779
-2.23473
-3.28858
-0.419255
-1.26026
0.762666
0.257799
1.36121
1.12023
1.50464
-3.01055
-1.91844
-2.54768
-1.43396
-1.708
-1.30348
-0.706454
-1.26312
0.295674
-1.22273
1.46841
1.06607
-1.00533
0.48759
-0.519726
1.74031
1.47736
1.76264
0.307974
1.09124
1.08153
1.53912
1.56987
1.56582
1.53196
-2.54116
1.55605
1.56832
1.44243
1.51014
1.19871
1.33766
0.79991
1.01467
0.274921
0.541221
-0.179624
0.0116697
-0.219649
-0.271436
0.204217
-0.0492062
0.770179
0.488509
1.19738
1.00874
1.41931
1.32709
1.5327
1.48045
1.63903
1.5822
1.70149
1.67576
1.6685
1.69858
1.54693
1.61323
1.41048
1.47466
1.263
1.34364
1.16371
1.49789
1.65948
0.813249
1.22804
-0.466675
0.230563
-1.88258
-1.20967
-2.4129
-2.34356
-1.44255
-2.07186
-0.194872
-0.771352
0.576118
0.243239
1.03874
0.831079
1.32006
1.19855
1.4736
1.40584
1.5589
1.52574
1.47428
1.54946
1.03688
1.30828
0.105024
0.643465
-1.43683
-0.597276
-3.13869
-2.32648
-3.75914
-4.0927
-3.10537
-4.77699
-4.66004
-3.8268
-4.46738
-2.06266
-2.9767
-0.405271
-1.18499
0.739334
0.241637
1.32157
1.09305
1.45904
-2.56372
-1.95293
-2.17516
-1.80548
-1.41284
-1.93717
-0.485582
-2.08281
0.450071
-2.16959
1.0811
-1.82685
1.73767
1.45001
-0.988548
1.19165
0.256282
1.46185
-2.35867
1.54141
1.45871
1.51049
1.5499
1.56003
1.46688
1.5194
1.29394
1.38788
1.02385
1.16164
0.697111
0.852919
0.448312
0.548027
0.418634
0.402422
0.641379
0.499529
1.00556
0.821559
1.30946
1.17486
1.48569
1.41302
1.58937
1.54294
1.67037
1.63492
1.71181
1.70289
1.69938
1.70899
1.66967
1.68543
1.61081
1.64471
1.51572
1.56353
1.51083
1.49427
1.65098
1.55844
1.88801
1.84292
1.88764
1.7335
1.84352
1.25739
1.54765
0.484583
0.882294
-0.267014
0.102623
-0.72566
-0.594271
-0.289857
-0.617754
0.456645
0.098608
0.963909
0.741132
1.28295
1.13615
1.50118
1.40438
1.62194
1.57085
1.6847
1.66102
1.62427
1.68248
1.27157
1.49781
0.495946
0.950334
-0.748515
-0.0732347
-2.14665
-1.47416
-2.79141
-2.63006
-2.68332
-3.19889
-1.49341
-2.41933
-3.80472
-3.65905
-3.19586
-3.64344
-1.82012
-2.5518
-0.413625
-1.08783
0.636259
0.167165
1.22045
0.986485
1.43626
1.36195
1.428
1.46894
1.68029
1.77101
1.43767
1.82219
-2.41859
-2.22149
-1.25578
-2.05956
-2.42101
1.43436
1.34456
1.38015
-1.31898
-2.87681
-0.407434
-3.29388
0.489594
-3.35012
1.03751
-2.72614
1.3977
-1.26797
1.6662
1.58057
0.518493
1.79155
2.07708
-2.44104
1.5078
1.47984
1.51664
1.51865
1.45896
1.49039
1.34311
1.4017
1.174
1.26209
0.979199
1.07491
0.847191
0.902746
0.83457
0.829836
0.931455
0.86913
1.14953
1.03246
1.37403
1.27239
1.52155
1.45846
1.62654
1.5784
1.73045
1.6768
1.77728
1.75385
1.79046
1.79048
1.74192
1.77266
1.67632
1.70422
1.6484
1.65425
1.71046
1.66361
1.88177
1.78301
2.14858
2.01346
1.94937
1.79355
1.88541
1.99173
1.98766
1.90049
1.96293
1.59569
1.77778
1.22373
1.39457
0.858595
1.06617
0.49217
0.611671
0.56625
0.431135
0.973614
0.769505
1.28568
1.14636
1.48671
1.39469
1.63542
1.56827
1.72284
1.68838
1.75746
1.74734
1.70884
1.75364
1.44222
1.616
0.837259
1.19177
-0.110187
0.397714
-1.14329
-0.669116
-1.64642
-1.51139
-1.57071
-0.843485
-0.153254
-2.11357
-1.53858
-2.74887
-2.53337
-2.48618
-2.7341
-1.53721
-2.05932
-0.449468
-0.985406
0.449843
0.0359486
1.03339
0.783359
1.30543
1.20215
1.35606
1.52716
1.6702
2.32451
2.275
-2.52931
-2.72927
1.38223
1.35136
-2.16135
-3.3875
-1.3926
-4.2188
-0.43305
-4.81318
0.470729
-4.56322
0.982848
-3.31271
1.30636
-0.878819
1.43272
1.0566
1.52999
1.37391
2.18985
1.65215
1.54881
1.38316
0.838524
2.47834
2.34754
-2.7705
1.45336
1.43635
1.47574
1.4739
1.45235
1.46477
1.38185
1.41491
1.26951
1.32557
1.14886
1.20446
1.08096
1.10929
1.07438
1.07269
1.1164
1.08845
1.24371
1.17026
1.40789
1.32939
1.53182
1.47648
1.62574
1.58272
1.68388
1.66441
1.74733
1.726
1.76508
1.7593
1.76842
1.76695
1.76976
1.76979
1.75948
1.76328
1.80097
1.76933
1.92934
1.85277
2.11595
2.01502
2.1996
2.17966
1.85658
1.75633
1.99814
1.94149
2.04497
2.0313
2.00341
2.03828
1.86109
1.9401
1.73613
1.78778
1.53
1.66864
1.12432
1.32486
1.15062
1.11478
1.31476
1.22367
1.49675
1.40855
1.63938
1.57451
1.7397
1.69583
1.79522
1.77565
1.80005
1.80579
1.74998
1.78978
1.55336
1.68247
1.11026
1.36981
0.418379
0.7889
-0.32309
0.0193689
-0.64135
-0.577957
-0.344529
-0.493463
-0.0914104
-0.106252
0.397235
-1.08319
-0.601074
-1.76875
-1.49655
-1.79384
-1.86465
-1.28739
-1.58701
-0.548084
-0.930372
0.176606
-0.171261
0.743029
0.483594
1.09294
0.948201
1.25122
1.20025
1.2913
1.26304
-2.89073
-3.56654
2.16522
2.3478
1.27792
1.19827
1.19325
2.06039
2.01042
-2.46837
-4.75529
-1.5826
-5.89513
-0.492427
-6.27069
0.432534
-5.24281
0.911816
-3.1372
1.14505
-0.113496
1.22869
1.80966
1.43253
1.55052
1.45835
1.29723
1.21888
2.51513
1.23032
1.1116
0.74555
1.05823
-3.38876
1.3514
1.30565
1.4124
1.37665
1.43816
1.42834
1.42811
1.43642
1.38069
1.40578
1.31306
1.34693
1.25168
1.27968
1.21935
1.23982
1.21464
1.21518
1.23735
1.22368
1.31491
1.26892
1.43189
1.37293
1.53715
1.48748
1.62447
1.58302
1.69391
1.66252
1.75141
1.72717
1.77648
1.76797
1.77106
1.77616
1.76964
1.76748
1.79687
1.77783
1.86063
1.82598
1.94427
1.89913
2.04124
1.99373
2.0671
1.73069
1.64237
1.90598
1.81989
2.03682
1.98274
2.08721
2.0716
2.08286
2.09048
2.05708
2.07068
2.0406
2.04751
1.90766
2.00475
1.60498
1.75743
1.53254
1.55211
1.57184
1.54349
1.64861
1.60863
1.72814
1.68958
1.79285
1.76373
1.83034
1.81825
1.82195
1.83506
1.76658
1.80705
1.61803
1.71216
1.30432
1.48624
0.813107
1.07545
0.303455
0.540208
0.0961549
0.143455
0.317506
0.11781
0.508527
1.1654
1.32614
0.54694
0.900751
-0.240798
0.165502
-0.903508
-0.615799
-1.21132
-1.10031
-1.13274
-1.2197
-0.747769
-0.96936
-0.218267
-0.490151
0.33951
0.059369
0.820907
0.602572
1.12683
1.00607
1.13252
2.52782
1.04172
2.07977
1.91786
-3.51086
-4.78541
-2.9142
-6.39717
-1.78292
-7.46461
2.27604
-0.47884
-6.99049
0.427206
-4.76808
0.742867
-1.59892
1.3753
1.52823
1.48188
1.3022
0.924792
1.1462
1.16564
1.00386
2.46911
1.06561
1.06115
2.69775
0.894289
1.50129
1.53946
1.94257
1.78779
1.5549
-4.33496
1.19234
0.987164
1.10917
1.29632
1.24724
1.35711
1.32486
1.38703
1.37772
1.39214
1.39475
1.37535
1.38652
1.34202
1.35961
1.3046
1.32199
1.28897
1.28402
1.29763
1.29371
1.3164
1.30614
1.36714
1.33684
1.45064
1.40641
1.53754
1.49458
1.61525
1.57731
1.6795
1.64946
1.72931
1.70672
1.76085
1.74755
1.77751
1.77009
1.78801
1.78387
1.79953
1.79082
1.85116
1.82043
1.92196
1.88659
1.97276
1.9523
1.94162
1.97023
1.79252
1.88263
1.61382
1.52186
1.6739
1.66096
1.58898
1.8104
1.73775
1.95016
1.88079
2.06314
2.01412
2.11718
2.09663
2.14241
2.13158
2.16507
2.15296
2.18784
2.17927
2.09705
2.16557
1.88506
1.99381
1.76509
1.81286
1.74271
1.74457
1.76744
1.75274
1.79883
1.7829
1.82495
1.81223
1.83929
1.83483
1.82388
1.83711
1.7664
1.80131
1.64502
1.71614
1.4167
1.54787
1.07719
1.26046
0.742163
0.901128
0.610265
0.644313
0.77979
0.652988
1.04442
0.902167
1.18774
1.44535
1.51847
1.06561
1.29984
0.450145
0.778978
-0.217449
0.109905
-0.793281
-0.529817
-1.0771
-0.974819
-1.04529
-1.10151
-0.723786
-0.914532
-0.193743
-0.481036
0.411073
0.118621
0.862595
0.665551
0.961894
0.947189
0.927196
-4.30042
-6.24436
1.34946
1.4652
1.32407
-3.32884
-7.8824
2.49811
-1.82147
-8.19302
-0.399067
-6.37645
2.13688
1.45855
1.61844
1.63242
1.46069
0.33839
-3.10823
1.25449
0.491979
0.162157
1.40002
1.73748
1.05852
0.703516
2.24164
0.917886
0.771872
2.83593
0.884905
0.977022
0.87692
0.88377
0.782613
1.42612
1.54212
0.786072
-5.49194
1.12675
1.05809
1.23793
1.18675
1.31138
1.27598
1.34926
1.33399
1.36261
1.36035
1.35674
1.36217
1.34244
1.34984
1.33229
1.33616
1.33157
1.32852
1.34359
1.33716
1.36149
1.35155
1.40063
1.37777
1.46422
1.43017
1.53602
1.49972
1.60507
1.57091
1.66437
1.6371
1.70922
1.68856
1.73958
1.72662
1.75755
1.74908
1.77723
1.76688
1.80276
1.78889
1.83348
1.81771
1.87383
1.85203
1.89597
1.89214
1.84624
1.8844
1.70031
1.78418
1.5939
1.6586
1.62627
1.75599
1.70361
1.86965
1.81303
1.98165
1.92528
2.07981
2.03474
2.13688
2.11254
2.1747
2.15604
2.2137
2.19324
2.24242
2.23305
2.17764
2.22559
2.02747
2.10619
1.90549
1.96044
1.8449
1.86861
1.8317
1.83428
1.84202
1.83492
1.85244
1.84715
1.84827
1.85067
1.82055
1.83653
1.7574
1.79116
1.64782
1.70827
1.47253
1.56982
1.2368
1.3591
1.01973
1.11669
0.925968
0.953902
1.00096
0.959089
1.19359
1.12571
1.30499
1.66528
1.58119
1.624
1.67013
1.69377
1.42803
1.58493
0.967086
1.22316
0.28502
0.652348
-0.474933
-0.104806
-1.09323
-0.807991
-1.42509
-1.30666
-1.33344
-1.43471
-0.813047
-1.12021
-0.076054
-0.442708
0.503469
0.241793
0.712733
0.663777
0.747077
1.16648
1.18273
-5.00123
-7.544
2.74468
-3.48796
-8.53069
1.65773
1.8003
1.83332
1.68678
-1.65997
-7.5303
2.38465
1.47989
-0.354699
-4.65851
1.24364
0.0838482
-1.25711
1.15798
1.89747
1.00186
0.268683
1.55915
1.46556
0.795666
0.456911
2.8817
0.665592
0.497447
0.795911
1.55103
0.974334
1.04326
-6.51087
0.957375
0.801349
0.881353
1.07983
1.02092
1.18279
1.13425
1.25834
1.22502
1.30507
1.28531
1.33014
1.32097
1.33978
1.33735
1.34079
1.34145
1.34321
1.34046
1.34883
1.34278
1.36567
1.3562
1.38643
1.37533
1.42027
1.4012
1.4717
1.44432
1.53146
1.50097
1.59181
1.5617
1.64529
1.62077
1.68717
1.66762
1.71812
1.70436
1.73897
1.72941
1.75557
1.74746
1.77886
1.76541
1.80859
1.79426
1.82757
1.81959
1.82686
1.83154
1.76712
1.80613
1.63291
1.70817
1.43271
1.53975
1.2089
1.31808
0.902743
1.00737
1.10586
1.74957
1.76935
1.76604
1.74833
1.83264
1.7955
1.91862
1.87483
2.00824
1.96306
2.09127
2.05189
2.14636
2.12194
2.18786
2.167
2.22787
2.20792
2.25115
2.24403
2.20357
2.23829
2.08837
2.15007
1.97464
2.0264
1.91048
1.93653
1.88303
1.89481
1.86864
1.87518
1.85761
1.86329
1.83959
1.84955
1.80451
1.82425
1.73967
1.77508
1.64078
1.69394
1.49918
1.57137
1.32649
1.40481
1.17602
1.23271
1.10783
1.12226
1.1414
1.11783
1.25698
1.18993
1.40958
1.34396
1.48694
1.77611
1.70659
1.82808
1.82096
1.7263
1.80226
1.37406
1.59159
0.666452
1.05779
-0.231861
0.231628
-1.16735
-0.708656
-1.85741
-1.56507
-2.00859
-2.01084
-1.52555
-1.84053
-0.654955
-1.10113
0.0642875
-0.262586
0.445218
0.302008
0.675775
0.563901
0.7212
0.711877
2.98632
-5.28004
-8.15927
0.720927
1.69294
1.86275
1.71596
-3.26443
-7.9364
0.90782
0.773417
2.68012
1.50708
-1.43177
-5.75279
0.778832
1.2582
-0.469995
-2.762
0.896796
2.13489
0.984534
-0.257182
0.219556
1.14893
0.694559
0.0471739
2.45522
1.55654
0.41667
0.137569
3.23041
0.176277
0.817311
0.919831
0.831052
1.90461
1.9895
-6.94208
0.793048
0.665823
0.731217
0.926261
0.861284
1.0416
0.987392
1.13802
1.09343
1.21464
1.17988
1.26598
1.24359
1.29738
1.28435
1.31548
1.30787
1.32752
1.32182
1.33729
1.33259
1.35496
1.34574
1.37409
1.36352
1.39696
1.38471
1.42908
1.41163
1.47375
1.45032
1.52467
1.49888
1.57661
1.55087
1.62382
1.59972
1.66302
1.64473
1.69245
1.67906
1.71463
1.70419
1.73252
1.724
1.75054
1.74103
1.77042
1.76057
1.78158
1.77809
1.76652
1.77832
1.70252
1.74238
1.58153
1.64848
1.41482
1.50307
1.23761
1.3237
1.08117
1.15672
1.0053
1.98294
2.0949
2.02072
1.91934
1.9532
1.85887
1.8842
1.85357
1.84681
1.89709
1.87159
1.95803
1.92513
2.03007
1.99303
2.09778
2.06549
2.14755
2.1244
2.18744
2.16766
2.22349
2.20651
2.23725
2.23499
2.19602
2.22432
2.10891
2.15531
2.01776
2.06317
1.9482
1.97967
1.90483
1.92386
1.87881
1.8903
1.8583
1.86855
1.83105
1.84577
1.78909
1.8124
1.72333
1.75965
1.63063
1.68047
1.50886
1.57192
1.37174
1.43716
1.25796
1.30677
1.20693
1.22355
1.22636
1.20884
1.30413
1.25519
1.3995
1.34794
1.52379
1.46245
1.87067
1.7839
1.96667
1.92914
1.94482
1.98102
1.64968
1.84195
0.971819
1.35576
-0.0573973
0.497732
-1.27911
-0.66358
-2.30806
-1.84859
-2.68504
-2.59932
-2.21621
-2.54785
-1.23173
-1.74566
-0.350691
-0.760052
0.238003
-0.0145795
0.566778
0.425495
0.650532
0.631103
0.655149
1.76095
-4.95355
-7.56067
0.762134
0.751245
0.783417
1.49107
0.60412
0.689915
3.0481
1.53951
-2.78806
-6.25495
0.615058
1.28643
-1.34369
-3.75623
0.63988
2.46223
0.981361
-0.733874
-1.21546
0.811807
0.624421
-0.635716
1.38003
1.72086
1.15087
0.196059
-0.29587
3.0938
-0.146003
-0.232066
2.22628
1.99817
1.84794
-6.47034
0.775777
0.718575
0.898452
0.83975
1.00817
0.956741
1.10001
1.05711
1.17467
1.13999
1.22981
1.20474
1.26787
1.25063
1.29376
1.28164
1.31244
1.30328
1.32947
1.32059
1.35096
1.33951
1.37457
1.36223
1.40014
1.38699
1.43091
1.41473
1.47045
1.45
1.51531
1.4927
1.56123
1.53855
1.60312
1.58258
1.63871
1.62188
1.66629
1.65352
1.68763
1.67763
1.70456
1.69649
1.72001
1.7123
1.73238
1.7269
1.73377
1.73498
1.71268
1.72695
1.65078
1.6878
1.54287
1.60186
1.40633
1.47699
1.26619
1.335
1.13333
1.20062
0.981367
1.06054
0.674043
0.678072
0.859127
0.907438
2.07783
2.19403
2.11756
2.01785
2.05005
1.94906
1.9817
1.92669
1.92918
1.94997
1.93583
1.99143
1.96801
2.0478
2.01872
2.10149
2.07567
2.14462
2.12424
2.17969
2.16282
2.20676
2.19485
2.21231
2.21329
2.17877
2.20111
2.10908
2.14736
2.02686
2.06656
1.96097
1.99112
1.91746
1.93704
1.88476
1.89979
1.85467
1.86919
1.81955
1.83791
1.77298
1.79833
1.70792
1.74287
1.62218
1.66684
1.51626
1.57019
1.40289
1.45877
1.31113
1.35534
1.26592
1.28722
1.27449
1.26628
1.32436
1.29166
1.39491
1.3513
1.48071
1.43639
1.72705
1.60346
1.92163
1.83103
2.06322
1.9936
2.12254
2.11717
1.88622
2.05423
1.20281
1.60297
0.0500052
0.678322
-1.39203
-0.654187
-2.70805
-2.10561
-3.29785
-3.12526
-2.8532
-3.19645
-1.74597
-2.33475
-0.642791
-1.1677
0.12994
-0.198663
0.48325
0.350737
0.582786
0.546598
0.600792
0.671061
3.51426
1.58041
-4.17902
-6.11
0.606067
2.31169
0.528065
1.32021
-2.38371
-4.39117
0.543679
0.679123
0.847449
0.431902
2.31168
2.21848
2.94576
0.980213
-1.43604
-2.19392
0.482485
0.581942
-1.15295
0.0322209
1.99499
0.7247
0.0860998
-1.0848
2.45909
1.20095
-0.405363
-0.820886
3.65336
0.53787
0.514665
-0.634534
0.502122
1.82948
1.66154
-5.34703
0.758827
0.68992
0.874961
0.820618
0.977888
0.928204
1.0664
1.02398
1.13937
1.1046
1.1961
1.1695
1.23836
1.21862
1.27032
1.25502
1.29589
1.28337
1.31908
1.30762
1.34336
1.33101
1.36887
1.35592
1.39655
1.38245
1.42786
1.41178
1.46431
1.44583
1.50403
1.48403
1.54473
1.52463
1.58219
1.56395
1.61417
1.59895
1.63957
1.62768
1.65946
1.65016
1.67449
1.6675
1.68637
1.68068
1.69455
1.69123
1.68988
1.69446
1.66448
1.68006
1.60777
1.64092
1.51392
1.56466
1.40324
1.45899
1.29424
1.34873
1.17677
1.23704
1.04852
1.11127
0.953525
0.990932
2.45174
2.39265
2.50439
2.27726
2.38114
2.15885
2.20348
2.09562
2.12744
2.02259
2.0577
1.98835
1.9985
1.9951
1.98898
2.0206
2.00543
2.0615
2.03982
2.10374
2.08329
2.13782
2.12182
2.16541
2.15233
2.18513
2.1768
2.18579
2.18879
2.15435
2.17455
2.09461
2.12713
2.02648
2.06038
1.96727
1.9953
1.92036
1.94221
1.88177
1.89967
1.84611
1.86332
1.80664
1.82693
1.75785
1.78392
1.69389
1.72808
1.61425
1.65566
1.5211
1.569
1.42555
1.47374
1.34862
1.38664
1.30652
1.32542
1.30349
1.30016
1.33055
1.31044
1.37813
1.35002
1.42526
1.40352
1.41685
1.4245
1.70374
1.47227
1.56958
1.94371
1.82516
2.15374
2.05064
2.23278
2.22591
2.01892
2.17225
1.34248
1.74753
0.127554
0.795054
-1.44954
-0.635189
-2.97455
-2.278
-3.68772
-3.46546
-3.27205
-3.61233
-2.07452
-2.72624
-0.783385
-1.40087
0.0839283
-0.272587
0.427919
0.306717
0.522871
0.485916
0.545604
0.544469
0.542918
0.52174
1.36118
-3.39703
-4.57046
0.603789
0.95367
1.40513
0.322395
0.30285
0.323443
2.51923
2.44848
3.60856
0.999494
-2.25162
-3.0285
0.216683
0.577353
-1.69449
-1.0496
2.42911
0.2969
0.303207
0.0785411
-1.73279
1.24992
0.65268
-0.534692
-1.6753
3.57978
1.30984
-1.10499
-1.56437
0.721044
1.61843
2.07192
1.89414
0.548029
1.43941
-4.18756
0.734835
0.66851
0.850897
0.797587
0.948398
0.901181
1.03479
0.993469
1.10728
1.07281
1.16566
1.13803
1.21131
1.18976
1.24757
1.23012
1.27764
1.26285
1.30536
1.29114
1.33328
1.31925
1.36123
1.34727
1.38975
1.37543
1.42062
1.40491
1.455
1.43765
1.49131
1.47316
1.52765
1.50978
1.56093
1.54477
1.58954
1.5759
1.61259
1.60173
1.63055
1.62216
1.6437
1.63773
1.65254
1.64854
1.65666
1.65546
1.64867
1.65466
1.62248
1.63805
1.57139
1.60058
1.49169
1.53449
1.40117
1.44621
1.31123
1.35691
1.20823
1.26194
1.1108
1.15776
1.04524
1.07014
0.97641
1.06232
1.04316
0.868827
2.60752
2.57047
2.54823
2.66818
2.63984
2.34828
2.44012
2.22795
2.27734
2.15668
2.19133
2.08361
2.11942
2.03991
2.05613
2.03382
2.03387
2.04486
2.03738
2.07215
2.05684
2.10326
2.08838
2.12789
2.11595
2.14912
2.13906
2.16201
2.15729
2.15633
2.16207
2.12713
2.14479
2.07737
2.10444
2.01828
2.0481
1.96239
1.98916
1.91555
1.93743
1.87486
1.89421
1.83594
1.85525
1.79353
1.8155
1.74348
1.76978
1.68134
1.71388
1.60696
1.64527
1.52391
1.56672
1.4413
1.48329
1.37368
1.40687
1.33183
1.35012
1.31787
1.32018
1.32765
1.31823
1.35118
1.33887
1.3715
1.36528
1.35693
1.36697
1.3378
1.46769
1.31415
1.39377
1.6735
1.55712
1.96136
1.8001
2.19022
2.07981
2.28193
2.27686
2.12014
2.25515
1.43533
1.85022
0.196876
0.87683
-1.38772
-0.577253
-3.06317
-2.33908
-3.82334
-3.5764
-3.40649
-3.75676
-2.15476
-2.8399
-0.80627
-1.44547
0.0508287
-0.295724
0.381675
0.260325
0.468482
0.43736
0.485871
0.483378
0.488861
0.486461
0.310931
2.35692
1.67142
2.07199
2.22715
3.76553
1.36593
1.05747
-2.94509
-3.48176
0.0610289
0.607464
-2.39207
-2.15244
1.01603
1.09598
3.21636
0.34943
0.788781
0.634847
2.58766
2.69314
1.28237
1.24115
1.2055
0.491341
0.441671
0.443934
-0.0475494
0.10257
-2.24142
-0.0824028
0.040787
0.0337869
0.113665
-0.562673
-2.45361
2.39024
1.50339
0.605979
1.37276
1.86413
-1.57435
-2.48819
4.83485
-2.4333
1.17048
-3.39976
0.599207
0.543585
0.714844
0.656529
0.826329
0.773187
0.921556
0.875588
1.00582
0.965247
1.07805
1.04351
1.1377
1.10924
1.18613
1.16307
1.22611
1.20689
1.26008
1.24347
1.29103
1.27558
1.32107
1.30604
1.35094
1.336
1.3809
1.36597
1.41167
1.39621
1.44389
1.42776
1.47706
1.46053
1.50991
1.49374
1.53981
1.52537
1.56528
1.55313
1.58588
1.57616
1.60172
1.59434
1.61286
1.6079
1.61946
1.61661
1.62061
1.62105
1.61015
1.617
1.58542
1.5998
1.54017
1.56567
1.47413
1.50913
1.4011
1.43751
1.32499
1.36431
1.24129
1.283
1.16829
1.20312
1.12289
1.13924
1.13613
1.12148
0.915099
2.71769
2.63475
2.67805
2.76347
2.74773
2.79054
2.7766
2.40742
2.49056
2.28817
2.34012
2.20808
2.2463
2.13326
2.16979
2.08309
2.10344
2.06586
2.07168
2.06512
2.06363
2.07987
2.0709
2.1004
2.09032
2.11769
2.10968
2.13136
2.12514
2.13714
2.13573
2.128
2.13476
2.10062
2.11679
2.05659
2.08032
2.00387
2.03043
1.95283
1.97743
1.90742
1.92914
1.86549
1.88589
1.82441
1.84508
1.78008
1.80308
1.72963
1.7557
1.66952
1.70161
1.59998
1.63555
1.52502
1.56348
1.45133
1.48848
1.38931
1.41918
1.34593
1.36506
1.32331
1.33129
1.31837
1.31872
1.32358
1.3207
1.32544
1.32576
1.29975
1.3162
1.27319
1.4613
1.37233
1.66918
1.5584
1.94901
1.8013
2.20098
2.0827
2.30552
2.28318
2.11868
2.26074
1.44766
1.85171
0.246651
0.907425
-1.318
-0.509673
-2.85071
-2.14536
-3.60665
-3.35725
-3.23416
-3.55925
-2.04285
-2.69589
-0.78138
-1.37548
0.0148309
-0.309056
0.340107
0.210834
0.421465
0.394645
0.432366
0.429298
0.436896
0.0291107
2.56748
1.01856
0.657548
-2.93199
-2.86483
1.16403
2.91982
0.459325
2.80134
1.17854
1.13969
0.488758
0.440472
-0.276033
0.114383
-2.87693
-1.57208
0.0433516
-0.371802
-0.588044
-3.22733
0.539161
-0.322096
-0.305155
1.96947
-0.102433
1.00234
1.59309
-1.85592
-3.55512
3.20599
0.60275
-3.16222
-3.51641
2.47904
2.37335
0.781602
-3.07863
0.591137
0.539029
0.698898
0.645075
0.803264
0.751881
0.896728
0.851367
0.979465
0.939468
1.05139
1.0168
1.11209
1.08304
1.16271
1.1385
1.2055
1.18493
1.24265
1.22454
1.27651
1.25976
1.3086
1.29265
1.33967
1.32422
1.37018
1.35499
1.40085
1.3855
1.43176
1.41639
1.4623
1.44719
1.4915
1.47721
1.51844
1.50549
1.54108
1.5303
1.55943
1.55079
1.57319
1.56687
1.58226
1.57828
1.58722
1.58518
1.58649
1.5879
1.57516
1.58217
1.55254
1.56544
1.51331
1.53523
1.45913
1.48741
1.4007
1.43003
1.33724
1.37013
1.27096
1.30318
1.2178
1.24256
1.18775
1.19846
1.20063
1.18853
1.20345
1.25937
1.22553
1.06906
1.14098
0.868013
0.978164
5.44604
0.595066
0.741381
2.90177
2.8867
2.89256
2.90851
2.90763
2.90867
2.90867
2.81366
2.91346
2.91045
2.62276
2.71615
2.45818
2.53602
2.33881
2.39287
2.25107
2.29313
2.1739
2.21095
2.11918
2.1428
2.09208
2.10298
2.08155
2.08513
2.08483
2.08163
2.09631
2.09035
2.10581
2.10161
2.11228
2.10943
2.11306
2.11388
2.101
2.10896
2.07407
2.08936
2.03465
2.05561
1.98777
2.01148
1.94061
1.96367
1.89638
1.91795
1.85426
1.87514
1.81215
1.83347
1.76689
1.79018
1.71587
1.74212
1.65765
1.68705
1.59288
1.62615
1.52406
1.55919
1.4567
1.49026
1.39803
1.42614
1.35285
1.37346
1.32271
1.33569
1.30554
1.31303
1.2957
1.30072
1.28355
1.29032
1.24534
1.26824
1.21456
1.24104
1.09482
1.16251
1.44313
1.33721
1.67162
1.55525
1.93219
1.79955
2.15789
2.05625
2.24316
2.22321
2.06309
2.20068
1.41385
1.80272
0.285367
0.90179
-1.13957
-0.408241
-2.47714
-1.85698
-3.12872
-2.92069
-2.77744
-3.07241
-1.73457
-2.302
-0.659213
-1.16397
0.0341362
-0.257464
0.303798
0.174814
0.379155
0.353273
0.389146
0.384932
0.400329
0.395532
0.393508
0.399525
-0.346225
2.87666
0.550162
0.145637
-3.42374
-2.69263
0.111618
-0.698071
-0.593419
-3.98043
-1.59258
-0.278251
1.25061
1.30009
2.8281
2.92054
1.96768
1.03688
1.03104
0.971806
0.3852
0.350016
0.340222
-0.778568
2.2263
-1.73008
-4.97589
0.390832
-0.798649
-0.754715
-0.359493
0.493547
-3.37009
-5.51134
3.26096
0.47306
1.19951
-4.8058
0.425324
0.747722
0.617944
2.85484
2.83031
0.284047
-3.32261
0.247934
0.481671
0.43315
0.580873
0.530944
0.682867
0.631806
0.782118
0.733422
0.873621
0.828923
0.955359
0.91574
1.02705
0.992434
1.08876
1.05908
1.14121
1.116
1.1863
1.16455
1.22588
1.20662
1.26188
1.24418
1.29568
1.27895
1.32798
1.31199
1.35889
1.34358
1.389
1.37403
1.41848
1.40387
1.44697
1.43291
1.47358
1.46061
1.49735
1.48592
1.51718
1.50776
1.53325
1.52567
1.54512
1.53975
1.55223
1.5492
1.55581
1.55441
1.55388
1.55583
1.54306
1.54953
1.52311
1.53438
1.49018
1.50838
1.44646
1.46908
1.39949
1.42327
1.34814
1.37443
1.29781
1.32202
1.25969
1.27684
1.24325
1.24781
1.25879
1.24601
1.30972
1.2801
1.12984
1.19429
0.963619
1.05369
0.861156
3.11843
3.1824
3.14832
3.07097
3.09206
3.04307
3.05484
3.02035
3.03294
3.01121
3.01463
2.65471
2.73819
2.50275
2.57584
2.38165
2.43828
2.28704
2.33208
2.20801
2.24565
2.14884
2.17545
2.11349
2.12866
2.0942
2.1023
2.08783
2.08947
2.09036
2.0887
2.09274
2.09177
2.09345
2.09331
2.08952
2.09254
2.07491
2.08373
2.0489
2.06325
2.01275
2.03193
1.97025
1.99187
1.92633
1.94803
1.88384
1.90484
1.84211
1.86303
1.79971
1.8212
1.75415
1.77747
1.70282
1.72922
1.64647
1.6738
1.58569
1.61694
1.52156
1.55409
1.45857
1.48978
1.40162
1.42906
1.35431
1.37659
1.31798
1.33483
1.29122
1.30381
1.26919
1.28013
1.24162
1.25663
1.1956
1.22289
1.12412
1.16227
1.08097
1.19285
1.11292
1.40103
1.28899
1.64348
1.52226
1.8778
1.76263
2.06832
1.98348
2.1241
2.12126
1.88677
2.05015
1.27458
1.6301
0.287578
0.820114
-0.892411
-0.294807
-1.94147
-1.45932
-2.43988
-2.28334
-2.14169
-2.38605
-1.29612
-1.75466
-0.437675
-0.838337
0.0984258
-0.119934
0.309101
0.220639
0.358992
0.339389
0.364413
0.362441
0.365253
0.366459
0.359284
-0.826795
3.23543
-0.135133
-0.552431
-4.66507
-3.34882
-0.194086
0.469684
0.216976
1.34524
3.01039
3.05768
0.974844
0.916171
0.37559
0.330391
-1.27585
2.80093
-1.4865
-6.2449
-2.63281
-0.710283
-1.2673
0.457222
-3.11853
-7.97197
-0.753333
1.9732
-0.632703
-6.24731
-8.24892
0.305618
-1.42189
3.47429
3.58317
-1.49585
0.722969
0.632793
-0.453141
-4.47695
-0.0208732
0.471825
0.423764
0.568424
0.519904
0.66699
0.617709
0.763026
0.715629
0.852434
0.808639
0.933297
0.893983
1.00486
0.970201
1.06733
1.03713
1.12136
1.09529
1.16841
1.14565
1.21004
1.1898
1.24778
1.2293
1.28286
1.26559
1.31591
1.2996
1.34714
1.33173
1.37682
1.36216
1.40489
1.39107
1.43122
1.41828
1.45541
1.44361
1.47653
1.46641
1.49387
1.48566
1.50749
1.50111
1.51738
1.51292
1.52306
1.52068
1.52551
1.52467
1.52283
1.52501
1.51314
1.51877
1.49619
1.50571
1.4696
1.48406
1.43559
1.45316
1.39825
1.41733
1.35785
1.37817
1.32133
1.33861
1.29612
1.30686
1.29067
1.29054
1.30844
1.29622
1.35454
1.32813
1.38508
1.4228
1.38662
1.30377
1.34638
1.20181
1.25603
1.06942
1.13976
0.910194
0.992152
0.818444
3.32523
3.39032
3.22691
3.27093
3.16644
3.19246
3.12297
3.14694
3.10249
3.11132
3.01048
3.09144
3.09515
2.84286
2.92788
2.68171
2.76011
2.53992
2.60809
2.41791
2.47646
2.31807
2.3654
2.2365
2.27533
2.17299
2.20222
2.13044
2.14941
2.10337
2.1154
2.08836
2.09447
2.0826
2.08477
2.07903
2.08088
2.07427
2.07687
2.06646
2.07116
2.05035
2.05961
2.02492
2.03871
1.99141
2.00898
1.95225
1.97221
1.91129
1.93171
1.8706
1.89092
1.82963
1.85027
1.78726
1.8087
1.74173
1.76494
1.69116
1.71702
1.63658
1.6638
1.57844
1.60815
1.51767
1.54832
1.45748
1.4873
1.40147
1.42877
1.35229
1.37599
1.31079
1.33072
1.27568
1.29274
1.24257
1.25923
1.20348
1.22399
1.15018
1.17919
1.07412
1.11537
1.02728
1.36789
-0.228638
0.618063
0.972614
0.85282
0.90746
1.13534
1.05065
1.33132
1.22709
1.56598
1.44843
1.78184
1.67935
1.91797
1.8653
1.88997
1.93079
1.61657
1.78431
1.06518
1.37978
0.249882
0.680806
-0.647419
-0.201797
-1.37324
-1.05027
-1.6468
-1.5795
-1.36191
-1.56804
-0.722166
-1.06389
-0.116443
-0.392811
0.230398
0.0966306
0.340281
0.297088
0.355831
0.347724
0.351155
0.354203
0.334732
0.344592
0.310833
0.322342
0.288298
0.299895
-1.49632
3.31139
-0.914684
-1.40532
-7.13072
-5.19219
-0.595971
-0.0392737
-2.02808
-0.454073
-2.65085
-9.94673
-4.52047
3.71746
3.87321
2.7229
-1.32058
0.555225
0.127318
1.428
1.46108
3.0164
3.09388
-1.80064
-6.7119
-11.6558
-2.15662
1.63626
0.273974
0.249195
0.231995
0.78256
0.803982
0.733586
-1.06138
-10.7969
-2.40847
0.951859
0.475633
0.958665
3.72272
-2.58063
-1.28924
-6.84079
-0.363582
0.363717
0.317677
0.459621
0.411664
0.55532
0.507306
0.651787
0.603656
0.745325
0.699103
0.833024
0.78998
0.913086
0.874002
0.984652
0.949867
1.0478
1.01715
1.10318
1.07635
1.15177
1.12819
1.19509
1.17401
1.2343
1.21515
1.27048
1.25274
1.30401
1.28752
1.33526
1.31989
1.36435
1.35004
1.39123
1.37806
1.41564
1.40371
1.4374
1.42682
1.45591
1.44708
1.47084
1.46377
1.48227
1.47698
1.49005
1.48658
1.49451
1.4926
1.4962
1.49573
1.49326
1.49538
1.48522
1.48977
1.47153
1.4792
1.45079
1.46189
1.42563
1.43855
1.39731
1.41191
1.3669
1.38198
1.34177
1.35328
1.32745
1.33299
1.32974
1.32621
1.35225
1.33854
1.39603
1.37127
1.45856
1.42548
1.35822
1.39404
1.2763
1.31908
1.18128
1.23005
1.07759
1.13019
0.979364
1.02415
0.954073
3.5022
3.59654
3.36637
3.42769
3.27748
3.31706
3.21802
3.2458
3.18495
3.19852
3.16805
3.17325
2.85806
2.93753
2.70666
2.78091
2.57025
2.6368
2.44825
2.50737
2.34489
2.39411
2.26017
2.30055
2.19237
2.22409
2.14328
2.16569
2.10905
2.1247
2.08637
2.09636
2.0735
2.07902
2.06437
2.06883
2.05542
2.05987
2.04421
2.05022
2.02696
2.03657
2.00211
2.01534
1.97087
1.98713
1.93455
1.95307
1.89606
1.91537
1.85705
1.87663
1.81699
1.83721
1.77497
1.7962
1.72979
1.75273
1.6803
1.7055
1.6272
1.65404
1.57097
1.59953
1.51265
1.54196
1.45445
1.48336
1.39892
1.42627
1.34784
1.37287
1.30169
1.32425
1.25928
1.2802
1.21704
1.23844
1.16856
1.19361
1.10815
1.13999
1.02767
1.07068
0.924719
0.978538
0.867
0.901248
0.837294
1.06417
0.97907
1.24051
1.14994
1.45164
1.34392
1.6378
1.55418
1.70039
1.68928
1.58428
1.66831
1.24554
1.44083
0.743214
1.00994
0.156287
0.454732
-0.405931
-0.135313
-0.802623
-0.634812
-0.889229
-0.890558
-0.627718
-0.796284
-0.175509
-0.410845
0.205865
0.040287
0.374742
0.320056
0.385958
0.38724
0.361356
0.369138
0.340295
0.350551
0.309304
0.326182
0.27721
0.29204
0.264046
-2.49236
-0.7241
-1.39223
-2.01193
-2.26259
-10.8989
-7.93254
4.05976
3.38698
-1.12446
-0.346955
1.49387
3.16564
-3.10811
1.32165
1.4389
-5.38188
-13.9835
-6.55978
2.5917
-2.13836
-0.094088
0.256424
0.212479
0.212797
0.193477
0.705381
0.656687
0.75849
0.688568
-2.68246
-11.4313
-14.1169
-3.81688
-2.42097
-3.77812
0.398089
-0.401708
0.955085
1.01696
-4.17548
-2.13702
-10.2459
4.1937
3.87322
-0.773144
0.349409
0.302626
0.445722
0.397223
0.541785
0.493631
0.637127
0.589623
0.729
0.683587
0.815318
0.772889
0.894615
0.855809
0.966195
0.931304
1.02997
0.998961
1.08647
1.05904
1.13649
1.1122
1.18124
1.15943
1.22142
1.20187
1.25864
1.24048
1.29243
1.27584
1.32363
1.30834
1.35196
1.33807
1.37755
1.36506
1.40015
1.38917
1.41973
1.41028
1.4357
1.42812
1.44812
1.44225
1.45737
1.45308
1.46327
1.46068
1.46644
1.46504
1.46749
1.46724
1.4649
1.46663
1.45885
1.46218
1.44877
1.4544
1.43349
1.4416
1.41576
1.42472
1.39617
1.4063
1.37529
1.38555
1.35976
1.36649
1.35448
1.35572
1.36311
1.35681
1.38999
1.37428
1.43401
1.41018
1.49372
1.46209
1.52924
1.55974
1.52653
1.47052
1.49981
1.41119
1.44092
1.34984
1.38073
1.29178
1.32003
1.24757
1.26738
1.23652
1.23526
1.26123
4.27431
4.40286
3.90756
4.07954
3.65496
3.7676
3.48989
3.56477
3.37716
3.42802
3.3023
3.33598
3.25758
3.27661
3.23557
3.24385
3.16733
3.23117
3.23123
3.02494
3.0987
2.87445
2.94923
2.72984
2.8011
2.59556
2.66141
2.47332
2.53287
2.36766
2.41839
2.27963
2.3218
2.20754
2.24169
2.15234
2.17802
2.11135
2.13037
2.08196
2.09526
2.06261
2.0712
2.04853
2.05513
2.03592
2.04198
2.02262
2.02937
2.00477
2.01424
1.98066
1.99317
1.95131
1.96641
1.91741
1.93464
1.88103
1.89927
1.84354
1.86233
1.80439
1.82411
1.76298
1.78386
1.71852
1.74112
1.66995
1.69476
1.61802
1.64426
1.56344
1.59106
1.50691
1.53532
1.45003
1.4784
1.39455
1.42209
1.34162
1.36779
1.29139
1.31621
1.24286
1.26702
1.19284
1.21818
1.13669
1.16563
1.06925
1.10463
0.984499
1.02898
0.87942
0.934353
0.821665
0.821638
0.759881
0.975467
0.894366
1.14126
1.05816
1.32092
1.23101
1.44875
1.39948
1.40561
1.45291
1.1521
1.30549
0.745833
0.954906
0.346925
0.5419
0.00488119
0.164486
-0.21749
-0.123523
-0.291343
-0.27542
-0.186136
-0.259872
0.0532033
-0.0770813
0.308114
0.187434
0.459683
0.403862
0.47388
0.483367
0.416362
0.447808
0.359053
0.382527
0.321466
0.338271
0.28477
0.303787
0.247488
0.265337
0.230379
-3.96798
1.66127
-3.16741
-3.58361
-3.68586
-14.9301
-10.8565
4.50627
3.50614
-1.75808
-0.724588
0.171903
0.611889
-4.27269
-9.21714
-16.1425
-8.16654
2.26755
-3.13058
-0.437162
1.56344
1.59218
3.17387
3.23614
-6.40543
-5.97275
-3.47606
-2.59423
1.30956
0.450915
-13.7642
2.0094
-4.57364
1.82837
2.45692
-3.07388
-13.8399
4.12886
-1.26521
0.236874
0.146762
0.189057
0.333953
0.284254
0.43131
0.381589
0.528298
0.479189
0.62315
0.575361
0.714062
0.668622
0.799395
0.757025
0.878057
0.839247
0.949539
0.914459
1.01375
0.982369
1.07116
1.04312
1.12256
1.09746
1.16861
1.14608
1.21032
1.18977
1.24756
1.22917
1.28115
1.26466
1.31245
1.29724
1.33996
1.32649
1.36425
1.35242
1.38506
1.37496
1.40242
1.39409
1.41595
1.40956
1.42593
1.42125
1.43282
1.42963
1.43686
1.43507
1.43885
1.43791
1.43942
1.43924
1.4377
1.43874
1.43384
1.43591
1.42731
1.43089
1.41751
1.42266
1.40625
1.41186
1.39452
1.40047
1.38271
1.38842
1.3756
1.37825
1.37778
1.37545
1.39195
1.38323
1.42219
1.40499
1.46859
1.44376
1.52777
1.49686
1.59109
1.5597
1.51073
1.53661
1.46149
1.48536
1.42086
1.43998
1.39671
1.40598
1.40489
1.39585
1.47411
1.42984
1.6538
1.54523
2.07719
1.81599
3.05316
2.49696
4.41033
4.63167
4.06078
4.2277
3.78764
3.91363
3.59788
3.68412
3.46612
3.52611
3.37714
3.41708
3.32223
3.34596
3.29554
3.30578
3.28962
3.29006
3.03471
3.10631
2.89046
2.96216
2.75041
2.81993
2.61688
2.68257
2.49417
2.55383
2.38661
2.4384
2.29498
2.3389
2.21855
2.25488
2.15757
2.1862
2.11028
2.13239
2.07468
2.09106
2.04957
2.06094
2.03133
2.03988
2.01598
2.02342
2.00106
2.00865
1.98307
1.99261
1.96009
1.97215
1.93242
1.94678
1.90065
1.91698
1.8662
1.88365
1.83011
1.84836
1.79194
1.81129
1.75123
1.77189
1.70755
1.72976
1.65997
1.68433
1.60909
1.63471
1.55575
1.58264
1.50055
1.52827
1.44454
1.47255
1.38891
1.41666
1.33424
1.36142
1.28045
1.30721
1.22672
1.25365
1.17028
1.19884
1.1078
1.14003
1.03415
1.07263
0.944813
0.991515
0.838127
0.893492
0.713155
0.777861
0.569818
0.644005
0.621952
0.53151
0.574697
0.732627
0.674882
0.87229
0.797817
1.03589
0.953866
1.18026
1.11385
1.2307
1.22359
1.0675
1.18158
0.664999
0.890071
0.195981
0.41834
-0.108215
0.0187036
-0.183188
-0.17699
-0.0676396
-0.142295
0.128974
0.02623
0.34914
0.239091
0.546732
0.455705
0.655488
0.617121
0.638512
0.664306
0.531691
0.591438
0.42071
0.47527
0.342724
0.377576
0.292988
0.314459
0.25666
0.274382
0.219883
0.238268
0.181016
0.200642
0.137968
0.160572
-5.63731
-0.0822577
-2.03699
-4.6717
-4.88385
-17.0619
-12.6679
4.83639
3.58273
-2.61788
-1.2451
1.62221
3.29364
0.490926
0.108867
-4.80353
-5.52522
-5.08431
-0.861501
0.755794
2.45111
5.49327
5.57211
1.68786
-5.06676
-15.1425
-10.8026
-5.39609
4.10461
6.04639
6.63781
6.60452
4.50397
-2.93335
-15.6448
4.35175
5.49568
6.6503
7.62015
8.27149
7.16746
8.25825
7.75921
-1.96161
-8.95273
-12.1457
-4.08632
-1.42476
1.43145
6.56256
3.35155
0.885312
-0.801845
-6.87737
-8.01387
-9.61125
-9.63731
-8.7578
0.08293
0.10982
0.132406
0.153224
0.173072
0.191597
0.207912
0.2234
0.239405
0.258629
0.283642
0.31615
0.357773
0.405928
0.470894
0.545397
0.633318
0.725463
0.813394
0.885103
0.929565
0.930585
0.884311
0.788471
0.64703
0.464661
0.252821
0.0242029
-0.201417
-0.401753
-0.549755
-0.618866
-0.589305
-0.44907
-0.203534
0.0966991
0.397816
0.661732
0.863044
0.987578
1.04209
1.04103
0.99598
0.923677
0.842218
0.76362
0.695398
0.636137
0.582284
0.532688
0.488505
0.447917
0.407564
0.366372
0.448679
0.527813
0.601113
0.67053
0.736987
0.79896
0.856111
0.908931
0.957473
1.00221
1.0432
1.08104
1.11616
1.14913
1.18057
1.21076
1.24022
1.26895
1.2975
1.32585
1.35414
1.38227
1.41036
1.43825
1.4661
1.49368
1.52097
1.54787
1.57436
1.60044
1.62554
1.64996
1.67363
1.69652
1.71852
1.73967
1.76002
1.77967
1.7986
1.81688
1.83455
1.85171
1.86839
1.88448
1.89987
1.91432
1.92785
1.94037
1.95184
1.96218
1.97139
1.97973
1.98757
1.99537
2.00354
2.01245
2.0225
2.03416
2.04792
2.06428
2.08347
2.1056
2.13064
2.15873
2.19013
2.2251
2.26375
2.30604
2.35199
2.40155
2.4547
2.51134
2.57138
2.63451
2.70019
2.7678
2.83663
2.90629
2.97679
3.04793
3.11776
3.18391
3.24475
3.30083
3.35367
3.3465
3.34225
3.34248
3.34835
3.36014
3.37951
3.40691
3.44287
3.48832
3.54423
3.61178
3.69221
3.78751
3.9008
4.03496
4.1888
4.35974
4.55001
4.77204
5.1559
5.62843
6.00026
6.43158
6.90763
7.33003
7.54875
7.54491
7.07082
6.34246
5.55202
4.66386
3.88936
3.3106
2.86183
2.46936
2.17762
1.95823
1.79378
1.67801
1.59908
1.54604
1.5124
1.49387
1.48712
1.48642
1.49478
1.50847
1.52646
1.54734
1.57068
1.59629
1.62386
1.65289
1.6849
1.6546
1.62354
1.59171
1.55924
1.52779
1.49849
1.47226
1.44969
1.43122
1.4167
1.40571
1.39768
1.39228
1.38922
1.38824
1.38881
1.39036
1.39241
1.39468
1.39707
1.39947
1.4019
1.40421
1.40634
1.40808
1.40946
1.41042
1.41113
1.41156
1.4118
1.41171
1.41146
1.41106
1.41058
1.40978
1.40856
1.40668
1.40415
1.40082
1.39673
1.39166
1.38567
1.37855
1.37051
1.36139
1.35146
1.34044
1.32863
1.3156
1.30188
1.28714
1.27207
1.25515
1.23751
1.21887
1.19946
1.17874
1.15708
1.1341
1.10995
1.08431
1.05737
1.02884
0.999059
0.967469
0.934471
0.899392
0.863039
0.824416
0.784789
0.742713
0.700057
0.654867
0.609637
0.561908
0.514743
0.465149
0.416571
0.365718
0.316189
0.26423
0.214294
0.163823
0.117649
0.073168
0.0521314
0.0415599
0.0196411
-6.40171
-3.33699
-12.599
-15.9704
-7.67587
5.55896
3.42661
5.22326
7.48115
8.30865
9.32371
9.2065
-1.96832
-4.21537
-3.19452
8.33557
4.61482
6.96
-11.7513
-9.97734
-15.1538
-3.13075
-0.00967467
-0.0322192
-14.0788
-19.8736
-16.4865
-6.62581
-9.88784
0.0225976
0.0498408
0.0878993
0.137337
0.191061
0.244733
0.298254
0.350327
0.401906
0.451903
0.501444
0.549441
0.596729
0.64241
0.687033
0.729954
0.771526
0.811312
0.849618
0.886131
0.92114
0.954388
0.986169
1.01632
1.04518
1.07251
1.09859
1.12324
1.14653
1.16854
1.18944
1.20911
1.2278
1.2454
1.26201
1.27735
1.29178
1.30524
1.3177
1.32905
1.33935
1.34858
1.35674
1.36381
1.36973
1.37452
1.3782
1.38095
1.3828
1.38394
1.38443
1.38448
1.38423
1.38399
1.38384
1.38387
1.38394
1.3841
1.38425
1.38449
1.38468
1.38489
1.38508
1.38541
1.38586
1.38651
1.3873
1.38824
1.3894
1.39093
1.39306
1.39603
1.40027
1.40619
1.41418
1.42445
1.43734
1.4533
1.47293
1.49653
1.52412
1.55523
1.58898
1.62377
1.65769
1.68989
1.71977
-0.252392
10.4475
10.997
1.54653
-2.60704
-7.18926
7.59734
10.2105
3.44416
5.96043
9.02509
4.89346
-15.3119
-9.72984
0.021506
0.0578248
0.0702906
0.0882074
0.108703
0.127706
0.144973
0.160493
0.173975
0.18721
0.202312
0.221649
0.247411
0.280103
0.323273
0.375075
0.450739
0.539145
0.644829
0.765155
0.890009
1.00379
1.08945
1.12767
1.11022
1.02952
0.883541
0.67332
0.406108
0.0927024
-0.246893
-0.580442
-0.863731
-1.05319
-1.10991
-1.00915
-0.756402
-0.415339
-0.0484296
0.288463
0.558406
0.741828
0.845204
0.877373
0.849099
0.78864
0.717706
0.648775
0.587556
0.532903
0.483806
0.439693
0.399439
0.361446
0.324338
0.284697
0.242904
0.322827
0.404367
0.483876
0.559951
0.631341
0.699329
0.762969
0.822128
0.876757
0.927083
0.973551
1.01657
1.05645
1.09393
1.12913
1.16289
1.19521
1.22671
1.25723
1.28726
1.31675
1.34596
1.37472
1.4032
1.43123
1.45894
1.4863
1.51336
1.53999
1.56613
1.5915
1.61645
1.64038
1.6637
1.68622
1.70787
1.72863
1.7486
1.7678
1.78624
1.80396
1.82107
1.83761
1.85364
1.86896
1.88354
1.89713
1.9098
1.92147
1.93215
1.94176
1.95034
1.95818
1.96572
1.97349
1.98191
1.99148
2.00265
2.01597
2.03182
2.05056
2.07228
2.09708
2.12492
2.1559
2.1901
2.22772
2.26884
2.31346
2.36153
2.41292
2.46753
2.5252
2.58585
2.64922
2.71494
2.78241
2.85119
2.92097
2.99173
3.06254
3.13173
3.1973
3.25843
3.31423
3.36735
3.42107
3.40482
3.39465
3.38848
3.38777
3.39371
3.40692
3.42838
3.45872
3.49855
3.54862
3.61005
3.684
3.7717
3.87495
3.99584
4.13429
4.28999
4.4687
4.683
4.95493
5.26518
5.59725
5.96873
6.36023
6.69004
6.95919
7.05787
6.97226
6.6061
6.06181
5.35182
4.67991
4.11111
3.605
3.1175
2.70121
2.39648
2.16892
1.98948
1.84936
1.74509
1.66924
1.61544
1.57893
1.55648
1.54602
1.54435
1.55052
1.56302
1.58035
1.60172
1.62664
1.65402
1.68334
1.71347
1.74873
-12.083
-13.0839
-8.34251
-5.45465
-13.1945
-0.0509582
-0.0140569
0.0212451
0.0656843
0.116835
0.172103
0.227273
0.282399
0.335646
0.388151
0.438932
0.488932
0.537394
0.584839
0.630771
0.675382
0.718415
0.759931
0.799779
0.838058
0.874654
0.909707
0.943133
0.975075
1.00546
1.03436
1.06195
1.08825
1.11313
1.13677
1.1591
1.18015
1.20005
1.21876
1.23639
1.25284
1.26819
1.28239
1.29559
1.30758
1.31849
1.32813
1.33669
1.34395
1.35006
1.35479
1.35836
1.36063
1.36192
1.36217
1.36171
1.3606
1.35924
1.35776
1.35658
1.35569
1.35534
1.35534
1.35587
1.35671
1.358
1.35952
1.36145
1.36369
1.36641
1.36951
1.37306
1.37694
1.38119
1.38575
1.39075
1.39627
1.40253
1.40979
1.41837
1.42863
1.44082
1.45533
1.47263
1.49345
1.51834
1.5476
1.5809
1.61752
1.65531
1.69266
1.72803
1.75977
1.78853
1.81919
1.78037
1.7441
1.7128
1.68169
1.65303
1.6281
1.60804
1.5936
1.58571
1.58562
1.59472
1.61522
1.64826
1.69793
1.76898
1.86482
1.9928
2.15873
2.36395
2.60884
2.89718
3.24076
3.6389
4.13374
4.73077
5.33267
5.82994
6.25733
6.57588
6.69019
6.6726
6.50229
6.2131
5.94327
5.65123
5.31574
5.0091
4.76154
4.55534
4.37463
4.2128
4.06916
3.94266
3.83332
3.7403
3.66188
3.59644
3.54282
3.50015
3.46762
3.44465
3.43063
3.4252
3.42759
3.43726
3.45338
3.47577
3.44747
0.197541
0.275057
0.359406
0.44221
0.522329
0.596816
0.667882
0.733005
0.794212
0.849948
0.90214
0.949567
0.994449
1.0355
1.0749
1.11157
1.14714
1.181
1.21414
1.24612
1.27753
1.30799
1.33813
1.36751
1.39662
1.4249
1.45283
1.48021
1.50747
1.53397
1.5597
1.58463
1.60905
1.63261
1.65549
1.67744
1.69868
1.71893
1.73842
1.75699
1.77492
1.79196
1.80852
1.82432
1.83969
1.85416
1.86799
1.8807
1.89261
1.9033
1.91309
1.92165
1.9294
1.93636
1.94331
1.95053
1.95886
1.96859
1.98054
1.99497
2.01258
2.03334
2.05755
2.08499
2.1158
2.1498
2.1871
2.22758
2.27134
2.31835
2.36856
2.42183
2.478
2.53701
2.59866
2.66273
2.7287
2.79624
2.86508
2.93526
3.00675
3.07812
3.14821
3.21512
3.27754
3.33595
3.39242
0.128391
0.171272
0.025783
0.0560347
0.0618716
0.0742104
0.0890795
0.103109
0.115548
0.127059
0.138041
0.150279
0.165023
0.183405
0.207649
0.238352
0.280121
0.331334
0.407101
0.492973
0.593323
0.711862
0.843859
0.980355
1.11078
1.1956
1.21781
1.16397
1.0269
0.804741
0.5034
0.134613
-0.2808
-0.709087
-1.10021
-1.39102
-1.5188
-1.45333
-1.21195
-0.851193
-0.436914
-0.0439682
0.274819
0.500093
0.637068
0.691602
0.679339
0.636214
0.579857
0.523031
0.470946
0.423663
0.38184
0.343938
0.309483
0.276336
0.24316
0.207989
-13.0153
7.0665
5.80154
8.75915
-5.14015
10.5418
-11.7658
-11.7378
7.36829
4.68857
4.06474
9.49271
0.0719142
0.0986693
-3.09115
0.0762172
0.1459
-0.0231076
-0.1339
-9.62055
-11.2712
3.56254
1.85533
1.86069
-14.6899
1.88903
3.57994
0.024838
-7.98668
-3.78955
9.04416
6.72249
6.88038
-14.1786
0.140719
0.110464
0.194186
0.167822
0.247233
0.219914
0.308393
0.276315
0.383537
0.343819
0.467931
0.425998
0.487826
0.492087
0.276462
0.422818
-0.276764
0.0431293
-1.06707
-0.666475
-1.61136
-1.40505
-1.46178
-1.63808
-0.693982
-1.12035
0.156439
-0.251921
0.78644
0.508198
1.09905
0.983514
1.10524
1.13597
0.86748
1.02245
0.60512
0.734787
0.404455
0.493764
0.264908
0.330016
0.184654
0.220022
0.139673
0.159126
0.111574
0.124422
0.0922487
0.100797
0.077204
0.0844679
0.060611
0.0692437
0.0419564
0.0513767
0.0262477
3.42376
3.48321
3.29936
3.36233
3.1646
3.23371
3.02059
3.09294
2.87891
2.9491
2.74218
2.81004
2.61035
2.67549
2.48662
2.54726
2.37341
2.42861
2.27193
2.32112
2.18259
2.22577
2.10515
2.14234
2.04077
2.0712
1.99129
2.01406
1.95721
1.9724
1.93573
1.94519
1.92161
1.9281
1.90954
1.9156
1.89518
1.90283
1.87648
1.88635
1.85357
1.86546
1.82714
1.8407
1.79786
1.81274
1.76588
1.78215
1.73083
1.7487
1.69202
1.71184
1.64925
1.67104
1.60272
1.62631
1.55328
1.57813
1.50178
1.52763
1.44761
1.47482
1.39112
1.41933
1.33207
1.36155
1.27014
1.30104
1.20488
1.23747
1.13577
1.17033
1.0613
1.09862
0.978752
1.02018
0.884448
0.931909
0.774228
0.829949
0.644436
0.710292
0.492461
0.569395
0.319317
0.405982
0.226926
1.7782
1.81995
1.70463
1.73986
1.64851
1.67392
1.61715
1.62938
1.61742
1.61248
1.65986
1.63286
1.76133
1.70177
1.9517
1.84304
2.27492
2.09485
2.72816
2.48779
3.34834
3.00761
4.21316
3.75376
5.198
4.7105
5.99376
5.65042
6.40341
6.2596
6.33041
6.41611
5.89539
6.13735
5.36242
5.63161
4.838
5.09123
4.43436
4.62145
4.12084
4.26821
3.87901
3.99158
3.70044
3.78246
3.57575
3.63199
3.49687
3.53102
3.45861
3.47294
3.45835
3.4539
3.49598
3.47176
3.52806
1.79575
1.82604
1.72145
1.76027
1.63959
1.68042
1.56645
1.60116
1.51075
1.5364
1.4709
1.48927
1.4415
1.45525
1.41867
1.4295
1.39972
1.40889
1.38267
1.39103
1.3672
1.37467
1.35412
1.36025
1.34388
1.34856
1.3361
1.3396
1.3306
1.33291
1.32802
1.32875
1.32895
1.3279
1.33319
1.33058
1.33917
1.33601
1.34427
1.34192
1.34593
1.3456
1.34256
1.34491
1.3334
1.33871
1.31869
1.3267
1.29899
1.30947
1.27443
1.28732
1.2453
1.26046
1.21152
1.22902
1.17295
1.19287
1.12956
1.15193
1.08087
1.10588
1.02681
1.05457
0.967056
0.99772
0.901355
0.935044
0.829503
0.866322
0.751288
0.791346
0.666656
0.709948
0.575888
0.622222
0.47955
0.528571
0.378221
0.429618
0.271992
0.325812
0.160318
0.216781
0.0467353
0.10308
-0.0558624
-0.00692484
-0.133272
-0.0973232
-10.0978
-0.0381596
0.0105443
1.97385
3.65217
1.97005
3.63641
-0.00384029
-0.150588
-0.187713
-0.0273252
-0.0878585
0.0992132
0.0393051
0.213432
0.158893
0.321376
0.268888
0.424963
0.374276
0.524009
0.475444
0.617794
0.571787
0.705663
0.662586
0.787217
0.747259
0.862363
0.825548
0.931262
0.897513
0.994096
0.96335
1.05116
1.02327
1.10269
1.07754
1.14884
1.12635
1.18984
1.16995
1.22586
1.20839
1.25716
1.24203
1.28382
1.27101
1.30559
1.29527
1.3221
1.31445
1.33286
1.32818
1.33701
1.33568
1.33502
1.33667
1.32836
1.3321
1.31933
1.3239
1.3111
1.31483
1.30675
1.30824
1.30744
1.30641
1.31243
1.30939
1.32057
1.31606
1.33201
1.32573
1.3479
1.33928
1.36815
1.35753
1.39052
1.37922
1.41306
1.40176
1.43682
1.42463
1.46471
1.45003
1.50013
1.4813
1.54679
1.52176
1.6107
1.57623
1.69373
1.65024
1.78359
1.73935
1.86851
1.82534
1.91764
3.56601
3.61554
3.49636
3.52482
3.47336
3.47945
3.4921
3.47769
3.55189
3.51678
3.6562
3.59818
3.81145
3.72701
4.02663
3.91111
4.30885
4.15901
4.66431
4.477
5.09636
4.87182
5.62892
5.34466
6.02803
5.85137
6.24274
6.18981
6.06104
6.19557
5.51153
5.81324
4.73171
5.18414
3.76413
4.25414
3.10897
3.4103
2.57314
2.82917
2.1604
2.34787
1.8938
2.01057
1.73762
1.80416
1.65739
1.69052
1.63075
1.6383
1.64386
1.63301
1.68846
1.66254
1.76125
1.7213
1.86235
1.80862
1.91797
0.190008
0.0963785
0.38321
0.29005
0.553261
0.473278
0.697273
0.629947
0.818962
0.762418
0.922546
0.874386
1.01221
0.970102
1.09183
1.05394
1.16458
1.12958
1.23258
1.19966
1.29698
1.26571
1.35824
1.32844
1.41666
1.38812
1.47259
1.44519
1.52616
1.49984
1.57709
1.55213
1.6248
1.60145
1.6689
1.64742
1.70888
1.68949
1.74468
1.72735
1.7769
1.76124
1.80601
1.79188
1.83245
1.81961
1.85565
1.84453
1.87478
1.86578
1.88918
1.8826
1.89946
1.89466
1.90919
1.90407
1.92416
1.91555
1.95155
1.93587
1.99634
1.97163
2.05847
2.02541
2.13451
2.09496
2.22198
2.17685
2.32102
2.26998
2.43222
2.37514
2.55434
2.49203
2.68517
2.61887
2.82093
2.75271
2.95924
2.8897
3.10249
3.03014
3.24878
3.1759
3.38883
3.32019
3.51786
3.45462
3.57859
-0.0897014
0.0119692
-0.00828355
0.0339174
0.0213463
0.045431
0.0414793
0.0521399
0.0486029
0.0624406
0.0565859
0.0792606
0.0699512
0.103235
0.0896143
0.146168
0.120977
0.223178
0.177818
0.336089
0.273587
0.513573
0.416473
0.731833
0.62059
0.86375
0.815971
0.785038
0.855796
0.434307
0.643839
-0.169699
0.158995
-0.909509
-0.545299
-1.37906
-1.20808
-1.22381
-1.37718
-0.644377
-0.957812
-0.0892098
-0.340524
0.218743
0.0949496
0.29894
0.279858
0.260144
0.288144
0.208525
0.232762
0.167322
0.186568
0.132156
0.149122
0.100063
0.116038
0.0621822
0.0828188
0.0332812
-12.3695
-0.311654
-7.15661
-12.0416
-0.416034
-19.9996
-15.7075
-18.5857
-19.3817
-16.581
-12.6027
10.5152
12.2892
12.5695
11.9413
8.99117
-9.31181
-6.70197
-6.34561
-6.00972
-5.31399
-2.34255
3.11048
0.411155
-4.33528
-0.292553
-0.192905
-0.102324
-0.0255636
0.041836
0.103882
0.159122
0.21535
0.268414
0.322132
0.373585
0.425026
0.474543
0.523549
0.570679
0.616942
0.661285
0.704523
0.745805
0.785861
0.823992
0.86087
0.895919
0.929716
0.961765
0.992573
1.02175
1.04971
1.07614
1.10135
1.12508
1.1476
1.16871
1.18861
1.20714
1.22452
1.2406
1.25558
1.26928
1.28185
1.29309
1.3031
1.31172
1.31903
1.32481
1.32903
1.33167
1.33266
1.33196
1.32977
1.32625
1.32175
1.31657
1.31117
1.30595
1.3014
1.29785
1.2956
1.29465
1.29499
1.29647
1.29903
1.30259
1.30724
1.31308
1.32029
1.32897
1.33915
1.35063
1.36313
1.3762
1.38944
1.40255
1.41544
1.42831
1.44158
1.45582
1.47157
1.48932
1.50939
1.53202
1.55767
1.58755
1.62384
1.66895
1.72396
1.78751
1.85285
1.90873
1.94826
1.98792
2.10487
3.75474
3.64991
3.58647
3.53997
3.50887
3.49048
3.48371
3.48766
3.50202
3.52705
3.56285
3.60982
3.66882
3.74088
3.82689
3.92798
4.04537
4.18084
4.33642
4.51457
4.71863
4.94439
5.16326
5.36764
5.57047
5.79199
5.99952
6.06359
6.11931
6.09689
5.90585
5.73289
5.37852
4.97383
4.6483
4.34713
4.00415
3.6026
3.17379
2.82529
2.56048
2.35663
2.18619
2.0409
1.92111
1.82809
1.75603
1.70375
1.66967
1.64899
1.64015
1.64115
1.65137
1.67005
1.69634
1.73052
1.774
1.82718
1.89125
1.97065
2.09166
2.28828
-0.119208
-0.056347
0.0623039
0.172162
0.280554
0.373997
0.466445
0.54603
0.624093
0.691713
0.75735
0.814749
0.870179
0.919317
0.966833
1.00973
1.05149
1.08995
1.12774
1.16314
1.19819
1.23143
1.26444
1.29599
1.32727
1.35727
1.38693
1.41555
1.44382
1.47119
1.49818
1.52439
1.55017
1.57514
1.59951
1.62297
1.64564
1.66725
1.68792
1.70742
1.7259
1.74323
1.75961
1.77502
1.78963
1.80336
1.81635
1.82856
1.83998
1.85044
1.8599
1.86819
1.87525
1.88106
1.88584
1.88995
1.89399
1.89865
1.90477
1.91329
1.92512
1.94101
1.96143
1.9865
2.01604
2.04964
2.08684
2.12728
2.17075
2.21719
2.26663
2.31913
2.37471
2.43328
2.49463
2.55839
2.6242
2.69163
2.76014
2.82923
2.89868
2.96877
3.04038
3.11476
3.19296
3.27478
3.35734
3.43416
3.49879
3.55114
3.61379
3.75482
3.98867
0.223513
0.0623766
0.000464915
-0.00472498
0.000974102
0.010752
0.0153104
0.0164129
0.0171196
0.0180712
0.0195689
0.0215764
0.0241884
0.0277255
0.0311532
0.0362441
0.0429223
0.0515887
0.063265
0.0826489
0.104925
0.133466
0.171488
0.219102
0.273277
0.328437
0.373526
0.400692
0.400075
0.368212
0.30226
0.203101
0.0701951
-0.092384
-0.276746
-0.456681
-0.610271
-0.699298
-0.701665
-0.628183
-0.497967
-0.348088
-0.201324
-0.0829931
0.00670806
0.0704583
0.100328
0.116004
0.107056
0.0923712
0.0808401
0.0711987
0.063232
0.0567827
0.0509798
0.0456775
0.0409204
0.0357698
0.0302448
0.024842
0.0208533
0.0291359
0.00899829
-9.82601
-6.35584
4.57368
0.85027
)
;

boundaryField
{
    frontandback
    {
        type            empty;
    }
    walls
    {
        type            zeroGradient;
    }
    diamond
    {
        type            zeroGradient;
    }
    inlet
    {
        type            zeroGradient;
    }
    outlet
    {
        type            fixedValue;
        value           uniform 0;
    }
}


// ************************************************************************* //
