/*--------------------------------*- C++ -*----------------------------------*\
  =========                 |
  \\      /  F ield         | OpenFOAM: The Open Source CFD Toolbox
   \\    /   O peration     | Website:  https://openfoam.org
    \\  /    A nd           | Version:  10
     \\/     M anipulation  |
\*---------------------------------------------------------------------------*/
FoamFile
{
    format      ascii;
    class       volScalarField;
    location    "39.5";
    object      p;
}
// * * * * * * * * * * * * * * * * * * * * * * * * * * * * * * * * * * * * * //

dimensions      [0 2 -2 0 0 0 0];

internalField   nonuniform List<scalar> 
6397
(
5.08249
4.96396
-3.97514
-3.92235
-4.69731
-4.97699
7.94892
4.81843
-10.2963
-7.47487
3.72209
-0.163566
-0.23545
-0.173256
-0.232691
-18.6978
-16.5589
-16.632
12.0403
12.1035
11.3306
-4.74453
-6.69995
-5.85218
-0.123966
-0.0838697
-0.0384323
-1.47921
-1.61605
-1.80891
-1.70153
-2.04814
-2.47914
-3.58589
0.506215
0.189768
-0.611128
-0.961756
1.33513
1.4476
1.14015
0.944142
-1.9304
-5.72145
-5.34361
-4.98752
-5.64027
-5.60855
1.65671
1.61662
1.64103
1.52196
1.58516
3.65822
2.99647
3.56625
3.59822
2.20482
-3.88604
-3.65978
-3.89969
-3.61313
-3.14707
-2.625
-2.19249
-1.9075
-1.78243
-1.81128
-4.55166
-3.21183
-3.97329
-4.82471
-4.77944
-4.37134
-3.72203
-3.01057
-2.39327
-1.94857
-1.68541
-1.57127
-3.25373
-2.69764
-2.00063
-1.60409
-2.55603
-2.2198
-2.37091
-1.76079
-1.96643
-1.86288
-2.93114
-2.06084
-1.51477
-1.18764
-3.6214
-2.44053
-1.89527
-0.867033
-1.31013
-3.531
-2.65508
-5.15885
-4.43665
-5.3368
-5.51934
-3.9567
-4.76867
-2.32803
-3.08709
-1.39094
-1.76345
-1.07295
-1.16995
-1.19676
-1.0931
-1.35718
-2.8743
-4.75811
-3.73589
-1.89871
-2.26586
-1.70244
-1.71793
-2.07
-1.82147
-2.68107
-2.37989
-2.80305
-2.83114
-2.34938
-2.62483
-1.77566
-2.01946
-1.62657
-1.63618
-0.958847
-1.39642
-0.535634
-1.49857
-2.81795
-5.65647
-5.71953
-6.93131
-1.5309
-0.506361
-0.523622
-2.21529
-0.522659
-0.137665
-2.57089
-4.27638
-1.65423
-0.999787
-3.47799
-2.50056
-5.26867
-4.481
-5.44708
-5.66813
-3.84444
-4.78062
-2.01693
-2.86932
-0.937839
-1.37766
-0.503881
-0.660581
-0.426968
-0.438684
-0.459858
-3.19731
-4.31309
-1.8441
-2.38423
-1.35955
-1.51985
-1.42404
-1.34639
-1.7207
-1.58935
-1.75808
-1.82211
-1.47807
-1.66172
-1.31732
-1.35915
-1.59559
-1.39715
-1.87623
-0.775196
-1.33156
0.155263
-0.268837
-7.70184
-6.29046
-3.10503
0.236255
0.23308
-0.534379
-1.5946
-8.64047
-7.62964
-8.58382
-2.07963
-2.95124
0.374324
0.520712
0.742901
-3.18026
-2.57381
-4.66894
-0.15238
0.222148
-1.29972
-0.638186
-3.12638
-2.13722
-4.89282
-4.1211
-5.05804
-5.25244
-3.45543
-4.4034
-1.58513
-2.46254
-0.457436
-0.924113
0.0242445
-0.165597
0.202412
0.13314
0.227273
-6.1664
-7.68183
-3.26785
-4.58496
-1.64651
-2.31026
-0.954671
-1.22351
-0.783459
-0.822641
-0.849518
-0.809429
-0.838821
-0.868898
-0.743161
-0.784373
-0.886827
-0.77189
-1.51066
-1.13757
-2.00508
-0.661156
-1.30962
-0.0933193
0.236101
-6.19703
-3.02258
-7.53204
-6.76199
-0.501771
-1.48663
0.528342
0.902034
-2.2599
-3.26383
-2.74427
-3.61538
0.819655
1.02141
0.232119
0.200654
-0.464436
-3.79755
-4.59609
0.213504
0.561711
-0.846961
-0.233972
-2.5438
-1.63813
-4.1501
-3.44044
-4.25305
-4.44079
-2.78243
-3.64376
-1.06952
-1.87488
-0.00137408
-0.447638
0.481136
0.291889
0.67984
0.602879
0.746835
0.725791
0.771669
0.766139
0.700145
0.753255
-8.7942
-7.64217
-8.75412
-6.11153
-7.74858
-3.03602
-4.43796
-1.30836
-2.0248
-0.505944
-0.828031
-0.192777
-0.307442
-0.0973836
-0.133126
-0.0462154
-0.0672557
-0.0933166
-0.0456422
-0.4568
-0.221054
-1.31901
-0.813976
-1.96662
-0.591091
-1.35527
0.0305674
-5.9416
-5.90367
0.109349
0.595904
-5.57146
-2.75119
1.169
-4.25558
-2.70529
-3.71406
-5.49032
-1.32151
-4.12314
-4.34666
-0.484368
-0.0742207
0.439226
-4.41618
-4.15027
1.06708
1.3552
1.23473
0.557136
0.859889
-0.370317
0.169367
-1.80919
-1.03437
-3.15027
-2.55715
-3.21766
-3.387
-1.95211
-2.68628
-0.49777
-1.18449
0.422737
0.0328953
0.852994
0.680508
1.03785
0.965468
1.12561
1.08589
1.14548
1.13852
1.08084
1.12463
0.8659
0.998364
-6.90467
-3.52632
-5.25107
-8.06069
-7.97708
-5.42385
-7.02569
-2.51379
-3.84104
-0.855655
-1.54722
-0.0439412
-0.378262
0.332172
0.181289
0.504569
0.432195
0.581871
0.55874
0.466596
0.557995
-0.00242044
0.28184
-1.01727
-0.431334
-1.77981
-2.68473
-2.09165
0.217127
0.679631
-4.99575
-4.6581
-4.46783
-5.28355
-2.34665
-3.40312
-0.521818
-1.36014
0.646316
0.139806
1.29098
1.02386
1.46006
-4.62665
-2.37448
-4.20173
-1.20838
-3.07101
-0.612193
-1.0607
-1.67663
-0.350079
0.424792
-0.0905025
1.47888
1.55397
-3.51311
1.26053
1.3913
0.847491
1.09332
0.0782195
0.519945
-1.03957
-0.443101
-2.04512
-1.60472
-2.08449
-2.21357
-1.10895
-1.67713
0.0419906
-0.505317
0.781641
0.465474
1.1339
0.988422
1.29248
1.22745
1.36622
1.33423
1.39334
1.38244
1.36057
1.38958
1.19099
1.29536
0.88873
1.06068
-2.55675
-0.343842
-1.28795
-5.47491
-4.04645
-6.41919
-6.40578
-4.27213
-5.60843
-1.79564
-2.91867
-0.358393
-0.965923
0.391755
0.0764339
0.766752
0.612332
0.961705
0.877318
1.05392
1.02143
0.927431
1.02756
0.415184
0.727048
-0.63921
-0.0381541
-2.445
-1.45369
-4.51586
-3.50721
-5.23509
-4.44925
-5.76829
-5.2855
-2.3064
-3.39529
-0.436483
-1.29667
0.741849
0.241018
1.35558
1.10307
-0.372998
0.307756
0.066573
0.651084
1.59013
1.51115
-3.66838
-2.04834
-3.15632
-1.23009
-2.18193
-0.883835
-1.03473
-0.73841
0.740049
0.0723003
-0.563669
0.322735
-0.417724
1.21931
0.997371
1.42743
-0.0958164
0.825557
0.648719
1.61391
1.59837
1.60452
-2.9048
1.55021
1.58611
1.38865
1.4874
1.05441
1.25419
0.474224
0.804599
-0.322316
0.0981838
-1.02137
-0.717378
-1.0374
-1.13377
-0.359119
-0.757
0.483778
0.0768241
1.05066
0.805453
1.32553
1.21064
1.4551
1.39748
1.54306
1.49866
1.61413
1.58121
1.59969
1.62279
1.45253
1.54111
1.18076
1.33538
1.00921
0.332325
0.866525
-1.43853
-0.433849
-3.6848
-2.60812
-4.48844
-4.41213
-2.87955
-3.86505
-0.99777
-1.8562
0.125402
-0.354754
0.757527
0.483676
1.10192
0.958435
1.2852
1.2044
1.38384
1.34507
1.27678
1.36524
0.78361
1.08361
-0.242035
0.344667
-1.98807
-1.04093
-3.96805
-3.00875
-4.65263
-5.4789
-5.34423
-4.23467
-5.02609
-2.19236
-3.23376
-0.376312
-1.21898
0.801434
0.299537
1.39424
1.15563
1.53559
-2.93124
-1.88213
-2.47288
-1.42786
-1.64117
-1.32367
-0.645045
-1.29489
0.352161
-1.27345
1.51637
1.11385
-1.05785
0.456553
-0.567127
1.78985
1.52182
1.8119
0.26519
1.07084
1.05848
1.5665
1.59463
1.58569
1.54704
-2.4864
1.57724
1.5902
1.45881
1.52944
1.20861
1.35088
0.80249
1.02105
0.27394
0.5415
-0.171457
0.0123456
-0.18949
-0.251697
0.241213
-0.0153153
0.810408
0.52909
1.22856
1.04435
1.44496
1.35474
1.55817
1.50551
1.67011
1.60907
1.72212
1.70126
1.6798
1.71438
1.55176
1.621
1.41058
1.47732
1.25274
1.33938
1.1477
1.55599
1.71114
0.887231
1.29365
-0.379939
0.315975
-1.82863
-1.1352
-2.41731
-2.31746
-1.49096
-2.11049
-0.216138
-0.809324
0.579589
0.236521
1.05513
0.842186
1.34563
1.22005
1.50473
1.43469
1.59288
1.5578
1.51515
1.58659
1.08598
1.35213
0.163233
0.697511
-1.37363
-0.535305
-3.09183
-2.26823
-3.72706
-4.11499
-3.12387
-4.76729
-4.66873
-3.78585
-4.43942
-2.01977
-2.93262
-0.360883
-1.1417
0.780427
0.285247
1.3549
1.13028
1.48928
-2.51137
-1.93587
-2.12343
-1.8202
-1.36088
-1.97765
-0.433285
-2.14633
0.500463
-2.24226
1.12361
-1.89277
1.78531
1.49368
-1.04599
1.16802
0.205548
1.47928
-2.32544
1.5621
1.47782
1.53404
1.569
1.58001
1.48274
1.53675
1.30565
1.40225
1.0312
1.17107
0.704097
0.859184
0.459246
0.557059
0.437991
0.416023
0.670655
0.524586
1.03746
0.853144
1.33612
1.20432
1.50862
1.43737
1.61133
1.56492
1.6891
1.65654
1.72878
1.72195
1.7105
1.72285
1.67621
1.69444
1.60946
1.64765
1.50699
1.55831
1.49625
1.48307
1.63045
1.53963
1.93737
1.89201
1.93624
1.78764
1.89475
1.32286
1.60586
0.542091
0.950015
-0.224039
0.150117
-0.702108
-0.559109
-0.304416
-0.623771
0.455307
0.0885987
0.978714
0.748622
1.30615
1.1563
1.52861
1.42927
1.6549
1.60116
1.71892
1.69441
1.66274
1.7181
1.31765
1.53922
0.548466
0.999023
-0.693875
-0.017145
-2.10937
-1.42607
-2.79131
-2.60855
-2.69821
-3.22308
-1.50639
-2.4414
-3.80602
-3.67467
-3.16753
-3.62838
-1.77978
-2.51533
-0.370395
-1.04522
0.676898
0.209582
1.25432
1.02394
1.46326
1.39272
1.4472
1.49176
1.72803
1.81925
1.42107
1.80068
-2.38476
-2.22304
-1.25533
-2.02196
-2.46218
1.45206
1.36221
1.39548
-1.27795
-2.94789
-0.361621
-3.38926
0.540447
-3.43494
1.0711
-2.76974
1.44528
-1.3324
1.71487
1.62895
0.461377
1.78264
2.06445
-2.42679
1.52702
1.50005
1.53378
1.53691
1.47433
1.50647
1.35634
1.41637
1.18398
1.27348
0.989237
1.08411
0.860673
0.915806
0.847528
0.842573
0.952675
0.885872
1.17529
1.0571
1.39736
1.2971
1.5418
1.48031
1.64549
1.59762
1.76251
1.69755
1.79128
1.77294
1.79849
1.80163
1.74392
1.7777
1.67425
1.70396
1.64136
1.64979
1.69817
1.65417
1.86445
1.76764
2.13043
1.99852
1.99757
1.84485
1.93545
2.04076
2.0366
1.95264
2.01317
1.6515
1.83232
1.26369
1.44393
0.904393
1.10661
0.463219
0.647574
0.575485
0.439233
0.988087
0.780009
1.30924
1.16538
1.51563
1.42137
1.66581
1.59764
1.75648
1.71995
1.79276
1.78182
1.74589
1.78906
1.48428
1.65517
0.886105
1.2369
-0.0655874
0.446776
-1.10982
-0.628312
-1.64401
-1.49045
-1.58346
-0.854803
-0.161282
-2.12935
-1.55387
-2.75071
-2.54436
-2.46405
-2.72401
-1.5001
-2.02819
-0.408368
-0.945099
0.489164
0.0770973
1.06622
0.819533
1.33043
1.23142
1.37757
1.57783
1.72282
2.30936
2.25462
-2.51267
-2.75462
1.39749
1.36491
-2.13813
-3.46014
-1.35928
-4.32388
-0.38794
-4.91761
0.539189
-4.61153
1.02832
-3.25121
1.35564
-1.04538
1.48083
1.05935
1.58443
1.42796
2.18461
1.70885
1.60761
1.43988
0.848663
2.45588
2.322
-2.77695
1.47029
1.45348
1.49178
1.49091
1.46697
1.48031
1.3952
1.42919
1.28036
1.33775
1.15818
1.21429
1.09241
1.11858
1.08641
1.08518
1.13201
1.10144
1.26382
1.1886
1.42821
1.34988
1.54907
1.49562
1.64024
1.59872
1.68068
1.6748
1.75554
1.73268
1.77123
1.76684
1.7709
1.77128
1.76705
1.77002
1.75084
1.75751
1.78718
1.75807
1.90896
1.83664
2.09051
1.98406
2.17171
2.15454
1.90914
1.81075
2.0482
1.99263
2.09404
2.08038
2.05382
2.08771
1.90601
1.98987
1.77614
1.82729
1.58686
1.71478
1.2313
1.39774
1.18696
1.16813
1.34362
1.25469
1.52604
1.43691
1.67088
1.60453
1.77295
1.72797
1.82982
1.80946
1.83573
1.84083
1.78612
1.82571
1.5928
1.72001
1.15302
1.41185
0.457921
0.830106
-0.289365
0.0583683
-0.634339
-0.555083
-0.345422
-0.50886
-0.0974192
-0.107192
0.400622
-1.08844
-0.605267
-1.76479
-1.49942
-1.77163
-1.85135
-1.2528
-1.55753
-0.510125
-0.893337
0.213053
-0.133002
0.775199
0.517867
1.11637
0.976139
1.26626
1.21981
1.30353
1.27607
-2.89382
-3.62187
2.13271
2.31653
1.28951
1.20895
1.20444
2.03162
1.97772
-2.45657
-4.85823
-1.54885
-6.01073
-0.44007
-6.3263
0.49002
-5.16324
0.95916
-2.81375
1.19394
-0.069701
1.27812
1.83516
1.49317
1.61191
1.52271
1.36006
1.27573
2.50484
1.28947
1.12194
0.753745
1.06833
-3.41878
1.36544
1.31841
1.42786
1.39166
1.45344
1.44387
1.44211
1.45122
1.39363
1.41922
1.32476
1.35929
1.2602
1.29064
1.22696
1.23701
1.22641
1.22603
1.25027
1.23555
1.33079
1.28339
1.44873
1.38977
1.55203
1.50362
1.63646
1.59654
1.69834
1.67177
1.75703
1.73219
1.78024
1.77312
1.77091
1.77796
1.76575
1.76556
1.78863
1.7719
1.84651
1.81494
1.92336
1.88178
2.01592
1.9685
2.04099
1.78814
1.70159
1.95922
1.875
2.08809
2.03467
2.13653
2.12195
2.13102
2.13915
2.09935
2.11672
2.08485
2.08901
1.96931
2.05484
1.70495
1.83498
1.58357
1.62021
1.61006
1.58602
1.68365
1.64453
1.76215
1.72359
1.82761
1.79833
1.86555
1.8528
1.85773
1.87128
1.80233
1.84301
1.65474
1.7484
1.34191
1.52381
0.85217
1.11398
0.33577
0.577468
0.121124
0.169721
0.33596
0.160366
0.515703
1.18225
1.34511
0.558178
0.914781
-0.230558
0.175532
-0.888542
-0.604263
-1.18753
-1.08096
-1.10048
-1.19088
-0.712714
-0.935468
-0.184665
-0.454951
0.367249
0.0899693
0.842847
0.627305
1.14024
1.02355
1.1443
2.49981
1.0516
2.04293
1.88092
-3.5286
-4.86735
-2.90168
-6.50808
-1.73897
-7.53291
2.2404
-0.415804
-6.91792
0.481797
-4.53632
0.789002
-1.38357
1.44212
1.59486
1.55118
1.37159
0.9759
1.22477
1.23141
1.05628
2.48213
1.12793
1.12057
2.67832
0.903931
1.52289
1.56072
1.90167
1.74692
1.57588
-4.38563
1.2039
0.998456
1.1205
1.30935
1.25954
1.37123
1.33855
1.40118
1.3919
1.40589
1.40865
1.38836
1.40003
1.35415
1.37213
1.31843
1.33431
1.30262
1.3055
1.30893
1.3055
1.32788
1.31733
1.38047
1.34906
1.46463
1.42062
1.55013
1.50785
1.62494
1.58875
1.68493
1.65714
1.73321
1.71137
1.76321
1.75086
1.77644
1.77092
1.78259
1.7807
1.78962
1.78301
1.83673
1.80846
1.90144
1.8693
1.94915
1.92901
1.91192
1.94405
1.75622
1.84952
1.56907
1.47839
1.63397
1.72277
1.65314
1.86811
1.7975
2.00479
1.93671
2.11488
2.06737
2.16668
2.14708
2.18981
2.18006
2.20977
2.19901
2.23378
2.22386
2.1586
2.21757
1.96431
2.06442
1.8216
1.88065
1.78613
1.79313
1.80601
1.79314
1.83564
1.82025
1.8611
1.8489
1.87472
1.87048
1.86048
1.87327
1.80182
1.83784
1.67999
1.75102
1.45398
1.58383
1.11369
1.29845
0.772317
0.934894
0.637277
0.671782
0.806522
0.682204
1.05793
0.912742
1.20449
1.46848
1.54084
1.08807
1.32346
0.471272
0.800682
-0.193752
0.131645
-0.765061
-0.503953
-1.04492
-0.94413
-1.01281
-1.06902
-0.694223
-0.882834
-0.169151
-0.453716
0.429941
0.140934
0.875207
0.679842
0.97218
0.958791
0.937236
-4.31671
-6.32643
1.30333
1.42332
1.27974
-3.29709
-7.96294
2.46567
-1.75217
-8.13613
-0.33044
-6.18366
2.09647
1.53067
1.68944
1.70565
1.5354
0.387016
-2.87924
1.32744
0.542596
0.305422
1.352
1.69165
1.12808
0.757433
2.28617
0.98435
0.826668
2.82659
0.946219
0.987375
0.886392
0.89318
0.791575
1.44757
1.56365
0.794291
-5.54073
1.13812
1.06897
1.25029
1.19873
1.32454
1.2888
1.36255
1.3473
1.37548
1.37339
1.36929
1.37496
1.35476
1.36217
1.34543
1.34874
1.345
1.34382
1.35455
1.34902
1.37211
1.36227
1.41218
1.38864
1.47609
1.44224
1.54657
1.51092
1.61335
1.58061
1.66945
1.64378
1.71211
1.69261
1.73996
1.72829
1.75518
1.74817
1.77108
1.76277
1.79213
1.78058
1.81785
1.80457
1.85321
1.83399
1.86951
1.86871
1.81599
1.85963
1.66403
1.75063
1.5548
1.7246
1.6947
1.81817
1.76772
1.9279
1.87307
2.03683
1.98209
2.13171
2.08867
2.18683
2.16318
2.22251
2.20494
2.26011
2.24032
2.29056
2.27919
2.23709
2.27881
2.09471
2.17058
1.96222
2.02371
1.89153
1.91962
1.8725
1.87751
1.88023
1.87423
1.88953
1.88469
1.88471
1.88759
1.85707
1.87284
1.79307
1.82758
1.683
1.74358
1.50906
1.60568
1.27037
1.39461
1.04919
1.14789
0.951256
0.981795
1.00662
0.978742
1.20866
1.12358
1.32463
1.68818
1.60254
1.64565
1.69586
1.71773
1.45655
1.61252
0.99952
1.25384
0.31839
0.685578
-0.44159
-0.0715326
-1.06002
-0.774607
-1.3946
-1.2748
-1.30932
-1.40671
-0.793714
-1.09906
-0.0614519
-0.424987
0.515588
0.254051
0.722395
0.67448
0.756762
1.11799
1.13639
-4.98817
-7.57518
2.71612
-3.41808
-8.58275
1.73277
1.87347
1.90761
1.76319
-1.57288
-7.359
2.34614
1.55702
-0.291896
-4.43683
1.32021
0.127823
-1.09966
1.10693
1.85053
1.0764
0.325814
1.62257
1.41502
0.865464
0.510153
2.88443
0.728616
0.554071
0.804247
1.5724
0.92362
0.995272
-6.51819
0.967298
0.809904
0.89083
1.09077
1.0313
1.19464
1.14574
1.27086
1.23712
1.31777
1.2979
1.34256
1.33353
1.35206
1.34972
1.35274
1.3535
1.35559
1.3526
1.36119
1.35586
1.37636
1.36759
1.39647
1.38561
1.43052
1.41125
1.48181
1.45466
1.54031
1.51056
1.5986
1.56971
1.64916
1.62515
1.68922
1.67063
1.71737
1.70504
1.73529
1.72722
1.74831
1.74212
1.76755
1.75615
1.79253
1.78069
1.80634
1.80095
1.79952
1.8076
1.73481
1.7732
1.59694
1.67437
1.39214
1.50137
1.16452
1.27545
0.853533
0.960819
1.06016
1.8193
1.84095
1.83171
1.81602
1.89462
1.85933
1.97722
1.93512
2.06398
2.02016
2.14411
2.10631
2.19675
2.17351
2.23652
2.21655
2.27563
2.25593
2.30097
2.29191
2.26117
2.29184
2.14876
2.21015
2.02931
2.08423
1.95771
1.98726
1.92545
1.93931
1.90817
1.91624
1.89564
1.90193
1.87645
1.88711
1.84101
1.86087
1.77567
1.81175
1.67555
1.72925
1.53368
1.60602
1.35877
1.4384
1.20544
1.26315
1.13336
1.14969
1.16604
1.14113
1.28351
1.23224
1.43009
1.36699
1.50822
1.79931
1.72818
1.85703
1.84642
1.76096
1.83455
1.41251
1.62877
0.705622
1.09643
-0.193575
0.2708
-1.13254
-0.671919
-1.8283
-1.53308
-1.98689
-1.98556
-1.50954
-1.8225
-0.644535
-1.08769
0.0748431
-0.251992
0.453671
0.310994
0.683773
0.572335
0.729167
0.719799
2.96363
-5.21239
-8.06728
0.72871
1.71343
1.93782
1.79339
-3.15772
-7.80312
0.860951
0.72395
2.64439
1.58622
-1.345
-5.53396
0.726594
1.33815
-0.416528
-2.57883
0.842686
2.08754
1.06338
-0.211638
0.308355
1.09452
0.768417
0.10311
2.46717
1.50292
0.481689
0.190745
3.21426
0.235224
0.770363
0.874583
0.78612
1.9802
2.06517
-6.86959
0.801436
0.673079
0.739175
0.935765
0.870296
1.05209
0.997388
1.14932
1.10434
1.22645
1.19143
1.278
1.25547
1.30922
1.29628
1.32728
1.31968
1.33933
1.33358
1.34957
1.34453
1.36636
1.35761
1.38433
1.37433
1.40642
1.39447
1.43838
1.42099
1.48254
1.45946
1.53233
1.50721
1.58249
1.55764
1.6274
1.60515
1.66392
1.64682
1.69087
1.67882
1.70998
1.70112
1.72435
1.71763
1.73839
1.73092
1.75392
1.74631
1.76021
1.75921
1.73956
1.75428
1.67079
1.71219
1.5463
1.61517
1.37546
1.46575
1.19493
1.28257
1.03636
1.11276
0.960216
2.05598
2.16854
2.09424
1.99079
2.02557
1.92754
1.95442
1.91872
1.91379
1.95899
1.93503
2.01669
1.98552
2.08611
2.05029
2.15141
2.12014
2.19884
2.17681
2.23691
2.21798
2.2725
2.25546
2.28836
2.28461
2.25142
2.27757
2.16547
2.21205
2.07063
2.11888
1.99599
2.03002
1.94823
1.96944
1.91901
1.93202
1.89663
1.90765
1.86843
1.88366
1.82586
1.84934
1.75931
1.79645
1.66486
1.71555
1.54238
1.60564
1.4034
1.47004
1.28648
1.33681
1.23299
1.25058
1.25312
1.23458
1.3302
1.28568
1.42117
1.37073
1.54468
1.48366
1.89381
1.80581
1.9949
1.95478
1.98078
2.01228
1.69438
1.88301
1.01857
1.40234
-0.0156263
0.542336
-1.24324
-0.624683
-2.27961
-1.81577
-2.66678
-2.57662
-2.20361
-2.53302
-1.22421
-1.73622
-0.342735
-0.752059
0.244884
-0.00772089
0.573846
0.432056
0.658246
0.639135
0.662454
1.83907
-4.8322
-7.41214
0.715995
0.706469
0.740076
1.50767
0.61085
0.641193
3.01859
1.62001
-2.67338
-6.0589
0.562847
1.36881
-1.26973
-3.56414
0.583728
2.41574
1.06357
-0.687529
-1.08159
0.753487
0.703297
-0.587114
1.43773
1.66349
1.09186
0.266154
-0.246482
3.08625
-0.0833308
-0.176
2.29941
2.07548
1.92616
-6.33364
0.783985
0.726346
0.907714
0.848535
1.01834
0.966425
1.11077
1.06755
1.18599
1.15103
1.24119
1.21608
1.27929
1.26202
1.305
1.29296
1.32374
1.31452
1.34082
1.33195
1.36166
1.35055
1.38436
1.37252
1.40903
1.3963
1.43935
1.42338
1.47817
1.45813
1.52195
1.49995
1.56615
1.54436
1.60592
1.58662
1.63878
1.62331
1.66377
1.65234
1.68206
1.67362
1.69558
1.68926
1.70723
1.70146
1.71544
1.71209
1.71232
1.71583
1.68631
1.70312
1.62003
1.65896
1.50846
1.56929
1.36834
1.44079
1.22508
1.29536
1.0894
1.15811
0.938023
1.01639
0.628763
0.634043
0.816787
0.864658
2.14911
2.26593
2.1893
2.08786
2.12078
2.01672
2.05069
1.9913
1.99536
2.01175
1.99898
2.05019
2.02833
2.10392
2.07607
2.15554
2.13066
2.19666
2.17726
2.23006
2.21392
2.25699
2.24493
2.26352
2.26386
2.23216
2.25341
2.16306
2.20137
2.0785
2.11898
2.00849
2.04088
1.96106
1.98252
1.92556
1.9419
1.89343
1.90886
1.8572
1.87596
1.80963
1.83541
1.74366
1.77952
1.65619
1.70168
1.54907
1.6035
1.43375
1.49076
1.33906
1.38478
1.2924
1.31435
1.30074
1.29259
1.34952
1.31851
1.41693
1.37465
1.50069
1.45719
1.747
1.62132
1.94216
1.85207
2.08987
2.01637
2.16268
2.14899
1.93306
2.09934
1.25023
1.65056
0.0932511
0.724033
-1.35494
-0.613711
-2.67628
-2.06884
-3.27928
-3.10029
-2.84599
-3.18335
-1.74176
-2.33087
-0.638557
-1.1638
0.134801
-0.194568
0.489539
0.355842
0.589865
0.553516
0.607737
0.624044
3.49068
1.6616
-4.03657
-5.92946
0.612787
2.38325
0.47728
1.40412
-2.28669
-4.21204
0.550003
0.635771
0.805494
0.376455
2.38546
2.29399
2.9002
1.06571
-1.37332
-2.04315
0.420167
0.666521
-1.11381
0.146595
1.93216
0.660049
0.165855
-1.03704
2.50278
1.13589
-0.335131
-0.779446
3.62838
0.491406
0.469367
-0.576611
0.457676
1.90967
1.74295
-5.1823
0.766838
0.69738
0.883938
0.829163
0.987717
0.937592
1.07675
1.03407
1.15015
1.11515
1.20699
1.18039
1.24932
1.22953
1.28114
1.26592
1.30668
1.29416
1.32969
1.31825
1.35341
1.34138
1.37807
1.36556
1.40499
1.39129
1.43556
1.41987
1.4711
1.4531
1.50966
1.4903
1.54872
1.52949
1.58405
1.56694
1.61364
1.59968
1.63619
1.62572
1.65305
1.6453
1.66482
1.6595
1.67308
1.66923
1.67731
1.676
1.66843
1.67516
1.63867
1.65644
1.57792
1.61299
1.48053
1.533
1.3666
1.42391
1.25473
1.3106
1.13332
1.19609
1.00688
1.06912
0.912192
0.94943
2.52254
2.46473
2.57397
2.34767
2.4513
2.22868
2.27371
2.16429
2.19678
2.08933
2.12554
2.05244
2.06395
2.05657
2.05176
2.07952
2.0656
2.11779
2.09738
2.15805
2.13851
2.19043
2.17531
2.21661
2.20408
2.23582
2.22767
2.23694
2.23954
2.20675
2.22642
2.14692
2.1796
2.07694
2.11196
2.01434
2.04418
1.96415
1.98758
1.92291
1.94205
1.88516
1.90329
1.84416
1.86516
1.79424
1.82065
1.72927
1.76535
1.64789
1.69011
1.55309
1.60176
1.45592
1.50503
1.37654
1.4158
1.33307
1.35268
1.32908
1.32625
1.35486
1.33578
1.39974
1.37296
1.44452
1.42392
1.43289
1.44216
1.72242
1.48733
1.58561
1.95949
1.84579
2.17704
2.06958
2.2717
2.25229
2.06573
2.21588
1.39267
1.79706
0.172393
0.843481
-1.41488
-0.595628
-2.94096
-2.23563
-3.67025
-3.44038
-3.26748
-3.60158
-2.07467
-2.72561
-0.783842
-1.40111
0.086255
-0.272058
0.433732
0.311108
0.529238
0.491953
0.551985
0.550941
0.549159
0.473274
1.44639
-3.27241
-4.40082
0.610497
0.912759
1.41969
0.269202
0.256182
0.275402
2.59128
2.52185
3.57045
1.0882
-2.17353
-2.88328
0.157702
0.668166
-1.64417
-0.919557
2.35478
0.251305
0.228671
0.168167
-1.69742
1.35293
0.584068
-0.454153
-1.63368
3.6074
1.23396
-1.04876
-1.52909
0.678681
1.70236
2.14976
1.97474
0.504663
1.52524
-4.03448
0.742624
0.675763
0.859574
0.805858
0.957858
0.91024
1.0448
1.0032
1.11761
1.08298
1.17612
1.14844
1.2218
1.20023
1.25795
1.24058
1.28798
1.27319
1.31544
1.30149
1.34278
1.32909
1.36993
1.35639
1.39764
1.38371
1.42768
1.41242
1.46103
1.44423
1.49607
1.47862
1.53075
1.51375
1.5619
1.54686
1.58823
1.57574
1.60856
1.59911
1.62349
1.61665
1.63342
1.62907
1.63884
1.63659
1.63921
1.63993
1.6273
1.63525
1.59712
1.61469
1.54229
1.57331
1.45923
1.50365
1.36576
1.41222
1.27348
1.32021
1.17092
1.22358
1.07091
1.11843
1.00505
1.02999
0.935976
1.02266
1.00317
0.82745
2.67724
2.64124
2.61676
2.73606
2.70858
2.41736
2.50905
2.29653
2.34631
2.22421
2.25945
2.1495
2.18624
2.10347
2.12089
2.095
2.09624
2.10377
2.0974
2.12865
2.11449
2.15781
2.14383
2.18083
2.16983
2.2008
2.19126
2.21297
2.20853
2.2076
2.21308
2.17868
2.1963
2.12849
2.15588
2.06765
2.09846
2.00904
2.03729
1.95925
1.98258
1.9162
1.93665
1.87503
1.89537
1.8308
1.85368
1.77869
1.80599
1.7154
1.74756
1.64006
1.67898
1.55549
1.59905
1.47133
1.51422
1.40162
1.43589
1.3583
1.37728
1.343
1.34601
1.35135
1.34273
1.37245
1.36147
1.39021
1.3852
1.37276
1.38431
1.35209
1.48113
1.32679
1.40667
1.69104
1.57161
1.96583
1.82549
2.20966
2.09249
2.32826
2.28986
2.16551
2.29937
1.48187
1.89699
0.239452
0.92262
-1.36749
-0.541301
-3.02539
-2.27512
-3.80691
-3.54931
-3.40487
-3.74945
-2.15905
-2.84203
-0.811048
-1.45051
0.0502204
-0.298993
0.387195
0.264658
0.474471
0.443315
0.491659
0.48925
0.494837
0.492241
0.26059
2.432
1.75572
2.1519
2.30433
3.70653
1.45446
1.14829
-2.85041
-3.34322
0.00517085
0.701772
-2.32698
-2.03178
0.976131
1.05673
3.16736
0.30517
0.747421
0.59274
2.65525
2.76027
1.29329
1.25376
1.21653
0.497411
0.447201
0.449546
-0.110287
0.199263
-2.21029
0.0318922
-0.00905991
-0.0142587
0.0635175
-0.472053
-2.42653
2.46412
1.38891
0.54461
1.46022
1.94589
-1.51664
-2.45323
4.83023
-2.39395
1.26282
-3.27988
0.606001
0.550049
0.72248
0.663712
0.834778
0.781257
0.930666
0.884378
1.01546
0.974624
1.088
1.05333
1.14775
1.11925
1.19621
1.17314
1.23607
1.21692
1.26992
1.25337
1.30056
1.28528
1.33006
1.31534
1.3592
1.34466
1.38829
1.37378
1.41815
1.40318
1.44922
1.43369
1.48107
1.46523
1.51228
1.49698
1.53999
1.52664
1.56319
1.55222
1.5812
1.57281
1.59415
1.58827
1.60208
1.59875
1.6054
1.60421
1.60302
1.60527
1.58887
1.59756
1.56049
1.5767
1.51173
1.53895
1.44254
1.47906
1.3668
1.40452
1.28855
1.32883
1.20409
1.24598
1.12964
1.16505
1.08379
1.10025
1.09721
1.08241
0.874461
2.7879
2.70689
2.74909
2.83195
2.81718
2.85762
2.84435
2.47539
2.55843
2.35568
2.40797
2.27466
2.31339
2.19839
2.23574
2.14613
2.16756
2.12674
2.13363
2.12394
2.12348
2.1365
2.12862
2.15506
2.14594
2.17075
2.16333
2.18338
2.17767
2.18837
2.18728
2.17904
2.18585
2.15168
2.16787
2.10703
2.13122
2.05243
2.07993
1.99903
2.02489
1.95105
1.97401
1.90685
1.92836
1.86352
1.88526
1.81722
1.84117
1.76415
1.79177
1.70273
1.73366
1.63273
1.66876
1.55636
1.59556
1.48107
1.51907
1.41723
1.44805
1.37228
1.39215
1.34814
1.35688
1.34163
1.34283
1.34451
1.34288
1.3438
1.34539
1.3154
1.33327
1.28733
1.47255
1.38326
1.68202
1.5702
1.95895
1.81519
2.2172
2.09515
2.33464
2.3017
2.15658
2.2948
1.49027
1.89261
0.28735
0.950085
-1.28399
-0.472329
-2.81607
-2.10359
-3.58921
-3.33078
-3.23276
-3.55071
-2.05007
-2.69906
-0.790013
-1.38348
0.0118427
-0.317735
0.346474
0.217748
0.427057
0.40078
0.437531
0.434593
0.442198
-0.0234267
2.64111
1.11298
0.753251
-2.85993
-2.75157
1.12537
2.8459
0.416556
2.86787
1.1912
1.15084
0.494808
0.446133
-0.334753
0.213972
-2.83002
-1.46982
-0.00325184
-0.4289
-0.487886
-3.22328
0.638373
-0.373514
-0.354415
1.90195
-0.160944
1.09416
1.67865
-1.77329
-3.55827
3.20387
0.523758
-3.10533
-3.49345
2.55405
2.44956
0.883651
-2.98773
0.597948
0.545468
0.706421
0.652237
0.81153
0.759772
0.90559
0.859965
0.988764
0.948551
1.06098
1.02628
1.12179
1.09269
1.1724
1.14821
1.21506
1.19456
1.25198
1.23401
1.28556
1.26897
1.31713
1.30149
1.34748
1.3324
1.37708
1.36237
1.40677
1.39192
1.4365
1.42176
1.4656
1.45123
1.49303
1.47971
1.51796
1.50604
1.53837
1.52875
1.55412
1.5468
1.56511
1.5602
1.57112
1.56871
1.57286
1.57245
1.5688
1.57189
1.55401
1.56276
1.52798
1.54258
1.48546
1.50899
1.42833
1.45803
1.36735
1.39791
1.30186
1.33567
1.23441
1.26712
1.18012
1.20539
1.14955
1.16044
1.16241
1.15028
1.16512
1.22148
1.18744
1.02983
1.10219
0.827662
0.938286
5.29581
0.553725
0.700518
2.97012
2.95612
2.96147
2.9758
2.9755
2.97497
2.97542
2.87967
2.97894
2.97631
2.68954
2.7826
2.52521
2.603
2.40543
2.45977
2.31683
2.35936
2.23832
2.27611
2.18174
2.20633
2.15273
2.16455
2.14025
2.14481
2.1415
2.13932
2.1511
2.14605
2.15918
2.15559
2.16449
2.16221
2.16441
2.16561
2.15193
2.16003
2.12466
2.14016
2.08494
2.10592
2.0357
2.06041
1.9864
2.01057
1.93988
1.96258
1.89554
1.91747
1.85128
1.87371
1.80406
1.82828
1.75061
1.77822
1.69095
1.72023
1.6254
1.65917
1.55521
1.59106
1.48625
1.52063
1.42591
1.45489
1.37906
1.40044
1.3474
1.36117
1.32843
1.33689
1.31639
1.32256
1.30162
1.30972
1.26087
1.28509
1.2287
1.25009
1.10439
1.17183
1.4519
1.34601
1.68047
1.56404
1.93998
1.80819
2.16794
2.06458
2.26337
2.23655
2.09203
2.22666
1.44704
1.83351
0.319791
0.936111
-1.10484
-0.373638
-2.44533
-1.82106
-3.11307
-2.89649
-2.77581
-3.0646
-1.74237
-2.30526
-0.670539
-1.17402
0.0146953
-0.270355
0.3125
0.19333
0.38423
0.359408
0.393756
0.389685
0.405317
0.400317
0.398748
0.404652
-0.400692
2.94656
0.644468
0.245913
-3.37344
-2.60635
0.0665188
-0.753771
-0.481402
-3.97294
-1.50903
-0.325914
1.21266
1.26247
2.89365
2.98569
1.91385
1.04484
1.04097
0.980295
0.390507
0.354814
0.34509
-0.839338
2.30407
-1.61496
-5.01956
0.511013
-0.851312
-0.805414
-0.424407
0.4265
-3.28596
-5.56418
3.0502
0.571737
1.28816
-4.81281
0.383553
0.707788
0.57775
2.92539
2.90127
0.376339
-3.26392
0.20449
0.487744
0.43887
0.587628
0.537345
0.690321
0.638922
0.7902
0.741185
0.882283
0.83732
0.96439
0.924601
1.03635
1.00161
1.09815
1.06843
1.15056
1.12539
1.19544
1.1738
1.23482
1.21566
1.27052
1.25299
1.3038
1.28737
1.33535
1.31976
1.36534
1.35052
1.39437
1.37995
1.42266
1.40867
1.44964
1.43638
1.4745
1.46244
1.49628
1.48588
1.51389
1.50561
1.52744
1.52116
1.53656
1.53259
1.54076
1.5392
1.54125
1.54142
1.5361
1.53966
1.52204
1.53013
1.49887
1.51174
1.46284
1.48256
1.41633
1.44031
1.36696
1.39189
1.31364
1.34084
1.26197
1.2868
1.22282
1.24043
1.20581
1.21059
1.22119
1.20843
1.27228
1.24255
1.09118
1.156
0.924291
1.0147
0.821484
3.18532
3.24929
3.21522
3.1376
3.15886
3.10919
3.12123
3.08564
3.09886
3.07606
3.0797
2.72082
2.80406
2.569
2.64208
2.44751
2.5044
2.35207
2.39757
2.27181
2.31012
2.21099
2.23845
2.17389
2.18993
2.15274
2.16178
2.1445
2.14709
2.1453
2.14448
2.14623
2.14595
2.14582
2.14621
2.14097
2.14442
2.12569
2.13483
2.09887
2.11366
2.06094
2.08124
2.01758
2.03993
1.97174
1.99444
1.92712
1.94919
1.88333
1.90524
1.83887
1.86142
1.79129
1.81559
1.73819
1.76541
1.68021
1.70873
1.61811
1.64998
1.55258
1.58585
1.48799
1.51999
1.42941
1.45769
1.38044
1.40352
1.34253
1.36022
1.31385
1.32743
1.28966
1.30175
1.25962
1.27586
1.21109
1.23966
1.13688
1.17643
1.09232
1.19977
1.12036
1.40687
1.29536
1.6478
1.52741
1.88085
1.76625
2.0718
1.98654
2.13077
2.12611
1.89878
2.05865
1.29389
1.64582
0.313413
0.843214
-0.862114
-0.266555
-1.9104
-1.42726
-2.41956
-2.25613
-2.13712
-2.3743
-1.30175
-1.75572
-0.447413
-0.846409
0.0913456
-0.129709
0.313788
0.224633
0.363181
0.343924
0.368545
0.366583
0.369784
0.370791
0.363977
-0.881791
3.30218
-0.0271692
-0.44031
-4.64876
-3.29636
-0.240238
0.429192
0.174646
1.30795
3.07506
2.84537
0.985112
0.925109
0.380937
0.33533
-1.33585
2.87251
-1.35235
-6.30432
-2.54651
-0.759542
-1.33126
0.38222
-3.00238
-8.07291
-0.465934
2.05368
-0.686526
-6.25353
-8.3243
0.264807
-1.47545
3.53808
3.64626
-1.55152
0.684111
0.593879
-0.344109
-4.45405
-0.0651538
0.477922
0.429506
0.575139
0.526311
0.674369
0.624752
0.770985
0.723311
0.860895
0.816855
0.942125
0.902652
1.01389
0.979144
1.07646
1.04623
1.13042
1.1044
1.17719
1.15452
1.21859
1.19838
1.25605
1.23775
1.2906
1.27361
1.32293
1.30701
1.35318
1.33828
1.3817
1.36764
1.40853
1.39535
1.43337
1.42121
1.45578
1.44489
1.47495
1.46584
1.49005
1.48299
1.50125
1.49611
1.50844
1.50536
1.51129
1.51034
1.51077
1.51143
1.505
1.50874
1.49223
1.49939
1.47222
1.48326
1.44272
1.45861
1.40605
1.42491
1.36639
1.38659
1.32411
1.34531
1.28618
1.30412
1.25993
1.27114
1.25386
1.25399
1.27138
1.25925
1.31749
1.29105
1.34798
1.38595
1.34965
1.26623
1.30907
1.16385
1.21827
1.03103
1.10156
0.871509
0.953602
0.77965
3.38975
3.45457
3.29182
3.33569
3.23158
3.25746
3.18663
3.21256
3.16668
3.17545
3.07498
3.15553
3.15933
2.90801
2.99274
2.74725
2.82549
2.6055
2.67371
2.48312
2.54192
2.38249
2.43026
2.29977
2.33922
2.23478
2.26478
2.19057
2.21038
2.16177
2.17467
2.14503
2.15201
2.13762
2.14059
2.13263
2.13517
2.1268
2.12987
2.11792
2.1231
2.1009
2.11062
2.0745
2.08881
2.03965
2.05799
1.99913
2.01985
1.95639
1.97773
1.91374
1.93505
1.87073
1.89239
1.82639
1.84882
1.7789
1.80307
1.72665
1.75333
1.67038
1.69847
1.61083
1.64122
1.54855
1.57998
1.4868
1.51739
1.42919
1.45729
1.37836
1.40289
1.33517
1.35598
1.29816
1.3162
1.2629
1.28069
1.22146
1.24316
1.16568
1.19594
1.08704
1.12959
1.03888
1.30591
-0.120384
0.711828
0.978919
0.860397
0.914439
1.13996
1.05618
1.33383
1.23071
1.56571
1.4496
1.77867
1.67769
1.91132
1.86064
1.88095
1.92216
1.61366
1.77729
1.06892
1.38031
0.265279
0.690061
-0.621325
-0.180643
-1.34469
-1.02163
-1.62478
-1.55345
-1.35213
-1.55174
-0.723248
-1.06016
-0.121483
-0.396461
0.227449
0.0915506
0.343392
0.298583
0.359328
0.351094
0.354881
0.357837
0.338863
0.348532
0.315174
0.326591
0.292829
0.304328
-1.55347
3.3777
-0.786279
-1.28258
-7.17423
-5.16211
-0.643629
-0.0823551
-2.09396
-0.579551
-2.48835
-10.0578
-4.39081
3.77835
3.93306
2.79464
-1.37222
0.516186
0.0862166
1.39114
1.42439
3.08071
3.15786
-1.87001
-6.62374
-11.7443
-2.03699
1.71897
0.278573
0.253308
0.236158
0.788755
0.812044
0.740377
-1.11725
-10.8239
-2.46638
0.915501
0.436216
0.922702
3.78474
-2.64289
-1.15505
-6.85848
-0.409195
0.369094
0.322678
0.465704
0.417401
0.562039
0.513717
0.659098
0.610667
0.753194
0.706702
0.841325
0.798074
0.921738
0.882494
0.993477
0.958625
1.05668
1.02602
1.11201
1.08522
1.1603
1.13703
1.20333
1.18213
1.24227
1.2233
1.27785
1.2604
1.3107
1.2946
1.3409
1.32608
1.36881
1.3551
1.39437
1.38188
1.41736
1.40613
1.43729
1.42763
1.45384
1.44601
1.46658
1.46063
1.47561
1.47154
1.48079
1.47864
1.48249
1.48198
1.48131
1.48228
1.47541
1.47902
1.4644
1.47044
1.4478
1.45692
1.42429
1.43675
1.3966
1.41076
1.36603
1.38172
1.33378
1.34972
1.30723
1.31941
1.29184
1.29787
1.29347
1.29021
1.31565
1.30207
1.35933
1.3346
1.42195
1.38881
1.32108
1.35703
1.23894
1.28183
1.14379
1.1926
1.04013
1.09269
0.942162
0.98678
0.9172
3.56455
3.65823
3.42968
3.49059
3.34138
3.38069
3.28149
3.30981
3.24858
3.26205
3.23172
3.23693
2.92287
3.00211
2.77172
2.84587
2.6353
2.7019
2.51291
2.57228
2.40878
2.45843
2.32298
2.36394
2.25381
2.28625
2.20316
2.22636
2.16732
2.18378
2.14301
2.15381
2.12857
2.13485
2.11803
2.12318
2.10774
2.11286
2.09561
2.10211
2.07729
2.08745
2.05147
2.06524
2.01889
2.03588
1.98111
2.00039
1.94092
1.9611
1.9
1.92056
1.85796
1.87917
1.81408
1.83623
1.76702
1.79089
1.71578
1.74184
1.66106
1.68868
1.60329
1.63262
1.54344
1.57351
1.48369
1.51338
1.42656
1.45472
1.37383
1.39969
1.32594
1.34939
1.28166
1.30356
1.2373
1.25978
1.18655
1.21277
1.12371
1.15678
1.04077
1.08502
0.935268
0.990361
0.876315
0.905879
0.842783
1.06657
0.982724
1.23982
1.15084
1.4468
1.34136
1.62728
1.54679
1.6827
1.6752
1.55889
1.64682
1.21813
1.41269
0.7273
0.987272
0.159992
0.447796
-0.383366
-0.122231
-0.769748
-0.605298
-0.861229
-0.858687
-0.611322
-0.773651
-0.16986
-0.400413
0.206708
0.042737
0.375184
0.320003
0.388845
0.38905
0.364696
0.372261
0.343717
0.353915
0.313043
0.329787
0.281121
0.295858
0.268068
-2.55836
-0.713372
-1.27169
-1.86135
-2.07602
-10.9829
-7.914
4.11835
3.45274
-1.17414
-0.391076
1.45736
3.2293
-3.18802
1.2871
1.40501
-5.1212
-14.0584
-6.43963
2.66372
-2.1928
-0.135306
0.261046
0.216668
0.216454
0.19717
0.710285
0.662243
0.766956
0.69582
-2.75037
-11.3241
-14.0878
-3.71384
-2.418
-3.84401
0.357826
-0.2979
1.04145
0.980797
-4.24779
-1.9653
-10.298
4.25044
3.93369
-0.820404
0.354807
0.307664
0.451796
0.402966
0.548506
0.500035
0.644413
0.596638
0.736788
0.691129
0.823508
0.780893
0.903104
0.864162
0.974852
0.9399
1.03865
1.00765
1.09508
1.06768
1.14495
1.12074
1.18934
1.16803
1.22928
1.20977
1.26565
1.2478
1.29886
1.28261
1.3289
1.31419
1.35605
1.34276
1.38025
1.36846
1.40122
1.39109
1.41917
1.4106
1.4332
1.42661
1.44347
1.4387
1.45036
1.44728
1.45373
1.45242
1.45422
1.45417
1.45248
1.45364
1.44703
1.45019
1.43814
1.44289
1.42525
1.43227
1.4073
1.41673
1.38715
1.3973
1.36539
1.37656
1.34269
1.3538
1.32574
1.33313
1.31936
1.32111
1.32727
1.32129
1.35378
1.33822
1.39762
1.37386
1.45732
1.42568
1.49285
1.52346
1.49018
1.43392
1.4633
1.37444
1.40423
1.31305
1.34393
1.2551
1.28327
1.21125
1.23085
1.20088
1.19923
1.22608
4.32931
4.45672
3.96587
4.13633
3.71545
3.82713
3.55176
3.62601
3.43988
3.49037
3.36522
3.3989
3.32071
3.33962
3.29886
3.30708
3.23096
3.29454
3.29458
3.08907
3.16259
2.93895
3.01357
2.79451
2.86571
2.66016
2.72608
2.53752
2.59731
2.43111
2.48225
2.34205
2.38477
2.26868
2.3035
2.21201
2.23843
2.16949
2.18928
2.13855
2.15261
2.11769
2.12702
2.10221
2.10948
2.08833
2.09501
2.07397
2.08124
2.05514
2.06509
2.02983
2.04293
1.9991
2.01491
1.96374
1.98173
1.92567
1.94478
1.8863
1.90605
1.8453
1.86594
1.80205
1.82384
1.75575
1.77928
1.70542
1.73108
1.6519
1.67896
1.59569
1.62411
1.53766
1.5668
1.47919
1.50837
1.42213
1.45046
1.36752
1.39454
1.31557
1.34126
1.26516
1.29031
1.21306
1.23945
1.15473
1.18479
1.08494
1.1215
0.997766
1.04346
0.890242
0.946384
0.831307
0.824744
0.763978
0.975906
0.896282
1.13786
1.05676
1.31188
1.22525
1.43106
1.38644
1.37553
1.42949
1.10827
1.26819
0.699611
0.906911
0.316867
0.502691
-0.00105715
0.14494
-0.199013
-0.116027
-0.258356
-0.247756
-0.153342
-0.225403
0.0774404
-0.0477562
0.321729
0.205975
0.466414
0.413258
0.477788
0.488353
0.419626
0.451002
0.362344
0.385815
0.324647
0.341416
0.28811
0.307072
0.25097
0.26873
0.23396
-4.04385
1.62813
-3.01249
-3.3885
-3.44648
-14.9712
-10.8552
4.56361
3.57217
-1.80993
-0.770389
0.175613
0.617976
-4.35188
-9.0599
-16.0647
-8.06507
2.34157
-3.19032
-0.479043
1.52717
1.55599
3.23745
3.29952
-6.50397
-6.05756
-3.52769
-2.62195
1.27399
0.410599
-13.5701
1.97801
-4.34213
1.79417
2.42833
-2.85928
-13.8957
4.18855
-1.31458
0.241533
0.150504
0.193262
0.339384
0.289301
0.437413
0.387352
0.535025
0.485604
0.630424
0.582371
0.721801
0.676139
0.807504
0.764966
0.88642
0.8475
0.958044
0.92291
1.02228
0.990904
1.07956
1.0516
1.13083
1.10579
1.17644
1.15417
1.21726
1.19723
1.25413
1.23591
1.28755
1.27121
1.31734
1.30272
1.3437
1.33082
1.36655
1.35542
1.3858
1.37652
1.40146
1.394
1.41308
1.40767
1.42093
1.41733
1.42552
1.42351
1.42708
1.42654
1.42646
1.42684
1.42431
1.42551
1.41982
1.42225
1.4132
1.41664
1.40396
1.40888
1.39158
1.398
1.37797
1.38473
1.36414
1.37111
1.35055
1.35711
1.342
1.34533
1.34308
1.34126
1.3565
1.34811
1.3863
1.36928
1.43247
1.40773
1.49157
1.46068
1.55493
1.52351
1.47437
1.50027
1.42506
1.44896
1.38454
1.40356
1.36084
1.36994
1.36955
1.3602
1.4398
1.39494
1.62115
1.5117
2.04627
1.78409
3.02778
2.4684
4.46339
4.6834
4.1171
4.2824
3.84648
3.97133
3.65845
3.7439
3.52784
3.58734
3.43945
3.47915
3.3849
3.40845
3.3585
3.36861
3.35275
3.35312
3.09868
3.1701
2.9547
3.02629
2.81476
2.88425
2.68111
2.74689
2.55798
2.61789
2.44969
2.50188
2.35706
2.40151
2.27941
2.31638
2.21704
2.24638
2.1683
2.19114
2.1312
2.14833
2.10462
2.11672
2.085
2.09422
2.0684
2.07645
2.05234
2.06048
2.03328
2.04336
2.00905
2.02175
1.98004
1.99508
1.94677
1.96387
1.91062
1.92895
1.87275
1.8919
1.83277
1.85303
1.79024
1.8118
1.74478
1.7679
1.69545
1.72066
1.64286
1.66932
1.58796
1.61561
1.53124
1.55973
1.47364
1.50245
1.41642
1.44496
1.36005
1.3881
1.30458
1.33218
1.24896
1.27688
1.19051
1.22007
1.12592
1.15925
1.04996
1.08961
0.958269
1.00615
0.849206
0.90576
0.721917
0.787775
0.576314
0.651624
0.625638
0.536468
0.579091
0.734361
0.677703
0.871112
0.798228
1.03031
0.950668
1.16786
1.10546
1.20589
1.20552
1.02503
1.14881
0.604891
0.837421
0.13313
0.355116
-0.154751
-0.0391165
-0.197077
-0.207781
-0.0490104
-0.13834
0.166761
0.056549
0.387436
0.279519
0.576373
0.489828
0.675256
0.641887
0.649334
0.679151
0.538018
0.599666
0.424553
0.479746
0.345721
0.380817
0.295857
0.31728
0.259596
0.277289
0.222943
0.241252
0.184202
0.203773
0.141201
0.163796
-5.73353
0.00141307
-1.91372
-4.43162
-4.63407
-16.8921
-12.6216
4.89
3.64853
-2.6753
-1.2938
1.5861
3.35681
0.496325
0.112037
-4.87664
-5.65539
-5.21553
-0.906076
0.7173
2.4179
5.53335
5.61797
1.76463
-4.93279
-14.9558
-10.5373
-5.25457
4.08089
6.08322
6.67578
6.6382
4.48563
-2.68769
-15.7023
4.40907
5.48244
6.64409
7.62175
8.28172
7.19564
8.27314
7.78058
-2.01341
-8.87405
-11.8982
-3.98298
-1.33835
1.5042
6.60312
3.32108
0.846921
-0.850467
-7.05944
-8.1561
-9.7362
-9.75343
-8.85516
0.0855312
0.112561
0.13514
0.155914
0.175716
0.194183
0.21042
0.225844
0.241801
0.261012
0.286013
0.318728
0.360658
0.409779
0.476119
0.553134
0.643936
0.740151
0.833047
0.91014
0.959356
0.965114
0.923684
0.831482
0.689681
0.50286
0.28316
0.0434913
-0.196821
-0.414765
-0.582035
-0.67039
-0.65528
-0.52353
-0.280159
0.0236199
0.334398
0.610317
0.82193
0.956488
1.02048
1.02629
0.985619
0.916644
0.83788
0.761363
0.694746
0.636813
0.584065
0.535345
0.491867
0.451853
0.411909
0.371035
0.45438
0.534603
0.608991
0.679526
0.747122
0.810276
0.868607
0.922594
0.972289
1.01816
1.06029
1.09924
1.13543
1.16941
1.20181
1.23297
1.26339
1.29303
1.32243
1.3516
1.38072
1.40969
1.4386
1.4673
1.49593
1.52432
1.5524
1.58007
1.60728
1.63408
1.66009
1.68544
1.70998
1.73372
1.7566
1.77863
1.79986
1.82039
1.84023
1.85941
1.87796
1.89597
1.9135
1.9304
1.94658
1.96177
1.97598
1.98916
2.00127
2.01223
2.02203
2.03093
2.03933
2.04773
2.05652
2.06609
2.07681
2.08916
2.10363
2.12073
2.14064
2.16349
2.18923
2.21803
2.2501
2.28572
2.32498
2.36784
2.4143
2.46431
2.51785
2.57482
2.63511
2.69843
2.76423
2.83188
2.90071
2.97032
3.04074
3.11177
3.18145
3.24743
3.30811
3.36403
3.41672
3.40949
3.40516
3.40528
3.41102
3.42264
3.44178
3.46893
3.50458
3.54965
3.60508
3.67202
3.75169
3.84605
3.95823
4.09103
4.24328
4.41256
4.6012
4.82063
5.2011
5.66925
6.03686
6.46325
6.93356
7.34924
7.55955
7.55822
7.075
6.33886
5.54254
4.64874
3.86931
3.28775
2.8365
2.44159
2.14816
1.92733
1.76166
1.64493
1.56532
1.51174
1.47767
1.45882
1.45192
1.45034
1.45868
1.47233
1.49031
1.51119
1.53452
1.56015
1.58776
1.61683
1.6489
1.61857
1.58749
1.55566
1.52321
1.49181
1.46259
1.43647
1.41405
1.39579
1.38155
1.37092
1.36332
1.35843
1.35597
1.35566
1.35699
1.35938
1.36236
1.36562
1.36906
1.37259
1.37619
1.37972
1.38312
1.38617
1.38888
1.39118
1.39324
1.39503
1.39662
1.39787
1.39893
1.39981
1.40059
1.40102
1.401
1.40027
1.39886
1.3966
1.39353
1.38944
1.38438
1.37814
1.37094
1.36261
1.35343
1.34311
1.33189
1.31948
1.30629
1.29196
1.27693
1.26071
1.24383
1.22567
1.20642
1.18604
1.1647
1.14194
1.11792
1.09236
1.06555
1.03715
1.00746
0.975883
0.942862
0.90774
0.871313
0.832591
0.792836
0.750607
0.707765
0.662358
0.616906
0.568924
0.521504
0.471596
0.422722
0.371514
0.321658
0.2693
0.219002
0.168067
0.12145
0.0763817
0.0544868
0.0442418
0.0218622
-6.15466
-3.17418
-12.4975
-15.7978
-7.81082
5.54208
3.4938
5.27498
7.51207
8.3066
9.33304
9.22406
-2.02152
-4.28348
-3.24866
8.35835
4.66963
6.94992
-11.9254
-10.1347
-15.0422
-2.97636
-0.00740563
-0.0303641
-14.2318
-20.0166
-16.5943
-6.45616
-9.92206
0.025452
0.0531948
0.091716
0.141598
0.195754
0.24983
0.303748
0.356174
0.408096
0.458396
0.508238
0.556482
0.604008
0.649888
0.694722
0.737813
0.779533
0.819423
0.857824
0.894397
0.929444
0.962691
0.994435
1.02448
1.05319
1.08037
1.10635
1.13091
1.15396
1.17564
1.19621
1.21556
1.2338
1.25085
1.26692
1.2819
1.29589
1.3088
1.32068
1.33142
1.34102
1.34951
1.35688
1.36312
1.36815
1.37201
1.37472
1.37645
1.37725
1.3773
1.37665
1.37553
1.37408
1.37261
1.3712
1.36994
1.3687
1.36754
1.36637
1.36527
1.36414
1.36305
1.36197
1.36105
1.3603
1.35981
1.3595
1.35941
1.35959
1.36022
1.36151
1.36373
1.36729
1.37262
1.38009
1.38991
1.40244
1.41809
1.4375
1.46093
1.48839
1.51941
1.5531
1.58784
1.62175
1.65394
1.68383
-0.302427
10.4535
10.9907
1.50224
-2.66327
-7.2679
7.63438
10.2332
3.51289
6.00742
9.01907
4.86819
-15.5008
-9.91967
0.0234689
0.0598713
0.0725426
0.0904774
0.11093
0.129888
0.147111
0.162572
0.175991
0.189179
0.204253
0.223643
0.249494
0.282464
0.326055
0.378846
0.456103
0.547409
0.656495
0.781379
0.911396
1.03037
1.11889
1.16206
1.1494
1.07143
0.925876
0.713261
0.439821
0.116601
-0.236302
-0.587409
-0.893449
-1.10269
-1.17446
-1.08522
-0.838704
-0.494053
-0.116736
0.231012
0.512501
0.708823
0.822598
0.861297
0.837585
0.780825
0.712681
0.6458
0.586173
0.532804
0.484749
0.441454
0.401844
0.364401
0.32771
0.28836
0.246774
0.327694
0.410273
0.490856
0.56803
0.640552
0.709679
0.774486
0.834812
0.890594
0.94206
0.989646
1.03377
1.07472
1.11324
1.14944
1.18416
1.21739
1.24981
1.28123
1.31213
1.34244
1.37247
1.40204
1.43133
1.46018
1.48873
1.51691
1.54473
1.57209
1.59901
1.62533
1.65112
1.67586
1.69999
1.72337
1.74588
1.76751
1.78835
1.80842
1.82776
1.84635
1.86434
1.88174
1.8986
1.91474
1.93009
1.94441
1.95779
1.97013
1.98145
1.99167
2.00084
2.00929
2.01741
2.02578
2.03483
2.04506
2.05689
2.07091
2.08747
2.10692
2.12935
2.15485
2.18338
2.21503
2.24989
2.28813
2.32985
2.37501
2.42358
2.47541
2.53041
2.58841
2.64933
2.71289
2.77874
2.84628
2.91507
2.98483
3.05553
3.12625
3.19532
3.26076
3.32176
3.37744
3.43043
3.48403
3.46773
3.45748
3.4512
3.45035
3.45611
3.46911
3.4903
3.52032
3.55976
3.60934
3.67017
3.74338
3.8302
3.93241
4.05207
4.18903
4.34303
4.51977
4.73173
5.00076
5.30705
5.63543
6.00339
6.38998
6.71396
6.97748
7.07027
6.98319
6.61029
6.0599
5.34365
4.66678
4.09403
3.58459
3.09387
2.6748
2.36824
2.13929
1.95867
1.81753
1.71237
1.63578
1.58138
1.54446
1.52176
1.51031
1.50859
1.51468
1.5271
1.54439
1.56572
1.59063
1.618
1.64734
1.6775
1.7128
-11.9978
-12.8779
-8.12205
-5.35111
-13.0415
-0.0487066
-0.0112576
0.0245071
0.0694204
0.121034
0.176766
0.232372
0.287915
0.34153
0.394383
0.445468
0.495759
0.544463
0.59214
0.63826
0.683066
0.726251
0.767905
0.807843
0.846201
0.882847
0.917931
0.951336
0.983217
1.0135
1.04233
1.06981
1.09593
1.12055
1.14391
1.16595
1.18673
1.20627
1.22454
1.24169
1.25764
1.27254
1.28625
1.29892
1.31032
1.3206
1.32956
1.33737
1.34384
1.34911
1.35296
1.35561
1.35692
1.3572
1.35641
1.35486
1.35263
1.35013
1.34747
1.34508
1.34297
1.34136
1.34007
1.3393
1.33883
1.3388
1.33902
1.33967
1.34064
1.34214
1.34406
1.34649
1.34929
1.35252
1.35612
1.36022
1.36492
1.37042
1.377
1.38499
1.39473
1.40647
1.42061
1.43761
1.45819
1.48289
1.51201
1.5452
1.58174
1.61948
1.6568
1.69216
1.72388
1.75263
1.78328
1.74444
1.70815
1.67685
1.64576
1.61712
1.59223
1.57223
1.5579
1.55012
1.55021
1.55959
1.58065
1.61415
1.66436
1.73607
1.83276
1.96179
2.12899
2.33566
2.58219
2.87258
3.21876
3.6197
4.1181
4.71986
5.32634
5.82829
6.26168
6.58525
6.70342
6.69099
6.52609
6.24139
5.97642
5.68885
5.35704
5.05359
4.80895
4.60513
4.42646
4.26638
4.12431
3.9992
3.89104
3.79902
3.72143
3.65667
3.60362
3.5614
3.52925
3.50658
3.49282
3.48758
3.49015
3.49994
3.51616
3.53861
3.51047
0.201505
0.28
0.365406
0.449325
0.530564
0.606201
0.678415
0.744696
0.807054
0.863933
0.917244
0.965783
1.01173
1.05384
1.09424
1.13189
1.16841
1.20317
1.23719
1.27005
1.30233
1.33365
1.36459
1.39477
1.42465
1.45375
1.48253
1.51074
1.53866
1.56591
1.59263
1.61846
1.64371
1.66807
1.69176
1.71453
1.73661
1.75772
1.77808
1.79751
1.81632
1.83424
1.85167
1.86833
1.88454
1.89981
1.91441
1.92787
1.94048
1.95184
1.96227
1.97144
1.9798
1.98735
1.99491
2.00274
2.0117
2.02208
2.03471
2.04983
2.06815
2.08961
2.11453
2.14265
2.17414
2.2088
2.24673
2.28782
2.33216
2.3797
2.43041
2.48412
2.54068
2.60003
2.66195
2.72622
2.79232
2.85994
2.92881
2.99899
3.07043
3.14172
3.21171
3.27852
3.34083
3.39915
3.45551
0.131433
0.174216
0.0275187
0.0577547
0.0638309
0.0759833
0.0907748
0.104768
0.117165
0.128635
0.139594
0.15184
0.16659
0.185035
0.209402
0.240352
0.282378
0.334169
0.410775
0.501598
0.605013
0.728448
0.86683
1.00921
1.13729
1.22768
1.25497
1.20372
1.06698
0.84251
0.536153
0.160464
-0.264066
-0.707027
-1.12419
-1.43506
-1.57794
-1.52343
-1.28812
-0.925285
-0.504009
-0.10169
0.231131
0.469146
0.614413
0.675047
0.667803
0.628497
0.57472
0.519809
0.469249
0.423127
0.382195
0.344981
0.311094
0.27842
0.245619
0.210715
-13.2285
7.04924
5.84997
8.78847
-5.20126
10.5708
-11.8582
-11.8369
7.41041
4.75433
4.02686
9.47538
0.0740946
0.0452167
-3.14839
0.0791848
0.149757
-0.0217731
-0.133271
-9.40349
-11.2585
3.62536
1.81946
1.82479
-14.8614
1.85316
3.6428
0.0269697
-8.06472
-3.85708
9.08261
6.77146
6.85456
-14.3497
0.142556
0.112522
0.195495
0.16942
0.247732
0.220858
0.307671
0.276268
0.380564
0.342183
0.461117
0.421288
0.473373
0.482228
0.249454
0.40264
-0.324376
0.00748729
-1.12773
-0.723584
-1.66722
-1.46693
-1.49294
-1.68252
-0.671291
-1.13816
0.184262
-0.225278
0.817247
0.537768
1.12975
1.01481
1.12813
1.16415
0.900903
1.03364
0.620083
0.756497
0.410881
0.503799
0.26716
0.333524
0.186185
0.221791
0.140937
0.160453
0.112777
0.125672
0.0933803
0.101937
0.0783593
0.0856068
0.0618561
0.0704256
0.0434315
0.0527808
0.0276917
3.48686
3.54622
3.36261
3.42551
3.22804
3.29706
3.08417
3.15647
2.94253
3.01272
2.80569
2.87362
2.67351
2.73886
2.54916
2.61014
2.43511
2.49076
2.33259
2.38233
2.2421
2.28587
2.1634
2.20123
2.09767
2.12878
2.04678
2.07026
2.0113
2.02719
1.98848
1.9986
1.97311
1.98022
1.95985
1.9665
1.94428
1.95254
1.92426
1.93481
1.89989
1.91253
1.87188
1.88624
1.84091
1.85665
1.80718
1.82432
1.77039
1.78912
1.72989
1.75054
1.68544
1.70806
1.6373
1.66166
1.58646
1.61203
1.53317
1.56
1.47722
1.50525
1.41914
1.44817
1.35846
1.38875
1.29488
1.32662
1.22792
1.26136
1.15704
1.19249
1.08069
1.11896
0.996117
1.03858
0.899658
0.948215
0.787188
0.844055
0.655084
0.722118
0.500766
0.578892
0.325304
0.41316
0.231833
1.74229
1.78404
1.66876
1.70397
1.61275
1.63809
1.58163
1.59371
1.58225
1.57706
1.62554
1.59805
1.72817
1.668
1.92018
1.81062
2.24583
2.06442
2.70243
2.46022
3.3279
2.98419
4.19965
3.73684
5.19207
4.70044
5.99752
5.64954
6.41657
6.26809
6.35347
6.43414
5.9275
6.16509
5.40181
5.66731
4.88366
5.13384
4.48492
4.66966
4.17525
4.32085
3.9362
4.0475
3.75957
3.84071
3.63624
3.69186
3.55826
3.592
3.52063
3.53467
3.52078
3.51615
3.55866
3.53433
3.59083
1.7599
1.79017
1.68567
1.72445
1.60391
1.64468
1.53095
1.56556
1.47559
1.50105
1.43628
1.45435
1.4077
1.421
1.386
1.39623
1.36849
1.37691
1.35316
1.36063
1.33963
1.3461
1.32872
1.33374
1.32085
1.32433
1.31561
1.31783
1.31272
1.31372
1.31273
1.31217
1.31616
1.31387
1.32278
1.31899
1.33105
1.32676
1.33833
1.3349
1.34203
1.3407
1.34053
1.34197
1.3331
1.33756
1.31993
1.3272
1.30153
1.31139
1.27811
1.29045
1.24994
1.26463
1.21711
1.23413
1.17942
1.19892
1.13661
1.15867
1.08846
1.11325
1.03474
1.06235
0.975152
1.00574
0.909523
0.943188
0.837613
0.874473
0.759236
0.799385
0.674329
0.717769
0.583194
0.629715
0.486391
0.535648
0.384475
0.436169
0.27752
0.331711
0.164932
0.221867
0.0502809
0.10716
-0.0533026
-0.00389726
-0.131665
-0.0952369
-9.93544
-0.0363926
0.0131149
1.93801
3.71502
1.93418
3.69928
-0.0023593
-0.149058
-0.186664
-0.0245743
-0.0857749
0.103259
0.0427215
0.218516
0.163488
0.327281
0.274402
0.431528
0.380527
0.531103
0.48229
0.625306
0.579106
0.713489
0.67027
0.795255
0.755207
0.870502
0.833654
0.939379
0.905659
1.00207
0.971412
1.05884
1.03111
1.1099
1.085
1.15545
1.13329
1.19572
1.17617
1.23092
1.21388
1.26128
1.24662
1.28688
1.27462
1.30741
1.29774
1.32248
1.31558
1.33155
1.32776
1.33396
1.33354
1.33
1.33265
1.32124
1.32604
1.31
1.31568
1.29946
1.30436
1.2927
1.29541
1.29085
1.2911
1.29322
1.2915
1.29878
1.29555
1.30776
1.30268
1.32142
1.31389
1.33966
1.33002
1.3602
1.34979
1.38114
1.37061
1.4036
1.39202
1.43053
1.4163
1.46528
1.44674
1.51151
1.48667
1.57516
1.5408
1.65805
1.61462
1.74782
1.70362
1.83269
1.78953
1.88181
3.62872
3.67833
3.55886
3.58744
3.53552
3.54179
3.55371
3.5396
3.61269
3.57803
3.71582
3.65845
3.86937
3.78585
4.08215
3.96793
4.36104
4.21301
4.71185
4.52704
5.13659
4.91623
5.66508
5.38432
6.05455
5.88289
6.26079
6.21245
6.06968
6.20891
5.51068
5.81736
4.72279
5.17948
3.74744
4.24091
3.08669
3.39071
2.54635
2.8045
2.13051
2.31938
1.86173
1.9795
1.70405
1.77127
1.62277
1.65639
1.59549
1.6033
1.60828
1.59757
1.65269
1.62685
1.72541
1.68548
1.82647
1.77275
1.88208
0.19473
0.0999599
0.390358
0.295968
0.562795
0.481611
0.709159
0.640665
0.833121
0.775451
0.938886
0.889659
1.03062
0.987511
1.11217
1.07335
1.18673
1.15086
1.25646
1.2227
1.32253
1.29044
1.38543
1.35481
1.44548
1.41613
1.50302
1.47481
1.55824
1.5311
1.61087
1.58505
1.66022
1.63608
1.70592
1.68364
1.74756
1.72734
1.78505
1.76687
1.81902
1.80248
1.84985
1.83488
1.87794
1.86429
1.90266
1.8908
1.92319
1.91351
1.93884
1.93164
1.9503
1.94491
1.96123
1.9555
1.97749
1.96822
2.00628
1.98989
2.05251
2.02709
2.116
2.08227
2.19331
2.15313
2.28196
2.23625
2.38211
2.33053
2.49427
2.43674
2.61714
2.55449
2.74846
2.68195
2.88445
2.81614
3.02279
2.95325
3.16595
3.09366
3.31208
3.23928
3.45199
3.38342
3.58086
3.51771
3.64152
-0.089168
0.013049
-0.00720923
0.0346921
0.0221712
0.0461336
0.0422049
0.052827
0.0492852
0.0631622
0.057291
0.0800727
0.0707157
0.104012
0.0904119
0.147239
0.121831
0.225465
0.179284
0.342239
0.277331
0.526791
0.425766
0.746259
0.637453
0.882784
0.833334
0.804425
0.875396
0.453103
0.662655
-0.1406
0.179404
-0.961723
-0.479291
-1.40517
-1.2335
-1.26329
-1.41114
-0.682167
-0.997718
-0.114577
-0.371717
0.204514
0.0750399
0.291998
0.269934
0.256581
0.282999
0.207236
0.230569
0.16711
0.18587
0.132602
0.149286
0.100938
0.116717
0.0633876
0.0838648
0.0346235
-12.3595
-0.313171
-7.24474
-12.136
-0.417682
-20.11
-15.8264
-18.7024
-19.5244
-16.7444
-12.704
10.5608
12.3156
12.5687
11.9203
8.95977
-9.03026
-6.53374
-6.17715
-5.86476
-5.22864
-2.25706
3.1829
0.494693
-4.42213
-0.292731
-0.191952
-0.100351
-0.0228093
0.0453229
0.107953
0.163731
0.220442
0.273927
0.328046
0.379837
0.431604
0.481394
0.530659
0.578008
0.624473
0.668983
0.712368
0.753767
0.79392
0.832115
0.86903
0.904079
0.93785
0.969846
1.00057
1.02961
1.0574
1.08361
1.10858
1.13202
1.15422
1.17496
1.19448
1.2126
1.22956
1.24517
1.25967
1.27286
1.28488
1.29553
1.3049
1.31284
1.31942
1.32444
1.3279
1.32958
1.32961
1.32794
1.32473
1.32016
1.3146
1.30832
1.30181
1.29545
1.28974
1.285
1.28153
1.27933
1.27839
1.27857
1.27982
1.28208
1.28546
1.29006
1.29608
1.30363
1.31272
1.32317
1.33467
1.3468
1.35916
1.37143
1.38356
1.39573
1.4084
1.42211
1.43741
1.4548
1.47456
1.49696
1.52242
1.55216
1.58834
1.63337
1.68832
1.75181
1.81712
1.87298
1.91247
1.9521
2.06902
3.81757
3.71268
3.64916
3.60256
3.57133
3.55278
3.54581
3.54952
3.56357
3.58822
3.62356
3.66997
3.7283
3.79956
3.88462
3.98458
4.10065
4.23458
4.38838
4.56449
4.76616
4.98905
5.205
5.40717
5.60637
5.82362
6.02692
6.08652
6.13716
6.11068
5.91435
5.73688
5.3783
4.96873
4.63881
4.33388
3.98737
3.58284
3.15125
2.80046
2.53372
2.32824
2.15642
2.00995
1.88916
1.79532
1.72256
1.6697
1.63516
1.6141
1.60496
1.60576
1.61583
1.63439
1.6606
1.69473
1.73818
1.79133
1.8554
1.93479
2.0558
2.25242
-0.118433
-0.0544447
0.0656142
0.176749
0.286419
0.381088
0.474788
0.555543
0.63482
0.703591
0.770402
0.828914
0.88547
0.935673
0.984256
1.02816
1.07092
1.11031
1.14903
1.18532
1.22124
1.25533
1.28919
1.32155
1.35366
1.38448
1.41496
1.44439
1.47348
1.5017
1.52953
1.55656
1.58315
1.60895
1.63414
1.6584
1.68189
1.70431
1.7258
1.74613
1.76544
1.78362
1.80085
1.81713
1.83259
1.84717
1.86099
1.87402
1.88623
1.89743
1.9076
1.91657
1.92428
1.9307
1.93608
1.94079
1.94543
1.9507
1.95745
1.96663
1.97915
1.99574
2.01687
2.04264
2.07286
2.10711
2.14495
2.18601
2.23008
2.2771
2.32711
2.38015
2.43623
2.49527
2.55703
2.62114
2.68723
2.75488
2.82354
2.89272
2.9622
3.03228
3.10386
3.17818
3.2563
3.33805
3.42053
3.49729
3.56184
3.61414
3.67673
3.81772
4.05154
0.22509
0.0627728
0.000836403
-0.00434981
0.00120548
0.0110015
0.0155742
0.016677
0.0173745
0.0183267
0.0198395
0.0218585
0.0244675
0.0280241
0.0314473
0.0365408
0.0431933
0.0519409
0.0637987
0.0835374
0.106188
0.135576
0.174873
0.223879
0.279001
0.333742
0.378862
0.405542
0.404175
0.37174
0.30593
0.208196
0.0777942
-0.0806976
-0.260411
-0.463975
-0.615093
-0.705108
-0.710935
-0.640316
-0.51209
-0.361253
-0.21292
-0.0933489
-0.00114331
0.0649669
0.0964708
0.11318
0.104926
0.0909974
0.0799686
0.0706013
0.0628697
0.0566225
0.0509633
0.0457654
0.0410978
0.0360242
0.0305731
0.0252325
0.0213115
0.0297331
0.00961977
-9.9265
-6.45206
4.6292
0.80658
)
;

boundaryField
{
    frontandback
    {
        type            empty;
    }
    walls
    {
        type            zeroGradient;
    }
    diamond
    {
        type            zeroGradient;
    }
    inlet
    {
        type            zeroGradient;
    }
    outlet
    {
        type            fixedValue;
        value           uniform 0;
    }
}


// ************************************************************************* //
