/*--------------------------------*- C++ -*----------------------------------*\
  =========                 |
  \\      /  F ield         | OpenFOAM: The Open Source CFD Toolbox
   \\    /   O peration     | Website:  https://openfoam.org
    \\  /    A nd           | Version:  10
     \\/     M anipulation  |
\*---------------------------------------------------------------------------*/
FoamFile
{
    format      ascii;
    class       volScalarField;
    location    "17";
    object      p;
}
// * * * * * * * * * * * * * * * * * * * * * * * * * * * * * * * * * * * * * //

dimensions      [0 2 -2 0 0 0 0];

internalField   nonuniform List<scalar> 
6397
(
0.244625
0.229365
-0.0467046
-0.0389801
-0.0390654
-0.0471655
0.456696
0.211367
-0.388862
-0.42586
0.32376
0.21807
-0.00363872
-0.00474176
-0.0108543
-0.359245
-0.357899
-0.35906
0.837395
0.777033
0.742487
-0.547354
-0.481328
-0.480289
-0.00430342
-0.00599991
-0.0039478
-0.100467
-0.0979637
-0.122679
-0.125884
-0.0222984
-0.026339
-0.0325658
-0.00962521
-0.0114641
-0.0148968
-0.0174826
-0.00434472
-0.00353801
-0.00600954
-0.00720192
-0.111361
-0.0758386
-0.0914035
-0.056998
-0.0552461
-0.066959
-0.000752374
-0.000904963
-0.000300418
-0.000359294
-0.000639413
0.32913
0.315553
0.173877
0.18511
0.0204052
-0.0643758
-0.0629888
-0.0693568
-0.0780014
-0.0910571
-0.108534
-0.129848
-0.152848
-0.174631
-0.189474
-0.0540786
-0.0655599
-0.0524543
-0.0590932
-0.0675983
-0.0801896
-0.0978113
-0.120712
-0.148357
-0.17884
-0.207414
-0.228638
-0.0542983
-0.0722301
-0.192886
-0.234021
-0.0593479
-0.0818305
-0.183505
-0.227947
-0.0660632
-0.0910521
-0.162364
-0.204475
-0.0720671
-0.0752198
-0.135892
-0.173821
-0.0434195
-0.0522826
-0.0482006
-0.038435
-0.0398124
-0.0446413
-0.0401521
-0.0627093
-0.0519315
-0.0987052
-0.0780158
-0.158581
-0.125709
-0.231742
-0.195652
-0.276272
-0.260966
-0.241545
-0.266986
-0.20638
-0.137256
-0.0965955
-0.118009
-0.147076
-0.14712
-0.123195
-0.137282
-0.0922707
-0.106694
-0.0728203
-0.0803896
-0.0686234
-0.0689553
-0.079237
-0.0718956
-0.104799
-0.0911758
-0.12454
-0.117766
-0.0744228
-0.0981981
-0.0528932
-0.170876
-0.144288
-0.0598419
-0.0789563
-0.0483597
-0.141861
-0.18786
-0.152535
-0.134407
-0.0325142
-0.0339136
-0.124457
-0.111829
-0.0251534
-0.0288197
-0.024869
-0.0236765
-0.0346647
-0.0286921
-0.0553068
-0.043293
-0.0941512
-0.0719037
-0.159081
-0.12314
-0.242116
-0.200224
-0.29673
-0.277312
-0.267598
-0.292706
-0.229148
-0.0922722
-0.0764691
-0.105762
-0.103097
-0.0927681
-0.102071
-0.0741147
-0.0833745
-0.0663665
-0.0686776
-0.0722854
-0.0677331
-0.0926598
-0.0801653
-0.125978
-0.108547
-0.147664
-0.140365
-0.145289
-0.0705364
-0.0916037
-0.0334258
-0.0511326
-0.0451009
-0.0702807
-0.12163
-0.192571
-0.150873
-0.126493
-0.122091
-0.0220413
-0.0492204
-0.0287722
-0.0988157
-0.110212
-0.0318943
-0.0177298
-0.0167962
-0.133838
-0.149039
-0.0963342
-0.0149081
-0.0173988
-0.0101844
-0.0119807
-0.0135358
-0.0104997
-0.0252149
-0.0185454
-0.0467685
-0.0344415
-0.0858133
-0.0636441
-0.151111
-0.11494
-0.238331
-0.193681
-0.302184
-0.277924
-0.279221
-0.302661
-0.238687
-0.0267572
-0.0210637
-0.0509777
-0.03804
-0.0660478
-0.0615882
-0.0629805
-0.0666438
-0.0562496
-0.0589623
-0.0593522
-0.0564035
-0.073735
-0.0651543
-0.102632
-0.0859879
-0.14356
-0.122949
-0.164176
-0.158415
-0.159909
-0.0647495
-0.0825267
-0.0477489
-0.118696
-0.0709347
-0.109424
-0.0406002
-0.0601668
-0.109575
-0.111817
-0.0287099
-0.0158301
-0.0847527
-0.0942407
-0.154202
-0.13497
-0.00347859
-0.00407998
-0.0960533
-0.0803539
-0.0993749
-0.116666
-0.0914167
2.73976e-05
-0.00219004
0.0017647
0.00166532
-0.00437604
-0.000533554
-0.0165501
-0.00972761
-0.0376156
-0.0256174
-0.0746695
-0.0536825
-0.136444
-0.102084
-0.22201
-0.177537
-0.290943
-0.26302
-0.276185
-0.296244
-0.186574
-0.235864
-0.0982841
-0.138127
-0.0471661
-0.0686151
-0.00240816
-0.0228331
-0.0106743
0.0012609
0.00200727
-0.0142842
-0.00498739
-0.0308991
-0.0242942
-0.0351657
-0.0341336
-0.0386073
-0.0361751
-0.0502191
-0.0433419
-0.0714331
-0.059414
-0.108401
-0.0875739
-0.155473
-0.132628
-0.176427
-0.171538
-0.169576
-0.0572423
-0.0720882
-0.0426064
-0.0593593
-0.0405906
-0.0691769
-0.0301858
-0.0788727
-0.106563
-0.00424594
-0.0994584
-0.152247
-0.130773
-0.0789028
-0.109386
-0.0659742
-0.0877071
-0.0956689
-0.062762
-0.0162295
-0.115814
-0.0950388
0.00902182
0.00638196
0.00776697
0.0118207
0.0106839
0.0102318
0.0118829
0.00290877
0.00710273
-0.00884296
-0.00230714
-0.0285061
-0.017401
-0.0617564
-0.043023
-0.116566
-0.0860439
-0.194768
-0.153594
-0.264045
-0.234499
-0.258995
-0.273432
-0.171909
-0.221989
-0.0712177
-0.119035
-0.00400235
-0.0333609
0.0382267
0.0191652
-0.00757347
-0.0463024
-0.0241185
0.0132228
0.00433379
0.0230252
0.0195786
0.0157547
0.0214174
-0.000290373
0.00764331
-0.010469
-0.00591102
-0.0211827
-0.0152344
-0.0384355
-0.0289333
-0.0650875
-0.050167
-0.109274
-0.0847705
-0.161445
-0.136713
-0.180175
-0.177289
-0.170465
-0.100483
-0.0750324
-0.00465033
0.0552248
-0.0983559
-0.109331
-0.0820948
-0.0815775
-0.0697625
-0.0778285
-0.0485947
-0.0600455
-0.0248473
-0.0366549
-0.00353903
-0.0137738
0.00597223
-0.0956931
-0.112379
-0.108329
-0.115596
-0.126947
-0.0987834
-0.11148
-0.145097
-0.0590404
0.0703528
0.00709679
0.0164148
0.0149218
-0.107554
0.0191388
0.0178029
0.0199909
0.02001
0.0161763
0.0186009
0.00883478
0.0128709
-0.00218568
0.00392457
-0.0198621
-0.00999365
-0.0484799
-0.0324759
-0.0944104
-0.0689216
-0.160601
-0.125438
-0.22467
-0.196014
-0.229018
-0.237397
-0.15131
-0.197662
-0.0462066
-0.0980341
0.0341214
-0.00177936
0.0848162
0.0624975
0.115476
0.102399
-0.0295772
-0.0816959
-0.0532529
0.00463795
-0.0105375
0.0253351
0.0161835
0.0379667
0.0323941
0.0389637
0.0404128
0.0265235
0.0338605
0.0125393
0.0195097
-0.00300102
0.00519791
-0.0237269
-0.0125673
-0.054701
-0.0373439
-0.104889
-0.0773751
-0.159472
-0.134306
-0.174442
-0.173805
-0.143032
-0.163158
-0.0983068
-0.119877
-0.0805471
-0.0657381
-0.0620584
-0.0658718
-0.056356
-0.0621178
-0.0401636
-0.0489305
-0.0209687
-0.030722
-0.00294581
-0.0116797
-0.155078
-0.114653
0.0842359
0.123528
0.0133373
0.00537261
-0.124032
-0.128728
-0.150155
-0.131104
-0.178482
-0.107649
-0.19904
-0.0563579
-0.150645
-0.203068
0.0203542
0.124223
0.0934856
-0.108578
-0.186397
-0.133337
0.119404
0.123839
0.10861
0.0202465
0.0118739
0.0183946
-0.131549
0.023842
0.0224033
0.0259385
0.025298
0.0247729
0.0257828
0.0203356
0.0229165
0.0134348
0.0171734
0.00339021
0.00892662
-0.0119766
-0.0034895
-0.0357312
-0.0225721
-0.0722824
-0.0521603
-0.124129
-0.0965271
-0.177494
-0.152734
-0.187672
-0.191053
-0.125957
-0.164479
-0.0275887
-0.077839
0.0570929
0.0184287
0.109621
0.0873939
0.131736
0.1245
0.131538
-0.0572708
-0.0821921
-0.0155656
-0.035108
0.0142615
0.000579539
0.0340394
0.0251265
0.0477062
0.0413821
0.0546643
0.0524329
0.0499427
0.0536209
0.0351614
0.0429511
0.0172057
0.0265996
-0.0057378
0.00658338
-0.0405322
-0.0209808
-0.0953028
-0.0657148
-0.149782
-0.125428
-0.160536
-0.162028
-0.127045
-0.14714
-0.0855365
-0.105466
-0.0689327
-0.0498471
-0.0450856
-0.0517282
-0.0518939
-0.0452823
-0.049352
-0.0330828
-0.0397678
-0.0176891
-0.0255841
-0.00266167
-0.0099773
0.00456565
-0.164818
-0.156196
-0.204587
-0.15337
-0.239575
-0.117303
-0.256874
-0.0499633
-0.24896
0.0368306
-0.153614
-0.215791
0.0970113
0.095045
0.100136
-0.107108
-0.165793
-0.114862
0.0747463
0.0883947
0.0687415
0.00987913
0.0157964
0.0252192
0.0232515
-0.167663
0.0284594
0.0274265
0.0292517
0.029391
0.027426
0.028793
0.0231106
0.0255224
0.0168757
0.0202541
0.00796477
0.0128344
-0.00504752
0.0020686
-0.0242045
-0.0137153
-0.0520617
-0.0369191
-0.0897555
-0.0698399
-0.128864
-0.11042
-0.139616
-0.140163
-0.0948371
-0.124104
-0.0129257
-0.0558975
0.065049
0.0286514
0.113178
0.0935495
0.129075
0.124807
0.118031
0.126785
0.104498
-0.0757221
-0.0935834
-0.0376114
-0.0566142
-0.00425704
-0.020261
0.0214196
0.00951782
0.0400565
0.0314842
0.0538287
0.0473765
0.0635263
0.0593289
0.0647946
0.0654505
0.0552156
0.061131
0.0380768
0.0473927
0.0137977
0.0270493
-0.0245054
-0.00300816
-0.0817655
-0.0514546
-0.132793
-0.110878
-0.138829
-0.142289
-0.107549
-0.125384
-0.0719191
-0.0887977
-0.0578033
-0.0320092
-0.0271018
-0.0391087
-0.0361206
-0.0407436
-0.0406959
-0.0364276
-0.0392522
-0.0273318
-0.0324057
-0.0152206
-0.021478
-0.00297484
-0.00900842
0.00328432
-0.217292
-0.191593
-0.26788
-0.176732
-0.302279
-0.121624
-0.308569
-0.0353356
-0.28312
0.0508099
-0.231571
0.0884889
-0.115623
-0.166814
0.0778497
0.0456391
0.0495272
0.0193372
-0.213468
0.0278124
0.0220177
0.0252494
0.0306111
0.0294681
0.0308489
0.0310516
0.0287089
0.030106
0.0248441
0.0269709
0.0193414
0.0223203
0.0116481
0.0158156
0.000871053
0.00670822
-0.0142085
-0.00605817
-0.0347573
-0.0237659
-0.0605231
-0.0471612
-0.0854463
-0.0738721
-0.0917349
-0.0924216
-0.0590973
-0.0806943
0.00341858
-0.0297466
0.0665698
0.0365937
0.10721
0.090477
0.119482
0.116688
0.107971
0.116341
0.0798915
0.0951689
0.0411349
0.0617011
-0.0736482
-0.0795028
-0.0790677
-0.0512112
-0.0636981
-0.0224076
-0.0370532
0.00442926
-0.0085823
0.0265208
0.0161162
0.0437903
0.0356882
0.057204
0.0508978
0.0674722
0.0627532
0.0722446
0.0707243
0.0681859
0.0714156
0.0545011
0.0624943
0.0303005
0.0439093
-0.00989021
0.012547
-0.0658137
-0.0369445
-0.110261
-0.0918739
-0.112079
-0.116218
-0.0857724
-0.100394
-0.0581173
-0.0713126
-0.0378048
-0.0468511
-0.0311414
-0.0256914
-0.0186213
-0.0222484
-0.0306591
-0.0284868
-0.0322141
-0.0320026
-0.0294199
-0.0313162
-0.0228412
-0.0265714
-0.0136819
-0.0184476
-0.00384033
-0.00881248
0.00764368
0.00163085
0.016736
0.013321
-0.10923
-0.0750307
0.019597
0.0185162
-0.276801
-0.22894
-0.0206663
-0.329949
-0.193931
0.0214622
0.0127324
0.0156281
-0.354199
-0.115826
-0.341705
-0.0169987
-0.296563
0.0557306
-0.229489
0.0697764
-0.155579
0.0502515
-0.0662264
-0.0952935
0.0199589
-0.0089539
-0.00552926
-0.263622
0.028257
0.0254309
0.0308367
0.0299246
0.0309217
0.031221
0.029142
0.030308
0.0257792
0.0276386
0.0210392
0.0236017
0.0145539
0.018042
0.00579961
0.010495
-0.00582404
0.000370896
-0.0205602
-0.0128287
-0.0372848
-0.0288558
-0.0511124
-0.0450819
-0.0511913
-0.0536941
-0.0255627
-0.0417288
0.0208782
-0.0037353
0.0681576
0.0456494
0.0992064
0.0862945
0.108005
0.106402
0.0971436
0.104872
0.0721583
0.0860757
0.0372516
0.0555646
-0.00272518
0.0176997
-0.0545049
-0.0461562
-0.0517974
-0.0496815
-0.0538089
-0.0329157
-0.0427225
-0.0108436
-0.0222598
0.0110533
0.000355595
0.0300585
0.0209688
0.0457595
0.0382927
0.0585177
0.0524719
0.068551
0.0638984
0.0744516
0.0721593
0.0735277
0.074977
0.0632528
0.0696976
0.0405582
0.0536483
0.0017809
0.0232164
-0.0478415
-0.0229003
-0.0848244
-0.0692205
-0.0836239
-0.0872046
-0.0647783
-0.0751829
-0.0450651
-0.0547903
-0.0299818
-0.0368679
-0.0247738
-0.015211
-0.0124231
-0.0203083
-0.0178888
-0.0241156
-0.0224169
-0.0255745
-0.0252252
-0.0239796
-0.025145
-0.0194919
-0.0220808
-0.0128922
-0.0163702
-0.00501686
-0.0091419
0.00511915
-0.000223054
0.00996069
-0.0546075
-0.0388154
-0.0303126
-0.0232692
-0.332856
-0.260074
0.0218335
0.0184092
-0.377509
-0.198488
-0.382453
-0.100049
-0.347423
-0.000928101
-0.285523
0.0471227
-0.208456
0.0417369
-0.133842
0.0167969
-0.0765672
-0.0137456
-0.0312944
-0.0421237
-0.0393352
-0.0230568
-0.0193175
-0.0246955
-0.00787385
-0.0546346
-0.0429145
-0.308652
0.0276857
0.0248215
0.0302432
0.0292332
0.0304143
0.0305538
0.0289096
0.0298643
0.0261271
0.0276776
0.0221419
0.0242959
0.0167894
0.0196523
0.00980985
0.0135169
0.00103098
0.00564077
-0.0092567
-0.00397913
-0.0195588
-0.0145774
-0.0259259
-0.0235909
-0.0214169
-0.0254985
-1.25062e-05
-0.0128059
0.0346339
0.0164132
0.0692247
0.052824
0.0915319
0.082335
0.0969703
0.0963474
0.0868676
0.0936266
0.0648936
0.0771714
0.0347225
0.0506402
0.000444585
0.0177946
-0.0329116
-0.0166426
-0.0320761
-0.0276404
-0.0369063
-0.035381
-0.0323241
-0.035964
-0.0194462
-0.0266971
-0.00205359
-0.0111437
0.0159828
0.00709162
0.0323538
0.0244266
0.0464837
0.039698
0.0583446
0.0526858
0.0678038
0.0634186
0.0737996
0.0713409
0.0740714
0.0747939
0.0657857
0.0711636
0.0456829
0.0573641
0.0119294
0.0303365
-0.0278841
-0.00835116
-0.0521759
-0.0435285
-0.057107
-0.0578976
-0.0465272
-0.0525866
-0.0339494
-0.0401409
-0.0233189
-0.0282942
-0.0160316
-0.0191151
-0.0134946
-0.0121349
-0.00999075
-0.0159957
-0.014134
-0.019011
-0.0176474
-0.0204778
-0.0199885
-0.019879
-0.020442
-0.0171433
-0.0187691
-0.0127056
-0.0150912
-0.00673692
-0.00998145
0.0017362
-0.00271112
0.00894388
0.00589141
0.0133948
0.0113476
-0.372263
-0.276465
-0.0476775
-0.0612854
0.0174568
0.0108134
0.0139172
-0.0242054
-0.0361709
-0.399026
-0.188455
-0.379327
-0.0790252
-0.324993
0.00376456
-0.252234
0.0231286
-0.173129
0.00579381
-0.103572
-0.0228053
-0.0558829
-0.0511202
-0.0171304
-0.0133652
-0.0134637
-0.0168632
-0.0309464
-0.0701915
-0.0204801
0.0081803
-0.00842481
0.0080877
-0.337235
0.0225982
0.0202391
0.0267653
0.0247487
0.0290984
0.0281624
0.0294357
0.0294642
0.028297
0.0290392
0.0260494
0.0273092
0.0227868
0.0245529
0.0184568
0.0207609
0.0129963
0.0158676
0.00650277
0.00985732
-0.00045763
0.00301566
-0.00635593
-0.003686
-0.0081182
-0.00799707
-0.00134708
-0.00604819
0.0168128
0.0063505
0.0430141
0.0294104
0.0683126
0.0563832
0.0841223
0.0777232
0.086942
0.08714
0.0775938
0.0836182
0.0585856
0.0691113
0.0326819
0.0462722
0.00365823
0.0182599
-0.0106971
-0.0165483
-0.0144977
-0.0217076
-0.0191182
-0.0239354
-0.023539
-0.0199373
-0.0227621
-0.00953021
-0.0153651
0.00451858
-0.00280287
0.0195522
0.0120683
0.033712
0.0267941
0.0463328
0.0402294
0.0571633
0.0519746
0.0658772
0.0618296
0.0715251
0.0691675
0.0722375
0.0726247
0.0654703
0.06993
0.0487041
0.0584133
0.0215806
0.0362018
-0.00903605
0.00589583
-0.029512
-0.021258
-0.0356936
-0.0344026
-0.0316008
-0.0343607
-0.0244929
-0.0281423
-0.0175274
-0.0208901
-0.0121521
-0.0146482
-0.0101606
-0.00628626
-0.00488238
-0.00949028
-0.00784475
-0.0125468
-0.0110593
-0.0150588
-0.0138954
-0.0166353
-0.0159956
-0.0168819
-0.0169372
-0.015639
-0.0164398
-0.0131264
-0.0145228
-0.00910619
-0.0113849
-0.00271617
-0.00612096
0.00361304
0.000576984
0.00686615
-0.0780351
0.0115477
-0.0606205
-0.0464601
-0.385456
-0.272603
-0.389833
-0.16684
-0.347931
-0.0632754
-0.0777624
-0.278839
-0.0104981
-0.201214
-0.0142715
-0.129083
-0.0385402
-0.0149389
-0.0105901
-0.0122002
-0.0174795
-0.071916
-0.0686807
-0.0187509
-0.0375182
-0.0906731
-0.0192836
-0.0230634
-0.100522
0.00905828
-0.00237918
-0.00292182
-0.0715344
-0.0550796
-0.0021394
-0.341254
0.0183538
0.0126439
0.0153182
0.0226131
0.0208453
0.0257734
0.0243971
0.0277393
0.0269457
0.0282192
0.0281478
0.0274336
0.027967
0.0256797
0.0266723
0.0230754
0.0244853
0.0196472
0.0214627
0.015464
0.0176404
0.0107794
0.0131553
0.006263
0.00843584
0.00330513
0.00447163
0.00421626
0.00311479
0.0117492
0.00703032
0.0270318
0.0184819
0.0470685
0.0367968
0.0656891
0.0569719
0.0769268
0.0724667
0.0780587
0.0787565
0.0695198
0.0748766
0.0531209
0.0621569
0.031161
0.0426407
0.00674269
0.0189977
-0.0164067
-0.00528502
-0.0345947
-0.0263356
-0.0615174
-0.0463234
-0.0413386
-0.00945758
-0.00962063
-0.0110287
-0.00996271
-0.0137889
-0.0124527
-0.01448
-0.0145503
-0.0107088
-0.0132277
-0.00211183
-0.00691087
0.00945529
0.00342635
0.0220982
0.0157532
0.0343823
0.0283392
0.0455898
0.0401438
0.0553544
0.0506654
0.063235
0.0595709
0.0683794
0.0662148
0.0692882
0.0694636
0.0639385
0.0674998
0.0505608
0.0582801
0.0294495
0.040762
0.00574228
0.0173851
-0.0118539
-0.00424697
-0.0197769
-0.0169999
-0.0200199
-0.0205499
-0.0168016
-0.018633
-0.0127376
-0.0147704
-0.00900969
-0.0107544
-0.00616634
-0.00739176
-0.00502511
-0.00486626
-0.00378972
-0.00736394
-0.00608108
-0.009813
-0.00860625
-0.0120221
-0.010962
-0.0137656
-0.0129745
-0.0147404
-0.0143579
-0.0148451
-0.0148915
-0.0141914
-0.0146204
-0.0121516
-0.0134341
-0.00784879
-0.0102297
-0.00250232
-0.0053273
0.00344156
0.000904138
0.00373728
-0.369888
-0.251724
-0.048769
-0.0335468
-0.0350454
-0.351861
-0.144026
-0.0998238
-0.294311
-0.0647061
-0.21725
-0.0450995
-0.0920517
-0.0140594
-0.00768028
-0.00806792
-0.0156425
-0.142359
-0.0633109
-0.0207307
-0.082679
-0.0922636
-0.0652267
-0.0799349
-0.0224788
-0.0429955
-0.11911
-0.0214184
-0.0239535
-0.130326
-0.0198911
0.0133941
0.0102779
0.0112229
0.00591309
-0.00280152
-0.00202659
0.00773001
-0.322408
0.0180764
0.0156985
0.0219543
0.0202437
0.0246734
0.0234744
0.0263161
0.0256411
0.0268467
0.0267295
0.0264036
0.026752
0.0251039
0.0258526
0.0230851
0.0241803
0.0204377
0.0218335
0.0173117
0.0189194
0.0140411
0.0156628
0.0113015
0.0125469
0.010275
0.0104838
0.012648
0.0109309
0.0201037
0.0156841
0.032884
0.0259056
0.04836
0.0405081
0.0622383
0.0557979
0.0702452
0.0671436
0.0703311
0.0712907
0.0626453
0.0673727
0.0485771
0.0562829
0.0300823
0.0397367
0.00968863
0.0198901
-0.00954922
-0.000327365
-0.0245397
-0.0177153
-0.0299318
-0.00615112
-0.00694716
-0.00548794
-0.00564412
-0.00621489
-0.00570485
-0.00761639
-0.00694464
-0.00741272
-0.00786563
-0.00374945
-0.00603418
0.00341393
-0.000628902
0.0131135
0.00806015
0.0238548
0.0184314
0.0345426
0.0292581
0.0444607
0.0396249
0.0531786
0.0489886
0.0602201
0.0569467
0.0648057
0.0628706
0.0657594
0.0658128
0.0615472
0.0643707
0.0509684
0.0570569
0.0344496
0.0432898
0.0156212
0.024963
0.000280923
0.00723372
-0.0084544
-0.00491674
-0.0112928
-0.0104399
-0.0107118
-0.0112727
-0.00873646
-0.00978905
-0.00637812
-0.00750496
-0.00439408
-0.00531002
-0.00347828
-0.00218812
-0.0014175
-0.00156624
-0.00372232
-0.00288307
-0.0056517
-0.00465812
-0.0076599
-0.00664827
-0.00968853
-0.00867993
-0.0116044
-0.0106759
-0.0132445
-0.0124535
-0.0147002
-0.0139822
-0.0159391
-0.0153881
-0.0158611
-0.0161687
-0.0133489
-0.0149016
-0.0089191
-0.011404
-0.00179952
-0.00521463
0.00124579
-0.0491542
-0.034365
-0.331821
-0.222772
-0.129171
-0.296711
-0.134136
-0.0077727
-7.20635e-05
0.00203363
-0.00660604
-0.228499
-0.089982
-0.118985
-0.016532
-0.149696
-0.097894
-0.0239881
-0.0833784
-0.125335
-0.0667933
-0.103247
-0.0274925
-0.0409501
-0.154401
-0.0855545
-0.0265176
-0.021033
-0.17066
-0.0218829
-0.0173864
0.00903282
-0.0010208
-0.0476254
-0.0320424
-0.287782
0.0135877
0.00986402
0.0117689
0.0174871
0.0155707
0.0208638
0.0192986
0.0233339
0.0222241
0.0248585
0.0242213
0.0254821
0.0252874
0.025285
0.0254831
0.0243782
0.0249136
0.0228735
0.023694
0.0208929
0.0219328
0.0186338
0.0197805
0.0164595
0.017505
0.0149993
0.0155906
0.0152183
0.0148316
0.0183195
0.016342
0.0252948
0.021303
0.0359373
0.030241
0.0480256
0.041945
0.058511
0.0536897
0.0642473
0.0620953
0.0636955
0.0647715
0.056872
0.0610059
0.0448508
0.0514011
0.0293276
0.0374126
0.0123164
0.0208291
-0.00347359
0.00410749
-0.0157735
-0.0102165
-0.0226498
-0.0200764
-0.0222207
-0.0234113
-0.0284412
-0.0145805
-0.0193857
-0.00189904
-0.00137951
-0.00174687
-0.0019081
-0.00161586
-0.0016428
-0.00208604
-0.00176578
-0.00269972
-0.00244871
-0.00192849
-0.00262142
0.00147124
-0.000677901
0.00759433
0.0041714
0.0158301
0.0115375
0.0250344
0.0203695
0.0343442
0.0297234
0.0430952
0.0388183
0.0508215
0.0471086
0.0570597
0.0541588
0.0610724
0.0593796
0.0619503
0.0619614
0.0585378
0.0608283
0.0500234
0.0549113
0.0368387
0.0438923
0.0215708
0.0292142
0.00823548
0.0144648
-0.000566601
0.00323996
-0.00482492
-0.00317472
-0.00596432
-0.00567625
-0.00540548
-0.00583476
-0.00419722
-0.00489554
-0.00295687
-0.00361335
-0.00172745
-0.00241794
-0.00141831
-0.00150055
-0.000915296
-0.00277499
-0.00211487
-0.00426987
-0.00349689
-0.00595652
-0.00508854
-0.00786166
-0.00688555
-0.00994046
-0.00888288
-0.0122872
-0.0110531
-0.0152265
-0.0136778
-0.0183925
-0.0168645
-0.0201342
-0.0195642
-0.0188647
-0.019938
-0.0140298
-0.016906
-0.0047786
-0.00941927
0.00348946
-0.000642632
0.00712166
0.00563393
-0.167823
-0.282778
-0.20023
0.00798614
-0.000308241
0.00460593
-0.00464863
-0.235714
-0.147622
-0.00850089
-0.0225374
-0.154002
-0.0165378
-0.161382
-0.13965
-0.0446118
-0.0267132
-0.0857571
-0.168201
-0.0664895
-0.134096
-0.0329965
-0.0320707
-0.2013
-0.0885908
-0.0338241
-0.009962
-0.220632
-0.111159
-0.0286636
-0.00933631
-0.219856
-0.0186877
-0.0012073
0.00972271
0.0151851
0.00782453
0.0128317
-0.250908
0.0100262
0.00727682
0.0088148
0.0133526
0.0118399
0.0167169
0.0150885
0.0196801
0.0183011
0.0219147
0.0208958
0.023383
0.0227505
0.0240924
0.0238398
0.0241129
0.0241825
0.0235416
0.0238946
0.0224798
0.0230643
0.0210639
0.0218048
0.0195116
0.0202865
0.0181843
0.0187912
0.0176415
0.017774
0.0186502
0.017903
0.0220502
0.0200111
0.0283801
0.0248515
0.0371814
0.0325625
0.0468134
0.042048
0.0548305
0.0511763
0.0589673
0.0574762
0.0580458
0.0591504
0.0520485
0.0556365
0.0418211
0.0473712
0.0288255
0.035573
0.014734
0.0217831
0.00185916
0.00797384
-0.00817217
-0.00366
-0.0133271
-0.0114768
-0.0118752
-0.0134085
-0.00423085
-0.00896101
0.00243413
0.0125043
0.0205182
0.0158597
0.00664859
0.00937334
0.00344458
0.00461076
0.00245095
0.00273545
0.00208478
0.00223898
0.00145894
0.0017344
0.00131723
0.00122744
0.00232686
0.00158187
0.0054531
0.0035995
0.0107836
0.00786556
0.0178238
0.0141475
0.0257618
0.021729
0.0338837
0.0298408
0.0415883
0.0378172
0.0484047
0.0451312
0.0538364
0.05133
0.0573596
0.0558912
0.0581062
0.0581188
0.0552492
0.0571598
0.0482456
0.0522535
0.0374982
0.0432453
0.0248952
0.0312502
0.0133052
0.0188297
0.00486063
0.00865421
-9.09466e-05
0.00199023
-0.00231161
-0.00146996
-0.00283089
-0.00272442
-0.00250265
-0.00274172
-0.00185426
-0.00221055
-0.00118529
-0.00152047
-0.000655424
-0.000904179
-0.000988813
-0.000539596
-0.00196737
-0.00146342
-0.00313482
-0.00252197
-0.00457498
-0.00381505
-0.00637562
-0.00542881
-0.0086492
-0.00743511
-0.0118704
-0.0100948
-0.0164526
-0.0140152
-0.0214306
-0.0190216
-0.0245317
-0.0233654
-0.0235251
-0.024669
-0.016981
-0.0209024
-0.00615615
-0.0115085
0.00209273
-0.00171828
0.00573047
0.00426963
0.00633923
-0.00158205
-0.237011
-0.198031
0.00638445
0.0143583
0.0225013
-0.000422898
0.00646067
-0.0136771
-0.200519
-0.0153837
-0.180848
-0.187257
-0.0386571
-0.028289
-0.10293
-0.211815
-0.0638178
-0.173765
-0.0381123
-0.0335257
-0.255806
-0.0893368
-0.0423034
0.00595619
-0.286295
-0.144315
-0.115751
-0.0391201
0.00640916
-0.285816
-0.0274947
-0.00944892
0.0281935
0.0102228
0.00295786
-0.227231
0.00983671
0.00846867
0.0128515
0.0112335
0.0158687
0.0143976
0.0184771
0.0172278
0.0205106
0.0195685
0.0219115
0.0212893
0.0226905
0.022364
0.0229015
0.0228625
0.0226148
0.0228134
0.0219313
0.0223145
0.0209915
0.0214817
0.0200159
0.0204904
0.0193443
0.0196166
0.0194594
0.0192706
0.020959
0.0200014
0.0244163
0.0224206
0.0300807
0.0269868
0.0374525
0.0336262
0.0451682
0.0414035
0.0513692
0.0485673
0.0543736
0.0533406
0.0532701
0.0543453
0.048031
0.05113
0.0393875
0.0440641
0.0285275
0.0341497
0.0169221
0.0227096
0.0063765
0.0114045
-0.00148915
0.00198534
-0.00516245
-0.00400265
-0.00314902
-0.00483743
0.00452333
-3.43847e-05
0.0166072
0.0103901
0.00968407
0.0218608
0.0299289
0.0227469
0.0186172
0.0277294
0.0223716
0.0124847
0.0154105
0.00830298
0.0101106
0.00629388
0.00705049
0.0053532
0.0057822
0.00466188
0.00496148
0.00463563
0.00452856
0.00575662
0.0050205
0.0085722
0.00693694
0.0131999
0.0106831
0.019258
0.0160901
0.0261389
0.0226369
0.0332353
0.0296958
0.0400091
0.0366907
0.0460062
0.043128
0.050771
0.0485696
0.0537842
0.052531
0.0543844
0.054417
0.0519302
0.0535599
0.046058
0.0494071
0.0371289
0.0419017
0.0265677
0.0319204
0.0164717
0.0213507
0.00855807
0.0122011
0.00333609
0.00562724
0.000446159
0.00164953
-0.000827068
-0.000343511
-0.0011575
-0.00107415
-0.00103229
-0.00112777
-0.00077339
-0.00090035
-0.000512586
-0.000598733
-0.000136653
-0.00032647
-0.000575867
-0.000274142
-0.00125746
-0.000893362
-0.0021763
-0.00168211
-0.00341516
-0.00274906
-0.00512875
-0.00419954
-0.00770552
-0.0062617
-0.0120286
-0.0095992
-0.0182655
-0.014981
-0.0246357
-0.0216064
-0.0282843
-0.0269766
-0.0265101
-0.0282117
-0.0182016
-0.0230322
-0.00666647
-0.0121038
0.00132401
-0.00222258
0.00475236
0.00335286
0.00554591
-0.0014133
-0.262678
-0.0132605
-0.206566
-0.221759
0.00674721
0.0351846
-0.0279426
-0.0283654
-0.140643
-0.251166
0.00579974
0.0337506
0.0404118
-0.0569512
0.0308657
0.0222467
-0.226132
-0.0420922
-0.0598325
-0.303018
-0.0868671
-0.05075
0.00210512
-0.354879
-0.187188
-0.1175
-0.0516788
0.0271905
-0.37052
-0.15001
-0.0422032
0.00662225
-0.344408
0.00219969
0.0158964
-0.0208679
0.0283359
-0.00204763
-0.00969799
-0.226701
0.00963682
0.00808689
0.0123137
0.010946
0.0149638
0.0136592
0.0172772
0.0161645
0.0191354
0.0182668
0.0204717
0.0198666
0.0212979
0.0209424
0.0216559
0.0215309
0.021607
0.0216761
0.0212447
0.0214571
0.0207072
0.0209866
0.0202056
0.0204356
0.0200477
0.0200617
0.0206398
0.020224
0.0224401
0.0213648
0.0258281
0.023925
0.0308761
0.028164
0.0370883
0.0338959
0.0433549
0.040294
0.0482015
0.0460271
0.0504021
0.0496872
0.0492384
0.0502492
0.0447056
0.0473562
0.0374183
0.0413444
0.0283616
0.0330345
0.0188332
0.0235651
0.0102972
0.0143583
0.00412234
0.00683125
0.00178388
0.00235573
0.00416531
0.00230765
0.0114955
0.00718401
0.0224613
0.01681
0.0359686
0.0282697
0.0441979
0.0383233
0.0490281
0.0334863
0.0406575
0.0238885
0.0280068
0.0174105
0.0204437
0.0125226
0.0146764
0.00981186
0.0109502
0.00834783
0.00898536
0.00751476
0.00785759
0.00745128
0.00736644
0.0085133
0.0078263
0.0110116
0.00957386
0.0150274
0.0128475
0.0202674
0.0175256
0.0262491
0.0232006
0.0324533
0.0293546
0.0384017
0.0354857
0.0436649
0.0411416
0.0478228
0.0459049
0.0504034
0.0493373
0.0508685
0.0509241
0.048726
0.0501368
0.0437293
0.0465699
0.0361954
0.0402207
0.0272236
0.0317886
0.0183878
0.0227106
0.0110455
0.0144844
0.00578651
0.00815805
0.00249126
0.00392653
0.000685084
0.00144081
-0.000153329
0.000178097
-0.000451109
-0.000345644
-0.00049796
-0.00049509
-0.000453645
-0.000483935
-0.000568274
-0.000517908
-0.000147312
-0.000521056
-0.000377273
-0.000254879
-0.00011927
-0.000677854
-0.000435038
-0.0013668
-0.000986696
-0.00240439
-0.00183222
-0.0040663
-0.00312527
-0.00712404
-0.00534484
-0.0127121
-0.00957692
-0.0203354
-0.0164026
-0.0273839
-0.0241324
-0.0306641
-0.0296789
-0.0275865
-0.0300001
-0.018016
-0.0233708
-0.00678905
-0.0120422
0.00063056
-0.00259824
0.00401699
0.00260749
0.00559305
0.00495604
0.00576743
-0.0134527
-0.0271021
-0.19612
-0.269234
0.00679444
0.04564
-0.000639112
-0.04475
0.00593947
-0.00987376
0.0440404
0.0363425
-0.295856
-0.0445435
-0.118102
-0.334626
-0.0792023
-0.0580583
-0.0347555
-0.405289
-0.243249
0.0207392
-0.115097
-0.0646317
0.0188825
-0.451983
-0.151853
-0.0604709
0.0293174
-0.444077
-0.193599
-0.0412407
-0.00847771
0.0473969
-0.0172432
0.0102612
-0.00406302
0.0418984
-0.0242564
-0.249304
0.0092048
0.0079261
0.0117066
0.0104843
0.0140347
0.0128832
0.016105
0.0151079
0.0177957
0.0169987
0.0190595
0.0184788
0.0199064
0.0195308
0.0203742
0.0201833
0.0205199
0.0204818
0.0204299
0.020497
0.0202348
0.020335
0.020129
0.0201562
0.0203828
0.0201925
0.0213306
0.0207499
0.0233165
0.0221776
0.0265802
0.0247855
0.0310861
0.0286989
0.0363615
0.0336768
0.0414866
0.0390131
0.0453574
0.0436473
0.0469843
0.0464893
0.0458369
0.0467626
0.041951
0.0442117
0.0358167
0.0391142
0.0282839
0.0321585
0.0204766
0.0243371
0.0136259
0.0168624
0.008904
0.0109305
0.00749371
0.00772483
0.0101734
0.00829611
0.0172711
0.0131787
0.0272417
0.0220069
0.0406193
0.0332484
0.0559125
0.0587672
0.0492974
0.0523053
0.0546312
0.0498449
0.0527962
0.061551
0.0584373
0.0382372
0.0449965
0.0282706
0.0327112
0.0213394
0.0245812
0.0162141
0.0185554
0.0129431
0.0143714
0.0110448
0.0118659
0.0100171
0.0104373
0.00984065
0.0098113
0.0107539
0.0101525
0.0129344
0.0116831
0.0164106
0.0145243
0.0209487
0.0185728
0.0261505
0.0234963
0.0315725
0.0288614
0.0367892
0.0342307
0.0414026
0.0391928
0.0450236
0.0433574
0.047239
0.0463292
0.0475973
0.0476691
0.0457141
0.0469445
0.0414187
0.0438539
0.0349836
0.0384218
0.0272611
0.031204
0.0194765
0.0233079
0.0126866
0.0159103
0.00751014
0.00989126
0.00397296
0.00555693
0.00178018
0.00273766
0.000539021
0.00106844
-0.000108291
0.000162716
-0.000419481
-0.000294084
-0.00059343
-0.00050385
-0.00084424
-0.00072145
-0.000940165
-0.000474485
-0.00102243
-0.000680781
-0.000106027
-0.000284602
-4.75711e-06
-4.2547e-06
-0.00020366
-7.18596e-05
-0.000666393
-0.000399869
-0.00151039
-0.00102376
-0.00319551
-0.00219101
-0.00691878
-0.00470756
-0.0137202
-0.00996378
-0.0221576
-0.0179204
-0.0290609
-0.0260055
-0.031319
-0.0309292
-0.0269083
-0.029941
-0.0170403
-0.0223844
-0.00675105
-0.0115069
-4.79869e-05
-0.00296642
0.00327052
0.00187202
0.0046369
0.00415126
0.0049034
0.00484789
-0.0281837
0.0267438
-0.0220016
-0.000732769
0.0144545
-0.389257
-0.0356964
-0.0451012
-0.203719
-0.334846
-0.065495
-0.0637004
-0.111628
-0.427515
0.0668784
0.0688148
-0.317816
0.0365454
0.0608269
0.0570867
0.0559109
0.064093
-0.00105299
-0.00146834
-0.00151545
0.00486651
0.00406182
0.00405609
-0.106848
-0.0765139
-0.0274576
-0.502468
-0.0255989
-0.00729075
-0.149363
-0.0796418
0.0162736
-0.531367
-0.250812
-0.194562
-0.0454781
-0.0202185
-0.0675381
0.010639
-0.496408
-0.036108
-0.0427105
-0.289252
0.00666934
0.00572837
0.00878036
0.00769156
0.0110272
0.00991312
0.0131152
0.0120904
0.0149643
0.0140733
0.0164913
0.0157684
0.0176684
0.0171217
0.0185084
0.0181269
0.0190507
0.0188126
0.0193514
0.0192262
0.0194916
0.0194348
0.0195915
0.0195372
0.0198243
0.0196788
0.0204202
0.0200619
0.0216469
0.0209397
0.0237552
0.0225807
0.0268827
0.0251934
0.0309292
0.028812
0.0354581
0.0331747
0.0397209
0.0376762
0.0428319
0.0414712
0.0440537
0.0437092
0.0429864
0.0438079
0.0396539
0.041578
0.0344994
0.0372614
0.0282533
0.031456
0.021876
0.0250155
0.016419
0.0189718
0.0129039
0.0143609
0.0122785
0.0121887
0.0152299
0.0132805
0.0219716
0.0181744
0.0315232
0.0264415
0.0444814
0.0374972
0.0611154
0.0523898
0.0642259
0.0576736
0.0450965
0.051804
0.0657228
0.0622436
0.0708889
0.0685069
0.042014
0.0484772
0.0319759
0.0365421
0.0247166
0.0280853
0.0193443
0.0218202
0.0156844
0.0173159
0.0134392
0.0144186
0.0121996
0.0127117
0.0118722
0.0119181
0.012592
0.0120972
0.0144547
0.0133823
0.0174445
0.0158206
0.0213646
0.0193101
0.025881
0.0235734
0.0306133
0.0282443
0.0351826
0.0329403
0.0392245
0.037289
0.0423832
0.0409328
0.0442938
0.0435125
0.0445811
0.044656
0.0429289
0.0440029
0.0392149
0.0413171
0.033665
0.0366316
0.0269645
0.030394
0.0200201
0.0234594
0.0137399
0.0167547
0.00869429
0.0110519
0.00500773
0.00669201
0.0025197
0.00363485
0.000947403
0.00164128
2.96406e-06
0.000414932
-0.000544935
-0.000309039
-0.000883836
-0.000731198
-0.00121624
-0.00105818
-0.00137088
-0.000359843
-0.000668107
4.63211e-05
-0.000104259
0.000214039
0.000151207
0.000200534
0.000233795
-4.16594e-05
0.000112109
-0.000699299
-0.000290775
-0.00249985
-0.00137208
-0.00701447
-0.00432264
-0.0147368
-0.0105758
-0.0232648
-0.0191135
-0.02932
-0.0267838
-0.0302504
-0.0305445
-0.0249399
-0.028323
-0.0154784
-0.0204439
-0.00648266
-0.0106088
-0.000610766
-0.00317571
0.00240534
0.00115474
0.00366624
0.00320472
0.00396492
-0.0461321
0.0363556
-0.0597868
-0.067079
-0.222729
-0.408421
0.0703472
-0.41436
0.0534187
0.072708
-0.00202805
-0.00207824
0.00469775
0.00391565
-0.0916362
-0.0861596
-0.118229
-0.514202
0.0105705
-0.140969
-0.0977436
-0.0366543
-0.577835
-0.0454792
-0.0232329
-0.32617
-0.191263
-0.0756888
-0.0455615
-0.0953232
-0.00407899
-0.580464
-0.249931
-0.073276
-0.0249379
0.0254811
0.0114858
-0.0659815
-0.336878
0.00641432
0.00552346
0.0083499
0.00736493
0.0103509
0.00934874
0.0122153
0.0113034
0.013858
0.0130677
0.015221
0.0145743
0.0162933
0.0157913
0.0170977
0.0167252
0.0176799
0.0174124
0.0180984
0.0179047
0.0184318
0.0182695
0.0187892
0.0185993
0.0193205
0.0190227
0.0202144
0.0197104
0.0216767
0.0208638
0.0238801
0.0226803
0.0268862
0.0252878
0.0305558
0.0286579
0.0344929
0.0325254
0.038081
0.0363726
0.0406242
0.0395214
0.0415485
0.0413098
0.0405648
0.0412952
0.0377196
0.0393538
0.0333959
0.035705
0.0282296
0.030869
0.0230428
0.0255837
0.0187358
0.0207263
0.0161978
0.0171971
0.0162168
0.0158534
0.0193838
0.0173861
0.0258461
0.0222392
0.0351062
0.0301416
0.0474855
0.0408995
0.0630785
0.0549395
0.0798096
0.0807397
0.0717906
0.0776419
0.078833
0.0738558
0.0760902
-0.520896
0.070046
0.0717841
0.0714742
0.0637808
0.0678322
0.0767648
0.0744061
0.080253
0.0787268
0.0741949
0.0827128
0.0816199
0.0583086
0.0660346
0.0449222
0.051224
0.0349235
0.039542
0.0275106
0.0309723
0.0219552
0.0245234
0.0180491
0.0198132
0.015536
0.0166451
0.0140942
0.0146987
0.0135993
0.0137302
0.0141051
0.0137267
0.0156526
0.014753
0.0181957
0.0168107
0.0215616
0.0197943
0.0254688
0.023469
0.0295887
0.0275234
0.0335844
0.0316218
0.0371273
0.0354301
0.0398956
0.0386245
0.0415636
0.0408826
0.0418137
0.0418778
0.0403817
0.0413124
0.0371647
0.0389853
0.0323469
0.0349253
0.0264495
0.0294911
0.0202178
0.0233305
0.0143848
0.0172137
0.00947563
0.0117999
0.00568302
0.00744339
0.00295121
0.00419842
0.00109304
0.00192994
-0.000114064
0.000423746
-0.000874992
-0.000538458
-0.00134659
-0.0011358
-0.00175695
-0.00156373
-0.00192448
-0.00102027
-0.00207267
-0.00151184
-0.000236565
-0.000596443
0.000230614
4.94502e-05
0.000442175
0.00034736
0.000578344
0.000528045
0.000530676
0.000585905
8.00639e-06
0.000368261
-0.00200306
-0.000705818
-0.00728771
-0.00416513
-0.015399
-0.0111564
-0.0233195
-0.0195897
-0.0281259
-0.0262631
-0.027818
-0.0286779
-0.0221243
-0.0255487
-0.01356
-0.0179437
-0.00593982
-0.00942169
-0.000949963
-0.00313099
0.00168236
0.000595332
0.00286313
0.00239952
0.00330447
0.00318464
0.00318701
0.00331116
-0.0703577
0.0589947
-0.0914116
-0.0928565
-0.246051
-0.475898
0.0294438
-0.124471
-0.11334
-0.133576
-0.577443
-0.00239943
0.0892921
0.0897846
0.0754467
0.0838096
-0.419263
-0.00204622
-0.00272792
-0.00268579
0.00296934
0.00251085
0.00228728
-0.182403
-0.00633666
-0.122209
-0.060639
-0.617426
-0.071146
-0.0441548
-0.243292
-0.32064
-0.111464
-0.0436156
-0.59447
-0.115848
-0.0794905
-0.0736104
0.0686446
0.0862618
0.0868634
0.0527765
0.0451132
-0.0955581
-0.382039
0.0492754
0.00445251
0.00368723
0.00609836
0.00525037
0.00789043
0.00698242
0.00968629
0.00880399
0.0113457
0.0105364
0.0127903
0.0120971
0.0139859
0.0134182
0.0149334
0.0144872
0.0156737
0.0153252
0.0162612
0.0159819
0.0167613
0.016517
0.0172533
0.0170023
0.0178371
0.0175265
0.0186388
0.0182023
0.0198057
0.0191679
0.0214853
0.0205746
0.023782
0.0225547
0.0266976
0.0251695
0.030069
0.0283448
0.0335398
0.0318207
0.0366004
0.0351545
0.0387024
0.0377996
0.0394076
0.0392447
0.0385089
0.0391567
0.0360764
0.0374654
0.0324496
0.0343795
0.0281834
0.0303541
0.0239849
0.026029
0.0206261
0.0221546
0.0188749
0.0195088
0.0194038
0.0188242
0.0227204
0.0206993
0.0289535
0.0254924
0.0379155
0.0330998
0.0498035
0.0434924
0.064638
0.0568894
0.0815666
0.0729448
0.0882178
0.088715
0.0866518
0.0874891
0.0862482
0.0825288
0.0793844
0.0811641
0.0851731
0.0838483
0.0876337
0.0864141
0.089603
0.0886923
0.0913571
0.090516
0.0601086
0.0674546
0.0471573
0.0532952
0.0372291
0.0418513
0.0297516
0.033245
0.0241079
0.0267246
0.0200531
0.0219011
0.0173445
0.0185524
0.0157262
0.0164154
0.0150618
0.0152804
0.0153475
0.0150882
0.0165856
0.0158532
0.0187128
0.0175485
0.0215752
0.0200678
0.0249337
0.0232108
0.0285047
0.0267111
0.0319922
0.0302761
0.0351029
0.0336103
0.0375472
0.0364227
0.0390342
0.0384235
0.0392849
0.0393241
0.0380713
0.0388651
0.035294
0.036869
0.0310947
0.0333467
0.0258699
0.028573
0.0202111
0.0230533
0.0147455
0.0174211
0.00994863
0.0122461
0.00605937
0.00788831
0.00310771
0.00447387
0.000991803
0.00195712
-0.000449818
0.000198922
-0.0013882
-0.000971835
-0.00199099
-0.00171924
-0.00241284
-0.00219954
-0.00267845
-0.00257279
-0.00272971
-0.000953917
-0.00145115
-0.000168916
-0.000526645
0.000361415
0.000146865
0.000659501
0.000514554
0.000925157
0.000801165
0.00105873
0.00102219
0.00064753
0.000967371
-0.00161365
-0.000139825
-0.00756279
-0.00408667
-0.015468
-0.0114626
-0.0223036
-0.0191897
-0.0257473
-0.0245511
-0.0245035
-0.0257336
-0.018931
-0.0221405
-0.0115305
-0.0152483
-0.00522684
-0.00810682
-0.00107267
-0.0028897
0.0011943
0.000251287
0.00226363
0.00183756
0.00264948
0.00253868
0.0026431
-0.100237
0.0778789
-0.132839
-0.125212
-0.268694
-0.52409
0.0197733
0.0880185
0.0666282
0.0902822
0.0921794
-0.516915
-0.00343664
-0.00337732
0.00265905
0.00197855
-0.165243
0.0352471
-0.145917
-0.156987
-0.607044
-0.0193986
-0.232731
-0.405368
-0.15101
-0.0996939
-0.618596
-0.0325199
-0.307386
-0.131557
-0.097003
0.0898717
-0.07336
0.104985
0.108729
-0.106168
0.107697
0.112885
-0.132588
-0.414805
0.0435253
0.00414074
0.00338091
0.00573254
0.00491701
0.00741477
0.00657218
0.00904514
0.00824459
0.0105146
0.00980328
0.0117688
0.0111696
0.0127893
0.0123072
0.0135978
0.0132163
0.0142467
0.0139369
0.014805
0.0145314
0.0153496
0.015073
0.0159652
0.0156423
0.0167459
0.0163283
0.017796
0.0172305
0.0192229
0.0184564
0.0211181
0.0201085
0.023524
0.0222585
0.0263911
0.0249084
0.029539
0.0279469
0.0326466
0.0311216
0.0352926
0.034053
0.0370462
0.0363017
0.0375795
0.0374752
0.0367554
0.0373329
0.0346639
0.0358501
0.0316136
0.0332296
0.0280915
0.0298749
0.0247078
0.0263424
0.0221275
0.0232781
0.0210091
0.0213512
0.0219335
0.0211898
0.0253383
0.0233147
0.0313729
0.0280352
0.0400387
0.035376
0.0514921
0.0454212
0.0656954
0.0582407
0.0821292
0.0737386
0.0990934
0.0994329
0.0907464
0.0985535
0.0987537
0.0984868
0.098455
0.0991565
0.0986752
0.101664
0.100037
0.104005
0.100604
0.102346
0.0985252
0.0992972
0.098194
0.0982004
0.0987392
0.0984001
0.0998363
0.0992409
0.0926246
0.100863
0.100391
0.0762625
0.0844583
0.0612106
0.0684591
0.0487249
0.054623
0.0389681
0.0435454
0.0314983
0.0349888
0.0258426
0.0284706
0.0217152
0.0236084
0.0188796
0.0201553
0.0171182
0.0178801
0.0162921
0.0165962
0.0163595
0.0162185
0.0172961
0.0167255
0.0190314
0.0180735
0.0214288
0.0201605
0.024286
0.0228152
0.0273616
0.0258119
0.0303998
0.0288998
0.0331418
0.0318211
0.0353271
0.0343163
0.0366931
0.0361236
0.0369852
0.036982
0.035994
0.0366536
0.0336176
0.0349703
0.0299419
0.031921
0.0252709
0.0277007
0.0200795
0.0227047
0.0148987
0.0174574
0.0101715
0.0124589
0.00617376
0.00807397
0.00301071
0.0044896
0.00065804
0.00174025
-0.000988683
-0.000244122
-0.00207211
-0.00159149
-0.0027502
-0.0024533
-0.00316041
-0.00297419
-0.00340565
-0.00329498
-0.00345365
-0.576278
-0.17348
-0.131933
-0.00197237
-0.00327287
-0.00259015
-0.000896954
-0.0014012
-0.000123788
-0.000467554
0.000427851
0.000185344
0.000842014
0.000639804
0.00123289
0.00104092
0.00150593
0.00140401
0.00112755
0.00146215
-0.00128096
0.000271971
-0.00779436
-0.00391567
-0.0148167
-0.0113227
-0.0203359
-0.0178989
-0.0225787
-0.0219337
-0.0208072
-0.0221841
-0.0157418
-0.0185684
-0.00958619
-0.0126389
-0.00446249
-0.00681117
-0.00103948
-0.00254115
0.000895494
8.52782e-05
0.00181566
0.00145179
0.00210435
0.00202085
0.00193197
0.00206756
0.0013682
0.00169546
-0.138573
0.0766057
-0.185187
-0.164957
-0.284477
-0.544695
0.00671004
0.0640246
-0.215321
-0.492913
-0.186355
-0.187443
-0.601986
0.12807
0.13685
0.0205923
-0.0424282
0.120186
0.0917401
0.107538
0.107975
0.0930366
0.101588
-0.291864
-0.188114
-0.150161
-0.588263
-0.0684671
0.000944839
0.000818339
0.000351503
-0.00310885
-0.00396225
-0.00379106
-0.382287
-0.16244
-0.113051
0.14423
0.129719
0.158049
0.114254
-0.15301
-0.178983
-0.430987
0.0351692
0.00227935
0.00156778
0.00376473
0.00299447
0.00536638
0.00455244
0.00693818
0.00615056
0.00842678
0.00770003
0.00973018
0.00910408
0.0108069
0.010296
0.0116548
0.0112567
0.0123108
0.0120009
0.0128447
0.0125861
0.013341
0.01309
0.0138919
0.0136019
0.0145926
0.0142161
0.0155366
0.0150272
0.0168113
0.0161268
0.0184879
0.0175955
0.020605
0.0194907
0.0231459
0.0218263
0.0260131
0.0245483
0.0290094
0.0275105
0.0318422
0.0304657
0.0341621
0.0330857
0.0356349
0.0350187
0.0360241
0.0359698
0.0352536
0.0357772
0.0334335
0.0344572
0.0308507
0.0322112
0.0279361
0.0294028
0.0252186
0.0265183
0.0232713
0.0241152
0.0226581
0.0227688
0.0238813
0.0230177
0.0273228
0.0253146
0.0331686
0.029945
0.041538
0.0370339
0.0525337
0.0467148
0.0661934
0.0590244
0.0823626
0.0740499
0.0998841
0.0910756
0.107264
0.107278
0.108183
0.107577
0.110885
0.109245
0.116387
0.113237
0.126141
0.120501
0.133887
0.117125
0.121807
0.111141
0.113682
0.108225
0.109385
0.107317
0.107582
0.107874
0.107422
0.109079
0.108335
0.076555
0.0846978
0.0617136
0.0688555
0.0496639
0.0553539
0.0401552
0.0446297
0.0327817
0.0362304
0.0271869
0.02979
0.0230607
0.0249626
0.0201621
0.0214768
0.0182942
0.0191146
0.0173203
0.0177053
0.0171757
0.0171505
0.0178186
0.0174053
0.0191784
0.0184172
0.0211379
0.0200935
0.0235306
0.0222914
0.0261571
0.0248257
0.0288013
0.0274873
0.0312368
0.0300546
0.0332286
0.032297
0.0345332
0.033975
0.0349092
0.0348433
0.0341524
0.0346734
0.0321432
0.0332895
0.0289169
0.0306638
0.0246981
0.0269072
0.019867
0.0223273
0.0148857
0.0173662
0.0101758
0.0124748
0.00604974
0.00802695
0.00268202
0.0042669
0.00011837
0.0013021
-0.00169611
-0.000875858
-0.00288231
-0.00235993
-0.00359716
-0.00329377
-0.00398727
-0.00382369
-0.00415791
-0.00410419
-0.00416704
-0.00420229
-0.00409041
-0.00185276
-0.00245871
-0.000835067
-0.00131146
-0.000103091
-0.00042699
0.000466727
0.000202408
0.000978605
0.000723262
0.00149011
0.00123546
0.00188999
0.00172641
0.00153964
0.00188648
-0.0011903
0.000583679
-0.00726519
-0.00391442
-0.0135081
-0.0105389
-0.0177713
-0.0159552
-0.0190901
-0.0188342
-0.0171588
-0.0185016
-0.0128187
-0.0151858
-0.00785352
-0.0102973
-0.00374542
-0.00563936
-0.00094788
-0.0021808
0.00068007
-3.97628e-06
0.00144987
0.00115067
0.00164201
0.00160315
0.00142801
0.00158535
0.00118118
-0.189046
-0.53544
-0.252512
-0.253678
-0.214201
-0.302241
-0.536734
0.148408
0.0754932
-0.011291
0.0594268
0.108587
0.109934
-0.274097
0.165426
0.18234
-0.239404
-0.224565
-0.569293
0.000292086
-0.0742937
0.0948102
0.000428519
-0.000203259
0.000369207
-0.000133529
-0.00291013
-0.00355877
-0.00463854
-0.00447248
-0.356126
-0.232093
-0.210245
-0.537959
-0.453594
-0.166805
0.1429
-0.210771
-0.121462
0.178606
-0.213374
-0.23662
-0.429905
0.160176
0.121434
0.0240627
0.00182731
0.00111999
0.00335283
0.002566
0.00492667
0.00415181
0.00646243
0.00571288
0.00783975
0.0071741
0.00900239
0.00844922
0.009922
0.00949076
0.0106081
0.0102893
0.0111124
0.0108755
0.0115174
0.0113181
0.0119251
0.0117107
0.0124456
0.0121609
0.0131888
0.0127794
0.0142542
0.0136726
0.0157196
0.0149305
0.017627
0.016615
0.0199678
0.0187443
0.0226693
0.0212792
0.0255862
0.0241112
0.0285006
0.0270578
0.031138
0.0298696
0.0332058
0.032257
0.0344491
0.0339389
0.0347091
0.034702
0.0339649
0.034453
0.0323484
0.0332476
0.0301327
0.0312906
0.0277041
0.0289161
0.0255234
0.0265527
0.0240826
0.0246819
0.0238632
0.0237955
0.0252962
0.024354
0.0287182
0.0267481
0.0343475
0.0312504
0.0423801
0.0380556
0.0529602
0.0473516
0.0661944
0.0592347
0.082206
0.0738717
0.100197
0.0910748
0.116968
0.118216
0.109318
0.115398
0.116126
0.115311
0.115164
0.117167
0.115984
0.121711
0.119063
0.129925
0.125301
0.14345
0.135884
0.153043
0.174072
0.190324
0.147707
0.159461
0.131918
0.13874
0.122698
0.126712
0.117569
0.119721
0.115314
0.116149
0.115272
0.115058
0.116761
0.11586
0.110787
0.119246
0.117936
0.0932352
0.102103
0.0762901
0.0845101
0.0616982
0.0686601
0.0500015
0.0555023
0.0407745
0.0451097
0.0336083
0.0369602
0.0281629
0.0306997
0.0241129
0.0259893
0.0212115
0.0225401
0.0192752
0.0201409
0.0181714
0.018633
0.0178236
0.0179128
0.0181808
0.0179221
0.0191782
0.0186065
0.0207216
0.0198874
0.0226825
0.0216539
0.0249043
0.0237624
0.0272092
0.0260456
0.0294006
0.0283166
0.0312627
0.0303695
0.0325617
0.0319789
0.0330579
0.032906
0.0325346
0.0329169
0.0308621
0.0318374
0.02802
0.0295771
0.0241566
0.0261945
0.0195858
0.0219299
0.0147225
0.0171614
0.00998209
0.0123113
0.00571673
0.00777139
0.00216382
0.00384093
-0.00057122
0.000691699
-0.00250481
-0.00163405
-0.00374526
-0.00320433
-0.00445482
-0.0041603
-0.00480219
-0.00466646
-0.00495857
-0.00489573
-0.00488003
-0.00493986
-0.00480027
-0.00171469
-0.00228671
-0.000774921
-0.00120678
-8.52941e-05
-0.0003988
0.0005
0.000217943
0.00107916
0.000785124
0.00168053
0.00138083
0.00213887
0.00195323
0.00176216
0.00213655
-0.00106671
0.000750182
-0.00656692
-0.00365177
-0.0117094
-0.00933289
-0.0148843
-0.0135727
-0.015604
-0.0155652
-0.0137982
-0.0149818
-0.0102534
-0.0121575
-0.00633761
-0.00825811
-0.00307938
-0.00459046
-0.000817349
-0.00181833
0.000527651
-3.82938e-05
0.00116308
0.000919081
0.00129013
0.00128021
0.00103327
0.00120968
0.000752773
-0.248793
0.205595
-0.346158
-0.335006
-0.281523
-0.317362
-0.5101
0.182947
0.0760806
-0.0356083
0.0534221
-0.000753804
-0.00421329
-0.331614
-0.297135
-0.267625
-0.521629
-0.0262079
-0.120293
0.0990786
0.124829
0.126637
0.111511
0.120748
-0.280056
-0.2431
-0.411044
-0.48415
0.206305
0.162184
-0.275263
0.233569
-0.430431
0.241881
0.269944
-0.312819
-0.41928
0.135558
0.00796151
-6.39779e-05
-0.001326
-0.000846263
0.00138138
0.000607341
0.00296462
0.00215812
0.00453258
0.00375494
0.0060057
0.00528731
0.00729588
0.00667699
0.00834724
0.00785173
0.00913822
0.00877242
0.00968802
0.00943699
0.0100551
0.00988488
0.0103331
0.0101934
0.0106392
0.0104695
0.0111009
0.0108369
0.0118451
0.0114245
0.0129825
0.0123534
0.01459
0.0137195
0.0166904
0.0155753
0.0192377
0.0179103
0.0221103
0.0206408
0.0251161
0.0236082
0.0280106
0.0265911
0.0305255
0.0293288
0.0324084
0.0315557
0.0334671
0.0330443
0.0336085
0.033648
0.0328626
0.0333338
0.0313857
0.032196
0.0294453
0.030449
0.027394
0.0284065
0.0256358
0.0264512
0.0245917
0.0249994
0.0246693
0.0244687
0.0262343
0.025249
0.0295818
0.0276737
0.0349474
0.0320005
0.0425831
0.0384665
0.0527346
0.0473307
0.0656309
0.0588206
0.0815724
0.0731994
0.100265
0.0906877
0.119703
0.110058
0.122743
0.123533
0.12269
0.122382
0.125369
0.123684
0.131435
0.127939
0.14195
0.136079
0.158554
0.149401
0.184426
0.169917
0.226071
0.202931
0.289121
0.254492
0.193033
0.211763
0.163978
0.177248
0.144894
0.153354
0.13305
0.13828
0.126052
0.129055
0.122663
0.123974
0.122119
0.122087
0.12386
0.122751
0.127345
0.125423
0.0927139
0.102089
0.0754335
0.0837669
0.0610362
0.0678243
0.0496798
0.0549918
0.0408204
0.0449714
0.0339794
0.0371717
0.0287781
0.0311974
0.0248772
0.0266838
0.0220292
0.0233349
0.0200601
0.0209451
0.0188443
0.0193654
0.0183023
0.0184939
0.0183825
0.0182686
0.019033
0.0186406
0.0201873
0.0195519
0.0217569
0.0209256
0.0236273
0.0226607
0.0256562
0.0246292
0.0276705
0.0266737
0.0294649
0.0286051
0.0308054
0.0302027
0.0314445
0.0312231
0.0311539
0.0314224
0.0297652
0.0305996
0.027219
0.0286299
0.0236157
0.0255294
0.0192189
0.0214888
0.0144121
0.0168362
0.00961977
0.0119847
0.00523267
0.00735148
0.00153968
0.00328363
-0.00130965
3.11743e-06
-0.00330688
-0.0024122
-0.00455557
-0.0040142
-0.00523266
-0.00495694
-0.00551612
-0.00541738
-0.00558099
-0.00557633
-0.00551473
-0.00557565
-0.00528241
-0.00543967
-0.00488199
-0.00513222
-0.00264513
-0.0039173
-0.00326348
-0.00154649
-0.00207137
-0.000702776
-0.00108915
-5.16901e-05
-0.000358844
0.000539697
0.000248046
0.00115883
0.000840575
0.00182417
0.00149081
0.00234355
0.00212962
0.00198881
0.00236044
-0.000797007
0.000972837
-0.00563898
-0.00315309
-0.00970937
-0.00787165
-0.012037
-0.0110974
-0.0124125
-0.01247
-0.0108808
-0.0118511
-0.0080978
-0.00958002
-0.00506864
-0.00655503
-0.00251337
-0.00370567
-0.000706882
-0.00150956
0.000385913
-7.45448e-05
0.00090239
0.000705909
0.000980117
0.000990406
0.000689479
0.000879801
5.07952e-06
0.00039661
-0.00120895
-0.000502726
-0.307946
-0.210365
-0.340889
-0.413258
-0.352315
-0.334611
-0.475567
0.213156
0.0799397
-0.073759
0.045741
0.128913
0.129632
-0.00455444
-0.00230237
-0.197825
-0.373339
-0.432703
0.107455
0.190369
0.286859
0.290127
0.280662
-0.0642615
-0.536319
-0.315509
-0.336378
-0.481699
0.374214
0.335066
0.373923
0.374101
0.377618
-0.390793
-0.407924
0.155577
0.432121
0.486663
0.531933
0.550054
0.430884
0.532578
0.486831
-0.0168928
-0.471468
-0.361442
-0.531102
-0.355364
-0.095192
0.351239
0.344796
0.234067
0.12297
-0.429336
-0.348981
-0.336061
-0.326411
-0.311814
-0.0022077
-0.00132354
-0.000723568
-0.000232515
0.000162305
0.000452824
0.000643145
0.000747458
0.000771037
0.000708905
0.000556233
0.000300928
-6.61289e-05
-0.000568831
-0.00120164
-0.00198652
-0.00291463
-0.0039619
-0.00509727
-0.00626469
-0.00739168
-0.00837832
-0.00912927
-0.0095657
-0.00963182
-0.00932009
-0.00863784
-0.00761664
-0.00625722
-0.00454899
-0.0025521
-0.000546214
0.00104501
0.00199033
0.00235118
0.00234901
0.00215456
0.00186011
0.00152626
0.00118815
0.000863244
0.000559611
0.000269632
-1.92879e-05
-0.00031054
-0.00062088
-0.000963449
-0.00135873
-0.00181515
-0.00232726
-0.00288632
-0.00347862
-0.00409695
-0.0047748
-0.00520993
-0.00557069
-0.00576639
-0.0058743
-0.00596866
-0.00602095
-0.00605453
-0.00607917
-0.00608543
-0.00605503
-0.00597969
-0.00582726
-0.00557875
-0.0052008
-0.0046758
-0.00397463
-0.00307866
-0.0019695
-0.000636296
0.000922947
0.00270222
0.00468344
0.00684119
0.00913745
0.0115292
0.0139638
0.0163876
0.0187432
0.0209763
0.0230361
0.0248783
0.0264712
0.0277892
0.0288183
0.029552
0.0300003
0.0301752
0.0301033
0.0298078
0.0293233
0.0286783
0.0279103
0.0270481
0.0261275
0.025174
0.0242187
0.023282
0.022389
0.0215547
0.0207978
0.0201286
0.0195596
0.0190975
0.0187506
0.018523
0.01842
0.0184449
0.0186016
0.018894
0.0193261
0.0199042
0.0206355
0.021531
0.022603
0.023868
0.0253436
0.0270525
0.0290209
0.0312821
0.0338764
0.0368517
0.0402622
0.0441661
0.0486292
0.0537263
0.0595583
0.0662169
0.0737702
0.0822297
0.0915872
0.101552
0.111863
0.122151
0.132092
0.141489
0.138003
0.1349
0.132332
0.13036
0.128992
0.128328
0.128398
0.129246
0.130947
0.133582
0.137264
0.142114
0.148308
0.156067
0.165689
0.177406
0.191178
0.207318
0.228584
0.259358
0.295757
0.332585
0.371936
0.414837
0.455951
0.487967
0.501101
0.489883
0.460404
0.420865
0.378029
0.337066
0.29978
0.267991
0.240782
0.21823
0.199459
0.183812
0.17104
0.160662
0.152195
0.145357
0.13992
0.135732
0.13263
0.130513
0.129284
0.128912
0.129255
0.130318
0.132006
0.134437
0.137496
0.141357
0.131623
0.121176
0.1105
0.0998677
0.0896629
0.0803426
0.0719102
0.0643783
0.0576988
0.051809
0.0466481
0.0421599
0.0382932
0.0349988
0.0322338
0.0299572
0.028137
0.0267419
0.0257457
0.025117
0.0248242
0.0248295
0.0250945
0.0255766
0.0262321
0.0270166
0.0278833
0.0287889
0.0296862
0.0305354
0.0312931
0.0319266
0.0324007
0.032693
0.0327802
0.0326526
0.0323016
0.0317311
0.030948
0.0299693
0.0288161
0.0275159
0.0260993
0.0246001
0.0230537
0.021495
0.0199582
0.018474
0.0170697
0.0157682
0.014586
0.0135354
0.0126213
0.0118455
0.0112018
0.0106834
0.0102761
0.00996742
0.00973847
0.00957401
0.00945359
0.00936146
0.00927775
0.00918809
0.00907524
0.0089262
0.00872994
0.00847914
0.00816598
0.00778275
0.00733412
0.00681283
0.00623508
0.00558762
0.00490462
0.00415575
0.00340739
0.00258507
0.00181335
0.000925067
0.000228999
-0.000689118
-0.00116311
-0.00228412
-0.00220061
-0.00373427
-0.00387095
-0.00320983
-0.389553
-0.453137
-0.442565
-0.356186
-0.388656
0.442725
0.0773661
0.252334
0.447964
0.581892
0.618574
0.593947
0.0366859
-0.13792
-0.0497861
0.514058
0.185023
0.516901
-0.353094
-0.360618
-0.399246
-0.427488
-0.0047302
-0.0047717
-0.356117
-0.400307
-0.407047
-0.463955
-0.428204
-0.00494913
-0.00317735
-0.00259479
-0.00165882
-0.00106559
-0.00012503
0.000643995
0.00152859
0.00230441
0.00311856
0.00385602
0.00458678
0.00524815
0.0058717
0.00642272
0.00691704
0.00733645
0.00769113
0.00797394
0.00819575
0.00835897
0.00847675
0.00855657
0.00861438
0.00866357
0.00872386
0.00881221
0.00894924
0.00915178
0.00944086
0.00983191
0.0103431
0.0109851
0.0117696
0.0126988
0.0137746
0.0149877
0.016328
0.0177733
0.0193014
0.0208792
0.0224755
0.0240504
0.0255694
0.0269926
0.0282883
0.029423
0.0303741
0.0311195
0.0316502
0.0319586
0.0320502
0.0319319
0.0316236
0.0311453
0.0305286
0.0298036
0.0290096
0.0281829
0.0273664
0.026599
0.025923
0.0253767
0.0250002
0.0248288
0.0248981
0.0252385
0.0258803
0.0268481
0.0281683
0.0298628
0.0319618
0.0344952
0.03751
0.0410549
0.0452043
0.0500298
0.0556331
0.0621059
0.0695717
0.0781224
0.0878356
0.0985367
0.11016
0.122263
0.134275
0.145499
0.164912
0.700975
0.759413
0.301327
0.0178731
-0.20678
0.441087
0.654596
0.0684352
0.307682
0.641431
0.426298
-0.344654
-0.387061
-0.0031463
-0.00351832
-0.00198457
-0.00135566
-0.000866179
-0.0004015
-3.06814e-05
0.000237068
0.000413281
0.000513792
0.000544665
0.00050383
0.000388029
0.000188712
-9.87364e-05
-0.000490797
-0.000980757
-0.00158333
-0.00229211
-0.00308266
-0.00393087
-0.00479259
-0.00561798
-0.0063325
-0.00687207
-0.00717569
-0.00720987
-0.0069674
-0.00645783
-0.00570421
-0.00470421
-0.00341688
-0.00183979
-0.000171757
0.00121335
0.00205098
0.00236725
0.00235261
0.00216019
0.00187306
0.00154321
0.00120758
0.000886049
0.000588092
0.000308883
3.78223e-05
-0.000229282
-0.000506035
-0.000805677
-0.00113888
-0.00151727
-0.00194833
-0.00241993
-0.00293159
-0.00347456
-0.00406138
-0.00477799
-0.00554581
-0.00598647
-0.00626007
-0.00633663
-0.00632897
-0.00634838
-0.00635224
-0.00637894
-0.00639375
-0.00640829
-0.00638701
-0.00632562
-0.00618806
-0.00595833
-0.00560112
-0.00509709
-0.00441048
-0.00352798
-0.00242929
-0.00110491
0.000449803
0.00222527
0.00420532
0.00636055
0.00865415
0.0110391
0.0134635
0.0158705
0.0182031
0.0204053
0.0224267
0.0242235
0.0257633
0.0270221
0.0279883
0.0286586
0.0290422
0.0291546
0.029021
0.0286694
0.0281343
0.0274481
0.0266492
0.0257695
0.024846
0.0239068
0.0229836
0.0220985
0.021276
0.020531
0.01988
0.0193314
0.018894
0.018571
0.018366
0.0182793
0.0183111
0.0184613
0.0187292
0.0191164
0.0196235
0.0202555
0.0210168
0.0219173
0.0229659
0.0241778
0.025567
0.027155
0.0289643
0.0310265
0.0333793
0.0360704
0.0391603
0.0427184
0.0468321
0.0515975
0.0571404
0.0635941
0.0710976
0.0797278
0.0894793
0.100208
0.111559
0.123254
0.134657
0.14548
0.15568
0.150273
0.145713
0.141757
0.138541
0.136112
0.134474
0.133729
0.133867
0.134919
0.136944
0.140032
0.144279
0.149813
0.156791
0.165427
0.175936
0.188472
0.203331
0.221141
0.243315
0.270437
0.300539
0.332032
0.366978
0.402554
0.434051
0.454908
0.463865
0.456438
0.434999
0.404954
0.370164
0.337053
0.305403
0.276714
0.251139
0.229233
0.210396
0.194401
0.180973
0.169801
0.160566
0.153023
0.146972
0.142265
0.138765
0.136352
0.134966
0.134544
0.135012
0.136323
0.138489
0.141499
0.14529
0.149807
0.155247
-0.417411
-0.380094
-0.407795
-0.435551
-0.395555
-0.00595867
-0.00571995
-0.00423191
-0.00312881
-0.00214006
-0.00126992
-0.00035955
0.000480714
0.00133803
0.00213063
0.0029238
0.00365728
0.00436699
0.00501394
0.0056163
0.00614992
0.00662468
0.00702723
0.00736509
0.00763319
0.00784066
0.00799
0.00809481
0.00816208
0.00820601
0.00824207
0.00828908
0.00836485
0.00848864
0.00867796
0.00895379
0.00933238
0.00983185
0.0104639
0.0112399
0.0121629
0.013234
0.0144447
0.0157831
0.0172284
0.0187562
0.0203349
0.0219304
0.0235049
0.0250202
0.0264389
0.0277256
0.0288499
0.0297861
0.0305161
0.0310283
0.03132
0.0313954
0.0312674
0.0309543
0.0304816
0.0298789
0.02918
0.0284216
0.0276421
0.0268808
0.0261763
0.0255666
0.0250875
0.0247726
0.0246524
0.0247544
0.025103
0.0257197
0.0266227
0.0278301
0.0293582
0.0312306
0.033474
0.0361362
0.0392746
0.0429846
0.047368
0.052572
0.0587377
0.0660595
0.0746963
0.0847687
0.0962502
0.109079
0.122912
0.137335
0.151092
0.163006
0.172534
0.163663
0.157463
0.152301
0.14773
0.144081
0.141431
0.139791
0.139176
0.139606
0.14111
0.143742
0.147562
0.152665
0.159172
0.167223
0.176985
0.18867
0.202496
0.218607
0.237098
0.258117
0.281833
0.308079
0.3362
0.365155
0.392134
0.415048
0.430457
0.436436
0.430441
0.414307
0.390844
0.362948
0.333077
0.304408
0.277602
0.252649
0.230765
0.212412
0.196972
0.183853
0.172758
0.16351
0.155951
0.149908
0.145237
0.141816
0.139542
0.138356
0.138207
0.13907
0.14095
0.143835
0.147745
0.152674
0.158499
0.165414
0.162658
-0.0057456
-0.00655199
-0.0067814
-0.00687423
-0.00672425
-0.00666467
-0.00658538
-0.00655335
-0.00654128
-0.00654029
-0.00654076
-0.00651481
-0.00645039
-0.00631349
-0.00608575
-0.00573262
-0.00523259
-0.0045614
-0.00368507
-0.00260014
-0.00129256
0.000241294
0.00199119
0.00394053
0.00606091
0.00831512
0.0106585
0.013038
0.0154007
0.0176869
0.0198465
0.0218243
0.0235837
0.0250847
0.026311
0.0272424
0.0278847
0.0282377
0.0283256
0.0281643
0.0277906
0.0272309
0.0265281
0.0257107
0.0248229
0.0238919
0.0229586
0.0220453
0.0211863
0.0203966
0.019702
0.0191093
0.0186352
0.0182788
0.0180489
0.0179395
0.0179545
0.0180849
0.0183321
0.0186878
0.0191535
0.0197242
0.0204039
0.0211921
0.022097
0.0231222
0.0242813
0.025581
0.0270423
0.0286766
0.0305182
0.0325875
0.0349454
0.0376336
0.0407604
0.0443991
0.0487158
0.0538156
0.0599448
0.0672559
0.0760353
0.0861621
0.0976738
0.110328
0.123626
0.137123
0.15036
-0.00487944
-0.00391081
-0.00300494
-0.00287691
-0.00169681
-0.00128736
-0.000841889
-0.000425664
-0.000107128
0.000117069
0.000268054
0.000358543
0.000393144
0.000370397
0.000288475
0.000141512
-7.19027e-05
-0.000363398
-0.000725674
-0.00116965
-0.00168963
-0.00226541
-0.00287683
-0.00349309
-0.00407703
-0.00457731
-0.00494541
-0.00513553
-0.00512138
-0.00490128
-0.00449439
-0.00393403
-0.00323198
-0.00233386
-0.0011887
8.30099e-05
0.00116879
0.00183386
0.00208556
0.00208148
0.00193626
0.00170152
0.00141542
0.00111426
0.000822585
0.000553477
0.00030515
6.9894e-05
-0.000157487
-0.000388263
-0.000633158
-0.0008955
-0.00119225
-0.00152472
-0.00189526
-0.00230675
-0.00274667
-0.00324833
-0.354315
0.53251
0.241329
0.546477
-0.0962793
0.676918
-0.301416
-0.39521
0.412666
0.160697
0.401947
0.692359
-0.00281213
0.216408
-0.0188414
-0.00726282
-0.00683702
-0.00319664
-0.00424595
-0.404481
-0.402698
0.185399
0.182295
0.181886
-0.361668
0.189385
0.195155
-0.00120185
-0.195995
0.0510945
0.53486
0.317624
0.541132
-0.370377
-0.00219273
-0.00250532
-0.00160341
-0.00187987
-0.00107741
-0.0013317
-0.000629677
-0.000842283
-0.00024296
-0.000430659
0.000130135
-5.77844e-05
0.000546265
0.000330103
0.00104497
0.000784727
0.00156503
0.00131335
0.00188595
0.00176427
0.00172195
0.00189757
0.00040237
0.00122832
-0.00138477
-0.000551971
-0.00248431
-0.00200106
-0.00320753
-0.00287994
-0.00348867
-0.0034132
-0.00320345
-0.00341052
-0.00251095
-0.00288959
-0.00168336
-0.00209816
-0.000924099
-0.00128566
-0.000357369
-0.000613234
3.64026e-06
-0.000149657
0.000168144
0.000109117
0.000154037
0.000182446
-3.31441e-05
8.21237e-05
-0.000435323
-0.000200486
-0.00112113
-0.000761172
-0.00202741
-0.00134618
-0.0019476
0.155881
0.171748
0.123399
0.139526
0.0941433
0.108144
0.0712459
0.0817685
0.0556194
0.0625976
0.0454463
0.0500047
0.0385862
0.0417013
0.0336677
0.0359477
0.0298593
0.0316581
0.0267541
0.0282331
0.0241791
0.0254068
0.0220541
0.0230639
0.0203371
0.0211465
0.0190127
0.0196261
0.0180924
0.0185006
0.0176105
0.0177942
0.0176099
0.0175477
0.0181207
0.0178007
0.0191357
0.0185679
0.0205882
0.0198143
0.0223417
0.0214388
0.024193
0.0232704
0.0258865
0.0250773
0.0271377
0.0265861
0.0276626
0.0275081
0.0272241
0.0275763
0.0256776
0.0265945
0.0230116
0.0244802
0.0193707
0.0212987
0.0150467
0.0172718
0.0104336
0.0127502
0.00595263
0.00815186
0.00197271
0.00388107
-0.00125134
0.000256197
-0.00361243
-0.00254079
-0.0051508
-0.00447412
-0.00601998
-0.00565779
-0.00641134
-0.00626116
-0.00653618
-0.0064931
-0.00658425
-0.0065588
-0.00670466
-0.00663401
-0.00697953
-0.00685721
-0.00730063
-0.00731552
-0.00776315
0.165054
0.172279
0.152847
0.158396
0.145379
0.1485
0.142707
0.143462
0.144721
0.14314
0.151567
0.147523
0.163812
0.156974
0.182373
0.172245
0.208378
0.194389
0.242718
0.224484
0.285405
0.263106
0.334078
0.309305
0.381115
0.358703
0.411684
0.399546
0.411801
0.416048
0.380323
0.399185
0.331615
0.357177
0.281566
0.306146
0.237518
0.258508
0.203165
0.219061
0.17809
0.189617
0.160473
0.168438
0.149105
0.154083
0.143017
0.145458
0.141619
0.141761
0.144731
0.142612
0.152583
0.14805
0.166006
0.158487
0.174921
0.157175
0.171682
0.122826
0.139853
0.0929598
0.106932
0.0703175
0.0806653
0.0547118
0.0616897
0.0443044
0.0489656
0.0372306
0.0404232
0.0322517
0.0345228
0.028683
0.0303079
0.0262499
0.0273281
0.0248522
0.0254234
0.0244066
0.0245149
0.024783
0.0245008
0.0257878
0.0252194
0.0271694
0.0264468
0.0286369
0.0279088
0.0298888
0.0293054
0.0306464
0.0303419
0.0306915
0.0307653
0.0299004
0.0304009
0.0282667
0.0291819
0.0259048
0.0271632
0.0230318
0.0245141
0.0199277
0.0214891
0.0168848
0.0183808
0.0141575
0.0154685
0.011921
0.012971
0.0102533
0.0110153
0.00913984
0.00963158
0.00849407
0.00876623
0.00818362
0.00830628
0.00805897
0.00810619
0.00797179
0.00801994
0.00779886
0.00790211
0.00744719
0.00764984
0.00685616
0.00718409
0.00600225
0.00646296
0.00489437
0.00548026
0.00356461
0.00425814
0.00205531
0.00283578
0.000410999
0.00125718
-0.00133442
-0.000425112
-0.00350721
-0.00229301
-0.00642172
-0.00494184
-0.00808503
-0.00754939
-0.395691
-0.00533581
-0.00797114
0.206659
0.208057
0.204152
0.210789
-0.0073379
-0.00886906
-0.0112286
-0.00511897
-0.00687877
-0.00242435
-0.00364035
-0.000465029
-0.00136787
0.00125521
0.000412357
0.00282961
0.00205857
0.00423689
0.00355439
0.00544097
0.00486547
0.00640791
0.00595504
0.00711906
0.00679523
0.0075825
0.00737972
0.0078397
0.00773282
0.00796689
0.00791343
0.0080761
0.0080153
0.00829591
0.00816153
0.00877068
0.00849247
0.00963781
0.0091473
0.0110082
0.0102555
0.0129293
0.0118999
0.0153678
0.0140894
0.018198
0.0167448
0.0212094
0.019696
0.0241358
0.0226997
0.0266978
0.0254773
0.0286526
0.0277615
0.0298377
0.0293452
0.0301997
0.030118
0.029802
0.0300852
0.0288123
0.0293652
0.0274763
0.0281684
0.026081
0.0267661
0.0249192
0.0254523
0.0242558
0.0245097
0.0243031
0.0241794
0.0252042
0.0246406
0.0270282
0.0259985
0.0297935
0.0282913
0.0335481
0.031536
0.0385725
0.0358605
0.0457699
0.0417942
0.0571571
0.0507515
0.075656
0.0653103
0.103008
0.088303
0.140118
0.120484
0.179319
0.160592
0.194589
0.182401
0.195901
0.162714
0.171319
0.150896
0.155988
0.144973
0.147282
0.144018
0.143901
0.147865
0.145335
0.156836
0.151677
0.171675
0.163469
0.19337
0.181604
0.223109
0.207155
0.261721
0.241326
0.306891
0.28378
0.353166
0.330515
0.388987
0.37313
0.40329
0.399575
0.389809
0.399686
0.354979
0.374384
0.309883
0.33287
0.26588
0.287264
0.228185
0.246127
0.198041
0.212154
0.175494
0.185858
0.159789
0.166854
0.150005
0.154214
0.145476
0.147117
0.145915
0.145082
0.151534
0.148043
0.163089
0.156498
0.181688
0.171498
0.193792
-0.00796373
-0.00734336
-0.00750665
-0.00757564
-0.00691797
-0.00711851
-0.00662539
-0.00673261
-0.00650418
-0.00655219
-0.00640026
-0.00646148
-0.00613462
-0.00630048
-0.00550546
-0.00587881
-0.00430776
-0.00498887
-0.00237328
-0.00344072
0.000387955
-0.0010967
0.00394067
0.00207328
0.00810845
0.00596422
0.0125868
0.0103317
0.016989
0.0148227
0.0209155
0.0190346
0.0240287
0.02259
0.026112
0.0252063
0.0270963
0.0267393
0.027055
0.0271938
0.0261742
0.0267042
0.0247087
0.025497
0.0229368
0.0238435
0.0211279
0.0220212
0.0195139
0.0202842
0.0182685
0.018837
0.0174973
0.0178197
0.017242
0.0173049
0.0174942
0.0173067
0.018217
0.0177996
0.0193676
0.0187412
0.020915
0.0200929
0.0228472
0.021833
0.0251695
0.0239587
0.0279
0.0264818
0.0310839
0.0294297
0.034863
0.0328812
0.0396689
0.037088
0.0466159
0.0427588
0.0579295
0.0515426
0.0765715
0.0661464
0.104514
0.0893636
0.140836
0.121793
0.180267
0.16045
0.198003
-0.00107553
-0.000889455
-0.000822353
-0.000802882
-0.00129362
-0.000511972
-0.000751857
-0.000173584
-0.0003135
4.98355e-06
-6.92088e-05
7.23893e-05
5.2748e-05
3.0986e-05
6.55511e-05
-0.000122857
-3.12929e-05
-0.000398327
-0.000246033
-0.000795774
-0.00058009
-0.00126947
-0.00102595
-0.00171892
-0.00150163
-0.00199637
-0.00188567
-0.00194436
-0.00201525
-0.00153835
-0.00177758
-0.000963698
-0.00126094
-0.000107146
-0.000600473
0.000968164
0.000475062
0.00132024
0.0012371
0.00123207
0.0013014
0.000932866
0.00110082
0.000563932
0.000744
0.000249028
0.000396547
-1.0593e-05
0.000113339
-0.00024799
-0.0001301
-0.000496218
-0.000368387
-0.000779662
-0.000633301
-0.00109975
-0.000937993
-0.00151544
-0.00126019
-0.0022758
-0.407175
-0.00649299
-0.142705
-0.411017
-0.0151352
-0.659457
-0.428791
-0.509332
-0.410065
-0.396606
-0.397083
0.661666
0.811966
0.883313
0.808244
0.655625
-0.446448
-0.495181
-0.598706
-0.551332
-0.778633
-0.348722
0.0369652
-0.133666
0.0528736
-0.0137392
-0.00968273
-0.00704959
-0.00491922
-0.00350738
-0.00225792
-0.00128647
-0.000372078
0.000506117
0.00134779
0.00214882
0.00291394
0.00363409
0.00431034
0.0049341
0.00550444
0.00601472
0.00646425
0.00684952
0.00717205
0.0074324
0.00763559
0.00778678
0.00789494
0.00796964
0.00802356
0.00807002
0.00812528
0.00820554
0.0083268
0.00851322
0.00877954
0.00914247
0.00961484
0.010208
0.0109307
0.0117886
0.0127798
0.0138991
0.0151329
0.016465
0.0178706
0.0193235
0.0207905
0.02224
0.023635
0.0249438
0.0261323
0.0271743
0.0280442
0.0287268
0.0292091
0.0294899
0.0295704
0.0294639
0.0291852
0.0287598
0.0282134
0.0275803
0.0268926
0.0261891
0.0255035
0.0248747
0.0243336
0.0239149
0.023643
0.0235451
0.023636
0.0239329
0.0244391
0.0251607
0.0260898
0.0272241
0.0285513
0.0300738
0.031797
0.0337634
0.0360485
0.0388044
0.0422597
0.0467563
0.0527239
0.0606677
0.0710753
0.0842617
0.100297
0.11986
0.142815
0.16928
0.196596
0.220107
0.240889
0.226188
0.20432
0.187343
0.174377
0.164914
0.157697
0.152322
0.148533
0.146129
0.145013
0.145131
0.146473
0.149058
0.152946
0.15821
0.164957
0.173301
0.183381
0.195336
0.20932
0.225417
0.24358
0.263499
0.28483
0.307095
0.329331
0.350691
0.369535
0.384365
0.393686
0.396863
0.393677
0.384282
0.369691
0.351351
0.330841
0.309452
0.288054
0.267283
0.247752
0.229875
0.213879
0.199772
0.187523
0.177062
0.168308
0.161146
0.155481
0.151214
0.14828
0.146625
0.146237
0.147135
0.149385
0.153083
0.158413
0.16576
0.175586
0.188695
0.205804
0.227916
0.282569
-0.00634622
-0.0101886
-0.00938969
-0.00871587
-0.00780412
-0.00738326
-0.00700147
-0.00676153
-0.00657888
-0.00646068
-0.0063827
-0.00632813
-0.00628013
-0.00621503
-0.0061131
-0.00594773
-0.00569568
-0.00532987
-0.0048266
-0.00416202
-0.00332669
-0.00229124
-0.00105298
0.000388568
0.002026
0.00384274
0.00581399
0.00790616
0.0100796
0.0122886
0.0144847
0.0166178
0.0186396
0.0205048
0.0221742
0.0236153
0.0248047
0.0257274
0.0263783
0.0267605
0.0268856
0.0267719
0.0264443
0.0259319
0.025268
0.0244869
0.0236241
0.0227137
0.0217888
0.0208794
0.0200138
0.0192153
0.0185053
0.0178988
0.0174089
0.0170424
0.0168047
0.0166957
0.0167153
0.0168588
0.0171232
0.0175019
0.0179918
0.0185866
0.0192844
0.0200805
0.0209744
0.0219623
0.0230443
0.0242159
0.0254763
0.0268201
0.0282472
0.0297567
0.0313607
0.0330831
0.0349817
0.0371568
0.0397806
0.0431108
0.0475099
0.0534326
0.0613945
0.0718831
0.0852811
0.10175
0.121176
0.143144
0.16716
0.191389
0.213141
0.237569
0.288868
0.0241476
0.0145792
0.00389604
0.000851833
-0.000278907
-0.000260364
-0.000391895
-0.000310855
-0.00025501
-0.000213383
-0.000178012
-0.000154622
-0.000141743
-0.000142453
-0.000153584
-0.00017676
-0.000209863
-0.000254272
-0.000310594
-0.000376272
-0.000449037
-0.000535216
-0.000622221
-0.000711975
-0.000788731
-0.000852289
-0.000883529
-0.00087894
-0.000820663
-0.000709413
-0.000554654
-0.000384614
-0.00023488
-0.000114671
3.05743e-05
0.000262586
0.000546321
0.000767814
0.000858674
0.000870337
0.000848566
0.000809283
0.000730392
0.000628421
0.000512857
0.000402816
0.000300861
0.000212791
0.000133273
6.41035e-05
7.38244e-07
-5.68457e-05
-0.000110727
-0.000161561
-0.000210037
-0.000252998
-0.000277247
-0.000225577
5.72638e-05
0.00112163
0.0047759
0.012602
0.0090162
-0.351518
-0.0890902
0.2006
0.0205811
)
;

boundaryField
{
    frontandback
    {
        type            empty;
    }
    walls
    {
        type            zeroGradient;
    }
    diamond
    {
        type            zeroGradient;
    }
    inlet
    {
        type            zeroGradient;
    }
    outlet
    {
        type            fixedValue;
        value           uniform 0;
    }
}


// ************************************************************************* //
