/*--------------------------------*- C++ -*----------------------------------*\
  =========                 |
  \\      /  F ield         | OpenFOAM: The Open Source CFD Toolbox
   \\    /   O peration     | Website:  https://openfoam.org
    \\  /    A nd           | Version:  10
     \\/     M anipulation  |
\*---------------------------------------------------------------------------*/
FoamFile
{
    format      ascii;
    class       volScalarField;
    location    "15";
    object      p;
}
// * * * * * * * * * * * * * * * * * * * * * * * * * * * * * * * * * * * * * //

dimensions      [0 2 -2 0 0 0 0];

internalField   nonuniform List<scalar> 
6397
(
4.75776
4.54667
-3.67835
-3.14116
-3.44749
-4.22375
7.2847
3.95969
-13.9537
-10.288
4.76913
1.00081
-0.224978
-0.160323
-0.220186
-16.1015
-13.8642
-13.6953
12.1897
12.1408
11.3976
-7.30767
-10.1726
-10.4885
-0.111634
-0.0688963
-0.0260234
-1.5714
-1.56002
-2.3584
-2.16659
-0.895466
-1.41421
-2.45729
0.994843
0.74919
0.249457
-0.112074
1.44012
1.52247
1.36373
1.21417
-2.52191
-5.94208
-6.16606
-4.88488
-4.98565
-5.64324
1.6039
1.55598
1.55938
1.4393
1.51056
4.1079
3.52904
3.1766
3.20933
1.69905
-3.64227
-3.1079
-4.05243
-4.25752
-4.06264
-3.6371
-3.09875
-2.57377
-2.17484
-1.93317
-3.72043
-2.55672
-2.95145
-4.4556
-4.97179
-5.15543
-4.90797
-4.33364
-3.59024
-2.87539
-2.31205
-1.92519
-2.28994
-2.10855
-1.86462
-1.72407
-1.77104
-1.79366
-1.96471
-1.67126
-1.39856
-1.62381
-2.24131
-1.76667
-1.14819
-0.996894
-2.72458
-2.00099
-1.08829
-0.498955
-0.736784
-2.25114
-1.59041
-4.03904
-3.08985
-5.53208
-4.92963
-5.36608
-5.67911
-3.75195
-4.65576
-2.18137
-2.87801
-1.37692
-1.68774
-1.18841
-1.22727
-1.24775
-2.11028
-3.33859
-2.59252
-1.77527
-1.84657
-2.09144
-1.86375
-2.74198
-2.40195
-2.99927
-2.9668
-2.66288
-2.90527
-2.01828
-2.32265
-1.72072
-1.79447
-1.95177
-1.78263
-0.89796
-1.58327
-0.319695
-1.39068
-2.36863
-3.71695
-4.33812
-5.00176
-1.59821
-0.552321
-0.61874
-3.19508
-0.0630537
0.154245
-3.55874
-3.40281
-0.714103
-0.328305
-2.00739
-1.2724
-3.97594
-2.93794
-5.61344
-4.95419
-5.38924
-5.76553
-3.5831
-4.59041
-1.82275
-2.61298
-0.905575
-1.26682
-0.568633
-0.69309
-0.525196
-2.10418
-2.75353
-1.48662
-1.69896
-1.50776
-1.43909
-1.82139
-1.66747
-1.93795
-1.96132
-1.70261
-1.88755
-1.44419
-1.55754
-1.61406
-1.46509
-2.3144
-1.90499
-2.75431
-0.794533
-1.57886
0.334162
-0.163065
-6.43543
-5.43519
-2.81259
0.137448
0.139524
-0.685894
-1.78334
-6.95867
-7.65513
-8.44346
-2.63237
-3.81087
0.463017
0.719018
0.852675
-4.53605
-3.96398
-4.15355
0.335682
0.538406
-0.32986
0.0607971
-1.61312
-0.876622
-3.57689
-2.54533
-5.18806
-4.54194
-4.94934
-5.34159
-3.14053
-4.15027
-1.35763
-2.16754
-0.403157
-0.787219
0.00712894
-0.159784
0.0973906
-3.79123
-5.26782
-1.91912
-2.68126
-1.117
-1.42729
-0.911323
-0.967512
-0.98014
-0.932609
-1.01167
-1.01878
-0.895566
-0.960329
-0.949661
-0.880826
-1.46417
-1.143
-2.55906
-1.93977
-3.2753
-0.73911
-1.58209
-0.0648359
0.141449
-6.31363
-3.17523
-9.11967
-8.17023
-0.699717
-1.85139
0.550034
0.936773
-2.66096
-3.83416
-4.42743
-5.22732
1.01017
1.12504
0.147918
0.166639
-0.654612
-4.92636
-4.7458
0.676163
0.866902
0.0683831
0.428444
-1.12079
-0.447736
-2.91008
-1.9662
-4.37608
-3.78724
-4.11697
-4.48862
-2.46076
-3.37725
-0.830273
-1.57339
0.0845142
-0.284371
0.491937
0.329005
0.653078
0.596015
0.714186
0.692419
0.734145
0.727589
-6.85416
-9.15846
-8.41292
-3.53702
-5.08074
-1.57628
-2.38678
-0.68945
-1.0456
-0.348417
-0.472893
-0.25016
-0.285191
-0.202153
-0.222573
-0.200228
-0.184016
-0.469293
-0.287165
-1.22482
-0.777533
-2.62598
-1.84079
-3.52163
-0.687014
-1.592
0.0139071
-8.66172
-8.6999
0.186901
0.714446
-6.69696
-3.31425
1.19754
-4.98676
-4.56659
-5.46958
-7.7927
-1.7685
-7.22788
-7.27974
-0.574925
0.151535
0.646953
-5.70887
-4.97602
1.23125
1.37169
1.32164
0.966954
1.13319
0.428653
0.754782
-0.584127
-0.00326755
-2.07501
-1.28915
-3.29059
-2.80034
-3.05222
-3.37814
-1.66065
-2.43052
-0.280093
-0.913711
0.513147
0.186242
0.876743
0.731807
1.04041
0.971411
1.11704
1.08039
1.12847
1.12423
1.04031
1.10456
-8.23826
-6.37897
-7.78202
-6.0661
-7.5526
-2.93585
-4.3981
-1.10889
-1.87207
-0.23288
-0.59151
0.161885
0.00457058
0.342904
0.266883
0.435947
0.401848
0.385477
0.439618
0.000810698
0.244754
-0.88541
-0.373398
-2.47962
-1.59386
-3.50832
-5.36528
-4.60851
0.516361
0.936614
-5.79006
-6.04068
-4.74117
-5.46322
-2.51734
-3.61028
-0.605124
-1.4922
0.615395
0.0938748
1.23311
0.98584
1.40343
-6.41189
-3.17012
-6.67619
-1.58151
-5.56314
-0.513885
-2.97153
-3.65019
0.0378831
0.798161
0.340509
1.48312
1.50488
-4.76672
1.39632
1.45763
1.1931
1.32512
0.739417
1.01341
-0.0741968
0.390425
-1.2153
-0.620173
-2.09787
-1.74497
-1.91537
-2.15841
-0.858252
-1.44609
0.223111
-0.279379
0.859383
0.592276
1.16225
1.03834
1.29667
1.24202
1.36528
1.33366
1.39246
1.38188
1.32386
1.37691
1.15583
1.2497
-4.94929
-1.99608
-3.42196
-6.57095
-6.15643
-4.70168
-5.98274
-2.12722
-3.33213
-0.579078
-1.23138
0.213711
-0.118707
0.602834
0.443802
0.801939
0.714997
0.91537
0.870383
0.857813
0.917306
0.43801
0.700307
-0.504574
0.0397867
-2.13758
-1.23852
-4.31915
-3.21506
-5.84627
-5.24757
-5.95594
-4.24253
-5.28177
-4.932
-2.28506
-3.28846
-0.521045
-1.34246
0.640118
0.142499
1.23059
0.987953
-1.69207
-0.876341
0.599162
1.03095
1.48613
1.39273
-5.56703
-2.82105
-5.25155
-1.38313
-3.98043
-0.547138
-2.3403
-0.185023
-0.0641148
-0.788522
0.102499
0.847775
0.321538
0.534335
0.490489
0.983007
0.574869
1.14072
0.963076
1.5122
1.44341
1.45902
-4.19108
1.54199
1.54566
1.50002
1.54224
1.33892
1.45014
0.982363
1.19914
0.375888
0.716317
-0.420756
-0.0102027
-1.00369
-0.78035
-0.889147
-1.04933
-0.16315
-0.571003
0.626267
0.252085
1.11556
0.908069
1.34987
1.25225
1.46516
1.41415
1.55069
1.50939
1.62663
1.59975
1.58816
1.62346
1.43816
1.53121
1.31044
-0.986372
-0.106831
-3.19195
-2.07092
-4.44796
-4.10873
-3.16974
-4.07848
-1.25074
-2.14302
-0.0641705
-0.570714
0.595711
0.31052
0.954665
0.805378
1.13664
1.05739
1.24916
1.20172
1.20654
1.25737
0.811277
1.06025
-0.0949253
0.426052
-1.65474
-0.793281
-3.70059
-2.67987
-5.14053
-4.56992
-5.3394
-4.40563
-4.12531
-3.61773
-4.166
-2.0292
-2.85934
-0.490327
-1.22058
0.601027
0.123936
1.18969
0.946164
1.35243
-4.4948
-2.4094
-3.93516
-1.27966
-2.77661
-0.71741
-1.45169
-0.501825
-0.182777
-0.255789
1.27263
0.845969
-0.048499
0.812739
0.230254
1.57684
1.42394
1.70113
0.668924
1.25115
1.158
1.33422
1.38918
1.50493
1.43073
-3.48193
1.57026
1.55034
1.55291
1.57366
1.43172
1.50829
1.16739
1.31558
0.747933
0.972187
0.23149
0.490596
-0.133559
0.00404904
-0.0620246
-0.155062
0.383606
0.129656
0.916599
0.657775
1.2854
1.12726
1.47019
1.39354
1.58219
1.52856
1.69246
1.63937
1.74898
1.73289
1.68946
1.73453
1.55092
1.62352
1.42037
1.48254
1.34062
1.02946
1.35641
-0.0325628
0.565509
-1.42268
-0.726017
-2.35212
-2.03084
-1.67447
-2.2022
-0.41683
-1.01321
0.4098
0.0511521
0.901453
0.681513
1.2068
1.07456
1.36676
1.29759
1.46663
1.42198
1.43913
1.47765
1.10459
1.32062
0.305453
0.769635
-1.06902
-0.306807
-2.82649
-1.93988
-3.98728
-3.55589
-3.97955
-2.57499
-1.75066
-3.33509
-3.10754
-2.93087
-3.26246
-1.78655
-2.40873
-0.52312
-1.13819
0.468369
0.0210029
1.0518
0.809055
1.21886
-3.52823
-2.08593
-2.97262
-1.35055
-1.99788
-1.04169
-0.895786
-0.935225
0.211617
-0.801737
1.04409
-0.551357
1.75858
1.45144
-0.167261
1.10315
0.492165
1.32849
-2.87336
1.49654
1.32783
1.42349
1.56946
1.54303
1.56545
1.57197
1.47687
1.52422
1.28773
1.3834
1.00671
1.15013
0.701976
0.846459
0.522285
0.59166
0.544998
0.510331
0.777421
0.639233
1.11951
0.950225
1.38992
1.27218
1.54239
1.47904
1.64558
1.59713
1.72512
1.6909
1.74953
1.74608
1.72931
1.74105
1.69809
1.71511
1.62357
1.66853
1.53845
1.57309
1.54062
1.53131
1.78298
1.86258
1.85115
1.42454
1.64767
0.788103
1.12737
0.0544602
0.437968
-0.669371
-0.363811
-0.416631
-0.674493
0.300758
-0.0510602
0.823804
0.590392
1.15501
1.00206
1.39041
1.283
1.52415
1.46684
1.60257
1.56685
1.58133
1.60944
1.31898
1.491
0.663743
1.04968
-0.462481
0.163816
-1.8494
-1.15724
-2.77594
-2.42623
-2.44102
-2.78904
-1.92793
-1.62088
-0.350044
-1.007
-2.30876
-2.04939
-2.26724
-2.39272
-1.54331
-1.96153
-0.600181
-1.0741
0.242168
-0.153117
0.83544
0.575557
1.16134
1.02666
1.19704
1.26385
1.81253
1.82485
1.13966
1.58371
-2.86553
-1.97648
-0.513244
-2.40097
-1.60388
1.32494
1.11196
1.22798
-1.56045
-1.55695
-0.568993
-1.59316
0.440331
-1.57679
1.09556
-1.22419
1.37021
-0.608699
1.74272
1.66584
0.348354
1.31045
1.7046
-2.51122
1.46728
1.39825
1.5392
1.50976
1.53703
1.53706
1.47436
1.50791
1.35526
1.41969
1.18758
1.27759
1.01321
1.09759
0.926807
0.960961
0.940048
0.924858
1.03724
0.975929
1.24678
1.13526
1.45009
1.35908
1.58624
1.52601
1.69258
1.64198
1.78204
1.74112
1.833
1.81262
1.82767
1.83749
1.76569
1.79947
1.69735
1.7265
1.68475
1.67946
1.7509
1.7105
1.9265
1.82061
1.94501
1.8243
1.90289
1.92523
1.95464
1.73133
1.84999
1.42037
1.57223
1.07337
1.27993
0.497674
0.767286
0.503087
0.41486
0.868781
0.678051
1.17711
1.03545
1.37569
1.28366
1.5293
1.45621
1.62922
1.58698
1.67907
1.65964
1.65984
1.68419
1.46352
1.59303
0.961271
1.25936
0.0961806
0.576294
-0.930285
-0.427787
-1.54746
-1.34901
-1.32549
-1.47262
-0.960388
0.193952
0.619272
-0.702988
-0.263539
-1.41887
-1.10393
-1.63819
-1.60702
-1.32277
-1.52899
-0.736869
-1.05077
-0.0830391
-0.406831
0.508077
0.226908
0.922839
0.742157
1.05422
1.60515
1.70429
1.9187
2.06147
-2.54536
-2.10815
1.29834
1.26053
-2.14662
-2.07956
-1.37022
-2.33269
-0.416431
-2.60143
0.517267
-2.57871
1.05439
-2.0856
1.36233
-1.00351
1.53525
0.407689
1.55613
1.43208
1.61827
1.63406
1.50616
1.39091
1.23615
2.18607
2.18999
-2.43959
1.41951
1.36509
1.49165
1.45221
1.5097
1.49649
1.48009
1.49273
1.40937
1.44789
1.30112
1.35949
1.19435
1.2447
1.15635
1.16007
1.16967
1.16086
1.21014
1.18277
1.33437
1.26324
1.48357
1.41392
1.60036
1.54622
1.69795
1.65193
1.77146
1.73754
1.80887
1.79362
1.81656
1.81486
1.8192
1.81662
1.80196
1.81393
1.79138
1.79118
1.83259
1.80172
1.9695
1.88961
2.13881
2.06347
1.86387
1.75683
1.98271
1.94056
2.00382
2.00434
1.94494
1.9857
1.86288
1.89783
1.68082
1.81249
1.25966
1.46211
1.13302
1.15164
1.24198
1.17197
1.40568
1.32109
1.54418
1.47942
1.64565
1.59874
1.70948
1.6838
1.73125
1.72636
1.69914
1.73064
1.55102
1.64773
1.18627
1.40561
0.559179
0.907374
-0.169566
0.188573
-0.603579
-0.45344
-0.424968
-0.592628
0.178299
-0.131839
0.480401
0.716966
1.00811
0.026875
0.395267
-0.673403
-0.350855
-1.09768
-0.92329
-1.19028
-1.18512
-0.968292
-1.11584
-0.51404
-0.762699
0.065422
-0.232342
0.610268
0.356961
0.995882
0.837755
1.17538
1.08052
-2.52471
-2.48104
2.1774
2.29182
1.21352
1.07688
1.08871
2.05631
2.06572
-2.14504
-2.86939
-1.37309
-3.4794
-0.402228
-3.9654
0.492508
-3.79403
1.00912
-2.88516
1.25657
-1.0625
1.35168
0.829677
1.37227
1.46397
1.34228
1.2186
1.25017
2.01651
1.21738
0.949714
1.06614
0.910484
-2.63706
1.29425
1.24732
1.37924
1.33018
1.44745
1.4155
1.4782
1.46483
1.46583
1.47482
1.4202
1.44635
1.35931
1.39133
1.30848
1.33337
1.29482
1.29489
1.30592
1.30045
1.32781
1.31346
1.40323
1.35816
1.51009
1.45648
1.60993
1.56158
1.70066
1.65663
1.77358
1.74169
1.81746
1.79868
1.82808
1.8268
1.81964
1.82398
1.81671
1.81543
1.84855
1.82904
1.89314
1.86877
1.97245
1.92749
2.02094
1.6886
1.57859
1.89017
1.79446
2.01136
1.9629
2.06146
2.04379
2.08527
2.07462
2.11003
2.10012
1.99976
2.0876
1.70005
1.85121
1.52692
1.58987
1.5131
1.50591
1.56868
1.53587
1.64228
1.60516
1.70855
1.67714
1.7508
1.73411
1.75998
1.76049
1.71607
1.76698
1.59624
1.67143
1.33781
1.49324
0.902914
1.14267
0.404002
0.647259
0.118925
0.217627
0.257206
0.133977
0.658445
0.433423
0.86055
1.44982
1.50831
1.1326
1.32711
0.595408
0.891837
-0.0539029
0.272171
-0.714378
-0.392284
-1.17491
-0.978627
-1.31007
-1.28937
-1.07469
-1.2368
-0.49838
-0.825251
0.229068
-0.12752
0.81314
0.557271
0.919854
2.38923
0.912885
2.16527
2.03617
-2.76607
-3.15438
-2.36863
-4.05741
-1.53638
-5.03628
2.32093
-0.469429
-5.5315
0.448196
-4.86411
0.917147
-3.01918
1.22677
1.36239
1.27889
1.11925
1.05377
-0.462133
1.06002
1.11941
1.57432
1.02568
1.06582
2.40153
0.782964
1.542
1.60099
2.09819
1.96639
1.57799
-3.11714
1.12746
0.906392
1.0313
1.2572
1.19785
1.33564
1.29741
1.39804
1.37367
1.43249
1.41993
1.44063
1.43898
1.42698
1.4351
1.39873
1.41367
1.37357
1.38508
1.37199
1.3692
1.3867
1.37985
1.40438
1.39349
1.45333
1.42326
1.53048
1.48939
1.6141
1.5726
1.6918
1.65428
1.75592
1.7246
1.80029
1.78066
1.82295
1.81384
1.83523
1.83004
1.8349
1.83584
1.85194
1.83891
1.89874
1.8728
1.95496
1.92767
1.98593
1.97604
1.93312
1.97309
1.85022
1.76672
1.86677
1.55425
1.45526
1.74178
1.65086
1.91077
1.82895
2.03021
1.97905
2.09871
2.06832
2.15758
2.12776
2.21052
2.18845
2.1423
2.20057
1.92821
2.04094
1.75405
1.82872
1.69006
1.70979
1.69637
1.68897
1.7212
1.70888
1.74541
1.73327
1.76124
1.7546
1.74842
1.75991
1.70333
1.71229
1.61116
1.66836
1.42452
1.53183
1.12608
1.28817
0.795483
0.95727
0.621658
0.683943
0.699765
0.639444
0.949854
0.81711
1.21952
1.08501
1.33761
1.64166
1.64899
1.46522
1.58755
1.04919
1.28897
0.3779
0.745224
-0.469014
-0.0422778
-1.24479
-0.875841
-1.73303
-1.54215
-1.72292
-1.79623
-1.16551
-1.50761
-0.285686
-0.731897
0.483951
0.130753
0.736365
0.674901
0.756611
-3.27773
-4.21762
1.63759
1.71291
1.61138
-2.79257
-5.6233
2.48272
-1.78384
-6.78977
-0.529239
-6.80861
2.26722
1.21212
1.36721
1.34168
1.17022
0.41876
-4.90161
1.02484
0.700555
-2.0955
1.68761
1.96618
0.907633
0.801011
0.743683
0.830891
0.872375
2.30997
0.870152
0.918254
0.803802
0.828516
0.689285
1.47678
1.54749
0.728048
-3.9352
1.0782
1.00336
1.20765
1.14645
1.29727
1.25577
1.36092
1.33435
1.4004
1.38506
1.41618
1.41114
1.41405
1.41631
1.40627
1.40924
1.40564
1.4047
1.41481
1.41006
1.43001
1.42256
1.44762
1.43756
1.48549
1.46291
1.54501
1.51293
1.61541
1.57964
1.68345
1.65058
1.74063
1.71337
1.78191
1.76358
1.8059
1.79556
1.82221
1.81452
1.83808
1.8294
1.85799
1.8482
1.88221
1.86806
1.91956
1.9017
1.92419
1.92926
1.85947
1.90158
1.79728
1.47965
1.41448
1.62868
1.55183
1.78137
1.70631
1.92463
1.8544
2.03742
1.9863
2.11405
2.07814
2.1814
2.14732
2.23361
2.21256
2.18803
2.22759
2.03493
2.11728
1.88809
1.9586
1.79725
1.83538
1.76448
1.77546
1.76687
1.7639
1.77608
1.77223
1.77414
1.77624
1.74798
1.76292
1.69816
1.71848
1.61091
1.65799
1.46245
1.54265
1.24912
1.36204
1.03696
1.1367
0.933828
0.966328
0.975442
0.934265
1.11767
1.0428
1.28217
1.20839
1.38806
1.70089
1.56775
1.62573
1.77967
1.76383
1.68483
1.75619
1.37453
1.56752
0.687
1.08012
-0.28804
0.222115
-1.36073
-0.828132
-2.1987
-1.83561
-2.42224
-2.40502
-1.86455
-2.23465
-0.834038
-1.36428
0.0621563
-0.346733
0.453668
0.329998
0.570566
1.49237
1.50388
-4.04208
-5.63887
2.64649
-3.30599
-7.30662
1.33098
1.4831
1.48769
1.32721
-1.9373
-8.09943
2.47081
1.1461
-0.526703
-7.02383
0.956298
0.308514
-3.72448
1.49141
2.11973
0.783383
0.398411
-0.283923
1.76107
0.66125
0.559769
2.02332
0.642902
0.5921
0.754548
1.53444
1.33951
1.39687
-5.07177
0.916004
0.772578
0.840921
1.04554
0.983577
1.16092
1.10562
1.25361
1.21075
1.31908
1.28982
1.36332
1.34464
1.38994
1.37917
1.4034
1.39793
1.40909
1.40588
1.41824
1.41153
1.43102
1.42302
1.45079
1.4408
1.47168
1.46089
1.50455
1.48578
1.55331
1.52713
1.61228
1.58188
1.67179
1.64287
1.72315
1.6987
1.76287
1.74486
1.78927
1.77737
1.80714
1.79911
1.8226
1.81404
1.84535
1.83353
1.86534
1.856
1.88119
1.87412
1.8702
1.88182
1.80478
1.84362
1.68163
1.75074
1.52318
1.60176
1.28864
1.3755
1.44798
1.49671
1.48349
1.57549
1.52861
1.69055
1.63005
1.81464
1.75311
1.93538
1.87588
2.03772
1.98937
2.11291
2.07792
2.17719
2.1457
2.22009
2.20324
2.1894
2.21659
2.0739
2.13791
1.9447
2.00306
1.85853
1.89496
1.81925
1.83535
1.80003
1.80911
1.78621
1.79372
1.7694
1.77928
1.73669
1.7552
1.68294
1.7115
1.59995
1.64606
1.47523
1.54244
1.3163
1.39647
1.17487
1.23335
1.10458
1.11729
1.12407
1.09098
1.22241
1.15812
1.31037
1.26438
1.43018
1.38766
1.48925
1.77554
1.6855
1.87953
1.83851
1.88547
1.90266
1.62217
1.80337
0.924101
1.32498
-0.161658
0.426621
-1.49005
-0.816093
-2.63804
-2.12013
-3.08381
-2.97654
-2.55481
-2.93543
-1.40181
-2.00367
-0.390509
-0.851255
0.214544
-0.0333425
0.596269
0.420891
0.691795
0.660638
2.78685
-4.87978
-7.11697
0.710268
1.64221
1.49206
1.32668
-3.67587
-8.49036
1.29933
1.18494
2.72422
1.12989
-1.92393
-8.12276
1.18304
0.91198
-0.511232
-5.42291
1.27549
2.34294
0.69582
0.0341047
-1.58718
1.4983
0.511147
0.13236
1.56709
1.86844
0.38227
0.286966
2.90803
0.247496
1.22362
1.30993
1.23211
1.51023
1.5735
-6.26236
0.775537
0.676084
0.726165
0.899904
0.836003
1.01929
0.962849
1.12441
1.07461
1.21424
1.17194
1.28231
1.2515
1.33017
1.30886
1.36187
1.34766
1.38288
1.37305
1.3996
1.39065
1.41544
1.40712
1.43676
1.42631
1.45788
1.44722
1.48132
1.4693
1.51332
1.49602
1.5562
1.53353
1.60674
1.58081
1.65858
1.63314
1.70418
1.6825
1.74129
1.7241
1.76826
1.75582
1.78815
1.77886
1.80496
1.79639
1.82293
1.81384
1.83942
1.83163
1.84642
1.84494
1.82599
1.84126
1.76401
1.80013
1.66396
1.71859
1.54481
1.60356
1.43581
1.48903
1.38106
1.62953
1.70031
1.64589
1.61096
1.6212
1.60506
1.60202
1.65536
1.62197
1.74278
1.69644
1.84088
1.79034
1.9436
1.8927
2.03196
1.98964
2.10114
2.06847
2.15844
2.13084
2.19244
2.1805
2.1644
2.18749
2.07623
2.12459
1.97835
2.02787
1.89702
1.93477
1.84326
1.86702
1.81194
1.82606
1.7894
1.80071
1.76412
1.77779
1.7261
1.74695
1.67001
1.70036
1.58995
1.63353
1.48186
1.53954
1.35631
1.41966
1.24858
1.29639
1.19202
1.21054
1.19392
1.18624
1.22806
1.21289
1.3252
1.28241
1.40698
1.36301
1.49439
1.4505
1.83
1.73948
1.95908
1.89678
2.01014
2.00574
1.78294
1.94455
1.1101
1.50721
-0.0757482
0.577351
-1.59838
-0.817418
-2.98875
-2.34833
-3.60192
-3.43054
-3.09304
-3.47702
-1.86652
-2.51836
-0.705553
-1.24639
0.0946948
-0.246678
0.512216
0.343189
0.636118
0.592735
0.65871
1.34313
-5.43593
-8.09664
1.17147
1.15607
1.18293
1.41754
0.629855
1.11212
3.0022
1.12452
-3.63927
-8.42983
1.04731
0.886245
-1.74356
-6.56253
1.0632
2.65121
0.632908
-0.608604
-3.24209
1.21095
0.37583
-0.344603
0.41475
2.06364
1.5328
0.111774
-0.134548
2.84578
-0.107956
-0.0830096
1.81828
1.54069
1.40533
-7.03886
0.769789
0.721205
0.883913
0.827161
0.995348
0.942056
1.0939
1.04677
1.17912
1.13836
1.24778
1.21561
1.29924
1.27509
1.33682
1.31901
1.36419
1.35108
1.38631
1.37519
1.40802
1.39666
1.43314
1.42028
1.45829
1.44601
1.4839
1.47111
1.51481
1.4987
1.55349
1.53329
1.59851
1.57553
1.64434
1.62169
1.68523
1.66562
1.71925
1.70321
1.74588
1.73343
1.76608
1.75659
1.78312
1.77463
1.79932
1.79141
1.81049
1.80588
1.81149
1.81263
1.78997
1.80475
1.7339
1.76609
1.65456
1.69622
1.56628
1.61088
1.47536
1.52229
1.35545
1.41881
1.08713
1.09684
1.25516
1.29121
1.73891
1.81793
1.75956
1.71709
1.72968
1.69523
1.70307
1.72329
1.70156
1.7857
1.75281
1.86332
1.82243
1.94864
1.90629
2.02379
1.98724
2.08529
2.05622
2.13272
2.11074
2.15534
2.14851
2.13231
2.15003
2.06507
2.103
1.98056
2.02086
1.9059
1.94137
1.85446
1.87783
1.81916
1.83592
1.78882
1.80362
1.75596
1.77242
1.71375
1.73575
1.65639
1.68708
1.58131
1.62153
1.48784
1.53639
1.38547
1.43552
1.2977
1.33706
1.2464
1.26784
1.23648
1.2414
1.26156
1.25105
1.32166
1.29081
1.3841
1.34634
1.4399
1.40944
1.64482
1.51424
1.83242
1.74698
2.00557
1.91354
2.11519
2.08492
1.90848
2.06389
1.21934
1.63167
-0.0229223
0.66045
-1.63772
-0.806516
-3.15901
-2.44795
-3.89763
-3.66847
-3.43299
-3.80817
-2.12388
-2.83937
-0.79967
-1.42271
0.089201
-0.278317
0.474217
0.331544
0.591815
0.544615
0.619437
1.08932
3.39532
1.13339
-5.39322
-7.99669
0.633494
1.92354
0.969521
0.876114
-3.22073
-6.98191
0.577138
1.10935
1.25688
0.887664
1.87513
1.75889
3.07169
0.571705
-1.62414
-4.45935
0.932144
0.252424
-0.847925
-1.41141
2.38362
1.1609
-0.108722
-0.782429
1.82448
1.6416
-0.431596
-0.52099
3.6094
0.970031
0.957064
-0.504067
0.95459
1.33731
1.18595
-6.93301
0.761544
0.701862
0.869788
0.817043
0.972523
0.921638
1.06639
1.02053
1.14814
1.10848
1.21593
1.18366
1.2695
1.24407
1.31104
1.29115
1.34386
1.32802
1.37193
1.35822
1.39833
1.38529
1.42526
1.41181
1.45232
1.43902
1.48033
1.46627
1.51185
1.49584
1.54772
1.52934
1.58773
1.56739
1.62834
1.6082
1.66578
1.64773
1.69704
1.68223
1.7225
1.71045
1.74249
1.73311
1.75854
1.75075
1.77311
1.76597
1.78206
1.77884
1.77912
1.78213
1.75893
1.77205
1.71115
1.73828
1.64898
1.68043
1.58728
1.61846
1.50575
1.55002
1.40837
1.45685
1.3413
1.36472
2.05804
1.98009
2.12749
1.91701
2.01005
1.83191
1.85923
1.80254
1.81728
1.77033
1.78367
1.78069
1.76926
1.82385
1.80017
1.8828
1.85144
1.9516
1.91661
2.01522
1.98531
2.06513
2.04168
2.10272
2.0856
2.11888
2.11452
2.09828
2.11357
2.04182
2.07359
1.97217
2.00659
1.90853
1.93942
1.85744
1.88165
1.81733
1.83636
1.78216
1.79907
1.74516
1.76341
1.70072
1.72351
1.64425
1.67401
1.57403
1.61095
1.49137
1.53382
1.40443
1.44722
1.32969
1.3649
1.28192
1.3042
1.26586
1.27362
1.27794
1.27084
1.31236
1.29132
1.35139
1.32783
1.37515
1.36625
1.34245
1.36112
1.59163
1.3784
1.46638
1.81521
1.70614
2.03538
1.92857
2.12913
2.11019
1.93125
2.07699
1.25703
1.66413
0.0233288
0.703487
-1.58468
-0.757455
-3.1053
-2.39487
-3.84989
-3.6145
-3.41994
-3.77905
-2.05559
-2.83804
-0.711284
-1.33801
0.135972
-0.200968
0.47313
0.348997
0.560671
0.524681
0.58409
0.580978
0.58029
0.957352
0.877633
-4.72342
-6.78087
0.630189
1.35049
1.3161
0.789487
0.771025
0.782434
2.08565
1.99328
3.67808
0.52109
-2.75819
-5.06751
0.700422
0.139772
-1.67562
-2.75818
2.89886
0.774299
0.793636
-0.259399
-1.26331
-0.084877
1.14669
-0.689747
-1.29498
2.91196
1.86409
-0.957684
-1.09864
1.15634
1.07837
1.57936
1.36109
1.00406
0.918426
-5.98662
0.745303
0.686918
0.85307
0.802172
0.949554
0.902012
1.03996
0.995913
1.11975
1.08116
1.18727
1.15488
1.24251
1.21612
1.28709
1.26559
1.32357
1.30588
1.35535
1.33977
1.38559
1.37008
1.4154
1.40066
1.44444
1.4302
1.47328
1.4589
1.50451
1.48872
1.53887
1.52144
1.57556
1.55713
1.61177
1.59392
1.64563
1.62923
1.67462
1.66076
1.69858
1.6872
1.71786
1.70876
1.73316
1.72583
1.74614
1.73996
1.75304
1.75073
1.7497
1.75271
1.732
1.74321
1.69361
1.71517
1.64574
1.66956
1.59816
1.62294
1.53291
1.56886
1.4597
1.494
1.42128
1.43319
1.38042
1.45542
1.42899
1.28702
2.21401
2.15859
2.18576
2.30244
2.26178
2.00227
2.08417
1.91114
1.9449
1.87076
1.88991
1.83324
1.85032
1.82923
1.8258
1.85694
1.84092
1.89864
1.87597
1.95285
1.92478
2.00357
1.97971
2.04338
2.0245
2.07333
2.06007
2.08243
2.0813
2.06229
2.07592
2.01678
2.04229
1.95868
1.98844
1.90103
1.9295
1.8517
1.87511
1.81089
1.83026
1.77314
1.7914
1.73348
1.7532
1.68774
1.71145
1.63267
1.66164
1.5671
1.60104
1.49295
1.53039
1.41696
1.45447
1.35085
1.38292
1.30469
1.32694
1.28251
1.2926
1.28174
1.27987
1.29709
1.28603
1.31297
1.30469
1.31629
1.31995
1.28153
1.30284
1.25036
1.35582
1.21483
1.28978
1.53719
1.43448
1.78252
1.65788
2.00663
1.9026
2.10041
2.07659
1.91035
2.05493
1.23958
1.64126
0.0645783
0.708308
-1.43233
-0.665103
-2.83176
-2.17952
-3.50667
-3.29763
-3.05925
-3.42009
-1.80845
-2.49182
-0.554177
-1.13889
0.168259
-0.0911233
0.476099
0.362649
0.534355
0.512217
0.536616
0.539433
0.531126
0.53252
0.772279
1.87251
1.08642
1.50584
1.70741
4.04519
0.769539
0.516113
-3.87619
-5.2153
0.561418
0.0720935
-2.57513
-3.58973
1.42571
1.49475
3.60477
0.828649
1.22634
1.09037
2.23763
2.33873
1.16712
1.14652
1.10027
0.531262
0.494088
0.490971
0.479477
-0.373723
-1.91001
-1.57648
0.534098
0.531618
0.649075
-0.86405
-1.83932
1.06665
2.2846
1.19421
0.73089
1.25707
-1.41657
-1.9781
4.03476
-1.91423
0.588737
-4.78802
0.624923
0.575823
0.730044
0.6768
0.834434
0.783863
0.928337
0.882394
1.01551
0.972906
1.09367
1.05575
1.16094
1.12854
1.21745
1.1904
1.2646
1.24186
1.30443
1.28509
1.33946
1.32224
1.37209
1.35627
1.40342
1.38788
1.43417
1.41898
1.46454
1.44948
1.49542
1.48
1.52783
1.5115
1.56173
1.54474
1.59505
1.57869
1.62563
1.61076
1.65228
1.63945
1.67471
1.66401
1.69297
1.68435
1.70759
1.70057
1.71969
1.71409
1.725
1.72338
1.72261
1.72476
1.70841
1.71748
1.67917
1.69528
1.64468
1.66177
1.60744
1.6275
1.55634
1.5829
1.50935
1.53128
1.48811
1.49309
1.51913
1.49648
1.33783
2.29412
2.16473
2.23303
2.37418
2.34059
2.42433
2.40105
2.07344
2.14734
1.98005
2.01807
1.92799
1.95216
1.88471
1.90463
1.87032
1.87291
1.88426
1.87514
1.91203
1.89646
1.95164
1.93086
1.99126
1.9723
2.0225
2.00796
2.04349
2.03459
2.04757
2.04815
2.0288
2.04102
1.99034
2.01173
1.93959
1.96571
1.88826
1.9136
1.84233
1.86441
1.80151
1.82115
1.76217
1.78141
1.72114
1.74183
1.67503
1.69894
1.62153
1.64949
1.56011
1.5916
1.49266
1.52659
1.42436
1.45824
1.36387
1.39346
1.31835
1.34012
1.29075
1.30297
1.27884
1.28269
1.27742
1.27661
1.27722
1.27784
1.26631
1.27419
1.22409
1.24949
1.18767
1.32643
1.24762
1.50748
1.4114
1.74047
1.61996
1.94376
1.85456
1.98559
1.99019
1.76334
1.91546
1.13467
1.50622
0.0818537
0.654006
-1.20729
-0.552656
-2.35541
-1.82869
-2.86812
-2.71923
-2.45749
-2.77526
-1.40083
-1.96931
-0.366862
-0.845211
0.238156
0.00110354
0.478529
0.382264
0.512912
0.502215
0.497622
0.504683
0.494559
0.527285
2.07366
0.344457
0.0613791
-3.33522
-4.03675
1.55344
3.88818
0.934546
2.44481
1.08843
1.04263
0.525839
0.482098
0.270569
-0.461763
-2.75185
-2.6419
0.5466
0.211709
-1.02681
-2.43354
-0.62804
0.212993
0.225938
2.87833
0.50647
0.245823
0.894513
-1.83841
-2.57597
2.07019
1.37007
-2.78083
-2.91259
1.95219
1.79996
0.140479
-3.90566
0.617817
0.571063
0.716797
0.66685
0.815806
0.766652
0.90794
0.862748
0.99293
0.951386
1.06969
1.03237
1.13686
1.10445
1.19436
1.16673
1.24345
1.21979
1.28576
1.26521
1.32343
1.30494
1.35825
1.34113
1.3912
1.3749
1.42282
1.40721
1.4538
1.4384
1.48473
1.46934
1.51582
1.50031
1.54709
1.53149
1.57751
1.56285
1.60529
1.59175
1.6299
1.61799
1.65087
1.64086
1.66795
1.65986
1.68208
1.67524
1.69364
1.68837
1.69879
1.69709
1.69801
1.69909
1.6878
1.6945
1.66675
1.67813
1.64329
1.65495
1.61549
1.63075
1.57932
1.59742
1.5517
1.56391
1.54377
1.54401
1.57441
1.55401
1.59763
1.64537
1.6061
1.48163
1.54392
1.30577
1.40324
5.22843
1.06546
1.19445
2.48925
2.44069
2.4633
2.52428
2.50897
2.54144
2.53796
2.46643
2.56472
2.55328
2.28343
2.37196
2.13432
2.20346
2.03792
2.07966
1.97571
2.00487
1.92752
1.94945
1.90466
1.91239
1.90675
1.9035
1.92242
1.91315
1.94917
1.93467
1.97873
1.9645
2.00099
1.99093
2.01479
2.00904
2.01545
2.01729
1.99685
2.00848
1.96292
1.98149
1.91924
1.9419
1.87328
1.89612
1.83001
1.85102
1.7897
1.80938
1.75006
1.76972
1.70854
1.72971
1.66286
1.68646
1.611
1.63775
1.55292
1.58245
1.49035
1.52187
1.4277
1.45894
1.37128
1.39892
1.32566
1.3474
1.29276
1.30776
1.27118
1.28051
1.25704
1.26345
1.24318
1.25126
1.22133
1.2341
1.16976
1.19946
1.13132
1.11042
0.98903
1.04647
1.28388
1.19162
1.47843
1.38073
1.67173
1.57691
1.80374
1.75315
1.79129
1.81775
1.54813
1.70802
0.959634
1.29899
0.0604015
0.539124
-0.959051
-0.449357
-1.80341
-1.42577
-2.1105
-2.04378
-1.71072
-1.99086
-0.874828
-1.31664
-0.100752
-0.453231
0.334839
0.16745
0.48536
0.425333
0.496519
0.495865
0.471563
0.481626
0.462301
0.466448
0.439867
0.452819
0.198735
2.41052
-0.23377
-0.529945
-3.33176
-3.38373
0.614753
-0.103276
-1.23128
-3.32911
-2.09069
0.25348
1.64811
1.69014
2.48878
2.57882
2.78903
0.922845
0.933923
0.869001
0.426785
0.401086
0.385187
-0.101757
1.60433
-2.15452
-3.44197
-0.211064
-0.215768
-0.182479
0.385214
1.53992
-3.39808
-3.80253
2.40701
-0.442683
0.416972
-3.94371
0.914986
1.21188
1.09854
2.36324
2.31009
-0.481251
-3.54964
0.745499
0.516041
0.470996
0.608125
0.561877
0.702931
0.655163
0.798022
0.750967
0.888392
0.843865
0.97195
0.931096
1.04767
1.01079
1.11482
1.08229
1.17326
1.14508
1.22389
1.19943
1.26816
1.24667
1.30781
1.2884
1.34429
1.32636
1.37861
1.36165
1.4112
1.39513
1.44238
1.42696
1.47279
1.45768
1.50262
1.48781
1.53176
1.51733
1.55965
1.54564
1.58496
1.57268
1.60752
1.59655
1.6271
1.61771
1.64305
1.63549
1.6567
1.65002
1.66792
1.66283
1.67385
1.67151
1.67536
1.67517
1.66962
1.67365
1.65632
1.6635
1.64148
1.64899
1.62254
1.63287
1.60083
1.61129
1.58728
1.59259
1.59174
1.58637
1.62448
1.60369
1.68811
1.65274
1.54529
1.60025
1.39982
1.47832
1.31114
2.69232
2.72502
2.70834
2.66995
2.6787
2.66452
2.66573
2.65847
2.66254
2.66283
2.65958
2.32429
2.40278
2.18715
2.252
2.08669
2.13233
2.01597
2.0488
1.96347
1.98748
1.93311
1.9452
1.92496
1.92691
1.93009
1.9262
1.94568
1.93679
1.96519
1.9557
1.97987
1.9733
1.98793
1.98484
1.98499
1.98822
1.96679
1.97769
1.93648
1.95302
1.89805
1.91802
1.85637
1.8772
1.81581
1.8357
1.77672
1.79604
1.73743
1.75716
1.6961
1.71724
1.65091
1.67411
1.60077
1.62646
1.54536
1.57342
1.48685
1.51633
1.42842
1.45762
1.3744
1.40092
1.32784
1.35013
1.29034
1.30795
1.2611
1.27483
1.23697
1.24879
1.21211
1.22529
1.17714
1.19658
1.12047
1.15319
1.03816
1.08146
0.98999
1.05093
0.98665
1.21727
1.12641
1.40894
1.31581
1.55599
1.4908
1.60871
1.5985
1.50767
1.58324
1.17898
1.36951
0.661663
0.94457
-0.024751
0.331449
-0.713946
-0.38048
-1.20124
-0.9965
-1.29281
-1.30448
-0.931572
-1.16269
-0.316511
-0.635002
0.208002
-0.0244745
0.47134
0.377511
0.523414
0.509726
0.499954
0.512094
0.463135
0.47947
0.434996
0.44922
0.41808
-0.231392
2.75984
-1.12494
-1.35445
-3.9984
-3.30355
0.338153
0.97021
0.730032
1.72837
2.66779
5.21609
0.884943
0.822987
0.413237
0.370157
-0.584977
2.2454
-2.2977
-4.59417
-2.42341
-0.13906
-0.51098
1.55374
-3.5672
-5.38819
-0.728817
1.27486
0.10763
-4.96868
-5.93743
0.828923
-0.783012
3.0464
3.14656
-0.841041
1.21277
1.14112
-1.35497
-3.93144
0.503588
0.504292
0.458912
0.595537
0.549701
0.688752
0.642052
0.781367
0.735314
0.869983
0.826267
0.952452
0.912072
1.02747
0.990877
1.09457
1.06195
1.15378
1.12512
1.20576
1.1806
1.25169
1.2294
1.29296
1.2728
1.33079
1.31223
1.36606
1.34869
1.39922
1.38287
1.43062
1.41513
1.46046
1.44572
1.48891
1.47485
1.51612
1.50267
1.54171
1.52911
1.56483
1.55361
1.58535
1.57539
1.60327
1.59463
1.61836
1.61112
1.63172
1.62515
1.6428
1.63772
1.64994
1.64675
1.654
1.65242
1.65289
1.65414
1.64728
1.65041
1.63986
1.64382
1.62918
1.63491
1.6197
1.62378
1.61835
1.61763
1.63287
1.62323
1.66723
1.64713
1.72628
1.69388
1.77194
1.80362
1.76339
1.70334
1.73921
1.61686
1.66301
1.5043
1.56429
1.36914
1.43844
1.29176
2.91842
2.97316
2.83813
2.87354
2.79375
2.8124
2.76713
2.77931
2.75576
2.75984
2.67335
2.75391
2.75301
2.51034
2.59234
2.35883
2.43186
2.23112
2.29156
2.12796
2.1765
2.05057
2.0864
1.99349
2.01981
1.9564
1.97231
1.93922
1.94579
1.93508
1.93591
1.94047
1.93675
1.95124
1.94572
1.95936
1.95591
1.96209
1.96144
1.95637
1.96055
1.93869
1.94903
1.9109
1.92567
1.87653
1.89434
1.83872
1.85771
1.80081
1.81958
1.76322
1.782
1.72457
1.74412
1.68372
1.70456
1.63932
1.66196
1.5907
1.61549
1.53771
1.56452
1.48231
1.51027
1.42677
1.45452
1.37413
1.40001
1.32663
1.34965
1.28535
1.30525
1.24969
1.26705
1.21691
1.23328
1.18212
1.20026
1.13757
1.1613
1.07607
1.10921
0.991649
1.03702
0.941086
2.00159
-1.3211
-0.287688
0.852898
0.757429
0.80109
0.983391
0.916154
1.12491
1.0507
1.28982
1.20955
1.39046
1.3543
1.33822
1.3878
1.10591
1.24513
0.722947
0.924216
0.283006
0.510488
-0.169691
0.0510296
-0.5173
-0.361796
-0.668525
-0.623897
-0.540801
-0.640862
-0.175817
-0.378952
0.250578
0.041565
0.539204
0.422859
0.620683
0.605167
0.568041
0.606885
0.509278
0.535174
0.459068
0.482677
0.409928
0.434751
0.36523
0.385576
0.329485
0.347078
-0.831894
2.81702
-2.23453
-2.37995
-5.5776
-4.35353
-0.0263654
0.504079
-1.22961
2.26811
-3.52028
-7.08246
-3.94157
3.3186
3.47004
2.12803
-0.693661
1.08487
0.673969
1.81715
1.84498
2.68432
2.76048
-0.989868
-5.97262
-8.64697
-1.91415
0.850322
0.310471
0.290935
0.268665
0.686401
0.716968
0.64661
-0.0171271
-8.68051
-1.67936
1.45483
1.03128
1.48021
3.28068
-1.80234
-2.4937
-5.4895
0.19664
0.398184
0.353326
0.490641
0.444571
0.582022
0.536151
0.674645
0.62833
0.765601
0.720426
0.852763
0.80971
0.934272
0.894243
1.00886
0.972398
1.07605
1.04331
1.13595
1.10686
1.18902
1.16327
1.23628
1.21331
1.27891
1.2581
1.31789
1.29878
1.35391
1.33622
1.38736
1.3709
1.41864
1.40323
1.44787
1.43349
1.47506
1.46168
1.50045
1.48796
1.52373
1.51234
1.54462
1.53444
1.56327
1.55421
1.5795
1.57166
1.5937
1.58675
1.60695
1.60041
1.61822
1.61293
1.62701
1.62277
1.63394
1.63081
1.63725
1.63599
1.63868
1.63804
1.6386
1.63897
1.63591
1.63737
1.63634
1.63531
1.64512
1.6395
1.66673
1.65404
1.7051
1.68379
1.76193
1.73106
1.83405
1.79668
1.75904
1.78886
1.69129
1.72644
1.6141
1.65374
1.53082
1.5728
1.45692
1.48918
1.44437
3.11479
3.20357
2.98979
3.0456
2.91188
2.94611
2.86462
2.88554
2.84016
2.84978
2.83086
2.83234
2.53145
2.6076
2.38989
2.45874
2.26692
2.32625
2.16254
2.21236
2.08025
2.11864
2.01849
2.0472
1.97508
1.99448
1.94981
1.96055
1.93716
1.94229
1.93382
1.93443
1.9368
1.93494
1.93901
1.93827
1.93731
1.93868
1.92955
1.93439
1.91224
1.92211
1.88661
1.90016
1.85554
1.87156
1.82101
1.83844
1.78545
1.80319
1.74937
1.76751
1.71169
1.7308
1.67158
1.69197
1.62813
1.65018
1.58075
1.60484
1.52991
1.55569
1.47682
1.5036
1.42343
1.45011
1.37168
1.39723
1.32315
1.34699
1.2785
1.3004
1.2373
1.25768
1.19726
1.21736
1.15417
1.17647
1.10178
1.12914
1.03536
1.0703
0.948347
0.994653
0.840734
0.89655
0.781302
0.778467
0.729743
0.902612
0.837957
1.02142
0.96334
1.14241
1.08446
1.17397
1.17884
0.998024
1.11489
0.623055
0.831544
0.141981
0.382433
-0.220487
-0.0631616
-0.383733
-0.326337
-0.358273
-0.392863
-0.182444
-0.286897
0.101831
-0.049765
0.426279
0.26447
0.684558
0.570155
0.790196
0.761055
0.739549
0.781005
0.617787
0.684794
0.518474
0.562029
0.450444
0.482038
0.387578
0.419007
0.333421
0.357969
0.312206
-1.68028
-0.0655436
-2.71848
-3.52667
-3.57471
-8.35229
-6.68339
3.65398
2.87302
-0.507665
0.231802
1.87274
2.83173
-2.07012
1.80498
1.93342
-6.3019
-10.8908
-6.03973
1.96127
-1.44715
0.476334
0.289345
0.245124
0.253837
0.229355
0.610733
0.571822
0.678236
0.608975
-1.67556
-10.8865
-12.2827
-3.65962
-1.29515
-2.91564
0.993439
-1.52158
0.017713
1.57156
-3.22269
-3.73259
-8.24009
3.7923
3.42495
-0.170143
0.381293
0.335122
0.475295
0.428165
0.568046
0.521604
0.660519
0.614356
0.750687
0.705978
0.836785
0.794257
0.91745
0.877787
0.991707
0.955347
1.05907
1.02619
1.11957
1.09012
1.17364
1.14733
1.22209
1.19847
1.26582
1.24446
1.30563
1.28611
1.34224
1.32424
1.37585
1.35933
1.40681
1.39158
1.43524
1.42129
1.46112
1.44842
1.48477
1.47316
1.50587
1.4956
1.52448
1.51539
1.54112
1.53298
1.5558
1.54865
1.56908
1.56246
1.5821
1.57557
1.59394
1.58817
1.60476
1.59931
1.61488
1.60997
1.62272
1.61902
1.62998
1.62623
1.63704
1.6337
1.64243
1.63976
1.65127
1.64604
1.66824
1.65867
1.6958
1.68052
1.738
1.71499
1.79491
1.76491
1.8645
1.82842
1.91075
1.93711
1.90097
1.86119
1.88587
1.8127
1.83698
1.76449
1.78843
1.72226
1.74259
1.6944
1.70578
1.70131
1.69091
1.73517
3.91254
4.03341
3.53712
3.71254
3.28474
3.39603
3.12459
3.19679
3.01873
3.06603
2.95214
2.98154
2.9147
2.93032
2.89904
2.90431
2.83655
2.89986
2.89741
2.69696
2.76891
2.55292
2.62408
2.41796
2.48398
2.29667
2.35561
2.19118
2.24193
2.10545
2.14594
2.03904
2.07027
1.98972
2.01238
1.95691
1.97158
1.93646
1.94544
1.92549
1.92986
1.92139
1.92279
1.91858
1.91998
1.91349
1.91619
1.90413
1.90934
1.88737
1.89653
1.86376
1.87603
1.8354
1.84989
1.80358
1.81963
1.7701
1.78682
1.73554
1.75291
1.69898
1.71747
1.65976
1.6796
1.6174
1.63895
1.57109
1.59465
1.522
1.54684
1.47083
1.49662
1.41892
1.4449
1.3676
1.39308
1.318
1.3426
1.27052
1.29406
1.22458
1.24746
1.1784
1.20169
1.12818
1.15395
1.06957
1.10002
0.99783
1.0355
0.908331
0.955173
0.800432
0.856396
0.74179
0.698844
0.653075
0.808998
0.75103
0.9179
0.866661
0.987704
0.961132
0.924157
0.981497
0.601344
0.799277
0.0333214
0.338494
-0.533102
-0.276308
-0.765128
-0.697857
-0.641461
-0.743475
-0.267548
-0.47644
0.194514
-0.03849
0.628258
0.421847
0.927731
0.800141
1.03514
1.0075
0.964449
1.0192
0.801228
0.887662
0.631748
0.719265
0.509486
0.565733
0.427448
0.464648
0.361601
0.3938
0.303241
0.330788
0.277937
-2.94879
2.16833
-5.38166
-5.78618
-5.71922
-12.1691
-9.7078
4.08728
2.95913
-1.09457
-0.0982159
0.203626
0.534994
-3.2052
-10.9371
-14.5119
-8.08386
1.55581
-2.35318
0.171102
1.94701
1.9719
2.84601
2.90729
-5.13197
-4.78423
-3.21766
-2.04398
1.87918
1.07872
-14.5463
2.51451
-8.14545
2.39391
2.9466
-5.45599
-11.7971
3.67024
-0.616335
0.267105
0.175371
0.218494
0.36379
0.314291
0.459493
0.410637
0.554118
0.506196
0.646845
0.600039
0.736664
0.691669
0.82212
0.779591
0.902174
0.862589
0.976131
0.939753
1.04359
1.01055
1.10457
1.07474
1.15961
1.13269
1.20915
1.1849
1.25381
1.23191
1.29435
1.2744
1.33124
1.31308
1.36482
1.34827
1.39534
1.38029
1.42287
1.40937
1.44739
1.43538
1.46919
1.45853
1.48814
1.47893
1.50454
1.49652
1.51903
1.5119
1.53202
1.52559
1.54438
1.53807
1.5572
1.55063
1.57001
1.56351
1.58313
1.57639
1.59644
1.58976
1.60896
1.60271
1.62163
1.61513
1.63504
1.6283
1.64833
1.64163
1.66468
1.65583
1.68831
1.67553
1.72104
1.70346
1.76634
1.74199
1.82526
1.79441
1.89443
1.85892
1.96482
1.93022
1.90256
1.92427
1.86356
1.88208
1.83491
1.84794
1.82414
1.82631
1.84672
1.83055
1.92829
1.87829
2.11943
2.00477
2.55881
2.29107
3.49869
2.96633
4.0726
4.28919
3.71116
3.88465
3.43234
3.56005
3.2428
3.32859
3.11411
3.17222
3.0305
3.06763
2.98118
3.00215
2.95957
2.96742
2.95817
2.95644
2.71046
2.77987
2.57303
2.64094
2.44246
2.50692
2.32158
2.38054
2.21504
2.26621
2.12641
2.16847
2.05532
2.08882
2.00035
2.02589
1.96055
1.97872
1.93291
1.94542
1.91494
1.92278
1.90473
1.90906
1.89768
1.90109
1.89004
1.89402
1.87957
1.88531
1.86361
1.87235
1.84185
1.85332
1.81578
1.82925
1.78633
1.80139
1.75486
1.77078
1.72179
1.73858
1.68632
1.70438
1.64815
1.66752
1.60691
1.62795
1.56167
1.5848
1.51396
1.53804
1.46429
1.4893
1.41344
1.4389
1.36238
1.38784
1.31181
1.33705
1.26182
1.28677
1.21184
1.23681
1.16043
1.18644
1.10446
1.13302
1.04065
1.0738
0.964137
1.00418
0.871774
0.91993
0.763314
0.819341
0.638463
0.702836
0.499059
0.570638
0.53142
0.458987
0.494289
0.614051
0.571853
0.710636
0.659692
0.816295
0.765868
0.843056
0.846982
0.662708
0.785215
0.170432
0.459848
-0.581535
-0.190946
-1.22121
-0.947346
-1.34427
-1.358
-0.919082
-1.19009
-0.207254
-0.577656
0.489778
0.157868
0.994901
0.773193
1.239
1.15144
1.23449
1.26541
1.05789
1.16141
0.824219
0.940056
0.622857
0.720705
0.485023
0.549106
0.393006
0.434216
0.328905
0.358979
0.27317
0.300377
0.22025
0.246156
0.167922
0.194762
-4.46634
-1.09605
-3.78187
-8.12662
-8.49703
-15.565
-12.6331
4.46344
2.9999
-1.86219
-0.549961
1.99853
2.96412
0.424332
0.135177
-3.80864
-4.19133
-3.5488
-0.169532
1.3753
3.02641
5.27859
5.25369
0.901377
-7.29235
-15.959
-14.1014
-5.20311
4.57332
5.84615
6.40425
6.42419
4.89619
-6.68931
-14.9933
3.89791
5.83964
6.91443
7.8019
8.36825
7.05201
8.2943
7.72013
-1.25726
-9.2859
-14.6615
-5.66433
-2.45197
0.720699
6.30612
3.91723
1.53659
-0.0270336
-6.34482
-5.94942
-7.58425
-7.90655
-7.3518
0.106986
0.137348
0.1638
0.189206
0.214626
0.239989
0.264238
0.289031
0.3168
0.350503
0.393501
0.44609
0.511975
0.588219
0.692795
0.805975
0.93674
1.08258
1.22898
1.35926
1.44677
1.46956
1.41262
1.26373
1.0206
0.687493
0.278603
-0.187687
-0.682627
-1.16847
-1.59146
-1.88895
-2.00038
-1.89676
-1.59738
-1.17444
-0.702555
-0.250993
0.128691
0.412309
0.602646
0.704509
0.730396
0.708151
0.662701
0.613281
0.567904
0.526249
0.486968
0.449462
0.414962
0.381793
0.346994
0.310113
0.386784
0.461967
0.532743
0.600524
0.666066
0.727852
0.785272
0.838754
0.888113
0.933733
0.975618
1.01413
1.04966
1.08261
1.11373
1.14321
1.17165
1.19903
1.2259
1.25241
1.27873
1.30476
1.33065
1.35632
1.38188
1.40728
1.43244
1.45732
1.48183
1.50597
1.52968
1.55254
1.57483
1.59623
1.61684
1.63666
1.65565
1.67388
1.6914
1.7082
1.72434
1.73988
1.75498
1.76956
1.7836
1.79687
1.80932
1.82089
1.83151
1.84098
1.84913
1.85597
1.86173
1.86678
1.87145
1.87605
1.8809
1.88651
1.89336
1.90204
1.91292
1.92624
1.94207
1.96055
1.98197
2.0067
2.03506
2.06715
2.10308
2.14293
2.18678
2.23463
2.28647
2.34213
2.40118
2.46302
2.52687
2.59216
2.65886
2.72684
2.79427
2.85864
2.9181
2.97313
3.02528
3.01661
3.01079
3.00913
3.01299
3.02285
3.04016
3.06551
3.09957
3.14341
3.1981
3.26507
3.34589
3.44271
3.55879
3.69773
3.85828
4.03517
4.22863
4.46719
4.88315
5.39429
5.80699
6.2851
6.81295
7.30537
7.5953
7.62709
7.22732
6.5807
5.84458
5.01131
4.28578
3.72472
3.28801
2.90825
2.62171
2.40477
2.24094
2.12294
2.03911
1.98044
1.94108
1.91709
1.90465
1.89946
1.90231
1.91078
1.92373
1.94007
1.95948
1.98127
2.00538
2.03133
2.06044
2.02787
1.99403
1.95887
1.92242
1.88627
1.85173
1.8197
1.79076
1.76522
1.74283
1.72313
1.70564
1.69013
1.67644
1.66431
1.65326
1.64286
1.6328
1.62297
1.61339
1.60407
1.59509
1.58638
1.57793
1.56961
1.5615
1.55359
1.54608
1.53889
1.53207
1.52548
1.5193
1.51346
1.50796
1.50249
1.49691
1.49099
1.48473
1.47797
1.47069
1.46269
1.45397
1.44436
1.43402
1.4228
1.41089
1.39802
1.3844
1.36977
1.35444
1.33806
1.321
1.30281
1.2839
1.26375
1.24282
1.22057
1.19739
1.17274
1.14692
1.11958
1.091
1.06088
1.02952
0.996413
0.961955
0.925665
0.888194
0.84879
0.808487
0.766119
0.7233
0.678321
0.633453
0.586367
0.539945
0.49114
0.443369
0.393126
0.344181
0.292269
0.242307
0.190973
0.143944
0.0974464
0.0738378
0.0640065
0.0396645
-10.1327
-6.20422
-13.4856
-16.5133
-5.90686
5.94756
2.77808
4.86875
7.32818
8.50176
9.4593
9.22152
-1.17681
-3.25805
-2.41989
8.27507
4.19337
7.26786
-9.34547
-7.92671
-15.9087
-5.86502
0.0099024
-0.0153961
-11.6338
-17.4835
-14.8417
-8.92607
-9.98842
0.0447303
0.0735291
0.112593
0.162993
0.217279
0.27119
0.324638
0.376391
0.427476
0.476969
0.525952
0.573546
0.620465
0.666029
0.710671
0.753873
0.795923
0.836391
0.875571
0.913112
0.949316
0.983877
1.01708
1.0487
1.07906
1.1079
1.13555
1.16182
1.18675
1.21028
1.23271
1.25392
1.27413
1.2932
1.31131
1.32838
1.34452
1.35969
1.37392
1.38716
1.39944
1.41079
1.42121
1.43073
1.4393
1.44696
1.45371
1.45973
1.4651
1.47001
1.47456
1.47896
1.48338
1.48816
1.49345
1.49945
1.50606
1.51335
1.52122
1.52975
1.53882
1.54845
1.55855
1.56923
1.58042
1.59216
1.60433
1.61687
1.62974
1.64297
1.65665
1.67093
1.68606
1.70235
1.72016
1.73965
1.76109
1.78482
1.81146
1.84138
1.87465
1.91091
1.9492
1.98798
2.02534
2.06042
2.09275
0.561887
10.6041
11.289
2.32379
-1.74135
-6.00316
7.37076
10.174
2.76353
5.63427
9.30117
5.40927
-12.3423
-7.81384
0.0394216
0.0772999
0.0921105
0.112659
0.136306
0.15917
0.181094
0.202478
0.223276
0.245461
0.27165
0.303973
0.345416
0.396151
0.460676
0.538676
0.64567
0.765567
0.903867
1.05993
1.21967
1.36787
1.47396
1.52162
1.48903
1.36033
1.12829
0.792108
0.357804
-0.160431
-0.734832
-1.32009
-1.85024
-2.24444
-2.42798
-2.36358
-2.07113
-1.61704
-1.08687
-0.572657
-0.136401
0.197957
0.428067
0.554106
0.594406
0.586188
0.552426
0.512789
0.473291
0.435338
0.399764
0.366503
0.334862
0.303593
0.271448
0.23552
0.196329
0.269819
0.346304
0.422002
0.49543
0.565077
0.631914
0.695084
0.754174
0.809072
0.859834
0.906671
0.950085
0.990109
1.02753
1.06236
1.09546
1.12685
1.15719
1.1864
1.21486
1.24263
1.27005
1.29695
1.32346
1.3495
1.37518
1.40048
1.42551
1.45017
1.4744
1.49821
1.52123
1.54372
1.56529
1.58625
1.60646
1.62577
1.64425
1.66193
1.67884
1.69495
1.71039
1.72522
1.73957
1.75332
1.76647
1.77878
1.79028
1.8009
1.81058
1.81918
1.82656
1.83282
1.83818
1.84309
1.84792
1.8531
1.859
1.86622
1.87521
1.88642
1.90004
1.91626
1.93514
1.95681
1.98141
2.00919
2.04039
2.07515
2.11356
2.15557
2.2012
2.25036
2.30307
2.35916
2.41838
2.48018
2.54403
2.60948
2.67646
2.74409
2.81074
2.8743
2.9338
2.98828
3.04044
3.09367
3.07613
3.06463
3.05702
3.05475
3.05904
3.0707
3.09062
3.11959
3.15833
3.20775
3.26918
3.34395
3.43343
3.53943
3.66472
3.81023
3.97521
4.16508
4.39426
4.68954
5.03595
5.39959
5.79709
6.23645
6.62761
6.95071
7.1065
7.06234
6.76406
6.27477
5.63081
5.00298
4.46544
3.9852
3.5217
3.12392
2.82805
2.60331
2.42351
2.2818
2.17536
2.0967
2.03966
1.99923
1.97262
1.95749
1.95112
1.9526
1.96062
1.97375
1.99127
2.01266
2.03689
2.06339
2.09094
2.12371
-13.0831
-15.2107
-10.9892
-7.5829
-14.6383
-0.0316375
0.00735954
0.0441482
0.0896595
0.141462
0.197228
0.252573
0.307637
0.360638
0.412763
0.463174
0.512791
0.561026
0.608322
0.654308
0.699138
0.742569
0.784695
0.825287
0.864501
0.902135
0.938374
0.973057
1.00636
1.03817
1.06858
1.09768
1.12549
1.15186
1.17698
1.20085
1.22342
1.24484
1.26508
1.28425
1.30228
1.31933
1.33525
1.35025
1.3641
1.37698
1.3887
1.39948
1.40913
1.41782
1.42535
1.4319
1.43737
1.44204
1.44589
1.44925
1.45219
1.45516
1.4583
1.46209
1.46662
1.47221
1.47874
1.4864
1.49498
1.50463
1.51506
1.52641
1.53849
1.55145
1.56513
1.57955
1.59453
1.61005
1.62599
1.64237
1.65918
1.67651
1.69448
1.7133
1.73322
1.75446
1.77734
1.80228
1.83
1.86113
1.89602
1.93439
1.97549
2.01724
2.05801
2.09636
2.13067
2.16158
2.19382
2.15692
2.12293
2.09401
2.06549
2.03983
2.01828
2.00189
1.99142
1.9877
1.99178
2.00514
2.0298
2.06656
2.1195
2.19298
2.28975
2.41704
2.58081
2.78238
3.02192
3.30022
3.62745
4.0079
4.47259
5.02327
5.58319
6.04019
6.40933
6.68142
6.73375
6.66609
6.44532
6.11526
5.79588
5.45876
5.09459
4.76159
4.48888
4.26418
4.07077
3.89989
3.74849
3.61567
3.50178
3.40563
3.32527
3.25891
3.20516
3.16292
3.13128
3.10944
3.09668
3.09254
3.0962
3.1072
3.12459
3.14814
3.1211
0.152816
0.224369
0.304299
0.383087
0.460608
0.533246
0.603161
0.667689
0.728713
0.784403
0.836808
0.884275
0.929157
0.970033
1.00893
1.04498
1.07955
1.11231
1.14409
1.17466
1.20454
1.23336
1.26175
1.28937
1.31669
1.34317
1.36919
1.3946
1.41985
1.44447
1.46851
1.49168
1.5144
1.53634
1.55758
1.5779
1.59758
1.61628
1.63423
1.65115
1.66742
1.68271
1.69747
1.71143
1.72502
1.7378
1.75007
1.7614
1.77209
1.78169
1.79047
1.79799
1.80451
1.80985
1.81462
1.81897
1.82367
1.82893
1.83557
1.84386
1.85459
1.86784
1.88404
1.90303
1.92503
1.94991
1.97786
2.00883
2.043
2.08045
2.12125
2.16538
2.21275
2.26342
2.31727
2.37424
2.43388
2.49588
2.55986
2.62577
2.69351
2.76173
2.82927
2.8941
2.95475
3.01158
3.06682
0.0896931
0.132019
0.0410919
0.0726126
0.0807258
0.0945193
0.111712
0.128888
0.145138
0.161513
0.178827
0.198904
0.223149
0.252162
0.288971
0.334806
0.394029
0.466987
0.564612
0.674487
0.801067
0.949075
1.11078
1.28383
1.41185
1.48555
1.4753
1.36734
1.15019
0.823588
0.388771
-0.138329
-0.732622
-1.35715
-1.94147
-2.38605
-2.60739
-2.57008
-2.30102
-1.85351
-1.31705
-0.785893
-0.33178
0.0211709
0.264717
0.398043
0.450945
0.456431
0.434124
0.404419
0.372675
0.341267
0.311729
0.28329
0.256111
0.228545
0.199584
0.1674
-10.1462
7.47601
5.43065
8.61384
-4.21843
10.405
-10.2996
-10.5797
7.08094
4.04318
4.76984
9.91513
0.0413475
0.996289
-2.1957
0.0387594
0.102551
-0.0122984
-0.124105
-12.504
-11.3949
3.23552
2.22832
2.23644
-12.1653
2.26308
3.25363
-0.00636606
-6.74437
-2.67956
8.77613
6.31563
7.41291
-11.9607
0.109831
0.0802499
0.158062
0.134875
0.20094
0.179524
0.244167
0.222271
0.288938
0.266138
0.324423
0.309084
0.251256
0.311582
-0.100415
0.1237
-0.826982
-0.419363
-1.77066
-1.29903
-2.39004
-2.16515
-2.15423
-2.39151
-1.1661
-1.72119
-0.0837156
-0.601129
0.736481
0.368042
1.18993
1.0102
1.27868
1.2758
1.09243
1.21025
0.793435
0.942622
0.545743
0.658358
0.369562
0.451121
0.258433
0.307324
0.19191
0.220964
0.148427
0.168375
0.118352
0.131742
0.0964519
0.106766
0.0758029
0.0860245
0.0551963
0.0656273
0.03832
3.09918
3.15773
2.97807
3.03924
2.84728
2.91433
2.70882
2.77811
2.57492
2.64096
2.44831
2.51076
2.32962
2.38779
2.22186
2.27421
2.12648
2.1726
2.04372
2.08352
1.97296
2.00691
1.91345
1.94176
1.86616
1.88817
1.83239
1.84754
1.81154
1.8205
1.79987
1.80488
1.79208
1.7958
1.78371
1.7882
1.77155
1.77819
1.75505
1.76377
1.73502
1.74537
1.71217
1.72387
1.68678
1.69971
1.65852
1.67295
1.6268
1.64305
1.59103
1.60932
1.55133
1.57156
1.5081
1.52998
1.46227
1.48529
1.41447
1.43851
1.36401
1.38933
1.31114
1.3376
1.25552
1.2833
1.19686
1.22614
1.13468
1.16573
1.06828
1.10156
0.99578
1.03229
0.914328
0.955436
0.820395
0.867798
0.710376
0.765898
0.58149
0.646628
0.432422
0.507568
0.265707
0.348605
0.177924
2.15773
2.19746
2.08907
2.12166
2.03914
2.06131
2.01504
2.02355
2.02329
2.01458
2.07274
2.04241
2.18006
2.11775
2.37291
2.26358
2.69135
2.51484
3.13197
2.89929
3.7153
3.39736
4.52046
4.08976
5.44412
4.99185
6.14757
5.84797
6.46203
6.37134
6.28235
6.42114
5.75862
6.04087
5.16746
5.46606
4.58289
4.86098
4.14498
4.34838
3.80771
3.96542
3.55193
3.67035
3.36688
3.45147
3.24004
3.29695
3.1616
3.19529
3.12513
3.13846
3.12711
3.12152
3.16713
3.14175
3.20019
2.16496
2.19741
2.08501
2.12683
1.99582
2.04054
1.91326
1.95293
1.84597
1.8777
1.79191
1.81774
1.74538
1.76805
1.70278
1.72379
1.66221
1.68236
1.62284
1.64237
1.5853
1.60374
1.55077
1.56755
1.51983
1.53476
1.4926
1.50564
1.46965
1.48039
1.4522
1.46004
1.44086
1.44564
1.4349
1.43719
1.432
1.43315
1.42912
1.43067
1.42355
1.42674
1.41371
1.41919
1.39896
1.40695
1.37953
1.38979
1.35571
1.36819
1.32749
1.34216
1.29497
1.31181
1.25798
1.27708
1.21629
1.23777
1.16982
1.19374
1.11815
1.14466
1.06112
1.09037
0.99854
1.03059
0.930278
0.965199
0.856221
0.894078
0.776254
0.817105
0.690447
0.734227
0.599165
0.645663
0.502946
0.551856
0.402152
0.453286
0.29644
0.350068
0.184738
0.241342
0.0699662
0.127037
-0.0350323
0.0152048
-0.116611
-0.0784198
-12.2063
-0.0671721
-0.0252489
2.34699
3.32554
2.34488
3.31061
-0.0253334
-0.13249
-0.17198
-0.00570158
-0.0676756
0.122858
0.0621307
0.237602
0.182927
0.345248
0.293005
0.448328
0.397919
0.547096
0.49862
0.641145
0.59493
0.729945
0.686324
0.813048
0.772246
0.890235
0.852348
0.961562
0.926559
1.02712
0.994988
1.08711
1.05774
1.14164
1.11498
1.19086
1.16683
1.23493
1.21349
1.27405
1.25502
1.30856
1.29179
1.33868
1.3241
1.36435
1.35203
1.38533
1.37536
1.40139
1.39396
1.41181
1.40725
1.41689
1.41492
1.41791
1.41772
1.41727
1.41755
1.41834
1.41729
1.42493
1.42069
1.43918
1.431
1.46067
1.44904
1.4877
1.47352
1.51924
1.50282
1.55572
1.53676
1.59717
1.57585
1.64159
1.61918
1.68631
1.66399
1.73092
1.70855
1.77717
1.75367
1.82796
1.80181
1.88718
1.85619
1.96125
1.92196
2.05251
2.00512
2.14886
2.10156
2.23862
2.19324
2.28942
3.23788
3.28814
3.16635
3.19581
3.14116
3.14834
3.15806
3.14448
3.21713
3.18219
3.32283
3.26378
3.48306
3.39557
3.70877
3.58712
4.0104
3.84942
4.39937
4.19344
4.89011
4.63134
5.45794
5.16799
5.94955
5.72271
6.25333
6.1584
6.17195
6.25445
5.70551
5.95327
4.99668
5.41031
4.09483
4.55774
3.48199
3.76397
2.97555
3.21862
2.57472
2.75782
2.31088
2.42708
2.15221
2.22056
2.06636
2.10235
2.03257
2.04391
2.03827
2.03104
2.0762
2.05349
2.14329
2.10608
2.2402
2.18832
2.2942
0.141692
0.053444
0.32677
0.237046
0.492335
0.414245
0.634422
0.567968
0.755649
0.699373
0.859007
0.810963
0.947838
0.90616
1.02571
0.988765
1.0959
1.06229
1.16085
1.12954
1.22198
1.19238
1.27985
1.25174
1.33474
1.30797
1.387
1.36142
1.43685
1.41237
1.4842
1.461
1.52861
1.50689
1.56965
1.54968
1.60666
1.58877
1.63927
1.62359
1.66783
1.65406
1.69292
1.68084
1.7153
1.70444
1.73505
1.72556
1.75155
1.74376
1.76391
1.75831
1.77161
1.76828
1.77666
1.77421
1.78355
1.77946
1.79895
1.78973
1.82878
1.81182
1.87456
1.84977
1.93363
1.90264
2.00329
1.9672
2.08367
2.04202
2.17639
2.12845
2.28148
2.22744
2.3978
2.33839
2.52222
2.45927
2.65197
2.58642
2.78877
2.71938
2.9305
2.85973
3.06665
2.99989
3.19328
3.13095
3.25342
-0.0833585
0.0195714
-0.000954924
0.0426397
0.0297383
0.055805
0.0508439
0.0661869
0.0605587
0.0819446
0.0730758
0.106554
0.0929446
0.142119
0.122196
0.2004
0.167365
0.297934
0.242473
0.443335
0.362885
0.651615
0.540821
0.856524
0.76203
0.926598
0.915782
0.74585
0.870718
0.282012
0.547867
-0.430594
-0.0483822
-1.24899
-0.843577
-1.7787
-1.58007
-1.64895
-1.79711
-1.01425
-1.34841
-0.375231
-0.67271
0.0311535
-0.13926
0.187077
0.132404
0.184285
0.194961
0.158148
0.171454
0.132603
0.145134
0.106634
0.119716
0.0789679
0.0931981
0.0424524
0.0627446
0.0133099
-13.1667
-0.305385
-5.69693
-10.4763
-0.406134
-18.1605
-13.8029
-16.8463
-17.0843
-14.3997
-11.1213
10.1194
12.198
12.851
12.4653
9.64196
-13.5181
-9.57343
-9.04901
-8.08985
-6.30755
-3.19359
2.32868
-0.516006
-2.86146
-0.278147
-0.175663
-0.0827218
-0.00414562
0.0644016
0.127324
0.182991
0.239406
0.292437
0.345984
0.397228
0.448437
0.497794
0.546735
0.593935
0.640423
0.685145
0.728932
0.770907
0.811802
0.850884
0.88882
0.925017
0.960047
0.993416
1.02559
1.05619
1.0856
1.1135
1.14022
1.16549
1.18956
1.21222
1.2337
1.25382
1.2728
1.29048
1.30711
1.32252
1.33689
1.35003
1.36204
1.37279
1.38239
1.39068
1.3977
1.40331
1.40753
1.41031
1.41178
1.41207
1.41155
1.41051
1.40943
1.40875
1.40904
1.41073
1.41426
1.41977
1.42733
1.43675
1.44791
1.46062
1.47482
1.49047
1.50767
1.52647
1.54689
1.56882
1.59198
1.61598
1.64033
1.66461
1.68855
1.71212
1.73557
1.75932
1.78383
1.80956
1.83686
1.86601
1.89753
1.93267
1.97368
2.02305
2.08195
2.14895
2.21725
2.27562
2.31732
2.35903
2.47778
3.42795
3.32236
3.25819
3.21086
3.17882
3.1594
3.1516
3.15463
3.16825
3.19283
3.22859
3.27607
3.33633
3.41059
3.49994
3.60584
3.72971
3.87353
4.03984
4.23137
4.45243
4.70131
4.94497
5.17285
5.40436
5.66772
5.91716
6.02312
6.13214
6.14762
6.01087
5.8765
5.56254
5.20517
4.92208
4.6558
4.34237
3.96103
3.55151
3.21682
2.96248
2.76542
2.59911
2.45616
2.33714
2.24347
2.16998
2.1153
2.07802
2.05417
2.04182
2.0392
2.04589
2.06116
2.08421
2.11541
2.15614
2.20695
2.26912
2.347
2.46656
2.66237
-0.142904
-0.0905665
0.0206645
0.124415
0.228426
0.31808
0.407918
0.485657
0.562414
0.629273
0.694405
0.751586
0.806784
0.855736
0.902869
0.945255
0.986266
1.02376
1.0604
1.09446
1.12806
1.15974
1.19114
1.22103
1.25065
1.27898
1.30693
1.3338
1.36027
1.38583
1.41098
1.43532
1.45924
1.4824
1.50502
1.52678
1.54784
1.56791
1.58707
1.60508
1.62203
1.63776
1.65243
1.666
1.6787
1.69045
1.70142
1.71166
1.72121
1.72997
1.73792
1.74492
1.75088
1.75565
1.75921
1.76174
1.76366
1.76551
1.76799
1.77195
1.77827
1.78779
1.80113
1.81863
1.84026
1.86575
1.89467
1.92662
1.96135
1.99877
2.03897
2.08209
2.1283
2.1777
2.23024
2.28573
2.34389
2.40442
2.46689
2.53078
2.59576
2.66198
2.73024
2.80175
2.87754
2.95725
3.03784
3.11289
3.17604
3.22722
3.2889
3.42904
3.66231
0.227395
0.0653371
0.00327535
-0.00207213
0.00353929
0.0136124
0.0185088
0.020076
0.0213471
0.0230648
0.025445
0.0285103
0.0323096
0.0373179
0.0426796
0.0500578
0.0597502
0.0716848
0.0887497
0.11327
0.143121
0.179439
0.223492
0.2739
0.324211
0.366549
0.391293
0.392475
0.364975
0.309413
0.225792
0.116014
-0.0214037
-0.184078
-0.364572
-0.543309
-0.690806
-0.778933
-0.789118
-0.723796
-0.598456
-0.453057
-0.301391
-0.172921
-0.0662068
0.00930125
0.0495864
0.0751842
0.070756
0.0644114
0.058145
0.0529493
0.0482748
0.0443784
0.0405962
0.0366878
0.0328174
0.0282357
0.0228807
0.017147
0.0125107
0.0212359
0.00024908
-8.20046
-4.80548
4.16172
1.24391
)
;

boundaryField
{
    frontandback
    {
        type            empty;
    }
    walls
    {
        type            zeroGradient;
    }
    diamond
    {
        type            zeroGradient;
    }
    inlet
    {
        type            zeroGradient;
    }
    outlet
    {
        type            fixedValue;
        value           uniform 0;
    }
}


// ************************************************************************* //
