/*--------------------------------*- C++ -*----------------------------------*\
  =========                 |
  \\      /  F ield         | OpenFOAM: The Open Source CFD Toolbox
   \\    /   O peration     | Website:  https://openfoam.org
    \\  /    A nd           | Version:  10
     \\/     M anipulation  |
\*---------------------------------------------------------------------------*/
FoamFile
{
    format      ascii;
    class       volScalarField;
    location    "16";
    object      p;
}
// * * * * * * * * * * * * * * * * * * * * * * * * * * * * * * * * * * * * * //

dimensions      [0 2 -2 0 0 0 0];

internalField   nonuniform List<scalar> 
8711
(
-0.00358728
-0.00342494
-0.00334533
-0.0272018
-0.0293699
-0.0354474
0.0591111
0.0601309
0.705117
0.700047
0.505154
0.262669
-0.0686161
-0.0441134
-0.189716
-0.180828
-0.0734819
-0.0815067
-0.0924706
-0.00139145
-0.00163671
-0.00230366
-0.00171861
-0.00309393
-0.187749
-0.137162
-0.216916
-0.264202
-0.00374286
-0.00367
-0.00268107
-0.484546
-0.508636
-0.327628
-0.357549
0.188938
0.17985
0.168198
0.175054
0.167341
0.212055
0.185973
-0.350743
-0.329453
0.321293
0.196916
-0.459452
-0.460222
-0.451523
0.000394532
0.000162331
0.000221428
0.000278929
0.0133244
0.0186464
0.0241521
-0.00994005
-0.0205592
-0.0189144
-0.0238226
-0.0220629
-0.0187288
-0.0126642
-0.0152048
0.074694
0.0707252
0.0600914
-0.00230541
-0.00236131
-0.00169388
0.00582196
0.00280205
0.00711547
0.00852122
0.0613128
0.061619
0.0539136
0.0535223
-0.00254036
-0.00235719
-0.00334366
-0.0197115
-0.016421
-0.00316249
-0.00307498
-0.0029303
-0.0708922
-0.0580227
-0.0250789
-0.053444
0.0291945
0.0247998
0.0311696
-0.00161065
0.00795144
0.0600978
0.0761414
0.0781007
0.0641699
0.0391013
0.0418049
0.365528
0.359114
-0.0521724
-0.0608971
-0.068412
-0.0720955
-0.0705657
-0.0649671
-0.0554634
-0.0446476
-0.033482
-0.0230146
-0.0138318
-0.00656754
-0.00110185
0.00313147
0.00603051
0.00634908
0.00786649
0.0072136
0.00133129
0.00444917
-0.00858777
-0.00290739
-0.0235317
-0.0155321
-0.0390707
-0.0317043
-0.0469698
-0.0444511
-0.0405337
-0.045357
-0.0249088
-0.0329032
-0.018441
-0.0891504
-0.079153
-0.0973842
-0.0960052
-0.083078
-0.0930004
-0.0560992
-0.0702071
-0.0293924
-0.0420098
-0.00957912
-0.0181746
0.001828
-0.00312518
0.00797456
0.00544758
0.00943858
-0.0415388
0.00827551
0.0051053
0.0101433
-0.031922
-0.0597629
0.00637424
0.00603056
0.00390555
0.00556888
-0.00260783
0.00107813
-0.0125001
-0.00744927
-0.0213738
-0.0175325
-0.0221546
-0.0239584
-0.0130711
-0.0192153
-0.00090188
-0.00653615
-0.00353195
-5.74205e-05
0.00668436
0.00973766
-0.0919974
-0.0797345
-0.116626
-0.105201
-0.121282
-0.122384
-0.098303
-0.111927
-0.0651437
-0.0825282
-0.0341753
-0.048626
-0.0121473
-0.0219038
0.000694948
-0.00473877
0.0076842
0.00474666
0.0108833
0.00967729
-0.000156689
0.00235711
-0.0449076
0.0113052
-0.0333363
-0.0413608
-0.0134845
-0.0285779
-0.00596558
-0.00928624
-0.00423077
-0.0594742
-0.0661292
0.00282076
-0.000425164
0.00654602
0.00494653
0.00677981
0.00691868
0.00396321
0.00563953
-0.000372807
0.00162805
-0.0030077
-0.00264716
0.0010711
-0.00179659
0.0116175
0.00570217
0.0170463
0.0148228
0.00861492
0.0142974
-0.00111454
0.0108986
0.0118669
-0.0824834
-0.06471
-0.0622957
-0.0705403
-0.115127
-0.0976064
-0.141879
-0.129649
-0.140105
-0.145472
-0.110485
-0.126858
-0.0709138
-0.0909442
-0.0371803
-0.0529516
-0.0141992
-0.0243118
-0.000347117
-0.00638872
0.0071503
0.00398824
0.00941556
0.00447881
-0.00120238
0.011121
0.00852697
-0.0512511
-0.0490137
-0.0459693
-0.0711499
-0.058798
-0.00901672
0.0123205
-0.0636346
-0.0539848
-0.0569062
-0.0570156
-0.0442505
-0.0656456
-0.0720117
-0.0861658
-0.0947933
-0.123269
-0.113706
-0.154927
0.000600033
-0.00371803
0.00712596
0.00417599
0.0104433
0.00902179
0.0114609
0.011128
0.0119512
0.0115828
0.0151581
0.0131034
0.0224316
0.018144
0.0303336
0.0268422
0.029259
0.0310774
0.016453
0.0240783
-0.00742171
0.00535275
-0.0462282
-0.023345
-0.0772408
-0.0920458
-0.0728255
-0.133892
-0.113082
-0.162227
-0.151378
-0.153197
-0.161716
-0.116969
-0.137013
-0.0731058
-0.0947355
-0.0383231
-0.054383
-0.0152542
-0.0254733
-0.00141238
-0.00751741
0.00640494
0.00308012
0.0105751
0.0088454
0.0125351
0.0117633
-0.011333
-0.017279
0.00123133
-0.00478825
0.0101367
0.00639922
0.012975
0.0122354
-0.0591933
-0.0548935
-0.0345915
0.0121605
0.0127744
-0.0701824
-0.0716666
-0.107636
-0.14629
-0.0699772
-0.0988577
-0.130233
-0.167618
-0.0133541
-0.0178205
-0.00128756
-0.00707849
0.00850159
0.00389331
0.0153346
0.0121657
0.0203514
0.0179576
0.0253195
0.0226974
0.0322718
0.028498
0.0397159
0.0361228
0.042839
0.0422095
0.0367496
0.0409185
0.0218209
0.0302186
-0.00264156
0.0106512
-0.0421183
-0.01998
-0.0702858
-0.0103838
-0.0108786
0.0239968
0.00578987
-0.0484837
-0.0281954
-0.0980805
-0.0724337
-0.148521
-0.124131
-0.174133
-0.165706
-0.158764
-0.170713
-0.116912
-0.139426
-0.0719619
-0.0936693
-0.0378974
-0.0534632
-0.0156507
-0.0255528
-0.00222107
-0.0081332
0.00561566
0.00227193
0.00986531
0.00809123
0.0111949
-0.0233326
-0.0139433
-0.0191132
-0.002167
-0.00820158
0.00844122
0.00373929
0.0129813
0.0114954
0.0132008
-0.07169
-0.0234004
-0.0246527
0.0390923
-0.021144
-0.0812659
-0.0963056
-0.0764788
-0.131962
0.0127247
-0.0521409
-0.174841
-0.00911901
-0.213838
-0.0215109
0.0122115
-0.0158518
-0.0214793
-0.00290775
-0.00995264
0.0101772
0.00372726
0.0207598
0.0156468
0.0295729
0.0252981
0.0378036
0.0336783
0.0457955
0.0418938
0.050764
0.0487969
0.0493499
0.0509835
0.0403645
0.045651
0.0246975
0.0333155
0.000688841
0.0137777
-0.0365244
-0.016224
-0.0946354
-0.0629874
-0.178753
-0.132205
0.05816
0.0751905
0.014126
0.037011
-0.0382768
-0.0104798
-0.101233
-0.0693325
-0.156127
-0.130348
-0.177149
-0.171736
-0.155671
-0.170488
-0.111401
-0.134544
-0.0680615
-0.0887193
-0.0361229
-0.0506593
-0.0153957
-0.0246479
-0.00272172
-0.00831828
0.00478104
0.00153223
0.0090037
0.00729297
0.0114534
0.0104476
0.0121834
-0.246629
-0.228356
-0.0242781
-0.0242286
-0.025892
-0.0165157
-0.0209222
-0.00496353
-0.0111025
0.00635998
0.00112449
0.0125617
0.0102662
0.0133579
-0.08987
-0.0955014
-0.125478
0.0131118
0.0121973
0.0119027
-0.0850983
-0.17169
-0.052956
-0.222315
0.00206717
-0.260711
0.0851489
-0.278374
-0.30527
-0.0211056
-0.0232803
-0.320309
-0.0254176
-0.023507
-0.0175293
-0.0213284
-0.0043405
-0.0114465
0.0111191
0.00343371
0.0249508
0.01816
0.0366736
0.0310219
0.046418
0.0417685
0.0534439
0.0503569
0.0555723
0.0551792
0.0511972
0.0540742
0.0411107
0.046748
0.0255
0.0340154
0.00231821
0.0149454
-0.0321109
-0.0134724
-0.0820613
-0.0552236
-0.157869
-0.116356
-0.242667
-0.200302
-0.331051
-0.331066
-0.288031
0.086236
0.11765
0.104673
0.0332011
0.0606834
-0.0302316
0.00325282
-0.10158
-0.0656403
-0.155977
-0.131993
-0.170339
-0.16856
-0.14456
-0.160935
-0.10141
-0.12346
-0.0619066
-0.080563
-0.0332931
-0.0463132
-0.0146152
-0.0229855
-0.00294995
-0.00813742
0.00412843
0.00101346
0.00830716
0.00648853
0.0106241
0.00965192
0.0114738
-0.0240028
-0.0244887
-0.0181574
-0.0218009
-0.00729822
-0.0131549
0.00432752
-0.00125459
0.0117786
0.00883508
0.0132003
-0.112573
-0.0184418
0.0111662
0.0113305
-0.113416
-0.159771
-0.0949526
-0.217059
-0.0496516
-0.273606
0.0263177
0.125173
0.100805
-0.322513
-0.360082
-0.372849
-0.362821
-0.262801
-0.2731
-0.324993
-0.0214426
-0.0205929
-0.0163211
-0.0195855
-0.00461889
-0.011155
0.0110857
0.0030704
0.0267272
0.0190598
0.0400346
0.0336954
0.0499957
0.0454473
0.0555521
0.0533612
0.0557011
0.056295
0.0503355
0.0536508
0.0401846
0.0457611
0.0251498
0.0333098
0.00339789
0.0152046
-0.027896
-0.01102
-0.0710217
-0.0481736
-0.134748
-0.100949
-0.203777
-0.17031
-0.235532
0.128386
0.132656
0.134735
0.134239
0.0975639
0.11619
0.0417847
0.0714979
-0.026717
0.00940953
-0.0985068
-0.0631232
-0.146707
-0.126646
-0.154214
-0.15517
-0.127296
-0.143448
-0.088511
-0.108005
-0.0544895
-0.0704899
-0.0298715
-0.0411147
-0.0134922
-0.020877
-0.00300504
-0.00769879
0.00352999
0.000620962
0.00748089
0.00572841
0.00984725
0.00876856
0.0104867
-0.020551
-0.0144895
-0.0176605
-0.0223664
-0.021904
-0.0184697
-0.0211617
-0.00890385
-0.0142149
0.00243417
-0.00317082
0.0107434
0.00726327
0.0134708
0.0127742
0.0112779
0.0118764
-0.139579
-0.133533
-0.198884
-0.102327
-0.263668
0.0116916
0.0107376
0.0108484
-0.0434335
0.040031
0.10605
0.131107
0.129535
-0.324354
-0.372821
-0.398
-0.396582
-0.366244
-0.0115973
-0.277679
-0.320813
-0.271434
-0.0119417
-0.00931992
-0.0148876
-0.0131658
-0.0167444
-0.0163005
-0.0130385
-0.0157037
-0.00323452
-0.00884843
0.0111954
0.00363534
0.0267009
0.0190267
0.0400766
0.0337422
0.0495393
0.045324
0.0541143
0.0524325
0.0534451
0.0543872
0.0478372
0.0511833
0.0379951
0.0433729
0.0237408
0.0314386
0.00370833
0.0145029
-0.0241334
-0.00919817
-0.0617047
-0.041715
-0.112809
-0.0861275
-0.169678
-0.142562
-0.214146
-0.193572
-0.23166
-0.22762
0.125894
0.116917
0.106221
0.117111
0.122127
0.127229
0.0940202
0.111104
0.0416055
0.0707001
-0.0246232
0.00999579
-0.0896923
-0.0586439
-0.129036
-0.113204
-0.131193
-0.134039
-0.106616
-0.120788
-0.0744799
-0.0904914
-0.0466705
-0.0597736
-0.0261885
-0.035608
-0.0121562
-0.0185325
-0.0029093
-0.00707833
0.00299921
0.000355984
0.00668378
0.00506471
0.00882432
0.00787356
0.0100763
0.00951855
0.0104768
-0.0174401
-0.0148859
-0.0200171
-0.0190053
-0.0176022
-0.0195286
-0.00961365
-0.0142437
0.000863745
-0.00448158
0.00956708
0.00578251
0.0129031
0.011964
0.012469
-0.169709
-0.227145
-0.263797
-0.222441
-0.152622
-0.238227
0.0119146
0.0110151
-0.10721
-0.032244
0.0515311
0.10847
0.118172
0.0890624
0.0981462
-0.367776
-0.407283
-0.417714
-0.399546
-0.359096
-0.299849
-0.00978866
-0.00740339
-0.00860684
0.0099164
0.00973765
-0.007398
-0.307416
-0.0106784
-0.00963256
-0.0112143
-0.0114062
-0.00833215
-0.0103195
-0.000211493
-0.00487922
0.0122955
0.00568972
0.0262843
0.0193029
0.0386152
0.0327765
0.0471747
0.0434041
0.0509708
0.049645
0.0499054
0.0509783
0.0444075
0.0476362
0.0350659
0.040158
0.0217385
0.028906
0.00345555
0.0132412
-0.0210674
-0.00801759
-0.0531504
-0.0361388
-0.0938023
-0.0726853
-0.139014
-0.11755
-0.172593
-0.159121
-0.188359
-0.182894
-0.239687
-0.190603
-0.190438
0.0932232
0.0670985
0.0571311
0.0770976
0.112503
0.104912
0.110168
0.113912
0.0847657
0.100391
0.0386541
0.0643921
-0.0198272
0.0101667
-0.0738037
-0.0485672
-0.104314
-0.0925244
-0.104849
-0.107704
-0.0855077
-0.096494
-0.0608742
-0.0731653
-0.0391176
-0.0494501
-0.0225187
-0.0302247
-0.0107231
-0.0161307
-0.00269864
-0.00634575
0.00256456
0.000193408
0.00589018
0.00441506
0.0079438
0.00711437
0.00910394
0.00860791
0.00950837
-0.0144292
-0.0122101
-0.0173182
-0.0161633
-0.0158587
-0.0171914
-0.0096037
-0.0132751
-0.00026995
-0.00514798
0.00837478
0.00445037
0.0124543
0.0111327
0.0125155
-0.19937
0.00995141
-0.167655
-0.105947
-0.020135
0.0615563
0.102794
0.0995832
-0.396434
-0.422453
-0.417528
-0.38585
0.074344
0.0333594
0.0404222
-0.331867
-0.269904
-0.176742
-0.00528371
-0.273352
-0.211113
-0.3424
0.00900553
-0.00558002
-0.00532057
-0.00667712
-0.00622219
-0.00623749
-0.00688589
-0.0033728
-0.00529136
0.00368325
-0.000312319
0.0142288
0.00864387
0.0261562
0.0201868
0.0367684
0.0317445
0.044053
0.0408676
0.0470614
0.0460653
0.0457649
0.0468854
0.0405185
0.0435686
0.0318019
0.0365477
0.0195011
0.0260944
0.00294829
0.011763
-0.0186646
-0.00723505
-0.0460213
-0.0316524
-0.0787471
-0.0618736
-0.113857
-0.0965972
-0.138376
-0.128856
-0.152626
-0.146415
-0.153086
-0.156704
-0.146556
-0.12132
-0.14086
0.0466303
0.00647854
0.00254109
0.0258728
0.0801224
0.0648837
0.0973132
0.0909583
0.0968629
0.100283
0.0758179
0.0890825
0.0378157
0.0591612
-0.0103823
0.0140104
-0.0535266
-0.0333873
-0.0780459
-0.0686919
-0.0794724
-0.0810417
-0.0663692
-0.0739264
-0.0486843
-0.0576187
-0.0322202
-0.0401372
-0.0190428
-0.0252271
-0.00928873
-0.0138017
-0.00242542
-0.00556906
0.00221389
0.000104308
0.00521322
0.00386849
0.00706499
0.00626841
0.00821229
0.00782291
0.0086515
0.00858974
0.00875103
0.0089934
-0.00773278
-0.00552433
-0.0117319
-0.00979954
-0.0143715
-0.0133125
-0.0136438
-0.014536
-0.00885997
-0.01172
-0.000925876
-0.00517189
0.00734534
0.00348089
0.0118904
0.0103278
0.0119324
0.0122952
0.0102456
0.0111611
0.00946705
-0.224709
-0.175594
-0.0985246
-0.00724772
0.0641909
0.0882567
-0.407335
-0.419077
-0.399971
0.0750474
0.0454199
0.0102932
-0.35548
-0.295905
-0.232317
-0.0229554
-0.0226017
-0.174058
-0.0989463
-0.117173
0.00776505
-0.00138548
-0.00182268
0.00933042
-0.299556
0.00776916
-0.364603
-0.00315172
-0.00253953
-0.00335054
-0.00329646
-0.00224551
-0.00301736
0.000936029
-0.000985889
0.00721469
0.00372443
0.0160963
0.0114255
0.0259852
0.0210463
0.0347369
0.030603
0.040644
0.0380817
0.0428834
0.0421976
0.0414254
0.0425588
0.0364826
0.0393278
0.0284297
0.0328076
0.0171766
0.0231914
0.00229873
0.0101847
-0.0166708
-0.00669413
-0.0399623
-0.0278279
-0.0668632
-0.0530947
-0.0940621
-0.0808426
-0.112866
-0.104898
-0.124019
-0.11971
-0.122525
-0.126391
-0.0991361
-0.113095
-0.0760973
-0.0671031
-0.0829805
-0.00133026
-0.0497246
-0.0461616
-0.0234189
0.0378376
0.0190698
0.0675486
0.0542944
0.0838625
0.0773644
0.0847546
0.0863441
0.0689756
0.0787573
0.0386059
0.0553807
0.000277874
0.0196279
-0.0340469
-0.0179598
-0.0544466
-0.0461585
-0.0579471
-0.0578615
-0.0503355
-0.0549866
-0.0382913
-0.044511
-0.0261605
-0.0320849
-0.0158825
-0.0207642
-0.00793027
-0.0116453
-0.00213315
-0.00480921
0.00190042
5.49953e-05
0.0045866
0.00336423
0.00629744
0.00552657
0.00735633
0.00689993
0.00779701
0.00761459
0.00795805
0.00791236
0.00819284
-0.00574119
-0.00387395
-0.00915112
-0.00752565
-0.0114359
-0.0104862
-0.0111157
-0.0116673
-0.00758146
-0.00974568
-0.00105469
-0.00463396
0.00657182
0.00284942
0.0113024
0.0095115
0.0118003
0.0119532
0.0105941
0.0112499
0.0100724
-0.241602
-0.175286
-0.0867653
0.00305189
0.0580337
-0.399928
-0.398266
0.0652356
0.0443027
0.011241
-0.366221
-0.313031
-0.249714
-0.0238062
-0.191014
-0.0545326
-0.131507
-0.068691
-0.0772695
-0.0854309
-0.0534151
-0.0567092
0.00713848
-0.000489177
-0.000729466
0.00881726
-0.314834
-0.00104986
-0.00181571
0.00751334
-0.36916
-0.0011029
-0.000962844
-0.000693922
-0.00116253
0.000817982
-0.000143816
0.00416763
0.00224075
0.00978557
0.00671328
0.0172718
0.013372
0.025375
0.0213459
0.032439
0.0291138
0.037104
0.0350983
0.0386811
0.0382586
0.037067
0.0382346
0.032485
0.0351161
0.0250806
0.0290996
0.0148392
0.0202983
0.00152113
0.00854913
-0.0150658
-0.00639364
-0.0348112
-0.0245993
-0.0569287
-0.045694
-0.0782577
-0.0680155
-0.093532
-0.0866823
-0.101261
-0.0987697
-0.0998605
-0.102459
-0.0816661
-0.0923694
-0.0597972
-0.0707654
-0.0427359
-0.0426951
-0.0500981
-0.0421307
-0.091012
-0.0795213
-0.0611866
-0.00378085
-0.0227634
0.0308625
0.0142677
0.0564597
0.0451149
0.0717982
0.0658888
0.0737978
0.074308
0.0623576
0.0696289
0.0387997
0.0517381
0.00895434
0.0240727
-0.0183219
-0.00543618
-0.035701
-0.0283637
-0.0410033
-0.0396068
-0.0374805
-0.0399701
-0.0297023
-0.0338517
-0.0209821
-0.0253206
-0.0130905
-0.0168876
-0.00668964
-0.00970955
-0.00184999
-0.00410157
0.00161634
2.08147e-05
0.00398385
0.00290109
0.00552366
0.00481683
0.00650095
0.00604094
0.00696625
0.0066745
0.0073101
0.00686481
0.00728946
-0.00411949
-0.00281299
-0.00681588
-0.00548983
-0.00863056
-0.00787118
-0.00852445
-0.0088619
-0.00595663
-0.00756202
-0.000766565
-0.00367077
0.00597864
0.00258626
0.0106906
0.00881961
0.0114858
0.0114787
0.0104993
0.0110914
0.0098194
-0.247569
-0.000311335
-0.167356
-0.073193
0.00606208
-0.377617
0.040719
0.0341572
0.00726548
-0.362928
-0.320256
-0.260581
-0.0279464
-0.198034
-0.0614281
-0.140068
-0.0880145
-0.0927228
-0.104959
-0.0589574
-0.0966304
-0.112237
-0.0413759
-0.0385616
-0.0363694
0.00666692
0.00795795
-0.314564
0.00614375
0.00641779
-0.360376
0.000145751
0.00028217
0.000208287
0.000378607
0.000120105
0.00116524
0.000579843
0.0029544
0.00188106
0.00628397
0.00442864
0.0113022
0.00860679
0.0176174
0.0143589
0.0242399
0.0209641
0.0298999
0.027247
0.0335397
0.031992
0.0345911
0.0343736
0.0329231
0.0340663
0.0286432
0.0310764
0.0218595
0.0255354
0.0125733
0.0175097
0.000678396
0.00693126
-0.0138336
-0.00628601
-0.0306573
-0.0220111
-0.0489141
-0.0397223
-0.0658768
-0.057779
-0.0782473
-0.072658
-0.0845709
-0.082225
-0.0819003
-0.0848181
-0.0709899
-0.0774239
-0.0542469
-0.0625311
-0.0418686
-0.0470266
-0.0371529
-0.0383851
-0.0391551
-0.0388764
-0.0696279
-0.111506
-0.0950176
-0.0833241
-0.0378682
-0.0542748
-0.00492251
-0.0215101
0.0249054
0.0106959
0.0478452
0.0372359
0.0611671
0.0556125
0.0639856
0.0638161
0.0557579
0.0611293
0.0378498
0.0476929
0.0147858
0.0265462
-0.00698093
0.00339782
-0.0219603
-0.015437
-0.0282164
-0.0260382
-0.0274522
-0.0284552
-0.0227547
-0.0253866
-0.0166502
-0.0197548
-0.0106897
-0.0135983
-0.00560258
-0.00802753
-0.00160628
-0.00348035
0.00134315
-2.27624e-05
0.00340509
0.00245934
0.00476284
0.00414402
0.00557698
0.00521281
0.00605901
0.00583491
0.00630811
0.00607681
0.00629509
-0.000125342
-0.00135949
-0.000724545
-0.0029394
-0.00206443
-0.00484658
-0.00389031
-0.00614229
-0.00560399
-0.00606623
-0.00630699
-0.004177
-0.00536613
-0.000158993
-0.00244078
0.00558509
0.00261635
0.0100435
0.0082147
0.0109727
0.0108868
0.00997923
0.010605
0.0090895
-0.244834
0.000328522
0.0059372
-0.153968
-0.0630152
-0.338588
-0.0020532
0.0123313
-0.00454969
-0.343554
-0.317233
-0.266282
-0.0364012
-0.203214
-0.0717504
-0.142268
-0.102075
-0.092349
-0.122272
-0.0563787
-0.131887
-0.03707
-0.131401
-0.0315765
-0.104976
-0.1243
-0.0337307
-0.0380919
-0.040351
-0.0400633
-0.0393317
0.000602787
0.000644006
-0.303312
-0.0817883
-0.0893277
0.000803521
0.000700858
0.00125295
0.000911004
0.0023517
0.00169015
0.00432829
0.00319854
0.00750853
0.00576643
0.0119452
0.00959372
0.0172699
0.0145428
0.0226896
0.0200233
0.0272253
0.0251099
0.0300507
0.0288663
0.0306929
0.0306334
0.0290026
0.0301141
0.0250192
0.0272682
0.0188184
0.0221711
0.0104209
0.014873
-0.000180153
0.00537197
-0.0128674
-0.00629992
-0.0272463
-0.0198963
-0.0424087
-0.0348335
-0.0561478
-0.0495999
-0.066235
-0.0616835
-0.071298
-0.0694361
-0.0693856
-0.0712088
-0.0609718
-0.0658612
-0.0497544
-0.0553862
-0.0407103
-0.0447205
-0.0376517
-0.038443
-0.0381497
-0.0604439
-0.0719325
-0.0336575
-0.047718
-0.00554649
-0.0197342
0.0199811
0.00777162
0.0397255
0.0305761
0.0518714
0.0467332
0.05519
0.0545728
0.0494361
0.0533116
0.0359393
0.0434098
0.0180532
0.0272323
0.000639052
0.00901278
-0.0122346
-0.00647905
-0.0187776
-0.0162254
-0.019757
-0.0197883
-0.0172302
-0.0187727
-0.0131013
-0.0152603
-0.0086798
-0.0108719
-0.00468719
-0.0066113
-0.00142144
-0.00296538
0.0010645
-9.34943e-05
0.00284427
0.00202523
0.00403803
0.00349383
0.00475021
0.0044346
0.00519173
0.00502099
0.00534205
0.00532752
0.00530558
0.00529864
0.00517961
0.00531666
0.000578904
6.79437e-05
0.000376078
-0.000861849
-0.000364125
-0.00201507
-0.00140751
-0.00324759
-0.00263308
-0.00403389
-0.00371995
-0.00385486
-0.00408615
-0.00240492
-0.00330235
0.000644263
-0.00110156
0.00535883
0.0028644
0.00937631
0.00768576
0.0102805
0.0101872
0.00923927
0.00989721
0.00729655
0.00834953
0.00576626
0.00641445
0.00501618
-0.232606
-0.113517
-0.0958129
-0.139777
-0.283302
-0.06229
-0.0240104
-0.0263047
-0.302869
-0.266694
-0.0514295
-0.209132
-0.0863064
-0.144849
-0.119873
-0.0884447
-0.144233
-0.0483697
-0.156213
-0.0284645
-0.156417
-0.022878
-0.148055
-0.0271942
-0.135429
-0.0411075
-0.0349543
0.000693609
0.000537391
0.000585459
0.00408249
-0.12156
-0.0443835
-0.0413171
-0.10174
0.000862132
0.0007553
0.0011886
0.00099641
0.00183607
0.00144787
0.00307847
0.00237688
0.00508757
0.00397606
0.00804685
0.00645288
0.0119429
0.00990263
0.0164319
0.0141486
0.02088
0.0187034
0.0245217
0.0228331
0.0267046
0.0258066
0.0270311
0.0270917
0.0253441
0.0264194
0.0216456
0.0237222
0.0159858
0.0190383
0.00840572
0.0124144
-0.00103473
0.00389266
-0.0121387
-0.00641472
-0.0244715
-0.0181992
-0.0371443
-0.0308528
-0.0484318
-0.0430559
-0.0567242
-0.0529879
-0.0608391
-0.059337
-0.0596551
-0.0608587
-0.0533031
-0.0570667
-0.0453255
-0.0495888
-0.0390624
-0.0420917
-0.035736
-0.0368432
-0.03713
-0.0359218
-0.0387347
-0.0808206
-0.0807769
-0.0815212
-0.0704701
-0.0769305
-0.052242
-0.0621153
-0.0298034
-0.0416582
-0.00586689
-0.0178286
0.015855
0.00542223
0.0329489
0.0250166
0.0438752
0.0391756
0.0474584
0.0465351
0.0435985
0.0463343
0.0334112
0.0391053
0.0194686
0.026667
0.00551486
0.0122669
-0.00552225
-0.000482954
-0.0119246
-0.00927158
-0.0139379
-0.0133615
-0.012908
-0.0136831
-0.0102495
-0.0116939
-0.00704059
-0.00866125
-0.00395011
-0.00545731
-0.0013097
-0.00256878
0.000766256
-0.000206565
0.00228939
0.00158654
0.00333251
0.00285787
0.0039818
0.0036933
0.00436399
0.00420131
0.00450293
0.00445941
0.00446012
0.00444683
0.00436339
0.00446918
0.00423831
0.000232421
0.000424513
-0.00039875
-5.93216e-05
-0.00118464
-0.000774602
-0.00193384
-0.00157491
-0.00228613
-0.00217329
-0.00193904
-0.0022103
-0.000754723
-0.00145705
0.00152376
0.000220354
0.00525778
0.00324055
0.00870235
0.00722613
0.00948465
0.00941614
0.00850889
0.00911924
0.00693738
0.00775629
0.00561213
0.00625847
0.00483944
-0.215396
-0.131359
-0.0752339
0.00323843
-0.104918
-0.308812
-0.0592539
-0.261945
-0.0749063
-0.216665
-0.106891
-0.153939
-0.14258
-0.0902024
-0.171304
-0.0406579
-0.0910683
-0.186558
-0.0140276
-0.105441
-0.1875
-0.00883134
-0.125337
-0.0434659
-0.0489294
-0.177892
-0.0163246
-0.144089
-0.046542
-0.162094
-0.0285884
-0.0466551
0.00336062
-0.0395109
-0.0379555
0.000682382
0.00392863
-0.260002
-0.070653
-0.277273
0.00059683
0.000544681
0.000541924
0.000952264
0.000792349
0.00137453
0.00112324
0.00215167
0.0017216
0.0034379
0.00272892
0.00538571
0.00432749
0.00809245
0.00665239
0.0114872
0.00972818
0.0152743
0.0133611
0.018935
0.0171529
0.0218638
0.0205148
0.0235378
0.0228664
0.0236197
0.0237719
0.0219568
0.0229907
0.0185275
0.020443
0.0133671
0.0161431
0.0065327
0.0101381
-0.0018712
0.0025014
-0.0116042
-0.00660524
-0.0222225
-0.0168469
-0.032898
-0.0276237
-0.0422889
-0.0378199
-0.0491696
-0.0460736
-0.0525943
-0.05133
-0.0518818
-0.0527224
-0.0474194
-0.0499669
-0.0418575
-0.0445817
-0.0368979
-0.0391996
-0.0338674
-0.0350055
-0.035047
-0.0339388
-0.0365451
-0.0681923
-0.0689745
-0.060306
-0.0655793
-0.0449381
-0.0536657
-0.0261527
-0.0361067
-0.00597824
-0.0160097
0.0125192
0.00358667
0.0273298
0.0204394
0.0370794
0.0327763
0.0407624
0.0396426
0.0382896
0.0401908
0.0305853
0.0349369
0.0196711
0.0253399
0.00833478
0.0139094
-0.00101183
0.00334594
-0.00702312
-0.00443053
-0.00959808
-0.0086622
-0.00957986
-0.00982294
-0.00800587
-0.00891482
-0.005745
-0.00691359
-0.00339157
-0.00455497
-0.00128085
-0.00229688
0.000437307
-0.000373423
0.00173144
0.00113152
0.00263622
0.0022244
0.00321518
0.00295798
0.003544
0.00340317
0.00364721
0.00361606
0.00362738
0.00368786
0.00355808
0.00364071
0.00349678
0.000373045
0.000488413
-1.56974e-05
0.000191207
-0.000478333
-0.000238019
-0.000852807
-0.000687935
-0.000856251
-0.000910236
-0.000328452
-0.00065935
0.000705065
0.000128923
0.00238471
0.00143669
0.00522922
0.00366315
0.00803164
0.00681671
0.00865279
0.00861297
0.00786635
0.00834643
0.00666846
0.00729917
0.00538834
0.00604766
0.00465165
-0.199512
-0.134583
-0.0395633
0.0029958
0.00372696
-0.103107
-0.250835
-0.106928
-0.226195
-0.134107
-0.172141
-0.171021
-0.104772
-0.204252
-0.0434739
-0.0718507
-0.0860378
-0.223827
-0.00242917
-0.104269
-0.0417471
-0.0503903
-0.226492
0.0102029
-0.124993
-0.0540781
-0.215353
0.000577357
-0.148222
-0.0533175
-0.194944
-0.0173274
-0.24017
-0.172197
-0.0652873
-0.0594575
-0.0537346
0.000477721
0.000571108
0.000483105
0.000899381
0.000720859
0.00141301
0.00112183
0.00223656
0.00177998
0.00350825
0.0028139
0.00534096
0.00435572
0.00778155
0.00649413
0.0107274
0.00921638
0.013921
0.0123167
0.0169399
0.015478
0.0192956
0.0182191
0.0205636
0.0200726
0.0204565
0.0206774
0.0188314
0.0198209
0.0156541
0.0174199
0.0109521
0.0134751
0.00479386
0.00803478
-0.0026882
0.00119354
-0.0112343
-0.00685924
-0.0204089
-0.0157831
-0.0294695
-0.0250094
-0.0373657
-0.0336111
-0.0431379
-0.040542
-0.0460435
-0.0449545
-0.0456545
-0.0462295
-0.0424631
-0.0442898
-0.0382555
-0.0403659
-0.0343563
-0.0361997
-0.0319423
-0.0329136
-0.0323971
-0.0318635
-0.0331249
-0.0328485
-0.0342141
-0.0335644
-0.0439067
-0.060761
-0.0616262
-0.0575146
-0.0592505
-0.0512958
-0.0550848
-0.0387176
-0.0455681
-0.0228459
-0.0310965
-0.00589571
-0.0143388
0.0098791
0.00222903
0.0227481
0.0167292
0.031386
0.0276768
0.0350008
0.0337834
0.033521
0.0348127
0.027696
0.0310267
0.0191085
0.0235971
0.00988483
0.0145036
0.00192707
0.00567991
-0.00358348
-0.00113866
-0.00641476
-0.005284
-0.00706649
-0.00694624
-0.0062857
-0.0067965
-0.00476107
-0.00557437
-0.00300601
-0.00388766
-0.00134087
-0.00215091
6.76605e-05
-0.000602141
0.00115966
0.000650404
0.00194101
0.00158383
0.00245148
0.00222426
0.00274374
0.00261824
0.00286711
0.0028206
0.00286898
0.00288949
0.00279271
0.00283364
0.00265904
0.00272623
0.000333943
0.000516457
0.000459066
0.000477762
0.000515779
0.000288167
0.000392867
8.20893e-05
0.000183917
1.36025e-05
2.16414e-05
0.00029262
0.000102729
0.000987933
0.000594677
0.00194068
0.00144504
0.00315852
0.00249256
0.0052198
0.00406437
0.00736191
0.00642932
0.00780095
0.00779229
0.00721834
0.0075631
0.00628861
0.00680602
0.00511012
0.00572314
0.00442255
-0.191816
-0.0471214
0.000175883
0.00228426
-0.152526
-0.230257
-0.03495
-0.145582
-0.234271
-0.16676
-0.199585
-0.204064
-0.136081
-0.0465535
-0.0572724
-0.0352956
-0.242999
-0.064857
-0.0786522
-0.0441318
-0.268824
-0.00657746
-0.100863
-0.0534565
-0.274689
0.0246857
-0.122946
-0.0594361
-0.262493
0.0222162
-0.148334
-0.060838
-0.237436
0.000487168
-0.177604
-0.0564967
-0.207702
-0.0379946
-0.0374071
0.000179528
6.59413e-05
-0.0294902
0.000396575
0.000250482
0.00075723
0.000554522
0.00129969
0.000999095
0.00213042
0.0016771
0.00335175
0.00269233
0.00504246
0.00414173
0.00721437
0.00607776
0.00976398
0.00845127
0.0124593
0.0111132
0.0149492
0.0137499
0.0168395
0.015984
0.0177801
0.017434
0.017527
0.0177991
0.0159491
0.0168932
0.0130067
0.0146338
0.00872415
0.011016
0.00317718
0.0060895
-0.00348614
-3.83191e-05
-0.0110024
-0.00716596
-0.0189562
-0.0149602
-0.0266964
-0.0228971
-0.0333898
-0.0302099
-0.0382784
-0.0360785
-0.0407818
-0.039829
-0.0406333
-0.0410054
-0.0383277
-0.0396637
-0.0350598
-0.0367408
-0.0318021
-0.0333671
-0.0298302
-0.0306077
-0.029281
-0.0295154
-0.0286889
-0.0289296
-0.0293176
-0.0288906
-0.048217
-0.0436899
-0.0510224
-0.0507973
-0.0485913
-0.050104
-0.0430791
-0.0464533
-0.0332384
-0.0389029
-0.0198992
-0.026778
-0.00564742
-0.0127746
0.00781104
0.00126486
0.018942
0.0137173
0.0265658
0.0232126
0.0300484
0.0287962
0.0292825
0.0301261
0.0248759
0.0274333
0.0180659
0.0216541
0.0105182
0.0142493
0.00375452
0.00698132
-0.00123148
0.00102793
-0.00413104
-0.00291085
-0.00521484
-0.00485093
-0.00501019
-0.00522663
-0.0040554
-0.00459033
-0.00278473
-0.00343617
-0.00149297
-0.00212912
-0.000350942
-0.000898801
0.000563875
0.000134236
0.00123632
0.000926984
0.0016869
0.00148484
0.00195489
0.00183838
0.00208376
0.00203242
0.0021032
0.00210215
0.002038
0.0020713
0.00191871
0.00195086
0.00210767
0.00156607
0.00176368
0.000224417
0.000275909
0.000190493
0.000494113
0.000394361
0.000541643
0.000535848
0.000505114
0.000525142
0.000505743
0.000496673
0.000684396
0.000565527
0.00119312
0.000892853
0.00203305
0.00158303
0.00294228
0.00249997
0.00379885
0.00335833
0.0051789
0.0043901
0.00667432
0.00602808
0.00691139
0.00694291
0.0064969
0.00673045
0.00579552
0.00620666
0.00477181
0.00531498
0.00345858
0.00413025
0.0027648
-0.197339
-0.02537
2.24258e-05
-0.185724
-0.233813
-0.0449909
4.17478e-05
-0.00017562
0.00202032
0.00146929
-0.201639
-0.230089
-0.02028
-0.0283835
-0.238468
-0.183467
-0.0478534
-0.0236492
-0.0312299
-0.283756
-0.109777
-0.0705595
-0.0434809
-0.319392
-0.0350347
-0.0953747
-0.0549413
-0.332841
0.0186826
-0.119523
-0.064202
-0.321071
0.0394676
-0.146865
-0.0684799
-0.291455
0.022496
-0.179092
-0.0670004
-0.252708
-0.00959677
-0.214821
0.000115297
-0.00978505
-0.0127857
-0.00329667
-7.25028e-05
0.000156034
6.15403e-05
0.000525401
0.000324339
0.00107162
0.000776836
0.00187785
0.00144282
0.0030229
0.00240927
0.00455916
0.0037461
0.00647841
0.00547929
0.00867702
0.00755464
0.0109454
0.00981706
0.0129958
0.0120142
0.0145028
0.0138288
0.0151777
0.0149486
0.0148118
0.015122
0.0132866
0.0141853
0.0105625
0.0120616
0.00666294
0.00874428
0.00166799
0.00428442
-0.00426796
-0.00120402
-0.0108875
-0.00751792
-0.0178029
-0.0143393
-0.0244503
-0.0211952
-0.0301581
-0.0274491
-0.0343219
-0.0324467
-0.0364893
-0.0356531
-0.0365006
-0.0367317
-0.0347939
-0.0357986
-0.0321733
-0.0335481
-0.0294246
-0.0307505
-0.0275648
-0.0283652
-0.0261545
-0.026912
-0.0248375
-0.0255827
-0.0244744
-0.0247066
-0.0207029
-0.0231664
-0.018595
-0.0126889
-0.0173764
-0.0117905
-0.00572293
-0.0288849
-0.0215495
-0.0386223
-0.0343189
-0.0418624
-0.0411397
-0.0408648
-0.0418688
-0.0364249
-0.0392864
-0.0283
-0.0328507
-0.0172224
-0.0229521
-0.00523806
-0.011251
0.00622072
0.000632422
0.0158184
0.0112971
0.0225316
0.0195494
0.0258032
0.0245715
0.0255409
0.0260596
0.022205
0.024175
0.0167906
0.0196645
0.0105694
0.0136878
0.0047947
0.007574
0.000313286
0.00237808
-0.00254377
-0.00129972
-0.00389685
-0.00337278
-0.00410912
-0.00410836
-0.00359552
-0.00391227
-0.00271722
-0.00318048
-0.00173828
-0.0022277
-0.000825217
-0.00126776
-6.50347e-05
-0.000425008
0.000512355
0.000244663
0.000913172
0.000731474
0.00116426
0.00105334
0.0012974
0.00124164
0.00133996
0.00132402
0.00129509
0.00132145
0.00119858
0.00130454
0.00101959
0.00111427
0.000276504
0.000180108
0.000464454
0.000372065
0.000580846
0.00053231
0.000659449
0.000617383
0.000819232
0.000724258
0.00118951
0.000972015
0.00187972
0.00149218
0.00283667
0.00233996
0.00371623
0.00331404
0.00427909
0.0040237
0.00506556
0.00460231
0.00594746
0.00557935
0.00597644
0.00605292
0.00571168
0.0058452
0.00524371
0.0055379
0.00440321
0.0048617
0.00323389
0.00383978
0.00260518
-0.217749
0.0057688
0.00125034
-0.0578449
-0.000452838
-0.000434806
0.000922414
-0.233081
-0.250896
-0.0172849
-0.0388173
8.66084e-07
-0.000215166
0.00568679
-0.00331174
0.0110651
0.0148253
0.0204758
-0.269899
-0.237236
0.0243213
0.007131
0.0187208
-0.0383029
-0.0262706
-0.320717
-0.176745
-0.0614918
-0.0407848
-0.368862
-0.0930787
-0.086798
-0.0543018
-0.395621
-0.0163227
-0.113885
-0.0670201
-0.390689
0.0321006
-0.142851
-0.0751932
-0.358747
0.0403167
-0.176746
-0.0775947
-0.311295
0.0109436
-0.216275
-0.0722225
-0.261829
0.00673947
0.0117979
-0.000274975
-0.000669002
-0.000461744
-9.81107e-05
-0.000190378
0.000231025
5.03445e-05
0.00075347
0.000468967
0.00151161
0.00110254
0.00256385
0.0020018
0.00394223
0.00321599
0.00562458
0.00475282
0.00751151
0.00655377
0.0094153
0.00847416
0.0110966
0.0102966
0.0122853
0.0117615
0.0127424
0.0126087
0.0122885
0.0126269
0.0108188
0.0116731
0.00829706
0.0096782
0.00474695
0.00663661
0.000250315
0.00260034
-0.00503855
-0.00231491
-0.0108742
-0.00791104
-0.0169005
-0.0138904
-0.0226325
-0.0198315
-0.0275215
-0.0252037
-0.03108
-0.0294771
-0.032954
-0.0322235
-0.0330524
-0.0331961
-0.0317271
-0.0325209
-0.0295448
-0.0307034
-0.0271602
-0.028326
-0.0252137
-0.0261378
-0.0233556
-0.0243091
-0.0215867
-0.0224375
-0.0197476
-0.0208057
-0.0149464
-0.0179031
-0.00637478
-0.0114417
-4.4687e-05
-0.0063881
0.00224774
-0.0207804
-0.0140928
-0.0298893
-0.0264248
-0.0342226
-0.0327801
-0.0338296
-0.0345349
-0.0306253
-0.032825
-0.023908
-0.0275993
-0.0147914
-0.0195386
-0.00472711
-0.00979163
0.00500744
0.000247251
0.0132651
0.00936148
0.0191591
0.0165197
0.0221843
0.0210104
0.0222541
0.0225437
0.0197257
0.0212473
0.0153837
0.0177019
0.0102282
0.012836
0.00527991
0.00768242
0.00126158
0.00313839
-0.00149304
-0.000263644
-0.00300688
-0.00237964
-0.00352131
-0.00335977
-0.0033512
-0.00349596
-0.00279246
-0.00310108
-0.00207671
-0.00244185
-0.00136079
-0.00171226
-0.000735315
-0.00103454
-0.000239913
-0.000471941
0.000120556
-4.49996e-05
0.000361521
0.000253093
0.00050571
0.000442665
0.000574545
0.000546157
0.00057781
0.000581211
0.000515603
0.000553062
0.000415968
0.00048966
0.000867477
0.000313644
0.000358613
0.000238842
0.000113966
0.000451273
0.000353875
0.000602011
0.000529095
0.000766149
0.000676845
0.00104646
0.000886558
0.0015609
0.0012692
0.0023889
0.00193524
0.00343243
0.00290204
0.00427815
0.00391399
0.00458524
0.00448993
0.00484738
0.00467451
0.0051655
0.00505505
0.00501136
0.00512227
0.00490983
0.00493769
0.00468881
0.00485842
0.00403945
0.00441418
0.00303562
0.00356023
0.00195463
0.00249477
0.00140752
-0.252241
-0.00577216
-0.0277058
-0.000621102
0.00466337
0.0297132
-0.292558
-0.280061
0.013768
0.00115874
-0.0267514
-0.0197879
0.011607
0.0186652
0.000806047
0.000276178
-0.348032
-0.252834
-0.0507739
-0.0359373
-0.0566063
-0.408638
-0.177216
-0.0774796
-0.0520428
-0.453152
-0.0848201
-0.105573
-0.0679311
-0.464323
-0.0077508
-0.136206
-0.0805815
-0.437885
0.0342124
-0.171251
-0.0875528
-0.384347
0.0268088
-0.212779
-0.0870801
-0.320831
-0.0114247
-0.262809
0.00744613
0.0302666
0.0258563
0.0211548
-0.000775369
-0.00076088
-0.00103768
-0.00091004
-0.000664561
-0.00074717
-0.000429334
-0.000531202
-0.000120705
-0.000295673
0.000358988
9.46751e-05
0.00105493
0.000678944
0.00200631
0.00149944
0.0032292
0.00258728
0.00469232
0.00393734
0.00630125
0.00548797
0.00789162
0.00710989
0.00925979
0.00861341
0.0101821
0.00978397
0.0104575
0.0104032
0.00993411
0.0102934
0.00852068
0.00933209
0.0061861
0.00745862
0.00295491
0.00466999
-0.00109124
0.00101851
-0.00580249
-0.00338168
-0.0109486
-0.00834173
-0.0162071
-0.0135869
-0.0211612
-0.018745
-0.0253586
-0.0233713
-0.0284015
-0.0270316
-0.0300113
-0.0293802
-0.0301375
-0.0302355
-0.029044
-0.0297082
-0.0271491
-0.0281622
-0.0249793
-0.0260635
-0.0228856
-0.0239305
-0.0206952
-0.021802
-0.01845
-0.0195784
-0.0150919
-0.017076
-0.0100616
-0.0129948
-0.00105934
-0.00610266
0.00486599
0.0130104
0.0185303
0.0385866
0.0345138
0.0157499
0.0343956
0.0251633
-0.000954035
0.00694648
-0.0137448
-0.00781574
-0.0227626
-0.018807
-0.0273598
-0.0255675
-0.0279033
-0.0280269
-0.0254566
-0.027058
-0.0200614
-0.0230429
-0.0125862
-0.0165022
-0.00415685
-0.00841222
0.00409508
4.89015e-05
0.0111831
0.00782115
0.0163358
0.0140127
0.0191006
0.0180021
0.019382
0.0195157
0.0174572
0.0186401
0.0139418
0.0158369
0.00964009
0.0118304
0.00537728
0.00746399
0.00177151
0.0034754
-0.00085386
0.000340496
-0.00245874
-0.00176605
-0.00319443
-0.00291249
-0.00329516
-0.00330265
-0.00299976
-0.00317987
-0.00250763
-0.00276653
-0.00196264
-0.00223485
-0.00145467
-0.00170095
-0.00102928
-0.00123121
-0.000700024
-0.000853779
-0.000460906
-0.000571104
-0.000297258
-0.000371736
-0.000194402
-0.000240154
-0.000143718
-0.000163506
-0.000129573
-0.000136703
-0.000172963
-0.000117959
-0.000230826
-0.000205862
-0.000149435
-0.000415933
0.000173634
1.49285e-05
0.000414524
0.000305587
0.000601942
0.000507895
0.000831893
0.000706212
0.00120311
0.000994525
0.00182443
0.00147791
0.00275271
0.00225149
0.00385221
0.00330232
0.00464815
0.00432738
0.00471551
0.0047668
0.0045086
0.00459514
0.00433033
0.00444426
0.00404739
0.00416854
0.00413228
0.00404714
0.00415223
0.00420297
0.00369221
0.00397883
0.00284955
0.00329523
0.00186165
0.00236771
0.00134716
-0.29853
-0.0129095
-0.00347219
-0.0120018
0.038714
0.0417707
0.0422773
-0.000261516
-0.360871
-0.316976
-0.00702049
-0.0378834
-0.02956
-0.0514645
-0.000815482
-0.00105252
0.0152904
0.0216899
-0.431635
-0.272841
-0.0659252
-0.000293441
0.0149913
-0.0476359
-0.0762792
0.0060412
-0.494423
-0.182243
-0.0957842
-0.0662271
-0.52748
-0.0824611
-0.127662
-0.0838927
-0.518257
-0.00872311
-0.163536
-0.0960276
-0.469211
0.0239304
-0.205546
-0.101336
-0.396512
-0.000935395
-0.25723
-0.321906
0.0347689
-0.00110783
-0.00131278
-0.00122799
-0.00102279
-0.00106302
-0.000821815
-0.000931595
-0.000535087
-0.000694647
-0.000100072
-0.000338534
0.000526926
0.000188911
0.00137479
0.000924441
0.00244799
0.00188665
0.00370975
0.00306125
0.00507073
0.00438593
0.00638922
0.00574438
0.00748912
0.00697455
0.00818395
0.00789281
0.00830551
0.00831823
0.00772601
0.00810121
0.00636798
0.00713849
0.00420606
0.00537868
0.0012661
0.00282197
-0.00237191
-0.000479427
-0.00656535
-0.00441534
-0.0111012
-0.00880864
-0.01569
-0.0134087
-0.019974
-0.0178887
-0.0235769
-0.0218738
-0.0261713
-0.0250053
-0.0275364
-0.0270016
-0.0276424
-0.0277268
-0.026681
-0.0272683
-0.0249693
-0.0258895
-0.0229054
-0.0239587
-0.020678
-0.0218143
-0.0182362
-0.0194805
-0.015461
-0.01692
-0.0114197
-0.0136296
-0.00587808
-0.00883402
0.00320101
-0.00173736
0.00904723
0.0223968
0.026763
0.0483438
0.0450664
0.0512049
0.0376179
0.0465536
0.0199032
0.0287093
0.00435794
0.0117077
-0.00782471
-0.00198716
-0.0165314
-0.0126112
-0.0213583
-0.0193841
-0.0225977
-0.0223503
-0.0209207
-0.0220688
-0.0166882
-0.0190623
-0.0105846
-0.0138001
-0.00355435
-0.0071164
0.00342094
-8.85767e-06
0.0094872
0.00660062
0.0139718
0.0119385
0.0164687
0.0154581
0.0168752
0.0169038
0.0153998
0.0163282
0.0125266
0.014087
0.00890663
0.010762
0.0052086
0.00703255
0.00196169
0.00351191
-0.000528749
0.000622116
-0.00218252
-0.00144815
-0.00308433
-0.00270996
-0.00340355
-0.00329906
-0.00332944
-0.00340073
-0.00303045
-0.00319711
-0.00263545
-0.00283797
-0.00223052
-0.00243054
-0.00186428
-0.00204128
-0.001557
-0.00170352
-0.00131072
-0.00142728
-0.0011187
-0.0012092
-0.000972844
-0.00104115
-0.000867635
-0.000915937
-0.000795295
-0.000828375
-0.000746323
-0.000769398
-0.000772941
-0.000760617
-0.000268689
-0.000769554
-0.000779711
-0.000277472
-0.000541914
8.72803e-05
-8.39053e-05
0.000353304
0.000230775
0.000578104
0.00046408
0.000859921
0.000706205
0.00130004
0.00105464
0.00200119
0.00161401
0.00300026
0.00246651
0.00412611
0.00357165
0.0048461
0.00458051
0.0046716
0.00486545
0.00404125
0.00435857
0.00345086
0.00374429
0.00311215
0.00321188
0.0034002
0.00320102
0.00363932
0.0035839
0.00334897
0.00355673
0.00264255
0.00302619
0.00174935
0.00221114
0.000740384
0.00125407
0.000231701
-0.352766
-0.0228987
-0.0123356
-0.0216121
-0.041943
-0.00137794
0.0357041
0.0517777
0.0541902
0.0285686
-0.43319
-0.356456
-0.0168873
-0.0516038
-0.0409639
-0.000790632
-0.00100978
-0.000276732
-0.000749366
-0.078442
0.0181442
0.0244162
0.0165002
-0.512201
-0.2935
-0.00924663
-0.0834372
0.0303227
-0.0618837
-0.0017732
-0.568233
-0.189789
-0.11683
0.0492352
-0.0835059
-0.583272
-0.0871819
-0.153403
-0.102048
-0.0967522
-0.55163
-0.0221889
-0.195351
-0.113917
-0.482538
-0.00123892
-0.246881
-0.393912
-0.0376235
-0.313183
0.0369827
-0.00162806
-0.00166074
-0.00150995
-0.00157981
-0.0014104
-0.00145828
-0.00125429
-0.00134309
-0.000999082
-0.00113926
-0.000612208
-0.000822995
-5.70155e-05
-0.000355519
0.000687958
0.000293323
0.00161911
0.00113366
0.00269647
0.00214487
0.00383662
0.00326562
0.00491533
0.00439109
0.00578193
0.00538164
0.0062798
0.00608125
0.00626887
0.00633911
0.0056428
0.00603054
0.00433762
0.00506983
0.00233449
0.00341537
-0.000339206
0.00107123
-0.00360619
-0.00191093
-0.00733279
-0.00542641
-0.0113242
-0.00931132
-0.0153227
-0.0133393
-0.0190212
-0.0172246
-0.0221043
-0.0206501
-0.0243011
-0.0233171
-0.0254343
-0.0249948
-0.0254822
-0.0255777
-0.0245824
-0.0251294
-0.0229764
-0.0238437
-0.0209475
-0.0219993
-0.0186054
-0.0198139
-0.01593
-0.0173089
-0.0126901
-0.0144127
-0.0082226
-0.0106149
-0.00224728
-0.00545642
0.00669774
0.00185292
0.0121221
0.0394739
0.044214
0.0422212
0.0326255
0.0360895
0.0585027
0.0562974
0.0602134
0.0399118
0.0486956
0.0235176
0.0316831
0.00898219
0.0156868
-0.00280811
0.00268379
-0.0111692
-0.00736134
-0.01616
-0.0140516
-0.0179274
-0.0173882
-0.0169635
-0.0177262
-0.0137181
-0.015574
-0.0087749
-0.0113965
-0.00294399
-0.00591077
0.00293019
3.31373e-05
0.00810412
0.00563433
0.0119894
0.0102191
0.0142206
0.0133044
0.014689
0.0146515
0.0135468
0.014283
0.0111753
0.0124726
0.00809788
0.00968475
0.0048626
0.00646963
0.00192156
0.00333892
-0.000441577
0.00066518
-0.00212179
-0.00135935
-0.00315433
-0.00270588
-0.00365615
-0.00345722
-0.00377337
-0.00374999
-0.0036451
-0.00372993
-0.003384
-0.00352429
-0.00307013
-0.00322956
-0.00275306
-0.00291002
-0.0024583
-0.00260234
-0.00219521
-0.00232305
-0.00196491
-0.00207654
-0.00176623
-0.00186226
-0.00159837
-0.0016792
-0.00145947
-0.00152642
-0.00137577
-0.00140562
-0.00131323
-0.00131627
-0.00125579
-0.00128567
-0.000341221
-0.000563093
1.00144e-05
-0.000157343
0.000283271
0.000154955
0.000535031
0.000405889
0.000855806
0.00068115
0.00134724
0.00107447
0.00210642
0.00169
0.00315181
0.00259813
0.00427624
0.00373182
0.00489029
0.00469413
0.00446489
0.00480081
0.00345694
0.00397459
0.0025519
0.00297258
0.00223253
0.00228131
0.00272565
0.00241946
0.00315385
0.00300763
0.00301071
0.00315012
0.00241801
0.00275039
0.00161069
0.0020307
0.000682248
0.00115462
0.000205031
0.0452669
0.0367786
-0.409882
-0.0345341
-0.022409
-0.0322842
-0.00125887
-0.00121947
-0.0780165
0.0204039
0.0265767
0.0667108
0.0655364
0.0517498
0.0529969
0.027688
-0.502519
-0.393775
-0.0288479
-0.0678909
0.0244781
-0.0546752
0.0091453
-0.580473
-0.310963
-0.0211153
-0.103367
0.0459891
-0.0795483
-0.011183
-0.621111
-0.197481
-0.141261
-0.104238
-0.106305
-0.613458
-0.101152
-0.183419
-0.12386
-0.116556
-0.560849
-0.0487631
-0.233795
-0.475445
-0.0423655
-0.297922
-0.37985
-0.00180354
-0.00165095
-0.00172495
-0.00197862
-0.00191372
-0.00193799
-0.00196804
-0.00184533
-0.00188862
-0.00171904
-0.00178777
-0.00150354
-0.00162198
-0.0011684
-0.00135079
-0.000685653
-0.000944895
-4.06192e-05
-0.000381659
0.000757138
0.000342436
0.0016659
0.00120243
0.002608
0.00213866
0.00347391
0.00305654
0.00413461
0.00383503
0.00445888
0.00434192
0.00433105
0.00445196
0.00366436
0.00406275
0.00240802
0.00310498
0.00055025
0.00154711
-0.00187975
-0.000602448
-0.00480803
-0.0032927
-0.00811086
-0.00642535
-0.011612
-0.00985052
-0.015084
-0.0133658
-0.0182633
-0.0167227
-0.0208847
-0.019652
-0.0227227
-0.021904
-0.0236334
-0.0232884
-0.0235962
-0.0237201
-0.0227089
-0.0232413
-0.0211528
-0.0219955
-0.0191198
-0.0201844
-0.0166791
-0.0179466
-0.0137951
-0.0152962
-0.0102007
-0.0121067
-0.00551403
-0.00799284
0.00086381
-0.00256232
0.00943446
0.00486354
0.0146263
0.0480129
0.0499457
0.0425049
0.0454211
0.0688377
0.0678239
0.0700072
0.0695189
0.0698505
0.0419746
0.0506766
0.0264333
0.0340446
0.0126456
0.0192754
0.00151511
0.0067512
-0.00658232
-0.00287769
-0.0116672
-0.00946775
-0.0138495
-0.013072
-0.0135129
-0.013941
-0.0111039
-0.0125188
-0.00714988
-0.00926511
-0.00234715
-0.00480267
0.00257679
0.000140269
0.00697258
0.00486752
0.0103231
0.00878965
0.0122983
0.0114779
0.0127846
0.0127087
0.0118886
0.0124798
0.00990773
0.0109989
0.00726282
0.00863456
0.00440442
0.00583379
0.00171891
0.00302436
-0.000532968
0.000534238
-0.00223143
-0.00144708
-0.00337462
-0.00286289
-0.00403653
-0.00375435
-0.00432536
-0.00421675
-0.00435236
-0.00436265
-0.00421323
-0.00429698
-0.00398045
-0.00410419
-0.00370307
-0.00384478
-0.00341089
-0.00355754
-0.00312034
-0.00326491
-0.00284077
-0.00297909
-0.00257879
-0.00270771
-0.00234034
-0.00245685
-0.00213161
-0.00223267
-0.00196431
-0.00204345
-0.00185164
-0.00189145
-0.00174191
-0.00177829
-0.00117537
-0.00163011
-0.00169126
-0.00122899
-0.000767633
-0.000987629
-0.000363378
-0.000552159
-5.21067e-05
-0.000204932
0.000214516
8.65137e-05
0.000479688
0.000342055
0.00082693
0.000637561
0.0013561
0.00106307
0.00215727
0.00171999
0.00322943
0.00266636
0.00432394
0.00380541
0.00479593
0.00468673
0.00410507
0.00458498
0.00276877
0.00345287
0.00165676
0.00214776
0.00142854
0.00140127
0.00211899
0.00171679
0.00270347
0.00248268
0.00268395
0.00276543
0.00218964
0.00247682
0.00146465
0.00184395
0.000620547
0.00105312
-0.000279306
0.000171542
-0.000725199
-0.0823503
-0.00154466
0.0309801
-0.00211183
0.0329783
-0.00214499
0.0641303
-0.0155409
0.0380636
0.0396384
0.00870686
0.0457258
0.0467561
0.0385449
-0.463922
-0.0491153
0.0168111
-0.0353694
-0.0457609
0.0199505
-0.560729
-0.423261
-0.0438288
-0.0866445
0.0420956
-0.0721707
0.0791756
0.0791483
-0.00113874
-0.00155901
0.00109628
-0.627271
-0.323177
-0.0385317
-0.126333
0.0623576
-0.101287
-0.11615
-0.0232982
-0.646449
-0.208175
-0.169565
-0.129145
-0.134472
-0.616426
-0.123174
0.00336485
-0.024454
-0.218361
-0.133488
-0.54666
-0.0872631
-0.278899
-0.45234
-0.0951277
-0.357222
-0.00200356
-0.00231303
-0.00244099
-0.00244087
-0.00235354
-0.00228479
-0.00237759
-0.00236379
-0.00231309
-0.002339
-0.00221677
-0.00226812
-0.00204343
-0.00213927
-0.00176235
-0.00191593
-0.00135115
-0.00157221
-0.000801549
-0.00109186
-0.000127904
-0.000477197
0.000626991
0.000243589
0.00139065
0.00101263
0.00206599
0.00174419
0.00254254
0.00233294
0.00271092
0.00266725
0.00247709
0.002644
0.0017725
0.00218101
0.000559464
0.00122474
-0.0011662
-0.000245989
-0.00337308
-0.00221788
-0.00599076
-0.0046405
-0.00890596
-0.00742237
-0.011961
-0.010428
-0.0149571
-0.0134783
-0.0176689
-0.0163587
-0.0198733
-0.018841
-0.0213822
-0.0207161
-0.0220772
-0.0218264
-0.0219367
-0.0221006
-0.021029
-0.0215643
-0.0194857
-0.020322
-0.0174332
-0.018514
-0.0149119
-0.0162272
-0.0118625
-0.0134581
-0.00804194
-0.0100587
-0.00317431
-0.00574594
0.00337615
-0.000143364
0.0117124
0.00723848
0.022133
0.0167147
0.0343457
0.0280425
0.0475919
0.0409771
0.0544132
0.0611037
0.0595021
0.060425
0.0567682
0.0581187
0.0521356
0.0549806
0.0793178
0.079255
0.0796021
0.0795005
0.0809167
0.0796701
0.0814684
0.0605006
0.0752793
0.0685615
0.0431944
0.0512883
0.0286875
0.0358697
0.0157677
0.0220216
0.00517903
0.0101707
-0.00267271
0.000939642
-0.007801
-0.00554438
-0.0103101
-0.00934018
-0.0105087
-0.0106491
-0.00881205
-0.0098511
-0.00570276
-0.0073855
-0.00178117
-0.00379787
0.00232328
0.000284552
0.00604178
0.00425515
0.00891784
0.00759605
0.0106519
0.00992487
0.0111272
0.011032
0.0104121
0.0108943
0.00873596
0.00966518
0.00643572
0.00763529
0.00388201
0.00516723
0.00140511
0.00261898
-0.000756912
0.000278752
-0.00247598
-0.00167028
-0.00372173
-0.00315158
-0.00453211
-0.00417267
-0.00498128
-0.004793
-0.00515382
-0.00509437
-0.00512795
-0.00515956
-0.0049675
-0.0050601
-0.00472017
-0.00485167
-0.0044197
-0.00457463
-0.00408983
-0.00425722
-0.00374877
-0.00391993
-0.00341212
-0.00357949
-0.00309362
-0.00325035
-0.00280633
-0.002946
-0.00256306
-0.00267924
-0.00237206
-0.00246161
-0.00222977
-0.00228735
-0.0020799
-0.00213818
-0.00122915
-0.000766235
-0.000994599
-0.000379176
-0.00055357
-0.0001021
-0.000238347
0.00015002
2.64361e-05
0.000418282
0.00027749
0.000781114
0.000582528
0.00133535
0.00102879
0.00216287
0.001713
0.00324227
0.00268031
0.00427934
0.00380172
0.00457699
0.00456971
0.00361695
0.00423672
0.00201525
0.0028252
0.000806087
0.00131222
0.000726072
0.000606038
0.0015931
0.00111007
0.00229711
0.00201955
0.0023765
0.00241039
0.00196953
0.00221538
0.00131893
0.00166194
0.00055178
0.00094631
-0.000283019
0.000137032
-0.000706593
0.0447963
0.0305151
-0.508216
-0.0664787
-0.00142661
0.0330174
0.0375236
-0.0505461
-0.0620043
0.0792664
-0.00198687
0.0135982
-0.599151
-0.441771
-0.0628272
-0.108086
0.060333
-0.0933796
-0.129915
-0.00919992
0.0514636
-0.647923
-0.329578
-0.152972
0.0258197
-0.127926
0.0689381
0.0619967
0.0688338
-0.0375235
-0.148956
-0.6429
-0.22218
-0.0586173
-0.0130181
-0.2018
-0.153356
-0.158378
-0.594574
-0.15457
-0.258454
-0.514394
-0.137489
-0.329906
-0.419222
0.080168
-0.00270759
-0.00270433
-0.00272748
-0.0027597
-0.00271551
-0.0028208
-0.00278541
-0.0028055
-0.00281332
-0.00274521
-0.00277875
-0.00261598
-0.00268893
-0.00238985
-0.00251481
-0.00204833
-0.00223274
-0.00158867
-0.00183164
-0.00102942
-0.00131882
-0.000414362
-0.000725336
0.000188235
-0.000107597
0.00069176
0.000455958
0.00100156
0.000873353
0.00102731
0.0010507
0.000694489
0.000904464
-4.81903e-05
0.000371141
-0.00122515
-0.000587402
-0.00283227
-0.00198148
-0.00483524
-0.00379212
-0.00716702
-0.00596905
-0.00972483
-0.00842759
-0.0123695
-0.0110467
-0.0149292
-0.01367
-0.0172131
-0.0161139
-0.0190343
-0.0181866
-0.0202363
-0.0197134
-0.0207207
-0.0205637
-0.0204643
-0.0206761
-0.0195131
-0.0200637
-0.0179584
-0.0187994
-0.0158799
-0.0169768
-0.0132942
-0.0146471
-0.0101238
-0.0117859
-0.00616396
-0.008248
-0.00115001
-0.00380096
0.00538406
0.00192601
0.0135081
0.00930889
0.0235365
0.0183448
0.0354971
0.0292624
0.0485692
0.0420192
0.0551295
0.0684226
0.0688544
0.0672005
0.0678972
0.0656591
0.0664783
0.0622664
0.0646208
0.0653481
0.0623185
0.0913254
0.0941919
0.0926066
0.0897373
0.0904145
0.0888867
0.0892166
0.089194
0.08892
0.0756008
0.0867572
0.0884944
0.0606663
0.0685587
0.0443118
0.0522999
0.0305424
0.0373167
0.0183876
0.0242953
0.00826473
0.0130503
0.000645591
0.00416847
-0.00449069
-0.00220062
-0.00725398
-0.00613065
-0.00790371
-0.00779882
-0.00681497
-0.00753343
-0.00442643
-0.00573993
-0.00125944
-0.00289978
0.0021389
0.000443415
0.00526931
0.00375979
0.0077271
0.00659287
0.00923909
0.00860012
0.00968593
0.00958394
0.00910404
0.00950381
0.00766641
0.00846797
0.00564056
0.00670257
0.00333064
0.00450036
0.00101877
0.00216055
-0.00107842
-6.38925e-05
-0.00282844
-0.00199774
-0.00417807
-0.00354974
-0.0051339
-0.00469922
-0.0057387
-0.00547343
-0.00605111
-0.00592508
-0.00613157
-0.0061149
-0.00603475
-0.006101
-0.00580682
-0.00593388
-0.00548579
-0.00565551
-0.00510329
-0.00530043
-0.00468746
-0.00489821
-0.00426383
-0.00447574
-0.00385448
-0.0040571
-0.00347949
-0.00366242
-0.00315825
-0.00331228
-0.00289923
-0.003022
-0.00269988
-0.00279432
-0.0025097
-0.00259164
-0.00191892
-0.00233619
-0.00241923
-0.00123831
-0.000767236
-0.000995277
-0.000411541
-0.000569997
-0.000149943
-0.000278107
8.8715e-05
-2.93631e-05
0.000354193
0.000213534
0.000724966
0.000521094
0.00129547
0.000979984
0.00213893
0.0016821
0.00320887
0.00265771
0.00415886
0.00373868
0.00424778
0.00435807
0.00302009
0.00377209
0.00122559
0.00211581
2.80897e-05
0.00049729
0.000139437
-8.35452e-05
0.00115165
0.000607382
0.00193741
0.00162061
0.00209161
0.00208793
0.00176102
0.00196968
0.00117751
0.00148839
0.000475778
0.000836811
-0.000292731
9.7168e-05
-0.00109807
-0.000696714
-0.00150487
0.0265555
-0.537328
-0.0870092
-0.00145153
0.0550883
0.0580979
-0.0692973
-0.0819469
-0.153482
0.0056197
-0.615176
-0.443905
-0.0845385
-0.13245
0.0502149
-0.119881
0.0759041
0.0753037
0.0615804
0.0672234
0.0767707
0.0853532
-0.0221232
-0.158607
-0.64052
-0.334392
-0.0461199
-0.0772236
-0.183241
-0.178376
-0.00275167
-0.00264834
-0.00308152
0.0793947
-0.00289279
0.0961342
-0.0548361
0.0558734
0.0540477
0.0668923
-0.178489
-0.614054
-0.240671
-0.238261
-0.187182
-0.551432
-0.19644
-0.302242
-0.469873
-0.192575
-0.382079
-0.00311754
-0.00299583
-0.00320849
-0.00313895
-0.0032909
-0.00323322
-0.0033184
-0.00330296
-0.00330056
-0.00331267
-0.00321835
-0.00326741
-0.00304751
-0.00314413
-0.0027735
-0.00292305
-0.00239769
-0.0025971
-0.0019428
-0.00217809
-0.00145391
-0.00169996
-0.000996282
-0.00121848
-0.000648071
-0.000806364
-0.000490591
-0.000544583
-0.000597446
-0.000511759
-0.00102536
-0.000773903
-0.00180896
-0.00137703
-0.00295898
-0.00234392
-0.00446199
-0.00367327
-0.0062798
-0.00533935
-0.008348
-0.00729115
-0.010574
-0.00945031
-0.0128368
-0.01171
-0.0149906
-0.0139359
-0.0168763
-0.0159738
-0.0183391
-0.0176646
-0.0192504
-0.018864
-0.0195281
-0.0194645
-0.0191483
-0.0194128
-0.0181393
-0.0187126
-0.0165601
-0.0174115
-0.0144571
-0.0155673
-0.0118262
-0.0132047
-0.00858118
-0.0102825
-0.00454678
-0.00666635
0.000532306
-0.00214723
0.00697296
0.00358834
0.0149522
0.0107825
0.0246971
0.0195735
0.0361645
0.0301942
0.0488705
0.0424533
0.0555012
0.0754848
0.0758621
0.0749197
0.075197
0.0745596
0.0746724
0.0746724
0.0742125
0.0772238
0.0761915
0.103181
0.108585
0.105593
0.0996518
0.101294
0.0976563
0.0984832
0.0966321
0.0971009
0.094764
0.0956617
0.0610764
0.0688162
0.0455344
0.0531608
0.0320459
0.0386219
0.0205092
0.0261123
0.0108243
0.0154167
0.00343512
0.00686655
-0.00167873
0.000625604
-0.0046355
-0.0033914
-0.00566132
-0.00534967
-0.005089
-0.00553484
-0.00331423
-0.00431285
-0.000792996
-0.00211081
0.00199805
0.000598094
0.00461989
0.00335032
0.00671219
0.00574234
0.00802432
0.00746565
0.00843444
0.00833286
0.00795181
0.00828835
0.00670189
0.00740222
0.00489382
0.00584632
0.00277565
0.00385461
0.000587984
0.00167631
-0.00147216
-0.00046663
-0.0032696
-0.00240712
-0.00473147
-0.0040419
-0.00583579
-0.00532525
-0.00659547
-0.00625443
-0.00704379
-0.006854
-0.00722349
-0.00716293
-0.00718022
-0.00722597
-0.00695913
-0.00708873
-0.00660341
-0.00679552
-0.00615364
-0.00638824
-0.00564908
-0.0059065
-0.00512641
-0.005389
-0.00461495
-0.00486897
-0.00414474
-0.00437403
-0.00374135
-0.00393532
-0.00341595
-0.00357018
-0.00316266
-0.00328389
-0.00295282
-0.0030536
-0.00285771
-0.00124042
-0.000768056
-0.00098473
-0.000444265
-0.000591319
-0.000196716
-0.000317322
2.95064e-05
-8.31074e-05
0.000289265
0.000150591
0.000661967
0.00045617
0.00123943
0.000920167
0.00208521
0.00162879
0.00312615
0.00259648
0.00396268
0.00361336
0.00382501
0.00405857
0.00235816
0.00322075
0.000460026
0.00137977
-0.000631342
-0.000239943
-0.000315915
-0.000637251
0.000797653
0.00021658
0.0016276
0.00128849
0.00183347
0.00180202
0.00156676
0.00174324
0.00104474
0.00132602
0.000400514
0.000732511
-0.000306791
5.31238e-05
-0.00106123
-0.000680811
-0.00185464
-0.00145244
-0.00226027
0.0216331
-0.551875
-0.108609
-0.0777627
-0.00152018
0.0118486
-0.00794214
0.0794713
0.0794745
0.11228
-0.00188796
0.0420663
-0.00222103
0.0982848
-0.107786
-0.0933769
-0.11497
-0.00328495
0.0617949
0.0734691
0.116583
0.0941294
-0.0031898
-0.00442416
0.0364499
-0.16048
-0.605266
-0.443993
-0.104403
-0.160987
0.100537
0.0789143
-0.213272
-0.00258934
-0.0029832
-0.0367582
0.0730527
0.0529738
-0.19197
-0.609572
-0.337379
-0.105079
-0.217397
-0.0767273
-0.213946
-0.565937
-0.265038
-0.27635
-0.140421
-0.125002
-0.223577
-0.00184241
-0.00204579
0.0918994
0.0953224
-0.496854
-0.241848
-0.344498
0.0296752
-0.0357631
-0.420386
-0.00352627
-0.00335097
-0.00367006
-0.0035784
-0.00377193
-0.00370866
-0.00384352
-0.00380812
-0.00387522
-0.00386435
-0.0038436
-0.00386845
-0.00372997
-0.0037984
-0.00352146
-0.00363841
-0.00322359
-0.00338366
-0.00286298
-0.00305043
-0.00248677
-0.00267581
-0.00215848
-0.00231583
-0.00195007
-0.00203932
-0.00193194
-0.00191865
-0.00216318
-0.00201956
-0.00268422
-0.00239244
-0.00351349
-0.00306684
-0.00464751
-0.00405009
-0.00606227
-0.00532828
-0.00771423
-0.00686755
-0.0095404
-0.00861474
-0.0114575
-0.0104967
-0.0133621
-0.0124202
-0.0151337
-0.0142723
-0.0166429
-0.0159271
-0.0177652
-0.0172558
-0.0183969
-0.0181425
-0.0184708
-0.0185001
-0.0179629
-0.0182832
-0.0168876
-0.017488
-0.0152791
-0.0161421
-0.0131582
-0.0142767
-0.0105039
-0.0118948
-0.00722753
-0.00894387
-0.00317181
-0.00529949
0.00189442
-0.000769762
0.00821941
0.00490208
0.0159959
0.0119365
0.025431
0.0205085
0.0365578
0.0308146
0.0487326
0.0427049
0.055104
0.0826069
0.0811338
0.0822947
0.0824181
0.0825653
0.0824629
0.0823452
0.0832197
0.0827433
0.0854818
0.084007
0.0899046
0.0875154
0.0921132
0.121954
0.133184
0.127082
0.114309
0.117716
0.109129
0.111481
0.105934
0.107307
0.104015
0.104868
0.102518
0.103193
0.0933627
0.10157
0.102047
0.0766914
0.0850913
0.0608321
0.0685504
0.0461413
0.0533941
0.0331273
0.0394777
0.0221213
0.0274515
0.0128864
0.017278
0.00574001
0.00907246
0.000679627
0.00298015
-0.00241707
-0.00108081
-0.00375055
-0.00326734
-0.00361377
-0.0038286
-0.00236077
-0.00309101
-0.000391059
-0.00143295
0.00187962
0.000733103
0.00406449
0.00300116
0.00584121
0.00501331
0.00697812
0.00649009
0.00735061
0.00725226
0.00694404
0.00723066
0.00584286
0.00646221
0.00420626
0.00507212
0.0022343
0.00324411
0.000131826
0.0011845
-0.00192111
-0.00091158
-0.00378659
-0.00288395
-0.00537329
-0.00461808
-0.00663186
-0.00604444
-0.00754632
-0.00713141
-0.00812526
-0.00787614
-0.00839452
-0.00829658
-0.00839188
-0.00842506
-0.00816258
-0.00830347
-0.00775631
-0.00797971
-0.00722398
-0.00750433
-0.00661646
-0.00692815
-0.00598454
-0.00630347
-0.00536067
-0.00567055
-0.00479075
-0.00506881
-0.00430262
-0.00453727
-0.00391222
-0.00409679
-0.00361669
-0.00375559
-0.00339484
-0.00350103
-0.00329933
-0.0012385
-0.00154846
-0.000770615
-0.000981938
-0.00046948
-0.000605607
-0.000237977
-0.000350207
-2.53906e-05
-0.000131931
0.000226539
9.10958e-05
0.000597324
0.000391751
0.0011766
0.000856316
0.00201686
0.00156542
0.00301373
0.00251444
0.00371136
0.00344618
0.00333139
0.00369271
0.00165988
0.00260857
-0.000252869
0.000647301
-0.00116202
-0.000879238
-0.000651208
-0.00105595
0.000519047
-7.78373e-05
0.00136036
0.0010143
0.00159725
0.00154668
0.00138295
0.00153198
0.00091815
0.00117129
0.000328178
0.000633346
-0.000324599
7.70206e-06
-0.00102676
-0.00066989
-0.00178391
-0.00139938
-0.00218307
0.0155129
-0.153254
-0.539658
-0.133379
0.140006
0.121292
0.0750637
0.0774541
-0.254515
-0.00365792
-0.0033658
-0.0155617
0.0314524
-0.198308
-0.576375
-0.433079
-0.131101
-0.193244
0.0926486
0.101066
-0.0561379
0.0804759
0.051138
-0.23219
-0.562147
-0.341708
-0.139791
-0.252559
-0.183197
-0.166008
-0.105602
-0.267359
-0.0023018
-0.00223297
0.108498
-0.00270709
0.0993489
0.120048
-0.00263409
0.126423
0.126149
0.0898458
-0.258791
-0.507271
-0.294633
-0.310521
0.147902
0.15672
0.0888732
0.080219
0.0885598
0.0701281
0.0124206
-0.0746911
-0.438409
-0.297529
-0.372489
0.149674
0.153426
0.102872
-0.00359357
-0.00373028
-0.00370852
-0.00394104
-0.00382951
-0.00411344
-0.00403519
-0.00425301
-0.00418347
-0.00436835
-0.00431499
-0.00445429
-0.00442132
-0.00447757
-0.00447765
-0.00442426
-0.00446645
-0.0042805
-0.00436862
-0.00405554
-0.00418273
-0.00377982
-0.00392828
-0.00350277
-0.00364584
-0.00328793
-0.00339268
-0.00320331
-0.00323584
-0.00331101
-0.00324154
-0.00365808
-0.00346528
-0.00427035
-0.00394391
-0.00515078
-0.0046917
-0.00628121
-0.00570059
-0.00762572
-0.00694311
-0.00913366
-0.00837553
-0.0107415
-0.00994066
-0.0123738
-0.0115688
-0.0139433
-0.0131787
-0.0153535
-0.0146781
-0.016504
-0.0159679
-0.017299
-0.0169489
-0.017659
-0.0175324
-0.0175308
-0.0176512
-0.0168917
-0.0172672
-0.0157457
-0.0163723
-0.0141077
-0.0149783
-0.0119791
-0.0130962
-0.00932488
-0.0107115
-0.00605662
-0.00776388
-0.00202904
-0.00413643
0.00296105
0.000345978
0.00912547
0.00589918
0.0166568
0.0127241
0.025768
0.0210159
0.0366094
0.0309905
0.0488849
0.0427441
0.0626009
0.0553387
0.0713181
0.0892176
0.0892608
0.0891124
0.0890935
0.0896675
0.089257
0.0915137
0.090411
0.0954527
0.093144
0.101497
0.0982531
0.109864
0.104999
0.128113
0.117242
0.138503
0.134025
0.140306
0.124527
0.128779
0.117948
0.120836
0.113701
0.115573
0.111186
0.112278
0.110024
0.110361
0.109542
0.109807
0.0758625
0.0842548
0.0603496
0.0678842
0.046381
0.0532356
0.0338372
0.0399416
0.0233215
0.028409
0.0145255
0.0187227
0.00762312
0.0108564
0.00263603
0.00492316
-0.000558113
0.000850001
-0.00214083
-0.00151348
-0.00237007
-0.00238721
-0.00155982
-0.00206008
-5.97086e-05
-0.000865527
0.00176754
0.000836976
0.00358058
0.00269173
0.00508935
0.00438022
0.00607757
0.00564728
0.00641695
0.00631957
0.00607105
0.00631495
0.00508805
0.00564056
0.00358367
0.00438066
0.00171676
0.00267543
-0.000338031
0.000694534
-0.00241412
-0.00138918
-0.00436917
-0.0034199
-0.00609308
-0.00527082
-0.00750964
-0.00684867
-0.00857499
-0.00809357
-0.00927453
-0.00897657
-0.00961908
-0.00949616
-0.00964046
-0.00967423
-0.00938611
-0.00955104
-0.00891358
-0.00917979
-0.0082844
-0.00862079
-0.00756297
-0.00793686
-0.0068112
-0.00719396
-0.00607173
-0.00644
-0.00540034
-0.00572963
-0.00482835
-0.0051037
-0.00437804
-0.00459006
-0.00405135
-0.00420147
-0.00382738
-0.00392668
-0.00371033
-0.00298158
-0.00207843
-0.00252675
-0.00163008
-0.00183883
-0.0011695
-0.00140986
-0.000760627
-0.000947166
-0.000484552
-0.000611114
-0.000271427
-0.000373941
-7.5044e-05
-0.000174287
0.000166065
3.54404e-05
0.000530132
0.000327454
0.00110297
0.000786248
0.00192348
0.00148511
0.00285611
0.00239748
0.00339825
0.00322367
0.00278935
0.00326565
0.000982925
0.00197647
-0.000848482
-1.51441e-05
-0.00152949
-0.00136803
-0.000866932
-0.00132528
0.000320693
-0.000269434
0.00113958
0.000801978
0.00138638
0.00132553
0.00121393
0.0013399
0.000801762
0.00102832
0.00026548
0.000544055
-0.000335262
-2.89068e-05
-0.000985826
-0.000654154
-0.00169505
-0.00133365
-0.00248774
-0.00208201
-0.0033196
-0.00288857
0.00797043
-0.194802
-0.516104
-0.163729
0.148254
0.126945
0.109381
-0.0309496
0.024009
-0.242924
-0.534724
-0.41789
-0.167301
-0.228068
-0.143171
-0.314667
0.143975
0.171684
0.180916
-0.0818721
0.0523799
-0.28323
-0.506007
-0.349686
-0.282239
0.160575
0.170661
0.167251
0.0962847
0.0966629
0.0790162
0.0881321
-0.00321058
-0.00382341
-0.00368332
0.105901
0.0620051
-0.0139033
-0.3123
-0.446175
-0.329729
-0.330573
-0.00275219
-0.00320992
-0.382819
-0.237724
0.105284
-0.221934
0.108268
-0.00402439
-0.00422563
-0.00411773
-0.0043845
-0.00426991
-0.00454551
-0.00446004
-0.00471208
-0.00462351
-0.00487455
-0.00479952
-0.00500887
-0.00496075
-0.00509355
-0.00507755
-0.00510279
-0.00513163
-0.0050247
-0.00510033
-0.00486874
-0.00498348
-0.00466897
-0.00480352
-0.00447743
-0.0046038
-0.00435916
-0.00444419
-0.00438045
-0.00439177
-0.00459813
-0.00450923
-0.00505015
-0.00484471
-0.0057502
-0.00542396
-0.00668706
-0.00624756
-0.00782798
-0.00729245
-0.00912403
-0.00851673
-0.0105153
-0.00986501
-0.0119353
-0.0112735
-0.0133132
-0.0126733
-0.0145759
-0.0139927
-0.0156488
-0.0151582
-0.0164589
-0.0160966
-0.0169388
-0.0167379
-0.0170327
-0.0170208
-0.0167019
-0.0168981
-0.0159278
-0.0163411
-0.0147078
-0.0153406
-0.0130422
-0.0138968
-0.0109168
-0.0120045
-0.00828644
-0.00963533
-0.00506278
-0.00672331
-0.00111079
-0.00315734
0.00374737
0.00122064
0.00969886
0.00659641
0.0169294
0.0131544
0.0256464
0.0210887
0.0360487
0.030615
0.0480769
0.041897
0.0623829
0.0548908
0.0704753
0.0956484
0.0960021
0.0954412
0.0953801
0.0965043
0.0957954
0.0993149
0.0976643
0.104517
0.101606
0.112568
0.108177
0.124639
0.117858
0.144558
0.133656
0.156831
0.144803
0.151979
0.133689
0.138773
0.125957
0.129443
0.120933
0.123164
0.117997
0.119246
0.11693
0.117228
0.117052
0.116891
0.109253
0.118009
0.11746
0.0915781
0.100423
0.0747543
0.0829898
0.0595968
0.0669007
0.0461559
0.0526768
0.0341913
0.0399928
0.0241025
0.0289614
0.0157369
0.0197434
0.009098
0.0122389
0.00420934
0.0064901
0.00095922
0.00243908
-0.000817912
-5.42529e-05
-0.00134819
-0.0011843
-0.000907735
-0.00120363
0.000198076
-0.00040415
0.0016535
0.000902437
0.00315645
0.00240538
0.00444369
0.00382035
0.00531051
0.00491209
0.00562361
0.00551064
0.00532612
0.00552059
0.00443396
0.00492157
0.0030253
0.00376118
0.00122449
0.00214184
-0.000817846
0.000202591
-0.00294398
-0.00190084
-0.00500458
-0.00401334
-0.00687009
-0.00599391
-0.00843852
-0.00772531
-0.00964056
-0.0091207
-0.0104416
-0.0101274
-0.0108408
-0.0107274
-0.0108663
-0.0109351
-0.0105702
-0.0107912
-0.0100193
-0.0103568
-0.00928494
-0.00970288
-0.00844521
-0.00890242
-0.00756835
-0.00803302
-0.00671901
-0.0071574
-0.00594879
-0.00633869
-0.00529871
-0.00562077
-0.00479669
-0.00503955
-0.00445019
-0.00461357
-0.00422468
-0.00433284
-0.00401665
-0.00416033
-0.00388807
-0.00193527
-0.00234462
-0.00144143
-0.00167009
-0.001054
-0.00123896
-0.000727781
-0.000881135
-0.000484029
-0.0005972
-0.000292822
-0.000384409
-0.000113958
-0.000205202
0.000114301
-1.03311e-05
0.000468232
0.000270394
0.00102941
0.000719136
0.00182289
0.00140167
0.00268099
0.00226823
0.00305871
0.0029774
0.0022367
0.00281546
0.000354608
0.00135962
-0.00132619
-0.000591752
-0.00176845
-0.00172184
-0.000986483
-0.00148261
0.00017697
-0.000391632
0.00094622
0.000629261
0.00119065
0.00112566
0.00105138
0.00115751
0.000688512
0.000889587
0.000206638
0.000457934
-0.000340483
-6.07175e-05
-0.000936439
-0.000632407
-0.00158816
-0.00125436
-0.00234177
-0.00194973
-0.00276172
-0.00376111
-0.245391
-0.484985
-0.19959
-0.294695
-0.266176
-0.195349
-0.351389
-0.175945
0.195951
0.162709
-0.0526784
0.0148353
-0.298451
-0.305913
-0.487588
-0.403491
-0.207433
-0.258642
-0.115131
0.17146
0.182378
0.182741
0.0970909
0.0783525
0.0878707
0.226672
0.227006
0.253595
0.109073
0.118635
-0.00299857
-0.00348707
-0.00432271
-0.00414549
0.0561131
0.111286
0.115627
0.050396
-0.343552
-0.370722
-0.44909
-0.362131
-0.297637
-0.00387926
-0.00367666
-0.00250472
-0.00291994
-0.335226
-0.389414
-0.366132
-0.366238
-0.0512897
0.117554
0.133167
0.158347
-0.00441442
-0.0040804
-0.00465618
-0.0044985
-0.00478733
-0.00468356
-0.0049277
-0.00483802
-0.00511722
-0.00502035
-0.00533317
-0.00522786
-0.00553518
-0.00543619
-0.00568689
-0.00561937
-0.00576588
-0.00573591
-0.0057566
-0.00577115
-0.0056705
-0.00572049
-0.005543
-0.00560821
-0.00542974
-0.00548047
-0.00539755
-0.00539963
-0.00551297
-0.00543398
-0.00582998
-0.00564514
-0.00638
-0.00607678
-0.00716663
-0.00674664
-0.00816578
-0.00764413
-0.0093304
-0.00873287
-0.0105976
-0.00995699
-0.0118962
-0.0112485
-0.0131535
-0.0125349
-0.0143007
-0.0137448
-0.0152754
-0.0148124
-0.0160232
-0.0156794
-0.0164973
-0.0162952
-0.0166593
-0.0166172
-0.0164779
-0.0166107
-0.0159316
-0.0162488
-0.0150104
-0.0155163
-0.0137083
-0.014406
-0.0120143
-0.0129107
-0.00990171
-0.0110129
-0.00731668
-0.00867342
-0.00417096
-0.0058218
-0.000339104
-0.00235127
0.00433536
0.0018811
0.0100206
0.00703963
0.0168958
0.0132961
0.0251632
0.0208416
0.0350368
0.0298833
0.046801
0.040657
0.0612209
0.0536256
0.0694454
0.10167
0.1032
0.102318
0.101366
0.101318
0.102822
0.101867
0.106463
0.104355
0.112902
0.109319
0.12259
0.117325
0.137367
0.12918
0.158391
0.147158
0.186951
0.171404
0.205557
0.154274
0.162161
0.141858
0.147577
0.133174
0.137119
0.127498
0.130018
0.124309
0.125635
0.123317
0.123564
0.124138
0.123521
0.12641
0.125162
0.090314
0.0995581
0.0733089
0.0814864
0.0584244
0.0656039
0.0454245
0.0517153
0.0340745
0.039568
0.0244738
0.0290669
0.0165455
0.0203146
0.0102071
0.0131869
0.00545068
0.00764826
0.00218379
0.00365343
0.000259003
0.00107794
-0.000518565
-0.000248193
-0.000387998
-0.000543206
0.000384992
-6.1835e-05
0.00152691
0.00092538
0.00277025
0.00214624
0.00387402
0.00334431
0.00464156
0.00429917
0.004933
0.00484142
0.00467177
0.00486233
0.00384475
0.0043171
0.00249788
0.00322244
0.000727733
0.00165067
-0.00133257
-0.000281833
-0.00352892
-0.00242971
-0.00570205
-0.00463434
-0.00770272
-0.0067395
-0.00940545
-0.00860601
-0.0107193
-0.0101243
-0.0115944
-0.0112234
-0.012022
-0.0118739
-0.01203
-0.0120864
-0.0116753
-0.0119042
-0.0110368
-0.0113962
-0.0101949
-0.010647
-0.00923956
-0.00973477
-0.008243
-0.00874731
-0.00728715
-0.00776288
-0.0064254
-0.00684598
-0.0057063
-0.00604867
-0.00516337
-0.00541205
-0.00481135
-0.0049595
-0.00461203
-0.00468546
-0.0044709
-0.00454916
-0.00436767
-0.00179679
-0.00214728
-0.00130718
-0.00153761
-0.000944561
-0.00110935
-0.000676665
-0.00080236
-0.000469485
-0.000566406
-0.000304654
-0.000383619
-0.000146045
-0.00022786
6.5418e-05
-5.11877e-05
0.000403495
0.000213454
0.00094376
0.000644954
0.0016958
0.00129912
0.00246172
0.00210263
0.00267564
0.00268233
0.00168901
0.0023393
-0.000172186
0.000792661
-0.00163092
-0.00102308
-0.00184327
-0.00189991
-0.00099569
-0.00150539
9.37558e-05
-0.000429178
0.000790374
0.000503622
0.00101743
0.000955149
0.000902868
0.000993305
0.000586261
0.000762828
0.000159295
0.000382732
-0.000330668
-7.94362e-05
-0.000867396
-0.00059321
-0.00145528
-0.00115345
-0.00214463
-0.00178083
-0.00255559
-0.0197605
-0.306623
-0.452004
-0.235247
-0.225675
-0.160588
0.195199
0.104352
0.0975955
0.262938
0.287025
0.127823
-0.00407406
-0.0802081
0.00731985
0.122044
-0.360874
-0.373132
-0.441285
-0.392816
-0.225118
-0.244667
-0.274812
-0.00440771
-0.0041598
-0.00334782
-0.00222742
-0.00257262
-0.297685
-0.397391
-0.377776
-0.403055
0.035593
0.0623488
0.179837
0.140871
0.196897
0.170832
0.210032
0.194886
0.14984
0.162142
0.213798
0.185121
0.203363
0.22744
0.21272
0.234249
0.227994
0.259696
0.234007
0.247884
0.105721
0.257622
0.107183
0.27127
0.284346
0.297805
0.189345
0.328653
0.31717
0.294426
-0.397956
0.113736
0.116193
0.13418
0.225018
0.326091
0.308923
-0.342402
0.508061
0.556532
0.510202
0.558575
-0.00483466
-0.00460797
-0.00501632
-0.00488009
-0.00511053
-0.00503302
-0.00524606
-0.00515699
-0.00545685
-0.00533845
-0.00570722
-0.00557618
-0.00596173
-0.00583475
-0.00618568
-0.00608028
-0.00632841
-0.00626822
-0.00638759
-0.00636957
-0.00636835
-0.00638672
-0.00630917
-0.00634102
-0.00626621
-0.00628218
-0.00630788
-0.00627267
-0.00650205
-0.00638288
-0.00690156
-0.00667458
-0.00753413
-0.00718913
-0.00839655
-0.00793911
-0.00945484
-0.00890547
-0.0106501
-0.0100408
-0.011907
-0.011277
-0.0131427
-0.0125336
-0.0142768
-0.0137282
-0.0152386
-0.0147842
-0.015972
-0.0156379
-0.0164373
-0.0162413
-0.01661
-0.0165628
-0.0164766
-0.0165838
-0.0160301
-0.0162943
-0.0152702
-0.0156912
-0.0141975
-0.0147753
-0.0128065
-0.0135447
-0.0110801
-0.0119891
-0.0089828
-0.0100831
-0.00645471
-0.00777943
-0.00340772
-0.00500452
0.000274844
-0.00165568
0.00473194
0.00239621
0.0101166
0.00729755
0.0166023
0.0132095
0.0244
0.020323
0.0337584
0.0288664
0.0451175
0.0391403
0.0593618
0.0518146
0.0771819
0.0678503
0.0979623
0.0872909
0.109635
0.111505
0.10721
0.108207
0.106777
0.106756
0.108562
0.107392
0.112893
0.110402
0.120313
0.116216
0.131551
0.125421
0.147832
0.139028
0.170327
0.1583
0.200964
0.184367
0.242939
0.220627
0.299526
0.268867
0.370957
0.37416
0.334643
0.333612
0.407466
0.400914
0.366083
0.27987
0.305358
0.237629
0.25743
0.205008
0.220161
0.180571
0.191902
0.162342
0.17081
0.148975
0.155154
0.139533
0.143831
0.133375
0.136104
0.130023
0.131392
0.129198
0.129341
0.130725
0.129672
0.134175
0.132236
0.108525
0.129472
0.119089
0.0886052
0.098265
0.0713795
0.0796598
0.0566619
0.0637401
0.0441361
0.0501756
0.0334376
0.0385805
0.0244172
0.0287311
0.0169432
0.0204957
0.0109267
0.0137549
0.00633444
0.00845444
0.00308943
0.00454859
0.00106536
0.00193185
9.78047e-05
0.000459263
-1.6463e-05
-5.38493e-05
0.000492176
0.000173296
0.00138573
0.000904843
0.00242534
0.00190132
0.00338681
0.00292869
0.00407772
0.00377678
0.0043504
0.00427412
0.00411037
0.00429901
0.00331991
0.00378528
0.00200054
0.00272449
0.000229713
0.00116706
-0.00186912
-0.000785063
-0.00414031
-0.0029904
-0.00641329
-0.00528356
-0.00852161
-0.00749366
-0.0103216
-0.00946351
-0.0117075
-0.0110669
-0.01262
-0.0122206
-0.0130474
-0.0128895
-0.0130199
-0.0130837
-0.0126
-0.0128512
-0.0118736
-0.012265
-0.0109337
-0.0114298
-0.00987375
-0.0104099
-0.00877981
-0.00932379
-0.00773205
-0.00824452
-0.00679524
-0.00724485
-0.00602224
-0.00638401
-0.00545056
-0.00570761
-0.00509625
-0.00524404
-0.0049402
-0.00499493
-0.00492091
-0.00492037
-0.00487039
-0.00485189
-0.0046984
-0.00468294
-0.00163917
-0.00192974
-0.00119407
-0.0014062
-0.000853125
-0.0010063
-0.000616724
-0.000725253
-0.000440828
-0.000522681
-0.000301025
-0.000368106
-0.000161589
-0.000234279
3.2242e-05
-7.55409e-05
0.000350025
0.000170627
0.000860816
0.000578281
0.00156244
0.00119446
0.00223482
0.00192844
0.00230881
0.0023869
0.0012079
0.00190202
-0.000575608
0.000325053
-0.00180154
-0.0013156
-0.00182846
-0.00195987
-0.000963332
-0.001461
2.3326e-05
-0.000445816
0.000639948
0.00038548
0.00084573
0.000787586
0.000753415
0.000828757
0.000482423
0.000634308
0.000111651
0.000306433
-0.000317585
-9.68385e-05
-0.00079079
-0.000548416
-0.00131045
-0.00104356
-0.00191286
-0.00159511
-0.00269094
-0.00227793
-0.00366414
-0.00315425
-0.0384667
0.494172
0.436286
0.467872
0.178568
0.415822
0.489266
0.456124
-0.367696
-0.420936
-0.259469
-0.00378444
-0.00411829
-0.00293224
-0.111395
0.136494
0.108808
-0.277282
-0.275728
-0.272609
-0.400161
-0.386522
-0.423002
0.424977
0.528241
0.258809
0.12728
0.534363
0.452819
-0.117822
-0.000275041
-0.339588
-0.298389
-0.434781
-0.447329
-0.433334
0.119111
0.139218
0.0670513
0.163837
0.366337
0.273538
0.340556
0.408294
0.0131053
-0.355082
-0.309292
-0.00331176
-0.399081
-0.00321266
-0.342746
-0.00397628
0.621505
0.619252
-0.265971
-0.395133
-0.429223
0.478437
0.200612
0.496525
-0.061901
-0.333131
-0.394516
-0.0027465
-0.00233198
-0.00196344
-0.00165151
-0.00138385
-0.00113898
-0.000909214
-0.000691266
-0.000483744
-0.000286557
-9.86412e-05
7.81869e-05
0.000243156
0.000391182
0.000518573
0.00061724
0.000679519
0.000691605
0.000641572
0.000515578
0.000301408
-4.04191e-06
-0.000402187
-0.000849979
-0.00130059
-0.00166243
-0.00184611
-0.00178514
-0.00143345
-0.000833519
-3.75801e-05
0.000772274
0.00146116
0.00190702
0.00204959
0.0019622
0.00171427
0.00139444
0.00106278
0.000757203
0.000497435
0.000287185
0.000123313
-2.03315e-06
-9.77727e-05
-0.00017269
-0.000234415
-0.000289902
-0.000344956
-0.00040456
-0.00047267
-0.00055249
-0.000647687
-0.000761387
-0.000898282
-0.00106176
-0.00124426
-0.00143787
-0.0016698
-0.00190044
-0.00216993
-0.00245256
-0.00274447
-0.325105
-0.195831
0.00487574
0.398598
0.333447
0.208974
0.0805242
-0.00439691
-0.00491455
-0.00524646
-0.00534407
-0.0054037
-0.00534761
-0.00531991
-0.00524047
-0.00522011
-0.00523858
-0.00531857
-0.00545605
-0.00565601
-0.00591849
-0.0062388
-0.00661801
-0.00704538
-0.00752243
-0.00803416
-0.00858226
-0.00914834
-0.00973387
-0.0103173
-0.0108994
-0.0114531
-0.0119754
-0.0124713
-0.0129082
-0.0132772
-0.0135675
-0.013757
-0.013854
-0.0138283
-0.0136928
-0.0134215
-0.0130344
-0.0125074
-0.0118673
-0.0110957
-0.010227
-0.00924853
-0.00820185
-0.007079
-0.00592709
-0.00474126
-0.00357135
-0.00241321
-0.00131642
-0.000274827
0.000665146
0.00151409
0.0022311
0.00283306
0.0032862
0.00361475
0.00379288
0.00385261
0.00377622
0.00360209
0.0033196
0.0029723
0.0025562
0.00211854
0.00166098
0.00123207
0.000837732
0.000525542
0.000303522
0.000216058
0.000272583
0.000515113
0.000952793
0.00162137
0.00252868
0.00370384
0.00515193
0.00689685
0.00894005
0.0113017
0.0139755
0.0169796
0.0203024
0.023974
0.0279832
0.032377
0.0371422
0.0423562
0.0480179
0.0542576
0.0610761
0.0686421
0.0769375
0.0861332
0.0962114
0.107209
0.119014
0.130867
0.142175
0.152526
0.14833
0.144549
0.141318
0.138702
0.136661
0.13523
0.13449
0.134449
0.135089
0.136453
0.138553
0.14143
0.145114
0.149673
0.15517
0.161692
0.169313
0.178157
0.188306
0.199924
0.213206
0.228336
0.245348
0.264343
0.285378
0.309246
0.335389
0.363305
0.392512
0.421056
0.445989
0.464453
0.474233
0.471938
0.457775
0.433162
0.401767
0.368352
0.335552
0.305135
0.277718
0.253495
0.231554
0.211647
0.194685
0.180138
0.167598
0.156609
0.147105
0.139058
0.132345
0.126744
0.122157
0.118474
0.115633
0.11358
0.112259
0.111602
0.111616
0.11225
0.113517
0.115408
0.117923
0.120819
0.124349
0.128479
0.133296
0.122838
0.11074
0.0982052
0.0862569
0.0753093
0.0655856
0.057033
0.0495495
0.0429863
0.0371902
0.0320467
0.027427
0.0232561
0.0194575
0.0160056
0.0128468
0.00996878
0.00733225
0.00493116
0.00273061
0.000728319
-0.00110802
-0.00277779
-0.00431283
-0.00570974
-0.00699958
-0.00817489
-0.00926545
-0.0102592
-0.0111847
-0.0120251
-0.0128079
-0.0135116
-0.0141629
-0.0147361
-0.0152579
-0.0156986
-0.016086
-0.0163864
-0.0166296
-0.0167799
-0.0168693
-0.0168626
-0.016793
-0.0166274
-0.0164006
-0.0160829
-0.0157115
-0.01526
-0.014768
-0.0142126
-0.0136353
-0.0130159
-0.0123962
-0.0117581
-0.0111426
-0.0105318
-0.00996472
-0.00942222
-0.00894013
-0.0084968
-0.00812384
-0.00779628
-0.00754056
-0.00732812
-0.00718055
-0.00706643
-0.00700352
-0.00695901
-0.00694776
-0.0069373
-0.0069413
-0.0069311
-0.00692166
-0.00688739
-0.00684048
-0.00676561
-0.00667222
-0.00655472
-0.00642563
-0.00627983
-0.00613095
-0.00597863
-0.00583011
-0.00569603
-0.0055713
-0.00547998
-0.00539518
-0.00535894
-0.00531498
-0.00532474
-0.00524716
-0.0052172
-0.00513697
-0.00496669
-0.00471459
-0.00430795
-0.00375225
-0.00302103
-0.00256101
-0.425489
-0.289735
-0.307008
-0.383862
-0.367532
-0.469741
-0.468122
-0.452713
0.576879
0.433946
0.130344
0.304299
0.466141
0.583695
-0.0131846
-0.173421
-0.0980259
0.524528
0.233559
0.506995
-0.462666
-0.375571
-0.29094
-0.545907
-0.314044
-0.409972
-0.00224598
-0.00190765
-0.00162481
-0.00138317
-0.00116689
-0.000965059
-0.00077514
-0.000595532
-0.000425542
-0.000264346
-0.000111667
3.16488e-05
0.000164215
0.000282593
0.000383068
0.0004597
0.000505831
0.00051129
0.000466384
0.000360402
0.000184628
-6.44375e-05
-0.000386801
-0.000754867
-0.00113203
-0.0014514
-0.00163985
-0.00163466
-0.00138764
-0.000907873
-0.000245306
0.000470794
0.00111383
0.00155189
0.00172911
0.00168529
0.00148767
0.00121592
0.000930069
0.000663993
0.000436525
0.000250914
0.000105648
-5.83865e-06
-9.07032e-05
-0.000156579
-0.00021019
-0.00025762
-0.0003042
-0.000354382
-0.000411998
-0.00047997
-0.000561774
-0.000658523
-0.000772526
-0.00090594
-0.00105315
-0.00120908
-0.00139037
-0.00156334
-0.00175518
-0.0019559
-0.00214281
-0.00227553
-0.00275754
0.126755
0.280247
0.162302
0.156901
0.152034
0.147873
0.144462
0.141844
0.140058
0.139055
0.138847
0.139424
0.140807
0.142996
0.146007
0.149889
0.154687
0.160464
0.167282
0.175224
0.184366
0.194806
0.206649
0.220036
0.235026
0.251586
0.269849
0.290071
0.311989
0.335593
0.359898
0.384559
0.408351
0.428545
0.442203
0.447784
0.445166
0.434055
0.415258
0.390717
0.36315
0.334771
0.307572
0.282452
0.259474
0.238516
0.219514
0.2026
0.187761
0.174795
0.163477
0.153635
0.145181
0.138016
0.132014
0.127092
0.123128
0.120044
0.117814
0.11641
0.115728
0.115804
0.116607
0.118142
0.12042
0.123431
0.126963
0.131417
0.136469
0.142306
0.148982
0.141068
0.12798
0.113261
0.0986116
0.0851019
0.0731536
0.0629218
0.0541797
0.0467161
0.0402792
0.0347348
0.0299028
0.0256403
0.02183
0.018348
0.0152113
0.0122956
0.00966174
0.00720574
0.00499209
0.00291784
0.00105443
-0.000701478
-0.00227171
-0.00376368
-0.00509286
-0.00637074
-0.00750541
-0.00861173
-0.00958978
-0.0105572
-0.0114058
-0.0122556
-0.0129902
-0.0137314
-0.0143557
-0.0149862
-0.0154932
-0.0160015
-0.0163768
-0.0167458
-0.0169715
-0.0171843
-0.0172446
-0.0172883
-0.017175
-0.0170461
-0.0167624
-0.0164705
-0.0160335
-0.0156024
-0.0150429
-0.0145095
-0.0138698
-0.01328
-0.0126085
-0.0120118
-0.011358
-0.0108017
-0.0102095
-0.0097326
-0.0092352
-0.00886386
-0.0084799
-0.00822365
-0.00795399
-0.00780437
-0.00763287
-0.00756689
-0.00746547
-0.00745074
-0.00738365
-0.0073841
-0.00731802
-0.0073047
-0.00721363
-0.00716465
-0.00703725
-0.00694783
-0.00678182
-0.00665707
-0.00646682
-0.00632389
-0.00613328
-0.00599479
-0.00583332
-0.00572105
-0.00562507
-0.00555144
-0.00552848
-0.00552939
-0.0055646
-0.00558448
-0.0055613
-0.00562403
-0.00549487
-0.00543588
-0.00492168
-0.00439098
-0.00328828
-0.00246682
-0.0020934
-0.0382038
-0.266238
0.472014
0.643273
0.138637
0.369188
0.627447
0.412982
-0.451401
-0.440195
-0.383218
-0.344562
-0.0051045
-0.00588404
-0.00604803
-0.00602754
-0.00593088
-0.00578005
-0.0056341
-0.00550948
-0.00543494
-0.00542691
-0.00547154
-0.00560253
-0.00577959
-0.00604986
-0.00635658
-0.00675366
-0.00717515
-0.00767799
-0.0081903
-0.00877045
-0.00934208
-0.00996424
-0.0105565
-0.0111787
-0.0117458
-0.0123182
-0.0128092
-0.0132916
-0.0136748
-0.0139998
-0.0142051
-0.0143392
-0.0143232
-0.0142175
-0.01395
-0.0135871
-0.0130603
-0.012441
-0.0116644
-0.0108119
-0.00982254
-0.00878665
-0.00764777
-0.00650207
-0.00529646
-0.00412982
-0.00295026
-0.00185582
-0.000793301
0.000143555
0.00101151
0.0017241
0.00234319
0.00279165
0.00313722
0.00331312
0.00339275
0.0033201
0.003174
0.00290629
0.00260037
0.00221296
0.00183187
0.00141763
0.00105959
0.000720392
0.000488784
0.000327569
0.000323043
0.000438178
0.000756154
0.00123547
0.00195671
0.00287381
0.00406304
0.00547491
0.00718007
0.00912761
0.0113803
0.0138873
0.0167024
0.019782
0.0231773
0.0268604
0.0308829
0.0352432
0.0400063
0.0452259
0.0510076
0.0574813
0.0647802
0.073035
0.0823605
0.0928378
0.104703
0.117805
0.13165
0.145352
0.158052
0.169322
-0.306091
0.781782
0.158367
-0.308252
-0.00436869
-0.00568071
-0.00695451
-0.00678168
-0.00667997
-0.00639534
-0.00612747
-0.00589753
-0.00571879
-0.00559162
-0.00555519
-0.00556786
-0.00568486
-0.0058438
-0.00610682
-0.00640407
-0.00679934
-0.00721779
-0.00772331
-0.00823792
-0.00882451
-0.00940291
-0.0100344
-0.0106372
-0.0112707
-0.0118522
-0.0124404
-0.0129537
-0.013451
-0.0138343
-0.014184
-0.0144049
-0.0145572
-0.014559
-0.0144721
-0.0142187
-0.0138783
-0.0133665
-0.0127709
-0.0120121
-0.0111844
-0.0102146
-0.00920233
-0.00808198
-0.00695694
-0.00576635
-0.00461621
-0.0034465
-0.00236365
-0.00130498
-0.000374624
0.000495755
0.00120667
0.00183439
0.00228567
0.00264604
0.00282914
0.00293014
0.00286911
0.0027507
0.0025006
0.00223014
0.00186923
0.0015321
0.00115291
0.000846215
0.000548496
0.000373192
0.000256466
0.000309658
0.000467047
0.000833148
0.00134297
0.00209191
0.00301582
0.00420054
0.00558246
0.00723787
0.00910403
0.0112473
0.0136063
0.0162385
0.0190877
0.022208
0.0255549
0.0291861
0.0330842
0.0373322
0.0419736
0.0471505
0.0530422
0.0598664
0.0678174
0.0771718
0.088156
0.100911
0.115603
0.131936
0.149401
0.166049
0.797502
-0.362876
-0.449566
0.515605
0.298211
0.555402
-0.170644
0.712077
-0.431354
0.150402
0.143159
0.137326
0.132199
0.127917
0.124532
0.12192
0.120149
0.119215
0.119086
0.119762
0.121283
0.123642
0.126896
0.131102
0.136311
0.142606
0.150084
0.158831
0.168942
0.180522
0.19366
0.208541
0.225261
0.243804
0.263939
0.285546
0.308538
0.332568
0.356823
0.380038
0.400401
0.415977
0.425431
0.428206
0.424371
0.413835
0.397518
0.377695
0.356424
0.334795
0.313427
0.293015
0.273807
0.256133
0.239943
0.225149
0.211774
0.199807
0.189183
0.179828
0.171667
0.164632
0.158664
0.15368
0.149657
0.146552
0.144318
0.142961
0.142447
0.142807
0.144046
0.146224
0.149383
0.153527
0.158691
0.164841
0.171766
0.18025
-0.00170258
-0.00145462
-0.00126428
-0.00109045
-0.000925814
-0.000769834
-0.000621027
-0.000481324
-0.000347953
-0.000222346
-0.000102737
8.87129e-06
0.000112342
0.000204284
0.000282484
0.000341928
0.000377999
0.000382883
0.000349376
0.000269315
0.000135947
-5.33617e-05
-0.000301124
-0.000587914
-0.000892274
-0.00116461
-0.00135092
-0.00139932
-0.00125692
-0.000917959
-0.000400042
0.000204869
0.000774614
0.00119681
0.00139187
0.00138679
0.00123024
0.00100679
0.000765883
0.000542196
0.000349593
0.000193131
7.07857e-05
-2.18972e-05
-9.14486e-05
-0.000144211
-0.000185976
-0.000222332
-0.000257312
-0.000295569
-0.000339358
-0.000391966
-0.000454657
-0.00052935
-0.000615234
-0.000716883
-0.00082807
-0.000945952
-0.00108158
-0.00120736
-0.00134386
-0.00146436
-0.00160857
-0.00173382
-0.000769511
0.159691
0.149175
0.133772
0.116258
0.0988975
0.0833452
0.0701656
0.0593286
0.0503946
0.0429784
0.0368067
0.0316366
0.0272622
0.0234545
0.0200765
0.0170005
0.0141913
0.011582
0.00918406
0.00694424
0.00489046
0.00296333
0.00120345
-0.000456521
-0.0019659
-0.00340097
-0.00470232
-0.00595346
-0.0070865
-0.00819012
-0.00918813
-0.0101725
-0.0110592
-0.011942
-0.0127293
-0.0135161
-0.0142036
-0.0148879
-0.0154643
-0.0160299
-0.0164757
-0.0169012
-0.0171941
-0.017458
-0.0175788
-0.0176653
-0.0176035
-0.0175074
-0.0172649
-0.0169952
-0.016589
-0.0161698
-0.0156314
-0.0151005
-0.0144735
-0.013878
-0.0132118
-0.0126024
-0.0119477
-0.011373
-0.0107743
-0.0102744
-0.0097654
-0.00936749
-0.00896757
-0.0086824
-0.00839331
-0.00821341
-0.00802014
-0.00792339
-0.00779921
-0.00775441
-0.00766489
-0.00763396
-0.00754561
-0.00750484
-0.00739473
-0.00732544
-0.00717928
-0.00707088
-0.0068911
-0.00675185
-0.00655143
-0.00639923
-0.00620175
-0.0060606
-0.00589387
-0.00578931
-0.00567601
-0.00563879
-0.00562615
-0.00567291
-0.00572065
-0.00585375
-0.00588944
-0.00603106
-0.00601723
-0.00604794
-0.00578103
-0.00516926
-0.00401147
-0.00260587
-0.000446113
-0.420715
0.454754
0.225873
0.384959
0.693597
-0.330478
-0.383194
0.19052
-0.0828548
-0.000767532
-0.00112803
-0.0027236
-0.00673766
-0.00124969
-0.000547694
-0.444202
-0.302154
0.0242091
0.556784
0.369259
0.528412
-0.429102
0.158077
0.142214
0.149114
0.131493
0.136342
0.124777
0.127662
0.121784
0.12284
0.122319
0.121634
0.126365
0.123911
0.134138
0.129772
0.146074
0.139564
0.162771
0.153807
0.184892
0.173123
0.213111
0.198222
0.247658
0.229644
0.287782
0.267119
0.331367
0.309352
0.373131
0.352984
0.403516
0.390348
0.414043
0.411512
0.402164
0.410862
0.371811
0.388604
0.333576
0.353106
0.294685
0.313907
0.259126
0.276331
0.228561
0.24321
0.203233
0.21525
0.183044
0.192531
0.167589
0.174766
0.156415
0.161507
0.149158
0.152325
0.145589
0.146931
0.145653
0.145172
0.149599
0.147126
0.157958
0.153203
0.171396
0.164039
0.190199
0.179965
-0.00546933
-0.00218301
-0.00671222
-0.00607711
-0.00649009
-0.00658219
-0.00613895
-0.0063438
-0.00579599
-0.00600216
-0.00565774
-0.00570033
-0.00570393
-0.00565141
-0.00590777
-0.00578045
-0.00621358
-0.00604205
-0.00656736
-0.00637924
-0.00691801
-0.00673781
-0.00722554
-0.00707077
-0.0074689
-0.00734757
-0.00765254
-0.00755941
-0.00780621
-0.00772435
-0.00799085
-0.0078907
-0.00825788
-0.00810243
-0.00867367
-0.00843643
-0.00928363
-0.00894418
-0.010111
-0.00966188
-0.0111417
-0.0105947
-0.0123285
-0.0117106
-0.0135983
-0.0129492
-0.0148586
-0.0142266
-0.0160083
-0.0154437
-0.0169535
-0.0165028
-0.0176116
-0.0173127
-0.0179267
-0.0178039
-0.0178717
-0.0179347
-0.0174486
-0.0176929
-0.0166837
-0.0170937
-0.0156191
-0.0161726
-0.014301
-0.0149751
-0.0127685
-0.0135453
-0.0110444
-0.0119149
-0.00912969
-0.0100964
-0.00700231
-0.00807914
-0.00462011
-0.00583039
-0.00192723
-0.00330009
0.00113702
-0.00042875
0.00462856
0.00284315
0.00859434
0.00656697
0.0130879
0.010789
0.0182485
0.0155903
0.0244704
0.0212055
0.0328573
0.0283101
0.0455329
0.0385305
0.0655596
0.054402
0.0978395
0.0799774
0.138765
0.118486
0.1558
-0.353503
0.191896
0.200697
0.199277
-0.0011664
-0.000988935
-0.00104757
-0.000799262
-0.000903454
-0.000583295
-0.000691111
-0.000381042
-0.000479824
-0.00019894
-0.000287392
-3.83812e-05
-0.000115498
9.35153e-05
3.22925e-05
0.000180747
0.000144595
0.000196584
0.000200411
0.000103443
0.000166777
-0.000129548
5.70019e-06
-0.000495959
-0.000300953
-0.0008812
-0.00070033
-0.0010403
-0.00100738
-0.000712042
-0.00094743
0.00012607
-0.000341107
0.000903354
0.00057123
0.00106825
0.0010679
0.000779255
0.000945824
0.000438881
0.000603492
0.000174948
0.000295167
3.26228e-06
7.83915e-05
-9.86171e-05
-5.44032e-05
-0.00016406
-0.000133892
-0.000222886
-0.000192735
-0.000296262
-0.000256926
-0.000396952
-0.000342867
-0.000531995
-0.000459243
-0.000696179
-0.000612391
-0.000888088
-0.000794584
-0.00103281
-0.000981043
-0.00137139
-0.00104418
0.000236182
-0.00389303
-0.00785765
-0.00639
-0.00713697
-0.00744417
-0.00640595
-0.00672921
-0.00586632
-0.00606585
-0.00563741
-0.00567668
-0.00573104
-0.00560878
-0.00613115
-0.00585709
-0.00680863
-0.00639939
-0.00772238
-0.00720063
-0.0088172
-0.00821249
-0.0100238
-0.00937259
-0.0112609
-0.0106051
-0.0124365
-0.0118227
-0.0134535
-0.0129305
-0.0142042
-0.0138245
-0.0145916
-0.014409
-0.0145346
-0.014604
-0.0139743
-0.0142778
-0.0129113
-0.0134662
-0.0113763
-0.0121592
-0.00945402
-0.0104158
-0.00727283
-0.00834417
-0.0049947
-0.00609156
-0.00279695
-0.00383026
-0.000849597
-0.00173682
0.000706884
3.0889e-05
0.00177963
0.0013543
0.00233526
0.00216924
0.00240445
0.0024743
0.0020788
0.00233149
0.00150041
0.00185937
0.000846619
0.00122043
0.000312289
0.00060251
9.30203e-05
0.000202665
0.000370685
0.000211788
0.00129882
0.000799207
0.0029958
0.00210086
0.00554134
0.00421613
0.00897426
0.0072043
0.0132918
0.0110833
0.018454
0.0158301
0.0244051
0.0213926
0.0311381
0.0277253
0.0388858
0.0349053
0.0485207
0.0434172
0.0619454
0.0546245
0.0821792
0.0709891
0.112424
0.0958874
0.152696
0.131776
0.174483
-0.0032856
-0.00693377
0.181288
0.214409
0.20208
0.130639
0.156365
0.0897735
0.107995
0.0649488
0.0756202
0.05032
0.0566434
0.0408307
0.0451017
0.0334031
0.0369058
0.0268134
0.0299705
0.0208135
0.0236819
0.0154509
0.01799
0.0108256
0.012985
0.00701555
0.00876045
0.00405805
0.00537496
0.00194631
0.00284412
0.000629248
0.00113894
1.32547e-05
0.000186792
-3.40843e-05
-0.000125908
0.000322422
5.12376e-05
0.000896166
0.000540933
0.00149365
0.00115121
0.00193115
0.00169132
0.00205132
0.00198863
0.00173882
0.00190498
0.00093337
0.00135119
-0.000363386
0.000297464
-0.00208875
-0.00122349
-0.00412725
-0.00312121
-0.00632552
-0.00525911
-0.00851219
-0.00747216
-0.01052
-0.00958833
-0.012206
-0.0114503
-0.0134656
-0.0129332
-0.0142387
-0.0139542
-0.0144931
-0.0144736
-0.0143401
-0.0145171
-0.0137587
-0.0141395
-0.0128613
-0.0133826
-0.0117563
-0.0123674
-0.0105425
-0.0111965
-0.00931525
-0.00996465
-0.00816259
-0.00876453
-0.00716044
-0.00767878
-0.00637095
-0.00677624
-0.00584279
-0.00611223
-0.00561228
-0.00572904
-0.00570549
-0.00565755
-0.00614013
-0.00592075
-0.00691533
-0.0065257
-0.00794194
-0.0073915
-0.00709812
-0.00814392
-0.00753904
-0.0034226
-0.000822592
-0.000668305
-0.00076888
-0.000711241
-0.0006297
-0.000552823
-0.000491778
-0.000428188
-0.000376356
-0.000326483
-0.000281609
-0.000244381
-0.000212048
-0.000184551
-0.000161312
-0.000141191
-0.000123162
-0.000105844
-8.72342e-05
-6.50437e-05
-3.67012e-05
8.00086e-07
5.00791e-05
0.000113869
0.000193449
0.000288775
0.00039709
0.000512118
0.000619548
0.000720533
0.000708048
0.00057564
0.000334705
4.25843e-05
-0.000312632
-0.000519405
-0.000641151
-0.000676261
-0.000640038
-0.000554869
-0.000442492
-0.000319527
-0.000203408
-0.00010144
-2.04483e-05
3.84495e-05
7.78423e-05
9.65848e-05
0.000100053
8.92513e-05
6.83753e-05
3.8267e-05
1.84652e-06
-4.04865e-05
-8.68565e-05
-0.000137283
-0.000190554
-0.000246717
-0.000304942
-0.000364649
-0.000423954
-0.00047884
-0.000521236
-0.000531955
-0.00048654
-0.000308252
-0.000307941
-2.86163e-05
0.212479
-0.00120365
0.182411
0.163244
0.173979
0.119612
0.144297
0.0754616
0.0951985
0.049052
0.0600524
0.0344573
0.0404659
0.0258433
0.0294324
0.0198055
0.0224213
0.0148
0.0170169
0.0103364
0.0123192
0.0063019
0.00808229
0.00268202
0.00426252
-0.000538117
0.000851496
-0.00339254
-0.00217498
-0.00592834
-0.00485841
-0.00819525
-0.00724846
-0.0102355
-0.00939223
-0.012076
-0.0113251
-0.0137233
-0.0130641
-0.0151629
-0.0146053
-0.0163629
-0.0159247
-0.0172804
-0.0169841
-0.0178724
-0.0177391
-0.0181059
-0.0181505
-0.0179676
-0.0181942
-0.0174709
-0.0178696
-0.0166577
-0.0172046
-0.015593
-0.0162543
-0.0143815
-0.0151026
-0.013105
-0.0138403
-0.0118639
-0.0125674
-0.01074
-0.0113743
-0.00979205
-0.0103315
-0.00905174
-0.00948526
-0.00851407
-0.00884908
-0.00814466
-0.0084011
-0.00788753
-0.00809653
-0.00769939
-0.00788095
-0.00750959
-0.00769734
-0.00727891
-0.00749051
-0.00698882
-0.00723118
-0.00664881
-0.00691479
-0.00628975
-0.00656177
-0.00595696
-0.00621099
-0.00570352
-0.00591232
-0.00558282
-0.0057194
-0.00564572
-0.00568258
-0.00593573
-0.00584863
-0.00647872
-0.00625671
-0.0070896
-0.00682728
-0.00692782
-0.00733184
-0.00246711
-0.00823518
-0.00326712
0.186525
0.199368
0.167686
0.176125
0.155735
0.160961
0.14916
0.151861
0.146957
0.147556
0.14864
0.147334
0.154075
0.150893
0.163372
0.158234
0.176795
0.169552
0.194722
0.185178
0.217514
0.2055
0.245312
0.230799
0.277868
0.261039
0.314045
0.295636
0.350883
0.332649
0.382942
0.367941
0.402315
0.394719
0.402713
0.405018
0.383624
0.3954
0.349831
0.368056
0.309488
0.329992
0.269112
0.289012
0.232333
0.250134
0.201083
0.215964
0.175824
0.187733
0.156195
0.165341
0.141674
0.148347
0.131641
0.136138
0.125619
0.128158
0.123303
0.124016
0.124615
0.123504
0.129788
0.126702
0.139388
0.133993
0.15454
0.146179
0.165178
-0.388371
-0.184559
-0.503015
0.243651
-0.762769
-0.479327
-0.656118
-0.496803
-0.453785
-0.397253
0.706476
0.820978
0.887238
0.813038
0.665265
-0.324
-0.321159
-0.3596
-0.374755
-0.569707
-0.198626
0.110412
-0.031063
0.0279444
0.220352
0.193887
0.161787
0.130739
0.105253
0.0855685
0.0707779
0.0599426
0.0521107
0.0463565
0.0419033
0.0381791
0.0348421
0.0316895
0.0286378
0.0256558
0.022753
0.0199484
0.017267
0.0147334
0.0123658
0.0101833
0.0081948
0.00641283
0.00483788
0.00347697
0.00232302
0.00137787
0.000627517
6.90207e-05
-0.000318039
-0.000540846
-0.000625533
-0.000582766
-0.00044348
-0.00022068
5.14823e-05
0.000359442
0.000668002
0.000964933
0.00121626
0.00141308
0.00152479
0.00154775
0.00145684
0.00125524
0.000924835
0.000476617
-9.98862e-05
-0.000785803
-0.00158434
-0.00246952
-0.00343861
-0.00446012
-0.00552755
-0.0066061
-0.00768828
-0.00873856
-0.00975135
-0.0106928
-0.0115618
-0.0123281
-0.0129965
-0.0135411
-0.0139738
-0.0142728
-0.0144571
-0.01451
-0.014468
-0.0143041
-0.0140477
-0.0136974
-0.0132784
-0.012785
-0.0122514
-0.0116675
-0.0110685
-0.0104443
-0.00982966
-0.00921249
-0.00862658
-0.00805814
-0.00753983
-0.00705595
-0.00663751
-0.00626714
-0.00597389
-0.00573917
-0.0055899
-0.00550708
-0.00551562
-0.00559734
-0.00577622
-0.00603615
-0.00640333
-0.00686329
-0.00730706
-0.00798039
-0.00859224
-0.00894006
-0.0100992
-0.00525225
0.0132675
0.00176453
0.000618695
0.000278802
-0.000245805
-0.00030404
-0.000271921
-0.000240344
-0.000218678
-0.000191686
-0.000170936
-0.000149794
-0.000129809
-0.000112737
-9.68706e-05
-8.26682e-05
-6.96315e-05
-5.69599e-05
-4.41809e-05
-3.08008e-05
-1.60114e-05
1.20741e-06
2.15303e-05
4.56798e-05
7.29391e-05
0.000102375
0.000131116
0.000157087
0.00017732
0.000189958
0.000178457
0.000306397
0.000297186
0.000278949
0.000235193
0.000166586
7.66838e-05
1.09324e-06
-6.70253e-05
-0.000131615
-0.000189169
-0.000233786
-0.000259983
-0.000263534
-0.000249336
-0.000221972
-0.000189411
-0.00015771
-0.000128788
-0.000105792
-8.76422e-05
-7.63942e-05
-6.99875e-05
-6.8934e-05
-7.14629e-05
-7.79463e-05
-8.70827e-05
-9.92515e-05
-0.000113281
-0.000129261
-0.000145934
-0.000162523
-0.000176526
-0.000184049
-0.000178531
-0.000140935
-2.54649e-06
0.000281737
0.000788977
0.00206651
0.00585408
0.0130573
0.00950228
0.222
0.196444
0.175986
0.151861
0.122437
0.094286
0.0725324
0.0561228
0.0447273
0.0361093
0.0305282
0.0260288
0.0230751
0.0201562
0.0180252
0.0155556
0.0136397
0.0113157
0.00950534
0.00730985
0.00563003
0.00359669
0.00207758
0.000226105
-0.00112292
-0.00279354
-0.00398084
-0.0054853
-0.00652891
-0.00788751
-0.00880778
-0.01004
-0.0108538
-0.0119734
-0.0126904
-0.0137024
-0.0143226
-0.0152223
-0.0157362
-0.0165101
-0.0169004
-0.0175295
-0.0177753
-0.018239
-0.0183205
-0.0186024
-0.0185059
-0.0185982
-0.0183211
-0.0182284
-0.0177815
-0.0175226
-0.0169314
-0.0165395
-0.0158457
-0.015355
-0.0145891
-0.0140619
-0.0132814
-0.0127625
-0.0120132
-0.0115446
-0.0108642
-0.0104775
-0.00989068
-0.00960554
-0.00912475
-0.00894372
-0.00856083
-0.0084676
-0.00816356
-0.00813555
-0.00788176
-0.00789113
-0.00766154
-0.00767714
-0.00744266
-0.00744345
-0.00718719
-0.00716221
-0.00687859
-0.00682939
-0.00652543
-0.00646492
-0.00615771
-0.00610677
-0.00581968
-0.0058034
-0.00556253
-0.00560638
-0.00543755
-0.00556541
-0.00549387
-0.00572294
-0.00577455
-0.00613001
-0.00632084
-0.00663296
-0.00709285
-0.00755959
-0.00782921
-0.00894412
-0.00413493
-0.00402641
0.00813589
0.300194
0.230518
0.208869
0.191035
0.178773
0.169534
0.16243
0.156987
0.152955
0.150156
0.148481
0.147846
0.148197
0.149502
0.151756
0.154961
0.159142
0.164319
0.170537
0.177829
0.18625
0.195837
0.206638
0.21867
0.231945
0.246432
0.262077
0.27875
0.296247
0.314239
0.332266
0.349754
0.365953
0.38002
0.391004
0.398098
0.40064
0.398484
0.391719
0.380776
0.366244
0.348957
0.329793
0.309727
0.289559
0.269875
0.251124
0.233557
0.217293
0.20243
0.189025
0.177076
0.166548
0.157349
0.149421
0.142687
0.137089
0.132551
0.129027
0.126464
0.124838
0.124131
0.124351
0.125513
0.127671
0.130895
0.13532
0.141113
0.148545
0.15831
0.170629
0.276456
-0.410859
-0.125564
0.0526587
-0.0342168
-0.156439
0.0123939
-0.30451
-0.0395113
-0.0910156
0.00262074
-0.0379613
0.000197264
0.00214458
0.00869459
-0.00153115
0.0453521
-0.00352688
-0.157099
0.819563
-0.00144378
)
;

boundaryField
{
    frontandback
    {
        type            empty;
    }
    walls
    {
        type            zeroGradient;
    }
    diamond
    {
        type            zeroGradient;
    }
    inlet
    {
        type            zeroGradient;
    }
    outlet
    {
        type            fixedValue;
        value           uniform 0;
    }
}


// ************************************************************************* //
