/*--------------------------------*- C++ -*----------------------------------*\
  =========                 |
  \\      /  F ield         | OpenFOAM: The Open Source CFD Toolbox
   \\    /   O peration     | Website:  https://openfoam.org
    \\  /    A nd           | Version:  10
     \\/     M anipulation  |
\*---------------------------------------------------------------------------*/
FoamFile
{
    format      ascii;
    class       volScalarField;
    location    "15";
    object      p;
}
// * * * * * * * * * * * * * * * * * * * * * * * * * * * * * * * * * * * * * //

dimensions      [0 2 -2 0 0 0 0];

internalField   nonuniform List<scalar> 
6397
(
0.276947
0.266282
0.00815527
0.00847162
0.00932912
0.00901675
0.490714
0.258878
-0.347307
-0.32251
0.29474
0.174464
-0.00509789
-0.00659722
-0.0130333
-0.493761
-0.483674
-0.465611
0.838287
0.785913
0.747407
-0.334461
-0.296816
-0.286025
-0.00591789
-0.00784933
-0.00531883
0.00159261
0.000578818
0.00353886
0.00273791
0.00832535
0.00812605
0.00874563
0.00699787
0.00699744
0.00784894
0.00769348
0.00533849
0.00530051
0.00613905
0.00621387
0.00378087
0.00906239
0.00859026
0.00867591
0.00934461
0.00898591
0.00361515
0.00325519
0.00286733
0.00211126
0.00277389
0.302475
0.284927
0.177412
0.188361
0.0181621
-0.0387416
-0.0259014
-0.0539436
-0.0705924
-0.0862113
-0.0985393
-0.103656
-0.10134
-0.0908454
-0.0771458
-0.0208337
-0.0159697
-0.0126385
-0.0310827
-0.0426927
-0.0542164
-0.0641718
-0.0701853
-0.070515
-0.0646397
-0.0547229
-0.0438899
-0.00695125
-0.00889528
-0.0636778
-0.036965
-0.00322846
-0.00411223
-0.055912
-0.0361144
-0.00111304
-0.00121681
-0.0544405
-0.0409654
3.54586e-05
0.000274544
-0.0586343
-0.0504402
-0.000558358
-0.00128348
-0.000264406
-0.00395256
-0.00160892
-0.0133562
-0.00777699
-0.0277404
-0.0202945
-0.0390159
-0.0345694
-0.0365815
-0.0400576
-0.0215278
-0.0297277
-0.0146947
-0.0158333
-0.0282273
-0.0193792
-0.0414577
-0.0774073
-0.0650921
-0.0681797
-0.111661
-0.0930663
-0.134709
-0.127475
-0.121269
-0.133416
-0.0817707
-0.102837
-0.0435731
-0.0611722
-0.018229
-0.0290798
-0.00477778
-0.0102574
0.00127072
-0.00109714
-0.000433777
0.00184844
-0.00356596
-0.0605349
-0.0654518
-0.0683754
-0.0674296
-0.0628128
-0.0870541
-0.0544611
-0.083085
0.00453645
-0.00304992
-0.00711198
0.00528295
-0.0680296
0.000521655
-0.000626133
0.000227324
0.000891598
-0.00417516
-0.001441
-0.0110139
-0.00762524
-0.0135157
-0.0133994
-0.00581613
-0.0110235
0.00474344
0.000132986
0.00152763
0.0054037
-0.0176325
-0.0063782
-0.0331097
-0.0975589
-0.0796877
-0.142431
-0.120062
-0.159865
-0.15746
-0.137116
-0.154275
-0.0886758
-0.113479
-0.0465552
-0.065784
-0.0198693
-0.031402
-0.00543745
-0.0113914
0.00156312
-0.00124997
0.00339481
-0.00192562
0.00143992
-0.0120282
-0.00677503
-0.0621244
-0.0750587
-0.0874544
-0.0468934
-0.0753607
-0.120223
-0.122055
-0.0411073
-0.0641816
-0.0341998
0.00349178
0.00581116
-0.0171833
-0.0164666
-0.0219196
0.00624552
0.00526004
-0.0834847
-0.00480987
-0.0102744
0.00229493
-0.000723487
0.00548222
0.00436175
0.00594872
0.00593331
0.00580307
0.00563016
0.0100432
0.00689804
0.0190372
0.0140829
0.022815
0.0223048
0.0124109
0.0191324
-0.00911022
0.00293616
-0.025306
-0.064835
-0.0505069
-0.112452
-0.0857848
-0.166572
-0.141153
-0.184645
-0.181479
-0.145407
-0.168732
-0.0909636
-0.118053
-0.0473816
-0.0670979
-0.020491
-0.0321422
-0.00577452
-0.011969
0.001671
-0.00134783
0.00378447
-0.00523131
-0.000181233
-0.0112313
-0.112263
-0.0871208
-0.117268
-0.0278634
-0.0682926
-0.166259
-0.165299
-0.0214324
-0.025845
0.00226948
0.00556406
0.00560358
0.00672722
-0.019661
-0.024766
-0.158002
-0.210858
-0.219418
0.00700221
-0.105257
-0.00606211
-0.0130636
0.00501485
-1.97652e-05
0.0123233
0.00903236
0.0174443
0.015036
0.0227693
0.0199607
0.0302228
0.0262902
0.0363497
0.0339751
0.0330199
0.0361374
0.0194639
0.0271714
-0.00231304
0.00980462
-0.0386953
-0.0182079
-0.0992786
-0.0652412
-0.190423
-0.141082
-0.011781
0.0189583
0.00417061
-0.0556062
-0.0310028
-0.121407
-0.0864771
-0.180193
-0.154525
-0.188629
-0.1924
-0.143699
-0.170036
-0.0874963
-0.114781
-0.0453917
-0.0642377
-0.0198883
-0.0309187
-0.00573017
-0.011732
0.00179435
-0.00136865
0.00404738
-0.00886545
-0.00250105
-0.0154666
-0.0209011
0.0342467
-0.26681
-0.242951
-0.102247
-0.153985
-0.027895
0.00744294
0.00578882
0.00702538
-0.0720776
-0.214318
0.0509694
-0.0111414
-0.274567
-0.318492
-0.292828
0.00760799
-0.132164
-0.0211227
-0.0275456
-0.0256524
-0.0067858
-0.0146951
0.00811159
0.000865959
0.0199186
0.0144439
0.0293124
0.0248337
0.0377285
0.0336208
0.0443522
0.0414867
0.0452633
0.0457651
0.0378202
0.0425316
0.0236716
0.0314331
0.00240679
0.0141725
-0.0309504
-0.0124707
-0.0836257
-0.0544972
-0.161578
-0.119872
-0.252108
-0.206958
0.0629091
0.0989322
0.0818123
0.017669
0.0417857
-0.0450465
-0.0109735
-0.123497
-0.0837476
-0.180983
-0.157752
-0.180122
-0.187856
-0.132418
-0.159317
-0.079342
-0.104613
-0.0413903
-0.0582901
-0.0184375
-0.0284009
-0.00539521
-0.0109903
0.00183064
-0.00122316
0.00409877
0.0677972
0.11251
-0.332651
-0.289451
0.00825877
0.0079773
0.00739026
0.00854923
-2.12736e-05
0.00458398
-0.0127389
-0.006045
-0.0245759
-0.0191749
-0.0288031
-0.027985
-0.0270398
-0.118671
-0.194851
-0.0727748
-0.263899
0.00395894
-0.323899
0.120565
0.0833033
-0.357529
-0.31283
-0.355004
-0.0244521
-0.0231262
-0.161366
-0.0202216
-0.023692
-0.00682982
-0.0145235
0.0102579
0.0015161
0.0256363
0.0183131
0.037755
0.0321004
0.0465205
0.0426019
0.0505265
0.0492844
0.0479987
0.0502212
0.0392396
0.0442868
0.0254824
0.0329591
0.00548789
0.0164495
-0.0242411
-0.00795054
-0.0687324
-0.0442919
-0.131432
-0.0982762
-0.204574
-0.167781
-0.257826
-0.236201
0.123198
0.127498
0.129638
0.0906251
0.10963
0.0373594
0.0664281
-0.0368986
0.00277807
-0.118653
-0.0788598
-0.169086
-0.150099
-0.159902
-0.171055
-0.114161
-0.138924
-0.0682256
-0.0898109
-0.036103
-0.0504209
-0.0163367
-0.0249858
-0.00477136
-0.00978088
0.00183563
-0.00100354
0.00568506
0.00403589
0.00784048
0.00688853
0.00849625
0.00663602
0.00943657
0.00853382
-0.00270536
0.00282505
-0.0157643
-0.0092171
-0.0257326
-0.0214709
-0.0274549
-0.0278573
0.117027
0.119243
-0.318955
-0.265906
-0.0204356
-0.0247726
-0.132446
-0.234404
-0.0677683
-0.30606
0.0207952
-0.358272
0.0912998
-0.376392
0.102219
0.103409
-0.355649
-0.258069
-0.30545
0.094932
0.0791171
0.0734005
-0.235623
-0.202462
-0.18551
-0.015333
-0.017207
-0.0129583
-0.188153
-0.0191468
-0.0177201
-0.0164911
-0.018905
-0.00528658
-0.011839
0.0113457
0.00262548
0.027927
0.0199153
0.0408726
0.0349547
0.0487724
0.0455001
0.0509862
0.0506032
0.047315
0.0498846
0.038552
0.0434443
0.0255917
0.0326223
0.00725981
0.0172072
-0.018704
-0.00461371
-0.0555178
-0.0355683
-0.104467
-0.0787605
-0.159841
-0.132512
-0.200286
-0.183311
-0.206753
0.121902
0.111237
0.123636
0.126157
0.0973777
0.114027
0.0437718
0.0739016
-0.0310983
0.00814898
-0.105687
-0.0706245
-0.143669
-0.1311
-0.131021
-0.142672
-0.0924001
-0.112699
-0.0559856
-0.0730287
-0.0303051
-0.0418408
-0.0139371
-0.0211753
-0.00396795
-0.00833769
0.00191729
-0.0006391
0.0054002
0.00388893
0.00747895
0.00656272
0.00820052
0.00957525
0.00961332
0.00554397
0.00827656
-0.00497717
0.000932232
-0.017282
-0.0113489
-0.0250588
-0.0220355
-0.024577
-0.0259215
-0.0214142
-0.138932
-0.265873
-0.0555487
-0.333302
0.037125
-0.371522
0.0880552
-0.372269
0.0803299
-0.333897
0.0474064
0.0505441
-0.271215
-0.158733
-0.196588
0.0415196
0.0172871
0.0151171
-0.124605
-0.120679
-0.0957652
-0.0137254
-0.00992724
-0.0103054
-0.00885807
-0.206772
-0.0126679
-0.0117495
-0.0104672
-0.0123215
-0.00147265
-0.00671985
0.0128615
0.00525301
0.0281841
0.020692
0.0403236
0.0348097
0.0472819
0.0444908
0.0486305
0.0486366
0.0447845
0.0472924
0.0365532
0.0411209
0.0245904
0.0310595
0.00809375
0.0169749
-0.0143634
-0.00229626
-0.044498
-0.028408
-0.0824247
-0.0626436
-0.122559
-0.103186
-0.15163
-0.139962
-0.151683
-0.156111
-0.139781
0.0844091
0.0648022
0.110146
0.0996673
0.113674
0.115069
0.0914144
0.105755
0.0432023
0.070325
-0.0228406
0.011236
-0.0834167
-0.0556385
-0.11059
-0.102909
-0.0990992
-0.108468
-0.0708538
-0.0855474
-0.0442254
-0.0567965
-0.0245953
-0.0335363
-0.0114426
-0.0173342
-0.00307599
-0.00678181
0.0020409
-0.000207605
0.00514788
0.00379037
0.00704307
0.00620668
0.00772222
0.00958287
0.00905159
0.00954763
0.00970911
0.00446332
0.00781803
-0.00634532
-0.000522136
-0.0171147
-0.0121246
-0.0226067
-0.0207163
-0.0208082
-0.0225981
-0.0176391
-0.135523
-0.283704
-0.03862
-0.339608
0.0460494
-0.361951
0.0707752
-0.343851
0.049334
-0.291262
0.0165619
-0.221099
-0.0142611
-0.0170648
-0.149421
-0.0692566
-0.0869874
-0.0071919
-0.212519
-0.00587359
-0.00458168
-0.00494736
-0.00649008
-0.00627902
-0.00383966
-0.00567772
0.00367558
-0.000624325
0.0153518
0.00914949
0.0281514
0.0218652
0.0384482
0.0337717
0.044223
0.0419491
0.0450197
0.0452148
0.0413117
0.043677
0.0337928
0.037963
0.0229319
0.0287895
0.00827026
0.0161125
-0.0110323
-0.000753702
-0.0356662
-0.0226927
-0.0649148
-0.0498593
-0.0943774
-0.080149
-0.114327
-0.106411
-0.113561
-0.11686
-0.0903928
-0.104178
-0.0554101
-0.0735407
0.0356114
-0.0124299
0.0127668
0.0734204
0.0559226
0.0965106
0.0869778
0.100922
0.101331
0.0828914
0.0946855
0.0433155
0.0654484
-0.00910201
0.0176693
-0.0553396
-0.0343151
-0.076103
-0.0690615
-0.0700569
-0.0755457
-0.0521194
-0.0616333
-0.0338217
-0.0426334
-0.0193295
-0.0260453
-0.00903258
-0.0137096
-0.00217106
-0.00524344
0.00218389
0.000255623
0.00487609
0.00369758
0.00654519
0.00582057
0.00751873
0.00710068
0.00784658
0.00974829
0.00851646
0.00928452
0.00931521
0.00983377
0.00356457
0.00725895
-0.00676647
-0.00136887
-0.0155384
-0.0116406
-0.0191812
-0.0181079
-0.0168874
-0.0187292
-0.0108307
-0.0140513
-0.00477076
-0.00757067
-0.0463006
-0.0390447
-0.0443277
-0.0386606
-0.123136
-0.282517
0.0075106
-0.0228028
-0.325855
-0.00121868
-0.00239237
-0.000429799
0.0403757
-0.331213
0.0403777
-0.296778
0.0113465
-0.233438
-0.0232456
-0.161175
-0.0556695
-0.0970196
-0.0666062
-0.0801526
-0.0499198
-0.0234273
-0.0252304
-0.206956
-0.00212273
-0.00185218
-0.00141935
-0.00198612
0.00177222
-0.00026663
0.0082038
0.00448854
0.017702
0.0126995
0.0279205
0.0229071
0.0361163
0.0324055
0.0405846
0.0388589
0.0409148
0.0412434
0.0374465
0.0396368
0.0306699
0.0344268
0.0209295
0.0261697
0.00800497
0.0148816
-0.00851561
0.00020851
-0.0287184
-0.0181976
-0.0514601
-0.0399224
-0.0732004
-0.0627927
-0.0869043
-0.0816794
-0.0862702
-0.0889591
-0.0702878
-0.0801415
-0.045838
-0.0581558
-0.0262454
-0.0347872
-0.0106119
-0.0553713
-0.0327906
0.030238
0.0104972
0.0627866
0.047883
0.0833571
0.0748058
0.0882425
0.0878622
0.0752003
0.0839546
0.0451154
0.0619614
0.00542982
0.0256633
-0.029836
-0.0136631
-0.0475048
-0.0411045
-0.0469885
-0.0489802
-0.0370073
-0.0425977
-0.0250728
-0.0309846
-0.0146982
-0.0196025
-0.00682391
-0.0104537
-0.0013112
-0.00380778
0.00232352
0.000700747
0.00461042
0.00360575
0.00603089
0.00541206
0.00700585
0.00657147
0.00731265
0.0086449
0.00791046
0.0097726
0.00934751
0.00900326
0.00982381
0.00290409
0.00672115
-0.00631278
-0.00172837
-0.0130987
-0.0102004
-0.0154072
-0.0148608
-0.0130875
-0.0147445
-0.00815518
-0.0107708
-0.00536488
-0.094056
-0.0773284
-0.0164934
-0.0211117
-0.106014
-0.266573
0.000714293
0.000868136
-0.0169834
-0.296381
0.0166363
-0.286123
-0.000680141
-0.238058
-0.0341047
-0.167718
-0.069207
-0.0980718
-0.0978263
-0.0465094
-0.114769
-0.0180056
-0.0977528
-0.120365
-0.00886675
-0.0798338
-0.0944467
-0.116141
0.00694934
-0.0132812
-0.0198941
-0.190465
0.000659716
0.000785762
0.00206785
0.00120509
0.00546355
0.00351095
0.0112566
0.00805751
0.019009
0.0149832
0.0270596
0.0231308
0.033414
0.0305492
0.0367588
0.0354974
0.0367124
0.0371465
0.0334962
0.0354379
0.0274426
0.0307993
0.0187713
0.0234262
0.00743314
0.0134382
-0.00668388
0.000714843
-0.0233161
-0.0147393
-0.041204
-0.0322387
-0.0574803
-0.049793
-0.0673679
-0.0635254
-0.0670706
-0.0685958
-0.0560862
-0.0628344
-0.0395695
-0.0480498
-0.0266105
-0.0320837
-0.0234194
-0.0236676
-0.0458177
-0.0635519
-0.00889264
-0.0272574
0.0254914
0.0088556
0.0533723
0.0403661
0.0714349
0.0638853
0.076737
0.0757108
0.0679301
0.074094
0.0458061
0.0582542
0.0161925
0.0313466
-0.0109224
0.00169576
-0.0266958
-0.0204262
-0.0299059
-0.0296022
-0.0253193
-0.0282101
-0.0179733
-0.0217566
-0.010774
-0.0142561
-0.00488846
-0.00764476
-0.000545528
-0.00253569
0.00243184
0.00109056
0.00434773
0.00350014
0.00553118
0.00501267
0.00623099
0.00593717
0.00676273
0.00650518
0.00692457
0.00859081
0.00781432
0.00963311
0.00921442
0.00859519
0.00959764
0.00253632
0.00619327
-0.00522969
-0.00152115
-0.010262
-0.00817572
-0.01168
-0.0114375
-0.00963622
-0.0110214
-0.00569685
-0.00778676
-0.00154606
-0.0035201
0.000933231
-0.000182777
-0.0928594
-0.241598
-0.0257663
-0.0223821
0.00165254
0.0011238
0.00155979
-0.0248651
-0.0267943
-0.0290067
-0.259572
-0.0239443
-0.235686
-0.0520343
-0.176261
-0.0882
-0.102256
-0.120832
-0.0397243
-0.142101
-0.00409712
-0.148365
0.00488958
-0.106701
-0.0864928
-0.0932835
-0.115571
-0.143925
-0.00196051
-0.131724
0.000283221
0.0061767
0.00118409
-0.171447
0.00192515
0.00183527
0.00261231
0.00227057
0.00436791
0.00333052
0.00773391
0.00585244
0.0128269
0.0100808
0.0191735
0.0159123
0.0255262
0.0224439
0.030437
0.0282335
0.0329207
0.0320098
0.0326397
0.0331192
0.0296782
0.031467
0.0242717
0.0272618
0.0165838
0.0207028
0.00666487
0.0118965
-0.00540325
0.000880237
-0.0191803
-0.0121343
-0.0334584
-0.0263724
-0.0459033
-0.0400984
-0.0532568
-0.0503897
-0.0532306
-0.0542075
-0.0459333
-0.0503398
-0.0348785
-0.0405099
-0.0263978
-0.029929
-0.0246886
-0.0652526
-0.076986
-0.0376035
-0.0519681
-0.00720002
-0.022468
0.0216289
0.00763153
0.0452252
0.0341575
0.0609719
0.0542148
0.0664489
0.0650337
0.060698
0.0649513
0.0445723
0.0537114
0.0224294
0.0338315
0.00140415
0.0113246
-0.0125691
-0.00668156
-0.017704
-0.0161144
-0.0165164
-0.0176588
-0.0123597
-0.014629
-0.00755005
-0.00994138
-0.00325938
-0.00530431
9.36669e-05
-0.00146208
0.00248563
0.001399
0.00406587
0.00336128
0.00503948
0.00461235
0.00559762
0.00535289
0.00597417
0.00581173
0.00612829
0.00682588
0.00602515
0.00832751
0.00759902
0.00931489
0.00892726
0.00810977
0.00919175
0.00248527
0.00576567
-0.00374549
-0.00088176
-0.00739921
-0.00591011
-0.00832241
-0.00820077
-0.00676024
-0.00780266
-0.00385338
-0.00537082
-0.00116446
-0.00238498
-0.000272786
-0.0155299
0.00134018
-0.0303357
-0.0302977
-0.0939169
-0.217525
-0.0621669
-0.226065
-0.0793422
-0.189344
-0.0282112
-0.115355
-0.119517
-0.151207
-0.0443074
-0.176421
0.00847966
-0.0969817
-0.0776282
-0.0775953
-0.0972246
-0.185933
0.0257909
-0.120457
-0.179664
0.0165922
-0.143186
-0.163875
-0.00346884
0.00134149
0.00439946
0.00525308
-0.036566
-0.0348538
0.00453867
-0.160874
0.0022037
0.00178063
0.00201961
0.00276814
0.00242831
0.00380464
0.00318001
0.00571687
0.00461819
0.00888311
0.00714804
0.0133034
0.0109623
0.018507
0.0158594
0.0235503
0.0211168
0.0273676
0.0256646
0.0292086
0.0285575
0.0287704
0.029273
0.0260628
0.0276867
0.0212381
0.0238998
0.0144372
0.0180732
0.0057738
0.0103257
-0.0045507
0.000793862
-0.0160215
-0.0101962
-0.0275601
-0.021877
-0.0373158
-0.0328
-0.0430188
-0.0407831
-0.0432688
-0.0438384
-0.0384214
-0.0413637
-0.0310945
-0.0348302
-0.0255848
-0.0278614
-0.0248525
-0.0245683
-0.0288443
-0.0263521
-0.0399724
-0.0356333
-0.0320678
-0.0700485
-0.0751137
-0.0530374
-0.0624649
-0.030618
-0.0423176
-0.00568739
-0.0182287
0.0184074
0.00667666
0.0383876
0.028981
0.0520236
0.0460603
0.0573918
0.0557891
0.0537649
0.0566622
0.0419904
0.0487257
0.0252901
0.033954
0.00887886
0.0166945
-0.00329083
0.00204053
-0.0091765
-0.00696965
-0.0100189
-0.0100736
-0.00802823
-0.00924338
-0.00498347
-0.00655395
-0.00194815
-0.0034247
0.000584542
-0.000606678
0.00247098
0.00160607
0.00375156
0.00317766
0.0045448
0.00419682
0.00498856
0.00479753
0.00521245
0.0051166
0.00539375
0.00531645
0.00543282
0.00659912
0.00583244
0.00798107
0.00731927
0.00883512
0.00852342
0.00760059
0.00865585
0.00269801
0.00547437
-0.00210592
3.33495e-05
-0.00477083
-0.0036812
-0.00550057
-0.00537347
-0.00449634
-0.00518223
-0.00258125
-0.00357152
-0.000864522
-0.00165367
0.000536439
-0.000180435
0.00124254
-0.115672
-0.205426
-0.0389062
-0.0309828
-0.0328227
-0.115577
-0.205017
-0.0229601
-0.149392
-0.153787
-0.191092
-0.073366
-0.0368621
-0.0749526
-0.0584472
-0.0531287
-0.0694166
-0.221701
0.00114136
-0.0943831
-0.232921
0.0430901
-0.0452722
-0.0440219
-0.121427
-0.226184
0.0408649
-0.149977
-0.205695
0.0159634
-0.178704
0.00200431
0.00164128
0.00179505
0.00135664
0.00450151
0.0039596
0.00153321
-0.168315
0.0025219
0.00227784
0.00322356
0.00281937
0.00440713
0.00373164
0.00636805
0.00527832
0.00926103
0.00769989
0.0130576
0.0110711
0.0173319
0.0151739
0.0213598
0.0194266
0.024343
0.0230215
0.0256987
0.0252429
0.0251556
0.0256659
0.0226823
0.024151
0.0183762
0.0207461
0.0123652
0.0155715
0.0048014
0.00876165
-0.00404995
0.000508955
-0.0136579
-0.00880806
-0.0230815
-0.0184693
-0.0308847
-0.0272853
-0.0354819
-0.0336562
-0.0359695
-0.0362398
-0.0327837
-0.0347372
-0.0279686
-0.0304014
-0.0242776
-0.0258219
-0.0238433
-0.0236189
-0.0266014
-0.0249002
-0.0287655
-0.061877
-0.0614237
-0.0562117
-0.0601275
-0.0427967
-0.0503378
-0.0246767
-0.034145
-0.00427763
-0.014632
0.0158165
0.00600628
0.0327568
0.0247693
0.0444891
0.0394011
0.049566
0.0478984
0.0474072
0.0493513
0.0387592
0.0437623
0.0260205
0.0326795
0.0128424
0.0192627
0.00261059
0.00726962
-0.00332454
-0.000901082
-0.00531645
-0.004719
-0.00476892
-0.00526234
-0.00300942
-0.00397076
-0.000947949
-0.0019771
0.000916289
2.56395e-05
0.00237506
0.00169937
0.00339516
0.00293551
0.00403376
0.0037541
0.00438148
0.00423626
0.0045141
0.00445258
0.0045779
0.00454672
0.00459145
0.00512196
0.00382791
0.00434349
0.00633713
0.00569359
0.00754191
0.00697147
0.0082074
0.00798308
0.0070805
0.00801358
0.00305685
0.0052844
-0.000522208
0.00103433
-0.00251961
-0.00167602
-0.00324406
-0.00304332
-0.00276131
-0.00313504
-0.00157152
-0.00220351
-0.000363021
-0.00094467
0.00088474
0.000222237
0.0013158
-0.0417565
-0.0339001
-0.159287
-0.212252
-0.0130232
-0.186827
-0.200013
-0.0462096
-0.0334634
-0.0252555
-0.0376856
-0.233978
-0.131073
-0.0350121
-0.0615331
-0.276452
-0.0403238
-0.0886584
-0.295394
0.0318401
-0.0504874
-0.0477332
-0.118467
-0.286214
0.0616619
-0.0521267
-0.151712
-0.260072
0.0407557
-0.187581
-0.224685
0.00161027
0.00351957
-0.0438464
-0.0341824
-0.197067
0.00205012
0.0015919
0.00180802
0.00264344
0.00233333
0.0034376
0.00300082
0.00466201
0.00397722
0.00653321
0.00550939
0.00912018
0.00774033
0.012358
0.0106797
0.0158701
0.0141092
0.0191016
0.0175587
0.0214383
0.0204123
0.0224186
0.0221136
0.0218037
0.0223129
0.0195421
0.0208723
0.0156966
0.0178072
0.0103849
0.0132115
0.00377997
0.00722699
-0.00382669
7.42556e-05
-0.0119235
-0.00785722
-0.0197001
-0.0159136
-0.0260449
-0.0231227
-0.0298444
-0.0283105
-0.0305124
-0.0305653
-0.0284566
-0.0297455
-0.0252132
-0.0268605
-0.0226911
-0.0237597
-0.0222521
-0.0221601
-0.0239366
-0.0228989
-0.0263505
-0.0252291
-0.0270265
-0.0270992
-0.0334865
-0.0238093
-0.026097
-0.0450129
-0.0403541
-0.0485795
-0.0477417
-0.0445876
-0.0475252
-0.0342535
-0.0400913
-0.0196686
-0.0273526
-0.00289032
-0.0114887
0.0137783
0.00560896
0.0281052
0.0213569
0.0381613
0.03373
0.04288
0.0412293
0.0417169
0.0429973
0.0353166
0.0390682
0.025501
0.0306674
0.0149569
0.0201647
0.00624746
0.0102879
0.000597086
0.0030205
-0.00199516
-0.00102604
-0.00238951
-0.00239725
-0.00155464
-0.00206917
-0.000240776
-0.000921447
0.00108504
0.000439249
0.00218702
0.00167051
0.00298583
0.00262337
0.00349247
0.00327106
0.00375312
0.00364802
0.00384053
0.00382051
0.00387175
0.00385937
0.00383842
0.00385001
0.00377175
0.00486127
0.00413072
0.00604854
0.00546825
0.00701918
0.00658118
0.00744507
0.00731791
0.00652344
0.00726888
0.00342958
0.00511646
0.00086284
0.00196411
-0.000693799
4.8565e-06
-0.00149863
-0.00120402
-0.00143074
-0.00156861
-0.000722261
-0.00112749
0.000154144
-0.000277473
0.00106776
0.000591494
0.00132941
0.00133064
0.0014884
0.0014469
0.00353198
-0.222635
-0.237805
0.00147496
0.00342574
-0.01653
-0.0281816
-0.273037
-0.208873
-0.0204635
-0.0310833
-0.0295461
-0.0522477
-0.32917
-0.119878
-0.0449518
-0.0804792
-0.365241
-0.0204199
-0.0551483
-0.0503624
-0.112314
-0.364921
0.0471262
-0.0604056
-0.148286
-0.331845
0.0628961
-0.0596399
-0.190028
-0.284796
0.0260158
-0.235731
-0.01595
-0.00695872
-0.00345446
-0.00713293
0.00417916
-0.245
0.00150218
0.00114883
0.00128763
0.00198581
0.0017091
0.00260925
0.00226178
0.00342848
0.00297595
0.00463431
0.00396758
0.00636017
0.00542543
0.00864185
0.00743498
0.0113792
0.00997163
0.0142665
0.012828
0.0168611
0.0156296
0.0186859
0.0178935
0.019369
0.0191833
0.0187045
0.0192081
0.0166324
0.01784
0.0131945
0.0150755
0.00850013
0.0109923
0.00272962
0.0057321
-0.00382184
-0.000474596
-0.0106815
-0.00725107
-0.0171588
-0.0140179
-0.0223887
-0.0199813
-0.0255757
-0.0242693
-0.0263417
-0.026254
-0.0250358
-0.0258879
-0.0227827
-0.0239394
-0.0209386
-0.0217391
-0.0203147
-0.0204613
-0.0210987
-0.0206074
-0.0219338
-0.0216255
-0.0208542
-0.0217287
-0.0162925
-0.0192064
-0.0119395
-0.00658673
0.0118176
0.0018076
-0.0225504
-0.0148343
-0.0334787
-0.029006
-0.0373912
-0.036395
-0.0347873
-0.0369028
-0.0270994
-0.0316385
-0.0153297
-0.021667
-0.00158441
-0.00863525
0.0122939
0.00547117
0.0243123
0.0186269
0.0329304
0.0291002
0.0371971
0.0356288
0.0366992
0.0375183
0.0319261
0.0347652
0.0242857
0.0283332
0.0157963
0.020042
0.00836238
0.0118611
0.00313585
0.00545106
0.000276018
0.00144082
-0.000721031
-0.000406394
-0.000547299
-0.000735835
0.000195596
-0.000215166
0.00109081
0.000642912
0.00189828
0.00151415
0.00251175
0.0022311
0.0029109
0.00273593
0.00312021
0.00303499
0.00319091
0.00316928
0.00318212
0.00318531
0.00318555
0.00317911
0.00293135
0.00311491
0.00458531
0.00396776
0.00567512
0.00515148
0.00638686
0.00609851
0.00656039
0.00653156
0.00588668
0.00641529
0.00370317
0.00488516
0.00196618
0.00271107
0.000713115
0.00132189
-0.000188094
0.000192171
-0.000429143
-0.000396404
-7.42325e-05
-0.000308507
0.000509213
0.000218546
0.00110909
0.00079863
0.00126104
0.00127169
0.00128305
0.00132838
0.0012241
-0.0175205
-0.301296
-0.277388
-0.0109575
-0.0051043
0.00173917
0.0018159
0.000856945
-0.0261988
-0.0188582
-0.0417009
-0.368652
-0.226092
-0.0436926
-0.0701647
-0.425698
-0.117239
-0.0583045
-0.050923
-0.103142
-0.447412
-0.0129067
-0.0682017
-0.14082
-0.422333
0.0474086
-0.067298
-0.0718152
-0.186006
-0.365044
0.0451574
-0.238624
-0.299059
0.0248502
0.00897933
-0.0054978
-0.307503
0.00134453
0.00106112
0.00183069
0.00154526
0.00243409
0.00209545
0.00325433
0.00280654
0.00439252
0.0037727
0.00595012
0.00511511
0.00793867
0.00689481
0.0102386
0.00906622
0.0126062
0.0114329
0.0146831
0.0137042
0.0160927
0.0154901
0.0165356
0.0164459
0.0158356
0.0163316
0.0139314
0.0150309
0.0108534
0.0125316
0.006703
0.00890073
0.00165874
0.0042759
-0.00399427
-0.0011157
-0.00982919
-0.00692167
-0.0152634
-0.0126365
-0.0196179
-0.0176138
-0.0223121
-0.0211941
-0.0230997
-0.022936
-0.0222679
-0.022842
-0.0206231
-0.0214846
-0.0191167
-0.019803
-0.018363
-0.01863
-0.018184
-0.018247
-0.0177389
-0.0181072
-0.0154096
-0.0168598
-0.0100337
-0.0132015
-0.00123876
-0.00578293
-0.00989238
6.06697e-05
0.00875415
0.00320447
0.000972411
0.0189432
0.00902755
-0.0131958
-0.00630734
-0.023698
-0.0190889
-0.0281144
-0.0267473
-0.0268139
-0.0280691
-0.0209762
-0.0244227
-0.0115552
-0.0166055
-0.000300582
-0.00606201
0.0111698
0.00551353
0.0212277
0.0164549
0.0285777
0.0252965
0.0323787
0.0309396
0.0323129
0.0328131
0.0287269
0.0308952
0.0227247
0.0259243
0.0157944
0.0192742
0.00945294
0.0124757
0.00468768
0.00684882
0.00175243
0.00300655
0.000376975
0.00090329
7.87594e-05
0.000127828
0.000385539
0.000183761
0.000936799
0.000648402
0.00150248
0.00122741
0.00196303
0.00174948
0.00227714
0.00213828
0.00245062
0.00237961
0.00251462
0.00249454
0.00251021
0.00251841
0.00248951
0.00250656
0.00228689
0.00243536
0.00310797
0.00236912
0.00426481
0.00369877
0.00520618
0.00475927
0.00567025
0.00552433
0.00558713
0.0056631
0.00514899
0.00546518
0.00381047
0.00453695
0.00276076
0.00321914
0.00173799
0.00228145
0.000758001
0.00120485
0.000287995
0.000446821
0.000360556
0.000268284
0.000693294
0.000521874
0.00105386
0.000862659
0.00115029
0.00116113
0.00111272
0.00117822
0.00102583
-0.0180893
-0.00275687
-0.0303343
-0.387813
-0.323062
0.000591765
0.0309907
-0.0383106
-0.0582521
-0.4634
-0.245724
8.64673e-05
0.0100566
0.0174288
-0.0580812
0.0343329
0.0275451
-0.0481259
-0.0917732
-0.510667
-0.120716
-0.0739673
-0.130126
-0.511424
-0.0168874
-0.0745786
-0.0833657
-0.176401
-0.461008
0.0309107
-0.0844341
-0.233585
-0.382159
0.00881591
-0.0173888
-0.0067236
-0.302155
0.00337464
-0.00181316
-0.0177427
-0.376663
0.00111305
0.000910218
0.00159105
0.00135031
0.00217219
0.00186437
0.00294798
0.00253132
0.00399642
0.00343373
0.00537796
0.00464422
0.00708684
0.00619615
0.00901282
0.00803291
0.0109388
0.00998955
0.0125863
0.0118159
0.0136522
0.0132069
0.0138962
0.0138861
0.0131678
0.0136564
0.0114111
0.0124156
0.00865023
0.0101495
0.00497966
0.00691794
0.000570007
0.00285159
-0.00431225
-0.00183374
-0.00928725
-0.00681613
-0.013866
-0.0116584
-0.0175123
-0.0158345
-0.0197917
-0.0188377
-0.0205398
-0.0203493
-0.0199854
-0.0203928
-0.0187009
-0.0193911
-0.0173411
-0.0179951
-0.0163294
-0.0167863
-0.0154899
-0.0159217
-0.0139921
-0.014907
-0.010783
-0.0126956
-0.00492168
-0.00825355
0.00363588
-0.000835796
0.0145226
0.0082561
0.0440074
0.0395984
0.0475133
0.0247151
0.0356888
0.00762194
0.0153437
-0.00547522
0.000773401
-0.0155473
-0.0111045
-0.0202798
-0.0185863
-0.0200137
-0.0206882
-0.0156994
-0.0183029
-0.00827611
-0.0122857
0.000861709
-0.00382922
0.0103125
0.00563399
0.018721
0.0147182
0.02497
0.0221634
0.0283188
0.0270226
0.0285016
0.0287896
0.0257829
0.0274544
0.020987
0.0235725
0.0152827
0.0181716
0.00985596
0.0124739
0.00553671
0.00753213
0.00263019
0.00391215
0.00102075
0.00168565
0.000382368
0.00060649
0.000352273
0.000314026
0.000626624
0.000467633
0.000993636
0.000808245
0.00133007
0.00117018
0.00158087
0.0014672
0.0017357
0.0016696
0.00180991
0.00178176
0.00182997
0.00182712
0.00180768
0.00183017
0.00163356
0.001765
0.00133288
0.00148996
0.00276831
0.00164685
0.00213738
0.00390312
0.00335742
0.00471548
0.00435196
0.00492035
0.00491849
0.00455858
0.00475697
0.00429058
0.00442956
0.00370308
0.0040262
0.00324794
0.00345939
0.00243262
0.00291374
0.00140374
0.0018972
0.000763915
0.0010172
0.000616271
0.000636694
0.000752014
0.00067103
0.000964599
0.000844642
0.00100574
0.0010246
0.000936098
0.00101528
0.000535738
0.00077966
0.000324006
-0.02893
-0.0455851
-0.471621
-0.3668
0.000293425
0.0226942
0.00120235
-0.0528432
-0.0174839
-0.0295134
0.0517833
0.0466832
-0.0428394
-0.0790203
-0.543627
-0.263204
-0.0754318
-0.117231
-0.571498
-0.129605
-0.0808271
-0.00557288
-0.0925867
-0.162955
-0.547458
-0.0360359
-0.100839
-0.221056
-0.476858
-0.00195084
-0.098338
-0.293737
-0.38174
0.0219285
-0.0146018
0.0178252
0.00701873
0.015225
-0.0318489
-0.442501
0.000833587
0.000548328
0.00129605
0.00105607
0.00183511
0.00154358
0.00254949
0.00216628
0.00349195
0.00298921
0.00469752
0.00406163
0.00614654
0.00539619
0.00773729
0.00693427
0.00929226
0.00853377
0.010576
0.00998202
0.0113515
0.0110393
0.0114241
0.0114831
0.0106695
0.0111526
0.00904043
0.00996219
0.00655893
0.00790023
0.00331284
0.0050216
-0.000538522
0.00144852
-0.00475201
-0.00261925
-0.00899392
-0.00689322
-0.0128547
-0.0109979
-0.0159081
-0.0145044
-0.0178227
-0.0170184
-0.0184832
-0.0183028
-0.0180653
-0.0183851
-0.0169744
-0.0175737
-0.0156574
-0.0163203
-0.0143779
-0.0150117
-0.0129654
-0.0137177
-0.0107797
-0.0120202
-0.00695705
-0.0091313
-0.000674788
-0.00414442
0.00747248
0.00319079
0.0188871
0.0125819
0.0316743
0.0348316
0.0264275
0.0276908
0.0578399
0.0548266
0.0502529
0.0617704
0.0599742
0.0294465
0.0394281
0.0131636
0.0206867
0.000707531
0.0066139
-0.0087148
-0.00446591
-0.0136887
-0.0117769
-0.0142539
-0.0144587
-0.0112197
-0.0131251
-0.0054549
-0.00860607
0.00191437
-0.00189029
0.00967898
0.00582079
0.0166838
0.0133383
0.0219681
0.0195817
0.0248919
0.0237404
0.025208
0.0253659
0.0231125
0.0244231
0.0192401
0.0213433
0.014488
0.0169103
0.009805
0.0120881
0.00588856
0.00772574
0.00305935
0.00433693
0.00130378
0.00206143
0.000413063
0.000769849
0.00011605
0.000208868
0.00016327
0.00011102
0.00036581
0.0002545
0.000603025
0.000485161
0.000810919
0.000712622
0.000965455
0.000895078
0.00106758
0.00102247
0.00112717
0.00110299
0.00112488
0.0011388
0.00104321
0.00112714
0.000831334
0.000940324
0.000720635
0.00157563
0.000639046
0.0011189
0.00254486
0.00204452
0.00356213
0.00305926
0.00423924
0.00396156
0.00418851
0.00432677
0.00353211
0.00386928
0.00333374
0.00335504
0.00337418
0.00335156
0.00345328
0.00343709
0.00285654
0.0032642
0.00181354
0.00233446
0.00105406
0.00137493
0.000748863
0.000850058
0.000744259
0.000726826
0.000854807
0.000784565
0.000853218
0.000882878
0.00073667
0.000835926
0.000328524
0.000554308
-8.46809e-05
0.000138466
-0.0426297
0.0401063
-0.0062189
0.0220735
0.0319729
-0.0401548
-0.0297488
-0.0652433
-0.540151
-0.400837
-0.0708888
-0.103366
-0.597025
-0.27625
0.0415515
0.0439273
-0.0895682
0.00816304
0.0340335
0.029006
0.0525771
0.0632116
0.000569709
0.000160899
0.000107096
-0.00037887
-0.0002181
-0.000530603
-0.0968159
-0.147771
-0.59933
-0.145953
-0.0455271
-0.0317789
-0.114654
-0.203345
-0.553337
-0.0699994
-0.113272
-0.120889
-0.0235289
0.00905646
-0.275293
-0.469564
-0.0534753
-0.365564
-0.0491942
-0.494444
-2.4792e-05
-0.000210186
0.000453
0.000193908
0.000920179
0.000690644
0.0014309
0.00116116
0.00207915
0.00173469
0.00291096
0.00247037
0.00394646
0.00340393
0.00515788
0.00453453
0.00645417
0.00580359
0.00768173
0.00708774
0.00865143
0.00820997
0.00917329
0.0089776
0.00909211
0.00921383
0.00830927
0.00879007
0.00678843
0.00763903
0.00455263
0.00575439
0.00168373
0.00318832
-0.00167216
5.37991e-05
-0.00529738
-0.00346796
-0.0089026
-0.00712261
-0.0121461
-0.0105905
-0.014687
-0.0135214
-0.0162689
-0.0156056
-0.0168063
-0.0166626
-0.0164281
-0.0167142
-0.0154198
-0.0159813
-0.0140846
-0.0147776
-0.0125664
-0.0133506
-0.0106937
-0.0116975
-0.00797144
-0.00947737
-0.00368045
-0.00606508
0.00270327
-0.00074419
0.0110459
0.0066365
0.0224011
0.0162541
0.0373241
0.0294435
0.0383337
0.0683642
0.0623398
0.0655166
0.0717613
0.0701585
0.0735163
0.0726041
0.0333064
0.0425043
0.0178818
0.0250869
0.00588433
0.0115228
-0.00304207
0.00100994
-0.00815454
-0.00609194
-0.00939814
-0.00921128
-0.00743254
-0.00875967
-0.00303279
-0.00547577
0.0028605
-0.000203689
0.00920433
0.00603992
0.0150112
0.0122281
0.0194577
0.01744
0.0219861
0.0209763
0.0223641
0.0224363
0.0207264
0.0217674
0.0175503
0.0192855
0.0135449
0.015601
0.00946208
0.0114716
0.00589256
0.00758929
0.00315343
0.00441391
0.00129944
0.00212368
0.000210986
0.000673521
-0.000306727
-0.000104581
-0.000451832
-0.000413516
-0.000387337
-0.000437025
-0.000227483
-0.000313916
-4.23052e-05
-0.000135214
0.000131622
4.72716e-05
0.000279729
0.000209451
0.000394732
0.000342278
0.000467731
0.000438358
0.000462098
0.000470101
0.000318962
0.000401647
0.000233532
0.00150378
0.00104262
0.00240249
0.00195722
0.00326168
0.00283681
0.00377922
0.00358884
0.0035002
0.00376282
0.00254933
0.00303519
0.00229628
0.00227826
0.00281332
0.00251077
0.00338956
0.00314886
0.00305718
0.00336448
0.0020476
0.00257386
0.00121127
0.00157786
0.000799641
0.000955124
0.000700156
0.00072581
0.000737703
0.000703813
0.000701219
0.000742671
0.000553835
0.000658448
0.000214938
0.000398693
2.51455e-05
-0.0597627
0.0578174
-0.0497471
-0.0884687
-0.582712
-0.419876
0.0457817
-0.0961691
0.0236513
0.0740117
-0.000308904
-0.000353009
-0.000741345
-0.000903114
-0.093684
-0.131764
-0.616525
-0.284634
-0.0174005
-0.123042
-0.183847
-0.593659
-0.169372
-0.0660018
-0.0494131
-0.133794
-0.140757
-0.0458695
-0.00819158
-0.251317
-0.532537
-0.118842
-0.1441
-0.33934
-0.442659
0.0521378
0.044458
-0.0706458
-0.524466
-0.000375826
-0.000563257
5.51428e-05
-0.000164161
0.000499279
0.000273562
0.000974837
0.000727083
0.00155469
0.00124919
0.00227661
0.00189682
0.00315047
0.00269563
0.00414457
0.00363648
0.00517578
0.00466242
0.0061146
0.00566553
0.00680599
0.00649988
0.00709945
0.00700936
0.00687478
0.0070559
0.00605798
0.00654111
0.00462602
0.00541656
0.0026055
0.00368409
7.3465e-05
0.0013952
-0.00283799
-0.00134626
-0.00593752
-0.00437878
-0.00897802
-0.00748197
-0.0116768
-0.010387
-0.0137608
-0.0128088
-0.0150301
-0.014503
-0.0154182
-0.01533
-0.0150153
-0.015303
-0.0140191
-0.0145763
-0.01263
-0.0133638
-0.0109142
-0.011817
-0.00869822
-0.00988768
-0.00557699
-0.00728153
-0.00097795
-0.00349375
0.00549402
0.0020228
0.0139529
0.0094623
0.0250685
0.0191457
0.0392941
0.0318323
0.0545629
0.0557264
0.047362
0.051491
0.053169
0.046083
0.0492186
-0.122532
0.039491
0.0428128
0.0843641
0.0832713
0.0837865
0.0849021
0.08466
0.0848599
0.0848868
0.0744456
0.0847706
0.0848353
0.0543904
0.0642927
0.0363116
0.0449959
0.0216803
0.02858
0.0101917
0.0156018
0.00164057
0.0055336
-0.00354005
-0.00137662
-0.00532721
-0.00482041
-0.00424236
-0.00509339
-0.000969296
-0.00282571
0.00368612
0.00124491
0.00883102
0.00625257
0.0136206
0.011316
0.0173453
0.0156473
0.0195142
0.0186381
0.019907
0.0199275
0.0186044
0.0194448
0.0159657
0.0174161
0.0125434
0.014312
0.0089402
0.0107293
0.0056569
0.00723627
0.00299756
0.00424117
0.0010636
0.00194289
-0.000193573
0.000359739
-0.00090429
-0.000606163
-0.00121893
-0.00110103
-0.00127209
-0.00127033
-0.00116942
-0.00123465
-0.000985816
-0.00108422
-0.00077059
-0.000880018
-0.000555026
-0.000661521
-0.00036214
-0.00045449
-0.000222231
-0.000282372
-0.000130201
-0.000160672
-0.000202924
-0.000151896
-0.000257118
0.000501369
-0.000398942
4.39973e-05
0.00141341
0.00096039
0.00224235
0.00184087
0.00297595
0.00262086
0.00333901
0.00322703
0.00288154
0.00323923
0.0016752
0.00229941
0.00125919
0.00127916
0.00207184
0.00157221
0.00309091
0.00263477
0.00307285
0.00324872
0.00215181
0.00265834
0.00127704
0.0016713
0.000794824
0.000986821
0.000628994
0.000685226
0.00061309
0.000606035
0.000555502
0.000601837
0.000411998
0.000505455
0.000116593
0.000285111
-0.000333558
-7.005e-05
-0.00103898
-0.000665391
-0.0827935
0.0826401
-0.0747506
-0.114802
-0.594591
-0.422532
-0.000977404
-0.122465
-0.165142
-0.60346
-0.291692
-0.0325812
0.063443
0.0642429
0.074893
0.084957
-0.157215
-0.000457511
-0.000847906
-0.000894835
-0.00145538
-0.00116109
-0.0015897
-0.154815
0.0340673
-0.226168
-0.559308
-0.203243
-0.0928948
-0.0727843
-0.171713
-0.175659
-0.307926
-0.49019
-0.183293
-0.0753796
-0.0319869
-0.403207
0.0360788
0.0553212
0.0541914
0.0812587
0.0792863
-0.0963885
-0.529844
0.0173456
-0.00114974
-0.00131503
-0.000771555
-0.000969045
-0.000367585
-0.000568313
3.94459e-05
-0.000160424
0.000476504
0.000251497
0.000988063
0.000720972
0.00160333
0.001282
0.00232587
0.00195233
0.00312157
0.00271817
0.00391399
0.00352385
0.00459295
0.00427446
0.00503236
0.00484903
0.00511464
0.00512284
0.00475073
0.00499065
0.003891
0.00438233
0.00252781
0.00326935
0.000694102
0.00166447
-0.00153611
-0.000379084
-0.00404451
-0.00276564
-0.00666624
-0.0053536
-0.00919456
-0.00795593
-0.0113994
-0.0103508
-0.0130641
-0.0123095
-0.014033
-0.0136398
-0.0142529
-0.0142334
-0.0137839
-0.0140955
-0.0127584
-0.0133303
-0.0113017
-0.0120782
-0.00942852
-0.0104218
-0.00697171
-0.00828919
-0.003583
-0.00541886
0.00119378
-0.00139136
0.00769936
0.00422263
0.0161571
0.0116686
0.0270743
0.0212857
0.0407985
0.0336064
0.056685
0.0485637
0.0614246
0.0624205
0.0582209
0.0599406
0.0567024
0.103391
0.108454
0.105903
0.0996546
0.101299
0.0974017
0.0983433
0.0958298
0.0966101
0.0949945
0.0953451
0.0557741
0.0650428
0.0386872
0.046923
0.0247109
0.0313259
0.0136971
0.0188732
0.00547567
0.00923415
0.000271612
0.00249925
-0.00193885
-0.00117734
-0.00157584
-0.00203479
0.000762232
-0.0006061
0.00437997
0.002462
0.00851625
0.00643106
0.0124451
0.0105463
0.0155521
0.014129
0.0174018
0.016647
0.0177832
0.0177733
0.0167309
0.0174189
0.0145082
0.0157375
0.0115423
0.0130853
0.00831712
0.00993233
0.00525821
0.00674595
0.00265358
0.00388909
0.000636615
0.00157036
-0.000780312
-0.000141922
-0.00166963
-0.00128309
-0.00213875
-0.00194916
-0.00229226
-0.00224828
-0.00222626
-0.00228115
-0.00202127
-0.00213708
-0.00174011
-0.00188715
-0.00143302
-0.0015876
-0.00114011
-0.0012833
-0.00089546
-0.00101002
-0.000741787
-0.000800318
-0.000711657
-0.000693492
-0.000766442
-0.000735286
-0.000803216
0.000431501
-6.41754e-06
0.0012875
0.00086575
0.00204842
0.00168017
0.00267838
0.00238341
0.00292171
0.00287011
0.00234043
0.00276124
0.000936708
0.00167705
0.000268623
0.00039652
0.00118226
0.000577597
0.00257473
0.00191795
0.00292522
0.00293399
0.00215988
0.00261652
0.0012826
0.00168944
0.000753296
0.000970466
0.000541242
0.000618688
0.000489937
0.000500479
0.000426325
0.000470307
0.000297228
0.000379086
2.79476e-05
0.00018423
-0.000448251
-0.000175978
-0.000783433
-0.11174
0.111858
-0.106172
-0.14654
-0.577439
-0.414548
-0.0132206
0.0532861
0.0316296
0.0649459
0.0948243
-0.199775
-0.00128407
-0.00132539
-0.0019135
-0.0020591
-0.158777
0.0760275
-0.203327
-0.563851
-0.301778
-0.0525841
-0.193855
-0.213702
-0.275265
-0.506838
-0.249019
0.0176955
-0.212364
-0.359477
-0.437406
0.0527395
-0.105655
0.133806
0.141682
-0.130284
0.0736023
0.076915
-0.127348
-0.513644
0.00892362
-0.00158856
-0.00175566
-0.00120557
-0.00140163
-0.000815337
-0.00100634
-0.00044348
-0.000628745
-5.378e-05
-0.000254018
0.000387563
0.000158666
0.000900065
0.000633893
0.00148266
0.00118365
0.00209785
0.00178916
0.00267505
0.00239566
0.00311897
0.00291866
0.00332709
0.00325674
0.00320998
0.00331162
0.0027067
0.0030067
0.00179196
0.00229855
0.000475809
0.00117988
-0.00119932
-0.00032277
-0.00315988
-0.00215142
-0.00530002
-0.00421662
-0.00748072
-0.00639581
-0.00953429
-0.00853463
-0.0112793
-0.0104559
-0.0125485
-0.0119811
-0.0132231
-0.0129632
-0.013261
-0.0133193
-0.0126997
-0.0130489
-0.0116234
-0.0122189
-0.0101018
-0.0109153
-0.0081141
-0.00917116
-0.0055002
-0.00689917
-0.00195805
-0.00386568
0.00288985
0.000283964
0.00936294
0.00591097
0.0177466
0.0132984
0.0284455
0.0227908
0.0417455
0.0347468
0.057312
0.0493439
0.0733395
0.0738447
0.0655294
0.0722114
0.0727541
0.0712034
0.0716678
0.0703467
0.0706895
0.0706803
0.0702433
0.0715895
0.122108
0.12735
0.1141
0.117656
0.109225
0.111346
0.106325
0.1076
0.1048
0.105399
0.0943699
0.103827
0.104308
0.0750589
0.0848245
0.0565624
0.0655737
0.0404228
0.0481662
0.027081
0.0334232
0.0164958
0.0214633
0.0085746
0.0122099
0.00338245
0.00564626
0.00084927
0.00181034
0.000622533
0.000486465
0.00218435
0.00122211
0.00493495
0.00345498
0.00822486
0.0065539
0.011429
0.00987205
0.0140129
0.0128227
0.0155877
0.0149384
0.0159478
0.0159186
0.0150875
0.015657
0.01319
0.0142458
0.0105803
0.0119472
0.00764517
0.00912756
0.00474785
0.00617173
0.00216287
0.00340418
4.61196e-05
0.00104014
-0.00153631
-0.000811864
-0.00259842
-0.00212768
-0.00320933
-0.00295566
-0.00344448
-0.00336874
-0.00339175
-0.00344901
-0.00313886
-0.00328586
-0.00276499
-0.00296344
-0.00234085
-0.00255568
-0.00192405
-0.00213012
-0.00156696
-0.00173712
-0.00131624
-0.00142661
-0.00120045
-0.00123665
-0.0012174
-0.00119344
-0.00124657
-0.255652
-0.116501
-0.0689408
-0.000497092
-0.00136409
-0.000925658
0.000352722
-6.78475e-05
0.00114253
0.000755722
0.00183716
0.00150185
0.00238583
0.00213414
0.00254489
0.00253464
0.00189764
0.00234835
0.000382174
0.0011972
-0.000571152
-0.000291551
0.000261711
-0.000351214
0.00190841
0.00109383
0.00263822
0.00246148
0.00208683
0.00246456
0.00124303
0.00164788
0.000685199
0.00091949
0.000439359
0.000532182
0.000364264
0.000386293
0.000300495
0.000340659
0.000177859
0.000255239
-8.18415e-05
6.91453e-05
-0.000542571
-0.000279485
-0.00125482
-0.000872157
-0.00217501
-0.00169086
-0.149982
0.116154
-0.144154
-0.182826
-0.539321
-0.40083
-0.0295524
0.0261183
-0.205151
-0.272002
-0.245537
-0.508955
-0.31925
0.156016
0.168313
0.0695282
-0.0797806
0.0822029
0.0519315
0.0814261
0.0820532
0.0940408
0.1038
-0.242957
-0.317171
-0.446176
-0.30236
-0.0055253
-0.00270403
-0.00224942
-0.00280886
-0.00138738
-0.00180724
-0.00184427
-0.260981
-0.383168
-0.150876
0.108214
0.0896981
0.120793
0.151563
-0.181581
-0.163839
-0.483817
-0.00260014
-0.00239309
-0.00257106
-0.0020308
-0.00222238
-0.00163662
-0.00183382
-0.00127759
-0.00145464
-0.00094481
-0.00111121
-0.000606188
-0.000778147
-0.000239277
-0.000428699
0.000175104
-3.90971e-05
0.00062816
0.000397434
0.00108091
0.000856702
0.00146577
0.00128502
0.00169815
0.00160409
0.00169415
0.00172761
0.0013876
0.00157854
0.000743004
0.00110504
-0.000240744
0.0002889
-0.00153374
-0.000854824
-0.00308049
-0.00228277
-0.00480426
-0.00392843
-0.00660885
-0.00570527
-0.00837937
-0.00750758
-0.00998572
-0.00921217
-0.0112929
-0.0106847
-0.0121795
-0.0117943
-0.0125607
-0.0124353
-0.0124053
-0.0125482
-0.0117351
-0.0121301
-0.0105986
-0.0112206
-0.00902431
-0.00986503
-0.00696658
-0.00806093
-0.0042698
-0.00570997
-0.000669169
-0.00259933
0.00415848
0.00157472
0.0105308
0.0071356
0.018777
0.0144028
0.0292021
0.0237073
0.0421104
0.0353249
0.05754
0.0495889
0.0743824
0.0659042
0.0805506
0.0809056
0.0805927
0.0804746
0.0819229
0.0810283
0.0855492
0.0834059
0.0928624
0.0885055
0.0992345
0.138698
0.146435
0.127397
0.132467
0.1202
0.123379
0.115944
0.117775
0.113908
0.114654
0.113114
0.1133
0.0748267
0.0844012
0.0568519
0.0655992
0.0415286
0.0488647
0.0288132
0.0348646
0.0186531
0.0234225
0.0110227
0.014536
0.00587826
0.0081544
0.00310573
0.00422114
0.00240089
0.00252982
0.00331953
0.0026952
0.00534604
0.00423254
0.0079274
0.00660301
0.0105259
0.00925396
0.0126747
0.0116773
0.0140221
0.013459
0.0143637
0.0143182
0.0136573
0.0141309
0.0120172
0.0129353
0.00968202
0.0109134
0.00695902
0.00834555
0.00415971
0.00554864
0.00155079
0.00281496
-0.000687718
0.00037197
-0.00244692
-0.00163474
-0.00367971
-0.00312805
-0.00441692
-0.00410928
-0.00470957
-0.00461582
-0.00464148
-0.00471653
-0.00431025
-0.0045045
-0.00381559
-0.00407937
-0.00325065
-0.0035375
-0.00269106
-0.00296668
-0.0022077
-0.00243684
-0.00185578
-0.0020168
-0.00166439
-0.00173879
-0.00164788
-0.00163399
-0.00171171
-0.00167447
-0.00175911
-0.000528233
-0.00095178
0.000273609
-0.000119613
0.000992838
0.000643509
0.0016208
0.00131789
0.00209902
0.0018843
0.00219823
0.0022154
0.00153416
0.00198547
1.7757e-06
0.000837838
-0.0012483
-0.000787107
-0.000633694
-0.0011744
0.00113978
0.000219093
0.00223802
0.00186748
0.0019536
0.00222415
0.00118122
0.00156837
0.000613222
0.000856848
0.000345493
0.000448349
0.000254764
0.000284595
0.000190623
0.000228621
7.06358e-05
0.000145443
-0.000178727
-3.46226e-05
-0.000606549
-0.000364492
-0.00130492
-0.000924125
-0.00174575
-0.201704
-0.325681
-0.168562
-0.188382
-0.222204
-0.490419
-0.388856
0.183328
0.121439
-0.0516967
0.018169
0.0827826
0.113179
-0.262672
0.131305
0.147596
-0.281734
-0.448901
-0.343691
0.0593144
-0.117144
0.052035
-0.00325519
-0.003407
-0.00226458
-0.00284578
-0.00138306
-0.00184133
-0.0022587
-0.00232961
-0.29745
-0.335097
-0.387375
-0.354796
-0.330563
-0.213174
0.101052
-0.125144
-0.0421576
0.140448
-0.250169
-0.204275
-0.448693
0.198403
0.163504
-0.0175398
-0.00288525
-0.00307287
-0.00246568
-0.0026794
-0.00207125
-0.00225452
-0.00173247
-0.00189173
-0.00144078
-0.0015825
-0.00116473
-0.0013024
-0.000874802
-0.00102435
-0.000557566
-0.000720753
-0.000224995
-0.000393702
8.31614e-05
-6.67671e-05
0.000298948
0.000204138
0.000345044
0.000344067
0.000150229
0.000276978
-0.000333522
-5.88011e-05
-0.00111976
-0.000694754
-0.00218638
-0.00162613
-0.00348198
-0.00281514
-0.00493435
-0.00419884
-0.00645889
-0.00569787
-0.0079645
-0.00722387
-0.00935675
-0.00868379
-0.0105406
-0.00998254
-0.0114258
-0.0110267
-0.0119358
-0.0117314
-0.0120196
-0.0120319
-0.0116598
-0.0118933
-0.0108695
-0.0113151
-0.0096709
-0.0103183
-0.00806203
-0.0089177
-0.00597924
-0.00708474
-0.00327155
-0.0047139
0.000297413
-0.00160901
0.00501342
0.00249635
0.0111943
0.00790179
0.0192035
0.0149508
0.0293547
0.0239983
0.0419569
0.0353244
0.0573253
0.0493064
0.0747201
0.0658904
0.0908985
0.0922203
0.0835673
0.0889995
0.0899177
0.088286
0.0885041
0.0893998
0.0887094
0.0927584
0.0907458
0.099444
0.0956245
0.11115
0.10452
0.119792
0.206131
0.225084
0.174339
0.188907
0.153224
0.162642
0.139315
0.145588
0.13023
0.134266
0.124755
0.127115
0.122162
0.123144
0.121662
0.121691
0.113342
0.122636
0.122037
0.0936826
0.103685
0.0741538
0.0836993
0.0567083
0.0651279
0.0420299
0.0490248
0.0298976
0.0356598
0.0202042
0.0247587
0.0128858
0.0162702
0.00782993
0.0100995
0.00489088
0.00612616
0.00380416
0.00415219
0.00419245
0.00385083
0.00561634
0.00480912
0.00760791
0.00657036
0.0097062
0.0086655
0.0115007
0.0106543
0.0126683
0.0121662
0.0130013
0.0129333
0.0124225
0.012812
0.0109854
0.0117913
0.00885517
0.0099832
0.0062737
0.0075961
0.00351258
0.00489231
0.000831358
0.00214057
-0.00155004
-0.000411941
-0.00348463
-0.00258394
-0.00487967
-0.0042554
-0.00571846
-0.00537194
-0.00603795
-0.00594325
-0.00592178
-0.00603223
-0.00548227
-0.00573911
-0.00484113
-0.00518277
-0.00411462
-0.00448101
-0.0033997
-0.00375262
-0.00278766
-0.0030782
-0.00233402
-0.00254083
-0.00207736
-0.00218087
-0.00203546
-0.00203198
-0.00212888
-0.00207888
-0.00220653
-0.000541291
-0.000949454
0.000201357
-0.000157598
0.00085188
0.00053648
0.0014192
0.00114583
0.00183781
0.00165344
0.00190044
0.00193142
0.00126961
0.00169237
-0.000160467
0.00062712
-0.00172668
-0.00105497
-0.00137249
-0.00179318
0.000370872
-0.000578906
0.00175748
0.00121653
0.00176075
0.00190781
0.00109294
0.00144738
0.000530805
0.000777261
0.000249199
0.000358618
0.000148359
0.000183049
8.58976e-05
0.000121004
-2.60541e-05
4.29436e-05
-0.000257397
-0.000123991
-0.000648727
-0.00042844
-0.00131048
-0.000940111
-0.00175387
-0.266468
0.170734
-0.219518
-0.230967
-0.257934
-0.439129
-0.382059
0.223752
0.129184
-0.0813412
0.00822385
-0.00350449
-0.00233416
-0.324808
-0.297121
-0.392832
-0.370929
0.0449607
-0.170912
0.053161
0.0985378
0.100429
0.113485
0.123533
-0.335439
-0.307486
-0.371916
-0.384298
0.167877
0.11898
-0.33806
0.199188
-0.258571
0.204017
0.236882
-0.243745
-0.415714
0.18257
-0.0385146
-0.00376586
-0.0041381
-0.0040579
-0.00332444
-0.00357016
-0.00284306
-0.00308318
-0.00244242
-0.00263099
-0.00213466
-0.00227726
-0.00189809
-0.00201001
-0.00169383
-0.00179617
-0.00148529
-0.00159024
-0.0012685
-0.00138076
-0.00104822
-0.00116012
-0.000869478
-0.000954003
-0.000799139
-0.00082103
-0.000911632
-0.000833776
-0.0012714
-0.00106413
-0.00191389
-0.00156381
-0.00283582
-0.00234958
-0.00399469
-0.0033978
-0.0053176
-0.0046494
-0.0067129
-0.00602043
-0.00808311
-0.00741468
-0.00933602
-0.00873619
-0.0103915
-0.00989817
-0.0111846
-0.010828
-0.0116668
-0.0114691
-0.0118059
-0.0117811
-0.0115868
-0.0117406
-0.0110115
-0.0113413
-0.0100911
-0.0105913
-0.00883029
-0.00950107
-0.00720487
-0.00806364
-0.00513798
-0.00623116
-0.00248387
-0.00389352
0.00097064
-0.000869592
0.00548633
0.00307982
0.0113784
0.00823838
0.0190378
0.0149611
0.0288578
0.0236535
0.0412205
0.0346903
0.0565921
0.0485009
0.074748
0.065432
0.0937251
0.0842988
0.0961201
0.097106
0.0955278
0.0955204
0.0975103
0.0962283
0.102586
0.0996123
0.111919
0.106659
0.127285
0.118743
0.152213
0.1381
0.194006
0.170574
0.259773
0.223381
0.222251
0.242917
0.189202
0.204559
0.165753
0.176391
0.149802
0.157035
0.139181
0.143928
0.132734
0.135504
0.129702
0.130847
0.129466
0.129285
0.131433
0.130227
0.092675
0.103122
0.0730042
0.0825673
0.0559714
0.0640999
0.0418644
0.0485522
0.0303406
0.0357981
0.0211686
0.0254704
0.0142017
0.017422
0.00927954
0.0114972
0.00624094
0.00753961
0.00485763
0.00536274
0.00481553
0.00469269
0.00574617
0.00518413
0.00725629
0.00645318
0.00895129
0.00810297
0.0104667
0.00974972
0.0114996
0.0110563
0.0118337
0.0117604
0.011358
0.0116967
0.010072
0.0108095
0.00808024
0.00915203
0.00557452
0.00687548
0.0028011
0.00420327
2.63924e-05
0.00139538
-0.00250586
-0.00128692
-0.00459829
-0.00362157
-0.00612104
-0.00544414
-0.00702229
-0.00665718
-0.00733263
-0.00725507
-0.00714001
-0.00729974
-0.00657063
-0.00689946
-0.0057735
-0.00619795
-0.00487664
-0.00533892
-0.00401101
-0.00443524
-0.00327225
-0.00361991
-0.00272657
-0.00297388
-0.00241925
-0.00254339
-0.00236637
-0.00236716
-0.0025213
-0.00243451
-0.0027385
-0.00264164
-0.00290268
-0.00285459
-0.00134259
-0.00231758
-0.00179935
-0.000542977
-0.000927466
0.000127938
-0.000192039
0.000711067
0.000428353
0.00121539
0.000973878
0.00157367
0.00141938
0.00160625
0.00164595
0.0010317
0.00141252
-0.000265406
0.000447307
-0.00215908
-0.000905078
-0.00191631
-0.00221028
-0.000324031
-0.0012348
0.00125693
0.000582177
0.00154369
0.00156121
0.00100532
0.00131353
0.000468883
0.000709571
0.000183104
0.000295746
7.42893e-05
0.000113381
1.18476e-05
4.51239e-05
-9.09244e-05
-2.84155e-05
-0.000303266
-0.00018033
-0.000666389
-0.000462117
-0.00127336
-0.000930824
-0.00220538
-0.00170125
-0.0035179
-0.00278702
-0.339739
-0.108766
-0.219964
-0.267628
-0.273326
-0.393985
-0.380668
0.255679
0.139696
-0.126759
-0.00411802
0.102742
0.133112
-0.00288861
-0.00456727
-0.262975
-0.398983
-0.426574
0.0585892
0.146544
0.251125
0.321826
0.317025
0.0211986
-0.337485
-0.347157
-0.300172
-0.399357
0.347572
0.362607
0.402526
0.398349
0.354783
-0.268307
-0.388838
0.207285
0.414103
0.474456
0.52635
0.551964
0.451336
0.541177
0.501924
-0.0697628
-0.396177
-0.314746
-0.360607
-0.216051
0.00538469
0.385222
0.313077
0.190862
0.0713059
-0.431351
-0.419058
-0.432244
-0.430706
-0.405676
-0.00409859
-0.00324934
-0.00261037
-0.00205655
-0.00157809
-0.00118817
-0.00088396
-0.000650537
-0.000467329
-0.000324835
-0.000216635
-0.000139955
-8.74482e-05
-5.35691e-05
-2.53462e-05
1.68567e-06
4.07826e-05
0.000110018
0.000222428
0.000392372
0.000623156
0.000893021
0.00114967
0.00129362
0.00119152
0.000757579
1.16996e-05
-0.000877388
-0.00167249
-0.00217891
-0.00228334
-0.00187786
-0.00108694
-0.000329993
0.000345222
0.000863986
0.00119631
0.00136456
0.00140218
0.00134217
0.00121086
0.00103344
0.000822356
0.000590209
0.000339869
7.60224e-05
-0.000204635
-0.00051378
-0.000857139
-0.0012404
-0.00167388
-0.00216816
-0.00274967
-0.003455
-0.00355177
-0.00356498
-0.00343116
-0.00323979
-0.00305301
-0.00287204
-0.00272344
-0.00263907
-0.00262179
-0.00267622
-0.0028077
-0.00301196
-0.00328868
-0.0036282
-0.00402641
-0.00447298
-0.00495874
-0.0054696
-0.00599424
-0.00651196
-0.00700844
-0.00746226
-0.00785468
-0.00816662
-0.00837284
-0.00845594
-0.00840141
-0.00819245
-0.00782066
-0.00727818
-0.00656583
-0.00568686
-0.00465298
-0.00348245
-0.00219823
-0.000826479
0.000599623
0.00204799
0.00348158
0.00486629
0.00616633
0.00735153
0.0083926
0.00926815
0.00995922
0.0104567
0.0107544
0.0108571
0.0107712
0.0105146
0.0101057
0.00957346
0.00894637
0.00826218
0.00755662
0.00687269
0.00625059
0.00573495
0.00536709
0.00518971
0.00524297
0.005566
0.00619558
0.00716446
0.00850346
0.0102368
0.0123875
0.014973
0.0180147
0.0215333
0.0255564
0.0301124
0.0352348
0.0409613
0.0473413
0.0544522
0.0623628
0.0711216
0.0807293
0.0911773
0.102145
0.113359
0.124434
0.135049
0.145014
0.14206
0.139569
0.137713
0.136544
0.136094
0.13647
0.137689
0.139802
0.142894
0.147032
0.15232
0.15887
0.166836
0.17641
0.187847
0.201295
0.216645
0.23417
0.256645
0.287844
0.322943
0.357431
0.393706
0.432665
0.469015
0.49526
0.502822
0.485325
0.450035
0.405265
0.357868
0.313407
0.273368
0.239693
0.211227
0.188
0.168956
0.153326
0.140771
0.130726
0.122656
0.116243
0.111236
0.107456
0.104733
0.102957
0.102014
0.101899
0.102469
0.10371
0.105537
0.108055
0.111159
0.115024
0.105441
0.0951709
0.0846882
0.0742692
0.0643002
0.0552294
0.0470536
0.0397775
0.0333405
0.027665
0.0226726
0.0182936
0.0144596
0.0111066
0.00817325
0.00560398
0.00335106
0.00137294
-0.000364885
-0.00189498
-0.00324464
-0.00444111
-0.00550552
-0.00645888
-0.00731503
-0.00808821
-0.00878516
-0.00941409
-0.00997595
-0.0104743
-0.0109063
-0.0112722
-0.0115671
-0.0117897
-0.011935
-0.0120011
-0.0119847
-0.0118841
-0.0116991
-0.0114297
-0.0110795
-0.0106514
-0.0101537
-0.00959239
-0.0089805
-0.00832666
-0.00764763
-0.00695373
-0.00626342
-0.00558703
-0.00494232
-0.00433763
-0.00378757
-0.0032969
-0.00287524
-0.00252244
-0.00224183
-0.00202814
-0.00187871
-0.00178448
-0.00173902
-0.00173152
-0.00175275
-0.00179302
-0.00184616
-0.00190564
-0.00196738
-0.00202697
-0.00208438
-0.00214096
-0.00219895
-0.00227055
-0.00234873
-0.00245718
-0.00257535
-0.00274358
-0.00291429
-0.00316201
-0.00338349
-0.00373061
-0.00393736
-0.00436998
-0.00444326
-0.00508749
-0.00474724
-0.00542038
-0.0058955
-0.00522025
-0.274281
-0.271545
-0.382719
-0.359315
-0.455089
0.421589
0.143621
0.295409
0.471949
0.575287
0.620272
0.603978
-0.0182068
-0.202636
-0.111225
0.531937
0.239094
0.502547
-0.485489
-0.473238
-0.370252
-0.266336
-0.00659578
-0.00642053
-0.487964
-0.544477
-0.529889
-0.295684
-0.41681
-0.00709505
-0.00580433
-0.00556341
-0.00498147
-0.0047657
-0.00426841
-0.00397555
-0.00360476
-0.0033643
-0.00310688
-0.00293514
-0.00277205
-0.00266686
-0.00257626
-0.00252184
-0.00247765
-0.00245256
-0.00243131
-0.00241746
-0.00240351
-0.00239427
-0.0023836
-0.00238228
-0.00239262
-0.00242185
-0.00247992
-0.00257912
-0.00272432
-0.00292574
-0.00318841
-0.00352057
-0.0039211
-0.00439248
-0.00492755
-0.00552278
-0.00616501
-0.0068457
-0.00754726
-0.00825787
-0.00895751
-0.00963357
-0.0102663
-0.0108449
-0.0113524
-0.0117819
-0.0121214
-0.0123689
-0.0125182
-0.0125727
-0.0125316
-0.0124023
-0.012188
-0.0118979
-0.0115374
-0.0111152
-0.0106364
-0.0101068
-0.00952897
-0.00890454
-0.00823231
-0.00750851
-0.00672693
-0.00587804
-0.00494994
-0.00392743
-0.00279275
-0.00152566
-0.000102796
0.00150034
0.00331349
0.00536724
0.00770304
0.0103642
0.0134132
0.0169141
0.0209572
0.0256273
0.0310383
0.0372933
0.0445274
0.0528429
0.0623268
0.0728125
0.0842413
0.0961753
0.108036
0.119131
0.113098
0.699954
0.753515
0.261972
-0.0422773
-0.289195
0.470325
0.667999
0.144416
0.350565
0.632734
0.400659
-0.469168
-0.451149
-0.00484192
-0.00489937
-0.00350251
-0.00286635
-0.00233567
-0.00183169
-0.00140686
-0.00106952
-0.000809281
-0.000604631
-0.000442926
-0.000317901
-0.000224555
-0.000159075
-0.000113945
-8.33887e-05
-5.66448e-05
-2.84263e-05
1.273e-05
8.16928e-05
0.000190469
0.000349237
0.000559266
0.000795753
0.00100177
0.00107823
0.000892702
0.000366526
-0.000381636
-0.00118845
-0.00183681
-0.00217577
-0.00212046
-0.00170248
-0.0010451
-0.000364505
0.000219978
0.000659892
0.000941546
0.00108676
0.00112382
0.00107884
0.00097405
0.000829076
0.000654482
0.000459728
0.000248385
2.49203e-05
-0.000213109
-0.000474212
-0.00076386
-0.00109686
-0.00147961
-0.00192714
-0.00245445
-0.00308352
-0.00388852
-0.00432254
-0.00439601
-0.00431093
-0.00402803
-0.00369514
-0.0034026
-0.00314711
-0.00296032
-0.00283969
-0.00280378
-0.00284665
-0.00297806
-0.00318893
-0.00348219
-0.00384588
-0.00427725
-0.00476237
-0.0052937
-0.00585488
-0.00643297
-0.00700759
-0.00756266
-0.00807416
-0.00852654
-0.00889828
-0.00914802
-0.00927445
-0.00925631
-0.00907441
-0.00872033
-0.00818554
-0.00747207
-0.00658288
-0.00553221
-0.00433692
-0.00302373
-0.00162053
-0.000163297
0.00131282
0.00276837
0.00416714
0.00547264
0.00665374
0.00768253
0.00853809
0.00920507
0.00967599
0.00994965
0.0100329
0.00993875
0.00968661
0.00929981
0.00880803
0.00824265
0.00764014
0.00703667
0.0064716
0.00598287
0.0056093
0.00538778
0.00535403
0.00554194
0.00598198
0.00670334
0.00773012
0.00908586
0.0107877
0.0128538
0.0152978
0.0181383
0.0213953
0.0250975
0.0292821
0.0339961
0.039303
0.0452778
0.0520247
0.0596578
0.0682995
0.0780161
0.0887919
0.100469
0.112674
0.125129
0.137179
0.148558
0.159218
0.154262
0.15023
0.146889
0.144385
0.142759
0.142045
0.142319
0.143578
0.145855
0.149201
0.153701
0.159434
0.16651
0.175061
0.185266
0.197286
0.211206
0.227257
0.246021
0.268761
0.29564
0.324662
0.354314
0.386369
0.418322
0.445294
0.461234
0.465221
0.452295
0.425779
0.391034
0.352137
0.315715
0.281321
0.250576
0.223563
0.200732
0.181341
0.165076
0.151595
0.140527
0.1315
0.124228
0.11848
0.114083
0.110887
0.108758
0.107626
0.107432
0.108102
0.109581
0.111877
0.114977
0.118825
0.123361
0.128782
-0.386127
-0.336857
-0.292329
-0.287032
-0.359971
-0.00804915
-0.00809615
-0.00694057
-0.00615852
-0.00549703
-0.00499758
-0.00450082
-0.00411591
-0.0037461
-0.00346812
-0.00320986
-0.00302374
-0.00286458
-0.00276049
-0.0026817
-0.00264066
-0.00261701
-0.00261536
-0.00262213
-0.00263934
-0.0026598
-0.00268684
-0.0027175
-0.00275786
-0.00280898
-0.00288416
-0.00298711
-0.00312753
-0.00331183
-0.0035508
-0.00385064
-0.0042179
-0.00465222
-0.0051551
-0.00572038
-0.00634322
-0.00701131
-0.00771445
-0.00843564
-0.00916105
-0.00987093
-0.0105503
-0.0111795
-0.0117451
-0.0122307
-0.012627
-0.0129228
-0.0131146
-0.0131982
-0.0131761
-0.0130506
-0.0128284
-0.0125176
-0.0121273
-0.0116685
-0.0111498
-0.0105821
-0.00997069
-0.00932347
-0.00864034
-0.00792468
-0.00717038
-0.00637539
-0.00552793
-0.00462068
-0.00363721
-0.0025655
-0.00138577
-8.16382e-05
0.00136941
0.00298982
0.00480709
0.00685644
0.00917896
0.0118385
0.0149074
0.0184978
0.0227219
0.0277377
0.0336923
0.040793
0.0492059
0.0590618
0.0703428
0.0829971
0.0966832
0.110983
0.124642
0.136485
0.145968
0.137129
0.130933
0.125735
0.121101
0.11736
0.114587
0.112796
0.111999
0.112225
0.113509
0.115904
0.119484
0.124359
0.130667
0.138575
0.148281
0.160037
0.174108
0.190697
0.209967
0.23213
0.257427
0.285746
0.316502
0.348719
0.379474
0.406665
0.426662
0.437409
0.435929
0.424313
0.404774
0.380275
0.353031
0.326186
0.300525
0.276046
0.254009
0.235061
0.218723
0.204493
0.192128
0.181513
0.172545
0.165091
0.159037
0.154284
0.150754
0.14837
0.14713
0.146991
0.147961
0.15004
0.153236
0.157543
0.162837
0.169303
0.165826
-0.00497717
-0.00547317
-0.0053066
-0.00503124
-0.00449683
-0.00409479
-0.00368257
-0.00337469
-0.00313233
-0.00298186
-0.00292052
-0.00294906
-0.00307141
-0.00327983
-0.00357573
-0.00394766
-0.00439226
-0.00489531
-0.00544859
-0.00603528
-0.00664192
-0.00724805
-0.00783572
-0.00838197
-0.00886359
-0.00925275
-0.00955601
-0.00971365
-0.0097248
-0.00956924
-0.00923628
-0.00872175
-0.00802359
-0.00714969
-0.00611026
-0.004927
-0.00362192
-0.00222887
-0.000778186
0.000688396
0.00213752
0.00352565
0.00482324
0.00599147
0.00701038
0.0078514
0.00850826
0.00896615
0.0092339
0.00931121
0.00922114
0.008977
0.00861297
0.00815162
0.00763388
0.00708818
0.00655823
0.00607491
0.00568075
0.00540585
0.0052885
0.00535571
0.00563907
0.00615986
0.00694244
0.00800167
0.00935517
0.0110108
0.0129821
0.0152721
0.0178991
0.0208681
0.0242188
0.0279731
0.0322161
0.0370011
0.0424741
0.0487219
0.0559744
0.0643686
0.0741853
0.0852807
0.0976889
0.111157
0.125174
0.139297
0.153068
-0.00440866
-0.00331857
-0.00430018
-0.00400985
-0.00286213
-0.00240936
-0.00194093
-0.00150739
-0.00116429
-0.000897926
-0.000688266
-0.000520148
-0.000387411
-0.000286638
-0.0002131
-0.000162505
-0.000128597
-0.000106271
-8.65206e-05
-6.40997e-05
-2.85887e-05
3.30096e-05
0.000131579
0.000275267
0.000462569
0.000665487
0.000829345
0.000857123
0.000632565
-2.9412e-06
-0.000675014
-0.00132641
-0.00179454
-0.00196474
-0.00181371
-0.00140276
-0.000847037
-0.000290281
0.000179504
0.000526442
0.000747619
0.000861386
0.000888564
0.000851737
0.000767423
0.000651562
0.000511482
0.000355052
0.000184995
5.56325e-06
-0.000184867
-0.000389054
-0.000618189
-0.000880325
-0.00119069
-0.00156571
-0.00201299
-0.00256697
-0.461383
0.514577
0.293609
0.567721
-0.167309
0.696004
-0.40317
-0.430246
0.449482
0.226665
0.371109
0.680196
-0.0025311
0.167069
-0.0867457
-0.00700343
-0.00619818
-0.00409999
-0.00531318
-0.321352
-0.388999
0.18918
0.155658
0.155283
-0.457477
0.162734
0.198653
-0.00108296
-0.279297
-0.0132823
0.562858
0.364873
0.519039
-0.443959
-0.00177562
-0.00216527
-0.00112786
-0.00142466
-0.000655265
-0.000872167
-0.000309703
-0.000470664
-2.71237e-05
-0.000163366
0.00022253
0.000101587
0.000428916
0.000332151
0.000559656
0.000505885
0.000548789
0.000577405
0.000292505
0.00045747
-0.000293084
3.94929e-05
-0.00107878
-0.000687091
-0.00151734
-0.00138163
-0.00110672
-0.00141936
-0.000269176
-0.000653039
0.000711388
0.000647613
0.00054616
0.000670524
0.000243026
0.000387862
4.37977e-05
0.000127162
-4.84426e-05
-1.23028e-05
-9.41444e-05
-7.32525e-05
-0.000143897
-0.000115243
-0.00024128
-0.000184251
-0.000422347
-0.000318972
-0.000713597
-0.000552782
-0.00116589
-0.000911347
-0.00186768
-0.00149588
-0.0028717
-0.00215879
-0.00287166
0.158325
0.174639
0.124725
0.141449
0.0940067
0.108784
0.0693136
0.0807695
0.0516508
0.0596732
0.0392794
0.0449507
0.0301778
0.0344108
0.0231161
0.0264456
0.017427
0.0201228
0.0128645
0.01501
0.00938332
0.010989
0.00697396
0.00804634
0.00558802
0.00615847
0.00511366
0.00524652
0.00537284
0.00516516
0.00612983
0.00570578
0.00710916
0.00661011
0.00801977
0.00759143
0.0085858
0.00836209
0.00858147
0.0086668
0.00786423
0.00831765
0.00639813
0.00722328
0.00426319
0.00540562
0.00164509
0.00300019
-0.00119505
0.000235151
-0.0039632
-0.00260621
-0.00638009
-0.00523071
-0.00823038
-0.00738593
-0.00939083
-0.00890063
-0.00983618
-0.00970066
-0.00962749
-0.00981235
-0.00892389
-0.00932788
-0.00788043
-0.00843352
-0.00667478
-0.00728662
-0.0054733
-0.00606363
-0.0044141
-0.004918
-0.00360224
-0.00397112
-0.00311181
-0.00331237
-0.00298665
-0.0030009
-0.00324391
-0.00306818
-0.00387755
-0.00352533
-0.00484571
-0.00437264
-0.005942
-0.0055937
-0.00685732
0.138452
0.145693
0.126139
0.131754
0.118464
0.121702
0.115487
0.116405
0.117124
0.115738
0.12358
0.119728
0.135539
0.128823
0.154107
0.143924
0.180703
0.166325
0.216594
0.19744
0.262225
0.238255
0.315654
0.288253
0.36938
0.343425
0.408118
0.391762
0.416761
0.416771
0.39292
0.408168
0.349858
0.372887
0.302863
0.326238
0.259538
0.280433
0.224161
0.240735
0.197069
0.209691
0.176949
0.1862
0.162966
0.169249
0.154395
0.158049
0.150766
0.151982
0.151995
0.150775
0.158332
0.154508
0.170583
0.163606
0.179057
0.13061
0.145075
0.0964237
0.113355
0.0668477
0.0806587
0.0446051
0.054743
0.029435
0.036192
0.0194462
0.0239063
0.0126904
0.0157393
0.00784852
0.0100803
0.00411085
0.00586635
0.00107704
0.00251652
-0.00144871
-0.0002432
-0.00359177
-0.00256273
-0.00545546
-0.00455356
-0.00712626
-0.00631124
-0.00866232
-0.00790966
-0.0100821
-0.00938808
-0.0113602
-0.0107429
-0.0124342
-0.0119287
-0.01322
-0.0128697
-0.0136347
-0.0134794
-0.0136189
-0.013684
-0.0131562
-0.0134436
-0.0122828
-0.0127678
-0.0110846
-0.0117188
-0.00968399
-0.0104026
-0.00822005
-0.00895283
-0.00682465
-0.00750803
-0.00560367
-0.00618871
-0.00462412
-0.00508277
-0.00390426
-0.0042338
-0.00341947
-0.00363556
-0.0031166
-0.0032496
-0.00292851
-0.00301221
-0.00280148
-0.00285953
-0.0027078
-0.0027504
-0.00265003
-0.0026722
-0.00265641
-0.00264105
-0.00277136
-0.00269481
-0.00304239
-0.00288075
-0.00350822
-0.0032429
-0.00418955
-0.0038115
-0.00510266
-0.00459072
-0.00660164
-0.00570534
-0.00899102
-0.00775438
-0.0102016
-0.00985929
-0.351816
-0.00530992
-0.00778404
0.179951
0.211646
0.177485
0.214096
-0.00713521
-0.0113531
-0.0134904
-0.00800726
-0.009552
-0.0058784
-0.00678768
-0.0046624
-0.00517212
-0.00382321
-0.00420957
-0.0032316
-0.00350123
-0.00285612
-0.00302067
-0.00266239
-0.00274015
-0.00260726
-0.00262089
-0.0026457
-0.00261751
-0.00274193
-0.00268807
-0.00288021
-0.00280568
-0.00307181
-0.00296738
-0.00335406
-0.00319861
-0.00377971
-0.00354565
-0.00440996
-0.00406598
-0.00528768
-0.00481788
-0.00641141
-0.00582174
-0.0077386
-0.00705473
-0.00918665
-0.00845498
-0.0106392
-0.00992169
-0.0119582
-0.0113246
-0.0130135
-0.0125267
-0.0137011
-0.0134089
-0.0139584
-0.0138861
-0.0137723
-0.0139203
-0.013177
-0.013523
-0.0122406
-0.0127474
-0.0110459
-0.0116716
-0.00966758
-0.0103772
-0.0081539
-0.00892751
-0.00651505
-0.00735249
-0.00472231
-0.00564238
-0.00271709
-0.0037519
-0.000426279
-0.00161323
0.00222516
0.000848406
0.00532274
0.00370954
0.00902779
0.00707936
0.0137593
0.0112148
0.0205559
0.0167865
0.0315105
0.0253264
0.0495603
0.0394363
0.0765438
0.0620044
0.11345
0.0938962
0.152593
0.133882
0.167863
0.186699
0.199841
0.167996
0.176075
0.157518
0.161895
0.153291
0.154708
0.154369
0.153196
0.160532
0.156816
0.171985
0.165574
0.189273
0.179862
0.21307
0.200321
0.244125
0.227644
0.282725
0.262535
0.325935
0.304082
0.367933
0.347714
0.397349
0.384918
0.403886
0.404167
0.382419
0.396284
0.34036
0.36323
0.289663
0.315214
0.241798
0.26492
0.201707
0.220677
0.170356
0.184949
0.147395
0.15789
0.131743
0.13874
0.122241
0.126292
0.11806
0.119525
0.118821
0.117833
0.124685
0.121083
0.136392
0.129738
0.155052
0.144842
0.167154
-0.00712263
-0.00683529
-0.00586206
-0.00631208
-0.00450567
-0.0050651
-0.00359527
-0.00398309
-0.00310628
-0.00329832
-0.00301765
-0.00301362
-0.0033113
-0.00311911
-0.00395392
-0.00359262
-0.00488586
-0.00438897
-0.0060171
-0.0054334
-0.00722753
-0.0066214
-0.00836549
-0.00781602
-0.00925845
-0.00885386
-0.0097289
-0.00955712
-0.00962852
-0.00975791
-0.00885984
-0.00933025
-0.00739767
-0.008213
-0.00531639
-0.00642571
-0.00278426
-0.00409282
-4.37606e-05
-0.00142292
0.00262481
0.00131706
0.0049496
0.00384527
0.00671127
0.00591098
0.00777893
0.00733537
0.00813074
0.00804075
0.00785508
0.0080614
0.0071341
0.00753555
0.00621616
0.00668229
0.00538289
0.00577086
0.00491584
0.00508686
0.00506698
0.00490037
0.0060358
0.00543946
0.00795451
0.00687136
0.0108803
0.00929115
0.0147996
0.012719
0.0196584
0.0171145
0.0254527
0.0224313
0.032445
0.0287602
0.041587
0.0366404
0.0549818
0.0475739
0.0755006
0.0641684
0.10503
0.0891284
0.142595
0.122972
0.182968
0.162718
0.201049
-0.00174346
-0.00151365
-0.00143755
-0.00131801
-0.00182755
-0.0009442
-0.00118249
-0.0005832
-0.00073887
-0.000357308
-0.000459858
-0.000208594
-0.000273029
-0.000124438
-0.000159267
-8.25364e-05
-9.94901e-05
-5.666e-05
-6.96322e-05
-1.61496e-05
-4.03908e-05
8.04465e-05
2.19757e-05
0.00026294
0.000161948
0.000449407
0.000372797
0.000279164
0.000440259
-0.00051004
-0.000162093
-0.000970057
-0.00080462
-0.000875905
-0.000989451
-0.000433835
-0.000673578
4.43607e-07
-0.000197005
0.000252546
0.000152026
0.000329796
0.000309365
0.000291228
0.000321188
0.000189234
0.000246538
5.06115e-05
0.000123586
-0.000109095
-2.70972e-05
-0.000289554
-0.000195472
-0.00051949
-0.000395107
-0.000846255
-0.000669891
-0.00133345
-0.00104007
-0.00209825
-0.394402
-0.00783257
-0.223892
-0.527874
-0.0175953
-0.804794
-0.555181
-0.643393
-0.53012
-0.461335
-0.411622
0.686006
0.822721
0.883096
0.800368
0.639769
-0.323204
-0.324651
-0.395991
-0.366497
-0.556409
-0.194105
0.115172
-0.0244137
0.00155645
-0.0162912
-0.012243
-0.00974749
-0.00780175
-0.00665552
-0.0057095
-0.00509346
-0.00456685
-0.00410766
-0.00371463
-0.00338652
-0.00311321
-0.00289703
-0.00272867
-0.00260829
-0.00252723
-0.00248337
-0.00246865
-0.00248002
-0.00251083
-0.00255877
-0.00261975
-0.00269365
-0.00277971
-0.00288089
-0.00300004
-0.003143
-0.00331538
-0.00352469
-0.00377733
-0.00408067
-0.0044401
-0.00485974
-0.00534139
-0.00588523
-0.00648804
-0.00714265
-0.00784004
-0.0085684
-0.00931424
-0.0100619
-0.0107966
-0.0115008
-0.0121587
-0.0127532
-0.0132717
-0.0137001
-0.0140308
-0.0142549
-0.0143709
-0.0143757
-0.0142744
-0.014069
-0.0137695
-0.0133814
-0.0129175
-0.0123841
-0.0117943
-0.0111526
-0.0104697
-0.00974654
-0.0089898
-0.00819584
-0.00736697
-0.00649533
-0.00558
-0.00461058
-0.00358511
-0.00249324
-0.00133453
-0.000100757
0.00120591
0.00259285
0.00406016
0.00562518
0.00731027
0.00917484
0.0113111
0.0138853
0.0171373
0.0214144
0.0271485
0.034846
0.0450032
0.0579534
0.073786
0.0931986
0.116062
0.142486
0.169793
0.193323
0.214161
0.229847
0.208329
0.191729
0.179216
0.170279
0.163684
0.159025
0.15604
0.154525
0.154381
0.155548
0.158006
0.161764
0.166861
0.173352
0.181313
0.190823
0.201979
0.214871
0.229593
0.24616
0.264448
0.284066
0.304614
0.325574
0.345957
0.36494
0.380899
0.392402
0.398081
0.397433
0.390366
0.3771
0.358936
0.337282
0.313763
0.289723
0.266104
0.243546
0.222615
0.203676
0.186905
0.172271
0.159699
0.149073
0.140276
0.133156
0.127594
0.123469
0.120694
0.119204
0.118977
0.120023
0.122403
0.126211
0.131627
0.139037
0.148902
0.16203
0.179141
0.201232
0.255871
-0.00646644
-0.0103144
-0.00910612
-0.00800844
-0.00663568
-0.005807
-0.00502339
-0.00442
-0.00390448
-0.00350446
-0.00320338
-0.00300286
-0.00290192
-0.00289685
-0.00298807
-0.00316991
-0.00344014
-0.00379067
-0.00421525
-0.0047025
-0.00524172
-0.0058183
-0.00641769
-0.007021
-0.00760961
-0.008162
-0.00865719
-0.00907298
-0.00938933
-0.00958731
-0.00965284
-0.00955667
-0.00929196
-0.00885536
-0.00825149
-0.00748464
-0.00656376
-0.00550627
-0.00433436
-0.00307636
-0.00176296
-0.000428974
0.0008914
0.00216262
0.00335273
0.00443113
0.0053734
0.00615871
0.00677432
0.00721237
0.00747386
0.0075648
0.00749965
0.00729688
0.00698218
0.00658338
0.00613378
0.00566656
0.0052185
0.00482386
0.00451882
0.00433476
0.00430359
0.00445051
0.00480024
0.0053693
0.00617317
0.00721791
0.00850832
0.010039
0.0118039
0.0137875
0.0159765
0.0183531
0.0209105
0.0236524
0.0266154
0.0298793
0.0335971
0.0380097
0.0434657
0.0504078
0.05934
0.0707376
0.0849702
0.102188
0.122271
0.144807
0.169311
0.193948
0.216043
0.2408
0.292298
0.0255745
0.0149437
0.00367873
0.000600652
-0.000440818
-0.000431355
-0.000485158
-0.000394379
-0.000326304
-0.000270324
-0.00021803
-0.00017423
-0.000137371
-0.000108165
-8.41052e-05
-6.48921e-05
-4.83183e-05
-3.31496e-05
-1.76828e-05
5.19145e-08
1.9888e-05
4.26595e-05
6.68372e-05
9.26294e-05
0.000116248
0.000138597
0.000163057
0.000187094
0.000198568
0.000170985
7.94156e-05
-9.85443e-06
-9.93665e-05
-0.000172042
-0.000235149
-0.000277521
-0.000294881
-0.000282933
-0.000241566
-0.000187579
-0.000127501
-7.61556e-05
-3.4652e-05
-7.06134e-06
9.58242e-06
1.46776e-05
1.32368e-05
3.9205e-06
-9.42404e-06
-2.85919e-05
-5.08691e-05
-7.62607e-05
-0.00010351
-0.000133592
-0.000166014
-0.000201066
-0.000226186
-0.00019274
5.50288e-05
0.0010666
0.00469138
0.0126901
0.0092751
-0.441091
-0.153393
0.237908
0.00098197
)
;

boundaryField
{
    frontandback
    {
        type            empty;
    }
    walls
    {
        type            zeroGradient;
    }
    diamond
    {
        type            zeroGradient;
    }
    inlet
    {
        type            zeroGradient;
    }
    outlet
    {
        type            fixedValue;
        value           uniform 0;
    }
}


// ************************************************************************* //
