/*--------------------------------*- C++ -*----------------------------------*\
  =========                 |
  \\      /  F ield         | OpenFOAM: The Open Source CFD Toolbox
   \\    /   O peration     | Website:  https://openfoam.org
    \\  /    A nd           | Version:  10
     \\/     M anipulation  |
\*---------------------------------------------------------------------------*/
FoamFile
{
    format      ascii;
    class       volScalarField;
    location    "7.5";
    object      p;
}
// * * * * * * * * * * * * * * * * * * * * * * * * * * * * * * * * * * * * * //

dimensions      [0 2 -2 0 0 0 0];

internalField   nonuniform List<scalar> 
6397
(
4.56842
4.26831
-2.38081
-1.79304
-2.08129
-2.83773
6.91284
3.3185
-16.3054
-12.7177
6.10527
2.51814
-0.17646
-0.0974524
-0.15975
-12.38
-10.2538
-10.3454
12.5206
12.359
11.6935
-11.6193
-13.8159
-14.6872
-0.0516019
0.00606537
0.0352382
-2.09955
-1.84182
-3.33374
-2.97444
0.0716872
-0.33256
-1.16697
1.35499
1.18343
0.878979
0.620589
1.59563
1.6568
1.56787
1.46432
-3.57902
-5.27506
-5.91817
-3.55887
-3.77941
-4.57729
1.6631
1.61336
1.60589
1.49139
1.5646
4.89084
4.41399
2.98139
3.01515
1.41422
-2.33432
-1.90934
-2.81082
-3.22873
-3.50457
-3.56604
-3.37008
-2.97348
-2.52869
-2.13384
-2.21456
-1.61036
-1.72441
-2.85002
-3.53191
-4.13305
-4.48408
-4.50358
-4.17067
-3.59383
-2.95002
-2.38272
-1.39787
-1.46716
-1.88934
-1.98343
-1.21541
-1.4741
-1.83648
-1.77914
-1.15779
-1.60955
-1.96094
-1.75096
-1.19088
-1.28031
-2.2748
-1.87391
-0.693056
-0.597936
-0.602849
-1.19077
-0.882093
-2.30271
-1.66051
-3.96245
-3.10419
-5.15496
-4.71223
-4.67363
-5.12068
-3.08702
-3.91891
-1.82133
-2.35723
-1.358
-1.50727
-1.33073
-1.72815
-2.50828
-2.00204
-1.72188
-1.63643
-2.19692
-1.92992
-2.52563
-2.41277
-2.24406
-2.42904
-1.68534
-1.95179
-1.38944
-1.47099
-1.67106
-1.45284
-2.50495
-2.04316
-1.34831
-2.28506
-0.576773
-1.41903
-2.16046
-2.5375
-3.29859
-3.50584
-1.63287
-0.682494
-0.743688
-4.38317
-0.0207573
0.0484196
-4.77826
-2.81813
-0.229565
-0.0918781
-0.869765
-0.481046
-2.14693
-1.4191
-4.03337
-3.0554
-5.36408
-4.87674
-4.78229
-5.31676
-2.94308
-3.9135
-1.46057
-2.09143
-0.827428
-1.06397
-0.705263
-1.49257
-1.89422
-1.22719
-1.28082
-1.40069
-1.29614
-1.52295
-1.51303
-1.31144
-1.47589
-1.03943
-1.17055
-1.13333
-1.03122
-1.80869
-1.39015
-3.10518
-2.3958
-3.79085
-1.34811
-2.38832
0.138373
-0.524262
-4.83815
-4.38913
-2.62296
0.00262899
0.0224615
-0.859533
-1.93338
-4.83864
-6.42845
-6.62821
-3.63967
-4.91331
0.19239
0.650479
0.725338
-5.71915
-5.19573
-3.59442
0.474144
0.542153
0.200223
0.367712
-0.484741
-0.0743656
-1.80571
-1.05415
-3.72894
-2.73684
-5.08739
-4.59439
-4.45157
-5.01838
-2.55732
-3.55961
-0.991083
-1.66765
-0.256255
-0.546707
-0.0873795
-2.32283
-3.37338
-1.15236
-1.61766
-0.714106
-0.868188
-0.673867
-0.678082
-0.663015
-0.682595
-0.538215
-0.61322
-0.501323
-0.489489
-0.869494
-0.623469
-1.82763
-1.26552
-3.47222
-2.57402
-4.41032
-1.35989
-2.41581
-0.499125
0.0153451
-5.64642
-3.18855
-8.34668
-7.89757
-0.968729
-2.21601
0.230072
0.754332
-3.46168
-4.71097
-5.50309
-6.12109
1.0357
1.10132
-1.21532e-05
0.00586768
-1.00037
-5.9298
-4.49249
0.878804
0.956753
0.595085
0.765172
-0.0682453
0.311902
-1.30602
-0.603601
-3.10599
-2.17883
-4.42444
-3.92074
-3.7324
-4.28609
-1.96867
-2.89633
-0.469123
-1.12269
0.279387
-0.0187535
0.575195
0.469075
0.669195
0.639635
0.705241
0.683713
-4.40827
-7.92069
-6.17495
-1.91351
-2.96122
-0.725125
-1.20789
-0.219598
-0.417492
-0.0469914
-0.111735
0.0565418
0.00384946
0.118466
0.0974011
-0.00953886
0.0915025
-0.545716
-0.218123
-1.67928
-1.02911
-3.54716
-2.5327
-4.59162
-1.31604
-2.35748
-0.452098
-9.40871
-9.02124
0.0437721
0.740511
-6.80669
-3.69919
1.13145
-5.80865
-5.36542
-5.98504
-8.78952
-2.36989
-8.86974
-9.25556
-0.967716
0.114514
0.76938
-6.31393
-5.30554
1.32636
1.40149
1.38303
1.2066
1.28572
0.931215
1.10284
0.342545
0.684065
-0.726033
-0.124381
-2.24882
-1.46807
-3.21881
-2.91257
-2.74668
-3.20061
-1.24372
-2.03725
0.0511112
-0.522262
0.730651
0.45714
1.02784
0.91014
1.13782
1.09168
1.19504
1.16516
1.20992
1.21588
-6.73391
-7.54078
-7.69452
-3.58132
-5.17369
-1.34095
-2.29374
-0.260956
-0.705659
0.242689
0.0387642
0.468162
0.374263
0.610479
0.544466
0.65176
0.649902
0.44987
0.590544
-0.163904
0.20147
-1.36175
-0.684767
-3.29946
-2.25431
-4.39644
-7.60029
-6.36758
0.750754
1.16955
-6.08712
-6.16836
-5.16577
-5.47707
-3.22476
-4.2913
-1.21475
-2.18041
0.247432
-0.398931
1.1191
0.741079
1.39361
-7.5004
-3.96293
-8.67125
-2.31088
-8.02366
-0.815228
-4.71001
-5.7761
0.182136
1.09915
0.67131
1.58765
1.55953
-5.77563
1.54186
1.57416
1.45482
1.51857
1.20908
1.36286
0.712429
1.00138
-0.160043
0.327315
-1.3323
-0.739052
-2.02743
-1.81734
-1.65295
-1.99799
-0.496199
-1.11196
0.523966
0.0668801
1.08844
0.855719
1.3454
1.2444
1.44571
1.40672
1.50307
1.4787
1.50984
1.51863
1.42324
1.4761
-5.60583
-3.27901
-4.64401
-4.99396
-5.74377
-2.45708
-3.74104
-0.700848
-1.45804
0.207356
-0.172284
0.664175
0.474196
0.879916
0.789226
1.02055
0.955148
1.06763
1.06487
0.859663
1.00305
0.243054
0.607514
-0.936509
-0.267525
-2.78236
-1.79423
-4.7899
-3.85122
-5.50537
-5.35772
-5.1531
-4.33089
-4.43535
-4.60169
-2.80494
-3.65909
-1.09815
-1.92477
0.226945
-0.372534
1.0555
0.696091
-3.07771
-1.93831
0.98547
1.35478
1.49066
1.3192
-7.38035
-3.91094
-7.60519
-2.05353
-6.23124
-0.643064
-3.98377
0.162265
-0.830902
-1.73872
0.538716
1.27763
0.824753
-0.0141394
0.000857983
0.614822
1.15047
1.57776
1.41647
1.56576
1.37622
1.47863
-5.6765
1.62396
1.65514
1.67782
1.69142
1.61584
1.67611
1.41676
1.54614
1.01754
1.24782
0.363164
0.721914
-0.464021
-0.048317
-0.945298
-0.795834
-0.644889
-0.893289
0.163227
-0.268972
0.913162
0.570205
1.34954
1.16807
1.55449
1.47287
1.65963
1.61264
1.75502
1.70976
1.80558
1.79047
1.75062
1.79607
1.684
-1.71695
-0.804509
-3.34475
-2.63595
-3.06142
-3.51745
-1.35244
-2.23434
-0.085262
-0.63712
0.622944
0.31942
1.01408
0.847583
1.20129
1.12559
1.3137
1.26018
1.36121
1.35527
1.18252
1.30982
0.62467
0.957906
-0.44816
0.161978
-2.10081
-1.21278
-3.8478
-3.04592
-4.45077
-4.35601
-4.1111
-3.44241
-2.8703
-3.42304
-3.58802
-2.36537
-2.97591
-1.02444
-1.69319
0.137097
-0.404453
0.929049
0.581045
1.1912
-6.5341
-3.511
-6.02836
-1.69858
-4.44345
-0.538666
-2.52869
0.0301442
-0.751725
0.350746
1.0791
0.591334
0.616768
1.23248
0.944295
1.48968
1.39813
1.71606
1.07778
1.5704
1.48751
1.15088
1.30209
1.6199
1.51279
-5.06032
1.72317
1.70517
1.76133
1.76124
1.71673
1.75591
1.55976
1.6538
1.26076
1.42625
0.807739
1.05056
0.269454
0.535641
-0.0170067
0.0676373
0.196981
0.0385425
0.696231
0.428028
1.20804
0.968766
1.53312
1.39751
1.69876
1.6302
1.81704
1.75907
1.92923
1.88407
1.96596
1.96501
1.86293
1.92994
1.71307
1.78508
1.63858
0.752368
1.16083
-0.221092
0.283463
-1.35646
-0.81391
-1.38129
-1.56524
-0.372434
-0.904394
0.452924
0.0853036
0.95713
0.735736
1.27064
1.13164
1.43102
1.36757
1.51194
1.47479
1.54972
1.54334
1.41
1.51352
0.944635
1.22938
0.0343467
0.555204
-1.34177
-0.600699
-2.75395
-2.09705
-3.23703
-3.16611
-2.97092
-1.31263
-0.583549
-2.32755
-1.90177
-2.53334
-2.54325
-1.94309
-2.31283
-0.988541
-1.48314
-0.0488793
-0.501174
0.681228
0.350463
0.943691
-5.27554
-2.92094
-4.44657
-1.41267
-3.00484
-0.557811
-1.49309
-0.201705
-0.0628574
0.0800253
1.00212
0.347429
1.84315
1.57834
0.65216
1.37606
0.957032
1.35717
-4.16283
1.6587
1.41239
1.54543
1.77405
1.71311
1.80145
1.77865
1.76807
1.78434
1.64123
1.70924
1.42831
1.54409
1.12959
1.28833
0.821175
0.967157
0.707346
0.733504
0.836528
0.75449
1.09646
0.95397
1.41987
1.2622
1.66128
1.55705
1.79652
1.73812
1.89492
1.84658
1.96474
1.93172
1.95913
1.96968
1.93217
1.9446
1.88974
1.91795
1.78724
1.84263
1.70039
1.73851
1.81847
1.98837
1.93734
1.40668
1.63625
0.918082
1.1766
0.120965
0.537734
-0.0730362
-0.107189
0.437945
0.160372
0.90077
0.686507
1.22333
1.0777
1.45027
1.34476
1.58595
1.53167
1.64232
1.61974
1.66397
1.66267
1.55803
1.63756
1.19289
1.41929
0.470841
0.885164
-0.602937
-0.0278289
-1.64892
-1.17455
-2.03507
-1.96975
-1.30278
-1.79319
-0.783144
-0.51044
0.478354
0.00419477
-1.32807
-0.952392
-1.74407
-1.61298
-1.54544
-1.70964
-0.988355
-1.2921
-0.318397
-0.657815
0.335667
0.0205217
0.852402
0.61596
1.15297
1.03991
1.8886
1.98447
1.26755
1.67572
-4.02907
-2.36299
0.315747
-3.19951
-1.28769
1.44378
0.976701
1.24105
-2.02373
-0.740794
-0.805505
-0.522833
0.407058
-0.339925
1.24818
-0.00739483
1.64639
0.301198
1.92963
1.86158
0.810192
1.25477
1.67039
-3.28705
1.65603
1.54704
1.75008
1.69816
1.78812
1.76395
1.76065
1.77928
1.67411
1.72709
1.54784
1.62054
1.37661
1.46837
1.2031
1.28341
1.16792
1.16358
1.26158
1.2122
1.3747
1.31341
1.56037
1.46122
1.7407
1.65675
1.86245
1.80556
1.96047
1.91039
2.04011
2.00674
2.07202
2.06297
2.04076
2.06448
1.95188
2.00039
1.88006
1.90658
1.86101
1.87001
1.89559
1.86315
2.08447
1.9897
2.05144
2.04172
2.08233
1.88455
1.96491
1.66047
1.79198
1.11456
1.41687
0.847135
0.908411
1.04543
0.921607
1.28495
1.17114
1.45832
1.38021
1.58754
1.52534
1.68519
1.64392
1.72564
1.71247
1.73088
1.73495
1.64782
1.70812
1.37672
1.5457
0.836888
1.14658
0.0478731
0.465235
-0.69287
-0.365162
-0.938959
-0.924441
-0.434974
-0.779805
-0.0560529
0.869479
1.13955
0.20128
0.551586
-0.522771
-0.168786
-1.05044
-0.83371
-1.19153
-1.16208
-1.04884
-1.15146
-0.674083
-0.887742
-0.127404
-0.416443
0.471312
0.178453
0.742297
1.82473
1.88407
1.73297
1.9708
-3.07709
-2.00662
1.45628
1.38621
-2.38808
-1.35808
-1.43396
-1.10017
-0.371439
-1.00657
0.692524
-0.921809
1.34586
-0.513152
1.63435
-0.102774
1.76443
0.647115
1.73279
1.65672
1.37386
1.77418
1.62713
1.55634
1.51601
1.90062
2.07969
-2.64806
1.62508
1.53235
1.72398
1.66187
1.76535
1.73555
1.75817
1.76357
1.71443
1.74422
1.63891
1.68534
1.53166
1.5897
1.43925
1.47797
1.44509
1.43097
1.51312
1.47935
1.56574
1.53965
1.66477
1.60828
1.78659
1.72624
1.88886
1.83931
1.97247
1.93183
2.0326
1.99963
2.05561
2.04925
2.05131
2.05384
2.03654
2.04825
1.99461
2.01602
1.95876
1.97251
1.98365
1.95892
2.10996
2.03875
2.01331
1.90665
2.12834
2.08604
2.16405
2.15302
2.17311
2.17032
2.08869
2.15682
1.72248
1.92873
1.44559
1.55719
1.43608
1.41764
1.52994
1.47702
1.63795
1.58645
1.7149
1.68029
1.76872
1.74585
1.78709
1.7833
1.77677
1.78586
1.69802
1.74789
1.5013
1.62302
1.11423
1.33726
0.556077
0.849306
0.0508635
0.275655
-0.103948
-0.0912235
0.245317
0.00676554
0.776603
0.52509
0.999934
1.23631
1.40003
0.769743
1.03592
0.13378
0.45363
-0.469641
-0.179029
-0.942428
-0.727828
-1.18909
-1.1008
-1.11944
-1.19763
-0.69359
-0.952153
0.0179706
-0.350527
0.774699
0.416869
1.24105
1.01017
-2.50977
-1.91699
2.16909
2.21915
1.36631
1.09958
1.17836
2.11758
2.153
-1.95581
-1.65296
-1.12492
-1.66055
-0.131109
-1.76548
0.810986
-1.68209
1.35278
-1.2295
1.55451
-0.505635
1.61051
0.585314
1.47196
1.53907
1.39119
1.29679
1.45617
1.60106
1.36458
0.869824
1.35831
0.883816
-2.32928
1.48554
1.43257
1.58882
1.53084
1.68048
1.63632
1.73512
1.70902
1.7467
1.74626
1.72262
1.7426
1.67256
1.70477
1.61948
1.64858
1.59007
1.6016
1.61292
1.59452
1.66233
1.63753
1.6932
1.67849
1.74468
1.71322
1.82459
1.78227
1.90776
1.86569
1.98514
1.94699
2.04579
2.01661
2.07339
2.06445
2.06749
2.07373
2.04283
2.05679
2.03483
2.03442
2.03617
2.03745
2.04934
2.03597
2.07863
1.80342
1.67428
2.02284
1.92179
2.15325
2.09875
2.23574
2.19822
2.31039
2.27459
2.28808
2.32514
2.03581
2.18036
1.79181
1.91297
1.70128
1.72988
1.70003
1.69325
1.74008
1.71738
1.78725
1.76463
1.8194
1.80622
1.82331
1.82459
1.81204
1.81656
1.72209
1.76874
1.57324
1.66251
1.29891
1.45576
0.920445
1.11721
0.593068
0.737455
0.513441
0.513254
0.737706
0.592986
1.07097
0.90138
1.21856
1.67291
1.67422
1.52973
1.62913
1.17503
1.38183
0.654515
0.929618
-0.044688
0.326187
-0.791155
-0.424405
-1.39578
-1.12467
-1.64579
-1.57822
-1.34491
-1.57267
-0.515696
-0.973004
0.470852
-0.00751601
0.751467
2.13468
0.958909
2.23822
2.18027
-2.28586
-2.0932
-1.81152
-2.21685
-1.03885
-2.5185
2.29829
-0.0648664
-2.86147
0.810026
-2.68864
1.30458
-2.08
1.24309
1.36064
1.24415
1.10188
1.37408
-0.714313
1.11074
1.3891
0.81822
1.15165
1.24394
1.90771
0.826581
1.64629
1.71619
2.24232
2.17463
1.67429
-2.31969
1.3064
1.01409
1.16267
1.4679
1.40083
1.55751
1.52031
1.63941
1.60511
1.69197
1.66964
1.71521
1.70622
1.71576
1.71823
1.70116
1.71193
1.68042
1.69301
1.67263
1.67422
1.70169
1.67672
1.74663
1.7246
1.76969
1.75899
1.79835
1.78021
1.85311
1.82298
1.9191
1.88564
1.98397
1.95239
2.03655
2.01238
2.06645
2.0549
2.07701
2.0734
2.07027
2.07685
2.05489
2.06166
2.05778
2.05348
2.08163
2.06775
2.11685
2.09798
2.13774
2.13304
2.12669
2.08361
2.12319
1.60578
1.48252
1.83121
1.72183
2.02548
1.9334
2.16426
2.10226
2.26446
2.21699
2.351
2.3103
2.35137
2.37218
2.16009
2.27493
1.95857
2.01541
1.85891
1.89985
1.82684
1.83671
1.82654
1.8251
1.83286
1.82977
1.83658
1.83488
1.8271
1.83333
1.77487
1.80955
1.72587
1.76078
1.60698
1.67417
1.40982
1.51763
1.15607
1.28554
0.953183
1.04256
0.912281
0.913997
1.03655
0.965728
1.23606
1.13919
1.43364
1.33653
1.52299
1.79585
1.76757
1.74459
1.78982
1.52228
1.66089
1.04492
1.32119
0.253166
0.6805
-0.706257
-0.213619
-1.63376
-1.19303
-2.18768
-1.98197
-2.01555
-2.20371
-1.10982
-1.62904
0.0185349
-0.533784
0.535908
0.372251
0.681115
-2.34711
-2.5505
2.01521
2.05924
2.01013
-1.92071
-3.12415
2.31942
-1.16726
-3.78538
-0.121694
-4.27203
2.32904
1.1381
1.2855
1.22219
1.05367
0.769234
-3.91465
0.96751
1.13768
-2.64643
2.03321
2.18731
0.927258
1.11383
-0.430994
0.918592
1.13549
1.38619
1.02103
1.0608
0.910825
0.972698
0.743414
1.60256
1.63027
0.842256
-2.59809
1.26152
1.16122
1.42074
1.34938
1.52594
1.48063
1.60504
1.57047
1.66083
1.63676
1.69342
1.67977
1.70487
1.70052
1.70191
1.70392
1.70167
1.70103
1.71816
1.70827
1.75067
1.73254
1.78656
1.76903
1.80836
1.79837
1.83077
1.81753
1.87214
1.84923
1.92662
1.89895
1.98162
1.95482
2.02743
2.00621
2.05564
2.04409
2.06818
2.06327
2.07166
2.0707
2.07464
2.0734
2.07209
2.07345
2.08738
2.07629
2.10979
2.10025
2.10954
2.11343
2.09263
1.46187
1.36768
1.65977
1.55954
1.85102
1.75748
2.02373
1.94063
2.15886
2.09685
2.26097
2.21228
2.34257
2.30566
2.34569
2.35999
2.21379
2.29314
2.06261
2.12573
1.95775
2.00601
1.89264
1.91952
1.8704
1.87749
1.86577
1.86763
1.85646
1.86175
1.83343
1.84595
1.78531
1.81148
1.72447
1.75727
1.62042
1.67445
1.46802
1.54643
1.29171
1.37793
1.16565
1.2201
1.13987
1.14196
1.20908
1.16847
1.32607
1.27798
1.45703
1.39801
1.53319
1.77885
1.63617
1.70059
1.89578
1.85133
1.91093
1.91679
1.7607
1.86539
1.30842
1.57949
0.486209
0.93925
-0.640663
-0.046612
-1.84845
-1.25796
-2.67054
-2.34373
-2.60556
-2.76308
-1.65109
-2.20548
-0.501561
-1.05789
0.206772
-0.0659812
0.475857
1.92644
1.95215
-2.68696
-3.36661
2.24059
-2.27904
-4.42619
1.17555
1.33267
1.30746
1.13793
-1.47926
-5.44678
2.41044
0.98939
-0.123958
-5.77523
0.852274
0.640739
-4.76872
1.90756
2.27779
0.752445
0.836701
-2.27779
2.07077
0.698211
0.832955
0.435244
0.763852
0.848886
0.910926
1.59628
1.83216
1.89291
-3.19996
1.08544
0.954766
1.00947
1.23772
1.16496
1.37578
1.31046
1.48447
1.43577
1.56524
1.52985
1.62369
1.59836
1.66295
1.64554
1.68789
1.67582
1.70244
1.69463
1.71477
1.70775
1.73523
1.72329
1.76802
1.74984
1.80319
1.78633
1.82675
1.81608
1.84795
1.83656
1.88184
1.86342
1.92738
1.90436
1.97466
1.95167
2.01575
1.99645
2.04383
2.03129
2.05953
2.05276
2.06595
2.06313
2.0729
2.06899
2.07923
2.07627
2.08765
2.08269
2.09817
2.09404
2.08857
2.09653
2.04977
2.07415
1.97907
2.01535
1.8348
1.91468
1.94511
1.40891
1.36385
1.54514
1.47129
1.70639
1.62381
1.86757
1.78813
2.01851
1.94516
2.14379
2.08531
2.23898
2.19495
2.30865
2.27836
2.31464
2.3227
2.22586
2.28013
2.09899
2.16058
1.99938
2.04475
1.93975
1.96476
1.90672
1.92111
1.88245
1.89396
1.8586
1.87071
1.82703
1.84415
1.78055
1.80534
1.7159
1.75082
1.62263
1.67159
1.50032
1.56258
1.37258
1.43212
1.28757
1.31914
1.26738
1.26406
1.30292
1.2753
1.37183
1.32895
1.45985
1.4207
1.54564
1.51233
1.574
1.83138
1.74184
1.95001
1.89925
2.03455
1.99916
1.95843
2.0308
1.52865
1.79331
0.679497
1.1572
-0.569446
0.0951322
-1.97275
-1.27759
-2.99226
-2.57363
-3.02856
-3.15018
-2.09455
-2.64577
-0.919232
-1.49505
0.0343912
-0.380042
0.660839
0.371292
0.864031
0.788656
2.05351
-3.32074
-4.58596
0.908838
1.6802
1.28355
1.10555
-2.82979
-6.03369
1.88064
1.78023
2.48011
0.933598
-1.89743
-7.09662
1.73847
0.756957
-0.382142
-6.61015
1.76581
2.39678
0.59981
0.46018
-4.38036
1.89922
0.495336
0.501963
-0.950527
2.1366
0.482138
0.553144
1.57104
0.475376
1.83978
1.91229
1.85933
1.27474
1.31142
-4.16454
0.971197
0.900099
0.934523
1.0882
1.0249
1.22267
1.15945
1.34205
1.28509
1.44681
1.39815
1.52969
1.49189
1.59118
1.56323
1.63474
1.61464
1.66551
1.65037
1.68827
1.67589
1.71165
1.69843
1.74055
1.72517
1.77339
1.75673
1.80507
1.78995
1.83043
1.81867
1.85389
1.84231
1.88485
1.86878
1.9237
1.90448
1.96484
1.94469
2.00145
1.98404
2.02865
2.01583
2.04642
2.03799
2.05724
2.05179
2.06617
2.06163
2.07414
2.06998
2.08341
2.07886
2.0879
2.08722
2.07627
2.08453
2.04837
2.0646
2.00634
2.02786
1.97011
1.98723
1.94926
1.43437
1.45621
1.42641
1.46443
1.4495
1.5135
1.48228
1.61606
1.55786
1.7453
1.67897
1.88013
1.81192
2.01157
1.94798
2.12184
2.06997
2.20767
2.16774
2.26762
2.24173
2.27266
2.27933
2.20509
2.24579
2.11102
2.15761
2.02811
2.06765
1.96166
1.99235
1.91715
1.93685
1.88647
1.90111
1.85658
1.87211
1.82024
1.83962
1.77249
1.79795
1.70796
1.74251
1.62367
1.66781
1.52248
1.57383
1.42336
1.47018
1.35742
1.38418
1.33597
1.34014
1.3518
1.33948
1.39528
1.36977
1.4538
1.42401
1.50656
1.47987
1.5551
1.5328
1.8557
1.76832
2.00347
1.9264
2.13896
2.08344
2.07312
2.14011
1.67547
1.92294
0.821303
1.3102
-0.4753
0.216962
-1.96527
-1.22211
-3.08005
-2.61715
-3.17151
-3.26958
-2.27705
-2.81626
-1.01378
-1.64635
0.0674408
-0.407383
0.631948
0.389874
0.835249
0.758059
0.875549
1.09078
-4.15994
-6.01849
1.80435
1.79336
1.82066
1.44804
0.869469
1.74067
2.53308
0.888177
-3.3578
-7.5168
1.65858
0.678447
-1.86925
-7.84812
1.62863
2.57232
0.476478
-0.46628
-5.88209
1.70078
0.305942
0.169607
-2.29788
2.26785
1.91665
0.183193
0.186177
0.986159
0.0676556
0.19648
1.55446
1.231
1.12162
-5.33441
0.977002
0.939105
1.08518
1.03017
1.20585
1.1472
1.3161
1.26278
1.41372
1.3666
1.49548
1.45688
1.55906
1.52877
1.60751
1.58408
1.64466
1.62626
1.67429
1.659
1.70189
1.68727
1.73371
1.7169
1.76823
1.75103
1.80089
1.78544
1.82756
1.81549
1.85196
1.8403
1.88148
1.86655
1.91667
1.89942
1.95259
1.93515
1.98603
1.97002
2.01245
1.99952
2.03137
2.022
2.04466
2.03779
2.05627
2.05019
2.06616
2.06149
2.07382
2.07018
2.07825
2.07737
2.0686
2.07549
2.05149
2.06038
2.03204
2.04253
2.00632
2.02093
1.94415
1.98195
1.73616
1.76348
1.89173
1.90282
1.55443
1.5907
1.5537
1.57457
1.56569
1.60147
1.58389
1.67712
1.63297
1.77755
1.72597
1.89013
1.83259
2.00277
1.94784
2.09914
2.05314
2.17436
2.13978
2.22173
2.20192
2.22569
2.23025
2.17847
2.207
2.10316
2.14339
2.02707
2.06404
1.96548
1.99399
1.92191
1.94223
1.88652
1.90423
1.85102
1.86941
1.81132
1.83204
1.76234
1.78824
1.70029
1.73299
1.62414
1.66365
1.539
1.58186
1.45827
1.49658
1.40183
1.42643
1.3763
1.3864
1.37798
1.37598
1.40229
1.38942
1.43927
1.41931
1.47482
1.45296
1.50095
1.48997
1.66667
1.55315
1.85133
1.76214
2.03204
1.93615
2.19103
2.12326
2.15357
2.19819
1.77852
2.02188
0.922667
1.40974
-0.349878
0.328145
-1.80451
-1.07918
-2.90064
-2.44257
-3.00784
-3.09652
-2.12436
-2.66192
-0.829135
-1.47709
0.239544
-0.219555
0.67789
0.468979
0.826129
0.767066
0.855868
1.73173
2.51194
0.858828
-4.87691
-7.18593
0.870424
1.67878
1.61651
0.619451
-3.45218
-8.05975
0.810405
1.79975
1.91931
1.51879
1.57676
1.43641
2.78756
0.364247
-1.74914
-6.93643
1.5112
0.129592
-0.573231
-3.68687
2.5068
1.65431
-0.105104
-0.237669
0.210251
2.01193
-0.308993
-0.20294
2.62223
1.64443
1.65728
-0.254935
1.67843
0.996828
0.874483
-6.25525
0.976086
0.925386
1.0798
1.02751
1.18769
1.13322
1.2916
1.24012
1.38401
1.33928
1.46403
1.42606
1.52885
1.49779
1.58028
1.55515
1.62169
1.60125
1.65678
1.63905
1.69005
1.67308
1.72537
1.70702
1.75807
1.74155
1.79037
1.77484
1.81948
1.80596
1.84608
1.83355
1.87462
1.86055
1.90651
1.89075
1.93934
1.92325
1.96988
1.95501
1.99522
1.98265
2.01484
2.00499
2.02966
2.022
2.04291
2.03586
2.05513
2.04929
2.06318
2.05959
2.06876
2.06683
2.06379
2.06798
2.05561
2.05912
2.05396
2.05475
2.03286
2.04785
1.98469
2.01
1.96762
1.9653
1.8019
1.7047
1.88884
1.70376
1.7818
1.65716
1.66515
1.66494
1.66082
1.67585
1.66664
1.72899
1.69715
1.80755
1.76658
1.89847
1.8518
1.99392
1.94636
2.07651
2.03768
2.13813
2.10978
2.17736
2.16092
2.18118
2.18449
2.14333
2.16653
2.08193
2.11305
2.01897
2.04984
1.96377
1.99035
1.91849
1.94019
1.87982
1.89903
1.84196
1.8612
1.80065
1.82195
1.75194
1.77719
1.69281
1.72363
1.62375
1.65913
1.54986
1.58701
1.4807
1.51414
1.42941
1.45327
1.40033
1.41379
1.39232
1.3957
1.40128
1.39559
1.41928
1.40727
1.4377
1.42556
1.4363
1.44177
1.38042
1.41124
1.60784
1.40419
1.49263
1.81884
1.71273
2.03944
1.92841
2.2014
2.13669
2.15599
2.21056
1.78082
2.01892
0.971047
1.42927
-0.207065
0.417046
-1.51264
-0.867575
-2.45782
-2.06841
-2.50916
-2.61195
-1.66612
-2.17111
-0.480442
-1.07103
0.407045
0.0363725
0.760249
0.612118
0.832288
0.803205
0.839887
0.842503
0.824762
1.61977
0.577951
-5.04014
-7.46722
0.859383
1.99679
1.34695
1.46247
1.50598
1.49132
1.78513
1.66564
3.09261
0.255599
-3.13685
-7.07758
1.35694
-0.0563904
-1.65569
-4.89455
2.85589
1.53348
1.39129
-0.36042
-0.808178
-1.35224
1.6588
-0.651183
-0.776004
2.1611
2.22653
-0.740765
-0.725113
1.86309
0.695661
1.22627
0.965983
1.74158
0.573213
-6.42424
0.964352
0.911784
1.06825
1.01822
1.16885
1.11884
1.26741
1.21857
1.35707
1.31343
1.43527
1.39755
1.50097
1.46923
1.55487
1.5286
1.59967
1.57771
1.63808
1.61899
1.67413
1.65603
1.7086
1.69193
1.74579
1.72803
1.77879
1.76299
1.80834
1.79423
1.83599
1.82263
1.86475
1.85065
1.89467
1.88008
1.92466
1.91011
1.95264
1.93899
1.97712
1.96506
1.99713
1.98711
2.01319
2.00492
2.02808
2.0202
2.0414
2.03496
2.05146
2.04662
2.05957
2.05619
2.06044
2.0611
2.06068
2.05986
2.06746
2.0644
2.05496
2.0655
2.02645
2.0389
2.03376
2.02317
2.04323
2.10306
2.0607
1.96926
1.95284
1.87809
1.96242
2.07236
2.01723
1.80195
1.87061
1.74476
1.761
1.73831
1.74038
1.73843
1.73591
1.77342
1.75103
1.83369
1.80207
1.90516
1.8679
1.98424
1.94481
2.05229
2.02048
2.10399
2.07997
2.13593
2.12305
2.1369
2.14054
2.10709
2.12504
2.05863
2.08428
2.00424
2.0316
1.95315
1.97807
1.90935
1.93052
1.87038
1.88969
1.83154
1.85102
1.78933
1.81084
1.74124
1.76599
1.68498
1.71404
1.6219
1.65402
1.55612
1.58897
1.49483
1.52471
1.44625
1.46946
1.41389
1.42914
1.39702
1.40456
1.39294
1.39346
1.39588
1.3926
1.39522
1.39625
1.37767
1.3917
1.32399
1.35387
1.28654
1.37362
1.24305
1.31211
1.54722
1.45085
1.78225
1.66058
2.00882
1.90114
2.14425
2.09401
2.09674
2.14855
1.73609
1.96526
0.98186
1.40424
-0.0586262
0.485138
-1.14422
-0.616944
-1.86916
-1.58131
-1.83731
-1.9579
-1.08137
-1.52227
-0.118308
-0.59048
0.554342
0.283903
0.814049
0.708682
0.838431
0.833586
0.806178
0.825486
0.77135
0.785297
1.46443
1.51961
0.636645
1.06702
1.31782
3.56202
0.336717
0.18229
-4.53764
-6.559
1.26892
-0.223133
-2.74952
-5.30092
2.10269
2.15586
3.39132
1.60259
1.94439
1.83645
2.02709
2.12104
1.18983
1.17892
1.12674
0.760249
0.740671
0.721647
1.16771
-0.583885
-1.75257
-3.04898
1.28469
1.30584
1.28136
-0.924904
-1.25757
0.311849
2.60568
1.74901
0.199977
0.74526
-1.23679
-1.43934
3.41427
-1.44101
0.195939
-5.71585
0.848318
0.801872
0.949971
0.89827
1.0526
1.00239
1.15034
1.10216
1.24483
1.19797
1.33195
1.28906
1.40869
1.37158
1.47479
1.44308
1.53075
1.5037
1.57841
1.55515
1.61996
1.59948
1.65834
1.63933
1.69502
1.67696
1.73142
1.71349
1.76554
1.74887
1.79629
1.78136
1.82435
1.81065
1.85233
1.83857
1.88094
1.86702
1.90913
1.89563
1.93524
1.92267
1.95861
1.94722
1.97884
1.9688
1.99602
1.98726
2.01248
2.00386
2.02681
2.01987
2.03921
2.03284
2.05063
2.0455
2.05726
2.05442
2.06613
2.06094
2.07832
2.07308
2.07449
2.07869
2.06941
2.07042
2.08873
2.07421
2.15317
2.11489
2.03356
1.99821
1.8224
1.90773
2.11186
2.05714
2.19095
2.15405
1.88436
1.94633
1.82107
1.84335
1.79958
1.80843
1.79019
1.79243
1.81127
1.79659
1.85545
1.8318
1.91071
1.8817
1.97354
1.94196
2.03009
2.0034
2.07195
2.05294
2.09596
2.08639
2.09644
2.09939
2.07229
2.08692
2.03126
2.0529
1.98437
2.00808
1.93885
1.96127
1.89746
1.9177
1.8588
1.87795
1.81954
1.83926
1.77733
1.79872
1.73022
1.75444
1.67694
1.70431
1.61862
1.64824
1.55879
1.58865
1.50248
1.53017
1.45508
1.47797
1.41981
1.43656
1.39582
1.40677
1.38099
1.38721
1.36985
1.37471
1.35514
1.36306
1.32717
1.34338
1.26902
1.30182
1.22683
1.33941
1.26521
1.51026
1.42091
1.73435
1.61781
1.93711
1.84373
2.04259
2.00568
1.95841
2.03232
1.58381
1.80849
0.916949
1.28353
0.0634323
0.501037
-0.745119
-0.364131
-1.20332
-1.03739
-1.07539
-1.21406
-0.45155
-0.805354
0.255504
-0.0826034
0.702172
0.532069
0.856132
0.795465
0.84225
0.856996
0.778189
0.808436
0.757033
1.26063
1.69089
-0.157767
-0.316734
-3.81261
-5.15047
2.20087
3.98879
1.713
2.22271
1.12369
1.07249
0.743981
0.699265
1.02478
-0.77228
-2.70173
-3.86708
1.34496
0.946312
-1.18273
-2.08877
-1.92905
1.01574
1.04788
3.18622
1.19413
-0.381075
0.293924
-1.70748
-1.8635
1.3658
1.97006
-2.32519
-2.32309
1.52731
1.31441
-0.302929
-4.67346
0.836763
0.790232
0.935199
0.88508
1.03517
0.985306
1.13137
1.08396
1.22326
1.1779
1.30828
1.26644
1.38436
1.3475
1.45082
1.41885
1.50817
1.48048
1.55788
1.53369
1.60182
1.58026
1.64223
1.62228
1.68062
1.66164
1.7171
1.69914
1.75129
1.73451
1.78272
1.7673
1.81156
1.79734
1.83912
1.82552
1.86619
1.85292
1.89244
1.87972
1.91724
1.90531
1.93986
1.929
1.95987
1.95009
1.9781
1.96886
1.99607
1.98687
2.01197
2.00416
2.02721
2.01925
2.0422
2.03513
2.05428
2.0483
2.07016
2.06154
2.08712
2.07955
2.09427
2.09156
2.1058
2.09857
2.13449
2.11703
2.19669
2.16125
2.25604
2.2917
2.24136
2.16902
2.21563
2.03187
2.10822
4.44714
1.84555
1.9453
2.19878
2.10522
2.15162
2.26456
2.23345
2.30821
2.28884
2.25467
2.34966
2.32916
2.08381
2.16521
1.95477
2.01292
1.8851
1.91286
1.8509
1.86591
1.83376
1.83972
1.84288
1.83491
1.87332
1.85643
1.91445
1.89276
1.96321
1.93832
2.00869
1.98729
2.04105
2.02649
2.05956
2.05218
2.05897
2.06195
2.03749
2.05042
2.00346
2.0216
1.96334
1.98384
1.92227
1.94266
1.88327
1.90245
1.84553
1.86432
1.8066
1.82619
1.76506
1.78619
1.71926
1.74272
1.66864
1.69458
1.61398
1.64162
1.55838
1.58616
1.50539
1.53159
1.45883
1.48146
1.42068
1.43902
1.39042
1.40471
1.36628
1.37764
1.3442
1.35508
1.31782
1.33216
1.28175
1.30172
1.21607
1.25247
1.17212
1.12987
1.01419
1.06865
1.29272
1.20653
1.47525
1.38394
1.66974
1.57217
1.82559
1.75761
1.87217
1.86609
1.72705
1.8292
1.35594
1.56725
0.783439
1.09074
0.137486
0.45763
-0.383368
-0.15118
-0.582209
-0.533458
-0.356423
-0.519583
0.146657
-0.123473
0.617253
0.403788
0.863763
0.778928
0.908903
0.897826
0.852246
0.885945
0.766029
0.804314
0.711785
0.737526
0.655269
0.682968
0.986899
2.04395
-0.837501
-0.940937
-3.47449
-4.12324
1.42778
0.708454
-1.52495
-3.08893
-3.14698
1.09565
2.31506
2.34556
2.28568
2.37155
3.7105
0.945107
0.961994
0.89375
0.630238
0.612908
0.583157
0.680729
1.05213
-2.17253
-2.72367
-1.38056
0.649007
0.696528
1.13551
2.31253
-3.07493
-2.75678
1.96029
-1.20693
-0.312177
-3.43044
1.72864
1.99064
1.90661
1.96142
1.86216
-1.01109
-3.99664
1.56127
0.725684
0.677923
0.822245
0.774154
0.919191
0.870305
1.01731
0.968436
1.11241
1.06537
1.20273
1.15836
1.28632
1.24527
1.36189
1.325
1.4287
1.39637
1.48718
1.45892
1.53858
1.51366
1.58442
1.562
1.62625
1.60565
1.66529
1.64613
1.70265
1.68444
1.73713
1.72035
1.76874
1.75327
1.79766
1.78334
1.8249
1.81129
1.85104
1.83806
1.87556
1.86363
1.89877
1.88749
1.92074
1.91019
1.94062
1.93105
1.95955
1.95001
1.97886
1.96914
1.99667
1.98779
2.01512
2.00551
2.03396
2.02471
2.05173
2.0427
2.07314
2.06192
2.09471
2.08453
2.11286
2.10377
2.13632
2.12349
2.17454
2.15282
2.23674
2.20197
2.32381
2.27758
2.24044
2.28013
2.13076
2.18979
2.06483
2.37288
2.35359
2.36549
2.38813
2.37904
2.41242
2.39864
2.42387
2.41293
2.44584
2.43456
2.13382
2.20539
2.01547
2.0701
1.93908
1.97214
1.89464
1.91417
1.87037
1.88
1.86924
1.86687
1.88771
1.8768
1.91665
1.90116
1.95278
1.93415
1.98754
1.97107
2.01255
2.00129
2.02596
2.02083
2.02386
2.02702
2.00534
2.01631
1.97632
1.99179
1.94126
1.95929
1.90415
1.92268
1.86773
1.88578
1.83133
1.84957
1.79335
1.81251
1.75273
1.77346
1.70832
1.73103
1.65983
1.68457
1.60829
1.63428
1.55593
1.58214
1.50517
1.53035
1.4587
1.48147
1.41774
1.43761
1.38224
1.3994
1.35054
1.36603
1.31946
1.33516
1.28416
1.30266
1.23663
1.26251
1.16782
1.20645
1.0756
1.12359
1.02259
1.0679
1.00604
1.22589
1.14029
1.41314
1.32024
1.57711
1.50043
1.66672
1.63594
1.63104
1.66723
1.40324
1.54504
1.004
1.21531
0.545348
0.777137
0.144839
0.329261
-0.0690725
0.00812443
-0.0177211
-0.0789537
0.283873
0.10729
0.680855
0.484101
0.956439
0.847294
1.03294
1.02014
0.974999
1.01214
0.872864
0.924493
0.769872
0.818144
0.684515
0.725899
0.646041
0.620622
2.35472
-1.8283
-1.83282
-3.76823
-3.77631
1.19681
1.81324
1.58323
2.37339
2.4578
5.28722
0.915179
0.849587
0.60624
0.556735
0.288526
1.74333
-2.5781
-3.99338
-3.0623
0.758818
0.356254
2.57152
-3.54237
-3.9934
-1.46253
0.621967
1.07466
-4.43623
-4.39976
1.71302
0.181817
2.70724
2.78628
0.108195
2.04436
2.00558
-1.97237
-3.98547
1.3641
0.706891
0.657206
0.804622
0.755936
0.902668
0.853785
0.999831
0.951224
1.09388
1.04731
1.18319
1.13935
1.26593
1.22534
1.34103
1.30427
1.40815
1.37553
1.46766
1.43882
1.52048
1.49488
1.56785
1.54473
1.61101
1.58983
1.65096
1.63132
1.68842
1.67011
1.72305
1.70623
1.75472
1.73931
1.78349
1.76933
1.81006
1.79674
1.83505
1.82253
1.85832
1.84679
1.88027
1.86952
1.90116
1.89104
1.92094
1.91137
1.94068
1.93081
1.96111
1.95093
1.98109
1.97101
2.00266
1.99151
2.0253
2.0139
2.04907
2.03686
2.07561
2.06207
2.10201
2.08906
2.12927
2.11513
2.16303
2.14509
2.20914
2.18423
2.27116
2.23774
2.35296
2.3099
2.42502
2.44762
2.3994
2.37667
2.40168
2.31617
2.34871
2.23819
2.28073
2.14513
2.19218
2.09331
2.61722
2.65405
2.56589
2.58749
2.54436
2.55262
2.53485
2.5366
2.53851
2.53573
2.46987
2.54857
2.54189
2.31465
2.39202
2.17611
2.24206
2.06599
2.11692
1.98486
2.02189
1.9321
1.95546
1.90107
1.91417
1.89096
1.89346
1.89885
1.89324
1.91698
1.90699
1.94172
1.92871
1.96742
1.95503
1.98577
1.97773
1.99456
1.99137
1.99145
1.99464
1.9751
1.9847
1.94964
1.96316
1.91886
1.9347
1.88543
1.90224
1.85156
1.86848
1.81676
1.8343
1.77992
1.7986
1.7404
1.76055
1.69738
1.71933
1.6509
1.67454
1.60185
1.62659
1.55176
1.5769
1.50246
1.52697
1.45575
1.4788
1.41253
1.43374
1.37253
1.39222
1.33444
1.35337
1.29569
1.31541
1.25182
1.27474
1.19649
1.22574
1.12413
1.16261
1.03027
1.08007
0.975451
1.94747
-2.34235
-1.189
0.873139
0.780918
0.823066
0.998967
0.933744
1.14021
1.06605
1.31071
1.22499
1.44573
1.38748
1.46213
1.47474
1.30976
1.40868
0.964392
1.1591
0.549903
0.750243
0.223254
0.372609
0.0782183
0.122037
0.159841
0.0913445
0.432916
0.276691
0.80066
0.613295
1.10893
0.973009
1.24197
1.20422
1.19098
1.23433
1.03424
1.12099
0.887104
0.958591
0.767044
0.824908
0.657128
0.710709
0.571338
0.609854
0.508076
0.537949
0.100722
2.37098
-3.24056
-2.91771
-4.89512
-4.19979
0.888473
1.40783
-0.277692
4.37337
-3.86251
-5.73144
-4.03871
3.0113
3.14962
1.55186
0.285255
1.98447
1.60105
2.47606
2.49558
2.48667
2.56017
-0.0956791
-5.24431
-6.51821
-2.30486
0.0531657
0.479158
0.459742
0.426828
0.707387
0.741811
0.668745
1.24526
-6.9044
-0.584564
2.32659
1.96995
2.38605
2.89933
-0.707161
-3.27076
-4.90561
1.11196
0.582765
0.530604
0.68714
0.635571
0.786548
0.736968
0.885885
0.836407
0.982857
0.934553
1.07624
1.02996
1.16466
1.12112
1.24678
1.20648
1.32172
1.28502
1.38926
1.35631
1.44962
1.42028
1.50356
1.4774
1.55215
1.5285
1.59647
1.57478
1.63721
1.61719
1.67483
1.65641
1.70937
1.69256
1.74082
1.72559
1.76919
1.75531
1.79506
1.78216
1.8188
1.80688
1.84059
1.82966
1.86136
1.85103
1.88125
1.87154
1.90073
1.89115
1.92127
1.91096
1.94286
1.93213
1.96516
1.95378
1.99007
1.97726
2.0165
2.00306
2.04563
2.03053
2.07767
2.06149
2.10947
2.0936
2.14414
2.12607
2.1861
2.16413
2.23769
2.21054
2.30197
2.26816
2.38085
2.33953
2.47036
2.42499
2.43746
2.45688
2.39503
2.41701
2.34863
2.37197
2.30339
2.32553
2.27581
2.28398
2.28899
2.83301
2.91
2.72846
2.77441
2.66802
2.69401
2.63543
2.64879
2.62368
2.62738
2.62461
2.62126
2.34217
2.4135
2.21348
2.27539
2.10716
2.15765
2.02326
2.06242
1.96415
1.99077
1.92675
1.94317
1.90847
1.91533
1.90683
1.90606
1.91522
1.91011
1.93031
1.92206
1.94774
1.9392
1.96022
1.9548
1.96531
1.96367
1.96133
1.96455
1.94658
1.95512
1.92404
1.93592
1.89686
1.91085
1.86665
1.88193
1.83507
1.85094
1.80199
1.81873
1.76651
1.78457
1.72819
1.74769
1.68661
1.70774
1.64184
1.66451
1.59472
1.61853
1.54635
1.57064
1.49814
1.52221
1.45108
1.47445
1.40576
1.42824
1.36183
1.38369
1.31835
1.34017
1.273
1.29611
1.22202
1.24847
1.16016
1.1924
1.08384
1.12368
0.987797
1.03837
0.87245
0.932076
0.809401
0.797341
0.749618
0.919412
0.855461
1.04556
0.982449
1.18675
1.11543
1.28231
1.24759
1.20998
1.27483
0.911905
1.08855
0.431956
0.685094
-0.00764848
0.187651
-0.188912
-0.134235
-0.0524061
-0.160762
0.325277
0.115642
0.793939
0.558564
1.20099
1.01376
1.422
1.34146
1.42062
1.44646
1.27316
1.35593
1.06922
1.17825
0.889869
0.978125
0.748795
0.816051
0.627902
0.686393
0.531314
0.57519
0.494153
-0.640595
0.79218
-4.13616
-5.04133
-4.2547
-7.08103
-6.00124
3.32117
2.38186
0.48011
1.19466
2.51571
2.62974
-0.973178
2.64804
2.79661
-5.89323
-8.81084
-6.0476
1.3051
-0.358761
1.45331
0.449946
0.395009
0.410307
0.375207
0.629656
0.591523
0.704081
0.631903
-0.422518
-9.30169
-10.2096
-3.56766
1.31196
-1.64885
1.98873
-2.64875
-0.994681
2.52446
-1.91177
-4.76855
-7.14996
3.45137
3.01555
0.81219
0.558911
0.504997
0.666252
0.613018
0.768626
0.717721
0.869017
0.81908
0.966383
0.918076
1.05949
1.01335
1.14729
1.10402
1.22896
1.18889
1.30385
1.26716
1.37178
1.33857
1.43294
1.40314
1.48792
1.46116
1.53762
1.51343
1.58279
1.56068
1.62412
1.60379
1.66193
1.64335
1.69622
1.67949
1.72733
1.71227
1.75496
1.74151
1.77987
1.76756
1.80232
1.79113
1.82264
1.81244
1.84195
1.83226
1.86087
1.85149
1.88005
1.87045
1.90109
1.8904
1.92394
1.91242
1.94878
1.93598
1.97709
1.9625
2.00768
1.99208
2.04141
2.02394
2.07871
2.05977
2.11662
2.09759
2.15777
2.13645
2.20613
2.18104
2.26239
2.23322
2.32923
2.29437
2.40736
2.36712
2.49416
2.45011
2.55927
2.57926
2.53743
2.52449
2.54168
2.49491
2.50925
2.47086
2.48279
2.45653
2.46251
2.46069
2.45534
2.50514
2.47537
2.55857
3.63051
3.74016
3.26363
3.4354
3.02235
3.12755
2.87459
2.94053
2.78137
2.82246
2.72633
2.75004
2.6994
2.71001
2.69255
2.6937
2.63852
2.70039
2.69457
2.50403
2.57294
2.36912
2.4353
2.24664
2.30597
2.14126
2.19184
2.05519
2.09587
1.99141
2.02075
1.94798
1.96764
1.9222
1.9331
1.91174
1.91547
1.91142
1.91058
1.91802
1.91392
1.92809
1.92284
1.93563
1.93225
1.93777
1.93717
1.93309
1.93618
1.91976
1.9272
1.89984
1.91018
1.87562
1.888
1.84812
1.86201
1.81866
1.83343
1.78733
1.80316
1.75326
1.77056
1.71623
1.735
1.67611
1.69655
1.63274
1.65474
1.58721
1.61022
1.54022
1.56385
1.49267
1.5165
1.44516
1.46889
1.39799
1.42155
1.35082
1.37447
1.30274
1.32698
1.25169
1.27769
1.19463
1.22401
1.12742
1.1623
1.04655
1.08878
0.948473
0.999456
0.832985
0.892666
0.770842
0.716957
0.671242
0.829221
0.769779
0.950735
0.890754
1.06167
1.00971
1.09492
1.09522
0.914914
1.04146
0.4465
0.713339
-0.193016
0.130343
-0.655573
-0.472943
-0.65976
-0.71598
-0.242736
-0.497451
0.409143
0.0710636
1.04853
0.744043
1.49003
1.3021
1.65098
1.60592
1.56361
1.63141
1.32717
1.45395
1.06901
1.20032
0.864077
0.964189
0.70788
0.780601
0.587807
0.644958
0.488778
0.535296
0.447429
-1.66839
3.04856
-7.53597
-7.75655
-6.34582
-10.3563
-8.89261
3.76115
2.41535
-0.0204788
0.9365
0.34095
0.555255
-1.9298
-10.5254
-12.7006
-8.28532
0.763234
-1.1299
1.22218
2.60011
2.61882
2.65153
2.71095
-3.50992
-3.19091
-1.81341
-1.25175
2.85418
2.13148
-13.5134
3.39852
-11.6171
3.36152
3.82494
-6.85779
-10.3809
3.2343
0.436013
0.421621
0.306639
0.361715
0.53606
0.478028
0.645722
0.590107
0.75125
0.698012
0.852876
0.801719
0.950714
0.901749
1.04373
0.997387
1.1312
1.08796
1.21259
1.1726
1.28745
1.25079
1.35567
1.32229
1.41758
1.38731
1.47361
1.44625
1.52425
1.4995
1.57019
1.54762
1.61197
1.59137
1.64986
1.63113
1.68411
1.6672
1.71441
1.69956
1.74118
1.72815
1.7648
1.75323
1.7857
1.77541
1.80448
1.79511
1.82226
1.81334
1.83994
1.83104
1.8587
1.8491
1.88011
1.86905
1.90436
1.89188
1.93202
1.91764
1.9637
1.94734
1.99852
1.98066
2.03687
2.01712
2.07897
2.0575
2.12305
2.1008
2.17022
2.14603
2.22371
2.19615
2.28402
2.25306
2.35311
2.31735
2.43235
2.39169
2.51839
2.47496
2.60153
2.56104
2.56965
2.58405
2.54993
2.55719
2.54275
2.54451
2.55722
2.54628
2.6076
2.57746
2.71657
2.65308
2.93649
2.80703
3.39943
3.1228
4.30881
3.79817
3.83688
4.05765
3.466
3.64382
3.18752
3.31369
3.00394
3.0865
2.88304
2.93712
2.80806
2.84084
2.76726
2.78405
2.75292
2.75744
2.75771
2.75308
2.52177
2.58782
2.39367
2.45653
2.27523
2.33328
2.16978
2.22063
2.08191
2.1234
2.01413
2.04559
1.96495
1.98742
1.9322
1.94664
1.91368
1.92141
1.90532
1.90845
1.90431
1.90398
1.90805
1.90585
1.91142
1.91003
1.91135
1.91186
1.90616
1.90948
1.89424
1.90099
1.87658
1.88594
1.85483
1.86612
1.82978
1.84263
1.80243
1.81634
1.77276
1.78792
1.74006
1.7568
1.7044
1.72256
1.66582
1.68551
1.62388
1.64518
1.57933
1.60167
1.53344
1.55653
1.48636
1.51
1.43845
1.46248
1.38974
1.41419
1.33981
1.36493
1.28771
1.31406
1.23194
1.26031
1.16979
1.20167
1.09808
1.1353
1.01309
1.05737
0.912467
0.964691
0.796345
0.856134
0.664779
0.732398
0.519722
0.594049
0.54875
0.476829
0.51186
0.631808
0.58904
0.733204
0.679219
0.853648
0.793175
0.941238
0.906947
0.896555
0.941368
0.598364
0.789361
-0.0422162
0.315629
-0.838672
-0.446084
-1.32485
-1.15418
-1.156
-1.3242
-0.454192
-0.854625
0.444155
-0.00563549
1.21375
0.859889
1.66912
1.48708
1.76105
1.75732
1.59399
1.69723
1.31739
1.46408
1.04081
1.17811
0.820974
0.927218
0.654636
0.730933
0.536894
0.591461
0.442963
0.487918
0.36228
0.400606
0.291441
0.32673
-2.98373
-2.49343
-5.64987
-10.5164
-9.95523
-14.0458
-11.8638
4.17692
2.39486
-0.670285
0.584284
2.64015
2.76632
0.442522
0.251214
-2.33162
-3.29849
-2.51579
1.01461
2.42731
3.98531
5.14656
5.01686
-0.0237639
-10.9014
-15.7232
-14.5836
-4.84812
5.40748
5.75428
6.30949
6.38115
5.63879
-9.14663
-13.7896
3.44077
6.52357
7.49474
8.28391
8.69642
7.09691
8.53102
7.86321
-0.119932
-9.60665
-16.1317
-8.50089
-4.07394
-0.0960399
6.15099
4.86179
2.62757
1.22668
-5.64574
-4.02946
-5.09339
-5.50907
-5.31878
0.207261
0.245761
0.279943
0.314455
0.351141
0.390208
0.430623
0.474542
0.525726
0.587097
0.662104
0.751524
0.85846
0.978698
1.12547
1.27986
1.46329
1.61565
1.74891
1.8301
1.83747
1.75596
1.57278
1.28433
0.894765
0.419658
-0.114234
-0.670669
-1.19589
-1.62624
-1.90046
-1.96218
-1.80391
-1.4636
-1.0119
-0.530656
-0.0849016
0.27862
0.54083
0.706478
0.795291
0.820119
0.796733
0.747655
0.690543
0.635002
0.586165
0.542919
0.502827
0.464971
0.430359
0.39725
0.362522
0.32568
0.404997
0.482773
0.556363
0.627115
0.69595
0.761245
0.822423
0.879816
0.933188
0.982898
1.02879
1.07128
1.11058
1.14709
1.18133
1.21348
1.24404
1.2732
1.30144
1.32873
1.35525
1.38112
1.40646
1.43122
1.45561
1.47952
1.50311
1.52626
1.54901
1.5713
1.59333
1.61545
1.63551
1.6552
1.67428
1.69269
1.71034
1.72717
1.74323
1.75845
1.77285
1.78651
1.79954
1.81196
1.82375
1.83477
1.84494
1.8543
1.86271
1.87006
1.87604
1.88062
1.88379
1.88583
1.88692
1.88733
1.88731
1.88725
1.88764
1.88907
1.89198
1.89675
1.90351
1.91247
1.92391
1.93828
1.95603
1.97746
2.00278
2.03216
2.06583
2.10386
2.14638
2.1933
2.24438
2.29909
2.35666
2.41635
2.47805
2.54168
2.60562
2.66725
2.72452
2.77777
2.82857
2.81777
2.80966
2.80544
2.80623
2.81365
2.82756
2.84953
2.88031
2.92106
2.97293
3.03758
3.1169
3.21333
3.33008
3.47133
3.63649
3.81903
4.01951
4.27982
4.73368
5.28166
5.74952
6.29361
6.89042
7.46839
7.84829
7.9572
7.66661
7.12514
6.45775
5.69237
5.02663
4.49317
4.06901
3.69953
3.4151
3.19523
3.02657
2.90028
2.80554
2.73481
2.68306
2.64722
2.62331
2.60741
2.6
2.59874
2.60221
2.61036
2.62267
2.6379
2.65621
2.67709
2.70164
2.66492
2.62603
2.58498
2.5417
2.49771
2.45458
2.41315
2.374
2.33735
2.3029
2.27025
2.23913
2.20949
2.18134
2.15444
2.12852
2.10327
2.07868
2.05473
2.03163
2.00945
1.98837
1.96832
1.94932
1.93129
1.91434
1.89853
1.88393
1.8705
1.85809
1.84672
1.83635
1.82698
1.81833
1.81015
1.80218
1.79424
1.78621
1.77793
1.76927
1.76004
1.75007
1.73934
1.72777
1.71532
1.702
1.68756
1.67235
1.65575
1.63854
1.61992
1.60067
1.58001
1.55856
1.53573
1.51199
1.48684
1.46058
1.43282
1.40362
1.373
1.34095
1.30747
1.27246
1.23585
1.19759
1.15771
1.11639
1.07323
1.02901
0.982648
0.935764
0.886484
0.837187
0.785286
0.73386
0.679271
0.625503
0.568242
0.51183
0.451182
0.391883
0.329614
0.271152
0.211263
0.167271
0.165089
0.129153
-12.5056
-10.7502
-13.6586
-16.5221
-3.90323
6.68769
2.12962
4.63363
7.31485
9.02409
9.78125
9.42315
0.0968307
-1.8107
-1.1336
8.37336
3.7801
7.91707
-6.83682
-5.6462
-15.7885
-8.86173
0.099274
0.0600603
-8.54419
-13.8873
-12.3873
-11.204
-10.2621
0.148506
0.188085
0.237448
0.298618
0.36302
0.426434
0.488462
0.548109
0.606177
0.662166
0.717011
0.770142
0.822075
0.872479
0.921597
0.969167
1.01536
1.05987
1.10295
1.1443
1.18421
1.22243
1.25918
1.29426
1.32803
1.36025
1.39119
1.42067
1.44889
1.47547
1.50087
1.52492
1.54784
1.56956
1.59014
1.60957
1.62794
1.64514
1.66134
1.67633
1.69028
1.70317
1.71499
1.72597
1.73586
1.74504
1.75323
1.76089
1.76798
1.77482
1.78157
1.78841
1.7957
1.80363
1.81264
1.82284
1.83444
1.84741
1.86177
1.87758
1.89474
1.91331
1.93311
1.95428
1.97665
2.00029
2.02498
2.05068
2.07719
2.10448
2.13247
2.16113
2.19055
2.22086
2.2523
2.28493
2.3189
2.35439
2.39189
2.43178
2.47421
2.51884
2.56464
2.61015
2.6534
2.69351
2.73009
1.82158
11.0161
11.9208
3.50355
-0.368927
-4.18116
7.29313
10.3493
2.14611
5.41096
9.88777
6.3004
-9.04758
-6.72926
0.118726
0.160012
0.178692
0.204502
0.23451
0.265214
0.296852
0.330158
0.365715
0.406096
0.454713
0.513722
0.586111
0.67349
0.778921
0.902032
1.05009
1.2085
1.37356
1.52013
1.66725
1.75362
1.77757
1.71336
1.544
1.26204
0.86884
0.374156
-0.201788
-0.821028
-1.42593
-1.94764
-2.29999
-2.41129
-2.27175
-1.92232
-1.4349
-0.903366
-0.402855
0.0119105
0.319782
0.522618
0.63889
0.680637
0.66678
0.627919
0.579826
0.532485
0.489556
0.450239
0.413793
0.380034
0.348108
0.316703
0.28454
0.248594
0.209253
0.285255
0.364258
0.442659
0.519048
0.591771
0.66201
0.728713
0.791591
0.850392
0.90514
0.956011
1.00336
1.04718
1.08818
1.12631
1.16234
1.19632
1.22869
1.2595
1.28912
1.31776
1.34554
1.37235
1.39837
1.4236
1.4483
1.47232
1.49592
1.51896
1.54147
1.56337
1.58459
1.60454
1.62537
1.64495
1.66379
1.68165
1.6987
1.71489
1.73023
1.74463
1.7582
1.77101
1.78316
1.79468
1.80548
1.81551
1.82467
1.83303
1.84046
1.84689
1.85206
1.85598
1.85869
1.86052
1.86173
1.86267
1.86363
1.86513
1.86766
1.87172
1.87758
1.88546
1.89552
1.90793
1.92289
1.94069
1.96167
1.98611
2.01424
2.04612
2.08188
2.12151
2.16515
2.21272
2.26414
2.31893
2.37657
2.43647
2.4985
2.56183
2.6249
2.68555
2.74264
2.79513
2.84567
2.89785
2.87857
2.86513
2.85536
2.85111
2.85276
2.86191
2.87923
2.90565
2.94205
2.9895
3.0495
3.12358
3.21334
3.32083
3.4493
3.60097
3.77536
3.97693
4.22163
4.54291
4.92844
5.33284
5.76793
6.26829
6.73598
7.14036
7.37266
7.3992
7.19228
6.77985
6.22065
5.64796
5.15092
4.70506
4.26655
3.88539
3.5998
3.37692
3.19372
3.04548
2.9303
2.84222
2.77577
2.72577
2.68959
2.66508
2.64935
2.64178
2.64121
2.64655
2.65703
2.67215
2.69084
2.71236
2.73561
2.76449
-13.6388
-17.1609
-13.2182
-10.0908
-15.8887
0.0568496
0.109217
0.1576
0.213731
0.275304
0.340803
0.40526
0.468841
0.529665
0.588863
0.645914
0.701529
0.755525
0.808049
0.859117
0.908623
0.956623
1.00305
1.0478
1.09103
1.13249
1.17252
1.2108
1.24767
1.28287
1.31677
1.34924
1.38043
1.41001
1.43827
1.4652
1.49075
1.51507
1.53805
1.55994
1.58047
1.59998
1.61813
1.63528
1.6511
1.66587
1.67933
1.69178
1.70298
1.71327
1.72233
1.73056
1.7377
1.74417
1.74997
1.75537
1.76068
1.76609
1.77219
1.7791
1.78743
1.79723
1.80881
1.82219
1.83737
1.85445
1.87312
1.89354
1.91537
1.93885
1.96363
1.98985
2.01712
2.0455
2.0747
2.10474
2.13545
2.1668
2.19873
2.23127
2.26452
2.29857
2.33364
2.37002
2.40834
2.44923
2.49309
2.53963
2.58809
2.63641
2.68292
2.72628
2.76486
2.79934
2.83427
2.80044
2.77019
2.74542
2.72174
2.70154
2.68612
2.67656
2.67352
2.67782
2.69033
2.71246
2.74586
2.79122
2.8522
2.93276
3.03524
3.1667
3.33308
3.53481
3.7693
4.03627
4.34702
4.70896
5.13783
5.63135
6.1332
6.5307
6.82276
7.01535
7.01065
6.86514
6.58097
6.1902
5.80439
5.41039
5.01406
4.64983
4.34351
4.09398
3.88536
3.7043
3.54513
3.40697
3.28968
3.1915
3.11035
3.04423
2.9915
2.9508
2.92108
2.90136
2.89075
2.88879
2.89444
2.90737
2.92657
2.95173
2.92667
0.165537
0.239584
0.321889
0.403657
0.483972
0.559912
0.633219
0.701422
0.766284
0.825895
0.882367
0.933756
0.982665
1.02715
1.06963
1.10877
1.14617
1.18136
1.21512
1.24725
1.27809
1.30763
1.33646
1.36404
1.39089
1.41656
1.44178
1.4659
1.48979
1.51282
1.53509
1.5565
1.57755
1.59764
1.61754
1.6365
1.65482
1.67209
1.68854
1.70393
1.7185
1.73201
1.74473
1.75656
1.7678
1.77824
1.78805
1.797
1.80527
1.81259
1.81912
1.8245
1.82884
1.83187
1.83401
1.83529
1.83639
1.8374
1.8391
1.84167
1.84594
1.85206
1.86058
1.87134
1.8847
1.90051
1.91905
1.94032
1.96459
1.99201
2.02278
2.05701
2.0947
2.13597
2.18087
2.22947
2.28145
2.33658
2.39441
2.45483
2.51767
2.58166
2.64565
2.70754
2.76572
2.82035
2.87375
0.100374
0.14261
0.106374
0.140492
0.152796
0.1688
0.190222
0.213663
0.23798
0.264385
0.29449
0.330683
0.374506
0.427037
0.491365
0.57053
0.666699
0.780483
0.915528
1.06515
1.22419
1.38013
1.52336
1.61882
1.64455
1.58225
1.42199
1.15563
0.782793
0.307666
-0.260353
-0.880141
-1.5
-2.07205
-2.46083
-2.60714
-2.49636
-2.16313
-1.67896
-1.13759
-0.619233
-0.18603
0.135581
0.351409
0.477244
0.526909
0.52354
0.496792
0.459274
0.421643
0.386637
0.353719
0.32322
0.294264
0.266844
0.239142
0.210077
0.177872
-7.66582
8.21721
5.00288
8.65368
-2.68775
10.4306
-8.11586
-9.95033
6.88355
3.49531
5.84954
10.6292
0.0495761
2.29082
-0.808118
0.0492716
0.115384
0.0320191
-0.0812812
-14.2225
-12.0068
3.03981
2.86639
2.87892
-9.36528
2.90301
3.05891
0.00244801
-4.81774
-1.04967
8.65988
5.92215
8.31149
-10.1817
0.11762
0.0881401
0.166019
0.142661
0.209289
0.187628
0.254112
0.231141
0.303548
0.277839
0.359613
0.330553
0.369915
0.375972
0.20196
0.319488
-0.285061
0.00450496
-1.14806
-0.677656
-2.05933
-1.63512
-2.41528
-2.34154
-1.90613
-2.25643
-0.767752
-1.31493
0.238997
-0.238952
0.941187
0.636654
1.28453
1.15512
1.32299
1.33632
1.14509
1.25435
0.874414
1.01274
0.623014
0.740687
0.442872
0.523677
0.325474
0.37722
0.247603
0.282931
0.194901
0.218125
0.158601
0.175189
0.130683
0.143602
0.105682
0.119012
0.0861855
2.90735
2.96441
2.79072
2.84953
2.66528
2.72948
2.53444
2.59958
2.41069
2.47135
2.29689
2.35256
2.19406
2.24393
2.10459
2.14757
2.02873
2.06499
1.96573
1.99568
1.91402
1.93856
1.87254
1.89197
1.84202
1.85582
1.82318
1.83114
1.81455
1.81778
1.81193
1.81279
1.8106
1.81135
1.80701
1.80925
1.79912
1.80362
1.78725
1.79361
1.7723
1.78011
1.75454
1.76377
1.73381
1.74454
1.70949
1.72211
1.68096
1.69574
1.648
1.66495
1.61111
1.62993
1.57108
1.59127
1.52853
1.54992
1.48371
1.50612
1.43613
1.46004
1.38502
1.41066
1.32978
1.35748
1.27014
1.30005
1.20539
1.23799
1.13471
1.17039
1.05641
1.09602
0.967881
1.0126
0.866067
0.917362
0.748015
0.807488
0.611552
0.680427
0.455834
0.534253
0.283467
0.369148
0.193057
2.80662
2.84288
2.74713
2.77452
2.7085
2.72464
2.69824
2.69956
2.72211
2.70552
2.78754
2.74929
2.91018
2.84034
3.11428
3.00022
3.43416
3.25833
3.86731
3.63952
4.41459
4.11999
5.14893
4.757
5.98524
5.58244
6.563
6.32674
6.73973
6.71555
6.41863
6.63239
5.7845
6.11609
5.10336
5.44909
4.45214
4.75663
3.97567
4.19668
3.61449
3.78269
3.34547
3.46923
3.15545
3.24175
3.02842
3.08499
2.95243
2.98466
2.91946
2.93101
2.92527
2.91788
2.96881
2.94175
3.00328
2.79673
2.83273
2.70756
2.75428
2.60631
2.65743
2.50857
2.55619
2.42305
2.46429
2.34751
2.38449
2.27643
2.31172
2.20706
2.24166
2.13885
2.17283
2.07249
2.10538
2.00949
2.04047
1.95125
1.9797
1.89852
1.92413
1.85202
1.87436
1.81312
1.83139
1.78336
1.79688
1.76289
1.77182
1.75006
1.75548
1.74164
1.74533
1.73408
1.73785
1.72437
1.72956
1.71084
1.71812
1.6927
1.70237
1.66996
1.68192
1.6425
1.65689
1.61015
1.627
1.57289
1.59221
1.53054
1.55242
1.48301
1.50748
1.4304
1.45743
1.37235
1.4021
1.30862
1.34122
1.23916
1.27462
1.16379
1.20225
1.0821
1.12378
0.993824
1.03887
0.898914
0.94734
0.797575
0.849263
0.690084
0.744877
0.576453
0.634349
0.45589
0.517338
0.326897
0.392507
0.192281
0.259528
0.0650064
0.126646
-0.0411513
0.00915099
-13.903
-0.0587923
-0.0143943
2.98571
3.13037
2.98623
3.1166
-0.0195324
-0.0466346
-0.0991774
0.104145
0.0305254
0.254562
0.183067
0.387934
0.324197
0.511513
0.451594
0.628376
0.571326
0.739172
0.684869
0.843919
0.792507
0.942365
0.89404
1.03424
0.989153
1.11947
1.07765
1.1982
1.15957
1.27083
1.23519
1.33767
1.30488
1.39886
1.3689
1.45445
1.42727
1.50458
1.48019
1.54927
1.52754
1.58875
1.56957
1.62325
1.60653
1.65277
1.63856
1.67722
1.66555
1.69676
1.68756
1.71093
1.70445
1.72022
1.71608
1.72583
1.72331
1.7303
1.72798
1.73742
1.73325
1.75165
1.74334
1.77649
1.76259
1.8125
1.79312
1.8578
1.83407
1.91024
1.88312
1.96921
1.93883
2.03462
2.00109
2.10492
2.0693
2.17702
2.14089
2.24899
2.21305
2.32083
2.28485
2.39431
2.35721
2.47296
2.43267
2.56325
2.51623
2.66779
2.61413
2.77465
2.72242
2.87225
2.82329
2.92588
3.04051
3.09184
2.96617
2.99713
2.93748
2.94646
2.95096
2.93903
3.00749
2.97366
3.11272
3.05357
3.27635
3.18653
3.51193
3.38427
3.83441
3.66133
4.26134
4.03417
4.81415
4.51944
5.45063
5.12976
6.05031
5.76298
6.4696
6.31472
6.51141
6.53593
6.17906
6.36255
5.56687
5.93072
4.74218
5.17093
4.18111
4.44004
3.70489
3.93599
3.312
3.49312
3.04337
3.1631
2.87322
2.94792
2.77296
2.81609
2.72382
2.74292
2.71513
2.71488
2.7405
2.72377
2.79725
2.76497
2.88668
2.83811
2.93787
0.157277
0.0670296
0.347327
0.255111
0.519
0.437671
0.668189
0.598002
0.797222
0.736951
0.908575
0.856523
1.00498
0.959534
1.08939
1.0492
1.1646
1.12855
1.23288
1.20003
1.29573
1.26546
1.35374
1.32577
1.40746
1.38146
1.45735
1.43311
1.50415
1.48122
1.54836
1.5267
1.58972
1.56946
1.62796
1.60931
1.66228
1.64569
1.69199
1.67778
1.71694
1.70504
1.73757
1.72779
1.75478
1.74654
1.76919
1.76235
1.78067
1.77532
1.78862
1.78514
1.79209
1.79092
1.79193
1.79229
1.79134
1.79137
1.79591
1.79254
1.81175
1.80211
1.8416
1.82494
1.88374
1.86133
1.93539
1.90847
1.99648
1.96462
2.06933
2.03131
2.15529
2.11065
2.2544
2.20328
2.36456
2.30833
2.48315
2.42283
2.61129
2.54593
2.74679
2.67887
2.87788
2.81359
3.001
2.94009
3.06024
-0.0557761
0.0484844
0.0273641
0.0747642
0.0602328
0.0911751
0.08419
0.108623
0.0988277
0.136369
0.121063
0.178564
0.155
0.241996
0.206616
0.34215
0.286619
0.49678
0.411805
0.690124
0.592042
0.856508
0.780523
0.919655
0.904742
0.792671
0.883542
0.42657
0.639413
-0.190322
0.14795
-0.984027
-0.574675
-1.67542
-1.38387
-1.77514
-1.81212
-1.25934
-1.56645
-0.560189
-0.903045
-0.0638979
-0.273954
0.180127
0.0847649
0.232676
0.22096
0.199189
0.219375
0.166431
0.181926
0.138533
0.151946
0.111867
0.125164
0.0840593
0.0983373
0.0475289
0.0678226
0.018542
-13.4842
-0.273524
-3.63001
-8.12993
-0.355905
-15.2724
-10.8588
-14.0809
-13.4144
-10.8917
-10.4083
9.94684
12.2629
13.2849
13.2661
10.6056
-15.4913
-13.1024
-12.5114
-10.6587
-7.64574
-4.07957
1.44603
-1.3975
-0.917491
-0.209733
-0.0927748
0.0136281
0.104777
0.184547
0.258276
0.32375
0.389166
0.45064
0.511828
0.570268
0.628136
0.683742
0.738534
0.791282
0.842986
0.892687
0.941199
0.987681
1.03289
1.07609
1.11796
1.15794
1.1966
1.23351
1.26916
1.3032
1.33598
1.36723
1.39721
1.4257
1.45291
1.47868
1.50315
1.52616
1.54791
1.5682
1.58728
1.60496
1.62147
1.6366
1.65052
1.66305
1.67434
1.68431
1.69306
1.70048
1.70663
1.71147
1.71516
1.71778
1.71966
1.72116
1.72277
1.72502
1.7285
1.73381
1.7415
1.75195
1.76534
1.78161
1.8006
1.82204
1.84573
1.87148
1.89925
1.92898
1.96072
1.99433
2.02965
2.06629
2.10381
2.14165
2.17938
2.21675
2.25375
2.29057
2.32751
2.36491
2.40304
2.44221
2.48291
2.52642
2.57501
2.63125
2.69637
2.76895
2.84206
2.90449
2.94969
2.99458
3.11611
3.23258
3.12586
3.06057
3.01198
2.97849
2.95746
2.94796
2.94929
2.96133
2.9846
3.01944
3.06655
3.12722
3.20289
3.29492
3.40517
3.53539
3.68792
3.86604
4.07318
4.31437
4.59068
4.86693
5.1259
5.39981
5.71982
6.02245
6.18151
6.35096
6.42078
6.34644
6.27982
6.02595
5.72424
5.49557
5.27952
5.00484
4.63195
4.24561
3.92813
3.68723
3.49674
3.33261
3.18906
3.06733
2.96917
2.89015
2.82879
2.78407
2.75292
2.73317
2.72333
2.72311
2.7319
2.74896
2.77474
2.81053
2.85715
2.91595
2.99114
3.10825
3.3025
-0.134142
-0.0788853
0.0342343
0.139993
0.246254
0.338693
0.431266
0.512112
0.592292
0.662761
0.731701
0.792849
0.85195
0.904925
0.955796
1.00193
1.04624
1.08693
1.12621
1.16269
1.19814
1.23138
1.26385
1.2945
1.32441
1.3527
1.38026
1.40644
1.43195
1.4563
1.48002
1.50289
1.52523
1.54678
1.56777
1.58797
1.60751
1.62615
1.64389
1.66052
1.67604
1.69027
1.70326
1.71498
1.7256
1.73511
1.74364
1.75127
1.75813
1.76421
1.76951
1.774
1.7776
1.78017
1.78162
1.78193
1.78136
1.7803
1.7793
1.77905
1.78037
1.78408
1.79086
1.80119
1.81521
1.83276
1.8535
1.87701
1.90298
1.93129
1.96202
1.99536
2.03162
2.07105
2.1138
2.15984
2.20904
2.26124
2.31617
2.37338
2.43249
2.49354
2.55728
2.62489
2.69738
2.77426
2.85233
2.92507
2.98622
3.03578
3.09615
3.2351
3.46755
0.241713
0.0775517
0.0141268
0.00784843
0.0133731
0.0241016
0.0295485
0.0321945
0.0347275
0.0379207
0.0423643
0.0480362
0.0542708
0.0626325
0.0729762
0.0866795
0.106087
0.130257
0.160877
0.196852
0.236511
0.277473
0.316698
0.34703
0.363895
0.363299
0.341239
0.299753
0.238192
0.155774
0.0464245
-0.091068
-0.255892
-0.436062
-0.609299
-0.740792
-0.803948
-0.78732
-0.69687
-0.560927
-0.404694
-0.25652
-0.129346
-0.041069
0.026301
0.0706243
0.0840873
0.0906904
0.078789
0.0693618
0.0620278
0.0560645
0.0509185
0.0466324
0.0425974
0.0385751
0.0346529
0.0300626
0.0247256
0.0191003
0.0147967
0.0234403
0.00264739
-5.95554
-2.79106
3.84974
1.86772
)
;

boundaryField
{
    frontandback
    {
        type            empty;
    }
    walls
    {
        type            zeroGradient;
    }
    diamond
    {
        type            zeroGradient;
    }
    inlet
    {
        type            zeroGradient;
    }
    outlet
    {
        type            fixedValue;
        value           uniform 0;
    }
}


// ************************************************************************* //
