/*--------------------------------*- C++ -*----------------------------------*\
  =========                 |
  \\      /  F ield         | OpenFOAM: The Open Source CFD Toolbox
   \\    /   O peration     | Website:  https://openfoam.org
    \\  /    A nd           | Version:  10
     \\/     M anipulation  |
\*---------------------------------------------------------------------------*/
FoamFile
{
    format      ascii;
    class       volScalarField;
    location    "32.5";
    object      p;
}
// * * * * * * * * * * * * * * * * * * * * * * * * * * * * * * * * * * * * * //

dimensions      [0 2 -2 0 0 0 0];

internalField   nonuniform List<scalar> 
8711
(
0.0121615
0.0105609
0.0137194
0.0201677
0.0178351
0.00909934
0.0891622
0.0880427
0.701984
0.705834
0.473947
0.225151
-0.165187
-0.196732
-0.0243384
-0.0364376
0.0381231
0.0369794
0.0362924
0.0275865
0.0279705
0.0216183
0.0222475
0.0132082
-0.294475
-0.237734
-0.367898
-0.420551
0.00703532
0.0081117
0.0100908
-0.40671
-0.456971
-0.259565
-0.28678
0.213987
0.205314
0.221915
0.228254
0.220628
0.265615
0.239188
-0.431196
-0.476707
0.336976
0.227272
-0.362847
-0.371061
-0.381691
0.0327882
0.0338473
0.0318824
0.031366
0.0650847
0.0707118
0.0763307
-0.237169
-0.225039
-0.218872
-0.224499
-0.0355957
-0.0362766
-0.0542154
-0.0518034
0.103024
0.0988775
0.0913423
0.0173531
0.0180731
0.0210644
-0.117145
-0.100556
-0.129273
-0.145787
0.113832
0.114319
0.106571
0.106031
0.0190696
-0.00250626
0.000615355
-0.00845807
-0.000376065
0.0170668
0.0161399
0.015655
-0.130745
-0.158737
-0.0172284
-0.0321049
0.0814227
0.0769257
0.0837652
0.0103145
0.0242685
0.112634
0.127835
0.129592
0.116399
0.0924835
0.0949008
0.341275
0.329746
-0.167599
-0.140985
-0.117462
-0.098536
-0.0838555
-0.0746625
-0.0700955
-0.069544
-0.0727245
-0.0796
-0.0907499
-0.105538
-0.123023
-0.139052
-0.14988
-0.129706
-0.152762
-0.132874
-0.107441
-0.120676
-0.080797
-0.0931499
-0.0671411
-0.0719416
-0.0677173
-0.0656276
-0.0850557
-0.0738221
-0.123245
-0.101352
-0.181555
-0.151242
-0.204372
-0.127272
-0.147758
-0.0914891
-0.107871
-0.0720328
-0.0791875
-0.0704707
-0.0692498
-0.0840765
-0.0752819
-0.115111
-0.0976045
-0.154432
-0.135614
-0.17215
-0.167472
-0.167487
-0.200148
-0.134594
-0.108398
-0.152537
-0.209802
-0.170719
-0.107837
-0.110943
-0.0893841
-0.100756
-0.0685934
-0.0786834
-0.0590992
-0.0622766
-0.0623704
-0.0590872
-0.0822475
-0.0700129
-0.124391
-0.100445
-0.18797
-0.155464
-0.233877
-0.216141
-0.119863
-0.13469
-0.136189
-0.13899
-0.10919
-0.125019
-0.0799003
-0.093697
-0.0658369
-0.0707647
-0.0679602
-0.0649005
-0.0852633
-0.0747322
-0.122241
-0.101538
-0.166334
-0.14494
-0.186609
-0.180712
-0.165461
-0.18082
-0.0887632
-0.102117
-0.18361
-0.145696
-0.200686
-0.185294
-0.226073
-0.197231
-0.0701737
-0.0683083
-0.0717384
-0.137098
-0.113076
-0.0865439
-0.0810036
-0.0859771
-0.0889342
-0.0712143
-0.0802583
-0.0553549
-0.0629021
-0.048796
-0.0510251
-0.0545171
-0.0504361
-0.0758599
-0.0629313
-0.118859
-0.0946599
-0.185197
-0.150961
-0.239275
-0.217931
-0.245073
-0.172245
-0.151008
-0.101761
-0.0907307
-0.0682747
-0.0868342
-0.105891
-0.109037
-0.087253
-0.0994119
-0.0650992
-0.0752323
-0.0561965
-0.0590434
-0.0622435
-0.0578052
-0.0832832
-0.0706969
-0.1252
-0.102129
-0.172988
-0.149836
-0.195594
-0.188904
-0.189067
-0.104127
-0.0888822
-0.125294
-0.116469
-0.160028
-0.169544
-0.164507
-0.133801
-0.136891
-0.057503
-0.128999
-0.112566
-0.155166
-0.0461674
-0.0511898
-0.0325736
-0.0702455
-0.137575
-0.108563
-0.109229
-0.0804254
-0.0725049
-0.0509162
-0.0656104
-0.0627495
-0.0654558
-0.0671597
-0.0534312
-0.0604003
-0.0412812
-0.0466905
-0.0377985
-0.0384086
-0.044796
-0.0400849
-0.0662209
-0.0536019
-0.10817
-0.0844391
-0.173168
-0.138804
-0.225851
-0.20623
-0.214107
-0.224438
-0.149138
-0.18796
-0.104076
-0.0713308
-0.0602856
-0.0772399
-0.0766425
-0.0628588
-0.0715553
-0.0479707
-0.0551721
-0.0443788
-0.044561
-0.053705
-0.0479197
-0.0775883
-0.0634905
-0.121562
-0.0975257
-0.172256
-0.147659
-0.196462
-0.189542
-0.172514
-0.189752
-0.126676
-0.149872
-0.0657101
-0.0507259
-0.0903106
-0.0784944
-0.106404
-0.10006
-0.105721
-0.108582
-0.135219
-0.0391341
-0.0226281
-0.118361
-0.0979436
-0.0901373
-0.126846
-0.0593005
-0.0366311
-0.056421
-0.108177
-0.0873977
-0.0596912
-0.0413439
-0.0377117
-0.0469519
-0.0451396
-0.0453907
-0.0471889
-0.0361187
-0.0414163
-0.0274297
-0.0311339
-0.026306
-0.0258889
-0.0339628
-0.02904
-0.0540702
-0.0422312
-0.0930217
-0.0709711
-0.153655
-0.121454
-0.207255
-0.184628
-0.199084
-0.21345
-0.133825
-0.170001
-0.0934774
-0.00809831
-0.0176256
-0.00948106
-0.00582057
-0.0235456
-0.0148736
-0.0424281
-0.0335511
-0.0486027
-0.0478118
-0.0396393
-0.0450954
-0.0302593
-0.0341984
-0.0309791
-0.0292483
-0.0428427
-0.0357198
-0.0685091
-0.0536693
-0.112933
-0.0886974
-0.164619
-0.139513
-0.190342
-0.182798
-0.165108
-0.183067
-0.141653
-0.0359861
-0.0609746
-0.0492059
-0.0798363
-0.07116
-0.0904649
-0.0866529
-0.087396
-0.0908118
-0.0800575
-0.109618
-0.0237393
-0.0246833
-0.0174756
-0.0211511
-0.0730727
-0.101266
-0.0473092
-0.0872002
-0.0555382
-0.0304071
-0.0669058
-0.0226401
-0.0418394
-0.0140094
-0.0686623
-0.0254698
-0.0224827
-0.0292641
-0.0280084
-0.0275598
-0.0293806
-0.020222
-0.0242435
-0.0143297
-0.0167052
-0.0148489
-0.0137962
-0.0224786
-0.0177557
-0.0404793
-0.0299747
-0.0747527
-0.0553617
-0.128289
-0.0997538
-0.179154
-0.1566
-0.173904
-0.186684
-0.106302
-0.144278
-0.0402035
-0.0704029
-0.00248147
-0.0189484
-0.000883978
-0.00807644
0.00474531
0.00415722
-0.00336655
0.00169507
-0.0159674
-0.00978907
-0.022585
-0.0222045
-0.0175205
-0.020667
-0.0128079
-0.0144661
-0.0166887
-0.0135932
-0.0305115
-0.0224851
-0.0566807
-0.0418239
-0.0999358
-0.0763972
-0.150091
-0.125767
-0.174948
-0.167659
-0.151289
-0.169138
-0.105079
-0.128599
-0.084537
-0.00974605
0.0133446
-0.036572
-0.0149435
-0.0251897
-0.0571902
-0.0474941
-0.0722999
-0.0656193
-0.0780631
-0.0766244
-0.0722085
-0.0766041
-0.0651777
-0.0885682
-0.0615877
-0.0820723
-0.0437453
-0.052624
-0.0338884
-0.042977
-0.0706064
-0.0330766
-0.0533311
-0.0269579
-0.0291741
-0.01609
0.0240823
0.000611051
-0.00585565
-0.0176093
0.0797073
-0.0080449
-0.00585041
-0.0101731
-0.00884301
-0.0127803
-0.0120218
-0.011538
-0.0134097
-0.00603095
-0.00892924
-0.00239028
-0.00369011
-0.00391152
-0.00254494
-0.0109386
-0.0066997
-0.0263159
-0.0174066
-0.0549015
-0.0387753
-0.0996221
-0.0756758
-0.144395
-0.124167
-0.142073
-0.151109
-0.0780201
-0.114375
-0.0167129
-0.0430015
0.0193421
0.00311401
0.046637
0.0354872
0.0295971
0.0564384
0.0533445
0.0090016
-0.00303299
0.00360012
0.0167378
0.0143026
0.0137378
0.0164144
0.00537051
0.00925311
0.000296053
0.0015318
0.002468
0.000903065
0.00379242
0.00374941
-0.00235786
0.00171363
-0.01719
-0.0088042
-0.0425287
-0.0283456
-0.0828699
-0.0609939
-0.129773
-0.106941
-0.155215
-0.146539
-0.133556
-0.148617
-0.0889293
-0.112037
-0.0681464
-0.0369842
-0.02707
-0.0552572
-0.0469534
-0.0671615
-0.0622295
-0.0691793
-0.0695251
-0.0604335
-0.0660577
-0.0528694
-0.0737226
0.00212364
-0.0371151
-0.0227742
-0.0545279
-0.0694053
-0.0432798
-0.0601713
-0.0379789
-0.0443477
-0.0335062
-0.0127934
-0.0289046
-0.0210317
0.00550278
0.0337963
0.0584623
0.0855111
0.0952727
0.0819385
0.00299666
0.00297935
0.00245751
0.00303323
0.000722979
0.00135297
0.00215401
0.000926738
0.00624012
0.00421364
0.00818087
0.00767199
0.00618446
0.00762394
8.92496e-05
0.00370297
-0.0124503
-0.00524613
-0.0350585
-0.0223599
-0.0702686
-0.0513418
-0.107114
-0.0901679
-0.106671
-0.113585
-0.0502768
-0.0828246
0.00823732
-0.0179868
0.0415361
0.0260758
0.0677088
0.0558004
0.0772978
0.00900957
-0.0266889
-0.010255
0.000836291
0.0198129
0.0150763
0.0274326
0.0239559
0.0279028
0.0282329
0.0231757
0.0253981
0.0194272
0.0208345
0.0197729
0.0192684
0.0188625
0.0198799
0.0113484
0.0159552
-0.00346302
0.00475116
-0.0269583
-0.0139472
-0.0631398
-0.0436022
-0.105115
-0.0846778
-0.126381
-0.120129
-0.110295
-0.122858
-0.0715737
-0.0907814
-0.0528723
-0.0223076
-0.00401714
-0.0130294
-0.0398109
-0.0310793
-0.055492
-0.048291
-0.0643565
-0.0610374
-0.0632838
-0.065131
-0.0519297
-0.0587494
-0.0336704
-0.04338
-0.0131553
-0.0235199
-0.0637669
-0.0522034
-0.0619195
-0.047398
-0.0542935
-0.00684437
-0.00296512
0.00279655
-0.0482484
-0.046113
-0.0452499
-0.0239482
-0.044368
-0.0396624
-0.0181994
0.00868254
0.0354039
0.0601024
0.00411256
0.0986343
0.0838776
0.100676
-0.00946518
-0.00090512
0.00998388
0.00710396
0.0126975
0.0114201
0.0133953
0.0132224
0.0123269
0.0125186
0.0138339
0.0128038
0.0166016
0.0153071
0.0173288
0.0173324
0.0152477
0.0165913
0.0102074
0.0131577
0.000417488
0.00598097
-0.0164124
-0.00703825
-0.0420506
-0.0282697
-0.0698663
-0.0568109
-0.0707768
-0.0755786
-0.0239962
-0.0515233
0.0290417
0.00465247
0.0632931
0.0479389
0.08556
0.0753052
0.0994442
0.09452
0.106265
0.103975
0.0035814
-0.0405231
-0.0188326
-0.00673849
0.019354
0.0122758
0.0290975
0.0248267
0.0358604
0.032644
0.0383909
0.0373994
0.0372553
0.038153
0.0349063
0.0360024
0.0340563
0.0342783
0.0318077
0.0334162
0.0238645
0.0285475
0.00990964
0.0175513
-0.0110529
0.000448155
-0.0422045
-0.0254544
-0.0784164
-0.0606515
-0.0978246
-0.0916991
-0.0853936
-0.0952436
-0.0521521
-0.0682867
-0.0224607
-0.0361881
-0.0113412
-0.0278988
-0.0186329
-0.0446632
-0.0363863
-0.0580244
-0.0520509
-0.0638286
-0.0621212
-0.05984
-0.0630787
-0.0462992
-0.0540927
-0.0268137
-0.0369343
-0.0167749
-0.0589508
0.104522
0.0968368
0.0988985
-0.054721
-0.0593279
-0.00232955
0.00712341
-0.057696
-0.0617782
-0.0647281
-0.0674818
-0.0668085
-0.0327264
-0.0602584
-0.0399625
-0.0188272
0.00764526
0.036464
0.0624633
0.0853772
-0.0150343
-0.00599927
0.0108123
0.0120068
0.00699817
0.00623614
-0.0535412
0.0174594
0.0141591
0.0209548
0.0193062
0.0219021
0.0215007
0.0220425
0.0219639
0.0234247
0.0225831
0.0251368
0.0244257
0.0250968
0.0253744
0.0232194
0.0243555
0.0192695
0.0215572
0.0120215
0.0160935
0.000198763
0.00671716
-0.0170233
-0.00783975
-0.0354683
-0.0267713
-0.0360628
-0.0394226
-0.000160647
-0.0218132
0.0461747
0.0239574
0.0792564
0.0645603
0.0986607
0.0900428
0.108792
0.105226
0.109621
0.11011
0.0927104
0.100758
0.106729
-0.00187456
-0.0479509
-0.0212072
-0.0112413
0.0148705
0.00686176
0.0277634
0.0219955
0.0366698
0.0326008
0.0426504
0.0398657
0.0464613
0.044758
0.0477854
0.0474722
0.0467851
0.0474972
0.0454725
0.0461402
0.0424562
0.0443445
0.0348223
0.0392122
0.0223364
0.0291156
0.00439997
0.0141408
-0.0212872
-0.00751867
-0.0516283
-0.0365518
-0.0694355
-0.063354
-0.058475
-0.0671699
-0.0331273
-0.0467175
-0.00912984
-0.0200685
-6.52843e-05
-0.0342901
-0.0248755
-0.0512743
-0.0429562
-0.0629723
-0.0580933
-0.0656884
-0.0656243
-0.0586789
-0.0633445
-0.0432653
-0.051869
-0.0227765
-0.033311
-0.012393
-0.059058
0.0159691
-0.0633585
-0.072696
-0.0823794
-0.0910645
-0.0961823
-0.0939625
-0.0455287
-0.0234252
0.00599449
0.0369584
-0.0821267
-0.0299789
-0.0624907
0.0663796
0.0847067
0.0917353
0.00261175
-0.0620569
0.0872752
-0.0581008
0.0291255
0.0171573
0.0129257
0.0238291
0.0210728
0.0278325
0.0261854
0.0290774
0.0286363
0.0298426
0.0294967
0.031095
0.0304403
0.0320031
0.0316992
0.0315782
0.0319461
0.0300469
0.0309377
0.0271013
0.0287885
0.0220283
0.0248385
0.0143035
0.0184966
0.00393662
0.00935646
-0.00610894
-0.00152299
-0.00456699
-0.00764089
0.0217488
0.00591893
0.0592538
0.0406268
0.0884125
0.0752881
0.105036
0.0980062
0.111457
0.109718
0.109137
0.111234
0.0988865
0.104554
0.0798308
0.0801752
0.0907115
-0.00111809
-0.0357942
-0.00945455
-0.00630033
0.0113461
0.00498639
0.0246044
0.0178464
0.0347993
0.0295733
0.042725
0.0387845
0.0481933
0.0454968
0.0525324
0.0505209
0.0552116
0.0541022
0.0557416
0.0557584
0.0544568
0.0552755
0.0511171
0.0530864
0.0442236
0.0481029
0.0335633
0.0393089
0.0188779
0.0267642
-0.00145212
0.0094375
-0.026471
-0.0138514
-0.0422446
-0.0367068
-0.0348323
-0.040994
-0.0140405
-0.0251565
0.00299634
-0.00572639
0.0161441
0.0103544
0.0242634
0.0203822
-0.0214507
-0.0109419
-0.0424202
-0.0321887
-0.0602675
-0.0516559
-0.0705585
-0.0666049
-0.070193
-0.0717934
-0.059841
-0.0661219
-0.0422494
-0.051763
-0.0207363
-0.0316772
0.000481584
-0.00979528
0.0174349
0.00967849
0.0237472
-0.0651281
-0.0778394
-0.0946665
-0.111354
-0.124713
-0.12994
-0.055371
-0.029614
0.00446934
-0.123116
-0.103201
-0.072524
0.0400268
0.0689
0.0784458
-0.00977409
-0.0376017
0.0769551
0.0677594
0.0672849
0.0344241
0.00833312
0.0126982
0.0298192
-0.0707621
0.0318419
-0.0686545
0.0227272
0.0180933
0.0293594
0.0265925
0.0332977
0.0317048
0.0349639
0.0343557
0.0360358
0.0355003
0.0370571
0.0365748
0.037424
0.0373557
0.036915
0.0372456
0.0357884
0.0364293
0.0337544
0.0349036
0.0304931
0.0322714
0.0259269
0.0283531
0.0205773
0.0232612
0.0168787
0.0182713
0.0215143
0.0177085
0.0415076
0.0302285
0.0698564
0.0555248
0.0931294
0.0825615
0.106559
0.100903
0.110379
0.109643
0.106874
0.109517
0.0960854
0.102292
0.0783216
0.0880877
0.0537533
0.0543129
0.0669126
0.00894418
-0.00629771
0.0126099
0.0096932
0.0132319
0.0104801
0.0220387
0.0169198
0.0319322
0.0269987
0.0403283
0.0362142
0.0472169
0.0439173
0.0525732
0.0500031
0.056992
0.0549045
0.0602924
0.0587819
0.0619481
0.0613679
0.0612885
0.0618925
0.0582016
0.0600228
0.0523152
0.0555733
0.0436296
0.0482762
0.0321062
0.0382334
0.0163423
0.0248546
-0.00436919
0.0061976
-0.0180798
-0.0131452
-0.0131831
-0.017557
0.00114739
-0.00628303
0.0138466
0.00792806
0.0237587
0.0195161
0.0301191
0.0279011
0.0325478
-0.0288041
-0.0153397
-0.0530949
-0.0412394
-0.0720936
-0.0633469
-0.0810343
-0.0781032
-0.0774204
-0.0807638
-0.0632933
-0.0714437
-0.0428266
-0.0535903
-0.0199677
-0.031442
0.00156754
-0.00874995
0.0177446
0.0105517
0.0236863
-0.0773385
-0.0997719
-0.125186
-0.148481
-0.164471
-0.0676044
-0.0353025
-0.166592
-0.151158
-0.119164
0.00568539
0.043817
0.0665079
-0.0762853
0.0705213
-0.0340573
0.0644064
0.0180614
0.00130686
0.052174
0.0405336
0.0381935
0.0372146
0.0173076
0.0214931
0.0322737
-0.0863653
0.0031694
-0.00827838
0.0347706
-0.0844941
0.0277311
0.024899
0.0340587
0.0313268
0.0376266
0.0360614
0.0395824
0.0387134
0.0408029
0.0401901
0.0415614
0.0412259
0.0416505
0.0416709
0.0412479
0.0414773
0.0405173
0.0409284
0.0392668
0.0399608
0.0374404
0.0384137
0.0352207
0.0363505
0.0333588
0.034169
0.033819
0.0331422
0.04052
0.0362004
0.0568206
0.0474006
0.0782564
0.0674943
0.0958836
0.0878626
0.105828
0.101723
0.107941
0.10777
0.103307
0.106484
0.0928524
0.0987214
0.0758719
0.0850203
0.0545334
0.0656765
0.0257778
0.0295966
0.0424671
0.0246177
0.0250633
0.0335092
0.0287056
0.0213093
0.0221914
0.0237379
0.0215572
0.0304275
0.0265214
0.0377627
0.0339042
0.044775
0.0413716
0.0508246
0.0479088
0.0559236
0.0534737
0.0602353
0.0581751
0.0637282
0.0620778
0.0659859
0.0650524
0.0661316
0.0663414
0.0638387
0.065256
0.0592117
0.0617646
0.0525298
0.0560877
0.0437786
0.0484304
0.0312886
0.0381429
0.0140038
0.0228143
0.00254231
0.00675284
0.00518221
0.00252007
0.0144881
0.00961293
0.0231952
0.0192505
0.0303913
0.0271566
0.035055
0.0335471
0.0356988
-0.0380594
-0.0226697
-0.0666166
-0.0529774
-0.0869734
-0.0780724
-0.0942564
-0.0924689
-0.0870722
-0.0923245
-0.0687645
-0.0789978
-0.0447699
-0.0571278
-0.0199558
-0.0322211
0.00218336
-0.00835705
0.0191118
0.0113496
0.0258097
-0.0969335
0.0123603
-0.129683
-0.163946
-0.192536
-0.0795479
-0.206988
-0.200965
-0.172428
-0.0379295
0.00904449
0.0452307
-0.126236
0.0598337
-0.0725979
0.0584966
-0.0246391
0.0488588
0.0113546
0.035278
0.0383656
0.032792
0.0213478
0.0161638
0.0105821
0.0392289
0.0347296
-0.108276
0.0413569
0.0405067
-0.104082
0.0279323
0.0202556
0.0240873
0.0327314
0.030473
0.0375412
0.0353142
0.040963
0.039487
0.0430726
0.0421358
0.0443163
0.0437399
0.0448847
0.0446472
0.0449217
0.0449303
0.0447127
0.0448237
0.044346
0.0445515
0.0437527
0.0440729
0.0430267
0.0433929
0.0424732
0.0426984
0.0428734
0.0424937
0.0457681
0.0439131
0.053463
0.0489485
0.067236
0.0596387
0.0836821
0.0755166
0.0969567
0.0909225
0.104035
0.101243
0.104657
0.105049
0.0995575
0.102724
0.0891221
0.0950431
0.074135
0.0821346
0.0547833
0.0648886
0.0331102
0.0441641
0.00276256
0.00963882
0.0215165
-0.000742406
0.0384383
0.042703
0.0442692
0.0415863
0.0326253
0.0353563
0.0298985
0.0304724
0.0318
0.0300262
0.0365512
0.033939
0.0423655
0.0393652
0.0482811
0.0453766
0.053643
0.05103
0.0583925
0.0560925
0.0625259
0.0605328
0.0660065
0.0643472
0.068502
0.067406
0.0693073
0.0691406
0.0679833
0.068886
0.0647255
0.066544
0.0599118
0.0624859
0.053312
0.0568814
0.0430179
0.0487259
0.0288006
0.0359626
0.0194819
0.0230253
0.0200714
0.0189018
0.0253282
0.0225333
0.0311419
0.0283492
0.0357505
0.0335158
0.0388901
0.0377228
0.0396415
0.00665461
-0.0177573
-0.00441787
-0.0506386
-0.0336105
-0.0825541
-0.0673327
-0.104013
-0.0950406
-0.109467
-0.108903
-0.0984065
-0.105738
-0.0756488
-0.0880856
-0.0478002
-0.0619474
-0.0204829
-0.033817
0.00292136
-0.00819322
0.0210863
0.0126631
0.028448
-0.123946
0.0163499
0.0423331
-0.167458
-0.208765
-0.123748
-0.237716
-0.24466
-0.225057
-0.0871676
-0.0353135
0.0136528
-0.180377
0.0427628
-0.120378
0.0490129
-0.0588198
0.0429649
-0.00895779
0.0306081
0.0234578
0.0160552
0.0400136
0.00358299
0.0454378
0.0453823
-0.00494757
-0.00946857
-0.00857163
-0.000906209
0.00288241
0.0245372
0.0272159
-0.135517
0.0449303
0.0455215
0.0327387
0.0299923
0.0368957
0.0348778
0.0406388
0.0389805
0.0436167
0.0423587
0.0456439
0.0447668
0.0468129
0.0463072
0.0473085
0.0471029
0.0474308
0.0473791
0.047435
0.0474319
0.0473897
0.0474167
0.0473288
0.047353
0.0474205
0.0473422
0.0480156
0.0476288
0.0498134
0.0487211
0.0539454
0.0515333
0.0617375
0.0573765
0.0734192
0.0671526
0.0862605
0.0799627
0.0962896
0.0917578
0.10132
0.0994263
0.100944
0.101717
0.0956989
0.0988545
0.086003
0.0913102
0.0723047
0.0795676
0.0552213
0.0640943
0.0363768
0.0459387
0.0174502
0.026641
0.00988311
0.0416374
0.0435412
0.0379694
0.0396864
0.0360671
0.036478
0.0376028
0.0364809
0.0412211
0.0392421
0.045975
0.0435159
0.0510248
0.0485142
0.0557995
0.0534536
0.0601716
0.0580383
0.0640822
0.0621837
0.0674536
0.0658392
0.070006
0.0688515
0.0712275
0.0707984
0.0707393
0.0711797
0.0686891
0.0698672
0.065379
0.0671798
0.0603198
0.0631281
0.0517936
0.0565114
0.040466
0.0461123
0.032786
0.0358925
0.0316312
0.0316232
0.0339111
0.0325756
0.0372825
0.0355458
0.0401246
0.0385394
0.0421811
0.0410831
0.04379
0.0430853
0.0448299
0.044248
0.021435
0.000390123
0.0121509
-0.0294404
-0.0134916
-0.0652498
-0.0468852
-0.099542
-0.0831015
-0.121853
-0.11287
-0.125324
-0.126052
-0.110244
-0.119736
-0.0829991
-0.0976385
-0.0513535
-0.0672727
-0.0214021
-0.035907
0.00359913
-0.00821333
0.022678
0.013905
0.0362862
0.0302096
0.04324
0.0403363
0.0454309
-0.157663
0.0448712
0.0448134
-0.209591
-0.164111
-0.252868
-0.275193
-0.267614
-0.0868038
-0.0286622
-0.230293
0.01612
-0.169634
0.0346157
-0.10066
0.0337819
-0.0369665
0.0237524
0.00953845
0.00925972
0.0355106
-0.00483279
0.0453918
-0.0147941
0.0459128
-0.0200054
-0.0200034
0.0281013
0.0180548
0.0257986
0.047292
0.0427235
-0.0163448
-0.00257882
0.042568
0.0326756
0.0308711
0.0366121
0.0346729
0.0401666
0.0383679
0.0432147
0.0418042
0.0456932
0.0445947
0.0474836
0.0467018
0.0485491
0.0480931
0.0490649
0.0488413
0.049326
0.0491994
0.0495322
0.0494255
0.0497635
0.0496395
0.0501188
0.0499171
0.0507952
0.0504044
0.0521421
0.0513635
0.054744
0.0532575
0.0593908
0.056786
0.066783
0.0627634
0.0766431
0.0714725
0.0868176
0.0818721
0.0944836
0.0910581
0.0980166
0.0967614
0.0970384
0.0980242
0.0918947
0.0949268
0.0829648
0.0878188
0.0705881
0.0771459
0.055671
0.0634023
0.0389397
0.0473978
0.0233773
0.0306624
0.010104
0.0165517
0.00450674
0.0452553
0.0409759
0.0437067
0.0456411
0.0457741
0.0439005
0.0449622
0.041691
0.0427223
0.0406983
0.0409555
0.0419171
0.0410787
0.0448415
0.0432245
0.0488117
0.0467503
0.0531513
0.0509731
0.0574081
0.0553028
0.0614118
0.059446
0.0650739
0.0632879
0.0682817
0.0667406
0.0708057
0.0696451
0.0722597
0.0716726
0.072373
0.0724716
0.0712197
0.071924
0.0689698
0.0702303
0.0650456
0.0672676
0.0581693
0.0619498
0.0492698
0.0537143
0.0426376
0.0455125
0.0401805
0.0410024
0.040423
0.0400907
0.0418357
0.0410488
0.0433885
0.0425804
0.044778
0.044101
0.0459322
0.045469
0.0466169
0.0463063
0.0469147
-0.00583468
0.00766659
-0.0406077
-0.0221454
-0.0794001
-0.059672
-0.115737
-0.0983725
-0.138662
-0.129689
-0.140063
-0.14211
-0.121096
-0.132667
-0.0896625
-0.106338
-0.0546326
-0.0721203
-0.0223865
-0.0379058
0.00393402
-0.00841843
0.0235759
0.0145833
0.0367611
0.03098
0.0438193
0.0407858
0.0460105
-0.194101
-0.249049
-0.28665
0.0480859
0.0392928
-0.138119
-0.294342
-0.0798018
-0.267058
-0.0210338
-0.211844
0.0129462
-0.140654
0.0203465
-0.0685379
0.0139985
0.0321365
-0.00928085
0.00044136
0.0347852
0.0286585
-0.0149296
0.0392271
-0.00740757
-0.0242741
0.0454421
-0.0267637
0.0441924
-0.0292859
0.048049
-0.0329028
-0.0123598
0.0478731
0.0021382
0.00548879
0.0330556
0.0476525
-0.188234
0.0423337
-0.140195
0.0309292
0.0144394
0.0227444
0.0366731
0.0353646
0.0396672
0.038143
0.0425717
0.0411352
0.045135
0.0439083
0.047209
0.0462537
0.0487483
0.0480603
0.0497355
0.0493024
0.0503176
0.0500545
0.0507228
0.0505236
0.0511093
0.0509107
0.0515727
0.0513249
0.0522434
0.0518743
0.0533239
0.0527215
0.0551342
0.0541218
0.058138
0.0564694
0.0628658
0.0602781
0.0696387
0.0660271
0.0779533
0.0736728
0.086092
0.0821623
0.0920484
0.0894146
0.0945255
0.0937166
0.0931964
0.0942862
0.0882997
0.0911366
0.0801471
0.0845813
0.0691088
0.0749005
0.0560022
0.0627572
0.0413415
0.0487866
0.0279599
0.034159
0.0153619
0.0217004
0.00932793
0.0459386
0.044731
0.0465167
0.0464518
0.0458334
0.0462335
0.0445174
0.0450942
0.0441119
0.044181
0.0451617
0.0444611
0.0476229
0.0462584
0.0509899
0.049236
0.0547585
0.0528531
0.0585683
0.0566733
0.0622299
0.0604241
0.0656319
0.0639677
0.0686529
0.067196
0.0710926
0.0699568
0.0726617
0.0719875
0.0731685
0.0730383
0.0726264
0.0730075
0.0710848
0.0719824
0.0680183
0.0697749
0.0625363
0.0655437
0.055415
0.0590097
0.0494749
0.0521551
0.0462317
0.0475635
0.0451503
0.0455007
0.0452993
0.0451274
0.0459319
0.0455872
0.0467738
0.0463303
0.0474255
0.0470506
0.0478192
0.0476728
0.0479846
-0.0115927
0.00301458
-0.0489106
-0.0290212
-0.0908058
-0.0697045
-0.129015
-0.110962
-0.152229
-0.143308
-0.151656
-0.154925
-0.129358
-0.14269
-0.0945037
-0.112826
-0.0568404
-0.0755264
-0.0229373
-0.039163
0.00417924
-0.00847226
0.0239352
0.0149511
0.0367995
0.0311532
0.0441686
0.0410033
0.0463448
-0.226527
-0.276586
-0.0338776
0.048407
0.0479643
-0.300133
-0.136704
-0.287941
-0.0677915
-0.240703
-0.0177075
-0.171342
0.00186453
-0.0967358
0.000320316
0.033404
0.0287695
-0.0297836
-0.0112433
0.02927
-0.000975399
-0.016752
0.0196168
-0.0272643
0.0337513
-0.0295679
0.0454177
-0.041324
0.040101
-0.0388672
0.0515828
-0.0491126
-0.203082
0.0473405
0.030227
0.0376954
0.035439
0.0285332
0.0366492
0.0347157
0.0395295
0.0382732
0.0419097
0.0408711
0.0443038
0.0431858
0.0464518
0.0454195
0.0482223
0.047391
0.0495717
0.0489534
0.0505188
0.0500882
0.0511791
0.050871
0.0517149
0.0514506
0.0522564
0.0519784
0.0529089
0.0525626
0.0538107
0.0533216
0.0551573
0.0544192
0.0572284
0.056091
0.060379
0.0586595
0.0649468
0.0624879
0.0710248
0.0678301
0.0780506
0.0744845
0.0846295
0.0814732
0.089312
0.087262
0.0910591
0.0905497
0.0895674
0.0906788
0.0849941
0.0876153
0.0776228
0.0816166
0.067856
0.0729654
0.0564359
0.0623038
0.043896
0.0502343
0.0324229
0.0377758
0.0217587
0.0270949
0.0144455
0.0173435
0.0109578
0.0126528
-0.00404914
0.0436089
0.04073
0.0468882
0.045725
0.0475618
0.0474336
0.0473226
0.0475372
0.0466875
0.0469933
0.0466187
0.0465571
0.0476064
0.046976
0.0497334
0.0485583
0.0526382
0.0511211
0.0559485
0.0542663
0.0593706
0.0576608
0.0627151
0.0610604
0.0658588
0.0643173
0.0686784
0.0673139
0.0710077
0.0699134
0.0726061
0.0718957
0.0733465
0.0730766
0.0731929
0.0733673
0.072107
0.0727687
0.0696419
0.0710657
0.0651797
0.0676305
0.0593203
0.0623088
0.0539636
0.0564946
0.0503504
0.0519424
0.0484895
0.0492503
0.0478281
0.0480533
0.0478169
0.0477684
0.0480952
0.0479307
0.0483627
0.0482172
0.048519
0.048473
0.04853
0.0486255
0.0257176
0.0110754
0.0198058
-0.0157282
-0.000726039
-0.0537723
-0.0334447
-0.0976887
-0.0755291
-0.137151
-0.118736
-0.160427
-0.151418
-0.158171
-0.162414
-0.133582
-0.148086
-0.0965883
-0.115924
-0.0573609
-0.076736
-0.0226174
-0.0391838
0.00476926
-0.00795246
0.0243922
0.0155067
0.0369524
0.0314442
0.0443285
0.0411612
0.0465404
-0.246963
-0.0466913
0.0291045
0.0478057
-0.283534
-0.19635
-0.0504411
-0.288009
-0.12148
-0.255274
-0.057457
-0.192845
-0.0231964
0.033921
0.0279327
0.00931071
-0.11659
-0.0171371
0.0246172
-0.00324141
-0.0451048
-0.0263098
0.0235912
-0.0193449
0.0112352
-0.042632
0.0268332
-0.0344424
0.0456113
-0.0588525
0.0335186
-0.0471938
0.0570557
-0.0694159
0.0429673
-0.0584839
0.0528533
0.0333709
0.0391594
0.0297796
0.0326972
0.0392937
0.038472
0.0363313
0.0414796
0.0398416
0.043579
0.0425331
0.0455148
0.0445573
0.0472995
0.0464189
0.0488319
0.0480947
0.0500568
0.0494798
0.0509925
0.0505548
0.0517254
0.0513744
0.0523765
0.0520539
0.0530486
0.052704
0.0538505
0.053428
0.0549165
0.0543444
0.0564275
0.055609
0.0586202
0.0574311
0.0617596
0.0600679
0.0660473
0.063768
0.0714424
0.068638
0.0773871
0.074405
0.0827764
0.0802048
0.0865005
0.0848886
0.0877333
0.0874257
0.0862017
0.087282
0.0820023
0.0843942
0.075381
0.0789505
0.0667849
0.0712717
0.0568461
0.0619381
0.0462324
0.0515515
0.0363499
0.041128
0.0277697
0.0317195
0.0224642
0.0246763
0.0187079
0.0205068
0.041537
0.0400214
0.0453508
0.0433479
0.047901
0.0469046
0.0486665
0.0484452
0.0485461
0.0486198
0.0483384
0.0484374
0.0484887
0.0483418
0.0494512
0.0488635
0.0513239
0.0502952
0.0538672
0.0525366
0.0568015
0.0553053
0.059884
0.0583385
0.0629361
0.0614223
0.0658304
0.0644087
0.0684466
0.067178
0.070646
0.0696031
0.0722138
0.0715007
0.0730693
0.0727269
0.0731352
0.073192
0.0723148
0.0728373
0.0702343
0.0714413
0.0664828
0.0685411
0.0615534
0.0640791
0.0567344
0.0590854
0.0530349
0.054722
0.0507583
0.0517496
0.0495837
0.0500689
0.0491001
0.0492831
0.048961
0.0490027
0.048903
0.0489264
0.0487896
0.0488515
0.0485866
0.0486371
0.0475282
0.047757
0.0482309
0.0283516
0.0229742
0.0264466
0.00854644
0.0172651
-0.0177409
-0.00316261
-0.0551464
-0.0350922
-0.0993488
-0.0769862
-0.138552
-0.120489
-0.162074
-0.152065
-0.158302
-0.16312
-0.132856
-0.147742
-0.0953484
-0.114897
-0.0559099
-0.0753491
-0.0212425
-0.0377419
0.00588842
-0.00668552
0.0251393
0.0164444
0.0373133
0.0319993
0.0444748
0.0413933
0.0480324
0.0466289
0.0487375
-0.24706
-0.0711947
0.0323164
-0.267352
-0.177686
-0.0672715
0.0358905
0.034707
0.0479521
0.0474834
-0.252986
-0.10399
0.0407185
0.0341456
-0.204524
-0.0556924
0.0266405
0.0243338
0.014874
-0.132384
-0.0391963
0.0208411
-0.0010635
-0.0554275
-0.0446885
0.0177347
-0.0185939
0.00858212
-0.061077
0.0188975
-0.0371461
0.0489603
-0.0803592
0.0249631
-0.0538581
0.0653707
-0.0938872
0.0352905
-0.068648
0.0616974
-0.0976885
0.0489033
0.0274912
0.0435308
0.0464823
0.0492731
0.0299208
0.0395713
0.0375988
0.0425
0.0409355
0.0445213
0.0434913
0.0462192
0.04537
0.0477627
0.0469968
0.0491253
0.048461
0.0502729
0.0497214
0.0512159
0.0507662
0.0520154
0.0516259
0.0527643
0.0523916
0.0535465
0.0531464
0.0544639
0.0539836
0.0556427
0.0550154
0.0572455
0.0563853
0.0594685
0.0582748
0.0625053
0.0608853
0.0664638
0.0643803
0.0712266
0.0687742
0.0762695
0.073765
0.0807477
0.0786333
0.0837467
0.0824613
0.0846178
0.0844467
0.0831187
0.084139
0.0793096
0.081469
0.0734147
0.0765815
0.0658718
0.0698013
0.0572328
0.0616453
0.0482474
0.0527155
0.0398794
0.0439724
0.0330969
0.0360776
0.0290745
0.0305744
0.0259882
0.0272921
0.0287549
0.0265333
0.0304617
0.037049
0.0321626
0.0383583
0.0447049
0.0438741
0.044618
0.0449217
0.044173
0.0472862
0.0459809
0.0489702
0.0482488
0.0496454
0.0493932
0.0496404
0.049672
0.0496339
0.0496225
0.0499189
0.0497212
0.0508475
0.0502986
0.0525136
0.0516032
0.0547635
0.0535851
0.0573813
0.0560434
0.060164
0.058765
0.0629475
0.0615643
0.0656047
0.0642977
0.0680192
0.0668473
0.0700358
0.0690861
0.071574
0.0708759
0.0724618
0.0720939
0.0726282
0.0726296
0.0719435
0.0723932
0.0701054
0.0711712
0.0668595
0.0686336
0.0626382
0.0648017
0.0583074
0.0605175
0.0546802
0.0563649
0.0522159
0.0533236
0.0507245
0.0513759
0.0499001
0.0502532
0.04944
0.0496402
0.0491049
0.0492645
0.0487477
0.0489267
0.0482465
0.0485265
0.0474457
0.0479441
0.0214168
0.0252852
0.00731949
0.015652
-0.0174888
-0.00369949
-0.0532927
-0.0340841
-0.0958688
-0.0743253
-0.133618
-0.116198
-0.154946
-0.14677
-0.151634
-0.156299
-0.127095
-0.141455
-0.0908427
-0.109756
-0.0526094
-0.0714739
-0.0189109
-0.0349562
0.00745869
-0.00476026
0.0261107
0.0176975
0.0378385
0.0327386
0.0445693
0.0416998
0.047745
0.0465369
0.0482615
-0.228657
0.0522858
0.0475665
-0.0823724
0.0348122
0.0325936
0.0469015
-0.233351
-0.153108
0.0367441
-0.0927324
0.0275302
0.0295488
0.0570381
0.047892
0.0572924
0.0556694
0.0614347
-0.205
-0.0936287
0.060084
0.0473652
0.0531744
0.0262706
0.0214785
-0.14641
-0.0663767
0.0178688
0.00345131
-0.0694048
-0.0664262
0.0124686
-0.0153386
0.00459653
-0.0826908
0.0108321
-0.0367776
0.0571
-0.105449
0.0148332
-0.0569074
0.0786895
-0.123544
0.0245298
-0.0766143
0.0753918
-0.130338
0.0399268
-0.0949712
0.0590115
0.0581912
0.0635303
0.0367072
0.0338394
0.0355855
0.0401332
0.0385296
0.0428817
0.0415676
0.0448848
0.0439132
0.0464953
0.0457115
0.04791
0.0472158
0.0491685
0.0485532
0.0502701
0.0497346
0.0512317
0.0507652
0.0520926
0.0516696
0.0529241
0.0525084
0.0537979
0.0533519
0.0548041
0.0542803
0.056058
0.0553956
0.057703
0.0568272
0.0598996
0.0587298
0.0627865
0.0612592
0.0664083
0.0645177
0.070609
0.0684628
0.0749333
0.0727951
0.0786783
0.0769205
0.0811227
0.0800832
0.0817425
0.0816601
0.0803207
0.081266
0.076898
0.0788295
0.0716945
0.074481
0.0651
0.0685297
0.0576169
0.0614276
0.0499718
0.0537586
0.0429438
0.04636
0.0374752
0.0399228
0.0342978
0.0356517
0.0328684
0.03319
0.0363385
0.0338627
0.0447833
0.0396629
0.0512863
0.0512921
0.0541016
0.0482642
0.0493646
0.0480887
0.0476976
0.0491011
0.0484865
0.0501753
0.0496805
0.0505624
0.0504007
0.0506132
0.0506132
0.0506724
0.0506235
0.0510168
0.0507973
0.0518941
0.0513861
0.0533854
0.0525737
0.05539
0.0543393
0.0577364
0.0565351
0.0602527
0.0589851
0.0627894
0.0615269
0.0652237
0.0640251
0.0674429
0.0663649
0.0693226
0.0684296
0.0707586
0.0701
0.0716226
0.0712595
0.0718153
0.0717995
0.0711925
0.0716059
0.0695159
0.0704844
0.066637
0.068204
0.0629512
0.0648313
0.0590459
0.0612814
0.0555835
0.0572054
0.053067
0.0542227
0.0513836
0.0521418
0.050312
0.0507924
0.0495988
0.0499262
0.0490294
0.0493044
0.0484518
0.0487402
0.0476974
0.0481098
0.0467046
0.0472661
0.0463292
0.0454392
0.0461082
0.0214717
0.0252544
0.0078904
0.0157658
-0.0150575
-0.00232006
-0.0482897
-0.0304812
-0.087608
-0.0677427
-0.122543
-0.106389
-0.142006
-0.134707
-0.139348
-0.143436
-0.117078
-0.130173
-0.0836034
-0.101129
-0.0478241
-0.0655359
-0.0159053
-0.0311421
0.00926958
-0.00241619
0.0271476
0.0190792
0.0383806
0.0335123
0.044651
0.0420035
0.0474327
0.0463939
0.0477231
0.0479123
0.0471268
-0.198439
0.040981
-0.125104
0.0318218
0.0565824
0.0659498
-0.19293
-0.133011
0.0461112
0.0399977
0.0283634
0.0294896
0.0637117
0.070688
0.0456952
0.0447262
-0.156989
-0.0967382
0.0167787
0.0104392
-0.111918
-0.0920866
-0.0909354
0.00770923
-0.0101528
-0.0125639
-0.107206
0.00308508
-0.0336139
0.0571344
-0.134595
0.00380272
-0.0577107
0.0949069
-0.159341
0.0113404
-0.0812609
0.0957244
-0.171396
0.0265745
-0.104497
0.0749407
-0.166584
0.0489062
0.0375305
0.0591858
0.0524296
0.0447985
0.033402
0.0304433
0.0305488
0.0318246
0.0370681
0.0354325
0.0402142
0.0387174
0.0428459
0.0416307
0.044858
0.0439184
0.046447
0.0456884
0.0478032
0.0471438
0.0490076
0.0484185
0.0500882
0.0495591
0.0510724
0.0505882
0.0519876
0.0515348
0.0528909
0.0524381
0.0538408
0.0533569
0.0549161
0.0543593
0.0562192
0.0555354
0.0578749
0.0569996
0.0600131
0.0588825
0.0627313
0.0613036
0.0660327
0.0643214
0.0697468
0.0678614
0.0734773
0.0716411
0.0766473
0.0751627
0.0786646
0.0778147
0.0791106
0.0790832
0.0777946
0.0786561
0.07475
0.0764613
0.0701815
0.0726229
0.0644444
0.0674226
0.0580027
0.0612725
0.0515064
0.054718
0.0456476
0.0484649
0.0412875
0.043241
0.0388443
0.0398686
0.0390529
0.0383863
0.042379
0.0401565
0.0509782
0.0459896
0.0568922
0.0652848
0.0707006
0.0705847
0.0652309
0.0617817
0.0710615
0.066307
0.0553251
0.0580888
0.0520124
0.053283
0.0508102
0.0511845
0.0509078
0.0507731
0.0513256
0.0511278
0.0514722
0.051428
0.0514621
0.0514752
0.0515138
0.0514657
0.0518614
0.0516435
0.0526724
0.0522082
0.0540086
0.0532831
0.0557999
0.0548604
0.0579074
0.0568269
0.0601835
0.0590351
0.0624924
0.0613419
0.0647176
0.0636212
0.0667522
0.065763
0.0684884
0.0676606
0.0698166
0.0692058
0.0706263
0.0702851
0.070806
0.0707932
0.0702103
0.0706042
0.0686522
0.0695475
0.0660496
0.0674619
0.0626092
0.0644076
0.0590717
0.0605316
0.0559643
0.0574754
0.0534725
0.0546375
0.0516729
0.0525006
0.050417
0.0509949
0.0494964
0.0499301
0.0487166
0.0490997
0.0479234
0.0483283
0.0470018
0.0474813
0.0458259
0.0464768
0.044365
0.0451306
0.0278557
0.02947
0.0222624
0.0257671
0.00991032
0.0170545
-0.0108274
0.000651888
-0.0405665
-0.0246628
-0.07557
-0.0578886
-0.106936
-0.0923669
-0.124729
-0.117987
-0.123247
-0.126415
-0.104224
-0.115531
-0.0746014
-0.0902104
-0.0421533
-0.0583069
-0.0125935
-0.0267741
0.0111024
6.34468e-05
0.02811
0.0204197
0.0388459
0.0341992
0.0446784
0.0422541
0.0471004
0.0462079
0.0472442
0.0474567
0.0466105
-0.168041
0.033476
0.0480932
0.0386088
0.0598488
0.0657229
0.0751902
0.0435496
-0.159292
-0.12624
0.0303784
0.0184163
0.0189032
-0.150069
0.0289569
0.0290534
0.0678435
0.0741844
-0.119978
-0.115581
0.00519207
0.0270451
0.0353536
-0.00296328
-0.128485
0.0582045
-0.0494497
-0.131915
-0.00388562
-0.0278131
0.033294
-0.166004
-0.00724177
-0.0556471
0.0967251
-0.201885
-0.00336431
-0.0830282
0.11805
-0.221197
0.00961464
-0.11111
0.0987413
-0.220092
0.032459
0.064416
0.05267
0.033307
0.0303035
0.0317162
0.0367354
0.0349961
0.0399082
0.0383787
0.0425329
0.0413138
0.0445615
0.0436125
0.046158
0.0453987
0.0474958
0.0468483
0.0486778
0.0480997
0.0497563
0.0492257
0.0507621
0.0502648
0.0517261
0.0512468
0.0526912
0.0522064
0.0537055
0.0531897
0.0548361
0.0542534
0.0561725
0.0554755
0.0578212
0.0569553
0.0598868
0.0588018
0.0624361
0.0611056
0.0654454
0.0638949
0.0687441
0.0670786
0.0719854
0.0703972
0.0746946
0.0734307
0.0763871
0.0756808
0.0767149
0.0767199
0.0755212
0.0762937
0.072834
0.0743406
0.0688423
0.0709713
0.0638728
0.0664472
0.0583585
0.0611482
0.0528705
0.0555766
0.0480356
0.0503369
0.0445875
0.0461203
0.0429037
0.0435221
0.0438959
0.043021
0.0474981
0.0453945
0.0558116
0.0511016
0.061664
0.0749256
0.0791645
0.0762328
0.0712205
0.0805069
0.074868
0.07983
0.0656178
0.0700801
0.0590755
0.0619558
0.0551871
0.0568974
0.0532646
0.0540393
0.0526122
0.0528399
0.0524654
0.0525181
0.0523411
0.0524106
0.0522064
0.0522677
0.0522073
0.0521806
0.0525164
0.0523196
0.0532447
0.052829
0.0544345
0.0537888
0.0560329
0.0551937
0.0579248
0.0569534
0.0599811
0.0589421
0.062079
0.0610325
0.0641086
0.0631079
0.0659696
0.0650642
0.0675634
0.0668026
0.0687843
0.0682209
0.0695284
0.0692158
0.0696791
0.069677
0.0690985
0.0694787
0.0676406
0.0684732
0.0652664
0.0665507
0.0621649
0.0637793
0.0589293
0.0604595
0.0560027
0.0574299
0.0535569
0.0547154
0.0516825
0.0525586
0.050281
0.0509376
0.0491814
0.0497074
0.0482085
0.0486896
0.0472176
0.0477217
0.0461131
0.0466836
0.0448355
0.0454983
0.0431773
0.0440156
0.0426787
0.0413391
0.0422927
0.0277651
0.0287041
0.0230606
0.0260147
0.0125083
0.0186131
-0.00544727
0.0045006
-0.031111
-0.0174056
-0.0613495
-0.0460464
-0.0889018
-0.0760068
-0.105273
-0.0988928
-0.105384
-0.107407
-0.0901383
-0.0993809
-0.0649289
-0.0783454
-0.0362781
-0.0506579
-0.0093829
-0.022377
0.0127033
0.00235823
0.0288261
0.0215117
0.0391041
0.0346498
0.0445927
0.0423407
0.0466635
0.0459475
0.0466118
0.0468651
0.0449982
0.0459386
0.0439067
-0.14899
0.023325
0.0391274
0.0285774
-0.2
0.0289485
0.088067
0.0681345
0.0735317
0.0809633
-0.141696
-0.136434
0.0186188
0.00604544
0.00644055
0.0277413
0.0275611
0.0417254
0.0403671
-0.170963
0.070868
0.0770499
0.069081
-0.099402
-0.152126
0.0146347
-0.00847487
0.0443708
-0.0194168
0.0504952
-0.0211682
-0.193364
-0.0171458
0.0619788
-0.0494593
0.065122
-0.2447
-0.0184882
-0.0811756
-0.140251
0.12249
-0.281607
-0.00989675
-0.11388
0.124438
-0.287701
0.0105198
0.0872189
-0.265114
0.0441783
0.0892015
0.0297496
0.0285933
0.0328909
0.0311769
0.0362736
0.0345486
0.0393862
0.0378725
0.0420124
0.0407716
0.0440708
0.0431027
0.0456904
0.0449211
0.0470316
0.0463848
0.0482091
0.0476336
0.0492927
0.0487581
0.050321
0.0498107
0.0513275
0.0508251
0.0523459
0.0518336
0.0534157
0.0528725
0.0545933
0.0539887
0.0559549
0.0552486
0.0575898
0.0567364
0.0595813
0.0585415
0.0619726
0.0607318
0.064724
0.0633141
0.0676712
0.0661903
0.0705123
0.0691258
0.0728515
0.0717633
0.0742911
0.0736939
0.0745425
0.0745634
0.0734749
0.0741607
0.0711189
0.0724372
0.067649
0.0694965
0.0633637
0.0655791
0.058666
0.0610347
0.0540625
0.0563228
0.0501223
0.051979
0.0474535
0.048617
0.0464868
0.0467361
0.0480107
0.046941
0.0520129
0.0496618
0.0598954
0.0555117
0.065
0.091994
0.0965451
0.0946086
0.0852793
0.0885102
0.0826544
0.0782793
0.0861129
0.0776726
0.0826422
0.0689678
0.0731993
0.0622861
0.065134
0.057881
0.0597956
0.0554278
0.0564866
0.0541762
0.0546976
0.0535498
0.0538207
0.0531467
0.0533346
0.052863
0.0529878
0.0527838
0.0527932
0.0530229
0.0528624
0.0536531
0.0532911
0.0547002
0.0541308
0.0561189
0.0553727
0.0578116
0.056941
0.0596642
0.0587267
0.0615653
0.0606158
0.0634122
0.0625008
0.0651113
0.064284
0.06657
0.0658731
0.0676912
0.0671744
0.0683684
0.068085
0.0684896
0.0684982
0.0679251
0.068291
0.0665613
0.0673364
0.0643835
0.065558
0.0615844
0.0630354
0.0585982
0.0600689
0.0558135
0.0571747
0.0534139
0.0545623
0.0514829
0.0523973
0.0499553
0.050681
0.048691
0.0493026
0.0475369
0.0481096
0.0463653
0.0469584
0.0450847
0.0457411
0.0435903
0.0443656
0.0418887
0.0428131
0.0399535
0.04094
0.0272083
0.0277232
0.023643
0.0259156
0.0151358
0.0200871
0.000277954
0.0085403
-0.0211671
-0.009701
-0.0466988
-0.033726
-0.0705618
-0.0592773
-0.0857259
-0.0795887
-0.0875937
-0.0883993
-0.0762322
-0.0833602
-0.0555291
-0.0667069
-0.0307577
-0.0433256
-0.00657284
-0.0183626
0.0139116
0.00425002
0.0292017
0.0222333
0.0390898
0.0347915
0.044334
0.0422006
0.046134
0.0455684
0.0458747
0.046201
0.0441913
0.0451674
0.0430454
0.0976818
0.0891037
-0.147308
0.0109774
0.0290911
0.0174636
0.0265552
0.0389064
-0.228065
0.0733846
0.0793068
0.0821815
0.0777105
0.104066
0.105368
0.0806197
-0.142579
-0.164593
0.0040776
-0.00906772
0.0340398
-0.00858502
0.0618292
-0.0947697
-0.210648
-0.0012298
-0.0243959
0.0545428
-0.0399166
0.0414775
-0.00606628
-0.277508
-0.0324902
-0.0754871
-0.186727
0.0846074
-0.339446
-0.0305064
-0.113002
-0.148013
0.132984
-0.368188
-0.0151897
0.11238
-0.350883
0.0160665
0.0625361
0.0274222
0.0271911
0.0261486
0.0289997
0.0278518
0.0322655
0.0305355
0.0356688
0.0339571
0.0387514
0.0372554
0.0413649
0.0401203
0.0434492
0.0424659
0.0450947
0.0443141
0.046447
0.0457965
0.0476269
0.0470508
0.0487169
0.0481783
0.0497652
0.0492432
0.0508068
0.0502851
0.0518709
0.0513348
0.05299
0.0524222
0.0542104
0.0535858
0.0555954
0.0548804
0.057218
0.0563758
0.0591427
0.0581436
0.0613945
0.0602325
0.0639239
0.0626343
0.0665764
0.0652494
0.069089
0.0678671
0.0711295
0.0701831
0.0723704
0.0718575
0.0725725
0.0725991
0.0716299
0.0722328
0.0695763
0.0707233
0.0665749
0.0681704
0.0628988
0.0647951
0.0589182
0.0609186
0.0550872
0.0569576
0.0519204
0.0533957
0.0499345
0.0507677
0.0495914
0.0495387
0.0514037
0.0502453
0.0558375
0.0532385
0.0632171
0.0591761
0.0679823
0.100337
0.10227
0.0951532
0.0977855
0.0896609
0.0861477
0.0950452
0.0924667
0.0967299
0.0801211
0.085228
0.0716065
0.0756851
0.0648127
0.0679436
0.060191
0.0622757
0.0573006
0.0585831
0.0555773
0.0563336
0.054551
0.0550078
0.0538842
0.0541883
0.0534444
0.0536384
0.0532633
0.0533203
0.0534096
0.0532961
0.0539295
0.0536258
0.0548338
0.0543396
0.0560807
0.0554229
0.0575852
0.0568097
0.0592462
0.0584042
0.0609624
0.060104
0.062639
0.0618106
0.0641884
0.0634332
0.0655243
0.0648854
0.0665545
0.0660798
0.0671746
0.0669163
0.0672747
0.0672895
0.0667353
0.0670826
0.0654637
0.0661839
0.0634628
0.0645394
0.0609094
0.0622321
0.0581378
0.059525
0.0554748
0.0567819
0.0531116
0.0542527
0.0511269
0.0520773
0.0494792
0.0502711
0.0480563
0.0487505
0.0467285
0.0473893
0.0453838
0.0460638
0.0439392
0.0446754
0.0423426
0.0431539
0.0405063
0.0414617
0.0384938
0.0395535
0.037809
0.0362732
0.0374024
0.0255037
0.0267861
0.0263912
0.0266274
0.0269226
0.0241486
0.0257726
0.0176148
0.0214646
0.0057473
0.0123854
-0.0117401
-0.00235496
-0.0329732
-0.02212
-0.0534988
-0.0436708
-0.0676257
-0.0616707
-0.071194
-0.0708353
-0.063511
-0.0686375
-0.0470872
-0.0561361
-0.026022
-0.0368569
-0.0044292
-0.0150683
0.0145473
0.00552302
0.0290997
0.0224285
0.0386898
0.0345017
0.0437936
0.0417241
0.0454547
0.0449706
0.0450092
0.0454214
0.0432829
0.0442749
0.0407225
0.0420727
0.0393102
-0.302823
0.0244844
0.0835362
0.0262201
0.0856068
0.0249946
0.0724732
-0.00913734
0.0906197
0.0923088
0.0057125
0.0982979
0.099465
0.09163
-0.163801
-0.00461685
0.0210049
0.0160709
0.00339794
0.0729065
-0.160234
-0.213438
-0.0141999
-0.027109
0.0457711
-0.0277458
0.0914495
0.0880012
0.036619
0.0350885
0.0543211
-0.1035
-0.291541
-0.0235444
-0.0432853
0.0665675
-0.0650475
-0.247875
0.0297367
-0.00227676
-0.378512
-0.0501883
-0.107358
-0.151523
0.090463
-0.440265
-0.00795955
-0.0275346
-0.0428739
-0.1959
0.125433
-0.450007
-0.0184069
0.082311
-0.403527
0.0258874
0.0236633
0.0255332
0.0229236
0.0240303
0.0285085
0.0270944
0.0316554
0.0300161
0.0349824
0.0333229
0.0380469
0.0365657
0.0406497
0.0394104
0.0427472
0.0417562
0.0444115
0.0436225
0.045773
0.0451193
0.0469545
0.0463782
0.0480477
0.0475066
0.0491096
0.0485795
0.0501774
0.049641
0.0512796
0.0507233
0.0524431
0.0518528
0.0537053
0.0530607
0.0551165
0.0543909
0.0567343
0.055899
0.0586058
0.0576397
0.0607411
0.0596451
0.0630844
0.0618954
0.065492
0.0642925
0.0677348
0.0666478
0.0695328
0.068701
0.070615
0.0701688
0.0707854
0.0708115
0.069961
0.0704871
0.0681798
0.0691731
0.0655952
0.0669668
0.0624583
0.0640724
0.0591069
0.0607849
0.0559493
0.0574804
0.053446
0.0545952
0.052053
0.0525977
0.0522131
0.0519283
0.054294
0.0530181
0.0589259
0.0562516
0.0660047
0.0620803
0.0754724
0.070508
0.0872096
0.081052
0.100418
0.0937997
0.107222
0.113463
0.111659
0.112666
0.108823
0.110191
0.104554
0.107137
0.0972921
0.0945492
0.102115
0.0997283
0.106167
0.103849
0.107839
0.0929233
0.104208
0.0991235
0.0817941
0.0866867
0.0735991
0.0776075
0.0669198
0.070054
0.0621165
0.0643142
0.0588965
0.0603515
0.0568087
0.0577476
0.0554567
0.0560678
0.0545522
0.0549644
0.0539558
0.0542211
0.053659
0.0537714
0.0536976
0.0536384
0.0540973
0.053856
0.0548566
0.0544377
0.055935
0.0553635
0.0572583
0.0565741
0.0587362
0.0579852
0.0602775
0.059505
0.0617956
0.061044
0.0632089
0.0625187
0.0644364
0.0638483
0.0653895
0.0649491
0.065967
0.0657262
0.0660598
0.0660739
0.0655579
0.0658808
0.0643815
0.065047
0.0625437
0.063531
0.0601949
0.0614137
0.0576
0.0589076
0.0550403
0.0563042
0.052698
0.0538382
0.0506524
0.0516416
0.0488824
0.0497409
0.0473023
0.0480776
0.0458059
0.0465513
0.0442976
0.0450584
0.0427083
0.0435155
0.0409924
0.0418671
0.0390942
0.0400612
0.0369704
0.0380614
0.0346809
0.0359289
0.0245229
0.0259742
0.0254186
0.0262325
0.0262847
0.0246359
0.0257307
0.0198216
0.0227052
0.0105956
0.0157976
-0.00341021
0.00415033
-0.0209053
-0.0118915
-0.0385453
-0.029977
-0.0517882
-0.0459801
-0.0568804
-0.0554814
-0.0524958
-0.0558242
-0.039949
-0.0470633
-0.0222816
-0.0315231
-0.00307717
-0.0126565
0.0145378
0.0060819
0.0284821
0.0220441
0.0378903
0.0337569
0.0429594
0.0409027
0.0445938
0.044132
0.0440305
0.0445081
0.0422236
0.0432455
0.0396218
0.0409911
0.0381761
0.097669
0.0836582
-0.198782
-0.0237824
0.0233958
0.0238502
0.0353088
0.000765489
-0.0136107
0.0842613
0.0334939
0.0669501
-0.193093
-0.283089
-0.0379362
-0.0486265
0.0595317
-0.0507875
-0.329226
0.0445703
0.104122
-0.122405
-0.389163
-0.0658821
0.00950238
-0.0960695
0.121406
0.114843
0.12145
0.0157702
-0.150711
-0.00601824
-0.484157
-0.0531295
-0.0298031
-0.0699844
-0.258774
-0.199088
0.0824434
-0.531771
-0.055861
0.0971721
-0.51441
-0.02215
0.039492
0.107938
0.0218963
0.0245548
0.023069
0.0277801
0.0261826
0.0310079
0.0293917
0.0342731
0.0326462
0.0373137
0.0358453
0.0399039
0.0386696
0.0420028
0.0410094
0.0436744
0.0428816
0.0450378
0.0443838
0.0462146
0.045641
0.0473027
0.0467638
0.0483698
0.0478366
0.0494537
0.0489074
0.0505853
0.0500127
0.0517883
0.0511771
0.053092
0.0524267
0.054535
0.0537953
0.0561593
0.0553243
0.0579955
0.0570525
0.0600402
0.0589961
0.0622325
0.0611254
0.0644394
0.0633443
0.0664608
0.0654842
0.06806
0.0673218
0.0690134
0.0686208
0.0691624
0.069185
0.0684451
0.068902
0.0669055
0.0677626
0.0646884
0.0658625
0.0620255
0.0633916
0.0592245
0.0606207
0.056653
0.0578895
0.0547204
0.0555894
0.0538376
0.0541351
0.0544047
0.0539344
0.0567527
0.0553509
0.0613718
0.058788
0.0681829
0.064572
0.0772411
0.0724843
0.0886462
0.0826401
0.101547
0.0950529
0.108072
0.120549
0.12114
0.119086
0.119896
0.117476
0.118282
0.114192
0.116527
0.117317
0.114265
0.101111
0.0965584
0.0988823
0.105276
0.103253
0.109003
0.107164
0.112375
0.110782
0.105097
0.113087
0.113128
0.0942353
0.0999777
0.0832614
0.0883833
0.0751919
0.0790833
0.0686473
0.0717556
0.0637067
0.0659908
0.0602428
0.0618273
0.0578754
0.0589553
0.0562608
0.0569987
0.0551481
0.0556573
0.0544002
0.0547361
0.0539814
0.0541529
0.0539027
0.0539024
0.0541736
0.0539985
0.0547837
0.0544417
0.0556941
0.0552081
0.0568394
0.0562445
0.0581401
0.0574767
0.059515
0.0588236
0.0608859
0.0602051
0.0621777
0.0615448
0.0633132
0.0627673
0.0642065
0.0637919
0.0647595
0.0645268
0.0648627
0.0648677
0.0644126
0.0647043
0.0633371
0.0639461
0.0616491
0.0625568
0.0594715
0.0606046
0.057024
0.0582633
0.0545446
0.0557766
0.0522037
0.053352
0.0500847
0.0511179
0.0481863
0.0491136
0.046449
0.0473045
0.0447901
0.045616
0.0431311
0.043965
0.0414123
0.0422819
0.0395978
0.0405169
0.0376119
0.0386224
0.0354717
0.0365542
0.0331264
0.034392
0.0321914
0.0305636
0.0318314
0.0235042
0.0251658
0.0244704
0.0258709
0.0256609
0.0250749
0.0257085
0.0217096
0.0237788
0.0147123
0.0187033
0.00363543
0.00966389
-0.0107336
-0.0032565
-0.0259659
-0.0184494
-0.0384692
-0.0327832
-0.0448669
-0.0425745
-0.0433596
-0.0451118
-0.0342687
-0.039649
-0.0196937
-0.0274785
-0.00268074
-0.0112891
0.0137201
0.00576139
0.0271922
0.0209189
0.0365463
0.0324048
0.0417029
0.0395993
0.0434196
0.0429241
0.042839
0.0433371
0.0409772
0.0420219
0.0383944
0.0397531
0.0353561
0.0369024
0.0337951
0.079876
-0.251933
-0.0471282
0.0224382
0.0421437
0.0515496
-0.0180751
-0.0342814
-0.438062
0.0594543
-0.236512
-0.368685
-0.0668102
-0.074156
0.0298886
-0.0795311
0.12813
0.1277
0.114538
0.119996
0.106638
0.113105
0.0321587
-0.145879
-0.143593
-0.490972
-0.0678781
-0.0847632
-0.0927106
-0.342736
0.028972
0.027688
0.0261902
0.0801976
0.0203954
0.094601
-0.00116672
0.108703
0.107167
0.119295
-0.197581
-0.0180067
-0.576826
-0.092863
-0.261457
0.0568681
-0.597987
-0.0682263
0.0440347
-0.549594
-0.0131704
0.0235892
0.0221251
0.026934
0.0253199
0.0302798
0.0286242
0.033558
0.0319468
0.0365755
0.0351192
0.0391508
0.037922
0.0412435
0.0402513
0.0429123
0.0421205
0.0442682
0.0436182
0.045432
0.0448647
0.0465077
0.0459752
0.0475657
0.0470356
0.0486534
0.0481031
0.0498039
0.0492198
0.0510394
0.0504103
0.0523835
0.0516972
0.0538638
0.0531061
0.0555075
0.0546653
0.0573286
0.0563973
0.05931
0.0583029
0.0613859
0.0603423
0.0634318
0.0624205
0.0652722
0.0643857
0.0667071
0.0660461
0.0675533
0.0672051
0.0676852
0.067704
0.0670611
0.0674576
0.0657316
0.0664699
0.063835
0.0648366
0.0615858
0.0627354
0.0592641
0.0604149
0.0572007
0.0581822
0.0557592
0.0563874
0.0553091
0.0553993
0.0562061
0.0555851
0.0587715
0.0572754
0.06334
0.0608217
0.0699816
0.0664194
0.0787502
0.0740567
0.0896365
0.0838843
0.102091
0.0957866
0.108624
0.127369
0.127912
0.12651
0.126935
0.126008
0.12616
0.125984
0.125636
0.128535
0.127438
0.110988
0.109215
0.109974
0.113226
0.112126
0.115777
0.11447
0.118141
0.117062
0.119326
0.11873
0.0953202
0.100867
0.0846821
0.089769
0.0764531
0.0803627
0.0699935
0.0730726
0.0649808
0.0673162
0.0613505
0.0630258
0.0587774
0.0599623
0.0569576
0.0577961
0.0556691
0.056262
0.0547802
0.0551833
0.0542382
0.0544703
0.0540359
0.054098
0.0541704
0.054065
0.0546259
0.0543629
0.0553659
0.054966
0.0563337
0.0558272
0.0574612
0.0568828
0.0586775
0.0580626
0.0599134
0.0592964
0.0610994
0.0605152
0.0621618
0.0616481
0.063016
0.0626165
0.0635635
0.0633291
0.0636969
0.0636811
0.0633131
0.0635669
0.0623438
0.0628947
0.0607935
0.0616293
0.058762
0.059822
0.0564323
0.0576181
0.054007
0.0552195
0.0516459
0.0528121
0.0494397
0.0505225
0.0474076
0.0484048
0.0455161
0.0464489
0.0437051
0.044605
0.0419111
0.0428094
0.0400804
0.0410026
0.0381556
0.0391367
0.0361317
0.0371643
0.0339503
0.03506
0.0315349
0.0327839
0.0302076
0.022321
0.0242459
0.0234044
0.0253852
0.0249259
0.0252913
0.0255265
0.0231469
0.0245316
0.0180145
0.0209929
0.00937669
0.0141308
-0.00239684
0.00380465
-0.0156272
-0.00898651
-0.0275056
-0.0219254
-0.0350147
-0.0319575
-0.0360301
-0.0363908
-0.0300608
-0.0338634
-0.01834
-0.024775
-0.00334484
-0.0110653
0.0120123
0.00446368
0.0251966
0.0189957
0.0346662
0.0304361
0.0400518
0.0378358
0.0419484
0.0413749
0.0414358
0.0419123
0.0395858
0.0406266
0.0370136
0.0383689
0.0339836
0.0355345
0.030743
0.0323871
0.029163
0.0752304
-0.318311
-0.0740351
-0.115792
0.0210797
-0.0125602
-0.0422445
0.0753134
0.0699223
0.108865
0.0193948
0.0135271
0.0175805
0.0917775
-0.0610123
-0.0420322
-0.177282
0.0187664
0.114952
0.126024
0.108285
0.120007
0.0273647
0.0501405
0.0901976
-0.134296
-0.283256
-0.458276
-0.0972074
-0.10596
0.0892232
0.063351
-0.450098
0.0259915
0.0246237
0.0183002
0.125228
0.106559
-0.189983
-0.166711
-0.579024
-0.127117
-0.12524
-0.0223367
-0.255741
-0.0429248
-0.639122
-0.11895
-0.0945094
-0.0733687
-0.342428
0.0181138
0.017159
0.142489
0.145721
0.0124184
-0.627923
-0.0807615
-0.00839524
-0.0829672
-0.0252725
0.0225924
0.0208928
0.0260353
0.024374
0.0295168
0.027781
0.0328306
0.0312071
0.0358422
0.0343854
0.0384077
0.0371806
0.0404918
0.039501
0.0421517
0.041364
0.0434922
0.0428502
0.0446358
0.0440783
0.0456885
0.0451692
0.0467236
0.0462026
0.0478021
0.0472543
0.0489581
0.0483683
0.0502158
0.0495726
0.0515954
0.0508888
0.0531157
0.0523367
0.0547898
0.0539328
0.0566154
0.0556842
0.0585609
0.0575754
0.0605538
0.0595554
0.0624752
0.0615284
0.0641697
0.0633555
0.0654685
0.064871
0.066223
0.0659123
0.0663377
0.0663541
0.0657904
0.066136
0.0646393
0.065276
0.0630184
0.0638711
0.0611274
0.0620893
0.059221
0.0601591
0.0575965
0.0583581
0.0565772
0.0569987
0.0564923
0.0564092
0.0576576
0.056915
0.0603758
0.0588209
0.0649019
0.0624238
0.0713497
0.0679078
0.0797982
0.0753312
0.090286
0.0848092
0.102279
0.0962804
0.108562
0.134595
0.133612
0.134411
0.134049
0.134384
0.133754
0.133798
0.134266
0.133905
0.136228
0.134918
0.140469
0.138132
0.142774
0.121418
0.124534
0.122645
0.120614
0.120758
0.121065
0.120732
0.122387
0.121632
0.124037
0.123205
0.125593
0.124775
0.120368
0.12708
0.126404
0.107294
0.113746
0.0956618
0.101241
0.0855192
0.0904295
0.0773147
0.0812203
0.070938
0.0739728
0.0659435
0.0682844
0.0622252
0.0639531
0.0595155
0.060772
0.0575453
0.0584591
0.0561148
0.0567769
0.0550987
0.0555636
0.0544356
0.0547278
0.0541049
0.054232
0.0540958
0.0540634
0.0543899
0.0542085
0.054955
0.0546425
0.0557444
0.0553256
0.056702
0.0562056
0.0577685
0.0572243
0.058883
0.0583218
0.0599816
0.0594358
0.0609923
0.0604992
0.0618299
0.0614338
0.0623942
0.0621467
0.0625761
0.0625321
0.0622714
0.0624813
0.06141
0.0619031
0.0599851
0.0607561
0.058076
0.0590755
0.0558335
0.0569802
0.0534347
0.0546402
0.0510328
0.0522252
0.0487289
0.0498645
0.0465636
0.0476285
0.0445281
0.0455314
0.0425821
0.0435462
0.0406733
0.041625
0.0387523
0.0397147
0.036769
0.0377875
0.0346869
0.03574
0.0324533
0.0335878
0.0300127
0.0312514
0.0286434
0.0209041
0.0195058
0.0232065
0.0221668
0.0247438
0.0240702
0.0252706
0.0251571
0.0241572
0.0249676
0.0205765
0.0227149
0.0139491
0.0176555
0.0043052
0.00946079
-0.0072784
-0.00135909
-0.0186426
-0.0131469
-0.0271302
-0.0233982
-0.030431
-0.0295217
-0.0273803
-0.0296975
-0.0183813
-0.0235263
-0.0052936
-0.0121834
0.00916331
0.00194596
0.0222466
0.0160191
0.0320357
0.027615
0.037836
0.0354172
0.0400508
0.0393351
0.0397094
0.0401139
0.0379628
0.0389573
0.0354323
0.0367717
0.0324253
0.0339713
0.0291472
0.0307979
0.0275327
0.0698705
-0.115687
-0.388408
-0.106431
0.12764
0.109266
0.0446536
0.0548831
-0.554639
0.0257172
0.0234467
0.0400134
0.08616
-0.178009
-0.321348
-0.535313
-0.137245
-0.145508
0.120598
0.127572
1.52348e-05
0.132246
0.105072
-0.243019
-0.187711
-0.637333
-0.183246
-0.164721
-0.137779
-0.113764
-0.0502136
-0.439681
0.0167425
0.0161101
0.15822
0.0152462
0.15001
0.169166
0.0144551
0.175173
0.174971
0.141063
-0.329805
-0.0807371
-0.662862
-0.149895
0.139353
0.144416
0.14118
0.132861
0.141037
0.0307051
-0.0382352
-0.143016
-0.0527636
-0.619469
-0.106033
0.19631
0.200223
0.0857882
0.0147105
0.0176043
0.015837
0.0214588
0.0195362
0.0251047
0.023285
0.0286946
0.0268811
0.0320818
0.030415
0.0351154
0.0336428
0.037684
0.0364511
0.0397645
0.0387684
0.0414169
0.0406318
0.0427402
0.0421059
0.0438571
0.0433131
0.0448765
0.0443674
0.0458819
0.0453725
0.0469369
0.0463965
0.0480826
0.0474921
0.0493477
0.048694
0.050752
0.0500261
0.0523083
0.051505
0.0540179
0.0531384
0.0558631
0.0549191
0.0577971
0.0568159
0.0597382
0.0587649
0.0615697
0.0606662
0.0631508
0.0623893
0.0643385
0.0637893
0.0650141
0.0647323
0.0651093
0.0651224
0.0646212
0.0649228
0.063617
0.0641658
0.0622284
0.0629519
0.0606425
0.0614416
0.059092
0.059846
0.0578432
0.0584157
0.0571833
0.0574293
0.0574036
0.0571776
0.0587846
0.0579473
0.0615995
0.0600148
0.0660655
0.0636357
0.0723134
0.0689806
0.0804619
0.0761591
0.0906394
0.0853147
0.102577
0.0965631
0.115799
0.108829
0.124177
0.140997
0.141237
0.140505
0.140691
0.140661
0.140448
0.142126
0.141216
0.145618
0.143537
0.151277
0.148215
0.159109
0.154632
0.176166
0.165989
0.185935
0.132844
0.13552
0.129749
0.130932
0.12857
0.128888
0.128783
0.128535
0.129908
0.129265
0.131757
0.130672
0.133729
0.132827
0.107255
0.11382
0.0956633
0.101198
0.0859101
0.0906028
0.0778246
0.0816802
0.0715573
0.0745337
0.0666412
0.0689579
0.0628959
0.0646467
0.0601058
0.0614075
0.0580317
0.059
0.0564895
0.0572083
0.0553605
0.0558822
0.0545791
0.0549312
0.054116
0.05431
0.0539556
0.0539989
0.0540805
0.0539825
0.0544657
0.0542401
0.055076
0.0547414
0.0558688
0.0554474
0.0567966
0.0563129
0.0578069
0.0572881
0.0588396
0.0583171
0.0598224
0.0593341
0.0606673
0.0602592
0.0612699
0.0609958
0.0615164
0.0614335
0.0612991
0.0614592
0.0605419
0.0609777
0.0592271
0.0599393
0.0574136
0.0583641
0.0552278
0.0563473
0.0528301
0.0540371
0.0503725
0.0515939
0.0479689
0.0491532
0.0456811
0.0468036
0.0435214
0.0445811
0.0414648
0.0424777
0.0394648
0.0404559
0.0374658
0.0384633
0.0354346
0.0364361
0.0333138
0.0343855
0.0310384
0.032191
0.0285818
0.0298114
0.027181
0.0118963
0.0152196
0.0134951
0.0173491
0.0164315
0.0196187
0.0183716
0.0219873
0.0208812
0.0238435
0.0229898
0.024894
0.0244866
0.0246398
0.0249705
0.0223577
0.0237923
0.0174115
0.0202416
0.00955252
0.0138305
-0.00064336
0.00466777
-0.0115874
-0.00615074
-0.0209997
-0.0166321
-0.0264796
-0.0243535
-0.0262681
-0.0271351
-0.019926
-0.0238161
-0.00863016
-0.0147581
0.00512934
-0.00186935
0.0183706
0.0119837
0.0287322
0.024
0.0351512
0.0324354
0.0378241
0.0369054
0.0377369
0.038034
0.0361472
0.0370708
0.0336825
0.0350006
0.030674
0.0322251
0.027395
0.0290489
0.0241696
0.025768
0.0216369
0.0228094
0.0633705
-0.15973
-0.448292
-0.14868
0.130336
0.108805
0.134628
0.0258941
0.0795652
-0.228264
-0.347702
-0.586014
-0.194375
-0.196192
-0.0866707
-0.531794
0.191771
0.216372
0.224738
-0.0244194
0.106159
-0.308302
-0.212903
-0.657898
-0.213171
0.152417
0.159014
0.150431
0.14843
0.149043
0.131971
0.140929
0.0198462
0.0205271
0.0187364
0.156344
0.0118787
-0.0823315
-0.415242
-0.135457
-0.646939
-0.190577
0.01064
0.00920978
-0.141222
-0.19207
0.0817364
-0.168493
0.0778573
0.0132912
0.0165169
0.0149356
0.0202788
0.0184032
0.0241174
0.0222179
0.027837
0.0259809
0.0313162
0.0295929
0.0344026
0.0328842
0.0369923
0.0357286
0.0390851
0.0380448
0.0407398
0.0399334
0.0420517
0.0414015
0.0431452
0.0425894
0.0441289
0.0436167
0.0450951
0.044582
0.046113
0.0455664
0.0472311
0.0466284
0.0484843
0.0478099
0.0498953
0.0491395
0.0514745
0.0506344
0.0532152
0.0522969
0.0550864
0.0541088
0.057027
0.0560242
0.0589441
0.0579653
0.0607187
0.0598248
0.0622188
0.0614754
0.0633205
0.0627867
0.06393
0.0636483
0.0640029
0.06399
0.0635552
0.0637975
0.0626644
0.0631183
0.0614628
0.0620587
0.0601285
0.0607747
0.0588749
0.0594627
0.0579415
0.0583495
0.0575821
0.0576823
0.0580526
0.0577164
0.0596008
0.0587028
0.0624655
0.0608851
0.0668395
0.0644838
0.072857
0.0696587
0.0806577
0.0765366
0.0904271
0.0852881
0.102031
0.0960655
0.115811
0.108582
0.123649
0.14725
0.147836
0.146584
0.146776
0.14719
0.14672
0.149502
0.14811
0.154116
0.151504
0.161523
0.157464
0.172631
0.166418
0.191129
0.180973
0.20252
0.143304
0.147218
0.138136
0.14034
0.135558
0.136567
0.134888
0.135034
0.135607
0.135105
0.137531
0.136433
0.140143
0.138799
0.135432
0.14309
0.141612
0.1204
0.127832
0.106798
0.113352
0.095309
0.100751
0.0858207
0.0903382
0.0779891
0.0817107
0.0718551
0.0747549
0.0670653
0.0693241
0.06336
0.0651016
0.0605462
0.0618686
0.0584126
0.0594182
0.0567888
0.0575545
0.0555625
0.0561375
0.054667
0.0550794
0.0540687
0.0543314
0.0537514
0.0538708
0.0537023
0.0536842
0.0539064
0.0537584
0.0543424
0.054076
0.0549818
0.0546125
0.055789
0.0553364
0.0567179
0.0562075
0.05771
0.0571739
0.05869
0.0581691
0.0595642
0.0591084
0.0602216
0.0598889
0.0605417
0.0603931
0.0604109
0.0605017
0.0597455
0.0601127
0.0585172
0.0591675
0.0567694
0.0576722
0.0546126
0.0557056
0.0521984
0.0534022
0.0496821
0.0509198
0.0471911
0.0484029
0.0448047
0.0459566
0.0425508
0.0436344
0.0404148
0.0414418
0.0383511
0.0393477
0.036307
0.0372971
0.0342353
0.0352398
0.0320709
0.0331352
0.0297507
0.0308987
0.0272129
0.0284673
0.0242295
0.025788
0.0223827
0.0139899
0.0123274
0.0163677
0.0152662
0.0184434
0.0173693
0.0207002
0.0195824
0.0227563
0.021775
0.0242354
0.0235857
0.0246948
0.0246267
0.0234925
0.024343
0.0199354
0.0220436
0.0135448
0.0171024
0.00448526
0.00930197
-0.00616002
-0.000737703
-0.0165018
-0.0115059
-0.0241262
-0.0208
-0.026743
-0.0261639
-0.0230571
-0.025697
-0.0135022
-0.0189082
-0.000284264
-0.00716037
0.0133581
0.00667864
0.0245528
0.0193783
0.0318039
0.0286874
0.0350942
0.0338958
0.0353786
0.0355117
0.0340196
0.0348385
0.0316717
0.0329438
0.0287063
0.0302368
0.0254967
0.0271084
0.0223581
0.0238978
0.0210027
0.0528234
-0.212269
-0.487627
-0.205397
-0.237538
-0.204168
-0.137389
-0.579488
-0.253023
0.238313
0.208718
0.00557522
0.0711526
-0.288604
-0.257666
-0.363876
-0.603068
-0.272285
-0.259109
-0.0563232
0.163845
0.171628
0.167402
0.149771
0.131645
0.140986
0.266986
0.266733
0.290989
0.136051
0.144542
0.017982
0.0169011
0.0194594
0.0176871
0.110202
0.0732465
0.06898
-0.0129391
-0.381188
-0.300828
-0.247366
-0.642056
-0.271528
0.0092992
0.00798474
0.00936314
0.00801977
-0.244737
-0.216196
-0.599504
-0.4872
-0.143927
0.167173
0.109812
0.136084
0.0120038
0.0106563
0.0154887
0.0138094
0.0192591
0.0173955
0.023195
0.0212574
0.0270004
0.0251186
0.0305514
0.0288151
0.0336921
0.0321803
0.03633
0.0350767
0.0384466
0.037471
0.0401028
0.039321
0.0414144
0.0407916
0.0424915
0.0419721
0.0434438
0.0429729
0.0443687
0.0439014
0.0453413
0.0448427
0.0464186
0.0458623
0.0476426
0.0470093
0.0490413
0.0483188
0.0506262
0.0498111
0.0523862
0.0514871
0.0542805
0.0533216
0.056235
0.0552573
0.058145
0.0572039
0.0598853
0.0590447
0.0613275
0.0606506
0.0623609
0.0618993
0.062912
0.0626968
0.0629578
0.0629937
0.0625329
0.0627958
0.0617276
0.0621664
0.0606781
0.0612201
0.0595561
0.0601118
0.058559
0.0590272
0.0579014
0.0581733
0.0578059
0.0577697
0.0584937
0.0580394
0.0601793
0.0592004
0.0630647
0.0614624
0.0673192
0.0650138
0.0730767
0.0700034
0.0804877
0.0765648
0.0897584
0.0848777
0.101041
0.0951442
0.114951
0.107605
0.122951
0.153125
0.155216
0.154043
0.152278
0.152521
0.153211
0.152548
0.156235
0.154444
0.161927
0.158729
0.170733
0.165934
0.184252
0.176751
0.203578
0.193252
0.229879
0.215558
0.246969
0.152662
0.157588
0.145769
0.148791
0.14199
0.143564
0.140553
0.141033
0.140982
0.14057
0.142985
0.141816
0.146292
0.1445
0.150541
0.148372
0.119848
0.127743
0.105919
0.112517
0.0944969
0.0999025
0.0852266
0.0896251
0.0777225
0.081286
0.0718197
0.0745913
0.0672133
0.0693726
0.0636182
0.0653027
0.0608367
0.0621386
0.0586843
0.0596944
0.057005
0.0577948
0.0556935
0.0563095
0.0546854
0.055155
0.0539476
0.0542837
0.0534676
0.0536743
0.0532416
0.0533198
0.0532676
0.0532182
0.0535395
0.0533662
0.0540435
0.0537545
0.0547536
0.0543638
0.055628
0.0551608
0.056606
0.0560946
0.0576061
0.0570942
0.0585262
0.0580678
0.0592462
0.0589035
0.0596381
0.0594756
0.0595816
0.0596577
0.0589866
0.0593416
0.057817
0.0584613
0.0561071
0.0570145
0.0539598
0.0550712
0.0515243
0.0527609
0.0489612
0.050243
0.0464082
0.0476705
0.0439561
0.0451595
0.0416418
0.0427742
0.0394561
0.0405267
0.0373523
0.0383893
0.0352717
0.036306
0.0331662
0.0342169
0.0309566
0.0320696
0.0285673
0.029784
0.0259162
0.0272788
0.0228838
0.0244704
0.021266
0.01237
0.0108094
0.0149006
0.0136888
0.0170652
0.0160162
0.0192246
0.018131
0.0213686
0.020316
0.0231516
0.0223212
0.0241747
0.0237852
0.0238531
0.024224
0.0214452
0.0229536
0.0162933
0.0192399
0.00821331
0.0126039
-0.00219432
0.00323425
-0.0134495
-0.00783879
-0.0231798
-0.0186731
-0.0285975
-0.0265874
-0.0275446
-0.0289543
-0.019654
-0.0243928
-0.00682357
-0.013669
0.00744335
0.000349997
0.0197148
0.0139757
0.0280074
0.0243921
0.0320547
0.0305166
0.0327957
0.0327296
0.0316862
0.0323983
0.0294512
0.0306766
0.0265564
0.0280469
0.0234701
0.0250108
0.0205214
0.0219543
0.0191558
0.0380866
-0.273645
-0.50121
-0.27904
-0.160724
-0.0996663
0.181323
0.156631
0.150576
0.300668
0.321432
0.152791
0.0156695
-0.0203896
0.0646074
0.066017
-0.346533
-0.310698
-0.374914
-0.589872
-0.348838
-0.371466
-0.335784
0.00816608
0.00693006
0.00684347
0.00807886
0.00690261
-0.345583
-0.297557
-0.598863
-0.435974
-0.0446241
0.116212
0.159143
0.111663
0.178105
0.143805
0.193168
0.170226
0.114395
0.120181
0.191664
0.153201
0.166585
0.20781
0.184289
0.202549
0.187072
0.225135
0.208897
0.225909
0.158294
0.230212
0.160043
0.247549
0.255208
0.272991
0.233528
0.303409
0.287006
0.257943
-0.519624
0.166218
0.168957
0.182261
0.266641
0.356905
0.343198
-0.313611
0.512674
0.560911
0.509806
0.557145
0.0109807
0.00950157
0.0145539
0.0127921
0.0184342
0.0165085
0.0224272
0.0204536
0.0262967
0.0243922
0.0298816
0.0281334
0.0330612
0.0315309
0.0357368
0.0344636
0.0378876
0.036878
0.0395704
0.0387777
0.0408904
0.0402662
0.0419608
0.0414473
0.0428935
0.0424358
0.0437852
0.0433374
0.044716
0.0442399
0.04575
0.0452156
0.046935
0.0463203
0.0483047
0.0475947
0.0498738
0.0490639
0.0516307
0.0507305
0.0535297
0.0525664
0.0554884
0.0545077
0.0573929
0.0564549
0.0591115
0.058283
0.0605151
0.059859
0.0615001
0.0610638
0.062006
0.0618133
0.0620263
0.0620735
0.0616117
0.0618665
0.0608649
0.0612701
0.0599279
0.0604084
0.0589697
0.0594384
0.0581764
0.0585388
0.057742
0.0579005
0.0578614
0.0577189
0.0587241
0.0581868
0.0605116
0.0594899
0.0633914
0.0618043
0.0675088
0.0652864
0.0729944
0.0700716
0.080013
0.076299
0.08879
0.0841668
0.099665
0.0939275
0.113434
0.106121
0.130818
0.121694
0.151271
0.140752
0.16154
0.163699
0.158534
0.15982
0.157503
0.157785
0.158668
0.157832
0.162275
0.16016
0.168815
0.16518
0.178942
0.173403
0.193734
0.185723
0.214271
0.203283
0.242198
0.227084
0.280311
0.260008
0.331712
0.303883
0.397557
0.399142
0.363497
0.312277
0.385781
0.382836
0.345737
0.259312
0.284083
0.22033
0.238256
0.192583
0.205174
0.173583
0.18217
0.160775
0.166551
0.152541
0.1562
0.147766
0.149798
0.145717
0.146458
0.145924
0.145582
0.148093
0.146798
0.152101
0.149874
0.157534
0.154651
0.136202
0.155183
0.145718
0.118759
0.127116
0.104474
0.111227
0.093072
0.0984514
0.0840873
0.0883325
0.0769972
0.0803384
0.0714432
0.0740538
0.0670898
0.0691369
0.0636629
0.0652749
0.0609647
0.0622331
0.0588303
0.0598362
0.0571195
0.0579287
0.0557351
0.0563908
0.0546191
0.0551463
0.0537441
0.054153
0.0531062
0.0533966
0.0527146
0.0528807
0.0525823
0.0526177
0.0527176
0.0526189
0.0531185
0.0528881
0.0537658
0.0534159
0.0546173
0.0541718
0.0556068
0.0551018
0.0566441
0.0561277
0.0576167
0.0571476
0.0583951
0.0580397
0.0588433
0.0586697
0.0588369
0.0589053
0.0582824
0.0586341
0.0571418
0.0577876
0.0554474
0.056362
0.053301
0.0544255
0.0508528
0.0521078
0.0482666
0.0495707
0.0456845
0.0469713
0.0432016
0.0444301
0.0408571
0.0420146
0.0386441
0.0397394
0.0365176
0.0375748
0.0344081
0.035458
0.032268
0.0333518
0.0300095
0.0311627
0.0275493
0.0288158
0.0247976
0.0262208
0.0216731
0.0232963
0.0182137
0.0200631
0.0144222
0.0165308
0.0106609
0.00929307
0.0131571
0.0119064
0.0153882
0.0143134
0.0175461
0.0164522
0.019739
0.018641
0.0217441
0.0207773
0.0232085
0.0225659
0.0235846
0.023574
0.0221068
0.0231269
0.0179877
0.0204208
0.0107505
0.0147728
0.000551054
0.00598822
-0.0115394
-0.00536155
-0.0232507
-0.0176245
-0.0313814
-0.0279759
-0.0329387
-0.0331267
-0.0266977
-0.0307836
-0.0141988
-0.0210541
0.000778655
-0.00677593
0.0142087
0.00786334
0.0236087
0.0194591
0.0284938
0.0265705
0.0297926
0.0294753
0.0289814
0.0295692
0.0268965
0.0280533
0.0241361
0.0255518
0.0212367
0.022671
0.0185059
0.0198303
0.016061
0.0172214
0.0139175
0.0150251
0.0207996
0.488625
0.421766
0.457873
0.130227
0.436333
0.499401
0.471418
-0.321186
-0.4959
-0.369528
0.0058233
0.0129068
0.0058262
-0.239156
0.160681
0.161984
-0.454729
-0.479065
-0.42349
-0.388056
-0.55573
-0.387273
0.446548
0.538948
0.214784
0.061787
0.526953
0.435158
-0.0555549
0.0577432
-0.595718
-0.536304
-0.34948
-0.362598
-0.456017
0.172166
0.164141
0.11965
0.209805
0.396003
0.311531
0.304528
0.381516
-0.0882009
-0.364551
-0.409784
0.00488766
-0.532876
0.0120872
-0.570943
0.0107571
0.618944
0.62385
-0.468846
-0.480405
-0.354397
0.494914
0.145771
0.483952
-0.000850586
-0.588586
-0.538302
0.0130187
0.0140338
0.015131
0.0162796
0.0174899
0.018766
0.0200949
0.0214533
0.0227976
0.024064
0.0251685
0.0260125
0.0265118
0.02656
0.0260216
0.0247102
0.0224082
0.0189534
0.0142719
0.00839374
0.00146379
-0.00620889
-0.014157
-0.0218112
-0.02856
-0.0338278
-0.0371616
-0.0383279
-0.0372878
-0.0342438
-0.0295455
-0.0236573
-0.0170799
-0.0102999
-0.00372356
0.00233176
0.00766216
0.0121501
0.0157633
0.0185176
0.020469
0.0217038
0.0223185
0.0224269
0.0221334
0.0215401
0.0207342
0.019793
0.018767
0.0176964
0.0166092
0.0155364
0.0144701
0.0134071
0.0123866
0.0112633
0.0101149
0.00898819
0.00782864
0.00681718
0.00580537
0.00487025
0.00407035
-0.435876
-0.371851
-0.117602
0.36609
0.365803
0.251976
0.1314
0.00977826
0.011528
0.0133159
0.0152094
0.017015
0.0188681
0.0205847
0.022281
0.0238432
0.0253214
0.026701
0.0280035
0.0292399
0.0304171
0.031555
0.0326533
0.0337351
0.0347929
0.0358505
0.0369288
0.0380124
0.0391075
0.0402375
0.0413944
0.0425925
0.0438148
0.0450776
0.0463553
0.0476574
0.0489503
0.0502383
0.051481
0.0526801
0.0537921
0.0548202
0.0557226
0.0565085
0.0571422
0.0576417
0.0579798
0.0581841
0.0582358
0.0581702
0.0579755
0.0576918
0.0573104
0.0568738
0.0563752
0.0558568
0.0553108
0.0547782
0.0542484
0.0537605
0.0533001
0.0529038
0.0525535
0.0522827
0.0520692
0.0519433
0.0518785
0.0519025
0.0519866
0.0521561
0.0523811
0.0526849
0.0530377
0.0534617
0.0539293
0.0544628
0.0550383
0.0556793
0.0563671
0.0571276
0.057947
0.0588549
0.0598432
0.0609463
0.0621606
0.0635242
0.0650349
0.0667362
0.0686296
0.0707712
0.0731671
0.0758899
0.0789502
0.0824477
0.0864064
0.09097
0.0961677
0.102175
0.109002
0.116823
0.125645
0.135504
0.14628
0.157235
0.167764
0.177454
0.172607
0.1681
0.164043
0.16048
0.157402
0.15477
0.152719
0.151244
0.150338
0.150024
0.15031
0.151251
0.152881
0.155272
0.158487
0.162638
0.167828
0.174205
0.181886
0.191073
0.202019
0.214987
0.230098
0.24757
0.267522
0.290879
0.317241
0.346242
0.377459
0.409024
0.437918
0.460585
0.474851
0.476956
0.467625
0.447738
0.420842
0.391546
0.362571
0.335491
0.310981
0.289266
0.269494
0.251483
0.23614
0.222972
0.211618
0.201664
0.193064
0.185805
0.179776
0.174777
0.170728
0.167502
0.165111
0.163452
0.1625
0.162173
0.16251
0.163463
0.165035
0.167228
0.170032
0.173205
0.177019
0.181438
0.186549
0.176221
0.164266
0.151881
0.14009
0.129322
0.119797
0.111461
0.104204
0.0978714
0.092312
0.087413
0.0830525
0.0791663
0.0756851
0.0725933
0.0698377
0.0674157
0.0652895
0.0634653
0.0619071
0.0606232
0.0595745
0.0587706
0.0581672
0.0577745
0.0575452
0.0574878
0.0575533
0.0577493
0.0580249
0.0583873
0.0587842
0.0592235
0.059652
0.0600795
0.0604534
0.0607866
0.0610284
0.0611971
0.0612447
0.0611972
0.0610131
0.0607247
0.0602997
0.0597758
0.0591296
0.0584035
0.0575814
0.0567086
0.0557737
0.0548216
0.0538425
0.052878
0.0519173
0.0509966
0.0501019
0.0492633
0.0484629
0.0477249
0.0470283
0.046392
0.0457928
0.0452457
0.0447267
0.0442479
0.0437849
0.0433472
0.0429088
0.0424742
0.0420178
0.0415435
0.0410243
0.0404599
0.0398234
0.0391134
0.0383046
0.0373963
0.036366
0.0352124
0.0339248
0.0325091
0.0309653
0.0293012
0.0275358
0.0257129
0.0238092
0.021825
0.0198275
0.0177967
0.0158253
0.0138449
0.0120367
0.0102419
0.00860751
0.00718213
0.00594066
0.00488265
0.00406957
0.00344804
0.010236
-0.464882
-0.484813
-0.545869
-0.512057
-0.411906
-0.370081
-0.357004
-0.397423
0.58856
0.458199
0.054642
0.259109
0.444284
0.574283
0.043709
-0.107791
-0.0362781
0.509058
0.173864
0.525135
-0.356923
-0.462447
-0.529931
-0.461985
-0.542619
-0.47749
0.0109875
0.011932
0.0128711
0.0138517
0.0149036
0.0160254
0.0172076
0.018428
0.0196498
0.0208089
0.0218239
0.0225881
0.0229893
0.0228923
0.0221442
0.0205581
0.0179427
0.0141448
0.00909375
0.00282851
-0.00446047
-0.0124285
-0.0205436
-0.0281891
-0.0346975
-0.0394809
-0.0420805
-0.0423271
-0.0402415
-0.036129
-0.0304304
-0.0236938
-0.0164787
-0.00930071
-0.0025702
0.00342356
0.00851556
0.0126427
0.015821
0.018118
0.0196285
0.0204661
0.0207486
0.0205893
0.0200966
0.019358
0.0184586
0.0174603
0.0164162
0.0153541
0.014303
0.013277
0.0122653
0.0112952
0.0103346
0.00934281
0.00836492
0.00741435
0.00642556
0.00556493
0.0047335
0.00397025
0.00334821
0.00293725
0.00727127
0.175803
0.318284
0.186734
0.18069
0.175087
0.170084
0.165709
0.162053
0.159029
0.156726
0.155093
0.154124
0.153846
0.154253
0.155372
0.15726
0.159964
0.163566
0.168145
0.173812
0.180674
0.188864
0.19853
0.209867
0.223007
0.237995
0.255018
0.274434
0.296094
0.320082
0.345466
0.371945
0.398402
0.422084
0.439608
0.44924
0.450652
0.443884
0.429439
0.409164
0.385588
0.360773
0.336741
0.314443
0.293961
0.275233
0.25822
0.243039
0.229698
0.218023
0.20783
0.198978
0.19139
0.184987
0.179656
0.175323
0.171877
0.169284
0.167485
0.16648
0.166168
0.166587
0.167722
0.169576
0.172158
0.175461
0.179268
0.184004
0.189342
0.195455
0.202409
0.194651
0.181718
0.167149
0.152663
0.139328
0.127563
0.117525
0.108993
0.101746
0.0955322
0.0902104
0.0856052
0.0815719
0.0780047
0.0747855
0.0719462
0.0693614
0.0671064
0.0650736
0.0633455
0.0618142
0.0605681
0.0594947
0.0586858
0.0580228
0.0575995
0.0572904
0.0571918
0.0571708
0.0573265
0.0575191
0.0578504
0.0581748
0.058597
0.058967
0.0593929
0.0597229
0.0600692
0.0602805
0.0604743
0.0605028
0.0604903
0.0602935
0.0600469
0.0596128
0.0591346
0.0584808
0.0578018
0.0569725
0.056147
0.0552045
0.0542992
0.0533121
0.0523937
0.0514247
0.0505491
0.0496459
0.0488515
0.0480424
0.0473477
0.0466416
0.0460471
0.0454368
0.044929
0.0443955
0.0439517
0.0434694
0.0430609
0.0426008
0.0421934
0.041708
0.041259
0.0407058
0.0401636
0.0394874
0.0387981
0.0379483
0.0370623
0.0359929
0.0348691
0.0335514
0.032175
0.0306126
0.028998
0.0272224
0.0253645
0.0234081
0.0214488
0.0194647
0.0174322
0.0154191
0.0134219
0.0115175
0.00974667
0.00794882
0.00645203
0.00497054
0.00405187
0.0032119
0.00301277
0.00257616
0.00813887
0.015779
-0.202358
0.445299
0.631776
0.0521855
0.326885
0.6405
0.438898
-0.349047
-0.403768
-0.473439
-0.440821
0.00845949
0.0100137
0.0119128
0.0139215
0.0158779
0.0178184
0.0196614
0.0214175
0.0230493
0.0245765
0.0260133
0.0273513
0.0286342
0.029835
0.0310103
0.0321226
0.0332337
0.034301
0.0353859
0.0364414
0.0375535
0.0386402
0.0397927
0.0409362
0.0421435
0.0433441
0.0446119
0.0458636
0.047166
0.0484302
0.0497163
0.0509309
0.0521295
0.0532174
0.0542492
0.0551338
0.055929
0.0565513
0.0570648
0.0573959
0.0576158
0.0576614
0.0576094
0.0574059
0.0571306
0.0567354
0.0563021
0.0557837
0.0552633
0.054693
0.0541552
0.0535997
0.0531069
0.0526239
0.0522277
0.0518622
0.0516006
0.0513835
0.0512794
0.0512254
0.0512849
0.0513923
0.0516102
0.0518694
0.0522307
0.052624
0.0531096
0.0536182
0.0542108
0.0548211
0.0555117
0.0562211
0.0570139
0.0578346
0.0587496
0.0597108
0.060786
0.0619344
0.063223
0.0646178
0.066185
0.0679023
0.0698367
0.0719831
0.0744119
0.0771448
0.0802676
0.083854
0.0880288
0.0929375
0.0987318
0.105559
0.113551
0.122804
0.13355
0.145654
0.158621
0.171548
0.183579
0.194326
-0.490178
0.789655
0.211728
-0.52242
0.00581916
0.00716258
0.00834843
0.0106579
0.0127352
0.0148947
0.0169618
0.0188987
0.0207186
0.0224226
0.0239959
0.025486
0.0268582
0.0281814
0.0294069
0.030613
0.031742
0.032877
0.0339546
0.035062
0.0361301
0.0372421
0.0383412
0.0394856
0.0406224
0.0418223
0.0430177
0.0442715
0.04551
0.0467928
0.0480382
0.0493023
0.0504968
0.0516755
0.0527464
0.053765
0.0546392
0.0554306
0.0560505
0.0565697
0.0569051
0.057138
0.0571908
0.0571552
0.056957
0.0566973
0.0563047
0.0558824
0.0553627
0.054847
0.0542691
0.0537297
0.0531611
0.0526623
0.052163
0.0517594
0.0513776
0.0511107
0.0508803
0.0507767
0.0507158
0.0507856
0.0508955
0.0511317
0.0514022
0.0517892
0.0522019
0.0527191
0.0532521
0.0538786
0.0545133
0.0552347
0.0559622
0.0567757
0.0576003
0.0585173
0.0594584
0.0605057
0.0615974
0.0628144
0.064101
0.0655367
0.0670748
0.0687944
0.0706631
0.0727651
0.0750962
0.0777653
0.0808288
0.0844545
0.0888288
0.0941994
0.100765
0.108816
0.11859
0.130251
0.143965
0.159428
0.176119
0.192093
0.794082
-0.450309
-0.358529
0.535402
0.242695
0.536103
-0.113256
0.700169
-0.381007
0.203465
0.195944
0.189832
0.184437
0.179873
0.1762
0.173279
0.17118
0.1699
0.169406
0.169689
0.170781
0.172673
0.17541
0.179045
0.183615
0.189189
0.195851
0.203672
0.212731
0.223109
0.234876
0.248191
0.263129
0.279651
0.297495
0.316532
0.336654
0.357504
0.378283
0.397802
0.414292
0.425878
0.431381
0.430359
0.422786
0.408766
0.389378
0.367119
0.344093
0.321365
0.299508
0.279168
0.260536
0.243862
0.229004
0.215822
0.204276
0.19429
0.185746
0.178523
0.172516
0.167602
0.163714
0.160772
0.158697
0.157441
0.156962
0.15725
0.158275
0.160054
0.1626
0.165988
0.170222
0.175336
0.18136
0.188274
0.195853
0.20493
0.00896062
0.00970056
0.0104109
0.0111895
0.0120319
0.012968
0.0139582
0.0150194
0.0160789
0.0171193
0.0180211
0.018728
0.0190728
0.0189437
0.0181183
0.0164523
0.0137195
0.00984157
0.00470682
-0.00159158
-0.00889564
-0.0167891
-0.024759
-0.0321058
-0.0381867
-0.0423835
-0.0442884
-0.0437704
-0.0409409
-0.0361595
-0.0299215
-0.02284
-0.0154746
-0.00835442
-0.00185722
0.00375595
0.00837799
0.0119941
0.0146541
0.016475
0.0175606
0.0180636
0.0180822
0.0177612
0.0171645
0.0164035
0.0155144
0.0145777
0.0136032
0.0126431
0.0116927
0.0107843
0.00989423
0.0090508
0.00823911
0.00743245
0.00663112
0.00586226
0.00506405
0.00434698
0.00367353
0.00309319
0.00256121
0.00219107
0.00299186
0.213297
0.202996
0.187834
0.17051
0.153323
0.13796
0.124976
0.114343
0.105616
0.098406
0.0924368
0.087465
0.0832826
0.0796647
0.0764751
0.0736041
0.071026
0.0686776
0.0665845
0.0646943
0.0630484
0.0615889
0.0603677
0.0593165
0.0584943
0.057821
0.0573616
0.0570238
0.0568772
0.0568211
0.0569261
0.0570851
0.0573695
0.0576667
0.0580497
0.0584016
0.0587981
0.0591199
0.0594469
0.0596594
0.0598438
0.0598821
0.0598708
0.0596947
0.0594576
0.0590519
0.0585895
0.0579692
0.0573108
0.0565176
0.0557151
0.0548087
0.0539265
0.0529729
0.0520757
0.0511359
0.0502784
0.0493992
0.0486191
0.0478288
0.0471448
0.0464526
0.0458662
0.0452649
0.0447624
0.0442337
0.0437924
0.0433109
0.0429011
0.0424295
0.0420098
0.0415143
0.041047
0.0404866
0.0399262
0.0392434
0.0385339
0.037681
0.0367767
0.0357108
0.0345752
0.0332697
0.0318882
0.0303445
0.0287312
0.0269794
0.0251725
0.0232694
0.0213219
0.0193057
0.0172801
0.015237
0.0132558
0.0112377
0.00940558
0.00754076
0.00592129
0.00432343
0.00312233
0.00234656
0.00221621
0.00236985
0.00347152
-0.423147
0.419314
0.157281
0.414232
0.708328
-0.464191
-0.445977
0.235218
-0.0291689
0.00704658
0.0066144
0.00102028
0.00345095
0.00631287
0.00735924
-0.378674
-0.246043
0.0736521
0.531871
0.324173
0.550358
-0.387779
0.211075
0.194674
0.201841
0.183404
0.188536
0.176075
0.179274
0.172389
0.173802
0.172127
0.171854
0.175234
0.173271
0.181859
0.178098
0.192359
0.186609
0.207221
0.199229
0.226979
0.216465
0.25215
0.23888
0.28279
0.266844
0.318034
0.299934
0.355689
0.336764
0.390543
0.373955
0.413467
0.404051
0.416646
0.417734
0.398116
0.410007
0.362686
0.381762
0.321636
0.342289
0.282144
0.30141
0.247846
0.264223
0.219905
0.233105
0.19809
0.208269
0.181879
0.189343
0.170524
0.175655
0.16335
0.166462
0.15982
0.161167
0.159609
0.159323
0.162609
0.160712
0.169058
0.165386
0.179477
0.173745
0.194542
0.186408
0.214598
0.20378
0.000752637
0.00268648
0.00227705
0.0014445
0.00554397
0.0038781
0.00924963
0.00732589
0.0132523
0.011173
0.0172934
0.0152717
0.0212725
0.0193007
0.02509
0.0232159
0.0286121
0.0269038
0.0317359
0.0302354
0.0344037
0.0331356
0.0366036
0.0355678
0.0383723
0.0375447
0.0397848
0.0391244
0.0409347
0.0403937
0.0419091
0.0414431
0.0428027
0.0423652
0.0437043
0.0432542
0.0446783
0.0441849
0.0457776
0.0452157
0.0470433
0.0463942
0.0484944
0.0477524
0.0501189
0.0492942
0.0518695
0.0509904
0.0536635
0.0527754
0.0553895
0.054551
0.0569223
0.0561966
0.0581446
0.0575881
0.0589685
0.0586202
0.0593536
0.0592272
0.0593185
0.0593968
0.0589301
0.0591749
0.0583043
0.0586508
0.057592
0.0579621
0.0569577
0.0572683
0.0565654
0.0567356
0.0565658
0.0565227
0.0570878
0.0567703
0.0582338
0.0575943
0.0600751
0.0590814
0.0626482
0.0612865
0.0659587
0.0642299
0.0700019
0.0679079
0.0748391
0.0723328
0.0807781
0.077653
0.088853
0.0844674
0.101177
0.0943537
0.120794
0.109848
0.152654
0.135
0.193131
0.173093
0.209867
-0.441676
0.217722
0.226038
0.224169
0.00648385
0.00732176
0.00692161
0.00836404
0.00780595
0.00970859
0.00900355
0.0113185
0.0104887
0.013034
0.0121867
0.0144288
0.0138135
0.014672
0.0147742
0.0123861
0.0139433
0.00625379
0.00985814
-0.00424433
0.00153538
-0.018059
-0.0108935
-0.0317472
-0.0252261
-0.040443
-0.0369954
-0.0407373
-0.0417194
-0.0328907
-0.0376874
-0.0201938
-0.0268686
-0.00697897
-0.0134161
0.00361771
-0.0012378
0.0104674
0.00751609
0.0138905
0.0125581
0.0148273
0.0146115
0.0142468
0.0146771
0.012888
0.0136334
0.0112326
0.0120816
0.00956146
0.0103934
0.00802493
0.00877813
0.00664742
0.00732119
0.00541048
0.00603335
0.00421845
0.00480924
0.00308375
0.00360558
0.00220988
0.00259821
0.00146787
0.0019543
0.00306788
-0.00161968
0.00699195
0.00603255
0.0119161
0.00959793
0.0163533
0.0142225
0.0202686
0.018416
0.0236408
0.0220513
0.0265687
0.0251884
0.0291666
0.0279384
0.0315397
0.0304121
0.033782
0.0327088
0.0359729
0.0349179
0.0381786
0.0371091
0.0404634
0.0393532
0.0428404
0.04168
0.0453028
0.0441052
0.0477897
0.0465901
0.0502015
0.0490544
0.0524071
0.0513809
0.054267
0.0534306
0.0556624
0.0550709
0.0565194
0.0562028
0.0568225
0.0567807
0.0566145
0.0568188
0.0559876
0.0563865
0.0550668
0.0555971
0.053986
0.0545801
0.0528799
0.0534707
0.051873
0.0524002
0.0510704
0.0514846
0.0505506
0.0508161
0.050362
0.0504586
0.0505222
0.0504448
0.0510177
0.050777
0.0518155
0.0514303
0.0528731
0.052365
0.0541496
0.0535381
0.0556164
0.0549135
0.0572659
0.0564724
0.0591145
0.0582189
0.0612014
0.0601815
0.0635808
0.0624079
0.0663151
0.0649566
0.0694806
0.0678946
0.0732183
0.0713184
0.0779091
0.0754544
0.0845715
0.0809345
0.0952374
0.0892649
0.113005
0.103005
0.141181
0.125624
0.179814
0.159658
0.200905
0.00387697
-0.00191363
0.207971
0.239904
0.228143
0.158813
0.183751
0.119794
0.13704
0.0971997
0.106711
0.0851341
0.0901363
0.0784688
0.0813017
0.0739981
0.0760118
0.0703775
0.0720556
0.0672181
0.0686898
0.0644208
0.0657188
0.0619475
0.0630889
0.0597605
0.0607648
0.057818
0.058706
0.0560842
0.0568724
0.0545389
0.0552351
0.0531823
0.0537838
0.052035
0.0525291
0.0511324
0.0515
0.0505156
0.0507361
0.0502203
0.0502772
0.0502657
0.0501518
0.0506475
0.0503682
0.0513318
0.0509078
0.052254
0.0517213
0.0533215
0.0527295
0.0544192
0.0538278
0.0554177
0.0548928
0.0561839
0.0557918
0.0565925
0.0563947
0.0565379
0.0565843
0.0559558
0.0562725
0.0548357
0.0554203
0.053221
0.0540445
0.0512074
0.0522167
0.0489214
0.0500507
0.0464959
0.0476796
0.0440416
0.0452278
0.0416358
0.0427903
0.0393151
0.0404266
0.0370727
0.0381464
0.0348702
0.0359298
0.0326501
0.033726
0.0303363
0.0314692
0.0278397
0.0290763
0.0250591
0.0264516
0.02188
0.0234871
0.0181797
0.020062
0.0138501
0.0160605
0.00888535
0.0114576
0.00521331
0.00650833
0.00238386
-0.00152633
0.000720942
0.00103303
0.000996998
0.00120827
0.00150557
0.00184699
0.00218392
0.00258527
0.00295642
0.00334642
0.00374634
0.00413704
0.00460597
0.00507535
0.00559626
0.00614282
0.00673674
0.00732258
0.00791425
0.00849645
0.00905097
0.0095482
0.00993868
0.0101652
0.0101468
0.00979333
0.00900173
0.0076647
0.00567391
0.00295325
-0.000535927
-0.00475128
-0.00956803
-0.0147505
-0.0199598
-0.0247683
-0.0287012
-0.031338
-0.0323728
-0.0317272
-0.0292855
-0.0254167
-0.0205072
-0.0151
-0.00967636
-0.00464501
-0.000278258
0.00328712
0.00599015
0.00786595
0.00899166
0.00950539
0.00955506
0.0093004
0.00885605
0.0083112
0.00772044
0.00713212
0.00657428
0.00606682
0.00561642
0.0052273
0.00490474
0.00467131
0.00452815
0.00464684
0.00445401
0.00488694
0.237298
0.00354866
0.236095
0.217559
0.227847
0.174516
0.198944
0.130785
0.150322
0.104786
0.115568
0.0905608
0.0963997
0.0822099
0.0856824
0.0763636
0.0788929
0.0715632
0.0736765
0.0674167
0.0692302
0.0638921
0.0654
0.0610339
0.0622113
0.0588712
0.0597064
0.0573973
0.0578978
0.0565677
0.0567597
0.0563031
0.0562299
0.0564931
0.056213
0.0570011
0.0565849
0.057672
0.0571985
0.0583434
0.0578931
0.0588597
0.058508
0.0590824
0.0588961
0.0589286
0.0589423
0.0583496
0.0585806
0.0573578
0.0577931
0.0560152
0.0566178
0.054422
0.0551381
0.052697
0.0534659
0.0509565
0.0517213
0.0492951
0.0500117
0.0477773
0.0484177
0.0464332
0.0469862
0.0452607
0.0457309
0.0442291
0.044634
0.043293
0.0436566
0.0423911
0.0427462
0.0414464
0.0418327
0.0403744
0.0408358
0.0390873
0.0396681
0.0374904
0.0382368
0.0355038
0.0364526
0.0330745
0.0342481
0.0301907
0.0315891
0.0268897
0.0284884
0.0232498
0.0250049
0.0193756
0.0212344
0.0153712
0.0172849
0.0113271
0.0132577
0.00729526
0.00922257
0.0034815
0.00530954
0.000700635
0.00175118
0.0022402
-0.00186125
-7.40063e-05
0.210134
0.223557
0.189864
0.199072
0.176081
0.18228
0.167229
0.171124
0.162312
0.164321
0.160867
0.161175
0.162789
0.161407
0.168265
0.165068
0.17771
0.172465
0.191692
0.184101
0.210862
0.200598
0.23574
0.222575
0.266503
0.250404
0.302456
0.283938
0.341016
0.321663
0.376903
0.359734
0.401926
0.391316
0.409105
0.407927
0.397197
0.405382
0.370353
0.385152
0.336397
0.353802
0.301481
0.318779
0.269127
0.284842
0.241381
0.254612
0.218876
0.229491
0.201395
0.209534
0.188551
0.194435
0.179844
0.183714
0.174892
0.176923
0.173461
0.17375
0.175535
0.174058
0.181372
0.177963
0.191562
0.18588
0.207249
0.198625
0.218149
-0.454374
-0.130462
-0.424106
0.269301
-0.675314
-0.413256
-0.594404
-0.435808
-0.434285
-0.443048
0.691105
0.818142
0.892464
0.822552
0.676705
-0.489037
-0.522462
-0.620131
-0.632145
-0.868582
-0.396561
0.0282064
-0.16254
0.0556354
0.246694
0.220822
0.189362
0.159054
0.134406
0.115648
0.101883
0.0921755
0.0855682
0.0811173
0.0780342
0.0757294
0.073849
0.0721724
0.0706023
0.0690879
0.0676227
0.0662056
0.0648452
0.0635466
0.0623131
0.0611467
0.0600442
0.0590057
0.058024
0.0570998
0.056225
0.0554023
0.0546243
0.0538971
0.0532144
0.052586
0.0520067
0.0514892
0.051029
0.0506407
0.050319
0.0500792
0.0499139
0.0498379
0.0498404
0.0499346
0.0501052
0.0503629
0.0506876
0.0510872
0.0515368
0.0520417
0.0525728
0.0531333
0.0536909
0.0542472
0.0547681
0.055255
0.0556733
0.0560252
0.0562777
0.0564343
0.0564657
0.0563812
0.0561555
0.055805
0.0553099
0.0546946
0.0539476
0.0530983
0.0521413
0.0511102
0.050003
0.0488546
0.0476631
0.0464619
0.0452444
0.0440385
0.0428347
0.0416599
0.0404977
0.0393666
0.0382429
0.0371431
0.0360446
0.0349587
0.0338586
0.0327541
0.0316161
0.0304541
0.0292362
0.0279707
0.0266239
0.025202
0.0236699
0.0220314
0.0202493
0.0183246
0.0162165
0.0139244
0.0115422
0.00882437
0.0060291
0.00340099
-0.000220791
0.00128452
0.0141572
0.00284443
0.00123056
0.000905937
0.000349892
0.000323586
0.000412136
0.000524248
0.000630385
0.000766227
0.000892295
0.00103164
0.00117031
0.00125661
0.00155482
0.00169527
0.00193429
0.00214225
0.00246219
0.00271135
0.00300513
0.00333127
0.00366031
0.0039741
0.00424391
0.00444335
0.00453106
0.00447159
0.00420673
0.00368602
0.00284578
0.00163912
3.74553e-05
-0.00193814
-0.00423076
-0.00675227
-0.00934206
-0.0117842
-0.0138408
-0.0152668
-0.0158563
-0.0159714
-0.0147848
-0.0128848
-0.010496
-0.00787014
-0.00522153
-0.00276939
-0.000638919
0.00110339
0.00243296
0.00336164
0.0039179
0.00415361
0.00413909
0.00396468
0.00370119
0.00340653
0.00311231
0.00284218
0.00259876
0.00238681
0.00220121
0.00204282
0.00191205
0.00183945
0.00191296
0.00211647
0.00265558
0.00404242
0.00780843
0.0148909
0.0121837
0.275864
0.250715
0.23054
0.206687
0.177472
0.1495
0.127896
0.111631
0.100347
0.0918664
0.0864267
0.0820648
0.0792245
0.0764178
0.0743779
0.0720216
0.0702169
0.0680547
0.0664242
0.064483
0.063091
0.0614373
0.0603424
0.0590185
0.0582492
0.0572677
0.0568244
0.0561726
0.0560329
0.0556775
0.0557998
0.0556903
0.0560171
0.0560883
0.0565492
0.0567258
0.0572421
0.0574431
0.0579342
0.0580808
0.0584718
0.0584966
0.0587317
0.058574
0.0586054
0.0582433
0.05806
0.0574914
0.0571056
0.0563553
0.0558035
0.0549167
0.0542517
0.0532852
0.0525664
0.0515784
0.0508613
0.0499026
0.0492325
0.0483389
0.0477436
0.046934
0.0464243
0.0457015
0.0452734
0.044624
0.0442584
0.0436604
0.043334
0.0427618
0.0424425
0.0418604
0.0415088
0.0408742
0.0404459
0.0397134
0.0391627
0.0382872
0.0375701
0.0365101
0.0355902
0.034316
0.0331727
0.0316736
0.0303084
0.0285972
0.0270346
0.0251455
0.0234287
0.0214124
0.0195954
0.0175071
0.0156376
0.0135241
0.0116293
0.00950956
0.00761397
0.00567392
0.003651
0.00167559
-6.6194e-05
-0.00256273
0.000733507
-0.000905733
0.00988206
0.325411
0.255276
0.232963
0.214556
0.201624
0.191618
0.183649
0.177232
0.172118
0.168125
0.165149
0.163106
0.161946
0.16164
0.162189
0.163603
0.165919
0.169175
0.173432
0.17875
0.185209
0.192879
0.201847
0.212173
0.22392
0.237107
0.251734
0.267726
0.284934
0.303076
0.321735
0.34036
0.358206
0.3744
0.387946
0.397964
0.403721
0.404976
0.401746
0.394386
0.383417
0.369577
0.353654
0.336599
0.319204
0.302057
0.285612
0.270135
0.255744
0.242551
0.230627
0.219988
0.210616
0.202441
0.195418
0.189486
0.184599
0.180697
0.177743
0.175696
0.174539
0.174262
0.17488
0.176413
0.178917
0.182467
0.1872
0.193284
0.200992
0.211023
0.223589
0.330098
-0.360094
-0.0908128
0.0828471
-0.209666
-0.0402111
-0.0459274
0.0746626
-0.002887
0.0394878
0.0483634
0.00551808
0.0351674
0.0532057
0.0505439
0.0275424
0.098277
0.0246493
-0.240137
0.82314
5.42486e-05
)
;

boundaryField
{
    frontandback
    {
        type            empty;
    }
    walls
    {
        type            zeroGradient;
    }
    diamond
    {
        type            zeroGradient;
    }
    inlet
    {
        type            zeroGradient;
    }
    outlet
    {
        type            fixedValue;
        value           uniform 0;
    }
}


// ************************************************************************* //
