/*--------------------------------*- C++ -*----------------------------------*\
  =========                 |
  \\      /  F ield         | OpenFOAM: The Open Source CFD Toolbox
   \\    /   O peration     | Website:  https://openfoam.org
    \\  /    A nd           | Version:  10
     \\/     M anipulation  |
\*---------------------------------------------------------------------------*/
FoamFile
{
    format      ascii;
    class       volScalarField;
    location    "11.5";
    object      p;
}
// * * * * * * * * * * * * * * * * * * * * * * * * * * * * * * * * * * * * * //

dimensions      [0 2 -2 0 0 0 0];

internalField   nonuniform List<scalar> 
8711
(
-0.00254191
-0.00256013
-0.00206276
-0.0763331
-0.0824863
-0.0921658
0.0425566
0.0442449
0.707273
0.703396
0.507993
0.277058
0.0740325
0.0700988
-0.0194868
-0.0072021
-0.102
-0.108899
-0.119318
0.000536168
0.00040041
-0.000639554
-0.000379063
-0.00190354
-0.186412
-0.137198
-0.214393
-0.261741
-0.00473472
-0.00436195
-0.00344512
-0.390645
-0.437957
-0.284703
-0.310849
0.172108
0.162901
0.146478
0.153786
0.145977
0.190643
0.164772
-0.301543
-0.310429
0.328527
0.214495
-0.371371
-0.377561
-0.378131
0.00329491
0.0026899
0.00283695
0.00331319
-0.0178243
-0.0104861
-0.00309346
0.0563649
0.0539557
0.0649235
0.0633248
0.018393
0.0191721
0.0209154
0.0199978
0.0578914
0.0541526
0.0429535
-0.0011617
-0.00122365
-0.000486063
0.0239158
0.0245659
0.0256071
0.0246624
0.0377523
0.0376682
0.0292856
0.0293124
-0.00121948
0.0083427
0.0090441
0.0137552
0.0132422
-0.00170769
-0.00169968
-0.00161139
0.0861805
0.0802745
0.0906231
0.0971596
0.00212502
-0.0037801
0.00578137
-0.0101942
-0.00189179
0.0492822
0.06722
0.0675693
0.0524521
0.0281528
0.0285385
0.363593
0.35722
0.0688216
0.0661236
0.0634439
0.0605749
0.0577447
0.0545397
0.0512571
0.047957
0.0446143
0.0413727
0.0383086
0.0353968
0.0326991
0.0302884
0.0282013
0.0295526
0.0263262
0.0275091
0.0343016
0.0317935
0.0398555
0.0369862
0.0458052
0.0427656
0.0519196
0.0488518
0.05746
0.0547192
0.0620318
0.05973
0.0652158
0.0638931
0.0650987
0.0677811
0.0711107
0.060716
0.0642546
0.053387
0.0571063
0.0459412
0.0495693
0.0390127
0.0424611
0.0333019
0.0360018
0.0285431
0.0307491
0.0249586
0.026638
0.0234482
0.0702855
0.0230904
0.0262838
0.0222321
0.0636948
0.0764434
0.030392
0.0282558
0.035087
0.0326594
0.0402873
0.0376202
0.0457137
0.0429718
0.0510569
0.0484063
0.0558124
0.0536301
0.0595583
0.0578834
0.061085
0.0607874
0.0592886
0.0607481
0.0217649
0.0211774
0.0774909
0.0816199
0.0690072
0.073301
0.0600583
0.0645421
0.0514642
0.0556793
0.0433097
0.047297
0.0364297
0.0398638
0.0307945
0.0333175
0.0268592
0.0287749
0.0238541
0.0252361
0.021496
0.022503
0.0228483
0.0224233
0.0728155
0.0205698
0.0527251
0.0639389
0.0444001
0.0407848
0.0216856
0.0210146
0.0234798
0.0837774
0.0908639
0.0264686
0.0245579
0.030445
0.0282704
0.0348611
0.0325979
0.0395745
0.037182
0.0442988
0.0420023
0.0489315
0.0466742
0.0530497
0.0510695
0.0558411
0.0547222
0.0565965
0.056795
0.0530719
0.0557176
0.0489568
0.0208616
0.019996
0.0891492
0.0948191
0.0974497
0.0936462
0.0792903
0.0841614
0.0689947
0.0744044
0.0584245
0.0636598
0.0487482
0.0534238
0.0405686
0.0446921
0.0339983
0.0370688
0.0288043
0.0312834
0.0254484
0.0269946
0.0229115
0.0241367
0.0218504
0.0206809
0.021013
0.0197584
0.0202878
0.0747485
0.0503407
0.0396431
0.0358526
0.0320939
0.0226022
0.0192677
0.0866587
0.0630648
0.0950366
0.0993253
0.0961046
0.0972656
0.0467949
0.021457
0.0323328
0.0125775
0.00609009
0.00209078
0.0258816
0.0242438
0.0295714
0.0275771
0.0335947
0.0315409
0.0378058
0.0356772
0.0420133
0.0399269
0.0458412
0.0439912
0.0493636
0.0477377
0.0514964
0.050618
0.0515842
0.0518785
0.04712
0.0501882
0.0380194
0.0431782
0.0238151
0.0316467
0.0155799
0.0879506
0.0918428
0.0783202
0.0833153
0.0669375
0.0726411
0.0555582
0.0613607
0.0459076
0.0504982
0.0379711
0.0419067
0.0317804
0.034632
0.0273462
0.0293772
0.0244396
0.0257868
0.0222192
0.0232759
0.0203125
0.0212131
0.0187582
0.0195018
0.0198964
0.0192819
0.0197226
0.019905
0.0190318
0.0194215
0.0180744
0.0185931
0.0759409
0.0997984
0.095263
0.01816
0.0174561
0.0888576
0.0603249
-0.00234336
-0.0147343
0.0982858
0.0439551
0.0236409
0.00192123
0.0214932
0.0200642
0.024845
0.0231269
0.0282189
0.0264461
0.0317794
0.0299585
0.0354774
0.0336166
0.0391362
0.037322
0.0424583
0.040848
0.0452463
0.0439534
0.0467592
0.0461894
0.0461033
0.0467592
0.0416641
0.0444047
0.0322658
0.0376531
0.0178237
0.025537
0.00924755
0.0863844
0.0829946
0.0749058
0.0812322
0.0884162
0.0884771
0.0831255
0.0863191
0.0739776
0.0790113
0.0630823
0.0686409
0.0523399
0.0576358
0.0431795
0.0475649
0.0357685
0.0392082
0.0302454
0.0327893
0.0263892
0.0281608
0.0236905
0.024955
0.0216186
0.022589
0.0197697
0.0206545
0.0189134
0.0176566
0.0186645
0.0183109
0.0187362
0.0187974
0.0182816
0.0185596
0.0174255
0.017915
0.0167962
0.0760752
0.0173574
0.0168475
0.0661887
0.0182204
0.0897887
0.0589658
0.0971844
0.0386552
0.0153606
0.0923641
0.0153435
0.0786901
-0.00570491
0.0164058
0.0160436
0.020457
0.0190684
0.0234241
0.0218848
0.0265321
0.0249536
0.0296664
0.0280667
0.0328834
0.0312708
0.036017
0.0344685
0.0388384
0.0374762
0.0410285
0.0400338
0.0420056
0.0417004
0.0408444
0.0417376
0.0364897
0.0390789
0.0274048
0.0326514
0.0136574
0.021166
-0.0043335
0.0053335
-0.0238552
-0.0137984
0.0663565
0.0610869
0.0759419
0.0709775
0.0796003
0.078824
0.0759445
0.078424
0.0681235
0.0730374
0.0585246
0.063382
0.0490366
0.0536983
0.040747
0.0447185
0.0341662
0.0373538
0.0292044
0.0314955
0.0256806
0.0273105
0.0230953
0.0243055
0.0209961
0.0220147
0.0191617
0.0200841
0.0174916
0.0182978
0.0167509
-0.0282072
-0.0326468
0.0167046
0.0150115
0.0158904
0.0175016
0.0171617
0.0177542
0.0177029
0.0174854
0.0176707
0.0167253
0.0171892
0.0161057
0.0754531
0.0894001
0.056166
0.0147082
0.0152657
0.0140539
0.0934579
0.0337311
0.0848636
0.0104402
0.0653166
-0.0106205
0.0454251
-0.0382285
-0.0297715
0.0147904
0.0140801
-0.0514806
0.0171189
0.0160645
0.0193501
0.0182408
0.0218976
0.0206161
0.0246832
0.0233364
0.027442
0.0260463
0.030225
0.0288366
0.0328805
0.0315756
0.0352051
0.0340944
0.0368654
0.036136
0.0373438
0.0372805
0.0358226
0.0368651
0.0314709
0.0340197
0.0231168
0.0278198
0.0103287
0.0172148
-0.00572092
0.00239754
-0.0245794
-0.0146783
-0.0395785
-0.0329646
-0.0408208
-0.0470967
-0.044286
0.0554087
0.0326323
0.0468057
0.0640513
0.0600084
0.0692004
0.0672538
0.0674147
0.0694053
0.0615563
0.0648108
0.0537318
0.0577462
0.0457237
0.0496791
0.0385838
0.0419997
0.0327789
0.035537
0.0283183
0.0304007
0.0250056
0.0265531
0.0224601
0.023664
0.0203574
0.0213656
0.0185032
0.019409
0.0168084
0.017653
0.0160195
0.0154719
0.0148168
0.0163697
0.0159841
0.0167862
0.0166433
0.0166998
0.0168004
0.0159826
0.0164347
0.0153912
0.0740849
0.0141993
0.0144835
0.0134827
0.0864451
0.0531384
0.086632
0.0293471
0.0735965
0.0066809
0.054242
0.0136438
0.0244408
-0.0167145
-0.0329081
-0.0425421
-0.0504571
-0.0485236
-0.0512319
-0.0527511
0.0161771
0.0152135
0.0181543
0.0171057
0.0204333
0.0192639
0.0228152
0.0216248
0.0252247
0.0240178
0.0276117
0.0264266
0.0298399
0.0287529
0.0317105
0.0308303
0.0329118
0.0324104
0.0329779
0.0331101
0.0312338
0.0323554
0.0269701
0.029437
0.0193453
0.0235875
0.00792423
0.0140489
-0.00637285
0.000976393
-0.0232995
-0.0146322
-0.0378564
-0.0311929
-0.0436672
0.0202394
-0.00935387
-0.0172801
0.00305852
0.0436531
0.0340921
0.0525808
0.0491475
0.0586981
0.056453
0.0589445
0.0598525
0.0548056
0.0571136
0.0488529
0.0519729
0.0423608
0.045597
0.0363693
0.0392697
0.0313387
0.033739
0.0273287
0.0292217
0.0242071
0.0256797
0.0217194
0.0229031
0.0196325
0.0206341
0.0178026
0.0186796
0.0161163
0.0169065
0.0152823
0.01334
0.0123942
0.012914
0.0143984
0.0139212
0.0152968
0.0148588
0.01585
0.0156273
0.0158914
0.0159409
0.0152201
0.0156501
0.0139578
0.0146323
0.0127301
0.0131719
0.0718321
0.0810084
0.0490578
0.076541
0.0248228
0.0119923
0.0121293
0.011405
0.058955
0.0335847
-0.000624189
-0.0416471
-0.0370583
0.000660453
-0.0196524
-0.0336925
-0.044718
-0.0487114
0.0118962
-0.0543933
-0.0540175
-0.0566391
0.0115804
0.0111426
0.0134251
0.0126478
0.0151745
0.0142951
0.0169163
0.0160453
0.0189279
0.0179122
0.0209862
0.0199565
0.0230675
0.0220302
0.0250907
0.0240919
0.0269278
0.0260399
0.028384
0.0277135
0.0291716
0.0288749
0.0288766
0.0291777
0.0269538
0.0281353
0.0228055
0.0251735
0.0158042
0.0196615
0.00570247
0.0110907
-0.00694556
-0.000367338
-0.0219161
-0.0143452
-0.0356224
-0.0292765
-0.0461205
-0.0411564
-0.0545837
-0.0505053
-0.023999
-0.0709708
-0.0711871
-0.0457966
0.00981882
-0.0055443
0.0320945
0.0224652
0.0427378
0.0383537
0.0491374
0.04662
0.0505792
0.0504373
0.0481766
0.0496618
0.0439018
0.0461882
0.0388676
0.0414128
0.0339711
0.0363684
0.0296768
0.0317439
0.026112
0.0278127
0.0232162
0.0245951
0.020835
0.0219757
0.0188011
0.0197842
0.0170091
0.0178631
0.0153348
0.0161293
0.0136404
0.0145127
0.012863
0.0125895
0.012125
0.0134707
0.0130789
0.0142966
0.0138632
0.0149445
0.0146654
0.01508
0.0150916
0.0144589
0.0148679
0.0132574
0.0138895
0.0125541
0.0675326
-0.0585267
-0.058527
-0.0616039
0.0722386
0.0432517
0.0113405
0.0107204
0.0615167
0.0397454
0.00757373
-0.0316188
-0.0704088
-0.10018
-0.10456
-0.00502342
-0.0226299
-0.0354939
-0.0434544
-0.049712
-0.055665
0.0108252
0.01026
0.0112558
0.0108043
0.0115215
0.0108202
0.0179667
0.0126168
0.0119548
0.0140791
0.0133671
0.0157233
0.0148964
0.0174423
0.0165735
0.0192194
0.0183312
0.0209938
0.0201122
0.0226831
0.0218546
0.0241624
0.0234561
0.0252452
0.0247624
0.0256679
0.0255508
0.0250668
0.0255093
0.022999
0.024228
0.0189768
0.021243
0.0125206
0.0160473
0.00353682
0.00830152
-0.00766109
-0.00180857
-0.0207556
-0.014104
-0.0336222
-0.0275117
-0.0439711
-0.0391243
-0.0537422
-0.0489012
-0.0622968
-0.0636815
-0.0584232
-0.0717271
-0.132601
-0.123742
-0.096437
-0.0296554
-0.0494491
0.00108852
-0.0129507
0.0216955
0.0126279
0.0336203
0.02839
0.0402868
0.0374518
0.0427987
0.04199
0.0418781
0.0426373
0.0390272
0.0406066
0.0352678
0.0372016
0.0313663
0.0333015
0.0277731
0.0295206
0.0246619
0.0261606
0.0220353
0.023297
0.0198097
0.0208836
0.0178738
0.0188159
0.0161161
0.016988
0.0145234
0.0153028
0.012978
0.0137439
0.0122358
0.0117953
0.0113668
0.012611
0.012234
0.0133807
0.0129838
0.0140684
0.0137559
0.0142818
0.0142585
0.0137072
0.0140922
0.0126009
0.0131982
0.0119301
0.0601662
0.0101178
0.0584448
0.041288
0.0128183
-0.0261421
-0.0688119
-0.109164
-0.0111342
-0.0251747
-0.0348125
-0.0434701
-0.14218
-0.152497
-0.167452
-0.0501307
-0.0587214
-0.0705125
0.00985384
0.0340554
-0.0673725
0.00949492
0.00845859
0.0105395
0.0100271
0.0118023
0.0111537
0.0130648
0.0124517
0.0145038
0.0137803
0.0159964
0.0152485
0.0175181
0.0167588
0.019011
0.0182727
0.020394
0.0197213
0.0215465
0.0210054
0.0222935
0.0219786
0.022395
0.0224348
0.0215344
0.0220957
0.0193455
0.0206144
0.0154353
0.017612
0.00944281
0.0126904
0.00133784
0.0056204
-0.00866622
-0.00345259
-0.0201613
-0.0142959
-0.0320107
-0.0261761
-0.042312
-0.0374294
-0.0528702
-0.0474855
-0.0649713
-0.058664
-0.0786342
-0.0801422
-0.0718159
-0.11557
-0.18129
-0.162578
-0.139063
-0.0713073
-0.0927803
-0.0341986
-0.0518241
-0.00633218
-0.0189182
0.0127711
0.00453344
0.0253466
0.0199358
0.0323397
0.0292927
0.0356872
0.0344023
0.0359538
0.0361097
0.0342895
0.0352798
0.0316224
0.0330282
0.0286111
0.0301272
0.0256773
0.0271204
0.0230221
0.0243132
0.020696
0.0218222
0.0186663
0.0196508
0.0168606
0.0177417
0.015216
0.0160196
0.0136631
0.014445
0.0122747
0.0129926
0.0108647
0.0115778
0.00954281
0.0102299
0.0101229
0.00956399
0.0109989
0.0106113
0.0117565
0.011411
0.0125067
0.0121238
0.013219
0.012886
0.0134996
0.013442
0.013002
0.0133463
0.0119442
0.0125197
0.010697
0.0113084
0.00950583
0.0100832
0.00895028
0.0484032
0.0389956
0.0146356
-0.021573
-0.0661413
-0.111942
-0.0177903
-0.0276323
-0.0357815
-0.152085
-0.182649
-0.202022
-0.0431119
-0.0519597
-0.0621369
-0.185119
-0.208785
-0.0751751
-0.0898282
-0.0887539
0.00763656
0.0078414
0.00844529
0.00807587
0.0215499
0.00812201
-0.00199464
0.0097753
0.00918598
0.0109401
0.0103886
0.012091
0.0115159
0.0133166
0.0127055
0.0145959
0.0139571
0.0158827
0.0152436
0.0171172
0.0165108
0.0182189
0.0176892
0.0190729
0.0186825
0.0195173
0.0193532
0.0193354
0.0195128
0.0182535
0.0189151
0.0159653
0.0172661
0.0121524
0.0142524
0.00654824
0.00956401
-0.000866484
0.00304183
-0.00993764
-0.00522421
-0.0202697
-0.0149943
-0.0310557
-0.0256799
-0.0411546
-0.0362133
-0.0519705
-0.0464022
-0.0648551
-0.0581878
-0.0801433
-0.0720548
-0.100955
-0.0991995
-0.0892145
-0.146517
-0.205298
-0.18093
-0.16464
-0.107651
-0.127203
-0.0696764
-0.0885906
-0.0372
-0.0526984
-0.0121772
-0.0238556
0.00574471
-0.00241176
0.0179308
0.0124418
0.0252818
0.0220512
0.0292409
0.0276092
0.0304337
0.0301065
0.0297513
0.0302525
0.0280091
0.0289643
0.0257812
0.0269247
0.0234561
0.0246147
0.0212468
0.0223318
0.0192366
0.0202176
0.0174289
0.0183108
0.0157854
0.016589
0.0142704
0.0150107
0.0128608
0.0135434
0.0115546
0.012189
0.0102438
0.0108886
0.00902656
0.00959831
0.00851779
0.00942169
0.00888001
0.0102458
0.00988355
0.0109573
0.010624
0.0116714
0.0113026
0.0123936
0.0120488
0.0127317
0.0126415
0.0122996
0.0126139
0.0112942
0.0118413
0.010088
0.0106943
0.00898139
0.00950513
0.00851814
0.0318696
0.0134734
-0.0194206
-0.0632574
-0.113176
-0.0265298
-0.0316321
-0.160602
-0.198803
-0.224734
-0.036356
-0.0441164
-0.0545306
-0.236054
-0.0687293
-0.234569
-0.085197
-0.19419
-0.222263
-0.100867
-0.110088
-0.113552
0.0070416
0.00734272
0.00786337
0.00762126
0.00446476
0.00731827
0.00776747
0.00753891
-0.0157279
0.0090039
0.00842045
0.010065
0.00960202
0.0111163
0.0105984
0.0121637
0.0116424
0.0132432
0.012705
0.0143118
0.0137838
0.0153068
0.0148224
0.0161493
0.0157511
0.0167305
0.0164775
0.0169016
0.0168732
0.0164685
0.0167672
0.0151958
0.0159432
0.0128265
0.0141522
0.00910238
0.0111343
0.00382742
0.00664847
-0.0030155
0.000582424
-0.011321
-0.00701008
-0.0207896
-0.0159503
-0.0307457
-0.0257618
-0.0405935
-0.0356667
-0.0512355
-0.0457799
-0.0639521
-0.0573513
-0.0789637
-0.0712606
-0.0961186
-0.0872804
-0.121654
-0.115224
-0.105402
-0.160458
-0.204844
-0.179246
-0.170944
-0.132611
-0.147464
-0.0999283
-0.117032
-0.0673312
-0.083514
-0.0392897
-0.0527665
-0.0169595
-0.0274776
-0.000252708
-0.00798617
0.0114718
0.00612481
0.0190263
0.0156635
0.0234266
0.0215424
0.0253313
0.0246257
0.0254527
0.0255508
0.024487
0.0250613
0.022941
0.0237569
0.0211693
0.0220662
0.0193861
0.0202716
0.0176947
0.0185273
0.016124
0.0168956
0.0146627
0.0153808
0.0132962
0.0139667
0.0120209
0.0126426
0.0108157
0.0113872
0.00960118
0.0101943
0.00844064
0.0089913
0.00806745
0.00874001
0.00824107
0.00955434
0.00918097
0.0102224
0.00991083
0.0108834
0.0105405
0.0115941
0.0112479
0.0119728
0.0118573
0.0116047
0.0118864
0.0106522
0.0111743
0.00952483
0.0100888
0.00851479
0.00901173
0.00808018
0.00973303
0.00684668
-0.0185842
-0.0605784
-0.112503
-0.0375647
-0.166392
-0.213863
-0.248325
-0.0369452
-0.0393034
-0.0471144
-0.267044
-0.0610152
-0.268415
-0.079037
-0.256853
-0.0985275
-0.236487
-0.115134
-0.185032
-0.212278
-0.127232
-0.125477
-0.13345
0.00643066
0.0070141
-0.017041
0.00643516
0.00705455
-0.0330019
0.00728365
0.00634557
0.00680961
0.00825029
0.00777301
0.00922461
0.00878905
0.0101477
0.00970295
0.0110399
0.0105975
0.0119363
0.0114915
0.0128011
0.0123768
0.0135735
0.0132024
0.0141765
0.0138997
0.014508
0.0143804
0.0144319
0.0145259
0.0137758
0.0141816
0.0123368
0.0131585
0.00989937
0.0112453
0.00625374
0.00822638
0.00125315
0.00391298
-0.00511415
-0.00177616
-0.0127688
-0.00880012
-0.0215011
-0.0170333
-0.0307857
-0.026114
-0.0403358
-0.0355071
-0.0506936
-0.0453921
-0.0626098
-0.0564695
-0.0768085
-0.0695936
-0.0922957
-0.0844217
-0.108503
-0.100259
-0.135004
-0.1268
-0.117453
-0.132798
-0.158756
-0.187458
-0.163971
-0.162731
-0.143114
-0.151997
-0.12043
-0.133163
-0.0926582
-0.107279
-0.0652007
-0.0787035
-0.0408181
-0.0526004
-0.0207938
-0.0302794
-0.0053275
-0.0125507
0.00588511
0.000727023
0.0134812
0.0100547
0.0181923
0.0161255
0.0206386
0.0196409
0.0214103
0.0211789
0.0210934
0.0213471
0.0201373
0.0206674
0.0188637
0.0195229
0.0174805
0.0181767
0.0161023
0.0167873
0.0147751
0.015432
0.0135076
0.0141341
0.0123018
0.0128961
0.0111613
0.0117217
0.010043
0.0105881
0.00897852
0.00949693
0.0079513
0.00840037
0.00748929
0.00638627
0.00726648
0.00683893
0.00812891
0.00768414
0.00892595
0.00855289
0.00955057
0.00926352
0.0101477
0.00983697
0.0108253
0.0104895
0.011224
0.0110923
0.0109182
0.0111652
0.0100258
0.0105193
0.00897623
0.00949742
0.00801695
0.00848327
0.00753962
-0.0181978
0.00591732
0.00593789
-0.0573833
-0.109194
-0.0537146
-0.167908
-0.224576
-0.2702
-0.0508186
-0.0450836
-0.0458585
-0.298824
-0.054844
-0.30688
-0.0718442
-0.296773
-0.093824
-0.274219
-0.114754
-0.246398
-0.13124
-0.216007
-0.141663
-0.163572
-0.187361
-0.144914
-0.14291
-0.132959
-0.124048
-0.122909
0.00546309
0.00585376
-0.0434447
-0.145769
-0.144738
0.00670688
0.00626141
0.00757814
0.00714438
0.0084071
0.0080011
0.00919424
0.00880816
0.00994516
0.00957412
0.0106722
0.0103136
0.0113464
0.011019
0.011911
0.0116454
0.0122922
0.0121275
0.0123947
0.0123819
0.0120951
0.0122992
0.0112405
0.0117412
0.0096567
0.0105428
0.00716253
0.00852459
0.00358788
0.00550795
-0.00118021
0.00134396
-0.00715118
-0.0040296
-0.014261
-0.0105804
-0.0223457
-0.0182087
-0.0310328
-0.0266396
-0.0401951
-0.0355433
-0.0501519
-0.0450606
-0.0613017
-0.0555785
-0.0740129
-0.0675855
-0.0881403
-0.0809941
-0.102168
-0.0952767
-0.11435
-0.108932
-0.118788
-0.141554
-0.14467
-0.128706
-0.136272
-0.109829
-0.120412
-0.0863714
-0.0983183
-0.0631348
-0.0746181
-0.0418326
-0.0521763
-0.0238412
-0.0324149
-0.0095889
-0.0162903
0.00106791
-0.00387352
0.00857696
0.0051512
0.0134868
0.0112947
0.0163373
0.015118
0.0176282
0.0171307
0.0178512
0.0178362
0.0174028
0.0176849
0.0165736
0.0170187
0.0155614
0.0160804
0.0144847
0.0150264
0.0134008
0.0139422
0.012332
0.0128639
0.0112921
0.0118078
0.0102862
0.010785
0.00927564
0.00978154
0.00830676
0.00882062
0.00739698
0.00786738
0.00644768
0.00693048
0.00561846
0.00601394
0.00511029
0.00596959
0.00553345
0.00681011
0.00640227
0.00760835
0.00720114
0.00835602
0.00800342
0.00893048
0.00866816
0.00946345
0.00918599
0.0100919
0.00977619
0.0104905
0.0103517
0.0102414
0.0104541
0.00942068
0.00987891
0.00842196
0.00892299
0.00746541
0.00793734
0.00643068
0.00696156
0.00556423
0.00596673
0.00522776
-0.0521134
-0.16199
-0.143238
-0.102831
-0.0745869
-0.163899
-0.228376
-0.285553
-0.0667712
-0.0563831
-0.326939
-0.0564628
-0.346154
-0.0673909
-0.341964
-0.0877823
-0.319594
-0.11233
-0.28731
-0.133841
-0.251272
-0.148659
-0.2163
-0.155827
-0.185591
-0.148007
-0.154584
0.00468278
0.00479044
0.00436705
0.00452237
-0.160498
-0.13651
-0.122671
-0.141533
0.00536757
0.00500545
0.00613152
0.00574025
0.00689068
0.0065057
0.00760336
0.00725292
0.00826388
0.00793994
0.00887877
0.00857665
0.00944758
0.00916986
0.0099431
0.00970661
0.0103131
0.0101462
0.0104884
0.0104277
0.0103808
0.010473
0.00987866
0.0101823
0.00884748
0.0094322
0.00713762
0.00807937
0.00459705
0.00597135
0.00108813
0.00296061
-0.00347676
-0.00107059
-0.00910615
-0.0061706
-0.0157498
-0.0123159
-0.0232681
-0.0194222
-0.0314029
-0.0272752
-0.0400999
-0.0356771
-0.0495456
-0.0447248
-0.0599396
-0.0546232
-0.0713136
-0.0655951
-0.0837268
-0.0775692
-0.0962723
-0.0903189
-0.104898
-0.101314
-0.111701
-0.108143
-0.115415
-0.126579
-0.114235
-0.121193
-0.130465
-0.129516
-0.127006
-0.129656
-0.116615
-0.122863
-0.100371
-0.109087
-0.0808733
-0.0907879
-0.0609815
-0.0708731
-0.0423303
-0.0514271
-0.026212
-0.0339367
-0.0131371
-0.0193226
-0.00308018
-0.00777744
0.00424681
0.000872189
0.00925831
0.00698985
0.0124016
0.0110181
0.0141015
0.0133913
0.0147712
0.0145319
0.0147581
0.0148259
0.0143234
0.0145769
0.013652
0.0140069
0.0128618
0.0132662
0.0120161
0.0124433
0.0111467
0.0115829
0.0102744
0.0107096
0.0094076
0.00983945
0.00854151
0.00896933
0.00768712
0.00811573
0.00683702
0.00725386
0.00595585
0.00636868
0.00519624
0.00558277
0.00483324
0.00559888
0.00519288
0.0063927
0.00600105
0.00714612
0.00676954
0.00783444
0.00750991
0.0083559
0.00811822
0.0088274
0.00858239
0.00939635
0.00910785
0.00977805
0.00964033
0.00957738
0.0097583
0.00883204
0.00925296
0.00787617
0.00836242
0.00692179
0.00739681
0.00596705
0.00644082
0.00523419
0.0055951
0.00489254
-0.0917467
-0.153682
-0.223213
0.00387929
-0.137029
-0.0774029
-0.290924
-0.085198
-0.34592
-0.0720551
-0.379993
-0.0714894
-0.38763
-0.085073
-0.370331
-0.108809
-0.114322
-0.336018
-0.134788
-0.130519
-0.293846
-0.154887
-0.155801
-0.123479
-0.14041
-0.251519
-0.167048
-0.182199
-0.153214
-0.213776
-0.168991
-0.123997
0.00412788
-0.107619
-0.108207
0.00428852
0.00424837
-0.109405
-0.104454
-0.1036
0.0039304
0.00451134
0.0041228
0.00488909
0.0045516
0.00555523
0.00523507
0.00620955
0.00588299
0.00681542
0.00652044
0.00735748
0.00709389
0.00784071
0.00760592
0.00825953
0.00805874
0.00858659
0.00843605
0.00877392
0.00869962
0.00875744
0.00879326
0.00845626
0.00864483
0.00777023
0.00816385
0.00658163
0.0072409
0.00476224
0.0057519
0.00218478
0.00356767
-0.00126198
0.000566608
-0.00564579
-0.00334435
-0.0109733
-0.00820211
-0.0172035
-0.0139886
-0.0242178
-0.0206311
-0.0318331
-0.0279626
-0.0400145
-0.0358536
-0.0488615
-0.0443557
-0.0584474
-0.053568
-0.068689
-0.0635156
-0.0795475
-0.0740695
-0.090244
-0.0850878
-0.0974046
-0.0943718
-0.104753
-0.100929
-0.1078
-0.112296
-0.107731
-0.11715
-0.115866
-0.114131
-0.116993
-0.105874
-0.111037
-0.0922128
-0.0994352
-0.0759272
-0.0842658
-0.0588106
-0.0673634
-0.042481
-0.0504787
-0.0280701
-0.0350146
-0.0161058
-0.0217983
-0.00666581
-0.011104
0.000417951
-0.00287138
0.00545298
0.00314818
0.00880004
0.00729786
0.0108181
0.00993978
0.0118557
0.0114298
0.0122147
0.0120978
0.012129
0.0122117
0.011769
0.0119729
0.0112484
0.0115227
0.010633
0.0109492
0.00996005
0.0103016
0.00925502
0.00961013
0.00853155
0.00889482
0.00779462
0.00816405
0.00704477
0.00742183
0.00625134
0.00665793
0.00548657
0.0058781
0.00477165
0.00514242
0.00443831
0.00525333
0.00488321
0.0059954
0.00562508
0.00671263
0.00635597
0.00735153
0.00705202
0.00782302
0.00760904
0.00823614
0.00802227
0.00874015
0.00848307
0.00909177
0.00896197
0.00892998
0.00908302
0.0082616
0.00864291
0.00736415
0.00782677
0.00645724
0.00690698
0.00560938
0.00601782
0.00491903
0.00526998
0.00459111
-0.135889
-0.20842
-0.163148
0.00361998
0.00397891
-0.284038
-0.131397
-0.352076
-0.10591
-0.401643
-0.0908446
-0.425441
-0.0919823
-0.420111
-0.108625
-0.0954496
-0.106354
-0.389935
-0.134923
-0.124609
-0.107347
-0.124391
-0.344372
-0.160453
-0.148021
-0.142327
-0.294388
-0.177158
-0.176036
-0.15794
-0.247347
-0.184429
-0.14686
-0.208456
-0.0852978
-0.0847355
-0.075878
0.003708
0.00387658
0.00364599
0.00441756
0.00414361
0.00499288
0.00470777
0.00554497
0.00527517
0.00604451
0.00580342
0.00647342
0.00626767
0.00683011
0.00666036
0.00710552
0.00697834
0.00727264
0.0072037
0.00728748
0.00730054
0.00709156
0.00721753
0.00661141
0.00688888
0.0057579
0.00623316
0.00442861
0.00515413
0.0025143
0.00354499
-9.11569e-05
0.00129677
-0.00347729
-0.00169034
-0.00769617
-0.00548963
-0.0127518
-0.0101287
-0.0186075
-0.0155914
-0.0251633
-0.021813
-0.0322853
-0.0286638
-0.0399333
-0.0360472
-0.0481398
-0.043971
-0.05689
-0.052458
-0.0660375
-0.0614288
-0.0753888
-0.0707086
-0.0841629
-0.0799443
-0.0903361
-0.0877033
-0.0961166
-0.0932334
-0.0967215
-0.0973057
-0.0937541
-0.0953933
-0.10672
-0.094704
-0.0910992
-0.100786
-0.0976725
-0.105577
-0.103691
-0.103525
-0.10515
-0.0964782
-0.100613
-0.0851791
-0.0911809
-0.0714431
-0.0785149
-0.0566964
-0.0640937
-0.042394
-0.0494281
-0.0295177
-0.0357545
-0.0185919
-0.0238176
-0.00977029
-0.0139423
-0.00297221
-0.0061515
0.00202308
-0.000285098
0.00550134
0.00391764
0.00776276
0.0067533
0.00910142
0.00852119
0.00977811
0.00950217
0.0100005
0.00993122
0.00992388
0.00998933
0.00965543
0.00980725
0.00926077
0.00947005
0.00877987
0.00902853
0.00824075
0.00851581
0.00766097
0.00795491
0.0070467
0.00735801
0.00639623
0.00672564
0.00571062
0.00605304
0.0050315
0.00536989
0.00436641
0.00469402
0.00375543
0.0040568
0.0035633
0.00424971
0.00389995
0.00493962
0.00459461
0.0056308
0.0052836
0.00630696
0.0059713
0.00690122
0.00662377
0.00732736
0.0071354
0.00768625
0.00750151
0.00812357
0.00789995
0.00843545
0.00831898
0.00830368
0.00843264
0.00771462
0.00805308
0.00689735
0.0073196
0.00606243
0.0064743
0.00529417
0.00566607
0.0046151
0.0049603
0.0042936
-0.183168
-0.171484
0.00328814
0.0032435
-0.26424
-0.185197
-0.18122
-0.343024
-0.159823
-0.407686
-0.129878
-0.448517
-0.114204
-0.0661133
-0.0748258
-0.0869303
-0.45997
-0.11837
-0.0960926
-0.102285
-0.44155
-0.137922
-0.117633
-0.122961
-0.399311
-0.165515
-0.139898
-0.142796
-0.344529
-0.188554
-0.16797
-0.16126
-0.288705
-0.200502
-0.200758
-0.17803
-0.24033
-0.0556185
-0.0587105
0.00296658
0.00261123
-0.0488577
0.0034924
0.00335593
0.00395108
0.00373007
0.00443689
0.00420023
0.00489581
0.00467566
0.00529209
0.00510314
0.00561112
0.00546127
0.00584564
0.00573861
0.00598311
0.00592669
0.00599731
0.00600633
0.0058484
0.00594428
0.0054837
0.00569427
0.00483729
0.00519707
0.00383057
0.00438021
0.00237529
0.00315978
0.000379043
0.00144462
-0.00224596
-0.0008565
-0.00557119
-0.00382486
-0.009636
-0.00751758
-0.0144412
-0.0119544
-0.0199518
-0.0171189
-0.0260826
-0.0229521
-0.0327305
-0.0293511
-0.0398458
-0.0362354
-0.0474083
-0.0435781
-0.0553457
-0.0513421
-0.0634906
-0.0594069
-0.0715305
-0.0675554
-0.0786572
-0.0752657
-0.0840484
-0.081545
-0.0877167
-0.0863655
-0.0869225
-0.0877263
-0.0849026
-0.0860022
-0.0750003
-0.0675013
-0.085312
-0.0811085
-0.0911842
-0.0884296
-0.0948748
-0.0935248
-0.0942123
-0.0954161
-0.0883465
-0.0917247
-0.0790219
-0.0840155
-0.06738
-0.0733975
-0.0546749
-0.0610719
-0.0421398
-0.0483306
-0.0306387
-0.0362353
-0.0206811
-0.025467
-0.0124682
-0.0163734
-0.00598389
-0.00903583
-0.0010773
-0.00336286
0.00247394
0.000838528
0.00491769
0.00380743
0.00650128
0.00579384
0.0074487
0.00703607
0.00794299
0.00773867
0.00812406
0.00806286
0.00809084
0.00812779
0.00790672
0.00801351
0.00761217
0.00777036
0.007236
0.0074322
0.00679697
0.00702307
0.00630234
0.00655594
0.00575537
0.0060342
0.00516937
0.00546434
0.00456498
0.00486615
0.0039645
0.0042517
0.00339005
0.0036447
0.00298554
0.00273245
0.00304702
0.00283564
0.00342314
0.00315891
0.00402027
0.00371187
0.00464753
0.0043324
0.00529782
0.00497033
0.00593241
0.00561877
0.00648055
0.00622548
0.00686394
0.00669252
0.00717357
0.00701541
0.00754563
0.00735565
0.00781179
0.00771234
0.00770232
0.00781072
0.00719238
0.00748701
0.00646304
0.00684243
0.00570206
0.00607869
0.00498034
0.00533474
0.00431899
0.00465183
0.0036695
0.00399491
0.00332467
-0.231284
-0.201088
0.00245343
-0.318169
-0.222647
-0.192239
0.0027466
0.00235772
0.0027745
0.00249342
-0.39617
-0.187652
-0.0381384
-0.0446501
-0.453797
-0.155931
-0.0636468
-0.0687512
-0.0781158
-0.48322
-0.142396
-0.0856544
-0.0969336
-0.481056
-0.150393
-0.109325
-0.118513
-0.450784
-0.172893
-0.132107
-0.141346
-0.39853
-0.19957
-0.159214
-0.16263
-0.336675
-0.21793
-0.191711
-0.182676
-0.278189
-0.222601
-0.230592
0.00265212
-0.0264554
-0.0319611
-0.0212796
0.00232308
0.0031224
0.00297265
0.00349624
0.00330339
0.00389611
0.00369888
0.00426177
0.00408571
0.00455871
0.00441963
0.0047705
0.00467507
0.00488616
0.00484005
0.00489007
0.0049021
0.00475708
0.00484105
0.00445168
0.00462656
0.00392726
0.00421769
0.00312548
0.00356194
0.00197792
0.00259562
0.000409434
0.00124652
-0.00165722
-0.000562256
-0.00429387
-0.00290625
-0.00755671
-0.00585085
-0.0114745
-0.00943967
-0.0160445
-0.0136856
-0.0212319
-0.0185705
-0.0269625
-0.0240398
-0.0331505
-0.0300077
-0.0397372
-0.0364007
-0.046664
-0.0431665
-0.0538222
-0.0502253
-0.0610341
-0.0574366
-0.0679292
-0.0645554
-0.0737722
-0.0710144
-0.0781996
-0.0761374
-0.080176
-0.0797427
-0.0788692
-0.080126
-0.0765679
-0.0780345
-0.0674536
-0.0729002
-0.0597485
-0.052958
-0.0609301
-0.0489965
-0.0426021
-0.0515563
-0.0422972
-0.0664302
-0.0594073
-0.076176
-0.0720215
-0.0826406
-0.0798827
-0.0861165
-0.0849516
-0.0858939
-0.0865626
-0.0812696
-0.0839877
-0.0735682
-0.0777215
-0.0637045
-0.0688228
-0.0527607
-0.0582923
-0.0417712
-0.0472211
-0.031505
-0.0365222
-0.0224473
-0.0268206
-0.0148256
-0.0184678
-0.00867184
-0.011585
-0.0038907
-0.00613371
-0.00031282
-0.00197607
0.00226357
0.00107737
0.0040453
0.00323341
0.00522355
0.00469327
0.00595824
0.00563363
0.00637377
0.00619664
0.00655989
0.00648916
0.00657613
0.00658497
0.00646168
0.00653217
0.00624443
0.00636361
0.00594283
0.00610262
0.00556645
0.00576275
0.00512355
0.00535172
0.00462707
0.00488014
0.00409545
0.00436259
0.00354628
0.00381832
0.0030061
0.0032847
0.0024746
0.0027398
0.00322637
0.00295457
0.00379757
0.00351077
0.00438582
0.00408819
0.00499538
0.00468877
0.00558624
0.00529563
0.00608612
0.00585443
0.00642815
0.00627612
0.00669373
0.00655935
0.00700414
0.00684659
0.00722247
0.00714187
0.00712875
0.00722
0.00669274
0.00694509
0.00604998
0.0063869
0.00535543
0.0057021
0.00467451
0.00501189
0.0040369
0.00435675
0.00338962
0.00371508
0.00306728
-0.277857
-0.0112935
-0.0146914
-0.201121
0.00224903
0.00198255
0.00221584
-0.366697
-0.257242
-0.0327796
-0.215862
0.0024073
0.00207806
-0.026449
-0.0365853
-0.0068555
-0.00133893
0.00339157
-0.439902
-0.216294
0.0087134
-0.00790663
0.00410435
-0.0528571
-0.0685448
-0.487388
-0.184481
-0.0749579
-0.0894662
-0.503109
-0.175271
-0.0987653
-0.11143
-0.488208
-0.188436
-0.123503
-0.136588
-0.447279
-0.212498
-0.150092
-0.160922
-0.387963
-0.235727
-0.181377
-0.184748
-0.322868
-0.246222
-0.218998
-0.207357
-0.265538
-0.0267339
-0.017687
0.00230946
0.00205439
0.00213266
0.00270291
0.00251129
0.0030456
0.00288153
0.00336736
0.00320766
0.00364371
0.00351255
0.00384444
0.00375392
0.00395159
0.00390949
0.00395087
0.00396442
0.00382449
0.00390323
0.00354873
0.00370529
0.00309271
0.00334348
0.00241605
0.0027824
0.00146802
0.0019764
0.00019011
0.000870503
-0.00148053
-0.000596375
-0.00360745
-0.00248797
-0.00624844
-0.00486588
-0.00944674
-0.00778172
-0.0132222
-0.0112678
-0.0175682
-0.0153307
-0.02245
-0.0199505
-0.0278011
-0.0250759
-0.0335447
-0.0306316
-0.0396134
-0.0365457
-0.0459237
-0.0427474
-0.0523447
-0.0491309
-0.0586849
-0.0555401
-0.0645649
-0.0617118
-0.0693887
-0.0671263
-0.0728051
-0.0712822
-0.0738357
-0.0736826
-0.0722914
-0.0733051
-0.0685935
-0.0708625
-0.059409
-0.0648577
-0.0453644
-0.0532872
-0.0361897
-0.0267063
-0.0167916
-0.0445276
-0.0359532
-0.0583417
-0.0523048
-0.0685332
-0.0640315
-0.0746983
-0.0720873
-0.0785487
-0.0772098
-0.0785922
-0.0789664
-0.0750827
-0.0772122
-0.0687385
-0.0721868
-0.060396
-0.0647437
-0.0509707
-0.055754
-0.0413367
-0.0461335
-0.0321797
-0.0366731
-0.0239548
-0.0279433
-0.0169011
-0.0202878
-0.0110857
-0.0138535
-0.00645658
-0.00864221
-0.00288841
-0.0045606
-0.000219455
-0.00146145
0.00172178
0.000824342
0.00309725
0.00246545
0.00404524
0.00361312
0.0046748
0.00439122
0.00506583
0.00489402
0.00527274
0.00518802
0.00533206
0.00531771
0.00526942
0.00531357
0.00510225
0.00519706
0.00484212
0.0049822
0.00449995
0.00467962
0.00408938
0.00430132
0.00363026
0.00386342
0.00314622
0.00338764
0.00264302
0.00289618
0.00215503
0.00240327
0.00199083
0.00168456
0.00191252
0.00300172
0.00271378
0.00357583
0.00329299
0.00413937
0.00385539
0.00471382
0.00442647
0.00526058
0.00499318
0.00571252
0.00550404
0.00601528
0.00588133
0.0062422
0.00612849
0.00649613
0.00636868
0.00666762
0.00660612
0.00658289
0.0066616
0.00621334
0.00642839
0.00565191
0.0059487
0.00502041
0.00533848
0.00438377
0.00470133
0.0037701
0.0040787
0.00315421
0.00346467
0.00257794
0.00286143
0.00228731
-0.320106
-0.0208786
-0.242813
0.00168986
-0.0252093
0.0133091
-0.406835
-0.286373
0.000211281
-0.0126622
-0.0407242
-0.0576468
-0.0212625
-0.0118918
0.00178211
0.00147773
-0.471457
-0.244189
-0.0632249
-0.0794802
-0.227951
-0.506221
-0.215734
-0.0880176
-0.102921
-0.50809
-0.213639
-0.113429
-0.129448
-0.481511
-0.231241
-0.140265
-0.15697
-0.433039
-0.254784
-0.170596
-0.183982
-0.370047
-0.272072
-0.206416
-0.210562
-0.304842
-0.27228
-0.250394
-0.00492464
0.01616
0.0126985
0.00900531
0.00168553
0.00144441
0.00119237
0.00143454
0.0019676
0.00183722
0.0022954
0.00212197
0.00259544
0.00244654
0.0028499
0.00272677
0.00304196
0.00295399
0.00314988
0.00310668
0.00315463
0.00316497
0.00303925
0.00311166
0.00278473
0.00292903
0.00236936
0.0025968
0.00176716
0.00209144
0.000944136
0.00138329
-0.000142749
0.000433697
-0.00154229
-0.000803693
-0.00330569
-0.00237918
-0.00548396
-0.00434429
-0.00812253
-0.00674807
-0.0112535
-0.00963013
-0.014889
-0.0130132
-0.0190192
-0.0168985
-0.0236089
-0.0212641
-0.0285977
-0.0260614
-0.0339132
-0.0312219
-0.0394809
-0.0366729
-0.0452017
-0.042331
-0.0509328
-0.0480762
-0.0564678
-0.0537396
-0.0614452
-0.0590488
-0.0653929
-0.0635604
-0.0678899
-0.0668461
-0.0681773
-0.0683167
-0.0662567
-0.0674432
-0.0610506
-0.0642964
-0.0525507
-0.0574417
-0.0388608
-0.0463107
-0.030473
-0.0139166
-0.00861369
0.0228234
0.0195313
-0.00299862
0.0172995
0.00724535
-0.0220698
-0.0128442
-0.0383259
-0.030479
-0.051716
-0.0454454
-0.0615465
-0.057035
-0.0679865
-0.0651152
-0.0717519
-0.0702343
-0.072235
-0.0723508
-0.0696424
-0.0712737
-0.0644568
-0.0673036
-0.057421
-0.0611059
-0.0493104
-0.0534438
-0.0408711
-0.0450897
-0.0327124
-0.0367317
-0.0252567
-0.0288872
-0.0187454
-0.0218856
-0.0132696
-0.0158888
-0.00881103
-0.0109285
-0.0052807
-0.00694706
-0.00255124
-0.00383283
-0.000482079
-0.00144955
0.00106264
0.000342772
0.002201
0.00167222
0.00302701
0.00264517
0.00361026
0.00334321
0.00399909
0.00382481
0.00422619
0.00412972
0.00431406
0.00428505
0.00427847
0.00430962
0.00413189
0.00421717
0.0038872
0.00401995
0.00356037
0.00373209
0.0031714
0.0033716
0.0027414
0.00295971
0.00229655
0.00251713
0.00182942
0.00207833
0.00137104
0.00159436
0.00214351
0.00178933
0.00277494
0.0024734
0.00334851
0.0030654
0.00389986
0.00362485
0.00444323
0.00417345
0.00494761
0.0047026
0.00535418
0.00516759
0.00562093
0.00550338
0.00581413
0.00571832
0.00601862
0.00591774
0.00614661
0.00610312
0.00606684
0.00613599
0.00575393
0.00593597
0.00526721
0.00552662
0.00469803
0.00498728
0.00410809
0.0044042
0.00352767
0.00381958
0.00295007
0.00323795
0.00238813
0.00266988
0.00209674
-0.356392
-0.0267801
-0.0334826
-0.0457333
0.0259904
0.028176
0.0259137
0.0011583
-0.43601
-0.3144
-0.0194054
-0.0499645
-0.068139
-0.259191
0.00131108
0.00101482
-0.0171519
-0.0087337
-0.489547
-0.271275
-0.0757047
-0.0113103
0.00396844
-0.0925863
-0.236787
-0.0205493
-0.51013
-0.250074
-0.102508
-0.119991
-0.498763
-0.255189
-0.130073
-0.150456
-0.463195
-0.276378
-0.159952
-0.180666
-0.410419
-0.297794
-0.193709
-0.211062
-0.346791
-0.305529
-0.234513
-0.285732
0.0229615
0.00132841
0.000938635
0.00113739
0.00162556
0.00148602
0.00189959
0.00175761
0.00215041
0.0020288
0.00234518
0.00225419
0.00245752
0.00241038
0.0024761
0.00247883
0.00238017
0.00244228
0.00215104
0.0022819
0.00176942
0.00197871
0.00121631
0.00151359
0.000470889
0.000867052
-0.000494271
1.54127e-05
-0.00171439
-0.00107287
-0.00322861
-0.00243544
-0.00507696
-0.00411206
-0.00729891
-0.00614281
-0.00992885
-0.00856534
-0.0129893
-0.0114088
-0.0164861
-0.0146878
-0.0204062
-0.0183989
-0.0247148
-0.0225185
-0.0293554
-0.0270006
-0.0342591
-0.0317813
-0.0393458
-0.0367869
-0.0445082
-0.041926
-0.049598
-0.047072
-0.0544004
-0.0520491
-0.0585824
-0.0565859
-0.0617524
-0.0603061
-0.0634631
-0.0628112
-0.0631732
-0.0635608
-0.0607359
-0.0622284
-0.055136
-0.0583438
-0.0467255
-0.0512103
-0.0336038
-0.040648
-0.0255552
-0.00187129
0.00184085
0.0332015
0.0306497
0.0354376
0.0198465
0.0296258
0.00041554
0.0101232
-0.017597
-0.00890134
-0.0330306
-0.0254571
-0.0457354
-0.0397208
-0.0553459
-0.0508965
-0.0619168
-0.0589645
-0.0657361
-0.0641402
-0.0666682
-0.0665302
-0.0648397
-0.0660529
-0.0606553
-0.0629814
-0.0547489
-0.0578605
-0.0477842
-0.0513493
-0.0404029
-0.0441072
-0.0331448
-0.0367343
-0.026399
-0.0296971
-0.0204029
-0.0233072
-0.0152632
-0.0177335
-0.0109874
-0.0130293
-0.0075162
-0.0091654
-0.0047515
-0.00605986
-0.00257984
-0.00360481
-0.000888774
-0.00168566
0.000420975
-0.000195462
0.00142876
0.000955514
0.00219351
0.00183617
0.00275668
0.00249631
0.0031463
0.00297013
0.00338103
0.00328053
0.00347433
0.00344311
0.00343868
0.00347047
0.00328876
0.00337588
0.00304234
0.00317555
0.00271922
0.00288834
0.00234037
0.00253475
0.00192771
0.00213702
0.00150468
0.00171429
0.00104735
0.00126951
0.00097087
0.000646764
0.00083768
0.00192892
0.00160349
0.00255813
0.0022553
0.00312665
0.00284848
0.00366305
0.00339715
0.00417708
0.00392377
0.00464152
0.00441756
0.00500633
0.00483978
0.00524122
0.00513797
0.00540566
0.0053249
0.00556665
0.00548927
0.00565781
0.00563066
0.00558
0.00564211
0.00531445
0.0054684
0.00489472
0.00511999
0.0043856
0.00464666
0.0038421
0.00411663
0.00329657
0.00357115
0.00275011
0.00302282
0.00220197
0.0024782
0.00159314
0.00190424
0.00128268
-0.38238
-0.0350519
-0.0420872
-0.055567
-0.295128
0.000750779
0.0104064
0.0394782
0.0410897
4.51067e-05
-0.453604
-0.336738
-0.0275839
-0.0613083
-0.08017
0.00120798
0.000913599
0.000796954
0.000479225
-0.271131
-0.0139907
-0.00587826
-0.00702094
-0.493813
-0.29798
-0.0188054
-0.0898335
0.0194905
-0.108315
-0.027654
-0.500378
-0.286135
-0.118691
0.0377819
-0.140371
-0.477649
-0.298739
-0.148776
-0.174295
-0.241355
-0.435823
-0.322446
-0.181158
-0.208334
-0.382197
-0.339059
-0.218958
-0.321583
-0.333914
-0.26572
0.0110977
0.000646157
0.000509988
0.000970803
0.000805461
0.00126461
0.00111903
0.00151419
0.0013932
0.00171734
0.00162175
0.00184751
0.00179235
0.00189206
0.00188205
0.00182465
0.00187196
0.00162915
0.00174266
0.00128628
0.00147563
0.00077751
0.00105177
8.7169e-05
0.000453926
-0.000800088
-0.000332857
-0.00190493
-0.0013261
-0.00325452
-0.00255
-0.00487824
-0.00403326
-0.0068053
-0.00580525
-0.00906442
-0.00789514
-0.0116801
-0.0103302
-0.0146666
-0.0131303
-0.0180246
-0.0163034
-0.0217388
-0.0198423
-0.0257749
-0.0237224
-0.0300801
-0.0279001
-0.0345876
-0.0323149
-0.0392147
-0.0368931
-0.0438507
-0.0415395
-0.0483455
-0.046125
-0.0524847
-0.050472
-0.0559659
-0.0543206
-0.0584426
-0.0573417
-0.0594899
-0.0591593
-0.0587019
-0.0593193
-0.0557769
-0.0575259
-0.0499928
-0.0532129
-0.0415909
-0.0461229
-0.0292081
-0.0358516
-0.02192
0.0159468
0.0196793
0.018262
0.010713
0.0132134
0.0438949
0.0424088
0.0449816
0.0216299
0.0313183
0.0033288
0.012479
-0.0135762
-0.00555185
-0.0284264
-0.0212814
-0.0405325
-0.0347797
-0.0499206
-0.0455468
-0.056511
-0.0535316
-0.0604447
-0.0587708
-0.0617722
-0.0614062
-0.0605973
-0.0614542
-0.0572805
-0.0591543
-0.0523561
-0.0549689
-0.046396
-0.0494614
-0.0399554
-0.0432009
-0.0335118
-0.0367109
-0.0274213
-0.0304108
-0.0219129
-0.0245922
-0.0171023
-0.0194252
-0.0130166
-0.0149781
-0.00962002
-0.0112436
-0.00683959
-0.00816476
-0.00458552
-0.00565807
-0.00276642
-0.0036315
-0.00130053
-0.00199741
-0.000122756
-0.00068193
0.00081489
0.000371219
0.0015463
0.00120264
0.00209411
0.00184022
0.00247266
0.00230206
0.00269256
0.00260005
0.00276567
0.00274505
0.00270776
0.00275069
0.00253775
0.0026345
0.00227578
0.00241607
0.00194315
0.00211607
0.00156446
0.00175682
0.00114023
0.00135569
0.000714899
0.000939048
0.000321284
0.000509957
0.00177396
0.00148218
0.00236638
0.00207583
0.00291383
0.00264572
0.00342856
0.00317428
0.0039125
0.00367549
0.00433908
0.00413483
0.004666
0.00451743
0.00487331
0.00478225
0.00501296
0.00494521
0.00513941
0.00508012
0.00519855
0.00518401
0.00512158
0.00517836
0.00489475
0.00502549
0.00453326
0.00472838
0.00407983
0.00431435
0.00358087
0.00383452
0.00306885
0.00332718
0.00254575
0.00280858
0.00201099
0.00228079
0.00141958
0.00172127
0.0011144
0.0202494
0.0101244
-0.40099
-0.0446498
-0.0515016
-0.0661498
0.000616152
0.000148115
-0.311661
-0.0114367
-0.00360257
0.0540107
0.0536138
0.0285397
0.0292802
0.00680503
-0.45993
-0.354699
-0.0375671
-0.0746279
0.0146926
-0.0944053
-0.0133621
-0.485832
-0.324582
-0.0290689
-0.105552
0.0354271
-0.12747
-0.0360023
-0.478876
-0.322971
-0.136931
-0.164413
-0.278131
-0.446955
-0.3427
-0.169321
-0.202604
-0.242537
-0.402113
-0.366227
-0.204716
-0.350452
-0.374246
-0.246481
-0.296157
0.000225757
0.000220224
0.000143474
0.000347768
0.000270339
0.000621318
0.000474911
0.000906003
0.000765733
0.00113493
0.0010267
0.00129776
0.00122431
0.00137478
0.00134721
0.00134877
0.00137504
0.00119768
0.00128854
0.000902959
0.00106789
0.00044542
0.000693808
-0.00019176
0.000148069
-0.00102018
-0.000583602
-0.00204956
-0.00151121
-0.00329357
-0.00264601
-0.00477082
-0.00400439
-0.00650073
-0.0056058
-0.00850187
-0.00746915
-0.0107928
-0.00961309
-0.013389
-0.0120553
-0.016298
-0.0148076
-0.0195162
-0.0178723
-0.0230271
-0.0212396
-0.0267976
-0.0248851
-0.0307785
-0.0287673
-0.0349053
-0.0328295
-0.0390951
-0.0369988
-0.0432369
-0.0411793
-0.0471819
-0.0452426
-0.0507223
-0.0490134
-0.0535848
-0.052249
-0.055452
-0.0546536
-0.0559436
-0.0558786
-0.0547181
-0.0555446
-0.0514094
-0.053335
-0.0456691
-0.0488062
-0.0371485
-0.0417775
-0.0257096
-0.0317621
-0.0189114
0.0261443
0.0273623
0.0225603
0.0244284
0.0546908
0.0543811
0.0545242
0.0546985
0.0538482
0.0232728
0.0328619
0.00569465
0.0143661
-0.0103872
-0.00254808
-0.0244301
-0.0176648
-0.0360487
-0.0305184
-0.0451757
-0.0409038
-0.0517282
-0.0487445
-0.0557884
-0.0540337
-0.0574557
-0.0568921
-0.0568491
-0.0573969
-0.0542868
-0.0557666
-0.0502213
-0.0523972
-0.0451472
-0.0477708
-0.0395468
-0.0423811
-0.0338422
-0.0366857
-0.0283574
-0.0310603
-0.0233098
-0.0257753
-0.0188193
-0.0209976
-0.0149269
-0.0168053
-0.011616
-0.013208
-0.00883448
-0.010169
-0.00651342
-0.00762595
-0.00458041
-0.0055069
-0.00297012
-0.00374194
-0.00163127
-0.00227227
-0.000527066
-0.0010542
0.000368147
-5.67975e-05
0.00107096
0.00074079
0.00159105
0.00135138
0.00193588
0.00178287
0.00211604
0.00204389
0.0021475
0.00214768
0.00204975
0.00211226
0.00184367
0.00195789
0.00155069
0.00170588
0.00119042
0.0013775
0.000795744
0.000996806
0.00037396
0.000589733
-1.61974e-05
0.000182421
-2.64549e-06
-0.00034963
-0.000194348
0.000540218
0.00110399
0.00083035
0.00164464
0.00137245
0.00219124
0.00192175
0.00270807
0.00245388
0.00319548
0.00295517
0.00364758
0.00342724
0.0040379
0.00385218
0.00433085
0.00419817
0.0045158
0.00443404
0.00463344
0.00457531
0.00473154
0.00468723
0.00476575
0.00476152
0.00468947
0.00474207
0.00449372
0.00460567
0.00418152
0.00435074
0.00377833
0.00398851
0.00332148
0.00355518
0.00284115
0.0030844
0.00234033
0.0025933
0.00182183
0.00208356
0.00125875
0.00154667
0.000646144
0.000956763
0.000329863
-0.35686
0.000105435
0.00239337
-2.3241e-05
0.00437325
-0.00013773
0.0529886
-0.0224355
0.0110807
0.0124975
0.00135155
0.0202205
0.020958
0.0196288
-0.411701
-0.0567487
0.0081897
-0.0636614
-0.0794248
0.000172172
-0.456364
-0.369212
-0.050307
-0.0898466
0.0324528
-0.112122
0.0668186
0.0675047
-0.000141357
-0.000479262
-0.0200438
-0.467139
-0.350107
-0.0443925
-0.123318
0.0520224
-0.150398
-0.32175
-0.0468391
-0.448819
-0.359376
-0.157221
-0.192747
-0.240433
-0.41123
-0.382976
-0.00305819
-0.0297337
-0.191559
-0.280264
-0.366253
-0.403913
-0.229205
-0.319724
-0.402454
-0.272763
-0.000261395
-0.000232522
-0.000476111
-0.000381912
4.46706e-05
-7.0035e-05
0.000287558
0.000163544
0.000555441
0.000425866
0.000763586
0.000667217
0.000892918
0.000838296
0.000921937
0.000920157
0.000830656
0.000891147
0.000597941
0.00073164
0.000203705
0.000420368
-0.000370485
-6.19307e-05
-0.00113855
-0.00073197
-0.00210723
-0.0015998
-0.00328084
-0.00267041
-0.00466559
-0.0039487
-0.0062709
-0.00544262
-0.00810573
-0.00716177
-0.010178
-0.00911439
-0.0124966
-0.0113088
-0.0150689
-0.0137536
-0.0178965
-0.0164538
-0.020973
-0.0194071
-0.0242818
-0.0226024
-0.027792
-0.0260163
-0.0314582
-0.0296106
-0.0352191
-0.0333321
-0.0389935
-0.0371105
-0.0426727
-0.0408516
-0.0461114
-0.0444299
-0.0491129
-0.0476758
-0.0514287
-0.0503655
-0.0527676
-0.0522293
-0.0527971
-0.0529516
-0.0512062
-0.0522062
-0.0476506
-0.049674
-0.0419188
-0.0450394
-0.0334896
-0.0380667
-0.0226757
-0.0284762
-0.00940729
-0.0162604
0.0057117
-0.00203055
0.0215524
0.0137184
0.0294606
0.038032
0.0375655
0.0378777
0.036404
0.0368861
0.0339477
0.0355813
0.0655444
0.0661794
0.0645759
0.065041
0.064866
0.0642191
0.0650845
0.0428143
0.05824
0.0511652
0.0240172
0.0329747
0.00748728
0.0157093
-0.00765994
-0.00024464
-0.0210094
-0.0145703
-0.0321721
-0.0268493
-0.0410249
-0.0368661
-0.0475131
-0.0445381
-0.0516858
-0.0498567
-0.0536486
-0.0529133
-0.0535389
-0.0538165
-0.0516356
-0.0527708
-0.0483257
-0.0501165
-0.0440378
-0.0462685
-0.0391919
-0.0416557
-0.0341605
-0.0366789
-0.0292367
-0.0316731
-0.0246244
-0.0268869
-0.0204436
-0.0224812
-0.0167449
-0.0185391
-0.0135268
-0.0150831
-0.0107547
-0.0120931
-0.0083779
-0.00952491
-0.00634128
-0.00732433
-0.00459494
-0.00543787
-0.00310111
-0.00382126
-0.00183431
-0.00244322
-0.00077787
-0.00128301
7.8056e-05
-0.000327559
0.000738275
0.00043013
0.0012071
0.000993976
0.00149318
0.00137011
0.00161172
0.00157042
0.00158202
0.0016126
0.00142591
0.00151706
0.00116672
0.0013068
0.000829123
0.00100541
0.000444197
0.000641292
3.54838e-05
0.000240558
-0.000369203
-0.000167771
-0.000712499
-0.000532872
0.000449135
0.000995184
0.000727564
0.00151282
0.00125248
0.00202225
0.00177093
0.00250636
0.00226772
0.00296334
0.00273846
0.00338223
0.00317891
0.00373765
0.00356941
0.00400002
0.00388147
0.00416337
0.00409166
0.00426616
0.00421802
0.00434119
0.00430884
0.00435657
0.00436001
0.00428158
0.00433064
0.00411069
0.0042076
0.00383953
0.00398691
0.00348098
0.00366914
0.00306371
0.00327841
0.00261447
0.0028429
0.00213811
0.00237962
0.00163917
0.0018912
0.00110199
0.00137691
0.000507491
0.000810324
0.000193997
0.0281563
0.0125089
-0.41549
-0.0712115
8.91208e-05
0.0252471
0.0288448
-0.0774842
-0.0950115
0.0683717
-0.000840421
-0.00447555
-0.444109
-0.380902
-0.066672
-0.107081
0.0508323
-0.132952
-0.371528
-0.0286925
0.0373496
-0.44133
-0.374261
-0.143483
0.0189528
-0.17785
0.0459355
0.0377509
0.0454541
-0.0591661
-0.234894
-0.414254
-0.392528
-0.0618945
-0.0182103
-0.179249
-0.325992
-0.278483
-0.37379
-0.417857
-0.214735
-0.331624
-0.434114
-0.25237
-0.292259
0.063355
-0.000712694
-0.000547089
-0.000667418
-0.000278556
-0.000414517
-2.90999e-05
-0.000149647
0.000215086
9.60703e-05
0.000404588
0.000318879
0.000505807
0.000466933
0.000493231
0.00051412
0.000342256
0.000434876
2.93805e-05
0.000205538
-0.000465555
-0.00019663
-0.00115936
-0.000789098
-0.00206169
-0.00158676
-0.00317432
-0.00259423
-0.00449624
-0.00381182
-0.00602569
-0.00523768
-0.00776188
-0.0068707
-0.00970269
-0.00870961
-0.0118452
-0.0107516
-0.0141888
-0.0129946
-0.0167333
-0.0154388
-0.0194755
-0.0180827
-0.0224077
-0.0209212
-0.0255141
-0.0239428
-0.0287675
-0.0271266
-0.032127
-0.0304385
-0.0355354
-0.03383
-0.0389152
-0.0372344
-0.0421616
-0.0405612
-0.0451348
-0.0436894
-0.0476509
-0.0464577
-0.0494828
-0.0486598
-0.0503648
-0.0500495
-0.0500049
-0.0503438
-0.0481158
-0.0492532
-0.0444028
-0.0464821
-0.0386553
-0.0417795
-0.0305158
-0.0348616
-0.0202289
-0.0255478
-0.00769123
-0.0141417
0.00688288
-0.000673765
0.0223742
0.0146778
0.0299544
0.0463928
0.0463103
0.0464443
0.0464607
0.0466594
0.046541
0.045463
0.0466898
0.0521672
0.0473037
0.079229
0.0835121
0.0812101
0.0762957
0.0776355
0.0742571
0.0751391
0.0735995
0.0738731
0.0583023
0.0702722
0.0724798
0.0423622
0.050744
0.0246791
0.0334382
0.00897576
0.016768
-0.00534914
0.0016845
-0.0181077
-0.0119446
-0.0288304
-0.0237104
-0.0374082
-0.0333653
-0.0438118
-0.0408571
-0.0480734
-0.046181
-0.0502938
-0.0494086
-0.0506188
-0.0506598
-0.0492939
-0.0501261
-0.0466528
-0.048102
-0.0430669
-0.044946
-0.0389025
-0.0410309
-0.0344873
-0.0367072
-0.0300849
-0.0322728
-0.025884
-0.0279541
-0.0220019
-0.0239032
-0.018495
-0.0202053
-0.0153735
-0.0168921
-0.0126178
-0.0139568
-0.0101929
-0.0113709
-0.00805939
-0.00909603
-0.00618217
-0.00709407
-0.00453666
-0.00533472
-0.00310876
-0.00379902
-0.00189175
-0.00247697
-0.000883173
-0.00136412
-8.33157e-05
-0.000459819
0.000509352
0.000236072
0.000900869
0.000727138
0.00110444
0.00102281
0.00113843
0.00113961
0.00102584
0.00109717
0.000794227
0.000922069
0.000472994
0.000642077
9.34826e-05
0.000288496
-0.000315948
-0.000109418
-0.000720925
-0.0005232
-0.00107762
-0.000893528
-0.000963727
-0.00135113
-0.00122994
0.000327064
0.000873072
0.000608005
0.00137121
0.00112395
0.00185181
0.00161583
0.00230499
0.00208166
0.00273041
0.0025216
0.00311565
0.00292932
0.00343782
0.00328592
0.00367292
0.00356679
0.00381892
0.00375482
0.0039085
0.00386763
0.00396571
0.00394252
0.00396753
0.00397627
0.00389459
0.00394043
0.00374373
0.00382856
0.00350657
0.00363561
0.00318742
0.00335577
0.00280749
0.00300395
0.00238977
0.00260295
0.00194058
0.00216899
0.00146376
0.00170535
0.000948972
0.00121218
0.000379784
0.000671481
-0.000257945
6.72236e-05
-0.000599568
0.0110583
-0.413561
-0.0883609
-5.18926e-06
0.0472467
0.0494364
-0.0941424
-0.113504
-0.420157
-0.010308
-0.426332
-0.390017
-0.0854138
-0.126475
0.0432245
-0.158352
0.0537499
0.0526551
0.0370493
0.0433538
0.0592765
0.0683982
-0.0393252
-0.225741
-0.41173
-0.395752
-0.0495325
-0.0784869
-0.165961
-0.377582
-0.0017573
-0.00184831
-0.00229677
0.0692529
-0.00110651
0.086172
-0.0738201
0.0462457
0.0466796
0.0590007
-0.272861
-0.378223
-0.420568
-0.20272
-0.324228
-0.338053
-0.444805
-0.236555
-0.301098
-0.452993
-0.269766
-0.000879961
-0.000997722
-0.00060723
-0.000746452
-0.000345615
-0.000468586
-0.000111695
-0.000223008
6.19474e-05
-1.49408e-05
0.000140089
0.000114039
9.22907e-05
0.000132524
-0.000112667
9.36274e-06
-0.000502643
-0.000285328
-0.00110032
-0.000777265
-0.00191706
-0.00148352
-0.00295815
-0.00241253
-0.00422022
-0.00356491
-0.00569621
-0.00493508
-0.00737691
-0.00651489
-0.00924955
-0.00829322
-0.0112999
-0.0102566
-0.0135142
-0.0123905
-0.015882
-0.0146826
-0.0183957
-0.0171241
-0.0210487
-0.0197083
-0.023833
-0.022428
-0.0267356
-0.0252733
-0.029734
-0.028227
-0.0327929
-0.0312603
-0.0358609
-0.0343306
-0.0388653
-0.0373763
-0.0417067
-0.0403121
-0.0442527
-0.0430229
-0.0463322
-0.0453572
-0.0477372
-0.0471251
-0.0482266
-0.0481014
-0.0475411
-0.048033
-0.0454186
-0.0466595
-0.0416083
-0.0437185
-0.0358912
-0.0389842
-0.0280666
-0.0322146
-0.0181692
-0.0233524
-0.00618587
-0.0124704
0.00763311
0.000471238
0.0225461
0.0150724
0.0301509
0.0543993
0.0542137
0.0552388
0.0547645
0.0567217
0.0558461
0.0593047
0.0574826
0.0650488
0.062472
0.0913242
0.0980945
0.0944114
0.0865053
0.0887849
0.0833893
0.0847452
0.0814199
0.0823694
0.0786565
0.0799954
0.0423765
0.0507073
0.0255303
0.0338677
0.0101899
0.0177611
-0.00347676
0.00322513
-0.0156733
-0.00977601
-0.0259674
-0.0210446
-0.0342717
-0.0303459
-0.0405732
-0.037649
-0.0448987
-0.0429553
-0.0473421
-0.0463263
-0.0480477
-0.0478809
-0.0472334
-0.0477973
-0.045188
-0.0463322
-0.0422336
-0.0437956
-0.0386887
-0.0405114
-0.0348406
-0.0367852
-0.0309245
-0.0328803
-0.027113
-0.0290007
-0.023518
-0.0252882
-0.020199
-0.0218272
-0.0171754
-0.0186556
-0.0144396
-0.0157778
-0.0119708
-0.0131782
-0.00974389
-0.010833
-0.00773789
-0.00871831
-0.00594124
-0.00681749
-0.00435129
-0.00512388
-0.00297244
-0.00363859
-0.00181039
-0.00236729
-0.000870437
-0.00131572
-0.000153437
-0.000487262
0.000343424
0.000119101
0.000630012
0.000509197
0.000722924
0.000697728
0.000646963
0.000701925
0.000436434
0.00055498
0.000125657
0.000290484
-0.000252844
-5.77294e-05
-0.000668281
-0.000458188
-0.00108538
-0.000879401
-0.00147129
-0.00128227
-0.00163885
0.000173369
0.000743059
0.000469785
0.00122711
0.00098978
0.0016801
0.00145791
0.002104
0.00189557
0.00249756
0.002305
0.00284948
0.00267982
0.0031401
0.0030035
0.00335057
0.00325553
0.00348156
0.00342395
0.00355988
0.00352486
0.00360356
0.00358715
0.00359636
0.00360835
0.00352649
0.00356916
0.00339216
0.00346715
0.00318332
0.00329695
0.00289903
0.00304956
0.00255447
0.00273335
0.00216889
0.00236631
0.00174893
0.00196306
0.00129686
0.0015268
0.00080461
0.00105636
0.000260044
0.00054001
-0.000359986
-4.07619e-05
-0.00107406
-0.000702978
-0.00146098
0.00877013
-0.407934
-0.106339
-0.0789098
-0.00017508
0.00612523
-0.012601
0.0700851
0.0708355
0.102497
-0.000617376
0.0359562
-0.000889741
0.0890443
-0.1371
-0.115126
-0.114469
-0.00158501
0.0371411
0.0502243
0.107493
0.0776508
-0.00220228
-0.0178587
0.0284576
-0.21069
-0.405442
-0.396881
-0.102591
-0.149219
0.0920175
0.0710382
-0.428507
-0.00198948
-0.00243082
-0.0509137
0.0673205
0.0476509
-0.262345
-0.381184
-0.413185
-0.103822
-0.190771
-0.0922291
-0.316891
-0.344201
-0.440894
-0.224847
-0.1662
-0.142375
-0.375792
-0.000609051
-0.000858091
0.0839946
0.0899528
-0.306787
-0.461134
-0.252825
0.0245528
-0.0388254
-0.277073
-0.00123333
-0.0013742
-0.000939304
-0.00107471
-0.000656184
-0.000789284
-0.000422574
-0.000530677
-0.000260085
-0.000330543
-0.00020011
-0.000216199
-0.000277083
-0.000220848
-0.000529661
-0.00038147
-0.000993281
-0.000736368
-0.00169321
-0.0013162
-0.00263669
-0.00213888
-0.00382322
-0.0032035
-0.00524029
-0.00450759
-0.00687741
-0.00603624
-0.00871784
-0.00777855
-0.0107349
-0.00971067
-0.0129011
-0.0118059
-0.0151912
-0.014037
-0.0175845
-0.0163809
-0.0200662
-0.0188198
-0.022627
-0.0213419
-0.0252601
-0.0239395
-0.0279565
-0.0266052
-0.0307004
-0.0293274
-0.0334634
-0.0320845
-0.0362012
-0.0348406
-0.0388475
-0.0375411
-0.0413096
-0.040107
-0.0434634
-0.0424306
-0.0451504
-0.0443706
-0.0461799
-0.0457519
-0.0463339
-0.0463694
-0.0453798
-0.045996
-0.0430821
-0.0443968
-0.039221
-0.0413409
-0.0335902
-0.0366192
-0.0260489
-0.0300391
-0.0165692
-0.0215236
-0.00513633
-0.0110837
0.00812822
0.00130745
0.0223306
0.0153504
0.0295828
0.0611879
0.0586646
0.0603303
0.0621799
0.0617012
0.0637112
0.0628002
0.0663771
0.0648888
0.0711429
0.0683262
0.0786215
0.0746582
0.0824306
0.111634
0.124236
0.117453
0.102664
0.106724
0.0962539
0.0992102
0.0919767
0.0938695
0.0891071
0.0904234
0.0867399
0.0878661
0.0764762
0.0850469
0.0859162
0.0588832
0.0678071
0.0418208
0.0501585
0.0257453
0.0337134
0.0110162
0.0182999
-0.00206087
0.00433722
-0.0136796
-0.00805591
-0.023547
-0.0188196
-0.0315727
-0.0277679
-0.0377536
-0.03487
-0.0421178
-0.0401361
-0.0447511
-0.0436222
-0.0457902
-0.0454402
-0.0454296
-0.0457543
-0.0439191
-0.0447887
-0.041537
-0.0428111
-0.0385592
-0.0401017
-0.0352361
-0.0369257
-0.0317751
-0.0335137
-0.0283321
-0.0300476
-0.025012
-0.0266574
-0.0218752
-0.0234246
-0.0189477
-0.0203913
-0.0162324
-0.0175705
-0.0137205
-0.0149581
-0.0114006
-0.0125432
-0.00926517
-0.0103157
-0.0073152
-0.0082719
-0.00556022
-0.00641758
-0.00401622
-0.00476555
-0.00269898
-0.0033332
-0.00161778
-0.0021328
-0.000775603
-0.0011706
-0.000173996
-0.000448588
0.000192693
3.419e-05
0.000339441
0.000292523
0.00029314
0.000334755
9.74978e-05
0.000209518
-0.000208184
-4.49521e-05
-0.000589991
-0.000392574
-0.0010168
-0.000800127
-0.00145834
-0.00123772
-0.0018769
-0.00167366
-0.00206441
4.59387e-05
-0.000284123
0.000614291
0.00034389
0.00108155
0.000853845
0.00150836
0.00129971
0.00190244
0.00170924
0.00226377
0.00208752
0.00258301
0.00242952
0.00284396
0.00272152
0.00303228
0.00294709
0.00315021
0.00309814
0.00321907
0.00318884
0.00325253
0.00324107
0.00323961
0.00325338
0.00317354
0.00321306
0.00305322
0.00311993
0.00286847
0.00296884
0.00261543
0.0027497
0.00230467
0.00246647
0.00195167
0.00213293
0.00156244
0.00176143
0.00113797
0.0013546
0.000670627
0.000910155
0.000149868
0.000417851
-0.000448424
-0.000138074
-0.00115936
-0.00078932
-0.00155985
0.0052023
-0.189632
-0.399774
-0.127069
0.131776
0.1129
0.0688074
0.0703815
-0.462309
-0.00269053
-0.00288335
-0.0258387
0.0257892
-0.247739
-0.383879
-0.401141
-0.126296
-0.175152
0.0754304
0.0842119
-0.0665377
0.0777851
0.048644
-0.304638
-0.352642
-0.425287
-0.13622
-0.21542
-0.203063
-0.176544
-0.116309
-0.426459
-0.00116854
-0.0011679
0.105708
-0.00152919
0.0992195
0.119291
-0.00151307
0.127592
0.128625
0.0925805
-0.36695
-0.314791
-0.452687
-0.241975
0.139065
0.148574
0.0670804
0.0573201
0.0663442
0.0647162
0.00845458
-0.0760793
-0.282231
-0.467038
-0.260622
0.150695
0.156075
0.0951143
-0.00212806
-0.00196933
-0.0021144
-0.0015942
-0.00176962
-0.0012547
-0.00141302
-0.000952219
-0.00109642
-0.000711522
-0.000822425
-0.000555106
-0.000622462
-0.000509021
-0.000518264
-0.000609865
-0.000541321
-0.00090365
-0.000733615
-0.00143568
-0.00114258
-0.00223486
-0.00180671
-0.00330741
-0.00274347
-0.00464641
-0.00394991
-0.0062198
-0.00541073
-0.00802611
-0.00710387
-0.0100345
-0.00901794
-0.0122054
-0.0111141
-0.0144965
-0.013351
-0.0168696
-0.0156882
-0.0192932
-0.0180903
-0.021745
-0.0205301
-0.0242133
-0.0229906
-0.0266937
-0.0254645
-0.029183
-0.0279487
-0.0316732
-0.0304383
-0.034145
-0.0329205
-0.0365623
-0.0353684
-0.0388668
-0.0377352
-0.0409737
-0.0399502
-0.0427678
-0.0419137
-0.0441024
-0.0434947
-0.0448028
-0.0445319
-0.0446723
-0.0448391
-0.0435014
-0.0442118
-0.0410796
-0.0424387
-0.0372103
-0.0393151
-0.0317099
-0.0346505
-0.0244591
-0.0282851
-0.0154017
-0.0201367
-0.00448867
-0.0101635
0.00829458
0.0016958
0.0224712
0.0154228
0.0379087
0.0297862
0.0475773
0.0684904
0.0679625
0.0696088
0.0689265
0.0717087
0.0704821
0.0755032
0.0733703
0.081914
0.0783012
0.0908501
0.0861201
0.102766
0.0959538
0.125283
0.11228
0.137623
0.123842
0.130793
0.113069
0.117946
0.105308
0.108773
0.100001
0.102388
0.0965462
0.0980922
0.094541
0.095307
0.0933326
0.0939634
0.057716
0.0666119
0.04104
0.0491841
0.0257024
0.0332762
0.011509
0.018487
-0.000995547
0.00512185
-0.0120547
-0.00669153
-0.0215102
-0.0169701
-0.0292586
-0.0255722
-0.0353067
-0.0324667
-0.0396883
-0.0376749
-0.0424824
-0.0412511
-0.0438155
-0.0432986
-0.0438611
-0.0439671
-0.0428353
-0.0434528
-0.040976
-0.0419853
-0.0385207
-0.0398046
-0.0356853
-0.0371392
-0.0326506
-0.0341884
-0.0295553
-0.0311123
-0.0264962
-0.028028
-0.0235329
-0.025013
-0.0206967
-0.0221118
-0.0179993
-0.0193446
-0.0154425
-0.0167173
-0.0130274
-0.0142304
-0.0107598
-0.011887
-0.0086527
-0.0096967
-0.00672838
-0.00767637
-0.00501499
-0.00585309
-0.00354025
-0.00425521
-0.0023165
-0.00290386
-0.00134914
-0.0018064
-0.000644544
-0.000970014
-0.000204865
-0.000397509
-1.40102e-05
-8.87904e-05
-3.21298e-05
-2.58623e-06
-0.000216571
-0.000109355
-0.000521836
-0.000358715
-0.00091066
-0.000709294
-0.00135529
-0.00112872
-0.00182888
-0.00159103
-0.00228845
-0.00206592
-0.0024997
-0.00199388
-0.00112977
-0.00152113
-0.000537429
-0.000813761
-3.47159e-06
-0.000270479
0.000503502
0.000257363
0.000943486
0.00072963
0.00134105
0.00114719
0.0017036
0.00152636
0.00203224
0.00187236
0.00231944
0.00218167
0.00255217
0.00244308
0.00271985
0.00264382
0.0028256
0.00277866
0.00288603
0.00285985
0.00291193
0.00290389
0.00289618
0.00291037
0.00283487
0.00287101
0.00272704
0.00278648
0.00256331
0.00265204
0.00233867
0.00245797
0.00206023
0.00220549
0.00173993
0.00190482
0.00138269
0.00156577
0.000988639
0.0011903
0.000550022
0.000775452
5.54024e-05
0.000310539
-0.000519363
-0.000220003
-0.00121444
-0.000850266
-0.00207868
-0.00162358
-0.00306482
-0.00255017
0.000619395
-0.227172
-0.390325
-0.153081
0.140689
0.119254
0.092831
-0.0374952
0.0212939
-0.289156
-0.363682
-0.4025
-0.159429
-0.203557
-0.146999
-0.458481
0.148463
0.17248
0.183228
-0.0874788
0.0542445
-0.352557
-0.327702
-0.431382
-0.236169
0.151842
0.162609
0.159778
0.075078
0.0750306
0.0557695
0.0655525
-0.00308807
-0.00359418
-0.00364301
0.111427
0.0575814
-0.016677
-0.415912
-0.291996
-0.455934
-0.252271
-0.00198618
-0.00250467
-0.265687
-0.247612
0.0982914
-0.221299
0.102012
-0.00259219
-0.00235392
-0.00247903
-0.00195751
-0.0021443
-0.00155746
-0.00174426
-0.00122262
-0.00138049
-0.000968062
-0.00108707
-0.000813106
-0.000883133
-0.000778096
-0.00078608
-0.000899139
-0.000824822
-0.00122798
-0.00104453
-0.00181977
-0.00150103
-0.00271059
-0.00224277
-0.00390453
-0.00328995
-0.00538038
-0.00463405
-0.00712762
-0.00625416
-0.00910912
-0.00812691
-0.0112934
-0.010221
-0.0136279
-0.0124948
-0.0160553
-0.0148884
-0.0185214
-0.0173449
-0.0209847
-0.0198166
-0.0234139
-0.0222657
-0.0257951
-0.0246697
-0.0281271
-0.0270217
-0.0304131
-0.0293239
-0.0326547
-0.0315799
-0.0348428
-0.0337875
-0.0369512
-0.0359299
-0.0389311
-0.0379707
-0.0407068
-0.0398484
-0.042172
-0.0414727
-0.0431911
-0.0427221
-0.043605
-0.0434492
-0.0432359
-0.0434855
-0.0418951
-0.0426472
-0.0393948
-0.0407451
-0.0355582
-0.0375971
-0.0302254
-0.0330335
-0.0232872
-0.026917
-0.0146753
-0.019163
-0.00431983
-0.00970745
0.00785208
0.00153249
0.0216257
0.0145939
0.0375906
0.0292753
0.0464858
0.0755154
0.0753107
0.0765745
0.0758393
0.0792261
0.0776806
0.0840058
0.0813179
0.091614
0.08745
0.102484
0.096632
0.117923
0.109375
0.141612
0.128804
0.155788
0.134746
0.142573
0.122395
0.128089
0.113517
0.117563
0.107453
0.110191
0.10359
0.105287
0.101684
0.102409
0.101096
0.101287
0.09239
0.10142
0.10117
0.0740317
0.0832482
0.0563138
0.0650265
0.040032
0.0479181
0.0252523
0.0324662
0.0116796
0.0183211
-0.000302386
0.00554058
-0.0108171
-0.00570724
-0.0198522
-0.0154838
-0.0273161
-0.0237245
-0.0332177
-0.0303965
-0.0375953
-0.0355269
-0.0405218
-0.0391691
-0.042112
-0.0414167
-0.0425198
-0.0424039
-0.0419318
-0.0423019
-0.0405495
-0.0413061
-0.0385733
-0.0396179
-0.0361873
-0.0374305
-0.033547
-0.0349136
-0.0307743
-0.0322056
-0.0279573
-0.0294108
-0.0251543
-0.0266016
-0.0224008
-0.023824
-0.0197159
-0.0211045
-0.0171106
-0.0184576
-0.0145978
-0.0158944
-0.0121955
-0.0134304
-0.00992926
-0.0110881
-0.00783251
-0.00889545
-0.00595004
-0.00689674
-0.00431625
-0.0051283
-0.00295085
-0.00362375
-0.00186039
-0.00238976
-0.00105833
-0.00143825
-0.000551169
-0.00078134
-0.000319777
-0.000415213
-0.000319265
-0.000302998
-0.000497611
-0.000397547
-0.000804552
-0.000645159
-0.00120388
-0.00100163
-0.00167255
-0.0014383
-0.0021876
-0.00193423
-0.00270697
-0.00246187
-0.00317695
-0.0029668
-0.00340558
-0.00111688
-0.0015177
-0.000505742
-0.000791725
-2.23311e-05
-0.000252576
0.000415196
0.000199745
0.000814026
0.000618875
0.00117721
0.00100022
0.00150581
0.00134542
0.00180088
0.00165755
0.00205646
0.00193393
0.00226245
0.00216574
0.00241135
0.00234339
0.0025063
0.00246364
0.00255965
0.00253661
0.00257983
0.00257422
0.00256264
0.00257666
0.0025063
0.00253902
0.0024099
0.00246257
0.00226524
0.00234322
0.00206706
0.00217215
0.00181985
0.00194889
0.00153248
0.00168065
0.00120857
0.00137488
0.000847638
0.00103275
0.00044187
0.000650915
-2.15328e-05
0.000218238
-0.000565607
-0.000281726
-0.00122859
-0.000879651
-0.00207375
-0.00162624
-0.00256308
-0.00781964
-0.2706
-0.380295
-0.18485
-0.276644
-0.243928
-0.188913
-0.463522
-0.171696
0.200425
0.168903
-0.0546427
0.0159828
-0.335895
-0.299104
-0.345841
-0.400845
-0.198497
-0.230645
-0.11431
0.162807
0.174397
0.175384
0.0750913
0.0548714
0.0650159
0.23281
0.23041
0.258272
0.0919304
0.101771
-0.00298508
-0.00357527
-0.00416944
-0.00422526
0.0623492
0.105832
0.111017
0.047207
-0.39927
-0.328382
-0.308176
-0.431508
-0.250556
-0.00314469
-0.00308764
-0.00189716
-0.00237078
-0.257244
-0.2769
-0.450683
-0.445919
-0.0523472
0.125684
0.12621
0.15153
-0.00310405
-0.00312311
-0.0027522
-0.0029115
-0.00229695
-0.00250764
-0.00183445
-0.00204892
-0.00145924
-0.00163538
-0.00119071
-0.00131316
-0.001035
-0.00109817
-0.00101043
-0.00100484
-0.00115137
-0.00105717
-0.00151353
-0.00130078
-0.00216062
-0.00179805
-0.0031378
-0.00260701
-0.00445163
-0.00375405
-0.00607684
-0.00522722
-0.00799517
-0.00700017
-0.0101599
-0.00904717
-0.0125342
-0.0113221
-0.0150464
-0.0137747
-0.017624
-0.0163306
-0.0201971
-0.018913
-0.0227119
-0.0214635
-0.0251277
-0.0239324
-0.0274276
-0.0262911
-0.0296135
-0.0285331
-0.0316961
-0.0306659
-0.0336873
-0.0327018
-0.0355898
-0.0346493
-0.0373888
-0.0365032
-0.0390468
-0.038238
-0.040498
-0.0398027
-0.0416455
-0.0411159
-0.0423658
-0.0420662
-0.0425156
-0.0425201
-0.0419348
-0.0423253
-0.0404546
-0.0413161
-0.0379079
-0.0393231
-0.0341377
-0.0361837
-0.0290064
-0.0317486
-0.0224115
-0.0258965
-0.0142752
-0.0185409
-0.00451203
-0.00960309
0.0069784
0.00100958
0.0203485
0.0134111
0.0363141
0.027952
0.0452747
0.0820541
0.0825007
0.0821314
0.0830645
0.0823201
0.0861224
0.084326
0.0917369
0.0885918
0.100531
0.0957263
0.112935
0.106267
0.130874
0.121056
0.15525
0.14234
0.187149
0.169945
0.207342
0.144332
0.152855
0.130708
0.137022
0.120901
0.125396
0.114201
0.11722
0.110098
0.111866
0.108278
0.108934
0.108393
0.108117
0.110056
0.109094
0.0724874
0.0820974
0.0545983
0.0632362
0.0386249
0.0463774
0.0243158
0.0312898
0.0114154
0.0177203
1.22264e-05
0.00553707
-0.00994934
-0.00513802
-0.0185313
-0.014405
-0.0256888
-0.0222738
-0.0314244
-0.0287133
-0.0357774
-0.0337495
-0.0388136
-0.0374335
-0.0406342
-0.0398487
-0.0413723
-0.0411125
-0.0411873
-0.0413722
-0.0402478
-0.0407941
-0.0387181
-0.0395447
-0.036751
-0.0377836
-0.0344776
-0.0356532
-0.0320039
-0.0332721
-0.0294097
-0.0307329
-0.0267518
-0.0281033
-0.0240696
-0.0254306
-0.0213886
-0.0227468
-0.0187285
-0.0200735
-0.0161131
-0.0174314
-0.0135704
-0.0148468
-0.0111404
-0.0123531
-0.00886773
-0.00999282
-0.00681799
-0.00782273
-0.00502329
-0.0058936
-0.00351604
-0.00423982
-0.00230741
-0.00287846
-0.00141652
-0.00182545
-0.000850707
-0.00109691
-0.000586357
-0.00068635
-0.000570615
-0.000553077
-0.000743469
-0.000638701
-0.00105359
-0.000885511
-0.00146795
-0.00125058
-0.00196875
-0.00170919
-0.00254146
-0.00224588
-0.00314809
-0.00283953
-0.00372631
-0.00344318
-0.00394481
-0.0011014
-0.00147656
-0.000508338
-0.000786851
-4.77669e-05
-0.000262918
0.000341318
0.000151319
0.000696357
0.000522162
0.001021
0.000862675
0.0013138
0.00117092
0.00157479
0.00144809
0.00179925
0.00169166
0.0019793
0.00189451
0.00210966
0.00204968
0.00219354
0.00215527
0.00223998
0.00221967
0.00225611
0.00225175
0.00223954
0.00225225
0.00218917
0.00221797
0.0021038
0.00214995
0.00197675
0.0020447
0.00180336
0.00189496
0.00158634
0.00169951
0.00133194
0.00146317
0.00104265
0.00119132
0.000717396
0.000884457
0.000348636
0.000538952
-7.68384e-05
0.00014389
-0.000580278
-0.000317309
-0.00119341
-0.000870604
-0.0019729
-0.00155723
-0.00245543
-0.0196498
-0.318713
-0.370137
-0.219075
-0.2022
-0.150564
0.187907
0.0832217
0.0752909
0.270387
0.29259
0.111202
-0.00427359
-0.0760936
0.0135963
0.118397
-0.379215
-0.343829
-0.331091
-0.395992
-0.222192
-0.239638
-0.251299
-0.00378742
-0.0037312
-0.00290749
-0.00173583
-0.00214956
-0.255629
-0.294768
-0.426093
-0.428267
0.0339194
0.0724264
0.173088
0.134653
0.190244
0.1647
0.203443
0.188863
0.144385
0.157498
0.20786
0.179718
0.19871
0.221572
0.207426
0.229708
0.224182
0.255962
0.228794
0.24274
0.0842125
0.25313
0.0853596
0.266871
0.280624
0.294188
0.197608
0.325856
0.314332
0.291606
-0.451097
0.0926495
0.0947734
0.144915
0.234907
0.332112
0.31698
-0.270451
0.510788
0.55958
0.512431
0.561002
-0.00363832
-0.00373943
-0.00316287
-0.00338175
-0.00260102
-0.00286329
-0.00207604
-0.00232008
-0.00165837
-0.00184835
-0.00136423
-0.00149302
-0.00120352
-0.00126601
-0.0011886
-0.0011765
-0.00135057
-0.00124476
-0.00174527
-0.00151511
-0.00244099
-0.0020522
-0.00349086
-0.00292069
-0.00490791
-0.00415536
-0.00666707
-0.00574808
-0.0087363
-0.00766548
-0.0110919
-0.00988571
-0.0136455
-0.0123493
-0.0163282
-0.0149753
-0.0190528
-0.0176909
-0.0217379
-0.0204056
-0.0243138
-0.0230438
-0.0267307
-0.0255443
-0.0289682
-0.0278725
-0.0310299
-0.0300207
-0.0329327
-0.0320005
-0.0346977
-0.0338321
-0.0363387
-0.0355345
-0.0378521
-0.0371137
-0.0392119
-0.0385555
-0.0403628
-0.0398199
-0.0412182
-0.0408358
-0.0416686
-0.0415035
-0.0415857
-0.0417046
-0.040825
-0.0413015
-0.0392351
-0.040145
-0.0366681
-0.0380844
-0.0329864
-0.034976
-0.0280711
-0.0306903
-0.0218278
-0.0251212
-0.0141711
-0.018182
-0.00499054
-0.0097791
0.0058588
0.000215292
0.0187042
0.0119895
0.0343798
0.0261248
0.0535248
0.0435539
0.0754087
0.0642156
0.0893775
0.0907998
0.0880333
0.0884583
0.0889546
0.0882277
0.0923521
0.0903434
0.0986518
0.0951365
0.108367
0.103086
0.122232
0.114747
0.141443
0.131147
0.167003
0.153438
0.200662
0.182575
0.245306
0.221723
0.303824
0.27234
0.377129
0.3791
0.339455
0.330804
0.406448
0.399785
0.364105
0.27549
0.30175
0.231799
0.252312
0.197776
0.213624
0.171998
0.183991
0.152503
0.161596
0.137947
0.144712
0.127398
0.132238
0.120231
0.123452
0.115971
0.117782
0.11433
0.114871
0.115152
0.11444
0.118009
0.116358
0.0911264
0.112601
0.101974
0.0705234
0.0805477
0.0524271
0.061169
0.0366377
0.0442787
0.0228383
0.0295429
0.010655
0.0165684
-7.42095e-05
0.00512237
-0.00946727
-0.0049309
-0.017586
-0.013686
-0.0244209
-0.021167
-0.0299744
-0.0273591
-0.0342832
-0.0322849
-0.0374054
-0.0359914
-0.0394266
-0.0385503
-0.0404576
-0.0400605
-0.040629
-0.0406434
-0.0400816
-0.0404372
-0.0389469
-0.0395793
-0.0373476
-0.0381965
-0.0353935
-0.0364062
-0.0331766
-0.0343096
-0.0307701
-0.0319893
-0.0282304
-0.0295097
-0.0256001
-0.0269198
-0.0229106
-0.0242563
-0.0201892
-0.0215473
-0.0174689
-0.0188222
-0.0147872
-0.016116
-0.0121932
-0.0134713
-0.00975402
-0.0109472
-0.00753728
-0.00860793
-0.00560521
-0.00653504
-0.00396914
-0.00474655
-0.00265937
-0.00327122
-0.00169704
-0.00213323
-0.00108621
-0.00134815
-0.000796917
-0.000904046
-0.000769538
-0.000754235
-0.000938805
-0.000832596
-0.00125532
-0.00108038
-0.00168955
-0.00145791
-0.00222837
-0.00194499
-0.0028623
-0.00253244
-0.00356756
-0.00320758
-0.00428396
-0.00392868
-0.00483507
-0.00454968
-0.00504771
-0.00490392
-0.00105395
-0.00137695
-0.000514401
-0.000771744
-8.39248e-05
-0.000285502
0.000269776
9.9184e-05
0.000582946
0.000429836
0.000866862
0.000728336
0.00112203
0.000997452
0.00134803
0.00123825
0.00154131
0.00144834
0.00169664
0.00162288
0.00181017
0.00175695
0.00188467
0.00184965
0.00192583
0.00190736
0.00193884
0.00193557
0.00192276
0.00193458
0.00187777
0.00190299
0.00180297
0.00184257
0.00169297
0.0017509
0.00154367
0.0016219
0.00135645
0.00145374
0.00113553
0.00124937
0.000882375
0.00101253
0.00059539
0.000742972
0.000267547
0.000436987
-0.00011354
8.45571e-05
-0.00056712
-0.000329833
-0.00111891
-0.000828672
-0.00181301
-0.00144232
-0.00276127
-0.00225082
-0.00399906
-0.00334532
-0.0327639
0.495463
0.436003
0.468466
0.174891
0.420532
0.492837
0.460344
-0.358403
-0.360365
-0.248828
-0.00352848
-0.00469445
-0.00263462
-0.109832
0.12007
0.0867124
-0.276425
-0.277524
-0.259603
-0.31948
-0.388678
-0.40797
0.430748
0.532427
0.255992
0.125022
0.535836
0.452687
-0.105578
0.0114307
-0.334496
-0.29794
-0.376607
-0.373025
-0.433891
0.0974118
0.122556
0.080852
0.177032
0.374117
0.284033
0.338708
0.407375
0.0132956
-0.287922
-0.273094
-0.00319513
-0.437785
-0.00365673
-0.336336
-0.00453098
0.62388
0.622495
-0.267327
-0.35154
-0.38792
0.483526
0.197964
0.497238
-0.049363
-0.326355
-0.41499
-0.00300469
-0.00245238
-0.00199072
-0.00160917
-0.00128867
-0.00100567
-0.000751822
-0.000523001
-0.000316043
-0.000127841
4.43431e-05
0.000202706
0.000349425
0.000485616
0.000612819
0.000731683
0.000843246
0.000947281
0.00104441
0.00113447
0.00121723
0.0012924
0.00135925
0.00141875
0.00146906
0.00151276
0.0015479
0.00157703
0.00159948
0.00161484
0.00162518
0.00162718
0.00162477
0.00161511
0.00160013
0.00157972
0.00155142
0.00151711
0.00147317
0.00142164
0.00136047
0.00129128
0.00121373
0.00112873
0.00103653
0.000937387
0.000831988
0.000720163
0.000602179
0.000477094
0.00034506
0.000204795
5.37132e-05
-0.000110572
-0.000290488
-0.000491617
-0.00071302
-0.000951296
-0.00121833
-0.00151162
-0.00185596
-0.00226217
-0.00272547
-0.287205
-0.192533
0.00656355
0.397868
0.343542
0.223819
0.0983365
-0.00519594
-0.00566911
-0.00585061
-0.00576154
-0.00555163
-0.00520781
-0.00483078
-0.00438913
-0.0039614
-0.00354285
-0.00315046
-0.00278444
-0.00244715
-0.00214179
-0.00186455
-0.00162124
-0.00140576
-0.00122704
-0.00107928
-0.000975325
-0.000910599
-0.0009021
-0.000946875
-0.00106496
-0.00125399
-0.00153226
-0.00189506
-0.0023567
-0.00290755
-0.0035578
-0.00429373
-0.00512426
-0.00603355
-0.00703045
-0.00809593
-0.00923967
-0.0104347
-0.0117028
-0.0130213
-0.0143879
-0.0157662
-0.0171691
-0.0185733
-0.0199931
-0.0213952
-0.0228027
-0.0241815
-0.0255564
-0.0268928
-0.0282175
-0.0294951
-0.0307523
-0.031952
-0.0331198
-0.0342176
-0.0352686
-0.0362346
-0.0371357
-0.0379339
-0.0386454
-0.0392335
-0.0397101
-0.0400411
-0.040235
-0.0402605
-0.0401203
-0.0397842
-0.0392522
-0.0384993
-0.0375232
-0.0363044
-0.0348388
-0.0331122
-0.0311208
-0.0288549
-0.0263125
-0.0234858
-0.0203763
-0.0169768
-0.0132962
-0.00932474
-0.0050749
-0.000520954
0.00432304
0.00950255
0.0150021
0.0209029
0.0272023
0.0340356
0.0413986
0.0494662
0.0582147
0.06782
0.0782589
0.0895749
0.101665
0.113765
0.125287
0.135815
0.131834
0.128283
0.125306
0.122977
0.121224
0.120145
0.119772
0.120123
0.121179
0.122981
0.125544
0.128908
0.133103
0.1382
0.144255
0.151354
0.159571
0.16903
0.179811
0.192079
0.20603
0.221845
0.239556
0.259262
0.281028
0.30566
0.332579
0.361261
0.391256
0.420601
0.446352
0.465575
0.476117
0.474365
0.460823
0.436736
0.405648
0.372278
0.339263
0.308367
0.280235
0.255086
0.232045
0.210864
0.192551
0.176614
0.162669
0.150265
0.139361
0.129957
0.12195
0.115122
0.10938
0.104613
0.100777
0.0977676
0.0956053
0.0941674
0.093467
0.0934495
0.0941386
0.0955083
0.0975727
0.100079
0.103265
0.107102
0.111678
0.100908
0.0884297
0.0754572
0.0630174
0.0515234
0.0412081
0.0320269
0.0238885
0.0166496
0.0101631
0.00432045
-0.000998351
-0.00585792
-0.0103208
-0.0144019
-0.0181416
-0.0215436
-0.0246338
-0.0274102
-0.029896
-0.0320878
-0.03401
-0.0356596
-0.0370652
-0.0382245
-0.0391706
-0.0399001
-0.0404501
-0.0408155
-0.0410362
-0.041104
-0.0410613
-0.040895
-0.0406486
-0.0403037
-0.0399024
-0.0394243
-0.0389087
-0.0383309
-0.037727
-0.0370681
-0.0363871
-0.0356519
-0.034893
-0.0340761
-0.0332294
-0.0323183
-0.0313698
-0.030351
-0.0292885
-0.0281528
-0.0269713
-0.0257201
-0.0244283
-0.0230776
-0.0217
-0.0202817
-0.018853
-0.0174121
-0.0159914
-0.0145824
-0.0131986
-0.0118458
-0.0105663
-0.00934916
-0.00821161
-0.00714538
-0.00616836
-0.0052737
-0.00447798
-0.00377306
-0.00317236
-0.00266301
-0.00225277
-0.00192319
-0.00167789
-0.0014955
-0.00138038
-0.00131137
-0.00129597
-0.001318
-0.00138397
-0.00148646
-0.00162652
-0.0018069
-0.00201941
-0.0022762
-0.00255292
-0.00287601
-0.0031989
-0.00356129
-0.00384959
-0.00415459
-0.00438661
-0.0045035
-0.00449432
-0.00427458
-0.00386578
-0.0032254
-0.00303941
-0.4222
-0.283088
-0.310243
-0.37955
-0.312199
-0.382058
-0.386078
-0.413644
0.581408
0.440841
0.129738
0.30266
0.466186
0.585364
0.00369116
-0.149735
-0.0777809
0.525566
0.232148
0.512695
-0.395151
-0.34198
-0.296506
-0.444142
-0.305277
-0.401825
-0.00252632
-0.00206216
-0.00168984
-0.00137866
-0.00110993
-0.000870077
-0.000655535
-0.000462819
-0.000289206
-0.000131572
1.22932e-05
0.000144376
0.000266405
0.000379307
0.000484471
0.000582263
0.000673782
0.000758892
0.000838138
0.000911852
0.000979333
0.00104051
0.00109559
0.00114454
0.00118698
0.00122366
0.00125416
0.00127906
0.0012985
0.0013115
0.00131959
0.00132062
0.00131728
0.00130781
0.00129402
0.00127547
0.00125157
0.00122227
0.00118625
0.00114385
0.00109457
0.00103855
0.000976139
0.000907417
0.000832791
0.000752142
0.000666146
0.000574394
0.000477175
0.000373472
0.000263196
0.00014512
1.73117e-05
-0.000121435
-0.000271894
-0.000437473
-0.000617913
-0.000810675
-0.00102362
-0.00125463
-0.0015189
-0.00183056
-0.0021801
-0.0025281
-0.00320391
0.147389
0.294296
0.145715
0.140525
0.135887
0.131981
0.128854
0.126541
0.125099
0.124467
0.124647
0.125637
0.127458
0.130109
0.133604
0.137997
0.143325
0.149655
0.157045
0.165579
0.175331
0.186397
0.198885
0.212933
0.228597
0.245841
0.264806
0.285752
0.308404
0.332763
0.357819
0.383237
0.407794
0.428749
0.443106
0.449315
0.447227
0.436587
0.418172
0.393848
0.366292
0.337687
0.310017
0.284222
0.260392
0.238434
0.218302
0.20016
0.184037
0.169757
0.157114
0.145958
0.136219
0.127811
0.12062
0.114572
0.109548
0.10548
0.102319
0.100065
0.0985933
0.0979544
0.0981059
0.099055
0.100813
0.103366
0.1065
0.110601
0.115345
0.120931
0.127395
0.119254
0.105865
0.0907944
0.0757342
0.0617631
0.0493053
0.0385224
0.0291953
0.0211194
0.0140494
0.00785599
0.00236683
-0.00255373
-0.00701152
-0.0111244
-0.0148604
-0.018333
-0.0214734
-0.0243739
-0.0269623
-0.0293313
-0.0314031
-0.0332742
-0.0348625
-0.0362723
-0.0374184
-0.038413
-0.0391672
-0.0398
-0.0402181
-0.0405463
-0.0406865
-0.0407674
-0.0406855
-0.0405721
-0.0403169
-0.0400534
-0.0396635
-0.0392834
-0.0387863
-0.0383101
-0.0377198
-0.0371546
-0.0364727
-0.0358145
-0.0350329
-0.0342694
-0.0333741
-0.0324895
-0.0314656
-0.0304467
-0.0292846
-0.0281266
-0.0268287
-0.0255419
-0.0241269
-0.0227415
-0.0212442
-0.019803
-0.0182668
-0.0168084
-0.0152878
-0.0138641
-0.0124356
-0.0111219
-0.00982081
-0.00865066
-0.00750883
-0.00650998
-0.00555142
-0.00474458
-0.0039858
-0.00338182
-0.00282517
-0.00241648
-0.00204417
-0.00180428
-0.00158445
-0.00147874
-0.00137876
-0.00137932
-0.00137788
-0.00146765
-0.00155486
-0.00172547
-0.00190202
-0.00214921
-0.00242565
-0.00273629
-0.00309867
-0.00349095
-0.00390522
-0.00431003
-0.00464521
-0.00504591
-0.00522814
-0.00543712
-0.00514482
-0.00477275
-0.00374124
-0.00296335
-0.00246061
-0.0156512
-0.22842
0.472434
0.64537
0.140776
0.368759
0.632151
0.421682
-0.374473
-0.403339
-0.368965
-0.308304
-0.00610246
-0.00685843
-0.00686085
-0.00667141
-0.00628863
-0.00583559
-0.00532239
-0.00481267
-0.00430898
-0.00384351
-0.00339493
-0.00300098
-0.00262157
-0.00230226
-0.00199306
-0.00174591
-0.00150638
-0.00133159
-0.00116622
-0.00107193
-0.000994902
-0.00100018
-0.00103642
-0.00117278
-0.00135413
-0.00165375
-0.00201095
-0.00249904
-0.00305027
-0.00373572
-0.00448194
-0.00535883
-0.0062894
-0.00734346
-0.00844161
-0.00965388
-0.0108941
-0.0122301
-0.0135717
-0.0150118
-0.0164254
-0.0178953
-0.0193499
-0.0208322
-0.0222671
-0.0237181
-0.025117
-0.0265215
-0.0278622
-0.029199
-0.0304621
-0.0317115
-0.0328759
-0.0340145
-0.0350543
-0.0360537
-0.0369382
-0.0377655
-0.0384595
-0.0390774
-0.0395422
-0.0399107
-0.0401062
-0.0401856
-0.0400714
-0.0398191
-0.0393496
-0.038722
-0.0378562
-0.0368145
-0.0355165
-0.0340269
-0.0322671
-0.0303034
-0.0280608
-0.0256057
-0.0228679
-0.0199119
-0.0166755
-0.0132195
-0.00948994
-0.00553642
-0.00130793
0.00316411
0.00793109
0.0129911
0.0184097
0.0242425
0.0305948
0.0375991
0.0453877
0.0540911
0.0638212
0.0746581
0.0868445
0.100228
0.11432
0.12824
0.141129
0.152542
-0.288963
0.784577
0.13691
-0.295954
-0.00570887
-0.0069657
-0.00823878
-0.00785692
-0.00757262
-0.00696795
-0.00637857
-0.0057596
-0.00517331
-0.00459884
-0.00408624
-0.00359129
-0.00316754
-0.00275623
-0.00241793
-0.00208621
-0.00182778
-0.00157263
-0.00139285
-0.00121729
-0.00112364
-0.00104041
-0.00105167
-0.0010854
-0.00122747
-0.00140874
-0.00171282
-0.00207095
-0.00256361
-0.00311915
-0.00381249
-0.00456929
-0.00546035
-0.00640978
-0.00748531
-0.00861011
-0.00984893
-0.0111239
-0.0124953
-0.0138816
-0.0153325
-0.0167921
-0.0183159
-0.0198155
-0.0213217
-0.022778
-0.0242624
-0.0256817
-0.0271162
-0.0284694
-0.0298241
-0.0310879
-0.0323429
-0.0334951
-0.0346256
-0.0356391
-0.0366155
-0.0374582
-0.0382467
-0.0388833
-0.0394472
-0.03984
-0.0401416
-0.0402528
-0.0402556
-0.0400501
-0.0397168
-0.0391605
-0.0384581
-0.0375194
-0.0364194
-0.0350725
-0.033552
-0.0317776
-0.0298213
-0.0276086
-0.0252094
-0.0225561
-0.0197158
-0.016629
-0.0133592
-0.0098542
-0.00617008
-0.00225709
0.0018415
0.00618076
0.0107461
0.0156197
0.0208484
0.0265728
0.0329764
0.0402741
0.0486611
0.0584161
0.0697614
0.0828353
0.0978054
0.114389
0.13208
0.148927
0.799014
-0.332643
-0.385628
0.52233
0.298569
0.556421
-0.141244
0.715114
-0.377187
0.129202
0.122235
0.116724
0.111948
0.10808
0.105153
0.103068
0.101886
0.101606
0.102194
0.103656
0.10603
0.109305
0.113538
0.118786
0.125096
0.132546
0.141223
0.151201
0.162564
0.175394
0.189767
0.205849
0.223711
0.243304
0.264361
0.286743
0.310351
0.33482
0.359327
0.382603
0.402838
0.418122
0.42718
0.429452
0.425067
0.413871
0.396854
0.37631
0.354315
0.331961
0.309865
0.288732
0.268811
0.250438
0.233566
0.218103
0.204072
0.191465
0.180218
0.170257
0.161507
0.153904
0.147386
0.141883
0.137344
0.133756
0.131063
0.129269
0.12834
0.128313
0.129185
0.131024
0.13387
0.13773
0.142636
0.14855
0.155263
0.163555
-0.00197388
-0.00162923
-0.00135532
-0.00111581
-0.000901625
-0.000710264
-0.00053842
-0.000385176
-0.000246797
-0.000121615
-7.36088e-06
9.73551e-05
0.000193749
0.000283012
0.000365494
0.000442586
0.000513611
0.000580304
0.000640727
0.000700088
0.00075112
0.000799318
0.000841238
0.000880409
0.000912867
0.000942854
0.000966378
0.00098737
0.00100244
0.00101391
0.00102
0.00102171
0.00101839
0.00101148
0.00099928
0.000984964
0.000964695
0.000942142
0.00091281
0.000880578
0.00084166
0.000799232
0.000750544
0.000698176
0.000640093
0.000578237
0.000511092
0.000439995
0.00036366
0.000282452
0.00019538
0.000102287
1.61481e-06
-0.000107067
-0.00022359
-0.00035099
-0.00048867
-0.000636546
-0.000799475
-0.000972059
-0.00116397
-0.00137199
-0.00163006
-0.00189766
-0.00118174
0.138008
0.127249
0.111541
0.0936875
0.0759401
0.0599527
0.046293
0.0349366
0.0254511
0.0174579
0.0106878
0.00490461
-9.47388e-05
-0.00452872
-0.00852723
-0.0122082
-0.015597
-0.01875
-0.021646
-0.024329
-0.0267614
-0.0289955
-0.0309815
-0.0327825
-0.0343407
-0.0357311
-0.0368902
-0.0379037
-0.0387028
-0.0393817
-0.039867
-0.0402594
-0.0404803
-0.0406353
-0.0406401
-0.0406037
-0.0404367
-0.0402484
-0.0399436
-0.0396313
-0.0392112
-0.0387918
-0.0382675
-0.0377465
-0.0371183
-0.0364908
-0.0357502
-0.0350043
-0.0341376
-0.0332581
-0.03225
-0.0312234
-0.0300658
-0.0288887
-0.0275853
-0.0262687
-0.0248384
-0.0234101
-0.0218921
-0.0203945
-0.018832
-0.0173211
-0.0157727
-0.0143191
-0.0128475
-0.0114968
-0.0101557
-0.00895232
-0.00777665
-0.00675008
-0.0057642
-0.00493475
-0.00415358
-0.00352956
-0.0029532
-0.00252558
-0.00213609
-0.0018795
-0.00164674
-0.00152941
-0.00142307
-0.00141805
-0.00141625
-0.00150598
-0.00159915
-0.00177704
-0.00196282
-0.00222769
-0.00250247
-0.00286655
-0.00325837
-0.00371493
-0.00416238
-0.00469982
-0.00512937
-0.00563617
-0.00597949
-0.00628939
-0.00629747
-0.00581103
-0.00475288
-0.00326458
-0.00115017
-0.387536
0.455681
0.231149
0.39539
0.697436
-0.309186
-0.359296
0.210786
-0.0488538
-0.00153098
-0.00155547
-0.00316349
-0.00852486
-0.002369
-0.00203328
-0.375616
-0.25545
0.0548012
0.558985
0.372183
0.535084
-0.373359
0.137011
0.121764
0.128337
0.111815
0.11625
0.1061
0.108457
0.104361
0.104761
0.1064
0.104929
0.112205
0.108842
0.121979
0.116583
0.136127
0.128488
0.155184
0.145027
0.179714
0.166742
0.210256
0.194226
0.246859
0.227863
0.288592
0.267189
0.333188
0.310748
0.375274
0.355052
0.405343
0.392402
0.415071
0.412995
0.40206
0.411359
0.37037
0.387849
0.330723
0.350963
0.290411
0.310341
0.253458
0.271354
0.221549
0.236864
0.194931
0.207586
0.173518
0.183608
0.156911
0.164654
0.144668
0.150284
0.136422
0.140071
0.131959
0.133736
0.131224
0.13113
0.134469
0.132334
0.142235
0.137763
0.155175
0.148051
0.173578
0.163533
-0.0066441
-0.0030095
-0.00754922
-0.00699055
-0.00666575
-0.00706108
-0.0055087
-0.00610806
-0.00432122
-0.00494799
-0.00334196
-0.00380403
-0.00257223
-0.00292404
-0.00200543
-0.00225337
-0.00163113
-0.00178326
-0.00144557
-0.00150323
-0.00145819
-0.00141493
-0.00169588
-0.00153655
-0.00220659
-0.00190479
-0.00304845
-0.00257425
-0.00427304
-0.00360262
-0.00590722
-0.00503094
-0.00794564
-0.00686987
-0.0103552
-0.00909966
-0.0130799
-0.011675
-0.0160405
-0.0145298
-0.019135
-0.0175692
-0.022239
-0.0206871
-0.0252164
-0.0237367
-0.0279948
-0.0266264
-0.0305017
-0.0292745
-0.0327061
-0.0316324
-0.0346043
-0.0336837
-0.0362182
-0.0354348
-0.037574
-0.0369158
-0.0386942
-0.0381508
-0.0395903
-0.0391578
-0.0402564
-0.0399401
-0.0406663
-0.0404819
-0.0407743
-0.0407468
-0.0405144
-0.0406795
-0.0398056
-0.0402056
-0.0385615
-0.0392398
-0.0366991
-0.0376962
-0.0341485
-0.0354972
-0.0308612
-0.0325824
-0.0268178
-0.0289173
-0.0220273
-0.0244973
-0.0165061
-0.0193399
-0.0101911
-0.0134388
-0.00276184
-0.00663238
0.00682033
0.00167947
0.0206269
0.0130695
0.041676
0.0300225
0.074824
0.0565491
0.116444
0.0958401
0.133777
-0.319713
0.174804
0.183758
0.182488
-0.00208377
-0.00116112
-0.00133247
-0.000828691
-0.000993493
-0.000537136
-0.000676342
-0.000300235
-0.000412409
-0.00010796
-0.000199373
5.10244e-05
-2.48212e-05
0.000184754
0.000120794
0.00029848
0.000244003
0.000395291
0.000349089
0.000478578
0.000438585
0.000548814
0.000515519
0.000607578
0.000579704
0.000656065
0.000633192
0.000694285
0.000676825
0.000718945
0.000709094
0.000725453
0.000725294
0.000713272
0.000722041
0.000686857
0.000701777
0.000650712
0.000670131
0.0006052
0.000629412
0.000548755
0.000578745
0.00047981
0.000516214
0.000397604
0.000440686
0.000301587
0.000351589
0.00019068
0.000248321
6.30923e-05
0.000129187
-8.46589e-05
-8.03724e-06
-0.000255959
-0.000166685
-0.00045595
-0.00035299
-0.000697645
-0.000571595
-0.000951145
-0.000831593
-0.00147344
-0.00105772
-2.44273e-05
-0.00371668
-0.00955135
-0.00792759
-0.00826088
-0.00876428
-0.00680835
-0.00747901
-0.00542728
-0.00604964
-0.00424853
-0.00477051
-0.00327623
-0.0036969
-0.002492
-0.00282036
-0.00187919
-0.0021229
-0.00143106
-0.00159212
-0.00115673
-0.00122848
-0.0010859
-0.00105093
-0.00126763
-0.00109911
-0.00175849
-0.00142756
-0.00261238
-0.00209334
-0.00386398
-0.00314377
-0.00551739
-0.00459751
-0.00755404
-0.0064463
-0.00993734
-0.00866201
-0.0126095
-0.0111978
-0.015493
-0.0139857
-0.0184881
-0.0169381
-0.0215274
-0.0199517
-0.024531
-0.0229979
-0.0274306
-0.0259563
-0.030168
-0.0287791
-0.0327068
-0.031422
-0.0349967
-0.0338423
-0.0369786
-0.0359853
-0.038585
-0.0377873
-0.0397426
-0.0391777
-0.0403758
-0.0400814
-0.0404118
-0.0404238
-0.0397856
-0.0401345
-0.038439
-0.0391528
-0.0363233
-0.0374251
-0.033403
-0.0349088
-0.0296583
-0.031576
-0.0250887
-0.0274163
-0.0197148
-0.0224394
-0.0135815
-0.0166781
-0.00675607
-0.0101896
0.000690446
-0.00304716
0.00874812
0.00469469
0.0176594
0.0131167
0.0283094
0.0227164
0.0426106
0.0348659
0.0635943
0.0520459
0.0944476
0.0776235
0.135205
0.114057
0.157204
-0.00467476
-0.00739413
0.163896
0.197403
0.184886
0.112784
0.138752
0.0713713
0.0898801
0.0458816
0.0569003
0.0304644
0.0371981
0.0200548
0.0248022
0.0115724
0.0156211
0.00376716
0.00755364
-0.00362347
-3.70682e-05
-0.0105534
-0.00720827
-0.016912
-0.0138653
-0.0225994
-0.0198985
-0.0275425
-0.0252206
-0.0316959
-0.0297724
-0.0350394
-0.0335216
-0.0375747
-0.0364592
-0.0393228
-0.0385968
-0.0403209
-0.0399639
-0.0406201
-0.0406049
-0.0402822
-0.0405769
-0.0393771
-0.0399459
-0.0379794
-0.0387846
-0.0361643
-0.0371686
-0.0340032
-0.0351717
-0.0315604
-0.0328621
-0.028891
-0.0302996
-0.0260458
-0.0275357
-0.0230692
-0.0246188
-0.0200298
-0.0216025
-0.0169821
-0.018547
-0.014014
-0.0155244
-0.0112172
-0.0126328
-0.00867547
-0.00995469
-0.00645667
-0.00756773
-0.00460801
-0.00552947
-0.00315521
-0.00387699
-0.00210508
-0.00262659
-0.00143721
-0.00177241
-0.00110407
-0.00127805
-0.00105165
-0.00109216
-0.00122777
-0.00116
-0.00159441
-0.00143507
-0.00213313
-0.00188888
-0.0028437
-0.00251249
-0.00374014
-0.00331331
-0.0048469
-0.00431141
-0.00619272
-0.00553587
-0.00778814
-0.00700817
-0.00951966
-0.00865543
-0.00901138
-0.0101142
-0.00959831
-0.00388229
-0.0011543
-0.000772521
-0.000742406
-0.000630569
-0.000515377
-0.000420506
-0.000343626
-0.000273776
-0.000212512
-0.000154379
-0.000101096
-5.25873e-05
-7.12701e-06
3.50154e-05
7.41269e-05
0.000110638
0.000144736
0.000176232
0.00020555
0.000232519
0.000257492
0.000280241
0.000301215
0.000320224
0.000337715
0.000353674
0.000368435
0.000382168
0.00039498
0.00040684
0.000417353
0.000425862
0.000431981
0.000434538
0.000433918
0.000429259
0.00042175
0.000411397
0.00039922
0.000385585
0.00037076
0.000354973
0.000338028
0.000319675
0.000299805
0.000278043
0.000254501
0.000228906
0.000201475
0.000171258
0.000138507
0.000102787
6.394e-05
2.1496e-05
-2.48501e-05
-7.57555e-05
-0.000131739
-0.000193485
-0.000261654
-0.0003368
-0.000418955
-0.000506675
-0.000596121
-0.000673955
-0.000721953
-0.000712239
-0.00081079
-0.000578302
0.195708
-0.00168431
0.16086
0.141142
0.152203
0.0969026
0.121903
0.0519999
0.0721329
0.0246775
0.0361532
0.00904269
0.015584
-0.000709514
0.00345792
-0.00793861
-0.00472467
-0.0141251
-0.0113239
-0.0196844
-0.0171692
-0.0246522
-0.0224296
-0.02897
-0.0270731
-0.0325903
-0.0310395
-0.0355007
-0.0342981
-0.037723
-0.0368539
-0.0393066
-0.0387435
-0.0403198
-0.0400269
-0.0408409
-0.0407786
-0.0409479
-0.0410779
-0.0407105
-0.0409998
-0.0401833
-0.040607
-0.0394028
-0.0399455
-0.0383859
-0.0390419
-0.0371311
-0.0379037
-0.0356224
-0.0365217
-0.0338392
-0.0348751
-0.0317592
-0.032945
-0.0293756
-0.030708
-0.0267045
-0.0281741
-0.0237994
-0.0253758
-0.0207337
-0.0223798
-0.0176174
-0.0192733
-0.0145716
-0.0161776
-0.0117113
-0.0132121
-0.00912908
-0.0104827
-0.00689144
-0.00806716
-0.00504305
-0.00602112
-0.00360172
-0.00437753
-0.00255769
-0.00314006
-0.00187178
-0.00228265
-0.00148998
-0.00175679
-0.00136047
-0.00150754
-0.00144558
-0.00148943
-0.00172744
-0.0016749
-0.00220364
-0.00205408
-0.00288215
-0.00262983
-0.00378253
-0.00341396
-0.00492533
-0.00442797
-0.00633859
-0.00570138
-0.00777745
-0.00714462
-0.00812034
-0.00848189
-0.00359147
-0.00992347
-0.00356967
0.170149
0.182807
0.151747
0.159955
0.140343
0.145287
0.134413
0.136777
0.132958
0.13317
0.135486
0.133746
0.14186
0.138196
0.152183
0.146522
0.166715
0.158908
0.185828
0.175682
0.209873
0.197225
0.238985
0.223808
0.272907
0.255389
0.31048
0.29137
0.348708
0.329782
0.382106
0.366446
0.402681
0.394509
0.404013
0.405892
0.38544
0.397019
0.351603
0.369926
0.310594
0.331507
0.268957
0.289559
0.230399
0.249147
0.197012
0.212993
0.169438
0.182517
0.147463
0.157778
0.130684
0.138468
0.118559
0.124078
0.110667
0.114112
0.10672
0.108217
0.106651
0.106202
0.110689
0.108141
0.119391
0.114417
0.133849
0.125812
0.144196
-0.356558
-0.135772
-0.418499
0.226587
-0.65054
-0.406647
-0.553598
-0.414002
-0.390797
-0.359092
0.710871
0.824313
0.889054
0.814856
0.667699
-0.301651
-0.307126
-0.351048
-0.36619
-0.563822
-0.193082
0.118683
-0.0246627
0.0513611
0.203037
0.176383
0.144088
0.11282
0.0870928
0.0671457
0.0520625
0.0408963
0.032693
0.0265319
0.0216368
0.0174376
0.0135891
0.00988716
0.00624454
0.00262836
-0.000953661
-0.00448282
-0.00793367
-0.0112812
-0.0145042
-0.0175823
-0.0205015
-0.023247
-0.0258106
-0.0281819
-0.0303576
-0.0323306
-0.0341016
-0.0356663
-0.0370291
-0.0381875
-0.0391493
-0.0399136
-0.0404913
-0.0408822
-0.0411002
-0.0411452
-0.0410338
-0.0407655
-0.0403593
-0.0398141
-0.039151
-0.0383673
-0.0374857
-0.0365014
-0.035438
-0.0342885
-0.0330768
-0.0317934
-0.0304625
-0.0290726
-0.0276482
-0.0261759
-0.0246813
-0.0231536
-0.021614
-0.0200557
-0.0185147
-0.0169726
-0.0154673
-0.0139815
-0.0125564
-0.0111723
-0.00986853
-0.00862512
-0.00747834
-0.00640605
-0.00544149
-0.00456013
-0.00379197
-0.00311
-0.00254244
-0.00206161
-0.00168992
-0.00139321
-0.0011922
-0.00105518
-0.00100058
-0.000996794
-0.00106213
-0.00116707
-0.00133155
-0.00152878
-0.00178067
-0.0020632
-0.00239985
-0.00276908
-0.0031953
-0.00365928
-0.00418608
-0.00475882
-0.00540455
-0.00610884
-0.0069051
-0.00777883
-0.00860902
-0.00965569
-0.0106743
-0.0112476
-0.012862
-0.00693811
0.0133381
0.00114235
0.000426601
0.000130553
-0.000246718
-0.000250707
-0.000196394
-0.00015638
-0.000127956
-0.000101958
-8.08454e-05
-6.04611e-05
-4.25528e-05
-2.72009e-05
-1.29077e-05
-2.42594e-07
1.10982e-05
2.13957e-05
3.05681e-05
3.84974e-05
4.54709e-05
5.14377e-05
5.66156e-05
6.09886e-05
6.49005e-05
6.85167e-05
7.23201e-05
7.67285e-05
8.21876e-05
8.92096e-05
9.79697e-05
0.000108529
0.000120036
0.00013122
0.000140482
0.000145956
0.000147005
0.000143094
0.000135444
0.000125202
0.000114072
0.0001034
9.38695e-05
8.59838e-05
7.94766e-05
7.39046e-05
6.8794e-05
6.36786e-05
5.82885e-05
5.22856e-05
4.55517e-05
3.75673e-05
2.84492e-05
1.79013e-05
6.01559e-06
-7.43018e-06
-2.2463e-05
-3.93512e-05
-5.82132e-05
-7.92287e-05
-0.000102288
-0.000127176
-0.000152879
-0.000177465
-0.000197504
-0.000200008
-0.000134668
5.52948e-05
0.000478737
0.00166579
0.00544631
0.0131739
0.0101586
0.200339
0.17453
0.153828
0.129424
0.0997035
0.07121
0.0490655
0.0322205
0.0203546
0.0112327
0.00511508
5.59219e-05
-0.00347897
-0.00698959
-0.00971994
-0.0127835
-0.0152844
-0.0181688
-0.0205119
-0.0231959
-0.025318
-0.0277304
-0.0295657
-0.031654
-0.0331635
-0.0349032
-0.0360744
-0.0374648
-0.0383061
-0.0393644
-0.0398993
-0.040655
-0.0409169
-0.0414066
-0.0414336
-0.0416961
-0.041526
-0.0415978
-0.0412639
-0.041175
-0.0407027
-0.0404747
-0.0398802
-0.0395249
-0.0388144
-0.0383346
-0.0375057
-0.0368962
-0.0359402
-0.0351907
-0.0340955
-0.0331992
-0.0319555
-0.0309067
-0.0295106
-0.0283183
-0.0267844
-0.0254706
-0.0238303
-0.0224342
-0.0207295
-0.0192984
-0.0175858
-0.0161802
-0.0145194
-0.0131989
-0.0116467
-0.0104606
-0.00905797
-0.00803892
-0.00681741
-0.00599152
-0.00496882
-0.00434622
-0.00352802
-0.00310521
-0.00248064
-0.00224165
-0.00178846
-0.00170815
-0.00139923
-0.00145147
-0.00126276
-0.00142713
-0.00134246
-0.00160734
-0.00161934
-0.00198085
-0.00208933
-0.00254912
-0.00275929
-0.00332307
-0.00364604
-0.00432197
-0.00477582
-0.00558891
-0.00620299
-0.00695617
-0.00787278
-0.00883075
-0.00939141
-0.0111067
-0.00565085
-0.00471699
0.0084056
0.283285
0.213763
0.192333
0.174683
0.162628
0.153621
0.146778
0.141619
0.137896
0.135432
0.134118
0.13387
0.134632
0.13637
0.139082
0.142767
0.14745
0.153151
0.159911
0.167767
0.176771
0.186959
0.198377
0.211043
0.224966
0.240115
0.256432
0.273789
0.29198
0.31067
0.329394
0.347574
0.36445
0.379165
0.390756
0.398403
0.401433
0.399681
0.39322
0.382465
0.367994
0.350625
0.331215
0.310739
0.290004
0.269614
0.250037
0.231542
0.214262
0.198317
0.183784
0.170681
0.158991
0.148637
0.139572
0.131734
0.125073
0.119519
0.115033
0.111566
0.109095
0.107605
0.107103
0.107604
0.109162
0.111845
0.115788
0.121156
0.128214
0.137646
0.149674
0.25492
-0.348075
-0.0886416
0.0364819
0.0673509
-0.00887438
0.0149174
-0.049071
-0.130526
-0.12232
0.00357027
-0.0932141
0.00318543
-0.0319753
-0.00697642
0.00022618
0.0275997
-0.00275332
-0.155313
0.821918
-0.00206012
)
;

boundaryField
{
    frontandback
    {
        type            empty;
    }
    walls
    {
        type            zeroGradient;
    }
    diamond
    {
        type            zeroGradient;
    }
    inlet
    {
        type            zeroGradient;
    }
    outlet
    {
        type            fixedValue;
        value           uniform 0;
    }
}


// ************************************************************************* //
