/*--------------------------------*- C++ -*----------------------------------*\
  =========                 |
  \\      /  F ield         | OpenFOAM: The Open Source CFD Toolbox
   \\    /   O peration     | Website:  https://openfoam.org
    \\  /    A nd           | Version:  10
     \\/     M anipulation  |
\*---------------------------------------------------------------------------*/
FoamFile
{
    format      ascii;
    class       volScalarField;
    location    "25.5";
    object      p;
}
// * * * * * * * * * * * * * * * * * * * * * * * * * * * * * * * * * * * * * //

dimensions      [0 2 -2 0 0 0 0];

internalField   nonuniform List<scalar> 
6397
(
3.92556
3.57268
-1.23244
-0.620741
-0.660199
-1.26669
6.2802
2.22273
-18.2919
-15.1051
6.70153
3.28521
-0.20864
-0.137838
-0.199439
-9.79738
-7.96843
-8.65631
12.3926
12.1061
11.5116
-17.0413
-17.9046
-18.3215
-0.0893772
-0.0412215
-0.00193787
-2.20353
-2.16834
-3.31199
-3.37294
0.637973
0.340416
-0.12278
1.32316
1.21282
1.09351
0.913384
1.38196
1.40694
1.41535
1.34004
-3.1345
-3.19531
-4.14834
-2.01638
-1.86598
-2.70034
1.29771
1.23344
1.20787
1.08733
1.16777
5.11435
4.72226
2.40463
2.43973
0.777443
-2.37856
-2.04285
-2.8498
-3.39633
-3.93835
-4.34175
-4.45913
-4.42107
-4.02953
-3.43616
-1.98862
-1.85883
-1.61503
-2.53308
-3.22944
-4.02651
-4.79749
-5.40297
-5.75919
-5.40669
-4.76813
-3.95743
-1.39191
-1.82815
-2.83475
-3.15883
-1.27796
-1.90648
-2.38543
-2.5396
-1.24192
-2.04389
-2.13019
-2.14175
-1.23225
-1.21253
-2.07674
-1.93501
-0.560157
-0.452166
-0.481139
-0.919683
-0.699596
-1.76867
-1.26332
-3.31386
-2.4554
-5.23699
-4.29527
-6.2043
-5.94162
-5.11538
-5.8846
-3.16318
-4.12354
-1.91527
-2.41586
-1.60319
-2.04471
-2.05649
-1.94919
-2.69448
-2.30707
-3.31104
-3.0662
-3.19929
-3.26932
-2.59794
-2.91479
-2.05854
-2.27455
-2.02392
-1.96346
-2.56802
-2.24263
-3.24753
-2.96329
-1.14265
-2.13173
-0.378877
-1.43968
-1.89949
-1.90643
-2.3635
-2.34113
-1.41298
-0.883956
-0.775544
-4.54975
0.138995
0.214388
-4.3066
-2.21281
-0.00949952
0.0830477
-0.449883
-0.17518
-1.41481
-0.855581
-3.11381
-2.16627
-5.2176
-4.18844
-6.19708
-5.95737
-5.00785
-5.84503
-2.88943
-3.92959
-1.48615
-2.0655
-1.11108
-1.61207
-1.66993
-1.90229
-1.70957
-2.23249
-2.12021
-2.1211
-2.24184
-1.78804
-1.97504
-1.70125
-1.70046
-2.16508
-1.85689
-3.21645
-2.6211
-4.36335
-3.84494
-4.57069
-1.02257
-1.99598
0.290766
-0.284002
-3.03259
-2.90234
-2.02539
-0.300195
-0.155748
-0.755087
-1.51455
-2.87596
-4.06252
-4.023
-2.84089
-3.87109
0.307905
0.710088
0.712902
-5.30887
-5.67101
-2.54433
0.600513
0.642012
0.43278
0.536231
-0.0302706
0.254989
-0.98789
-0.434404
-2.66965
-1.73505
-4.75125
-3.74375
-5.66101
-5.46616
-4.48063
-5.30393
-2.3923
-3.42632
-0.953677
-1.56219
-0.557241
-1.61241
-2.10546
-1.15228
-1.30918
-1.16398
-1.12503
-1.27933
-1.25073
-1.20198
-1.26147
-1.11732
-1.13987
-1.38012
-1.1889
-2.22791
-1.72641
-3.73298
-2.91313
-5.2642
-4.56597
-5.65248
-0.933969
-1.81734
-0.23146
-0.069554
-3.71362
-2.31945
-5.58347
-5.43108
-0.800935
-1.72259
0.258561
0.63045
-2.4701
-3.3089
-6.31125
-5.86868
1.01238
0.978475
-0.0300548
-0.0340089
-0.888967
-4.7259
-3.08774
0.947353
0.979836
0.783206
0.881976
0.345277
0.598542
-0.521847
-0.0245354
-2.03919
-1.19756
-3.91911
-3.0081
-4.71625
-4.55568
-3.63993
-4.37546
-1.76405
-2.69427
-0.416331
-0.992803
0.22199
-0.0239951
0.492802
0.387371
0.592061
0.557495
-2.48231
-5.19391
-3.61665
-1.20399
-1.71179
-0.668517
-0.878681
-0.522496
-0.569036
-0.478757
-0.504332
-0.422655
-0.447979
-0.520662
-0.437287
-1.02481
-0.708533
-2.14865
-1.50091
-3.98565
-2.99508
-5.85286
-5.01702
-6.31703
-0.866679
-1.63814
-0.233315
-7.44284
-7.1039
-0.0446372
0.622641
-4.79132
-2.76377
0.900232
-3.99906
-6.50466
-5.99067
-7.02459
-1.98336
-8.90527
-9.19681
-0.982179
-0.039593
0.654156
-5.14459
-3.83181
1.19298
1.08253
1.16583
1.19352
1.2191
1.04068
1.14203
0.665031
0.884744
-0.0576954
0.352281
-1.30845
-0.617486
-2.85484
-2.10947
-3.48774
-3.36677
-2.58737
-3.19385
-1.06678
-1.82472
0.0623949
-0.429136
0.647694
0.41054
0.906287
0.79751
1.03972
0.979884
1.09899
1.08592
-4.35402
-7.69818
-6.0759
-1.91217
-2.9414
-0.731037
-1.21343
-0.203409
-0.418355
0.0188414
-0.0686501
0.145866
0.0862394
0.201459
0.188966
0.0138619
0.149099
-0.619485
-0.236609
-1.90576
-1.17205
-3.94
-2.84926
-5.99029
-5.06947
-6.51247
-9.91183
-8.555
0.6716
1.09748
-4.2959
-5.11947
-3.21651
-3.39778
-2.08426
-2.72471
-0.829796
-1.44097
0.141185
-0.294148
0.755255
0.481413
0.965788
-6.00755
-3.27399
-8.46851
-2.21397
-10.2629
-1.01007
-8.15964
-9.4414
0.0100571
1.06923
0.65703
1.20906
1.10107
-4.67074
1.33263
1.29575
1.35637
1.37187
1.23069
1.31816
0.930618
1.10994
0.356857
0.683701
-0.615356
-0.0814258
-1.76436
-1.21749
-2.20469
-2.13301
-1.51947
-1.97633
-0.388679
-0.954408
0.477259
0.0947729
0.956682
0.758943
1.18148
1.08932
1.30601
1.25231
1.34925
1.34919
1.29925
1.33777
-5.86228
-6.13367
-6.53286
-3.17857
-4.55955
-1.21725
-2.05374
-0.249425
-0.653477
0.23223
0.0318045
0.46393
0.36798
0.61045
0.540749
0.677195
0.663156
0.470325
0.618924
-0.201932
0.202659
-1.53338
-0.777848
-3.58679
-2.49193
-5.62826
-4.71424
-6.17631
-6.17556
-4.65147
-5.59437
-3.6173
-2.48398
-2.3308
-2.55191
-1.79328
-2.19414
-0.881463
-1.34099
-0.0523333
-0.440579
0.544195
0.27475
-6.71074
-4.92416
0.99187
1.22414
0.917288
0.761589
-7.05139
-3.70937
-9.27846
-2.31439
-9.69705
-0.966858
-7.86382
0.0537853
-3.43158
-4.86326
0.592609
1.13481
0.856315
-1.80824
-2.05956
-0.879879
1.0402
1.46698
1.37207
0.998295
0.688457
0.831325
-5.37998
1.28059
1.19633
1.42384
1.39648
1.45097
1.46456
1.36474
1.43009
1.13251
1.27256
0.69297
0.942909
-0.00274534
0.374138
-0.774218
-0.408178
-1.05695
-1.03616
-0.603964
-0.904348
0.17502
-0.221058
0.804074
0.523154
1.16714
1.01514
1.35536
1.27655
1.47121
1.4228
1.55073
1.50206
1.55991
1.57372
1.52461
-3.71589
-2.82774
-3.75841
-4.00657
-1.93231
-2.91248
-0.559186
-1.1562
0.195036
-0.126819
0.610299
0.432329
0.820731
0.735251
0.945593
0.885687
1.01156
0.994778
0.826711
0.962449
0.192926
0.576516
-1.05943
-0.349486
-2.96364
-1.9483
-4.84486
-3.99704
-5.31307
-5.34582
-3.8837
-4.77948
-2.87311
-1.57677
-1.15566
-1.89202
-1.80833
-1.63842
-1.82489
-1.04702
-1.36574
-0.357979
-0.700711
0.239611
-0.0440684
0.489284
-7.48193
-3.91057
-8.87125
-2.2336
-8.15786
-0.858744
-5.85051
0.0502203
-3.14509
0.463168
-0.134519
-0.975049
0.667064
1.22495
0.940373
0.705115
0.443071
1.06151
1.03687
1.3893
1.31198
0.350047
0.562123
1.07872
0.901999
-5.67898
1.33843
1.24197
1.47165
1.42879
1.50254
1.49753
1.44633
1.48429
1.27479
1.37517
0.960467
1.13559
0.500487
0.745644
0.0411228
0.251237
-0.100429
-0.0518981
0.138523
-0.020673
0.606814
0.36049
1.04403
0.844794
1.31581
1.20066
1.48376
1.40761
1.62009
1.55523
1.72645
1.68195
1.72129
1.74336
1.58389
1.66505
1.4821
-0.259572
0.272721
-1.66624
-0.952183
-1.94142
-2.05311
-0.867388
-1.4407
0.00883896
-0.381732
0.553238
0.313777
0.892427
0.742436
1.07851
1.00339
1.1734
1.12872
1.22692
1.2134
1.07981
1.18919
0.541326
0.868371
-0.543704
0.0704439
-2.18409
-1.31351
-3.78187
-3.05408
-4.21213
-4.19845
-2.94681
-3.71821
-2.05761
-0.136127
0.289358
-0.92303
-0.545657
-1.4641
-1.24025
-1.56058
-1.56593
-1.29958
-1.4669
-0.795136
-1.068
-0.194054
-0.495866
0.0908217
-7.33562
-3.79999
-7.58686
-2.01194
-6.19879
-0.742645
-3.98974
-0.0458048
-1.80813
0.272938
-0.176486
0.435746
1.32899
0.869151
0.778351
1.22381
0.854013
0.700859
-5.54757
1.15181
0.805458
0.970811
1.36971
1.25341
1.48719
1.41476
1.52536
1.49926
1.48559
1.50678
1.35988
1.43201
1.14086
1.26257
0.848405
1.00047
0.61314
0.713506
0.574612
0.577378
0.681183
0.614326
0.92205
0.787799
1.21526
1.07417
1.42475
1.33327
1.56253
1.49713
1.67463
1.62211
1.72509
1.70773
1.70715
1.7217
1.66764
1.68941
1.5794
1.63001
1.45556
1.52286
1.40033
1.67868
1.56656
0.866285
1.19052
-0.147724
0.390352
-0.506664
-0.4812
0.00863908
-0.277393
0.480233
0.26291
0.830612
0.668955
1.08457
0.966381
1.25003
1.17972
1.32112
1.29005
1.35489
1.34457
1.24489
1.32685
0.820315
1.0789
-0.0547137
0.439688
-1.36083
-0.672611
-2.61458
-2.04375
-2.90164
-2.92611
-1.9436
-2.54627
-0.548606
-1.21711
-0.0241907
0.311489
0.898878
0.637712
-0.419712
-0.0449739
-1.1001
-0.787447
-1.52595
-1.34566
-1.62594
-1.62343
-1.34026
-1.53191
-0.715341
-1.05217
-0.039234
-0.370152
0.482192
0.250358
1.50931
1.72614
1.08022
1.38575
-6.40088
-3.39791
0.691224
-5.9161
-1.75092
0.88862
0.338319
0.695228
-4.39197
-0.708954
-2.56851
-0.252807
-0.854209
-0.00981524
0.404521
0.184914
1.16051
0.52422
1.71741
1.58474
0.690196
0.93501
1.32727
-4.9153
1.17023
1.01621
1.353
1.25681
1.46091
1.40474
1.49988
1.48292
1.47484
1.49629
1.39432
1.44305
1.26611
1.33675
1.10481
1.18726
0.979852
1.0311
0.97767
0.966916
1.02971
1.00351
1.13344
1.06982
1.32457
1.22382
1.49468
1.41531
1.62214
1.55929
1.73363
1.67848
1.80309
1.77824
1.81053
1.8142
1.75069
1.7894
1.63825
1.69155
1.57212
1.60304
1.50904
1.53793
1.88239
1.79482
1.84927
1.83284
1.87643
1.55662
1.73133
0.878622
1.25001
0.489986
0.610448
0.657164
0.539364
0.895992
0.781617
1.08284
0.995803
1.23028
1.15677
1.35303
1.29503
1.41009
1.38652
1.42523
1.42055
1.34373
1.40368
1.02749
1.22162
0.367214
0.741243
-0.606985
-0.092518
-1.52302
-1.10837
-1.66975
-1.73066
-1.00961
-1.45618
-0.000459205
-0.489735
0.396545
1.13041
1.2528
0.689348
0.945883
0.00671061
0.365133
-0.797707
-0.386422
-1.56796
-1.20112
-2.03543
-1.85581
-1.97583
-2.08185
-1.34672
-1.72026
-0.464778
-0.908329
-0.0475712
1.66047
1.71003
1.29494
1.52084
-5.14407
-2.88159
0.976543
0.913666
-4.37868
-1.56764
-3.04456
-0.837256
-1.58581
-0.568069
-0.176943
-0.403393
0.807366
-0.126863
1.32124
0.159726
1.57726
0.532203
1.5828
1.53585
0.874881
1.59319
1.44143
1.41209
1.43596
1.3166
1.58261
-4.07266
1.16835
1.049
1.32617
1.23882
1.41485
1.37252
1.46619
1.44913
1.46738
1.47554
1.43113
1.45629
1.36
1.40027
1.26342
1.31161
1.20103
1.22302
1.21357
1.20033
1.24509
1.23239
1.28931
1.26109
1.40296
1.33891
1.53203
1.46859
1.64623
1.58976
1.73907
1.6956
1.79352
1.77253
1.8011
1.80106
1.78773
1.7969
1.7421
1.76824
1.67504
1.70945
1.62477
1.64225
1.6805
1.63706
1.8277
1.72407
1.95922
1.90217
2.02467
2.00243
1.93114
2.01493
1.47803
1.73409
1.11705
1.26291
1.07469
1.06722
1.16237
1.11129
1.27682
1.21895
1.37005
1.32452
1.44092
1.4054
1.4736
1.4607
1.46638
1.47263
1.3955
1.44228
1.16968
1.30858
0.696834
0.966716
0.00267722
0.370264
-0.623846
-0.342062
-0.737862
-0.757474
-0.269197
-0.560346
0.422373
0.0828494
0.918125
0.707807
1.07646
1.33014
1.41012
0.978443
1.18985
0.354091
0.703993
-0.619034
-0.0986456
-1.69554
-1.16359
-2.51146
-2.16192
-2.67269
-2.69338
-2.02209
-2.44103
-0.908192
-1.47639
0.203569
-0.31963
0.789199
0.548169
-3.99993
-2.4551
1.75044
1.67999
0.905084
0.66736
0.747151
1.74989
1.79096
-3.2592
-1.5549
-2.16596
-1.15747
-0.920449
-1.01736
0.286246
-0.944348
1.02816
-0.576338
1.36491
-0.288778
1.50698
0.353949
1.27123
1.31012
1.14214
1.08038
1.35831
0.944609
1.20975
0.483808
1.26336
0.53557
-3.32079
1.04603
0.993755
1.16303
1.09648
1.29534
1.22995
1.38784
1.34665
1.44333
1.42303
1.45969
1.45979
1.4394
1.45717
1.39543
1.42065
1.35369
1.37276
1.33872
1.34167
1.35619
1.34528
1.37735
1.36824
1.40004
1.38507
1.46701
1.42765
1.56275
1.51321
1.66074
1.61171
1.74958
1.70638
1.80117
1.77996
1.81412
1.81142
1.79602
1.80911
1.76466
1.77863
1.74507
1.75569
1.71735
1.72811
1.72403
1.60048
1.46186
1.82967
1.72354
1.98809
1.91447
2.10237
2.05301
2.07902
2.12276
1.77216
1.95081
1.47015
1.59921
1.35511
1.39336
1.3444
1.34113
1.38755
1.36042
1.4499
1.41741
1.49589
1.47427
1.51213
1.5071
1.48617
1.50411
1.4217
1.46199
1.25416
1.35523
0.922275
1.11241
0.452352
0.70071
0.0552931
0.231054
-0.00726301
-0.0230193
0.288297
0.109958
0.711291
0.501019
1.04012
0.888064
1.15975
1.51997
1.47741
1.48356
1.525
1.22762
1.39162
0.573206
0.964737
-0.538242
0.0583473
-1.86297
-1.19286
-2.98691
-2.4843
-3.3641
-3.29876
-2.6932
-3.15521
-1.34784
-2.05358
-0.0014752
-0.623155
0.370088
1.42102
0.627752
1.81767
1.83121
-3.20265
-2.25401
-2.57757
-1.77711
-1.63229
-1.67728
1.82974
-0.49163
-1.69019
0.538832
-1.65299
1.09744
-1.235
0.963205
1.05361
0.905616
0.787436
1.2833
-0.731449
0.867846
1.31248
0.22787
0.986751
1.12943
1.10035
0.587181
1.3618
1.44272
1.86467
1.8603
1.36138
-2.84478
0.901887
0.710672
0.796028
1.05121
0.987476
1.1597
1.11277
1.26674
1.21624
1.35131
1.31251
1.40608
1.38312
1.43193
1.42287
1.43632
1.4381
1.42631
1.43397
1.41153
1.41847
1.41242
1.40772
1.43473
1.4209
1.45497
1.44614
1.4706
1.46114
1.51468
1.48863
1.58684
1.54859
1.66665
1.62675
1.74087
1.70497
1.79124
1.77007
1.81315
1.80455
1.81379
1.81686
1.7932
1.80458
1.77267
1.78194
1.76969
1.76777
1.79457
1.77798
1.84418
1.81933
1.85735
1.85958
1.85967
1.34789
1.2043
1.6032
1.48007
1.81849
1.71649
1.98449
1.9067
2.10141
2.05044
2.10162
2.12466
1.89233
2.01898
1.64389
1.7391
1.51899
1.56736
1.48183
1.49361
1.48255
1.47903
1.4982
1.48969
1.51262
1.5061
1.51564
1.51667
1.49135
1.50677
1.42598
1.46328
1.29247
1.36875
1.05918
1.18935
0.7545
0.909968
0.515595
0.616071
0.484965
0.470291
0.645823
0.5475
0.877369
0.763468
1.09942
1.00072
1.26707
1.19083
1.32844
1.59364
1.5348
1.59829
1.61483
1.38133
1.53388
0.691385
1.10377
-0.489129
0.155904
-2.00202
-1.22687
-3.3626
-2.74269
-3.90007
-3.7724
-3.23864
-3.71455
-1.75385
-2.54428
-0.331663
-0.978164
0.234886
0.0646741
0.417074
-2.78479
-2.32487
1.83928
1.86882
1.86093
-2.24743
-2.27502
1.56209
-1.37231
-2.44579
-0.292698
-2.69654
1.84579
0.763439
0.893302
0.789888
0.633364
0.590349
-2.59946
0.615951
1.06388
-2.0733
1.81816
1.85341
0.651109
1.10344
-0.987519
0.729186
1.06782
0.317923
0.887794
0.769301
0.675852
0.725669
0.562008
1.32878
1.31751
0.654778
-2.69004
0.901101
0.831238
1.03326
0.970308
1.14577
1.09478
1.24317
1.19761
1.32319
1.28553
1.38049
1.35443
1.41326
1.39908
1.42507
1.4214
1.42662
1.42672
1.43346
1.42872
1.45074
1.44112
1.47514
1.46279
1.49499
1.48588
1.5117
1.5026
1.54691
1.52634
1.60468
1.57402
1.67045
1.63752
1.73017
1.70216
1.77964
1.75877
1.80424
1.79401
1.81191
1.81012
1.8101
1.81136
1.80126
1.80688
1.79915
1.7967
1.82233
1.80837
1.85292
1.83797
1.86547
1.13128
1.00931
1.37673
1.25514
1.60014
1.49176
1.79772
1.70289
1.95539
1.8821
2.06164
2.01562
2.06923
2.08335
1.92769
2.0133
1.74785
1.82914
1.62579
1.67934
1.55352
1.58432
1.52874
1.53574
1.53222
1.52956
1.53322
1.53499
1.52106
1.53013
1.48775
1.50786
1.42039
1.4582
1.30549
1.36787
1.13027
1.2218
0.927215
1.02302
0.784029
0.840149
0.761173
0.757666
0.84342
0.797861
0.985319
0.912335
1.13159
1.0557
1.24519
1.18591
1.29644
1.47454
1.2947
1.38192
1.60337
1.54376
1.65827
1.64306
1.47239
1.61851
0.781889
1.19357
-0.443865
0.234432
-2.06065
-1.22726
-3.56191
-2.86818
-4.20262
-4.03457
-3.54531
-4.02858
-2.03087
-2.83433
-0.678895
-1.28843
0.0590525
-0.231835
0.328191
1.8007
1.84549
-2.69502
-2.68792
1.29626
-2.21585
-3.10334
0.703737
0.85776
0.79974
0.628258
-1.37793
-3.58733
1.75812
0.523302
-0.321482
-4.10026
0.452473
0.51283
-3.83544
1.75437
1.85247
0.439233
0.909131
-2.79298
1.80057
0.462802
0.821869
-0.788407
0.611597
0.789082
0.704046
1.25569
1.75945
1.82994
-2.84394
0.800223
0.736789
0.758692
0.906319
0.853312
1.01697
0.961726
1.12359
1.07278
1.21652
1.17317
1.29206
1.25689
1.34965
1.32284
1.38908
1.37025
1.41346
1.40208
1.42903
1.42196
1.44354
1.43609
1.46401
1.45309
1.49125
1.47717
1.51566
1.50409
1.53545
1.52542
1.56602
1.54857
1.61456
1.58889
1.67058
1.64236
1.72418
1.69827
1.76778
1.74797
1.79513
1.78316
1.808
1.80313
1.81364
1.81118
1.81612
1.81513
1.82205
1.81793
1.84001
1.82957
1.86269
1.85152
1.88259
1.87388
1.88514
1.88488
1.8191
1.89798
1.88871
1.0026
0.922864
1.19594
1.09587
1.40189
1.29898
1.59488
1.5002
1.77187
1.68658
1.91355
1.84838
2.00407
1.96682
2.01695
2.02361
1.92484
1.98147
1.78148
1.85433
1.6659
1.71739
1.60163
1.62836
1.56927
1.58262
1.55179
1.55963
1.53621
1.545
1.51313
1.52719
1.47471
1.49776
1.40802
1.4464
1.30577
1.36225
1.16649
1.23992
1.02189
1.09152
0.929091
0.968608
0.911949
0.913204
0.96212
0.928461
1.04943
0.992793
1.14253
1.07835
1.21628
1.16998
1.25696
1.24593
1.27068
1.47146
1.39258
1.62965
1.52683
1.70321
1.68335
1.48934
1.64826
0.814714
1.21623
-0.405995
0.269654
-2.00969
-1.18334
-3.50963
-2.8136
-4.17202
-3.98822
-3.57482
-4.02429
-2.11887
-2.90426
-0.828724
-1.42354
0.0494257
-0.328563
0.539446
0.328936
0.6902
0.635263
0.650751
-2.90644
-3.40778
0.722413
1.28774
0.743022
0.558663
-2.47208
-4.32805
1.90409
1.81319
1.59139
0.425654
-1.61034
-5.22879
1.72479
0.305703
-0.487964
-5.7699
1.6827
1.83905
0.229842
0.374843
-4.98176
1.71311
0.212331
0.600709
-2.78254
1.79907
0.300421
0.504961
-0.000662748
0.447416
1.90018
1.9624
1.93628
0.702684
0.707089
-3.32315
0.753793
0.723516
0.73962
0.813875
0.778367
0.908763
0.861309
1.00594
0.957567
1.10358
1.05564
1.19218
1.14962
1.26572
1.23043
1.32285
1.29565
1.36499
1.3447
1.39459
1.38026
1.41819
1.40646
1.44289
1.43047
1.46962
1.45628
1.4967
1.48333
1.52169
1.50949
1.54571
1.53348
1.57629
1.55974
1.61872
1.59648
1.66702
1.64256
1.71506
1.69149
1.75508
1.73634
1.78345
1.77058
1.80107
1.79327
1.81325
1.80759
1.82216
1.81792
1.83439
1.82737
1.85358
1.84332
1.87438
1.86391
1.89856
1.88585
1.92172
1.91045
1.95249
1.9354
1.96535
0.901466
0.866138
0.866054
0.986899
0.943532
1.09627
1.03453
1.25177
1.16937
1.4213
1.33611
1.58878
1.50536
1.74282
1.66956
1.8658
1.80892
1.94557
1.91207
1.96026
1.9628
1.89209
1.93463
1.78648
1.8415
1.69427
1.73696
1.62672
1.65793
1.58176
1.60136
1.5559
1.56753
1.53357
1.5454
1.50437
1.52096
1.46203
1.48611
1.3972
1.43332
1.3062
1.35511
1.1936
1.25195
1.08543
1.13714
1.01655
1.04587
0.9971
1.00202
1.02092
1.00425
1.07014
1.04119
1.12618
1.09705
1.17683
1.15816
1.20971
1.19916
1.20807
1.20695
1.42698
1.36855
1.5829
1.49535
1.65266
1.64087
1.43343
1.58731
0.784338
1.17292
-0.382252
0.258279
-1.87051
-1.10859
-3.2374
-2.60584
-3.81607
-3.66382
-3.23283
-3.6595
-1.92799
-2.62122
-0.669634
-1.25975
0.181778
-0.17941
0.564447
0.407533
0.685281
0.636736
0.709594
0.507955
-3.43035
-4.57234
1.88673
1.88403
1.91365
1.03418
0.705324
1.81139
1.33006
0.336622
-2.96143
-5.95504
1.7023
0.174719
-1.91107
-7.164
1.61793
1.81198
0.0392747
-0.679373
-7.04289
1.60359
-0.0362645
0.181986
-4.98102
1.82084
1.68576
-0.0221766
0.245829
-1.73731
0.00181101
0.167933
0.937327
0.572386
0.501214
-4.19034
0.759762
0.741312
0.821365
0.787188
0.906524
0.862607
0.996696
0.951331
1.08596
1.04128
1.16917
1.1281
1.24007
1.2054
1.29762
1.26994
1.34297
1.32119
1.37788
1.36118
1.40651
1.39265
1.43439
1.42054
1.46449
1.44977
1.49486
1.48004
1.52252
1.50918
1.54823
1.5353
1.57883
1.56247
1.61782
1.59756
1.66128
1.6393
1.70453
1.68328
1.74201
1.72409
1.77115
1.75755
1.79221
1.78242
1.80927
1.80097
1.82496
1.81734
1.84056
1.8324
1.8623
1.85072
1.88554
1.87395
1.91468
1.89843
1.95403
1.93411
1.98833
1.97287
1.98303
1.99374
1.8397
1.88465
1.98247
1.9675
1.02768
1.01452
1.00272
1.09517
1.06219
1.17617
1.13069
1.29948
1.23383
1.4377
1.36771
1.58012
1.50913
1.71398
1.64963
1.82116
1.77145
1.88715
1.85992
1.89997
1.90057
1.85493
1.88348
1.77489
1.82066
1.69275
1.73211
1.62986
1.65871
1.58659
1.60628
1.55589
1.57077
1.5271
1.5424
1.49328
1.51182
1.44891
1.47293
1.38734
1.41993
1.3068
1.34833
1.214
1.26092
1.12838
1.16951
1.07114
1.09576
1.04797
1.05471
1.05343
1.04591
1.08404
1.06457
1.11053
1.09916
1.14119
1.13507
1.15899
1.1559
1.14165
1.15092
1.21412
1.1254
1.34353
1.28123
1.5134
1.42771
1.54404
1.56065
1.28293
1.45118
0.654558
1.02271
-0.390647
0.176727
-1.65814
-1.01781
-2.75983
-2.25909
-3.18492
-3.08553
-2.63556
-3.02808
-1.45746
-2.07985
-0.325931
-0.854971
0.377357
0.0941306
0.632324
0.531149
0.691091
0.665536
0.701681
1.82324
0.834826
0.262118
-4.22388
-6.0751
0.693652
1.07895
1.70231
0.0577763
-3.47502
-7.7357
0.64341
1.94468
2.03282
1.5749
0.916864
0.751584
1.78227
-0.133481
-2.07335
-8.46204
1.50153
-0.277338
-0.793352
-6.85637
1.90081
1.53544
-0.359835
-0.120424
-3.33382
1.71133
-0.443466
-0.121959
-0.0175259
1.77188
1.81104
-0.259183
1.85598
0.311536
0.23223
-5.37008
0.76026
0.729203
0.824073
0.789604
0.901297
0.860493
0.985764
0.942696
1.06945
1.02774
1.1479
1.10917
1.21663
1.18307
1.27393
1.24646
1.32104
1.29861
1.35957
1.34125
1.39321
1.37691
1.42535
1.40956
1.45677
1.44304
1.48736
1.47228
1.51707
1.5024
1.54602
1.53157
1.57717
1.56092
1.61333
1.59473
1.65306
1.63288
1.69288
1.67317
1.72846
1.71121
1.75815
1.74405
1.78172
1.7705
1.80253
1.79222
1.82331
1.81301
1.84321
1.83319
1.86813
1.85486
1.8954
1.88187
1.92934
1.91046
1.97858
1.95271
2.01435
2.00077
2.01357
2.01568
2.04644
2.01885
1.18465
1.06843
1.28843
1.13856
1.19685
1.13619
1.12266
1.1857
1.16031
1.24414
1.21062
1.34071
1.28866
1.45369
1.39634
1.57286
1.51258
1.68815
1.63212
1.7771
1.73669
1.83169
1.80851
1.84543
1.84427
1.81032
1.83353
1.74624
1.77564
1.68148
1.71321
1.62699
1.65307
1.58332
1.60402
1.54882
1.5657
1.5166
1.53343
1.48049
1.4996
1.43586
1.45934
1.37786
1.40768
1.3063
1.34253
1.22788
1.26691
1.15612
1.19035
1.10455
1.1273
1.07662
1.08753
1.06877
1.07076
1.07006
1.07195
1.09252
1.0874
1.10882
1.10524
1.11113
1.11145
1.07338
1.09606
0.977955
1.02631
1.09785
0.964786
1.02111
1.24389
1.17121
1.36318
1.31727
1.29994
1.35819
1.01741
1.18833
0.440153
0.770824
-0.437866
0.0309739
-1.42544
-0.936087
-2.19472
-1.86075
-2.37921
-2.37804
-1.83083
-2.18993
-0.841618
-1.3549
0.0533108
-0.357263
0.558267
0.367544
0.699785
0.651083
0.701562
0.701595
0.679141
0.692672
0.658891
1.7292
-0.0373273
-4.99456
-7.52262
0.677338
2.09538
0.927668
1.56872
1.69482
1.65171
1.11358
0.966361
1.63679
-0.300936
-3.65707
-8.83738
1.42969
-0.516514
-2.04858
-8.03818
2.03464
1.7465
1.38264
-0.699711
-0.92169
-4.75529
1.51601
-0.846355
-0.56211
-0.787886
1.83487
-0.77194
-0.628056
2.02347
-0.0240982
0.510682
0.208658
1.9327
-0.0927312
-6.40741
0.751199
0.714812
0.820595
0.786163
0.893984
0.856161
0.973719
0.933143
1.05349
1.01372
1.12837
1.09138
1.19531
1.16251
1.25261
1.22493
1.30103
1.27786
1.34187
1.32235
1.37804
1.36051
1.41195
1.39545
1.44554
1.42746
1.47854
1.46255
1.50935
1.49424
1.53939
1.52435
1.57135
1.55493
1.60645
1.58857
1.64343
1.62478
1.68012
1.66195
1.71432
1.6976
1.74438
1.72988
1.77003
1.75762
1.79419
1.78205
1.81847
1.80649
1.84252
1.83025
1.87155
1.85637
1.90341
1.88729
1.94255
1.92133
1.99486
1.96798
2.03031
2.01739
2.04657
2.03799
2.09906
2.06668
2.15837
2.20305
2.1449
2.1034
1.3248
1.23058
1.3763
1.47501
1.40553
1.24691
1.29848
1.22885
1.22551
1.26005
1.24328
1.30138
1.27764
1.37643
1.33521
1.46736
1.42117
1.56554
1.51541
1.66192
1.61532
1.73611
1.70212
1.7824
1.7629
1.79374
1.79281
1.76702
1.78455
1.7184
1.74329
1.66499
1.69188
1.61512
1.6394
1.57334
1.59348
1.53829
1.55565
1.50458
1.5219
1.46748
1.48656
1.423
1.44584
1.3682
1.39607
1.30376
1.33656
1.23571
1.26974
1.17359
1.2033
1.12523
1.14693
1.09298
1.10675
1.0758
1.08341
1.06954
1.07349
1.07487
1.07464
1.07654
1.0778
1.06139
1.07037
1.01744
1.04447
0.931343
0.978925
0.880693
0.907139
0.819425
0.868912
0.998464
0.946608
1.11105
1.05773
1.1422
1.14637
0.992529
1.0907
0.64891
0.844965
0.118426
0.405113
-0.545258
-0.202434
-1.19352
-0.884495
-1.60152
-1.44271
-1.56143
-1.64639
-1.02565
-1.34724
-0.239573
-0.635542
0.387129
0.110974
0.692782
0.586619
0.747419
0.737551
0.710463
0.733101
0.652282
0.679932
0.618245
0.631322
1.60074
0.788746
-0.173052
0.243831
0.548409
1.5731
-0.429253
-0.442956
-5.24383
-8.37692
1.40368
-0.770406
-3.41794
-8.22426
2.23177
2.26918
2.19868
1.83029
2.11555
2.03617
1.45286
1.53603
0.74271
0.77619
0.712012
0.606382
0.599584
0.579779
1.25976
-1.03144
-2.00254
-6.01982
1.48643
1.53543
1.27841
-1.23808
-1.2088
-2.11956
2.06285
1.58542
-0.68247
-0.15298
-1.30249
-1.15902
1.41517
-1.29958
-0.504819
-6.58142
0.666358
0.634416
0.738629
0.701711
0.811752
0.775622
0.885128
0.847988
0.961555
0.922883
1.03797
0.999894
1.11015
1.07465
1.17555
1.14357
1.23281
1.20497
1.28235
1.25846
1.32518
1.30451
1.36353
1.34491
1.39919
1.38173
1.4338
1.41706
1.46768
1.451
1.50021
1.48424
1.5313
1.51588
1.56306
1.54695
1.59693
1.57968
1.63232
1.61456
1.66704
1.64984
1.70002
1.6838
1.7302
1.71544
1.75774
1.7442
1.78482
1.77114
1.81195
1.79859
1.83977
1.82535
1.87305
1.85593
1.90916
1.89064
1.95396
1.92996
2.00816
1.98104
2.04795
2.03083
2.08504
2.06455
2.1431
2.10978
2.23991
2.18642
2.18174
1.3191
1.08573
1.2046
1.4786
1.40676
1.58563
1.53527
1.33818
1.38508
1.30951
1.31428
1.3217
1.31368
1.3495
1.33265
1.40639
1.37474
1.47913
1.44185
1.55803
1.51781
1.63724
1.59844
1.69986
1.67137
1.73668
1.72149
1.74646
1.74506
1.72732
1.74025
1.68786
1.70876
1.64266
1.66556
1.59896
1.62042
1.56016
1.57917
1.52544
1.54273
1.49123
1.5086
1.4537
1.47278
1.41007
1.43221
1.3585
1.38483
1.30007
1.3299
1.23955
1.2699
1.18335
1.2105
1.13639
1.15813
1.10147
1.11728
1.07799
1.08912
1.06364
1.07099
1.05586
1.0604
1.0438
1.05094
1.01884
1.03248
0.969787
0.997513
0.887693
0.934164
0.834086
0.834569
0.786318
0.916439
0.878428
0.95061
0.94385
0.841707
0.923565
0.538961
0.709819
0.127169
0.339371
-0.315865
-0.0917259
-0.732826
-0.533362
-1.01294
-0.896745
-1.0499
-1.06869
-0.770485
-0.94964
-0.245433
-0.526574
0.314087
0.0434441
0.690476
0.535386
0.819689
0.785894
0.793176
0.817492
0.721421
0.763383
0.638765
0.674447
0.616445
1.43385
0.914965
-0.970179
-0.975846
-4.85644
-7.48385
2.30078
2.60707
1.94562
1.6296
0.740503
0.68324
0.589568
0.55689
1.19631
-1.33951
-3.07287
-6.42129
1.59813
1.06633
-1.60176
-2.18947
-3.8683
1.26901
1.32729
2.43658
1.21059
-1.35067
-0.673092
-1.84426
-1.70295
-0.06835
1.76917
-2.10124
-1.94047
0.725059
0.456381
-1.04477
-6.19011
0.656189
0.622806
0.726602
0.69072
0.800243
0.763211
0.874171
0.83702
0.948982
0.911483
1.02292
0.986187
1.09317
1.05869
1.15738
1.12602
1.21455
1.18669
1.26483
1.24045
1.30909
1.28759
1.34906
1.32957
1.38601
1.36795
1.42165
1.40329
1.45637
1.43933
1.48951
1.47316
1.52152
1.50565
1.55348
1.53743
1.58625
1.56973
1.61973
1.60297
1.65293
1.63638
1.68529
1.66929
1.71556
1.70068
1.74451
1.73003
1.77429
1.75924
1.80414
1.78932
1.83594
1.81938
1.87327
1.85419
1.91351
1.89281
1.96276
1.9367
2.01847
1.99085
2.06561
2.0432
2.1152
2.08891
2.17941
2.1447
2.27222
2.22217
2.36683
2.39071
2.32955
2.30854
2.3394
2.21126
2.26631
2.86874
2.07908
2.14962
1.52235
1.37643
1.45169
1.62865
1.57945
1.69821
1.66514
1.67204
1.76069
1.73042
1.51941
1.59068
1.41601
1.46048
1.37691
1.3891
1.37375
1.37307
1.38996
1.37904
1.43134
1.40777
1.48833
1.45884
1.55081
1.51897
1.61493
1.58332
1.66582
1.64286
1.69548
1.68318
1.70389
1.70249
1.68835
1.6991
1.6565
1.67366
1.61882
1.63803
1.58055
1.59966
1.5445
1.56232
1.51084
1.52761
1.47686
1.49399
1.43962
1.45848
1.39737
1.41891
1.34876
1.37372
1.29512
1.32253
1.24002
1.26754
1.18785
1.21313
1.14207
1.16379
1.10493
1.12257
1.07619
1.09009
1.05432
1.06502
1.03602
1.04539
1.01393
1.02587
0.979395
0.99874
0.927568
0.956594
0.84518
0.891035
0.793568
0.668605
0.617452
0.64495
0.746121
0.700687
0.812073
0.790463
0.737162
0.796562
0.456619
0.626633
0.00507871
0.244531
-0.495471
-0.25102
-0.860812
-0.701045
-1.00007
-0.962122
-0.892105
-0.974659
-0.581228
-0.759022
-0.12148
-0.365178
0.392853
0.136576
0.792463
0.616731
0.964285
0.908597
0.949898
0.973975
0.846342
0.909134
0.740291
0.7968
0.642333
0.685553
0.583607
0.610737
0.525234
0.553714
1.20875
1.28299
-1.73099
-1.6065
-4.15158
-5.99315
1.69493
0.929975
-2.01149
-3.13947
-4.8162
1.39407
2.43465
2.45375
1.71162
1.7907
3.04965
0.544831
0.590148
0.523351
0.500135
0.495153
0.465412
0.844649
0.113137
-2.3954
-2.62522
-2.52152
0.965489
1.03371
1.19574
2.1475
-2.95563
-2.35937
1.07252
-2.32213
-1.42151
-2.99608
1.99503
2.22257
2.16748
1.17049
1.02923
-1.78429
-5.15255
1.83067
0.571198
0.535496
0.643023
0.607205
0.714059
0.678294
0.787692
0.750729
0.862093
0.824795
0.936224
0.899251
1.00848
0.972648
1.07719
1.04341
1.14055
1.1096
1.19768
1.16985
1.24857
1.22384
1.29397
1.27186
1.33512
1.315
1.37327
1.35453
1.40978
1.39154
1.44493
1.42762
1.47849
1.46193
1.51066
1.49473
1.54237
1.5265
1.57457
1.55842
1.60658
1.59069
1.63823
1.62238
1.66986
1.6541
1.70042
1.6853
1.73055
1.71535
1.76246
1.74629
1.79504
1.77869
1.83079
1.81219
1.87201
1.85093
1.91696
1.89386
1.96968
1.94221
2.02702
1.99849
2.08188
2.05453
2.14082
2.11043
2.21168
2.17412
2.30257
2.25418
2.41255
2.3557
2.38821
2.41224
2.31461
2.35408
2.27152
1.65754
1.58527
1.62482
1.7167
1.68725
1.77164
1.74452
1.81191
1.79132
1.8521
1.83218
1.57754
1.63968
1.48256
1.52478
1.4338
1.45269
1.4182
1.42323
1.42392
1.4184
1.45214
1.43547
1.49517
1.47257
1.54381
1.519
1.59383
1.56911
1.63456
1.61601
1.65846
1.64869
1.66456
1.66374
1.65218
1.6604
1.62608
1.64026
1.59419
1.61053
1.56049
1.5775
1.52728
1.5438
1.49518
1.51119
1.46198
1.47874
1.42563
1.44407
1.38483
1.40575
1.3389
1.36252
1.28912
1.31445
1.23821
1.26359
1.18889
1.21299
1.1437
1.16558
1.10449
1.12352
1.07154
1.08756
1.04341
1.05714
1.01684
1.03027
0.986365
1.00254
0.945373
0.967634
0.887513
0.919348
0.807443
0.851574
0.708812
0.759118
0.653271
0.596672
0.573443
0.636441
0.614795
0.652996
0.65847
0.478331
0.599761
0.0243404
0.287123
-0.641074
-0.291905
-1.27979
-0.990898
-1.52009
-1.45557
-1.33945
-1.47815
-0.840595
-1.1193
-0.194243
-0.525734
0.446393
0.136043
0.929109
0.714149
1.17818
1.08385
1.20049
1.21559
1.07947
1.14935
0.90853
1.00196
0.76642
0.835877
0.654196
0.706256
0.567683
0.609022
0.528563
0.904523
1.55106
-2.82707
-2.49343
-3.89671
-4.87309
1.5076
2.10752
1.88771
2.47135
1.87164
3.92587
0.565273
0.504484
0.476418
0.438764
0.579145
0.856221
-3.01429
-3.73067
-4.14736
1.10955
0.595253
2.74431
-3.67612
-3.39069
-2.06785
-0.403474
1.3008
-4.16885
-3.4396
2.04648
0.593826
1.96673
2.02122
0.504938
2.32642
2.31842
-2.83502
-4.48345
1.67659
0.552912
0.515251
0.626943
0.590059
0.700722
0.663904
0.774862
0.737591
0.849511
0.812177
0.923289
0.886559
0.994636
0.959322
1.06221
1.02897
1.1249
1.09425
1.18199
1.15416
1.23344
1.2084
1.27978
1.25717
1.32193
1.3013
1.36103
1.3418
1.39809
1.37975
1.43345
1.41599
1.4672
1.45052
1.4994
1.48347
1.5306
1.51505
1.56172
1.54616
1.5925
1.57712
1.62319
1.60781
1.65386
1.63853
1.68446
1.66914
1.71592
1.69994
1.7496
1.73252
1.78485
1.76695
1.82434
1.80387
1.86903
1.84614
1.91896
1.89321
1.97542
1.94648
2.03501
2.00516
2.09619
2.0651
2.16323
2.12883
2.2399
2.20014
2.32884
2.28246
2.43294
2.37942
2.53103
2.54467
2.48857
2.50292
2.51713
2.4695
2.48748
2.42425
2.44863
2.37338
2.39839
2.34646
1.91751
1.93476
1.90078
1.90566
1.9066
1.90217
1.9217
1.9127
1.9417
1.93123
1.89072
1.96523
1.95209
1.74786
1.8183
1.62661
1.6834
1.53791
1.5775
1.48201
1.50605
1.45606
1.46595
1.45245
1.45176
1.46909
1.4585
1.49986
1.48335
1.53613
1.51761
1.57407
1.55515
1.60612
1.59149
1.62441
1.61703
1.6286
1.62818
1.6185
1.62524
1.59653
1.60853
1.56922
1.58325
1.53962
1.55467
1.50933
1.52448
1.47902
1.4942
1.44691
1.4632
1.41164
1.42961
1.3725
1.39259
1.32912
1.35139
1.2825
1.30613
1.23451
1.25843
1.18717
1.21054
1.14242
1.16439
1.10177
1.1217
1.06525
1.08312
1.03165
1.04821
0.998313
1.01523
0.96106
0.980596
0.914182
0.939285
0.852519
0.885475
0.774102
0.815355
0.677541
0.727996
0.623468
1.56821
-3.75788
-2.45661
0.475422
0.443764
0.459021
0.517374
0.49676
0.520576
0.525412
0.464268
0.506141
0.181782
0.36594
-0.461567
-0.0949554
-1.34717
-0.892942
-2.08541
-1.76762
-2.21971
-2.23891
-1.7135
-2.03538
-0.833905
-1.29737
0.0883531
-0.36219
0.843414
0.495161
1.31994
1.12108
1.47187
1.43484
1.38365
1.45007
1.1846
1.28862
0.954953
1.07853
0.782888
0.863538
0.657043
0.716483
0.549821
0.602047
0.464846
0.503021
0.401739
0.431693
0.46767
1.52565
-4.3875
-3.63383
-4.45183
-4.71062
1.2513
1.75914
0.126148
4.37083
-4.25865
-4.87205
-4.36726
2.29727
2.42041
0.597722
0.70904
2.32751
1.97405
2.58813
2.59931
1.91357
1.98234
0.341387
-5.17284
-4.9646
-2.30147
-1.09912
0.372808
0.364568
0.332087
0.382099
0.426284
0.366373
1.69932
-5.39968
-0.0609518
2.64283
2.34403
2.72976
2.10985
-0.188951
-4.18265
-4.71335
1.47575
0.453252
0.412607
0.534169
0.494362
0.610404
0.57236
0.686632
0.6485
0.762076
0.724361
0.836953
0.799545
0.910415
0.873881
0.98119
0.946176
1.04813
1.0152
1.11042
1.07992
1.16758
1.13967
1.21941
1.19413
1.26645
1.24346
1.30945
1.28836
1.34931
1.3297
1.38677
1.36828
1.42222
1.4047
1.45585
1.43923
1.48775
1.47198
1.51845
1.50318
1.54844
1.53352
1.57782
1.56315
1.60735
1.59251
1.63724
1.62226
1.66768
1.65229
1.70027
1.68358
1.73566
1.71767
1.77358
1.75414
1.81673
1.7944
1.86501
1.8403
1.9192
1.89119
1.97994
1.94901
2.04296
2.01133
2.10934
2.07542
2.18262
2.14513
2.26314
2.22194
2.35271
2.30669
2.45321
2.40165
2.55986
2.50658
2.56892
2.57808
2.55154
2.56036
2.5355
2.54257
2.52777
2.53053
2.54419
2.52965
2.58105
2.14947
2.212
2.07146
2.1044
2.03414
2.04904
2.02202
2.02578
2.02525
2.02191
2.03811
2.0293
1.7815
1.84602
1.66936
1.72253
1.58301
1.62307
1.52235
1.54954
1.48835
1.50233
1.47624
1.48
1.48261
1.47736
1.50231
1.49138
1.52778
1.51462
1.55543
1.54154
1.57943
1.56839
1.59303
1.5876
1.59555
1.59552
1.58688
1.59255
1.56822
1.5784
1.54466
1.55678
1.51862
1.53189
1.49103
1.50489
1.46251
1.47685
1.43184
1.44745
1.39791
1.41527
1.3605
1.37967
1.31931
1.34029
1.27514
1.29747
1.22946
1.25232
1.18374
1.20648
1.13938
1.16137
1.09735
1.11811
1.05771
1.07725
1.01952
1.03853
0.98075
1.00046
0.937923
0.960235
0.886163
0.913425
0.821644
0.855477
0.743254
0.78403
0.647913
0.697463
0.540997
0.595485
0.484767
0.407959
0.396458
0.43245
0.420717
0.418013
0.434314
0.283933
0.372207
-0.124624
0.127208
-0.942076
-0.482668
-2.03953
-1.47895
-2.91279
-2.54631
-2.94459
-3.05508
-2.09417
-2.60364
-0.858257
-1.49038
0.314304
-0.245049
1.1748
0.794457
1.60319
1.4431
1.65464
1.6684
1.48241
1.5855
1.23719
1.35887
0.974508
1.1222
0.785121
0.876667
0.644435
0.710228
0.528873
0.584991
0.43519
0.477885
0.398438
-0.148655
1.28949
-5.59976
-6.42907
-5.02309
-5.88289
-5.49718
2.57915
1.49494
0.912771
1.59954
2.61186
2.04826
-0.410119
2.93808
3.10351
-5.97606
-6.98137
-5.55242
0.262756
0.17036
1.86926
0.343813
0.300362
0.326248
0.291814
0.322233
0.307591
0.406705
0.348463
0.363866
-7.8284
-7.91615
-3.04565
2.95316
-0.973505
2.40196
-4.09502
-2.30495
2.89994
-1.21238
-5.89915
-5.96701
2.70068
2.20141
1.23917
0.429786
0.387055
0.514205
0.47255
0.59387
0.554315
0.672152
0.633096
0.749175
0.710804
0.824571
0.78702
0.897935
0.861518
0.968315
0.933516
1.03488
1.00211
1.09696
1.0665
1.1542
1.12619
1.20643
1.18089
1.25412
1.23075
1.29778
1.27633
1.33816
1.31826
1.37586
1.35725
1.41131
1.3938
1.44461
1.42819
1.47597
1.46051
1.5059
1.49104
1.53472
1.52042
1.56269
1.54872
1.59085
1.57666
1.61978
1.60516
1.65008
1.63463
1.68344
1.66624
1.72038
1.70147
1.76113
1.74009
1.80785
1.78368
1.86006
1.83332
1.91812
1.88821
1.98274
1.94979
2.05035
2.01636
2.1215
2.0852
2.19948
2.15969
2.28336
2.24076
2.37434
2.32784
2.4733
2.42304
2.57707
2.52515
2.66101
2.67464
2.62711
2.64125
2.6508
2.63065
2.63517
2.62934
2.62883
2.64278
2.63448
2.67873
2.65684
2.75942
2.71113
2.83103
2.92831
3.03803
2.57851
2.74197
2.35583
2.45149
2.22671
2.28337
2.15203
2.18393
2.11349
2.12928
2.10018
2.10436
2.10391
2.10034
2.06168
2.12058
2.1105
1.93579
1.99985
1.81353
1.87302
1.70675
1.75781
1.6202
1.66101
1.55598
1.58543
1.51571
1.53324
1.49585
1.50373
1.49293
1.49258
1.50255
1.49666
1.51849
1.50999
1.5371
1.52752
1.55415
1.54605
1.56378
1.55981
1.56486
1.56505
1.55718
1.56188
1.54136
1.54984
1.52095
1.53135
1.49786
1.50954
1.47269
1.48531
1.446
1.45939
1.41697
1.43172
1.38462
1.40115
1.3488
1.36706
1.30949
1.32949
1.26745
1.2887
1.22367
1.24569
1.17919
1.20142
1.13498
1.15703
1.09174
1.1132
1.04954
1.07051
1.00759
1.02863
0.964335
0.986298
0.916671
0.941346
0.860914
0.889872
0.79421
0.828995
0.714429
0.755983
0.620659
0.668856
0.517112
0.569841
0.463013
0.34404
0.334991
0.354124
0.350198
0.333642
0.351776
0.145718
0.272022
-0.391722
-0.0693125
-1.38024
-0.831313
-2.6709
-2.01705
-3.60834
-3.23733
-3.50823
-3.70666
-2.38517
-3.04251
-0.884563
-1.63847
0.444235
-0.178231
1.36005
0.960932
1.78635
1.63537
1.78495
1.82803
1.55132
1.68358
1.24547
1.39099
0.969838
1.10783
0.761888
0.859859
0.611293
0.680761
0.497261
0.551433
0.402899
0.447596
0.362576
-0.971173
3.36536
-9.63904
-9.37702
-6.88477
-8.37971
-7.55998
3.02806
1.48245
0.504943
1.39728
0.257941
0.290612
-0.947426
-9.76208
-10.3827
-7.47529
-0.398765
-0.467938
1.69953
2.70648
2.71896
2.07869
2.13492
-2.56099
-2.26632
0.0797682
-0.076349
3.24368
2.58619
-11.659
3.71642
-15.0094
3.74643
4.14003
-8.06574
-8.51445
2.38824
0.930379
0.315554
0.223468
0.267177
0.407278
0.360615
0.494349
0.450179
0.577642
0.535673
0.658032
0.617507
0.736409
0.697069
0.812518
0.774516
0.885999
0.849471
0.956229
0.921453
1.02258
0.989827
1.08452
1.05401
1.14182
1.1136
1.19456
1.16861
1.2428
1.21904
1.287
1.26518
1.32779
1.30763
1.36558
1.34688
1.40089
1.3834
1.43393
1.41757
1.46453
1.44937
1.49328
1.47899
1.52067
1.50707
1.54712
1.53386
1.57381
1.5603
1.60154
1.58741
1.63145
1.61602
1.66535
1.64773
1.70382
1.68393
1.74758
1.72485
1.79783
1.77185
1.85397
1.82516
1.91611
1.88421
1.98443
1.94959
2.05678
2.02026
2.13268
2.09417
2.21437
2.17281
2.30124
2.25731
2.39365
2.34665
2.49295
2.44262
2.59566
2.5444
2.69148
2.64513
2.69064
2.69726
2.68788
2.68727
2.70263
2.6929
2.74213
2.71835
2.81938
2.77575
2.95487
2.87833
3.20036
3.05821
3.67643
3.39636
4.56023
4.06709
3.18278
3.41299
2.80799
2.98639
2.53652
2.65794
2.36532
2.44148
2.25806
2.30525
2.19647
2.22267
2.16779
2.17872
2.16214
2.1637
2.17564
2.16703
1.95786
2.01892
1.84214
1.89849
1.73864
1.78888
1.65125
1.69271
1.58413
1.61499
1.53845
1.55878
1.51148
1.52288
1.50012
1.50404
1.5006
1.49923
1.50776
1.5036
1.51854
1.51281
1.52955
1.52432
1.53585
1.53343
1.53575
1.53656
1.5289
1.53315
1.51547
1.52287
1.49765
1.50692
1.47719
1.4877
1.45437
1.46601
1.42958
1.4422
1.40219
1.41628
1.37143
1.38724
1.33752
1.35486
1.29988
1.31911
1.25948
1.27991
1.21721
1.23849
1.17374
1.19553
1.12962
1.15169
1.08542
1.10746
1.04108
1.06322
0.99595
1.01866
0.948985
0.972785
0.897332
0.923862
0.838392
0.868755
0.769684
0.805508
0.688671
0.730756
0.595641
0.643447
0.493264
0.545405
0.382948
0.438794
0.270265
0.3267
0.265179
0.234901
0.251501
0.284472
0.276875
0.288049
0.288072
0.259803
0.281009
0.0475706
0.193356
-0.580887
-0.202189
-1.70201
-1.08759
-3.0911
-2.39868
-4.04964
-3.67785
-3.89211
-4.13315
-2.56726
-3.35038
-0.886846
-1.71673
0.53911
-0.123648
1.47544
1.07722
1.85864
1.73299
1.80369
1.87227
1.53592
1.68243
1.22102
1.37678
0.938611
1.0767
0.723976
0.824382
0.566396
0.638634
0.455415
0.506592
0.366913
0.409653
0.289065
0.32621
0.219513
0.254263
-2.09422
-4.21187
-7.79106
-12.7243
-10.6309
-11.7494
-10.4377
3.45017
1.39074
-0.0400611
1.11706
2.73499
2.18768
0.214753
0.179873
-1.48658
-2.45386
-1.59251
1.59443
2.88652
4.34961
4.53332
4.356
-1.35319
-15.9797
-14.1627
-14.4569
-3.92026
5.66409
5.20351
5.7705
5.88553
5.82478
-10.9701
-11.7911
2.57266
6.6599
7.54397
8.24462
8.53071
6.67965
8.27951
7.53096
0.442484
-9.33213
-16.3785
-12.0698
-6.30259
-1.48922
5.54793
5.20487
3.12295
1.84064
-5.11877
-3.24639
-3.8074
-4.00889
-4.06699
0.14814
0.184919
0.218322
0.251936
0.28707
0.324271
0.362876
0.40447
0.452788
0.510323
0.580524
0.663839
0.761739
0.876331
1.01586
1.16766
1.33312
1.50509
1.66758
1.80019
1.8742
1.86235
1.73654
1.47782
1.08287
0.555225
-0.0930654
-0.837517
-1.64502
-2.51082
-3.41108
-3.95956
-4.24238
-4.18948
-3.83192
-3.24158
-2.54208
-1.83496
-1.20257
-0.676267
-0.282756
-0.0312362
0.119141
0.189338
0.217926
0.230467
0.233068
0.230351
0.22308
0.21213
0.198983
0.182558
0.16115
0.134743
0.189076
0.245715
0.30193
0.358037
0.41415
0.469084
0.521781
0.57231
0.620239
0.665441
0.70789
0.747331
0.784098
0.818033
0.849813
0.87952
0.907655
0.934336
0.959855
0.984458
1.00864
1.03231
1.05557
1.07851
1.10116
1.1236
1.14579
1.16769
1.18921
1.21035
1.2311
1.25138
1.27115
1.29024
1.30872
1.32612
1.34274
1.35859
1.37362
1.38771
1.40098
1.41338
1.42513
1.43629
1.4469
1.45692
1.46626
1.475
1.48313
1.49056
1.49698
1.50211
1.50578
1.50809
1.50911
1.50893
1.50754
1.50523
1.50236
1.49948
1.49708
1.49557
1.49523
1.49629
1.49907
1.50405
1.51184
1.52294
1.53771
1.55646
1.57953
1.60715
1.63955
1.6768
1.7188
1.76515
1.81515
1.86798
1.92338
1.98126
2.04027
2.09783
2.15174
2.20216
2.25068
2.23712
2.22595
2.21815
2.21516
2.21837
2.22771
2.24465
2.27018
2.30554
2.35207
2.41167
2.48653
2.57934
2.69345
2.8333
2.99946
3.18634
3.39569
3.67202
4.14514
4.72229
5.2387
5.84246
6.50997
7.15578
7.61186
7.79232
7.59868
7.14638
6.53765
5.82917
5.21389
4.70902
4.29752
3.93817
3.6562
3.43429
3.26115
3.1272
3.02273
2.94078
2.87713
2.8296
2.79437
2.76771
2.75005
2.73925
2.73445
2.7343
2.73924
2.74776
2.76023
2.77606
2.79611
2.75525
2.71133
2.66439
2.61431
2.56254
2.51087
2.46012
2.41084
2.36322
2.31696
2.27179
2.22759
2.18454
2.1427
2.10197
2.06217
2.02323
1.98522
1.94832
1.91275
1.87868
1.84623
1.81538
1.78614
1.75847
1.73251
1.70829
1.68586
1.66502
1.64572
1.62785
1.61148
1.59636
1.58232
1.56895
1.55612
1.54356
1.53124
1.51891
1.50652
1.49378
1.48067
1.46704
1.45301
1.43838
1.42324
1.40733
1.39087
1.37362
1.35588
1.33725
1.31808
1.29786
1.27703
1.25503
1.23239
1.20846
1.18378
1.1576
1.13057
1.10211
1.073
1.0425
1.01112
0.978432
0.944895
0.910148
0.874681
0.838059
0.800895
0.762509
0.723887
0.683882
0.644032
0.602438
0.561263
0.517705
0.474705
0.428759
0.383478
0.334167
0.286016
0.234979
0.187577
0.138453
0.110646
0.102166
0.0734991
-14.3824
-15.4571
-12.8924
-15.1488
-2.76952
6.8696
1.14388
3.94581
6.86492
9.00804
9.61003
9.15298
0.734922
-1.00172
-0.441949
8.00886
2.92124
8.02394
-5.51703
-4.35166
-14.634
-12.6373
0.0430972
0.0131589
-6.78108
-11.4441
-10.7124
-14.0597
-10.082
0.082229
0.113227
0.153173
0.203849
0.257394
0.309656
0.360506
0.408963
0.455971
0.501136
0.545351
0.588246
0.630368
0.671392
0.711769
0.751098
0.789771
0.8273
0.864067
0.899653
0.934438
0.968009
1.00069
1.03212
1.06265
1.09196
1.12038
1.14768
1.17393
1.19893
1.22294
1.24582
1.26781
1.28879
1.30893
1.32818
1.34665
1.36433
1.38129
1.3975
1.41297
1.42772
1.44181
1.4553
1.4682
1.48056
1.49239
1.50384
1.51507
1.52628
1.53764
1.5494
1.56177
1.57513
1.58977
1.60603
1.62402
1.64391
1.66565
1.68938
1.715
1.74258
1.77197
1.80323
1.83626
1.87106
1.90744
1.94529
1.98443
2.0247
2.06596
2.10806
2.15093
2.19455
2.23901
2.2843
2.33043
2.37744
2.42569
2.47553
2.52709
2.58011
2.63342
2.68565
2.7348
2.77996
2.82078
2.41391
10.911
11.9656
4.02273
0.339803
-3.08255
6.78653
10.0536
1.23473
4.74629
9.92518
6.60275
-7.34583
-5.71337
0.0703214
0.111054
0.129586
0.154678
0.183859
0.213664
0.243881
0.27557
0.309631
0.348078
0.393675
0.447347
0.512522
0.591227
0.685778
0.798736
0.933526
1.08055
1.23873
1.39957
1.54956
1.67126
1.74025
1.72996
1.61387
1.37758
1.01597
0.529363
-0.07343
-0.773721
-1.54145
-2.33955
-3.09462
-3.65075
-3.94166
-3.92463
-3.63127
-3.08225
-2.43789
-1.78526
-1.18945
-0.692588
-0.324555
-0.092031
0.0538798
0.123603
0.157812
0.174929
0.180804
0.179638
0.173265
0.163424
0.150435
0.133765
0.112836
0.0858361
0.0531913
0.102666
0.158168
0.216079
0.274679
0.332532
0.389739
0.445585
0.499359
0.550556
0.599136
0.644628
0.68748
0.727349
0.764757
0.799584
0.832362
0.863181
0.892515
0.920519
0.947445
0.973336
0.998605
1.02335
1.04758
1.07121
1.09436
1.11708
1.13943
1.16135
1.18268
1.20346
1.22381
1.24368
1.26273
1.28107
1.29859
1.3154
1.33143
1.34644
1.36062
1.37384
1.38618
1.3976
1.4084
1.41854
1.42813
1.43709
1.4454
1.4531
1.46017
1.46656
1.47201
1.47633
1.47938
1.48128
1.48215
1.48219
1.48153
1.48053
1.47959
1.47923
1.47978
1.48151
1.48462
1.48934
1.49593
1.50472
1.51617
1.53069
1.54867
1.57034
1.59594
1.62558
1.65948
1.69773
1.74036
1.78705
1.8373
1.8905
1.94639
2.00418
2.0624
2.11898
2.17258
2.22216
2.27024
2.32062
2.29907
2.2831
2.27054
2.26273
2.26085
2.26613
2.27936
2.30149
2.33353
2.37667
2.43258
2.50305
2.58999
2.69587
2.82422
2.97826
3.15836
3.3675
3.62227
3.96014
4.37571
4.81542
5.28477
5.8348
6.366
6.84627
7.14246
7.23491
7.11991
6.7727
6.27997
5.75509
5.29302
4.88061
4.46395
4.09661
3.82123
3.60075
3.41551
3.26168
3.1381
3.04063
2.9646
2.90495
2.85919
2.82532
2.80024
2.78382
2.7751
2.7727
2.77606
2.78484
2.79798
2.81454
2.83352
2.85856
-13.6948
-17.1353
-15.5032
-12.9029
-16.8067
0.000776508
0.0432233
0.0821015
0.128803
0.180316
0.235167
0.288784
0.341234
0.390994
0.439238
0.485505
0.53068
0.574503
0.617448
0.659261
0.700278
0.740184
0.779288
0.817216
0.854254
0.890096
0.92501
0.958737
0.991471
1.02305
1.05365
1.08315
1.11166
1.13886
1.16516
1.19032
1.21433
1.23735
1.25931
1.28037
1.30042
1.31966
1.33793
1.35548
1.37213
1.38807
1.40311
1.41745
1.43098
1.44387
1.456
1.46751
1.47835
1.48874
1.49873
1.50864
1.51856
1.52896
1.54005
1.55241
1.56626
1.5821
1.59997
1.62021
1.64271
1.66766
1.69481
1.72421
1.75561
1.78909
1.82445
1.86166
1.90046
1.94073
1.98227
2.02496
2.06861
2.11309
2.15819
2.20379
2.24984
2.2963
2.34328
2.39094
2.43982
2.49048
2.54334
2.59812
2.654
2.70894
2.76121
2.8096
2.85243
2.89044
2.92801
2.89722
2.87069
2.85012
2.83116
2.81642
2.80713
2.80443
2.80874
2.82093
2.84185
2.8725
2.91437
2.9683
3.0373
3.12485
3.2332
3.36926
3.53869
3.741
3.96969
4.22431
4.51975
4.86327
5.26033
5.70921
6.16128
6.50483
6.7351
6.85307
6.7875
6.57751
6.24026
5.79213
5.34901
4.91046
4.48841
4.10165
3.76917
3.5008
3.28107
3.09295
2.92951
2.78993
2.67289
2.57601
2.49709
2.43389
2.38456
2.34751
2.32151
2.30548
2.29843
2.29979
2.30863
2.32435
2.34604
2.37338
2.35125
0.0146652
0.063666
0.123462
0.184369
0.247038
0.307767
0.368114
0.42517
0.480721
0.532274
0.581893
0.627556
0.67098
0.711108
0.74899
0.784332
0.817781
0.849293
0.879505
0.908308
0.936314
0.963194
0.98943
1.0148
1.03984
1.06418
1.08798
1.11096
1.13384
1.15582
1.17702
1.19747
1.21739
1.23654
1.25539
1.2732
1.29022
1.30624
1.32158
1.33574
1.34909
1.36124
1.37264
1.38297
1.39277
1.40173
1.41021
1.41792
1.42523
1.43184
1.438
1.4433
1.44786
1.45122
1.45364
1.45492
1.45558
1.45553
1.45541
1.45531
1.45598
1.45757
1.4607
1.4653
1.47175
1.47998
1.49033
1.50285
1.5179
1.53575
1.55673
1.58109
1.60892
1.64047
1.67586
1.71537
1.75882
1.80608
1.85671
1.91057
1.9674
2.02602
2.08531
2.14318
2.19796
2.24959
2.30039
-0.0254009
0.0149313
0.0680496
0.101768
0.113196
0.129172
0.150201
0.173168
0.196563
0.221663
0.250241
0.28398
0.324285
0.371197
0.427631
0.497134
0.582404
0.685906
0.807933
0.942552
1.08904
1.24062
1.38316
1.49634
1.55459
1.53648
1.42457
1.20815
0.884309
0.459623
-0.0568777
-0.652666
-1.30649
-1.9839
-2.6188
-3.10686
-3.36461
-3.35521
-3.10145
-2.6567
-2.11804
-1.56611
-1.0618
-0.638444
-0.3211
-0.128744
0.00782517
0.0691424
0.103578
0.122027
0.130546
0.131648
0.127585
0.119279
0.107514
0.0918923
0.0719577
0.0465864
-6.65075
8.38845
4.11039
8.24941
-1.78418
9.97051
-6.79662
-9.75542
6.23449
2.60994
6.2825
10.7532
-0.0459076
2.87982
-0.0991653
-0.0730845
-0.0311718
0.00610459
-0.108269
-14.9952
-12.5695
2.46221
2.95784
2.97471
-8.00403
2.99636
2.48263
-0.0959867
-3.66476
-0.142165
8.13257
5.13764
8.6288
-9.62931
0.0203106
-0.00718002
0.0577602
0.0411922
0.0798248
0.0704471
0.087182
0.0854496
0.0752068
0.0840586
0.0308868
0.0592487
-0.117726
-0.0127373
-0.508872
-0.271602
-1.20887
-0.830017
-2.03427
-1.62779
-2.52307
-2.35442
-2.26966
-2.49015
-1.44686
-1.89956
-0.488088
-0.961132
0.330809
-0.0524309
0.910897
0.654271
1.19288
1.08979
1.19828
1.22528
1.00725
1.1186
0.757728
0.881262
0.539698
0.642254
0.38356
0.452911
0.28209
0.327198
0.212686
0.244331
0.164002
0.185859
0.129368
0.145456
0.101608
0.114467
0.0776661
0.0900098
0.0590495
2.33551
2.39039
2.22471
2.28047
2.10642
2.1668
1.98532
2.04525
1.8738
1.92806
1.77472
1.82269
1.6892
1.73013
1.61874
1.6521
1.56234
1.58888
1.5182
1.53887
1.48384
1.49993
1.45786
1.46979
1.44061
1.4481
1.43207
1.43532
1.43
1.43045
1.43028
1.4301
1.42934
1.43011
1.42511
1.42773
1.41713
1.42151
1.40662
1.41211
1.39422
1.40062
1.37956
1.38717
1.36191
1.3711
1.34029
1.35154
1.31409
1.32767
1.28344
1.29917
1.24883
1.26646
1.21103
1.23015
1.17065
1.19097
1.12767
1.14918
1.08243
1.10528
1.03405
1.05832
0.982819
1.00844
0.928433
0.955587
0.870526
0.899435
0.807744
0.839274
0.738072
0.773283
0.659321
0.699222
0.569451
0.614815
0.467013
0.51828
0.35141
0.408863
0.223693
0.28684
0.0892079
0.154535
0.0219486
2.90889
2.94161
2.85806
2.88105
2.83099
2.84108
2.83455
2.82874
2.87377
2.84942
2.95519
2.90899
3.09311
3.01589
3.30813
3.18948
3.63002
3.4543
4.05783
3.83376
4.5752
4.30011
5.24535
4.89011
6.0012
5.64245
6.47167
6.28936
6.52144
6.56238
6.07905
6.35295
5.35184
5.72703
4.58361
4.97207
3.88719
4.20918
3.38216
3.61514
3.00781
3.18166
2.73371
2.85899
2.54496
2.63001
2.42278
2.47662
2.35325
2.38214
2.327
2.33524
2.3388
2.32842
2.38758
2.35807
2.42406
2.88191
2.92142
2.78355
2.83518
2.6701
2.72769
2.55694
2.61263
2.45299
2.50382
2.35597
2.40405
2.26081
2.30841
2.16575
2.2133
2.07158
2.11848
1.98013
2.02539
1.89343
1.93605
1.81298
1.85232
1.73965
1.77531
1.67453
1.70588
1.61939
1.64547
1.57571
1.59596
1.54317
1.55802
1.51947
1.53032
1.50099
1.50972
1.4841
1.4925
1.46602
1.47528
1.44534
1.45602
1.42148
1.43378
1.39456
1.4084
1.36438
1.3799
1.33085
1.34806
1.29379
1.31283
1.25281
1.27385
1.20773
1.23085
1.15857
1.18377
1.10496
1.13237
1.04696
1.0766
0.984557
1.01634
0.917861
0.951813
0.846791
0.882943
0.771332
0.809691
0.691592
0.732092
0.607751
0.650329
0.519806
0.56451
0.427233
0.474376
0.328507
0.378928
0.221209
0.276082
0.107135
0.164411
-0.000691336
0.0513162
-0.0892747
-0.0472987
-14.3818
-0.148808
-0.132193
3.07794
2.55348
3.08098
2.54128
-0.0839388
-0.103202
-0.146435
0.0290804
-0.0350485
0.159265
0.0981922
0.271396
0.218519
0.373288
0.324294
0.468814
0.422366
0.559379
0.515013
0.645691
0.60325
0.727909
0.687412
0.805906
0.767463
0.879518
0.843239
0.948682
0.914603
1.01347
0.981564
1.07392
1.04419
1.12997
1.10244
1.18162
1.15628
1.22877
1.20572
1.27146
1.25058
1.31005
1.29118
1.3449
1.32785
1.37629
1.36097
1.40416
1.39061
1.42862
1.41676
1.44941
1.43944
1.4667
1.4584
1.4814
1.47422
1.4957
1.48835
1.51321
1.50372
1.53858
1.52454
1.57607
1.55557
1.62711
1.59988
1.69004
1.65719
1.76224
1.72504
1.8424
1.80129
1.93024
1.88534
2.02453
1.97671
2.12212
2.07311
2.2201
2.17119
2.31698
2.2687
2.41313
2.36504
2.51149
2.46173
2.61839
2.56344
2.73649
2.67643
2.85395
2.79675
2.95937
2.90683
3.01583
2.46051
2.51338
2.382
2.41522
2.34776
2.35963
2.35514
2.34634
2.40546
2.37467
2.50559
2.44876
2.66688
2.57775
2.90546
2.7754
3.24007
3.05966
3.69246
3.45069
4.28583
3.96709
4.9923
4.63687
5.6727
5.34016
6.19791
5.98865
6.36066
6.32214
6.13845
6.26398
5.60983
5.93182
4.84818
5.24841
4.34034
4.57774
3.89017
4.11158
3.50319
3.68313
3.22905
3.35261
3.04703
3.12824
2.93231
2.98272
2.86812
2.89473
2.84509
2.8519
2.85797
2.84725
2.90469
2.87705
2.98655
2.94136
3.0349
-0.0122421
-0.0781276
0.135542
0.0630326
0.274578
0.208841
0.39946
0.341025
0.510513
0.458693
0.608016
0.562311
0.693107
0.653019
0.767773
0.732448
0.834328
0.802678
0.894987
0.865939
0.951521
0.924231
1.00488
0.978996
1.05515
1.03069
1.10252
1.07941
1.14703
1.12524
1.1893
1.16862
1.2286
1.20945
1.26464
1.24717
1.29678
1.28134
1.32425
1.31122
1.34665
1.33614
1.36434
1.35611
1.37814
1.37162
1.38944
1.38408
1.39869
1.3943
1.40591
1.40259
1.41005
1.40845
1.41038
1.41062
1.40843
1.4095
1.40802
1.40766
1.41477
1.41016
1.4324
1.42215
1.46037
1.44525
1.49616
1.47739
1.53941
1.51672
1.59301
1.56471
1.65965
1.62461
1.74059
1.69832
1.83485
1.78623
1.94031
1.88623
2.0578
1.99745
2.18518
2.121
2.30984
2.24865
2.42815
2.36928
2.48607
-0.0735261
0.0317703
0.0109689
0.0571701
0.0432383
0.0735028
0.0665751
0.0904243
0.0810285
0.115872
0.101803
0.153446
0.132779
0.208363
0.177723
0.292207
0.245948
0.423352
0.350518
0.596327
0.5066
0.759345
0.683377
0.818417
0.807256
0.705444
0.783936
0.401903
0.575812
-0.0582638
0.187207
-0.624489
-0.331272
-1.17857
-0.915157
-1.5033
-1.38043
-1.43699
-1.52233
-1.01369
-1.25337
-0.516538
-0.750969
-0.164437
-0.311607
-0.0107845
-0.0745471
0.0295676
0.0120651
0.0454573
0.038984
0.048286
0.0480855
0.0399726
0.0455774
0.0208841
0.0317512
-0.0130733
0.00652683
-0.0422872
-13.9072
-0.296558
-2.46027
-6.68994
-0.391858
-13.2629
-8.93589
-12.4427
-11.0933
-9.52757
-10.7621
9.41342
11.892
13.2339
13.3826
10.9463
-16.4429
-16.5875
-16.7747
-13.7578
-9.55711
-5.61133
0.115842
-2.67095
0.13136
-0.255988
-0.148413
-0.051641
0.0298239
0.0996422
0.162968
0.217946
0.27267
0.323313
0.373739
0.421467
0.468826
0.514195
0.559138
0.60244
0.645247
0.686548
0.727263
0.766508
0.805064
0.842174
0.8785
0.913427
0.947516
0.980296
1.01221
1.04285
1.07258
1.10106
1.12862
1.15494
1.18031
1.20444
1.22757
1.24947
1.27039
1.29013
1.30894
1.32666
1.34353
1.35942
1.37446
1.38853
1.40172
1.41395
1.42537
1.43585
1.44544
1.4541
1.46192
1.46897
1.47551
1.48185
1.48848
1.49588
1.50467
1.51545
1.5289
1.54546
1.56549
1.589
1.61589
1.64584
1.67862
1.71394
1.75167
1.79171
1.83404
1.87857
1.92517
1.9735
2.02315
2.07355
2.12417
2.17458
2.22457
2.27413
2.32335
2.37241
2.42149
2.47083
2.52095
2.57307
2.62948
2.69275
2.76424
2.84248
2.92048
2.98703
3.0357
3.08369
3.20792
2.65536
2.54705
2.48015
2.42968
2.394
2.37041
2.35809
2.35647
2.36545
2.3857
2.41763
2.46214
2.5207
2.595
2.68667
2.79786
2.93076
3.08808
3.27379
3.49231
3.74854
4.04493
4.34927
4.63422
4.93783
5.30253
5.65575
5.86446
6.08431
6.20463
6.18508
6.17415
5.9754
5.71847
5.53829
5.36723
5.12059
4.77298
4.39902
4.09533
3.86704
3.68262
3.52007
3.3753
3.25051
3.14767
3.06304
2.9951
2.94311
2.90473
2.87763
2.86062
2.85351
2.85582
2.86692
2.88734
2.91835
2.96083
3.01624
3.08872
3.2034
3.39605
-0.211566
-0.193922
-0.108529
-0.0279203
0.0568609
0.129067
0.204429
0.270071
0.33698
0.396077
0.45496
0.507521
0.559041
0.605302
0.650231
0.690789
0.730134
0.765931
0.800831
0.832953
0.864501
0.893964
0.923092
0.950695
0.978023
1.00412
1.02983
1.05443
1.07856
1.10169
1.12432
1.1461
1.16741
1.18789
1.20783
1.2269
1.24532
1.26278
1.2794
1.2949
1.30932
1.32241
1.33425
1.34469
1.35392
1.36197
1.36897
1.37494
1.3802
1.38478
1.38881
1.3923
1.39525
1.39758
1.39915
1.39981
1.39951
1.39843
1.39692
1.39546
1.39468
1.3953
1.39803
1.4034
1.41173
1.423
1.437
1.45333
1.47168
1.49187
1.51396
1.53819
1.56495
1.59467
1.62768
1.66413
1.70406
1.7474
1.79408
1.84373
1.896
1.9509
2.00912
2.07185
2.14008
2.2133
2.28813
2.35795
2.41652
2.46393
2.52255
2.65991
2.89124
0.233701
0.0701774
0.00775232
0.00182558
0.00766655
0.0183798
0.0238208
0.0263979
0.0286372
0.0316664
0.0356326
0.0405774
0.0464283
0.0540345
0.0626132
0.0741457
0.0894813
0.108315
0.132907
0.16443
0.200877
0.238123
0.272644
0.300241
0.312855
0.305415
0.275113
0.229242
0.172321
0.108808
0.0411712
-0.0298439
-0.105005
-0.185634
-0.274732
-0.367014
-0.444882
-0.490021
-0.495586
-0.465802
-0.406204
-0.330172
-0.241529
-0.163704
-0.0955626
-0.0466968
-0.0221197
-0.0034208
0.00354289
0.00838063
0.0115915
0.0140611
0.0150175
0.015716
0.0155177
0.0141324
0.0118649
0.00825632
0.00293691
-0.00403777
-0.0104476
-0.000703324
-0.0208661
-4.67983
-1.70178
3.14591
1.94387
)
;

boundaryField
{
    frontandback
    {
        type            empty;
    }
    walls
    {
        type            zeroGradient;
    }
    diamond
    {
        type            zeroGradient;
    }
    inlet
    {
        type            zeroGradient;
    }
    outlet
    {
        type            fixedValue;
        value           uniform 0;
    }
}


// ************************************************************************* //
