/*--------------------------------*- C++ -*----------------------------------*\
  =========                 |
  \\      /  F ield         | OpenFOAM: The Open Source CFD Toolbox
   \\    /   O peration     | Website:  https://openfoam.org
    \\  /    A nd           | Version:  10
     \\/     M anipulation  |
\*---------------------------------------------------------------------------*/
FoamFile
{
    format      ascii;
    class       volScalarField;
    location    "34.5";
    object      p;
}
// * * * * * * * * * * * * * * * * * * * * * * * * * * * * * * * * * * * * * //

dimensions      [0 2 -2 0 0 0 0];

internalField   nonuniform List<scalar> 
6397
(
0.295768
0.285336
0.0108867
0.00977182
-0.00262387
-7.75691e-05
0.502184
0.26358
-0.405419
-0.352835
0.273548
0.141147
0.00177359
0.00229976
-0.00406651
-0.632635
-0.610292
-0.574652
0.839968
0.79126
0.750218
-0.340686
-0.305874
-0.295453
0.00294501
0.00281234
0.00364385
-0.128468
-0.116329
-0.115443
-0.109326
0.0125056
0.0154334
0.00762032
0.0170612
0.0204378
0.0158137
0.0191485
0.0222609
0.0208949
0.0182062
0.0212604
-0.117248
-0.0266491
-0.0273559
0.00108342
-0.0124596
-0.0113636
0.0233906
0.0289503
0.0265154
0.0298053
0.0308347
0.291929
0.271074
0.216925
0.228193
0.0612469
-0.068813
-0.0674646
-0.0744305
-0.0849037
-0.100919
-0.12224
-0.147138
-0.171678
-0.188838
-0.192832
-0.0690772
-0.0700418
-0.0733583
-0.0689579
-0.0731007
-0.0816377
-0.0950645
-0.112671
-0.13266
-0.151085
-0.163123
-0.162748
-0.0821057
-0.0770476
-0.179798
-0.149917
-0.0952374
-0.0880378
-0.154072
-0.12772
-0.111613
-0.1021
-0.124459
-0.104129
-0.128414
-0.142911
-0.0987948
-0.083893
-0.115082
-0.152041
-0.134389
-0.0822196
-0.0968425
-0.0662208
-0.0720217
-0.0664399
-0.0643611
-0.0829731
-0.0726812
-0.111351
-0.0966238
-0.131932
-0.124454
-0.116714
-0.129106
-0.0807228
-0.0992303
-0.0658925
-0.175006
-0.108554
-0.140624
-0.215876
-0.203847
-0.184154
-0.207876
-0.125111
-0.153833
-0.0830989
-0.100744
-0.0641371
-0.0708487
-0.0624978
-0.0613719
-0.0762373
-0.0674041
-0.0995406
-0.0874393
-0.152496
-0.136173
-0.16345
-0.056804
-0.0704699
-0.111252
-0.0838729
-0.0820996
-0.0525942
-0.0412205
-0.0399765
-0.0930897
-0.154438
-0.168276
-0.0940899
-0.0797946
-0.113428
-0.135137
-0.0771238
-0.0932556
-0.0588373
-0.0657987
-0.055274
-0.0554242
-0.0658255
-0.0587737
-0.0860384
-0.0756036
-0.0977537
-0.094589
-0.085533
-0.0954457
-0.0567443
-0.0713154
-0.0464265
-0.186247
-0.148128
-0.225207
-0.215301
-0.185677
-0.21345
-0.121464
-0.152882
-0.0773856
-0.0964559
-0.0565412
-0.0646868
-0.0520605
-0.0527406
-0.0614209
-0.0551095
-0.0798225
-0.0703086
-0.0885066
-0.155918
-0.138855
-0.171678
-0.166724
-0.0622019
-0.0676906
-0.0626104
-0.0256185
-0.0263087
-0.0424403
-0.0528788
-0.0513403
-0.0487665
-0.0348049
-0.115095
-0.091979
-0.163349
-0.166976
-0.159074
-0.0705299
-0.0695168
-0.06786
-0.152142
-0.165507
-0.107816
-0.131195
-0.0689142
-0.0861653
-0.0482531
-0.056643
-0.0413384
-0.0434429
-0.0466757
-0.0425588
-0.0605622
-0.0534179
-0.0679452
-0.0664364
-0.0562184
-0.0649186
-0.0343941
-0.0450259
-0.028058
-0.106136
-0.074356
-0.185317
-0.145677
-0.221433
-0.213506
-0.177706
-0.207328
-0.112403
-0.143836
-0.0683853
-0.087265
-0.0470567
-0.0554699
-0.0406599
-0.0424335
-0.0458366
-0.041875
-0.0604333
-0.0529487
-0.0662515
-0.150949
-0.135605
-0.160137
-0.0298539
-0.0581466
-0.0599508
-0.0231179
-0.0408721
-0.049708
-0.058722
-0.147305
-0.142302
-0.108633
-0.0877511
-0.0489602
-0.0490467
-0.158499
-0.149191
-0.0376466
-0.0509024
-0.0633668
-0.0688289
-0.0619302
-0.142635
-0.156351
-0.0977535
-0.121355
-0.0581273
-0.0759537
-0.036162
-0.0452692
-0.0264476
-0.0300486
-0.0273804
-0.025574
-0.0360018
-0.0313201
-0.0399076
-0.0394427
-0.0296484
-0.0364838
-0.0150051
-0.0215398
-0.01113
-0.0116342
-0.0165814
-0.0125868
-0.0360281
-0.0240028
-0.0361649
-0.00391742
-0.0180097
-0.0930225
-0.0604377
-0.171876
-0.132732
-0.20459
-0.198725
-0.159301
-0.188523
-0.0967449
-0.126402
-0.0559305
-0.0733647
-0.0358405
-0.0438838
-0.0285986
-0.0310221
-0.0310321
-0.0285835
-0.0411947
-0.0355337
-0.045969
-0.13864
-0.126074
-0.145969
-0.0166223
0.00601505
-0.0709789
-0.0531532
-0.054327
-0.0633193
-0.130612
-0.0660301
-0.029579
-0.0295501
-0.038916
-0.0715918
0.0113163
-0.015696
-0.0850628
-0.0992724
-0.0767158
-0.0474508
-0.0620183
-0.141324
-0.113816
-0.131861
-0.125449
-0.138775
-0.0825057
-0.105029
-0.0447987
-0.0617223
-0.0228246
-0.0320833
-0.0115069
-0.0160958
-0.00910525
-0.00916337
-0.0135657
-0.010932
-0.0150951
-0.015417
-0.00691117
-0.0119625
0.00145996
-0.00183752
0.00209354
0.00252758
-0.00380331
-2.43838e-05
-0.0203356
-0.0105485
-0.0523797
-0.033901
0.0149448
0.0341529
0.0263246
-0.0177426
0.000328453
-0.071755
-0.041121
-0.146536
-0.109449
-0.175285
-0.171037
-0.132073
-0.159212
-0.0768208
-0.102688
-0.0416097
-0.056646
-0.0239305
-0.0310976
-0.0167609
-0.0193993
-0.0168955
-0.015951
-0.0237546
-0.0198574
-0.0275216
0.0123823
0.0384626
-0.107391
-0.0757445
-0.0456945
-0.0283737
-0.0630905
-0.0448867
-0.0984277
-0.0818685
-0.122582
-0.112558
-0.126886
-0.127572
-0.108295
-0.120476
-0.0923164
-0.057132
-0.0740612
-0.0431934
-0.0930496
-0.0189585
-0.116024
0.0409101
0.0116124
-0.136165
-0.102862
-0.143533
-0.0930117
-0.0740485
-0.0692309
-0.117092
-0.109199
-0.101586
-0.114331
-0.0633608
-0.0835506
-0.0295228
-0.0448108
-0.00885391
-0.0177384
0.00290805
-0.00208402
0.00734973
0.0060754
0.00579073
0.00697185
0.00576128
0.0050562
0.0113989
0.00821628
0.0149204
0.0139078
0.0134208
0.0145976
0.00757132
0.0112314
-0.00580115
0.00184616
-0.0296024
-0.016097
-0.0643504
-0.0459755
0.0540888
0.0648496
0.0602646
0.034358
0.045457
0.00522739
0.0209857
-0.0442783
-0.0159822
-0.113276
-0.0791656
-0.137735
-0.135075
-0.0997354
-0.12292
-0.0548323
-0.0756395
-0.0265935
-0.0386923
-0.0120449
-0.0180105
-0.00564056
-0.00812753
-0.00459127
-0.00445963
-0.00853924
-0.00619212
-0.0135719
-0.0115088
-0.0129196
-0.0134157
-0.0115667
-0.0597414
-0.027169
-0.0441369
-0.0876743
-0.0745726
-0.105407
-0.0983414
-0.105516
-0.108099
-0.0859611
-0.0981424
0.043377
0.0681082
-0.132074
-0.083293
-0.0550962
-0.0712426
-0.0669693
-0.0932147
-0.052303
-0.123946
-0.0239771
-0.156204
0.0119305
-0.178853
0.0680757
0.0466856
-0.180633
-0.0992628
-0.156395
0.0793943
0.0645175
0.0731308
-0.106965
-0.0515825
-0.0541952
-0.0384451
-0.0387636
-0.0254542
-0.0842289
-0.0700866
-0.0539967
-0.0885595
-0.0829124
-0.0747525
-0.0856181
-0.042081
-0.059014
-0.0135418
-0.0265165
0.00471121
-0.00328999
0.0159125
0.0110259
0.0211471
0.0193058
0.0214321
0.0216175
0.0223593
0.0215136
0.0253302
0.0239148
0.0254718
0.0258819
0.0229224
0.0244174
0.0173657
0.0207029
0.0066937
0.012674
-0.0105058
-0.0011195
-0.0327002
-0.0211559
-0.0432125
0.0819663
0.082328
0.0732306
0.07874
0.0563151
0.0654739
0.0308189
0.0448711
-0.0148808
0.0115413
-0.0770341
-0.0470274
-0.0962318
-0.0948726
-0.0661554
-0.0840004
-0.0330108
-0.0482742
-0.0120975
-0.0211281
-0.000885274
-0.00554752
0.00437851
0.00226286
0.00594165
0.00560614
0.00367574
0.00524788
-5.5026e-05
0.00146832
-6.06128e-05
-0.00067448
0.00109038
-0.0286022
-0.0149516
-0.0554785
-0.042422
-0.0778024
-0.0675436
-0.0898616
-0.0855131
-0.0861694
-0.0901542
-0.0665431
-0.078013
-0.0529789
-0.082272
-0.120731
-0.0627452
-0.163201
-0.0266501
-0.200965
0.0155919
-0.219885
0.0477546
-0.208082
0.0644749
0.0572632
-0.16437
-0.0474069
-0.0989184
0.0676211
0.0536541
0.0568953
-0.028558
-0.0100631
0.00258452
-0.0249444
-0.0131415
-0.0220789
-0.0119906
-0.106058
-0.0462192
-0.0336447
-0.0596687
-0.0557259
-0.0470387
-0.056444
-0.020382
-0.0338523
0.00186325
-0.00830253
0.0169134
0.0101572
0.0268432
0.0224299
0.0320803
0.0300616
0.0335792
0.0330739
0.0347378
0.0340606
0.0352598
0.0352626
0.0335201
0.0346096
0.0305452
0.0321765
0.0254341
0.0283625
0.0170205
0.0216639
0.00509047
0.0113522
-0.00895002
-0.00206823
-0.0174743
-0.0147762
-0.0166436
0.0837787
0.0766896
0.0910125
0.0887998
0.0872195
0.0902654
0.0753923
0.082212
0.0537607
0.0662867
0.011051
0.0355419
-0.0413112
-0.0170009
-0.055235
-0.0543768
-0.0349353
-0.0467882
-0.0131268
-0.0232042
0.00107785
-0.00513831
0.00913575
0.00572794
0.013124
0.0114931
0.0146764
0.0141637
0.0135928
0.0144737
0.0110745
0.0122746
0.0105819
0.0103791
0.0107123
-0.00605077
0.00426612
-0.0295302
-0.0175975
-0.0523079
-0.0412057
-0.0700626
-0.0622261
-0.0770293
-0.0751666
-0.0701046
-0.0753151
-0.0507251
-0.0616827
-0.0380873
-0.0998885
-0.154668
-0.0702051
-0.204677
-0.0240222
-0.240193
0.0208979
-0.245856
0.0443454
-0.212349
0.0468966
-0.149623
0.0443466
0.040536
-0.075934
0.0203553
-0.00479232
-0.00457741
-0.132057
-0.00662189
0.00591781
0.00131489
-0.0238168
-0.0148518
-0.0330944
-0.0304815
-0.0210526
-0.0292661
0.00019116
-0.0101873
0.0160905
0.00890405
0.0275462
0.0222198
0.0358633
0.0321089
0.0406751
0.0386986
0.0427054
0.0419175
0.0432563
0.0431544
0.0420865
0.0429056
0.0396034
0.0409268
0.0364694
0.0381509
0.0318713
0.0343974
0.0252978
0.0288454
0.0168155
0.0212245
0.00827361
0.0122769
0.00482235
0.00552849
0.0127422
0.007224
0.0310855
0.0212543
0.068893
0.0469862
0.0587214
0.0849198
0.0777128
0.0938457
0.090346
0.0943704
0.0951239
0.0870978
0.0916844
0.0689805
0.0799033
0.0321191
0.0527858
-0.00770299
0.0101472
-0.0189064
-0.0173275
-0.00854086
-0.0147947
0.00376624
-0.00205192
0.0124592
0.00857574
0.0177721
0.0154778
0.0205351
0.0193961
0.0217456
0.0212858
0.0213883
0.0217809
0.0197738
0.0206086
0.0185736
0.0189812
0.0181061
0.0183279
0.0172862
-0.0100782
0.00856908
-8.27405e-05
-0.0311905
-0.0204043
-0.0514371
-0.0417854
-0.0651217
-0.0594608
-0.0676047
-0.0679311
-0.0578132
-0.0641395
-0.0384904
-0.0490817
-0.0150391
-0.0268249
0.0059699
-0.0035583
0.0296682
0.0338121
0.0378156
0.0438509
-0.114753
-0.188719
0.0215257
-0.0701502
-0.23741
0.0183563
0.0146974
0.0230415
-0.0157675
-0.260317
0.0235132
-0.243255
0.0354453
-0.186508
0.0335686
-0.110526
0.024682
-0.0349024
0.0190272
0.0128056
0.0241754
0.0550627
0.054388
-0.156451
0.00691861
0.0126121
-0.00403553
0.00141193
-0.00922965
-0.00831878
0.000906921
-0.0063773
0.0182716
0.00999237
0.0293369
0.0245787
0.0371775
0.0334168
0.043504
0.0405951
0.0474339
0.0457708
0.0490817
0.0485095
0.0487434
0.0491685
0.0467955
0.0479223
0.0441069
0.0454922
0.0409485
0.042618
0.0368424
0.0390259
0.0316478
0.0343801
0.0256118
0.028683
0.0204302
0.022679
0.0192861
0.0189452
0.0255287
0.0212571
0.0388613
0.0318136
0.0519028
0.0461424
0.0487415
0.0241341
0.0369969
0.0689398
0.0593823
0.0840499
0.0771905
0.0936706
0.0896458
0.0962768
0.095838
0.0918452
0.0949549
0.0775777
0.0862999
0.0495185
0.0649329
0.0216555
0.0338078
0.0096366
0.0129328
0.011964
0.00995617
0.0173569
0.0146412
0.0218989
0.0198033
0.0249716
0.0236115
0.0266556
0.0259614
0.0273836
0.0270985
0.0272837
0.027458
0.0262447
0.0268372
0.0251231
0.0254716
0.0241625
0.0247543
0.0231412
0.00362167
0.0113103
-0.0147694
-0.00524509
-0.035096
-0.0246933
-0.0532905
-0.0449402
-0.0631894
-0.0595442
-0.0615686
-0.0638999
-0.048851
-0.0564014
-0.0289164
-0.0394633
-0.00686807
-0.0179076
0.00402322
0.00270115
0.0104285
0.0614619
0.05503
-0.120407
-0.212497
0.025873
0.029246
-0.0611306
-0.24954
-0.00652032
-0.250284
0.0192433
-0.207914
0.0219658
-0.134598
0.0168624
-0.0551992
0.00561045
0.0105901
-0.00643616
0.05315
-0.00378004
-0.0149494
0.0686179
0.00545533
-0.00630612
-0.0183746
0.0130437
0.0638211
0.0546477
-0.17068
0.0182117
0.0226809
0.0117825
0.0149173
0.00970179
0.00982332
0.0183715
0.012567
0.0326957
0.0258265
0.0411086
0.0377288
0.0459592
0.0436668
0.0499411
0.0480867
0.0524525
0.0514005
0.0532224
0.0530533
0.0522193
0.0529214
0.0500005
0.0512011
0.0472994
0.0486872
0.0442247
0.0458233
0.0405915
0.0424794
0.0364031
0.0385578
0.0320091
0.0341814
0.0287148
0.030104
0.0284805
0.0280844
0.0331381
0.0300867
0.0416105
0.0370871
0.0488581
0.0460772
0.0479338
0.0496212
0.0287083
0.0171574
0.0501058
0.0398232
0.0681635
0.0595717
0.0823671
0.0757587
0.0917767
0.0877298
0.0954708
0.0943436
0.0930501
0.0950521
0.0826458
0.0890276
0.0625423
0.0735544
0.0404135
0.0509511
0.0295522
0.0338071
0.0269221
0.0275379
0.0278319
0.0271718
0.0294562
0.0286454
0.0308047
0.0301863
0.0315827
0.0312685
0.0318279
0.0317512
0.0316757
0.0318125
0.0309109
0.0313855
0.0296444
0.0302984
0.028233
0.0289597
0.0256935
0.0273614
0.0234613
-0.00220333
0.00617077
-0.0212913
-0.0114492
-0.0419837
-0.0316446
-0.0581302
-0.0510676
-0.064318
-0.0626613
-0.0586193
-0.062933
-0.0427974
-0.051711
-0.0216895
-0.0325804
-1.29098e-05
-0.0106883
0.0188862
0.0100954
0.0314355
0.0258412
-0.112992
-0.215396
0.0434937
0.0505326
0.0350035
0.0335821
0.0357577
0.0432433
0.0389756
-0.046262
-0.233254
-0.00315044
-0.211138
0.007123
-0.150349
0.00472207
-0.0693574
-0.00426523
0.0048108
-0.0171231
0.0550043
-0.0277701
0.0773515
-0.0177722
-0.00509521
-0.0130685
-0.0282171
-0.0333472
0.0761104
-0.0329554
0.0308187
0.024058
0.0344717
-0.167077
0.0318433
0.033826
0.0273817
0.0297174
0.0240749
0.0254357
0.0244784
0.0236122
0.0318366
0.0273574
0.0431756
0.0375846
0.050105
0.0473789
0.0529905
0.051779
0.0548372
0.0539902
0.0558923
0.0554818
0.0557892
0.0559991
0.0544
0.0552345
0.0521295
0.0533309
0.0494876
0.0508429
0.0465586
0.0480617
0.0433167
0.0449744
0.0398398
0.0415946
0.0365119
0.0381124
0.0342934
0.0351927
0.0343491
0.0339789
0.0374865
0.0355314
0.0427052
0.0400301
0.046041
0.0448327
0.0455589
0.0134892
0.00391338
0.0328405
0.0232031
0.0512242
0.0422683
0.0672406
0.0595701
0.0800229
0.0740347
0.0889913
0.0850204
0.0932543
0.0917298
0.0923028
0.0934517
0.0849621
0.0895178
0.0703826
0.0784211
0.0533874
0.0616618
0.0425322
0.0471999
0.0373913
0.0393933
0.0356512
0.0362512
0.035332
0.0354002
0.0354154
0.0353582
0.0354562
0.0354577
0.0352798
0.0353938
0.0349146
0.0351276
0.0342231
0.0346251
0.0330566
0.0336892
0.0315516
0.0323414
0.0287525
0.0303725
0.0266562
0.0083433
0.0148554
-0.00905706
0.000306728
-0.0304258
-0.019325
-0.0521044
-0.0416816
-0.0662859
-0.0604956
-0.0686237
-0.0690595
-0.0585872
-0.0650071
-0.0394414
-0.0498323
-0.0167595
-0.0282024
0.00483547
-0.0055886
0.0211324
0.013917
0.0266423
0.0609013
0.0362175
0.0365187
0.0328034
-0.0941215
-0.195859
-0.0342715
-0.194921
-0.0104107
-0.156847
0.0427685
-0.0108738
-0.0863064
-0.017405
-0.00423527
-0.0307731
0.0603598
-0.019481
-0.00515639
-0.00808062
-0.0236898
-0.0434801
0.0920445
-0.0368136
-0.0509927
0.0929802
-0.0466311
-0.0519917
0.075705
0.0371923
0.0237563
0.0182576
0.0274116
0.0252771
0.0230237
-0.146369
0.0375477
0.0384155
0.0380629
0.0360252
0.0368594
0.0339024
0.0348505
0.0328734
0.0330843
0.0350339
0.0334486
0.0415055
0.0382978
0.0502183
0.0458785
0.0558154
0.0535979
0.0575937
0.0569974
0.0580499
0.057889
0.0580257
0.0581006
0.057297
0.0577649
0.0557002
0.0565988
0.0534481
0.054628
0.0509
0.0522005
0.0481509
0.0495489
0.0452421
0.0467124
0.0422824
0.0437553
0.0396172
0.0408774
0.0379455
0.0386109
0.037969
0.0377196
0.0399145
0.0387272
0.0428205
0.0413838
0.0438776
0.0437859
0.04019
0.0427199
0.0310295
0.036252
0.0167774
0.0178484
0.0248192
0.00550731
-0.000515168
0.0204337
0.0126744
0.0364593
0.0284133
0.0521105
0.0444391
0.0661339
0.0593915
0.077573
0.0721679
0.0858375
0.082129
0.0902153
0.0885386
0.0901425
0.0907505
0.084845
0.0881884
0.0739359
0.079982
0.0605841
0.0672347
0.050589
0.0551296
0.044483
0.0470941
0.0413113
0.0426276
0.0397657
0.0404062
0.0389648
0.0393105
0.0384309
0.0386866
0.0379024
0.0381772
0.0372962
0.0376175
0.0365328
0.0369417
0.0354319
0.0360194
0.0338415
0.0346909
0.0313347
0.0326397
0.0273656
0.0294408
0.0248041
0.00290647
0.0110034
-0.0176708
-0.006698
-0.0426638
-0.0297953
-0.0656883
-0.0550125
-0.0780821
-0.0735522
-0.0762629
-0.078986
-0.0614299
-0.0701912
-0.0386125
-0.0506342
-0.0140725
-0.0261888
0.0073799
-0.00276792
0.0223613
0.0158292
0.0318512
0.0274394
0.0353321
-0.0738492
-0.161871
0.0107889
0.0199523
0.0145278
-0.0336834
-0.150596
0.0524585
-0.0275363
-0.105606
-0.0345073
-0.0302071
0.0315704
-0.0089196
0.00478211
0.00688837
-0.00721693
-0.0468799
0.0511652
-0.0254388
-0.0627863
0.105615
0.00746091
0.0164493
-0.0430014
-0.072967
0.116288
-0.0584642
-0.0748123
0.0970646
-0.0697952
0.0398062
0.038967
0.0400082
0.0381378
0.0255722
0.0260056
0.0395764
-0.118563
0.0393925
0.0396406
0.0387236
0.0390475
0.0381225
0.0383441
0.0387593
0.0382091
0.0415357
0.0398498
0.0473732
0.0434992
0.054521
0.0511004
0.0589051
0.0571666
0.0600569
0.0597639
0.0598209
0.0600145
0.0591662
0.0595357
0.05806
0.0586782
0.0563546
0.0572943
0.0541542
0.0552935
0.0517211
0.0529587
0.0491513
0.0504498
0.0465135
0.0478355
0.0439359
0.0452046
0.0417048
0.0427519
0.0402921
0.0408673
0.040121
0.04004
0.0411657
0.0405273
0.0424965
0.0418937
0.0422077
0.0426988
0.038337
0.0407957
0.0305054
0.0348476
0.0254351
0.00657801
0.00470074
0.0145673
0.0099416
0.0264212
0.0201671
0.0396193
0.0329583
0.0528447
0.0462873
0.0650221
0.0591344
0.0751492
0.0703626
0.0825998
0.0792327
0.086793
0.08513
0.0871734
0.0874726
0.0832123
0.0857518
0.0748263
0.079485
0.0642115
0.0695801
0.0553516
0.0595072
0.0491233
0.0519059
0.0452805
0.046961
0.0430115
0.0440032
0.0416206
0.0422422
0.0406575
0.0411083
0.0398418
0.0402468
0.0390248
0.0394424
0.0381313
0.038588
0.037029
0.0375867
0.0355079
0.036248
0.033377
0.0343159
0.0301338
0.0316876
0.0283831
0.0140599
0.0263306
0.0205038
-0.0034157
0.00598857
-0.0283073
-0.0149475
-0.0579023
-0.0429718
-0.0826823
-0.0715463
-0.0933625
-0.0901348
-0.0870012
-0.0922328
-0.0668664
-0.0782347
-0.0399416
-0.0537921
-0.0131504
-0.0261545
0.00870611
-0.0014732
0.0236475
0.0171327
0.033394
0.0288489
0.0363934
0.00375912
0.00964722
-0.0637612
-0.129742
0.0669203
-0.0470471
-0.117833
0.0108525
0.0224053
0.0279255
0.0163921
-0.0533095
-0.0702937
0.0386095
-0.00313015
-0.0673768
0.0110606
-0.0244247
-0.0847835
0.0931551
-0.00235401
0.0171991
-0.0460068
-0.0999271
0.136401
0.00409721
-0.067322
-0.104655
0.125068
-0.085641
-0.0981812
0.0403329
0.029936
-0.00281503
0.00544105
-0.0978822
0.0405557
0.0405089
0.0404644
0.0405617
0.0405393
0.0405317
0.0405127
0.0408959
0.0406059
0.0424348
0.0414629
0.0456757
0.0438249
0.0509148
0.0479247
0.0566802
0.053939
0.06019
0.0587992
0.0610308
0.060861
0.0605309
0.0608675
0.0595679
0.0600889
0.0582577
0.0589565
0.0565166
0.0574962
0.0543944
0.0554839
0.0520914
0.05326
0.0496909
0.0508989
0.0472746
0.0484789
0.0449717
0.0460977
0.0430181
0.0439332
0.0417291
0.0422739
0.0413339
0.0414173
0.0417043
0.041458
0.0420325
0.0419483
0.0409987
0.0417714
0.0373122
0.0395292
0.0307667
0.0343315
0.0225351
0.0267025
0.0150879
0.0184542
0.00210563
0.0112018
0.012544
0.0159135
0.0182544
0.016431
0.0153899
0.0223062
0.0187924
0.0315298
0.0266228
0.042328
0.0368191
0.053516
0.0479003
0.0639726
0.0588971
0.072867
0.0686553
0.0794742
0.0764767
0.0833157
0.0817631
0.0838864
0.0840214
0.080818
0.0828083
0.0742264
0.0778886
0.0657042
0.070056
0.0579647
0.0616656
0.0520206
0.0547482
0.0479562
0.0497848
0.0453014
0.0464915
0.0435369
0.0443388
0.0422677
0.0428618
0.0412232
0.0417327
0.0402333
0.0407303
0.0392026
0.0397262
0.0380173
0.0386291
0.0365844
0.0373072
0.0347061
0.0356911
0.032218
0.0337188
0.0300465
0.0311986
0.0298799
0.00992803
0.0169605
-0.0106803
0.000642272
-0.040665
-0.0244905
-0.0752833
-0.058086
-0.102217
-0.0904571
-0.11109
-0.10927
-0.0997974
-0.107739
-0.0740077
-0.0881542
-0.0426436
-0.0584837
-0.0132206
-0.0273353
0.00971253
-0.000832813
0.0250807
0.0183696
0.0347067
0.0303699
0.0390127
0.0374286
0.040715
0.0402003
0.0886579
-0.0701648
-0.113603
0.040679
0.0209066
0.034065
0.0229066
-0.0730657
-0.105258
0.010886
0.000361236
0.0499871
0.00258289
-0.0911143
-0.0531049
-0.00860381
-0.0207689
-0.113375
0.0377984
-0.0121815
0.0201162
-0.0458138
-0.131184
0.121263
-0.00926367
-0.0720266
-0.141188
0.150307
0.00074842
-0.0982051
-0.136578
0.118158
-0.119901
0.011904
0.0208764
0.0216346
0.040983
0.0497892
-0.0943334
0.0404066
0.0399027
0.0398523
0.0408108
0.0405097
0.0411656
0.0409316
0.0415853
0.0413114
0.042556
0.0419591
0.0445709
0.0433984
0.0479554
0.0460875
0.052619
0.0501417
0.0573308
0.0550986
0.0602602
0.0590826
0.0610054
0.0608528
0.0604791
0.0608381
0.0594152
0.0599922
0.0579903
0.0587488
0.0562631
0.0570905
0.0542789
0.0553043
0.0521116
0.0532101
0.0498685
0.0509943
0.0476374
0.0487456
0.0455405
0.0465627
0.0437659
0.0446
0.0425272
0.0430701
0.0419374
0.0421539
0.0418274
0.041852
0.0415488
0.0417653
0.0401566
0.0410457
0.0368382
0.0387665
0.0314985
0.0343715
0.0252062
0.0283735
0.0201012
0.0223525
0.0182764
0.0186037
0.0192827
0.0434371
0.0574147
0.0496425
0.0320576
0.037492
0.02532
0.0278174
0.0247319
0.0242434
0.0288747
0.0262842
0.0358732
0.0320088
0.0447234
0.0401143
0.0541053
0.0493822
0.0630626
0.058697
0.0707527
0.0670928
0.0765546
0.0739185
0.079968
0.0785765
0.0805786
0.0806336
0.0781301
0.0797287
0.0728424
0.0757799
0.0659063
0.0694823
0.0591865
0.0624443
0.0536941
0.0562615
0.0496594
0.0515095
0.0468363
0.0481235
0.0448508
0.0457644
0.0433715
0.0440674
0.0421494
0.0427424
0.0410188
0.0415828
0.0398785
0.0404563
0.0386567
0.0392861
0.0373036
0.0380058
0.035734
0.0365802
0.0340341
0.0349822
0.032757
0.0333515
0.0308557
0.0320814
0.00698918
0.0148593
-0.0177495
-0.00397493
-0.0534733
-0.0343435
-0.0931822
-0.073701
-0.122289
-0.109937
-0.129154
-0.128843
-0.112794
-0.123488
-0.0814082
-0.0982798
-0.0457073
-0.0634966
-0.0136922
-0.0289084
0.0105237
-0.000512557
0.0263746
0.0194583
0.0356726
0.0316309
0.0396769
0.038217
0.040811
0.0405999
0.0406742
0.0305726
-0.092703
-0.117235
0.0142328
0.0185084
0.0244842
0.0282021
0.0389936
0.00147961
0.0682096
0.00965115
-0.114461
-0.111225
-0.0120504
-0.0146427
-0.146224
-0.0502607
-0.0208574
0.0261968
-0.0423099
-0.173983
0.0527838
-0.0229945
-0.0725951
-0.186473
0.13643
-0.00152719
-0.0171305
-0.105796
-0.183761
0.143864
-0.138109
-0.16644
0.0682145
0.051736
0.0398171
-0.109084
0.0400085
0.0395876
0.0406244
0.0402727
0.0412609
0.0409149
0.0420745
0.0416273
0.0434107
0.042652
0.0456599
0.044408
0.0489954
0.0471997
0.0531224
0.0510138
0.0570718
0.0552032
0.0595923
0.0585577
0.0603375
0.0601562
0.0598951
0.0602167
0.0588554
0.0594269
0.057451
0.0581928
0.0557763
0.0566271
0.0538907
0.0548585
0.0518558
0.0528859
0.0497589
0.0508101
0.0476861
0.0487137
0.0457496
0.0466928
0.0440998
0.0448796
0.0428822
0.0434319
0.0421433
0.042458
0.0417098
0.0419122
0.041087
0.0414627
0.0396019
0.040489
0.0367317
0.0383524
0.0325376
0.0347559
0.0279135
0.0301738
0.0245762
0.0260063
0.0241057
0.0238787
0.0270315
0.0253879
0.0128864
0.02055
0.031272
0.0286655
0.0505524
0.0644814
0.0566044
0.0401618
0.0451593
0.033228
0.0360914
0.0316335
0.0317463
0.0342684
0.0325534
0.0396406
0.0366567
0.0468351
0.0430904
0.054657
0.0507181
0.0622424
0.05853
0.0688329
0.0656926
0.0738643
0.071572
0.0768397
0.0756247
0.0774111
0.0774327
0.0754082
0.0767194
0.0710886
0.0734854
0.0653406
0.0683184
0.059514
0.0623683
0.0545182
0.0568862
0.0506425
0.0524453
0.0477835
0.0491044
0.0456793
0.0466575
0.0440589
0.0448257
0.042703
0.0433606
0.0414589
0.0420759
0.0402371
0.0408513
0.0389948
0.039627
0.0377137
0.0383682
0.0363953
0.0370817
0.0351649
0.0357823
0.0340307
0.0344869
0.0319639
0.0329218
0.0186188
0.0255382
0.00451901
0.0130227
-0.0240747
-0.00799565
-0.0651251
-0.0433788
-0.109187
-0.087722
-0.13991
-0.127222
-0.144631
-0.145815
-0.123623
-0.136802
-0.0873758
-0.106588
-0.0480355
-0.0674487
-0.0139682
-0.0300271
0.0111987
-0.000203627
0.0274121
0.020344
0.0364001
0.032613
0.0401572
0.0388205
0.0408327
0.040816
0.0403868
0.00660729
0.095566
0.0176462
-0.133001
-0.138664
0.0378605
0.0745317
-0.0110052
-0.00647718
-0.176178
-0.131818
0.0355811
0.0277021
0.0370731
-0.0262473
0.0750298
0.0678844
0.037559
-0.036081
-0.220823
-0.0574883
-0.0352041
-0.0691827
-0.249028
0.0578559
-0.00227424
-0.0354451
-0.107358
-0.248015
0.138189
-0.024861
-0.149972
-0.224381
0.116797
0.00376701
0.0114231
-0.191271
0.018587
0.0403277
0.0271703
-0.141946
0.0392504
0.0388594
0.0401355
0.0397409
0.0410266
0.0405751
0.0421237
0.0415386
0.0437059
0.0428412
0.0460539
0.0447794
0.0492498
0.0475579
0.0529163
0.0511043
0.0563053
0.0547012
0.0585295
0.0575988
0.0592893
0.0590742
0.0589601
0.0592254
0.0580019
0.0585375
0.0566692
0.0573726
0.0550704
0.0558944
0.0532861
0.0541979
0.0513775
0.0523427
0.0494175
0.0503995
0.0474856
0.0484427
0.0456825
0.0465612
0.0441296
0.044868
0.0429291
0.0434826
0.0420923
0.0424711
0.0414592
0.041769
0.0406624
0.0411097
0.0392351
0.0400525
0.0368485
0.0381657
0.0336296
0.0353073
0.0304031
0.0319319
0.0284739
0.0291648
0.0290222
0.0283556
0.032295
0.0304679
0.0378344
0.0342692
0.0857639
0.081021
0.0896022
0.0701788
0.0793824
0.0566124
0.0626239
0.0467853
0.0514152
0.0397939
0.0427513
0.0374527
0.038067
0.038898
0.0378062
0.0429277
0.0406468
0.048663
0.0456511
0.0551114
0.0518512
0.0614873
0.0583525
0.0671009
0.0644227
0.0714094
0.0694425
0.0739665
0.072923
0.0744605
0.0744755
0.0727811
0.0738794
0.069215
0.0711831
0.0643361
0.0668467
0.0592776
0.0617775
0.0547613
0.0569259
0.0510995
0.0528225
0.0482779
0.0495959
0.046118
0.0471313
0.0444029
0.0452193
0.0429444
0.0436526
0.0416092
0.0422682
0.0403268
0.0409651
0.0390604
0.0396976
0.0378502
0.0384538
0.0366863
0.0372657
0.0356068
0.0361366
0.0343421
0.0349727
0.0321408
0.0334232
0.0291889
0.030852
0.018455
0.0264635
0.0240789
0.00184205
0.0114085
-0.0293484
-0.0117991
-0.0738988
-0.0504519
-0.120634
-0.0979782
-0.151882
-0.139281
-0.154521
-0.157015
-0.130022
-0.145012
-0.0904264
-0.111222
-0.0487417
-0.0691739
-0.0135212
-0.0300214
0.012001
0.000494524
0.0282047
0.0211493
0.0369439
0.0333423
0.0403835
0.0391866
0.0405321
0.0408
0.0380749
0.0396265
0.0369314
-0.00508022
0.00261132
-0.194747
-0.1776
0.0364756
0.0435524
0.0270173
-0.0261024
-0.00173921
-0.0103979
0.0904845
0.0849628
0.0564043
-0.0278882
-0.259361
-0.16382
-0.0433276
-0.062571
-0.312442
-0.0710929
-7.54658e-05
0.00702552
-0.0521806
-0.103291
-0.3323
0.0525176
-0.0494399
-0.15309
-0.309378
0.118691
-0.0327317
-0.208057
-0.259649
0.0371394
0.0265902
0.0574838
0.0455209
0.0281502
0.0126847
-0.195436
0.0382114
0.0373398
0.0393985
0.0388264
0.0405134
0.0399318
0.0418477
0.0411416
0.0436108
0.0426661
0.0459943
0.0447237
0.0489973
0.0474356
0.0522986
0.0506154
0.0552844
0.0538785
0.057277
0.0564306
0.0580369
0.0577998
0.0578068
0.0580197
0.0569427
0.0574337
0.0556909
0.0563551
0.0541833
0.0549643
0.0525028
0.0533597
0.0507158
0.0516188
0.0488853
0.0498018
0.0470845
0.0479763
0.0454023
0.0462229
0.0439376
0.0446377
0.0427646
0.0433132
0.041879
0.0422916
0.0411443
0.0415073
0.0402899
0.0407517
0.0389998
0.0397153
0.0370868
0.0381197
0.0347185
0.0359297
0.0325671
0.033555
0.031683
0.0318982
0.0330908
0.0320534
0.0365935
0.0346113
0.0431437
0.0392389
0.0503921
0.054815
0.0484266
0.044819
0.0979788
0.0946491
0.0926449
0.102806
0.100642
0.0748364
0.0832732
0.0616422
0.0676372
0.0520516
0.0565433
0.0452515
0.0482316
0.0423357
0.0433154
0.0428278
0.042236
0.0457202
0.0440321
0.0502093
0.0478207
0.055476
0.0527954
0.0607953
0.0581694
0.065537
0.0632702
0.0691898
0.0675222
0.071354
0.0704719
0.0717562
0.0717791
0.070313
0.0712533
0.0672032
0.0689449
0.0631146
0.0652546
0.0586978
0.0608979
0.0546145
0.0565897
0.0511771
0.0528104
0.0484258
0.0497234
0.0462436
0.0472759
0.0444604
0.0453142
0.0429192
0.0436687
0.0415104
0.0422037
0.040179
0.0408371
0.0389109
0.0395374
0.0377332
0.0383111
0.0366432
0.0371754
0.0355879
0.036109
0.0342839
0.0349501
0.0322691
0.0334392
0.0292919
0.0310624
0.0271279
0.0238027
0.0248464
0.0245431
0.0168449
0.0215072
-0.000859792
0.00954503
-0.0327844
-0.0149201
-0.0781263
-0.0543183
-0.125053
-0.10244
-0.155472
-0.143412
-0.156485
-0.159849
-0.13038
-0.146161
-0.0895826
-0.110879
-0.0473255
-0.0679261
-0.012038
-0.0284949
0.0132301
0.00187461
0.0290479
0.0221828
0.0373741
0.0340006
0.0404477
0.0394254
0.0400677
0.0406085
0.0375808
0.0389646
0.0346899
0.0361703
-0.0200532
0.0775385
0.0306372
0.0567082
0.0680807
0.0690644
0.0100332
-0.0181521
-0.276988
-0.232032
-0.0449723
-0.054072
-0.358697
-0.201872
0.0583342
0.0620899
0.00622272
0.0182553
0.0473629
0.0400639
0.0952086
0.104603
0.0224299
0.0247203
0.0224115
0.0330351
0.0338223
0.0319852
-0.0643305
-0.0957546
-0.410334
-0.0883528
-0.028839
-0.0187548
-0.0720129
-0.147809
-0.411708
0.0322976
-0.0405818
-0.0642444
0.0110111
0.041543
-0.213182
-0.36114
0.0762035
-0.284912
-0.00582947
-0.267692
0.0349984
0.034031
0.036855
0.0359101
0.0383746
0.0376645
0.0397661
0.0390581
0.0413288
0.0405129
0.0432472
0.0422348
0.0456507
0.0443888
0.0484997
0.0470351
0.0515082
0.0500031
0.0541607
0.0529127
0.0559549
0.055185
0.0566912
0.0564485
0.0565266
0.0567018
0.0557433
0.056194
0.0545719
0.055196
0.0531487
0.053885
0.0515684
0.0523731
0.0498969
0.0507405
0.0481913
0.0490445
0.0465178
0.0473462
0.0449539
0.0457173
0.0435807
0.0442395
0.042454
0.0429858
0.0415638
0.0419842
0.0408008
0.0411774
0.0399681
0.0404067
0.0388567
0.0394567
0.0373791
0.0381586
0.035729
0.0365499
0.0344589
0.0349991
0.0344231
0.034234
0.0363741
0.0351333
0.0403814
0.0381202
0.0474182
0.0434053
0.058402
0.0524217
0.0534622
0.105699
0.097951
0.10211
0.110467
0.108503
0.113253
0.11204
0.0785913
0.0864416
0.0658628
0.0717351
0.0563961
0.0607921
0.049745
0.0527004
0.0464138
0.0476668
0.0461276
0.0459518
0.0480612
0.0468706
0.0515033
0.0496409
0.0557523
0.0535728
0.0601445
0.0579674
0.0641118
0.0622107
0.0671829
0.0657804
0.0689943
0.068259
0.069302
0.0693389
0.0680404
0.0688565
0.0653824
0.0668571
0.0618206
0.0636799
0.0579232
0.0598766
0.0542134
0.0560223
0.0509844
0.0525321
0.0483086
0.0495817
0.0461155
0.0471611
0.0442754
0.0451611
0.0426632
0.0434482
0.0411916
0.041914
0.0398204
0.0404946
0.0385502
0.0391716
0.0373906
0.0379568
0.036325
0.0368477
0.0352555
0.0357968
0.0339207
0.0346351
0.0319541
0.0330436
0.0288993
0.0306428
0.0269074
0.0206995
0.0219391
0.013757
0.0180465
-0.00281947
0.00706464
-0.0333996
-0.0163472
-0.0767342
-0.0539654
-0.121335
-0.0999236
-0.149733
-0.138582
-0.14995
-0.153529
-0.124316
-0.139726
-0.0847014
-0.105372
-0.0437732
-0.0637593
-0.00958231
-0.025549
0.0148812
0.00389353
0.0300197
0.0234835
0.0377571
0.034679
0.0403473
0.0395383
0.0395884
0.0402621
0.0371031
0.0384641
0.0354898
-0.039029
0.0921932
-0.0120881
-0.0437404
-0.372933
-0.294828
0.0651206
0.00716463
0.0319795
0.114245
0.0243343
0.0221099
0.0312369
0.0301075
-0.0688711
-0.0858031
-0.460152
-0.238286
-0.00773322
-0.0903332
-0.137312
-0.49644
-0.105559
-0.0522382
-0.0397112
-0.0508141
-0.095471
-0.0142405
0.0221468
-0.206434
-0.472895
-0.00502187
-0.0822016
-0.294918
-0.392167
0.0850265
0.0755581
-0.0295709
-0.350885
0.0334017
0.03234
0.0354216
0.0344503
0.0371763
0.0363121
0.0388357
0.0379975
0.0406278
0.0397035
0.0427003
0.0416218
0.0451345
0.0438736
0.0478669
0.0464765
0.0506363
0.0492699
0.0530209
0.051902
0.054635
0.053939
0.0553199
0.055089
0.055182
0.0553386
0.0544524
0.0548744
0.0533421
0.0539336
0.051991
0.0526883
0.0505021
0.051259
0.0489388
0.0497261
0.0473555
0.0481462
0.0458101
0.0465742
0.0443691
0.0450725
0.0430986
0.0437095
0.0420408
0.0425427
0.0411851
0.0415916
0.0404475
0.0408095
0.0396879
0.0400796
0.0387732
0.0392548
0.0376808
0.0382424
0.0366151
0.0371216
0.036049
0.0362316
0.0366716
0.0361705
0.0390635
0.0376319
0.0434976
0.0410033
0.0507277
0.0467195
0.0613274
0.0556359
0.0723865
0.0746863
0.0677751
0.066597
0.0697681
0.0578472
0.0627938
0.00374334
0.0465177
0.0524203
0.120475
0.117408
0.11898
0.122533
0.121636
0.123309
0.123426
0.115076
0.124442
0.124008
0.0972057
0.105977
0.08149
0.0889826
0.0692134
0.0749405
0.0599625
0.0642711
0.0534103
0.0563445
0.0497822
0.0512379
0.0488639
0.0490318
0.0499988
0.0492224
0.0525582
0.0511425
0.0559257
0.0541818
0.059509
0.0577239
0.0627973
0.061217
0.0653599
0.0641888
0.0668629
0.0662559
0.0670862
0.067137
0.0659693
0.0666858
0.0636583
0.0649399
0.0605298
0.0621655
0.0570516
0.0588042
0.0536528
0.055322
0.0506005
0.0520756
0.0479867
0.0492405
0.0457781
0.0468384
0.0438821
0.0447984
0.0422035
0.0430213
0.0406771
0.0414243
0.0392775
0.039962
0.0380036
0.0386247
0.0368578
0.0374159
0.0358
0.0363218
0.0347078
0.0352674
0.0333135
0.0340656
0.0313209
0.0324294
0.0283228
0.0299747
0.0264511
0.0200002
0.0197986
0.0200294
0.0179919
0.0194215
0.0111665
0.015243
-0.0035898
0.00513387
-0.031092
-0.0157124
-0.069975
-0.0495421
-0.110041
-0.0908112
-0.135629
-0.125554
-0.135988
-0.139127
-0.112812
-0.126782
-0.0765406
-0.0955292
-0.0385854
-0.0571886
-0.00645744
-0.0215115
0.016761
0.0063091
0.0310783
0.0249264
0.0381649
0.0354048
0.0402043
0.0396558
0.0391602
0.0399543
0.0364754
0.037965
0.032905
0.0347196
0.0289538
0.0309044
-0.0641854
0.115506
-0.041023
-0.073811
-0.468629
-0.355021
0.00597341
-0.0990742
-0.125656
-0.543365
-0.263891
-0.0263972
0.0799583
0.0819205
0.115877
0.125033
-0.0622302
0.0175554
0.0194235
0.0171961
0.0269588
0.0276968
0.0256295
-0.121433
0.0632178
-0.190389
-0.551932
-0.13444
-0.082868
-0.0672287
-0.122826
-0.106283
-0.285311
-0.50204
-0.0681136
-0.0481269
-0.00494015
-0.40077
0.0400507
0.061337
0.0574227
0.112689
0.109099
-0.0595016
-0.432027
0.0224404
0.0293867
0.0281918
0.0316916
0.0305344
0.0338644
0.0328071
0.0358412
0.0348845
0.0377618
0.0367954
0.0397869
0.0387531
0.0420238
0.040874
0.0445122
0.0432391
0.0471665
0.0458304
0.0497499
0.0484869
0.0519158
0.0509043
0.0533602
0.0527373
0.0539675
0.0537647
0.0538177
0.0539756
0.053107
0.0535174
0.0520282
0.0526025
0.0507317
0.0513989
0.0493185
0.0500345
0.0478546
0.0485892
0.046391
0.0471195
0.044978
0.0456749
0.0436699
0.0443076
0.0425184
0.0430722
0.0415543
0.0420127
0.0407672
0.0411416
0.0400942
0.0404221
0.0394383
0.0397701
0.0387215
0.0390892
0.0379632
0.0383401
0.0373635
0.037623
0.0373393
0.0372479
0.0384501
0.0377207
0.0411843
0.0395964
0.0459104
0.0432735
0.053265
0.0492228
0.0636733
0.0580908
0.0766522
0.069916
0.0751689
0.077693
0.0687079
0.072193
0.0650988
0.136195
0.138553
0.13741
0.13462
0.13525
0.134039
0.1342
0.133564
0.133923
0.133839
0.133671
0.0987493
0.107014
0.0837593
0.0909393
0.0718505
0.0774341
0.0628234
0.0670226
0.056364
0.0592792
0.0525216
0.0541276
0.0510973
0.0515447
0.0515677
0.0511376
0.0533774
0.052343
0.0559848
0.0546172
0.0588684
0.0574223
0.061568
0.0602656
0.0636921
0.06272
0.0649332
0.064434
0.0650881
0.0651489
0.0640935
0.0647267
0.0620627
0.0631887
0.0592869
0.0607423
0.0561453
0.0577364
0.0529958
0.0545532
0.0500802
0.0515001
0.0475022
0.0487481
0.0452636
0.0463444
0.0433073
0.0442555
0.0415648
0.0424132
0.0399933
0.0407595
0.0385754
0.0392656
0.0373074
0.037923
0.0361762
0.0367277
0.0351233
0.0356464
0.0340094
0.0345875
0.0325854
0.0333574
0.0305139
0.0316607
0.0276207
0.0292112
0.0238301
0.0258277
0.0216919
0.0177591
0.0177728
0.0160911
0.0172553
0.0100556
0.0137309
-0.00266938
0.00483638
-0.0261154
-0.0129977
-0.0592101
-0.0418008
-0.0935291
-0.0770059
-0.115957
-0.106997
-0.117159
-0.119388
-0.0978367
-0.109622
-0.0663745
-0.0829692
-0.0324866
-0.0492134
-0.00305673
-0.0169344
0.0186363
0.0088279
0.0320705
0.026321
0.0384933
0.036054
0.0399294
0.0396676
0.0384865
0.0394616
0.0355344
0.0371491
0.0317509
0.0337206
0.0297139
-0.0959091
0.140379
-0.0779807
-0.112186
-0.543712
-0.401145
-0.00999284
0.053301
0.0320328
0.0836688
0.134107
-0.0891384
0.0189003
0.0166882
0.0249834
0.0236507
-0.13726
0.10399
-0.174043
-0.590786
-0.287445
-0.050704
-0.158979
-0.133945
-0.257649
-0.568008
-0.17936
0.0440345
-0.159351
-0.384811
-0.495879
0.0490284
-0.105767
0.162674
0.168961
-0.125442
0.0733795
0.0734459
-0.096646
-0.495169
0.0102003
0.0275408
0.0262991
0.0299374
0.0287462
0.0322559
0.031117
0.0344322
0.0333533
0.0365866
0.0355018
0.0388369
0.0376938
0.0412482
0.04002
0.0438175
0.042517
0.046436
0.0451318
0.0488817
0.0476966
0.0508647
0.0499471
0.0521561
0.051605
0.0526645
0.0525032
0.0524674
0.0526491
0.0517357
0.0521531
0.0506603
0.0512289
0.0493911
0.0500412
0.048033
0.0487173
0.0466555
0.0473426
0.0453078
0.0459747
0.0440322
0.044658
0.0428698
0.0434341
0.0418571
0.0423429
0.0410129
0.0414138
0.040325
0.0406515
0.0397461
0.0400258
0.0392113
0.0394767
0.0386814
0.0389453
0.0382041
0.0384282
0.0379717
0.0380393
0.0383487
0.0380573
0.0398054
0.0389158
0.0427827
0.0410832
0.0476991
0.0449725
0.0551022
0.0510645
0.065338
0.0598435
0.0781577
0.0715074
0.0909465
0.0924334
0.0851783
0.0876476
0.0893406
0.0838768
0.0858456
0.0797571
0.0818652
0.0758873
0.0776704
0.074268
0.153763
0.157679
0.148035
0.150517
0.144935
0.146224
0.14332
0.144012
0.142938
0.143008
0.134098
0.14293
0.142922
0.11635
0.125278
0.0996713
0.107759
0.0853836
0.0922007
0.073878
0.0793015
0.0650621
0.0691613
0.0586969
0.0615887
0.0547018
0.0564186
0.0528759
0.0535488
0.0527918
0.0526529
0.0539645
0.0532548
0.055921
0.0548761
0.0582035
0.0570486
0.0603992
0.0593341
0.0621527
0.0613475
0.0631798
0.062767
0.0632876
0.0633511
0.062404
0.0629633
0.0606061
0.0616036
0.0581164
0.059426
0.0552405
0.0567046
0.0522793
0.0537532
0.0494563
0.0508405
0.0468842
0.0481347
0.0445974
0.045706
0.0425768
0.0435572
0.0407767
0.0416511
0.039173
0.0399511
0.0377518
0.0384399
0.0365037
0.0371071
0.0353946
0.035936
0.0343533
0.0348727
0.0332303
0.0338161
0.0317814
0.0325692
0.0297081
0.0308416
0.0268428
0.028383
0.0231657
0.0251037
0.0210979
-0.153989
-0.0953485
-0.0466171
0.0155122
0.0145533
0.015102
0.0158673
0.0157816
0.0146896
0.0155306
0.0100105
0.0128828
-0.000495633
0.00569929
-0.0196289
-0.00894067
-0.0465701
-0.0323766
-0.0748425
-0.0611575
-0.0940789
-0.0862094
-0.0964205
-0.0975502
-0.0815691
-0.0908396
-0.0555912
-0.0694608
-0.0262867
-0.0409046
0.000149785
-0.0124288
0.0201885
0.0110745
0.032753
0.0273831
0.0386127
0.036434
0.0395369
0.0395327
0.0376427
0.0388348
0.0343937
0.0361281
0.0305027
0.0325143
0.0263508
0.0284217
0.0222748
0.0242822
-0.138026
0.142873
-0.123265
-0.157932
-0.583758
-0.426352
-0.0307604
0.0223415
-0.184881
-0.186116
-0.23328
-0.595659
-0.310252
0.18382
0.194426
0.095079
-0.0836087
0.075088
0.0440395
0.0981429
0.0997252
0.134202
0.143343
-0.208373
-0.353056
-0.543894
-0.24422
0.0173514
0.0203331
0.0207895
0.0188068
0.0125486
0.0139036
0.011808
-0.202923
-0.461057
-0.159076
0.102014
0.0787216
0.111472
0.177141
-0.184467
-0.141733
-0.527767
-0.00567786
0.0231085
0.0217222
0.025776
0.0244504
0.0282666
0.0270293
0.030663
0.0294675
0.0329991
0.0318309
0.0353547
0.034167
0.0378086
0.0365647
0.0403926
0.039084
0.0430636
0.0417225
0.0456866
0.0443918
0.0480445
0.0469123
0.0498905
0.049043
0.0510393
0.050556
0.0514319
0.0513247
0.0511553
0.0513572
0.050377
0.050816
0.0492719
0.0498517
0.0479982
0.0486461
0.0466686
0.0473331
0.0453585
0.0460059
0.0441175
0.0447255
0.0429811
0.0435331
0.0419766
0.0424598
0.0411232
0.0415294
0.0404252
0.0407546
0.0398649
0.0401292
0.039404
0.0396243
0.039
0.0391963
0.0386408
0.0388128
0.0383914
0.0384941
0.0384375
0.0383613
0.0390982
0.0386685
0.0407788
0.0397875
0.0439002
0.0421363
0.048909
0.0461436
0.0562545
0.0522712
0.0663274
0.0609301
0.0791774
0.0724713
0.0938241
0.0863777
0.0951146
0.0965818
0.0924154
0.0937231
0.0904963
0.0913194
0.0900933
0.0900591
0.0925258
0.0907233
0.0960762
0.169394
0.175763
0.160426
0.164388
0.155094
0.157394
0.152291
0.153437
0.151453
0.151633
0.151672
0.151365
0.116415
0.125235
0.100079
0.107995
0.0863938
0.0929094
0.075321
0.080552
0.0667353
0.070733
0.0604776
0.0633361
0.0563827
0.0581786
0.0542404
0.0550949
0.0536928
0.0537993
0.0543246
0.053891
0.0557256
0.054956
0.0574959
0.0565879
0.0592678
0.0584003
0.0607181
0.0600469
0.0615809
0.0612311
0.061667
0.0617227
0.0608898
0.0613802
0.0592892
0.0601784
0.0570293
0.0582222
0.0543544
0.0557231
0.0515222
0.0529403
0.0487463
0.0501134
0.0461541
0.0474165
0.0438076
0.0449459
0.0417248
0.0427345
0.0398817
0.0407729
0.0382653
0.039045
0.0368604
0.037536
0.0356482
0.0362317
0.0345714
0.0350973
0.0335505
0.0340604
0.0324277
0.033014
0.0309671
0.0317564
0.0288975
0.0300191
0.0260485
0.0275749
0.0223922
0.0243155
0.0182172
0.0203567
0.0160578
0.0136817
0.0131874
0.0142
0.0139891
0.0135345
0.0140468
0.010161
0.012265
0.00203053
0.00685123
-0.0128509
-0.00453011
-0.0339302
-0.022791
-0.0565161
-0.0454895
-0.0727876
-0.0659209
-0.0762838
-0.0763242
-0.065822
-0.0726222
-0.0452371
-0.0564231
-0.0204568
-0.0329904
0.00303085
-0.00827038
0.0214715
0.0130255
0.0331974
0.0281959
0.0384596
0.0365639
0.0388233
0.039101
0.0364786
0.0378702
0.033002
0.0348206
0.0291112
0.0310872
0.024938
0.027049
0.0228571
-0.195012
-0.252145
-0.156727
-0.178764
-0.211983
-0.583878
-0.434204
0.207767
0.14598
-0.0584008
0.00969049
0.101342
0.152192
-0.247947
0.126009
0.139732
-0.305758
-0.562691
-0.339822
0.0820148
-0.12841
0.039366
0.0185368
0.0169926
0.0191987
0.0172372
0.010693
0.00984433
0.0130521
0.0108591
-0.265473
-0.406555
-0.490221
-0.321024
-0.273526
-0.232823
0.0861445
-0.109784
-0.0244474
0.128005
-0.26486
-0.195122
-0.529408
0.220992
0.187032
-0.025765
0.0213921
0.0200144
0.0241279
0.0227656
0.0266951
0.02543
0.0291746
0.0279424
0.0316281
0.0303972
0.0341339
0.0328673
0.0367514
0.0354246
0.0394853
0.0381043
0.0422605
0.0408736
0.0449165
0.0436136
0.0472323
0.0461285
0.0489836
0.0481866
0.0500178
0.0495909
0.0503035
0.0502465
0.0499344
0.0501852
0.0490774
0.0495517
0.047911
0.0485178
0.0465992
0.0472608
0.0452657
0.0459254
0.0439956
0.0446153
0.0428428
0.0433989
0.0418385
0.0423178
0.0409974
0.0413945
0.0403201
0.0406365
0.0397925
0.0400371
0.0393861
0.0395748
0.0390638
0.0392153
0.0387964
0.0389231
0.0385896
0.0386822
0.0385177
0.0385283
0.0387578
0.0385838
0.0395936
0.0390816
0.0413826
0.0403469
0.0445338
0.0427626
0.0495139
0.0467686
0.0567647
0.0528348
0.0667053
0.0613723
0.0796494
0.0728162
0.0949428
0.0871039
0.108705
0.110829
0.10292
0.104996
0.106829
0.102159
0.103453
0.100504
0.101153
0.100686
0.100333
0.103573
0.101734
0.11083
0.106499
0.117034
0.229826
0.246591
0.201304
0.214203
0.1831
0.191138
0.171568
0.17671
0.164423
0.16754
0.160516
0.162132
0.159202
0.159576
0.159769
0.159286
0.152785
0.16166
0.16061
0.1342
0.143618
0.116033
0.124882
0.100033
0.107721
0.0868277
0.0930852
0.0761702
0.0811981
0.0678727
0.0717436
0.0617581
0.0645675
0.0576155
0.0594641
0.0552288
0.0562299
0.054297
0.0546102
0.0544707
0.0542713
0.0554002
0.0548622
0.05674
0.0560349
0.0581637
0.0574519
0.0593754
0.0588013
0.0601219
0.0598067
0.0602113
0.060243
0.0595371
0.0599577
0.058102
0.0588966
0.05602
0.0571194
0.0534872
0.0547862
0.050731
0.0521153
0.0479597
0.0493288
0.0453329
0.0466173
0.0429338
0.0440991
0.0408037
0.0418322
0.0389432
0.0398369
0.0373406
0.038108
0.0359726
0.036626
0.0348092
0.0353656
0.033774
0.0342828
0.032776
0.0332747
0.0316542
0.0322404
0.0301778
0.0309703
0.028098
0.0292236
0.0252395
0.026769
0.0215959
0.0235131
0.0173759
0.0195115
0.0151849
0.0119884
0.0113775
0.0127273
0.0124326
0.012479
0.0127386
0.0101867
0.0116531
0.00426452
0.00780504
-0.00679283
-0.00058207
-0.0227418
-0.0142669
-0.0403526
-0.0316548
-0.0539419
-0.0480071
-0.058322
-0.0574673
-0.0516751
-0.0563057
-0.0359638
-0.0446999
-0.0154559
-0.0259948
0.00509233
-0.00491314
0.0218694
0.0141215
0.0328106
0.0281236
0.0377104
0.0359644
0.0377785
0.0382148
0.0350904
0.0366495
0.0313928
0.0332935
0.0274581
0.0294334
0.0233173
0.0254274
0.0212221
-0.269473
0.160522
-0.218685
-0.23462
-0.271431
-0.551666
-0.432893
0.244917
0.151404
-0.0949472
-0.00579858
0.0153419
0.00887838
-0.318565
-0.345249
-0.503046
-0.380532
0.0636951
-0.19205
0.0353206
0.115701
0.1184
0.153349
0.162991
-0.369093
-0.34685
-0.347742
-0.350349
0.152839
0.10022
-0.421663
0.187059
-0.266136
0.186887
0.223352
-0.251748
-0.507278
0.203948
-0.0531343
0.0170359
0.013812
0.0153026
0.0199673
0.0184886
0.0227351
0.021352
0.025357
0.024054
0.0278891
0.026623
0.0304164
0.0291441
0.033019
0.0317006
0.0357455
0.0343625
0.0385838
0.0371511
0.0414391
0.0400153
0.0441327
0.042816
0.0464363
0.0453435
0.048134
0.047367
0.0490905
0.0487034
0.0492906
0.0492755
0.0488341
0.0491287
0.047889
0.0484051
0.0466411
0.0472854
0.0452626
0.0459525
0.0438914
0.0445629
0.0426265
0.0432349
0.0415311
0.0420491
0.0406375
0.0410528
0.0399512
0.0402642
0.039455
0.039677
0.0391142
0.0392644
0.0388834
0.0389853
0.0387183
0.0387928
0.0385929
0.0386494
0.0385216
0.0385463
0.0385833
0.0385272
0.0389435
0.0387121
0.0398565
0.0393127
0.0416452
0.0406195
0.0447063
0.0429889
0.0495243
0.0468636
0.0566028
0.0527505
0.0664354
0.0611407
0.0795203
0.0725464
0.0956745
0.0873122
0.113049
0.104373
0.111468
0.113421
0.108713
0.109852
0.108038
0.108106
0.11004
0.108663
0.115807
0.11239
0.127166
0.120671
0.1478
0.135851
0.185692
0.16407
0.249291
0.21369
0.24534
0.264051
0.215486
0.22926
0.194927
0.204175
0.181394
0.187472
0.172777
0.176569
0.167982
0.169967
0.166303
0.166802
0.16719
0.166474
0.170104
0.168432
0.133567
0.143459
0.115138
0.124066
0.0994054
0.106881
0.0866295
0.0926511
0.076427
0.0812297
0.0684839
0.0721884
0.0625613
0.0652873
0.0584237
0.0602844
0.055859
0.0569606
0.0546175
0.0550915
0.0544128
0.0544041
0.0549529
0.0546075
0.0559428
0.0554084
0.0570924
0.0565129
0.0581269
0.0576374
0.0587985
0.0585186
0.058907
0.0589297
0.0583233
0.0587029
0.0570157
0.057755
0.0550584
0.0561076
0.0526145
0.0538829
0.0498967
0.0512744
0.0471218
0.0485018
0.0444623
0.0457661
0.0420325
0.0432097
0.0398913
0.0409188
0.0380486
0.0389277
0.0364862
0.0372288
0.0351717
0.0357954
0.0340559
0.034588
0.0330629
0.0335373
0.0320805
0.0325738
0.0309464
0.0315407
0.0294381
0.0302498
0.0273158
0.028464
0.0244339
0.0259645
0.0207323
0.0226551
0.0164331
0.0186209
0.0119751
0.014172
0.00782545
0.0098205
0.00891356
0.00697778
0.00801189
0.010343
0.00967128
0.0112375
0.0108692
0.0113387
0.0113967
0.00993525
0.0108723
0.00589795
0.00834193
-0.00193148
0.00249977
-0.013572
-0.00733812
-0.0269544
-0.0202484
-0.0381434
-0.0330785
-0.0430517
-0.0415539
-0.0394661
-0.0423243
-0.0279211
-0.0345328
-0.0112472
-0.019978
0.00660435
-0.0022114
0.0218629
0.0147528
0.0320304
0.0276695
0.0364721
0.0349295
0.0361856
0.0368011
0.0332005
0.0348877
0.0294626
0.0313498
0.0255819
0.0275324
0.021596
0.0236077
0.0175934
0.0195675
0.0137732
0.0156941
-0.356613
-0.0982266
-0.216268
-0.28065
-0.296501
-0.500476
-0.431882
0.274912
0.159258
-0.149448
-0.0247748
0.121426
0.172216
0.00598979
0.0115423
-0.301205
-0.408068
-0.434867
0.035394
0.124267
0.233139
0.337435
0.333207
0.0356066
-0.34895
-0.432413
-0.35211
-0.402431
0.334887
0.376267
0.414857
0.410285
0.344929
-0.283717
-0.474561
0.226124
0.405957
0.468968
0.524032
0.553237
0.460987
0.54535
0.508929
-0.0927627
-0.42745
-0.369805
-0.367093
-0.212795
0.0175141
0.398702
0.295731
0.165733
0.0423828
-0.473581
-0.46182
-0.502922
-0.514108
-0.482645
0.0104256
0.0123132
0.0139948
0.015771
0.0176378
0.01954
0.0214394
0.023324
0.0252024
0.0270517
0.0288955
0.0307531
0.0324952
0.0338448
0.0345115
0.0342106
0.0327226
0.0299253
0.0257772
0.0203616
0.0139056
0.00671567
-0.000822784
-0.00828011
-0.0152228
-0.0212347
-0.0259635
-0.0291503
-0.0306399
-0.0304196
-0.0285973
-0.0254219
-0.0212275
-0.0164115
-0.0113864
-0.00651379
-0.00209452
0.00167613
0.00469409
0.00695857
0.00853716
0.00950584
0.0100114
0.0101763
0.0100599
0.00977616
0.0093469
0.00878201
0.00810785
0.00729478
0.00639795
0.00543161
0.00437607
0.00336101
0.00495201
0.0067316
0.00875957
0.0109263
0.0131832
0.0154642
0.0177439
0.0198754
0.0218226
0.0235591
0.0251688
0.0265587
0.0277453
0.0287537
0.0296006
0.0303225
0.0309419
0.0314939
0.0319992
0.0324857
0.0329611
0.0334539
0.0339702
0.0345257
0.0351266
0.0357841
0.0365023
0.0372896
0.0381484
0.0390846
0.040099
0.0411942
0.0423679
0.0436135
0.0449204
0.0462759
0.0476596
0.0490512
0.0504232
0.0517491
0.0529984
0.0541449
0.0551614
0.0560284
0.056728
0.0572529
0.0575979
0.0577696
0.0577759
0.0576364
0.0573696
0.0570041
0.0565653
0.0560868
0.0555975
0.0551332
0.0547241
0.0544057
0.0542083
0.0541657
0.0543074
0.0546644
0.0552653
0.0561397
0.0573149
0.0588167
0.0606688
0.0628933
0.0655152
0.0685624
0.0720688
0.0760718
0.0806132
0.0857415
0.0915155
0.0980229
0.105337
0.113509
0.122542
0.132431
0.142881
0.15363
0.164303
0.174568
0.184232
0.180866
0.17794
0.17561
0.17394
0.172932
0.172686
0.17323
0.174603
0.176877
0.180117
0.184422
0.189897
0.196688
0.204981
0.215032
0.227007
0.240814
0.256662
0.27707
0.306155
0.339145
0.371357
0.405397
0.44207
0.475858
0.499414
0.504474
0.484055
0.44621
0.399375
0.350478
0.305206
0.265059
0.231988
0.20462
0.182837
0.165457
0.151637
0.140941
0.132732
0.126445
0.121745
0.118362
0.116115
0.114812
0.114373
0.114687
0.11571
0.117315
0.119498
0.122191
0.125491
0.129294
0.13381
0.124765
0.115136
0.105389
0.0958023
0.0867622
0.0786825
0.0715655
0.0654114
0.0601581
0.0557212
0.0520131
0.0489503
0.0464518
0.0444402
0.0428422
0.0415911
0.0406286
0.039904
0.0393736
0.0389983
0.0387437
0.0385789
0.038478
0.0384193
0.0383866
0.0383678
0.0383562
0.0383481
0.0383439
0.0383464
0.038361
0.038395
0.038456
0.0385529
0.0386934
0.0388858
0.0391353
0.039448
0.0398249
0.040269
0.0407764
0.0413462
0.0419693
0.0426404
0.0433451
0.0440739
0.0448073
0.0455312
0.0462213
0.0468596
0.0474187
0.0478783
0.0482106
0.0483969
0.0484135
0.0482479
0.0478878
0.0473328
0.0465864
0.045663
0.0445816
0.0433683
0.0420516
0.0406612
0.0392265
0.0377722
0.0363209
0.0348863
0.0334814
0.0321059
0.0307647
0.0294475
0.0281593
0.0268701
0.0255983
0.0242878
0.0229964
0.0216122
0.0202732
0.0187418
0.0173647
0.0156353
0.0143066
0.012177
0.0110612
0.00815342
0.00819957
0.0077836
-0.290995
-0.280611
-0.435722
-0.443523
-0.501529
0.411286
0.160428
0.31188
0.482392
0.572229
0.621284
0.608441
-0.0465952
-0.240249
-0.146138
0.539391
0.255782
0.495571
-0.578401
-0.546519
-0.442902
-0.271193
0.005918
0.00440932
-0.602849
-0.692869
-0.655905
-0.310537
-0.473261
0.00693706
0.00982267
0.0113323
0.0132838
0.0147094
0.0164613
0.0179057
0.0194519
0.0208179
0.022222
0.0235331
0.024863
0.0261527
0.0274624
0.0287678
0.0301015
0.0314524
0.032836
0.034245
0.0356819
0.0371304
0.0385797
0.0400047
0.0413843
0.042687
0.0438874
0.0449544
0.0458666
0.0466012
0.0471483
0.0474991
0.0476587
0.0476327
0.0474382
0.0470914
0.0466169
0.0460356
0.0453741
0.0446539
0.0439002
0.0431322
0.0423719
0.0416343
0.0409372
0.0402907
0.0397081
0.0391941
0.0387568
0.0383953
0.0381126
0.0379022
0.0377622
0.0376813
0.0376538
0.037666
0.0377106
0.0377741
0.0378505
0.0379295
0.0380093
0.0380857
0.0381634
0.0382461
0.0383461
0.0384758
0.0386558
0.0389068
0.0392571
0.0397351
0.0403779
0.0412231
0.042321
0.0437244
0.0455061
0.0477415
0.0505327
0.053978
0.0582033
0.0633225
0.0694769
0.0767729
0.0852976
0.094904
0.105525
0.11673
0.127955
0.138507
0.0812014
0.700089
0.751995
0.238288
-0.0801535
-0.352322
0.481326
0.673841
0.156779
0.364053
0.628425
0.386039
-0.586015
-0.526483
0.00667233
0.0071836
0.009424
0.0108151
0.0122208
0.0138456
0.0155553
0.0173087
0.0190864
0.020863
0.0226125
0.0243056
0.026005
0.0277656
0.0294601
0.0307723
0.0313878
0.0310421
0.0295662
0.0268713
0.0229603
0.0179724
0.0121875
0.00594243
-0.000361816
-0.00633347
-0.0116094
-0.0158894
-0.0189603
-0.0207075
-0.0211175
-0.0202645
-0.0183199
-0.015521
-0.0121585
-0.00852359
-0.00490704
-0.00152938
0.00143295
0.00389294
0.00580163
0.00718447
0.00810167
0.00860648
0.00879677
0.00875357
0.00852003
0.00817007
0.00771936
0.00715498
0.00649864
0.00572727
0.00487616
0.0039878
0.00308958
0.00219204
0.00130515
0.00237308
0.0038665
0.00567064
0.00778524
0.0100697
0.0123626
0.0146557
0.0168435
0.0189565
0.0209549
0.0228076
0.0244348
0.0258618
0.0270868
0.0281376
0.0290265
0.029788
0.0304419
0.0310213
0.0315451
0.0320395
0.0325247
0.0330168
0.0335264
0.0340684
0.0346515
0.0352867
0.0359798
0.0367396
0.0375702
0.0384784
0.0394656
0.0405348
0.0416829
0.0429058
0.044192
0.0455289
0.0468959
0.0482715
0.0496273
0.0509364
0.0521677
0.0532943
0.0542895
0.0551336
0.0558101
0.0563119
0.0566364
0.0567906
0.0567857
0.0566414
0.05638
0.0560302
0.0556206
0.0551845
0.0547528
0.0543596
0.0540354
0.0538127
0.05372
0.0537864
0.0540371
0.0544973
0.0551897
0.0561362
0.0573566
0.0588686
0.0606894
0.0628353
0.0653264
0.0681873
0.0714503
0.0751579
0.0793633
0.0841382
0.0895677
0.0957652
0.102852
0.110955
0.120145
0.130409
0.141596
0.15335
0.1654
0.177103
0.188174
0.198581
0.193237
0.188799
0.185017
0.182029
0.179881
0.178578
0.17821
0.178767
0.180273
0.18278
0.186356
0.191081
0.197059
0.204416
0.213325
0.223954
0.236399
0.25088
0.267916
0.288722
0.313531
0.340443
0.368055
0.397901
0.427505
0.452009
0.465529
0.467192
0.451795
0.423111
0.386564
0.346431
0.309425
0.274902
0.244537
0.21835
0.196674
0.178672
0.163951
0.152098
0.142682
0.13529
0.129615
0.125405
0.122473
0.120646
0.119828
0.11992
0.120851
0.122549
0.12497
0.128118
0.13198
0.13653
0.141689
0.147716
-0.444492
-0.398032
-0.314482
-0.296687
-0.422059
0.0042669
0.00575831
0.00839993
0.0104943
0.01242
0.0141225
0.0158174
0.0173613
0.0188884
0.0203042
0.0217134
0.0230556
0.0243975
0.0257081
0.0270296
0.0283477
0.0296898
0.0310451
0.0324276
0.0338311
0.0352562
0.0366879
0.038115
0.0395148
0.0408662
0.0421412
0.0433148
0.0443593
0.0452532
0.0459759
0.0465161
0.0468661
0.0470284
0.0470086
0.0468202
0.0464792
0.046007
0.0454254
0.0447589
0.0440297
0.043262
0.0424762
0.0416944
0.0409334
0.0402118
0.039542
0.0389378
0.0384066
0.0379568
0.0375899
0.0373084
0.0371077
0.0369844
0.0369293
0.0369343
0.0369873
0.0370776
0.0371927
0.0373225
0.0374577
0.0375918
0.0377217
0.0378466
0.0379712
0.0381018
0.0382508
0.0384316
0.0386634
0.0389662
0.0393653
0.0398891
0.0405714
0.0414548
0.0425895
0.0440475
0.0459126
0.0483073
0.0513589
0.0552372
0.0601021
0.0661636
0.0735946
0.0825272
0.0929509
0.104815
0.117789
0.131455
0.144569
0.155941
0.165047
0.155704
0.148914
0.143107
0.137789
0.133285
0.129664
0.126936
0.125116
0.12423
0.124313
0.125431
0.127672
0.131139
0.135984
0.142391
0.150581
0.160834
0.173456
0.188706
0.206806
0.228014
0.252651
0.280676
0.311602
0.344477
0.37634
0.40505
0.426906
0.439777
0.440401
0.431092
0.413826
0.391563
0.366525
0.341781
0.318087
0.295528
0.275386
0.258213
0.243492
0.230758
0.219792
0.210484
0.202726
0.196388
0.191361
0.187553
0.184866
0.18329
0.182768
0.183289
0.184864
0.187484
0.191175
0.195933
0.201638
0.208485
0.205564
0.000325406
0.00122975
0.00291209
0.00487318
0.00717503
0.00944837
0.0117938
0.0140814
0.016302
0.0184152
0.0203994
0.0222274
0.0238619
0.0253043
0.0265595
0.0276428
0.0285725
0.0293715
0.0300647
0.0306761
0.0312296
0.0317458
0.0322466
0.0327477
0.0332631
0.0338038
0.034382
0.035006
0.0356852
0.0364265
0.0372369
0.0381211
0.0390833
0.0401239
0.0412426
0.0424326
0.0436862
0.0449875
0.0463208
0.0476603
0.048984
0.0502592
0.0514624
0.0525598
0.053533
0.0543542
0.0550158
0.0555017
0.0558189
0.0559649
0.0559611
0.0558177
0.0555671
0.0552292
0.054843
0.054433
0.05404
0.0536892
0.0534199
0.0532549
0.0532294
0.0533622
0.0536829
0.0542052
0.0549538
0.055937
0.0571745
0.0586693
0.0604382
0.0624809
0.0648195
0.0674579
0.0704391
0.0737857
0.0775868
0.0819024
0.0868883
0.092644
0.0994039
0.107308
0.116638
0.127264
0.13922
0.152255
0.16587
0.179633
0.193089
-0.000330787
0.00056934
0.00515816
0.00598594
0.0080778
0.00897884
0.0101409
0.0115155
0.0129677
0.0144815
0.0160428
0.0176036
0.0191127
0.0205496
0.0219946
0.0235449
0.025098
0.0263377
0.0269253
0.0265887
0.0251606
0.0225772
0.0188859
0.0143056
0.00918235
0.00390604
-0.00112292
-0.00557414
-0.00919149
-0.0118152
-0.0133828
-0.0139126
-0.0134964
-0.0122604
-0.0103845
-0.00805929
-0.00549994
-0.00290032
-0.000440722
0.00175404
0.0035992
0.00507
0.00615916
0.00689608
0.00733374
0.00750454
0.00747183
0.00728754
0.00698643
0.00660976
0.00616332
0.00563287
0.00501986
0.00433753
0.00359099
0.00280567
0.00206074
0.0013252
-0.561363
0.504814
0.308916
0.576011
-0.217475
0.704002
-0.496279
-0.506772
0.461347
0.237066
0.352812
0.674696
0.000251871
0.133653
-0.139366
-0.00251521
-0.000673698
0.00245538
0.00115036
-0.359555
-0.451566
0.228558
0.175188
0.174068
-0.560604
0.181996
0.238313
0.00216672
-0.35011
-0.0658173
0.572799
0.377304
0.507036
-0.539061
0.000794658
0.000476433
0.0017583
0.00122166
0.00291495
0.00233351
0.00394298
0.00343548
0.0047617
0.00437797
0.00536964
0.00508694
0.00569512
0.00557228
0.00556321
0.00569401
0.00478252
0.00526749
0.00307844
0.00405335
0.000347818
0.00183559
-0.00312028
-0.00132448
-0.00659592
-0.00490642
-0.00902972
-0.00800791
-0.00916641
-0.0094558
-0.00594062
-0.00801004
0.000717083
-0.00298592
0.00924894
0.00490047
0.0168005
0.0133257
0.0209333
0.0193558
0.0212122
0.0214945
0.0190854
0.0202864
0.0167018
0.017849
0.0142074
0.0154981
0.0115147
0.0128469
0.00907535
0.0102428
0.00700776
0.00797231
0.00478987
0.00624476
0.00430075
0.198715
0.214722
0.165843
0.182191
0.135921
0.150294
0.112084
0.123105
0.0953208
0.10289
0.0838262
0.0890604
0.0755655
0.0793876
0.0692363
0.0722162
0.0641429
0.0665581
0.0600392
0.0619723
0.0568815
0.0583422
0.0546623
0.055656
0.0533395
0.0538936
0.0528152
0.0529859
0.0529351
0.0528064
0.0534938
0.0531743
0.054247
0.0538625
0.0549334
0.0546151
0.0553038
0.0551727
0.055157
0.0553054
0.0543726
0.0548487
0.0529347
0.0537328
0.0509322
0.0519954
0.0485366
0.0497713
0.0459591
0.0472576
0.0434026
0.0446673
0.0410237
0.042184
0.0389133
0.039932
0.0371005
0.0379701
0.0355683
0.0363019
0.0342709
0.0348941
0.0331445
0.0336902
0.0321048
0.0326201
0.0310442
0.0315856
0.0298203
0.0304635
0.0282621
0.0290952
0.0261906
0.0273022
0.02346
0.0249157
0.0200145
0.0218267
0.0159522
0.0180505
0.0114716
0.0137449
0.00683206
0.00911774
0.00240623
0.00440809
8.18412e-05
0.156206
0.164013
0.142604
0.148902
0.133314
0.1374
0.128376
0.130315
0.127724
0.127518
0.131617
0.129078
0.140804
0.135494
0.156517
0.147761
0.180404
0.167344
0.214067
0.195945
0.258372
0.234922
0.311806
0.284217
0.367131
0.34017
0.408934
0.390895
0.421485
0.419485
0.401946
0.415036
0.363165
0.384072
0.320194
0.34159
0.280614
0.299674
0.248615
0.263556
0.224452
0.235662
0.206869
0.214898
0.195054
0.200296
0.188307
0.191091
0.186227
0.186704
0.18874
0.186906
0.196135
0.191811
0.209272
0.201872
0.218117
0.150995
0.164986
0.118001
0.134303
0.089901
0.102943
0.0693912
0.078636
0.0561822
0.0619345
0.0483359
0.0517042
0.0438497
0.0457556
0.0413007
0.0423893
0.0397976
0.0404471
0.0388782
0.0392781
0.0382999
0.0385536
0.0379093
0.0380859
0.0375968
0.0377462
0.0372919
0.0374437
0.0369717
0.037131
0.0366626
0.0368103
0.0364322
0.0365304
0.0363696
0.0363724
0.0365624
0.0364278
0.0370742
0.0367746
0.037928
0.0374575
0.0390995
0.0384762
0.040519
0.0397831
0.0420762
0.0412874
0.0436274
0.0428611
0.0450062
0.0443479
0.0460341
0.0455735
0.0465375
0.0463594
0.0463821
0.0465462
0.0455052
0.0460334
0.0439286
0.0447975
0.0417707
0.042911
0.0392104
0.040528
0.0364398
0.03784
0.0336174
0.0350276
0.0308478
0.0322193
0.0281514
0.0294936
0.0254951
0.0268233
0.0228172
0.0241675
0.0200351
0.0214515
0.0170587
0.0185881
0.0137877
0.0154911
0.00980728
0.011962
0.00469314
0.00734167
0.000419406
0.00229425
-0.404335
-0.00218747
-0.00331203
0.199427
0.251253
0.196532
0.253994
-0.00543943
0.000733265
-0.00309353
0.00696019
0.0040091
0.0117163
0.00951543
0.0153518
0.0136468
0.0185026
0.0169655
0.0213927
0.0199695
0.024129
0.0227719
0.0268011
0.0254668
0.0294817
0.0281362
0.0322182
0.0308406
0.0349872
0.0335969
0.0377504
0.0363763
0.0403783
0.0390909
0.0426997
0.0415882
0.0445355
0.0436876
0.0457413
0.0452223
0.0462433
0.0460766
0.0460699
0.0462357
0.0453078
0.0457531
0.0441122
0.0447533
0.0426484
0.0434019
0.0410866
0.041869
0.0395825
0.0403178
0.0382639
0.0388928
0.0372217
0.0377037
0.0365041
0.0368205
0.0361139
0.0362689
0.0360122
0.03603
0.036128
0.0360471
0.0363775
0.03624
0.0366851
0.0365264
0.0370045
0.0368433
0.0373304
0.0371638
0.0376984
0.037504
0.0381764
0.0379171
0.0388532
0.0384821
0.0398469
0.0392989
0.0413678
0.0405178
0.0438978
0.042452
0.0485457
0.04584
0.0574927
0.0522864
0.0737687
0.0645018
0.0992144
0.0854163
0.134807
0.115882
0.172884
0.154675
0.18772
0.225664
0.239115
0.20618
0.214666
0.194725
0.199615
0.189311
0.191351
0.188962
0.188534
0.193425
0.190594
0.202867
0.197503
0.217793
0.209609
0.238848
0.22752
0.26673
0.251892
0.301778
0.283397
0.341233
0.321292
0.37908
0.360965
0.404302
0.393966
0.40686
0.409105
0.382088
0.397499
0.337791
0.361623
0.286252
0.312031
0.238988
0.26165
0.200548
0.218588
0.17153
0.184892
0.151253
0.160383
0.13835
0.14398
0.131482
0.13424
0.129703
0.129998
0.132585
0.130574
0.140245
0.135785
0.153413
0.146069
0.17323
0.162475
0.185797
3.5365e-05
-0.00107765
0.0042725
0.0022603
0.0090099
0.0066966
0.0136069
0.0113473
0.0178676
0.0157912
0.0216086
0.019812
0.0246964
0.023237
0.0271135
0.0259841
0.0289534
0.0280962
0.0303689
0.0297034
0.0315297
0.0309705
0.0325909
0.0320641
0.0336793
0.0331245
0.0348865
0.034262
0.0362912
0.0355605
0.037947
0.0370852
0.0398839
0.0388798
0.0420948
0.0409575
0.0445196
0.0432866
0.0470369
0.0457765
0.0494716
0.0482768
0.0516218
0.0505945
0.0533014
0.0525299
0.0543832
0.0539212
0.0548316
0.0546844
0.0547131
0.0548349
0.0541857
0.0544875
0.0534712
0.0538362
0.0528221
0.0531224
0.0524896
0.0526015
0.0526978
0.0525139
0.0536248
0.0530627
0.0553912
0.0543983
0.0580521
0.0566092
0.0615984
0.0597173
0.0659804
0.0636878
0.0711922
0.0684757
0.0774893
0.0741666
0.0858235
0.0812938
0.0983706
0.0913799
0.1181
0.107154
0.146883
0.131353
0.18368
0.164445
0.223348
0.203427
0.241165
0.00249536
0.00317921
0.0030252
0.00400808
0.00311156
0.00516883
0.00450255
0.00667481
0.0058827
0.00845938
0.00752589
0.0102674
0.00937382
0.0117898
0.0110319
0.0134453
0.0125822
0.0142755
0.0140712
0.0125083
0.0137602
0.00777993
0.0104523
0.00147794
0.00465466
-0.00379007
-0.00143953
-0.00627186
-0.00541712
-0.00594496
-0.00639413
-0.00392294
-0.00505405
-0.0013934
-0.00265469
0.000894591
-0.000181759
0.00258536
0.0018335
0.00356992
0.00317192
0.0039311
0.00382369
0.00387573
0.00393804
0.0036086
0.0037617
0.00320161
0.00341731
0.00269166
0.00295822
0.00202796
0.00238312
0.00132185
0.00170362
0.000625577
0.00095092
0.000156876
0.000393671
-0.00056726
-0.472106
-0.0026828
-0.299595
-0.650047
-0.00947548
-0.969547
-0.687879
-0.800899
-0.673862
-0.570984
-0.502794
0.694689
0.828112
0.885031
0.798113
0.631058
-0.362747
-0.343433
-0.411964
-0.37729
-0.563292
-0.191213
0.125119
-0.0162829
-0.0426906
-0.00612525
-0.000343969
0.00373525
0.00712143
0.00964169
0.0118725
0.0137305
0.0154517
0.017071
0.0186071
0.0200707
0.0214852
0.0228563
0.0242022
0.025529
0.02685
0.0281709
0.0295004
0.0308411
0.0321928
0.033557
0.0349283
0.0362968
0.0376491
0.0389683
0.0402347
0.0414268
0.0425222
0.0434997
0.0443396
0.045026
0.045548
0.0459032
0.0460785
0.046083
0.0459268
0.0456249
0.0451933
0.0446455
0.0440066
0.0432985
0.0425421
0.041759
0.0409688
0.0401894
0.0394371
0.0387276
0.0380728
0.0374845
0.0369689
0.0365328
0.0361765
0.0359015
0.0357024
0.0355758
0.0355117
0.0355036
0.0355389
0.0356101
0.0357048
0.0358175
0.0359382
0.0360658
0.0361945
0.0363284
0.036466
0.036616
0.0367798
0.0369684
0.0371836
0.0374365
0.0377284
0.0380715
0.038471
0.0389509
0.0395404
0.0403075
0.0413532
0.0428543
0.0450608
0.0483334
0.0531156
0.0599258
0.0692648
0.0814645
0.096599
0.115363
0.137624
0.163496
0.190317
0.213399
0.233769
0.269398
0.247554
0.230635
0.21776
0.208419
0.201362
0.196184
0.192629
0.190489
0.18966
0.190076
0.191716
0.194583
0.198712
0.20415
0.210972
0.219253
0.229085
0.240556
0.253755
0.268701
0.285278
0.303087
0.321727
0.340693
0.359083
0.376044
0.389936
0.399396
0.403086
0.400549
0.391747
0.376991
0.357599
0.335048
0.310984
0.28672
0.263174
0.240989
0.220716
0.202668
0.186966
0.173527
0.16224
0.152951
0.14551
0.139741
0.135504
0.132659
0.131109
0.130783
0.13165
0.133717
0.137037
0.141705
0.147897
0.156007
0.166491
0.180157
0.197709
0.220224
0.275187
-0.00350512
-0.0055151
-0.00309866
-0.000740099
0.00197834
0.00431751
0.00670997
0.00902769
0.0113267
0.0135649
0.015727
0.0177881
0.0197234
0.0215162
0.023149
0.0246174
0.0259194
0.0270644
0.0280639
0.0289365
0.0297026
0.0303831
0.0309969
0.0315642
0.032103
0.0326305
0.0331614
0.033709
0.0342844
0.0348983
0.0355596
0.0362759
0.0370534
0.0378967
0.0388087
0.0397898
0.0408381
0.0419479
0.0431105
0.0443127
0.0455386
0.0467677
0.0479778
0.0491443
0.0502426
0.0512482
0.0521396
0.0528979
0.0535099
0.0539668
0.0542673
0.0544148
0.0544208
0.0543007
0.0540768
0.0537738
0.0534212
0.0530488
0.0526894
0.0523736
0.0521335
0.0519971
0.0519929
0.0521432
0.0524703
0.0529894
0.0537147
0.0546522
0.0558068
0.057174
0.0587486
0.0605162
0.0624641
0.0645747
0.0668409
0.0692656
0.0718857
0.0747817
0.0781105
0.0821198
0.0871706
0.0937201
0.102284
0.113341
0.127255
0.144158
0.163913
0.186099
0.210253
0.234571
0.256371
0.280777
0.332058
0.0262161
0.0162685
0.0056453
0.00257645
0.00156369
0.00176848
0.00190402
0.00224605
0.00258299
0.00296671
0.00339728
0.00388836
0.0043812
0.00486074
0.00522893
0.00552268
0.00578138
0.00609073
0.00628892
0.00626596
0.00584657
0.00499165
0.00369632
0.00208906
0.000296762
-0.00142154
-0.0028487
-0.00381095
-0.0042434
-0.0041831
-0.00372649
-0.0030324
-0.00222689
-0.00144281
-0.000739417
-0.00016792
0.000275187
0.000584079
0.000794868
0.000915207
0.00098968
0.00101673
0.00103745
0.00103164
0.00102563
0.000998956
0.00097075
0.000920924
0.000864849
0.000797571
0.000725405
0.000642391
0.000546983
0.000432542
0.000331425
0.000232635
0.000174854
0.000206003
0.00051503
0.001676
0.00534195
0.0130242
0.0101231
-0.534076
-0.214487
0.258384
0.0256002
)
;

boundaryField
{
    frontandback
    {
        type            empty;
    }
    walls
    {
        type            zeroGradient;
    }
    diamond
    {
        type            zeroGradient;
    }
    inlet
    {
        type            zeroGradient;
    }
    outlet
    {
        type            fixedValue;
        value           uniform 0;
    }
}


// ************************************************************************* //
