/*--------------------------------*- C++ -*----------------------------------*\
  =========                 |
  \\      /  F ield         | OpenFOAM: The Open Source CFD Toolbox
   \\    /   O peration     | Website:  https://openfoam.org
    \\  /    A nd           | Version:  10
     \\/     M anipulation  |
\*---------------------------------------------------------------------------*/
FoamFile
{
    format      ascii;
    class       volScalarField;
    location    "38.5";
    object      p;
}
// * * * * * * * * * * * * * * * * * * * * * * * * * * * * * * * * * * * * * //

dimensions      [0 2 -2 0 0 0 0];

internalField   nonuniform List<scalar> 
6397
(
0.251422
0.236063
-0.00443306
-0.0127113
-0.0364914
-0.0241402
0.4301
0.150749
-0.55734
-0.505505
0.378104
0.249105
0.00260766
0.0034547
-0.00296471
-0.431825
-0.410877
-0.404902
0.843306
0.783042
0.748935
-0.545445
-0.49541
-0.503858
0.00398146
0.0042998
0.00459629
-0.0921272
-0.104921
-0.0712368
-0.0779933
-0.018936
-0.00942712
-0.0225644
-0.00250979
0.0036409
-0.0119749
-0.00364248
0.0206149
0.0160501
0.00809229
0.0130411
-0.0663136
-0.0360913
-0.0286909
-0.0146759
-0.0352599
-0.0250526
0.0261026
0.0293123
0.0292039
0.0325208
0.0310426
0.341127
0.326877
0.183972
0.195479
0.0201743
-0.110956
-0.126856
-0.0937777
-0.0788755
-0.0685089
-0.0627113
-0.0613618
-0.0641079
-0.0719397
-0.0860134
-0.143673
-0.136109
-0.155896
-0.124638
-0.103895
-0.086104
-0.0733973
-0.0657583
-0.0627582
-0.0639863
-0.0700328
-0.0817266
-0.157963
-0.136605
-0.107105
-0.099404
-0.150268
-0.129721
-0.134077
-0.121314
-0.135662
-0.118331
-0.163782
-0.144401
-0.118563
-0.102091
-0.190151
-0.163002
-0.147496
-0.106913
-0.127528
-0.172125
-0.163751
-0.155697
-0.170076
-0.10918
-0.133209
-0.0735843
-0.0885867
-0.058893
-0.0639257
-0.0617445
-0.0580724
-0.0837468
-0.0703971
-0.11656
-0.100363
-0.128686
-0.138001
-0.205852
-0.172824
-0.0841947
-0.107176
-0.0593133
-0.0683055
-0.0550416
-0.0549889
-0.0674965
-0.0590161
-0.0937603
-0.0796537
-0.113997
-0.106234
-0.108212
-0.113859
-0.0873219
-0.0977623
-0.0880864
-0.0818029
-0.0890998
-0.132062
-0.171806
-0.207782
-0.226995
-0.234572
-0.125027
-0.0927366
-0.085028
-0.058343
-0.105246
-0.0846578
-0.0559426
-0.205054
-0.151585
-0.128012
-0.181874
-0.171137
-0.16134
-0.177828
-0.108896
-0.136103
-0.0685935
-0.0857847
-0.0502457
-0.0572209
-0.0481326
-0.0471832
-0.0628384
-0.0534674
-0.085166
-0.0744091
-0.0922953
-0.132146
-0.169752
-0.0774111
-0.100891
-0.0511605
-0.0613294
-0.044432
-0.046121
-0.0525837
-0.0467019
-0.0736254
-0.0626255
-0.0902867
-0.0845327
-0.0863343
-0.0910497
-0.06919
-0.0782317
-0.0628212
-0.0771107
-0.0738754
-0.0691751
-0.0748695
-0.238647
-0.226195
-0.165747
-0.0556758
-0.0482297
-0.0710277
-0.107943
-0.235502
-0.21531
-0.214013
-0.0632106
-0.0554286
-0.0577782
-0.0606475
-0.0489403
-0.0442279
-0.0445307
-0.200842
-0.0982092
-0.077294
-0.146859
-0.122041
-0.178065
-0.16732
-0.157664
-0.174675
-0.103629
-0.131828
-0.0600799
-0.0790457
-0.0382724
-0.0471512
-0.0315277
-0.0332116
-0.0395105
-0.0339318
-0.0541396
-0.0473291
-0.0579125
-0.196112
-0.226485
-0.119148
-0.156658
-0.0664223
-0.0891395
-0.0409725
-0.0511091
-0.0330049
-0.0354422
-0.0374539
-0.0336661
-0.0532608
-0.044465
-0.0670839
-0.0616299
-0.0641164
-0.0683528
-0.0523852
-0.0584478
-0.0473306
-0.0681618
-0.0677749
-0.0645405
-0.0370576
-0.202169
-0.145189
-0.171183
-0.173909
-0.0555376
-0.0867852
-0.0498686
-0.0406179
-0.0618443
-0.0568734
-0.0311349
-0.0319317
-0.0502117
-0.0388358
-0.0267697
-0.0205772
-0.0434424
-0.0456765
-0.177877
-0.0860616
-0.0659175
-0.133292
-0.109327
-0.165437
-0.154352
-0.144656
-0.161602
-0.0916571
-0.119042
-0.0483625
-0.0673955
-0.0245992
-0.0345623
-0.0139598
-0.0177811
-0.0161463
-0.0135023
-0.024758
-0.0206958
-0.0232941
-0.0259056
-0.00873272
-0.0164409
-0.00155377
-0.00328732
-0.213205
-0.155976
-0.196776
-0.171003
-0.202068
-0.0988881
-0.133666
-0.0521021
-0.0722178
-0.0290912
-0.0382761
-0.0208978
-0.0236947
-0.0226036
-0.0205327
-0.0337521
-0.027314
-0.0445062
-0.0401178
-0.0434321
-0.0458311
-0.0349511
-0.0390999
-0.0320301
-0.0624016
-0.0639248
-0.0575184
-0.122463
-0.105841
-0.0184137
-0.00248445
-0.164575
-0.117744
-0.0302536
-0.0492285
-0.0173367
-0.0193194
-0.129001
-0.0681113
-0.0609794
-0.0803974
-0.0367067
-0.0198878
-0.00563388
-0.0347099
-0.144696
-0.0379936
-0.0194819
-0.0273794
-0.0699327
-0.0518844
-0.113695
-0.0910058
-0.143069
-0.132935
-0.123679
-0.139688
-0.0739392
-0.0996283
-0.0330987
-0.0511867
-0.00937642
-0.0195765
0.00350488
-0.00173684
0.00579398
0.00599362
0.00164095
0.0037118
0.00454808
0.00166489
0.0130436
0.00885322
0.0137126
0.0145568
0.00704816
0.0111957
-0.129899
-0.0346161
-0.0809487
-0.17826
-0.166585
-0.135253
-0.164625
-0.0747693
-0.103604
-0.0359811
-0.0525264
-0.016578
-0.0244121
-0.0089849
-0.0117575
-0.00873932
-0.00798282
-0.0158672
-0.0115325
-0.0237323
-0.0204807
-0.023177
-0.0239212
-0.0184271
-0.0208517
-0.0171321
-0.0274826
0.00105445
-0.0117485
0.000664643
-0.0395778
-0.0230077
-0.0551837
-0.0469409
-0.0633798
-0.0607513
-0.0595408
-0.0629656
-0.0445746
-0.0532276
-0.0238198
-0.0345551
-0.0133266
-0.125107
-0.091684
-0.0912052
-0.0556978
-0.0490982
-0.0349086
0.0269434
-0.00249156
-0.0248802
-0.00868992
-0.021728
-0.0086704
-0.0033544
-0.11169
-0.0244535
-0.0155283
-0.0511834
-0.0363138
-0.0893553
-0.0696686
-0.114738
-0.106035
-0.0966694
-0.111309
-0.0524963
-0.0751848
-0.016046
-0.032345
0.00626118
-0.00351779
0.0197108
0.0139449
0.0244669
0.023215
0.023526
0.0240691
0.0261962
0.0241715
0.0291384
0.0283351
0.0258294
0.0281089
0.0180301
0.0225645
0.00297009
0.0116465
-0.00651614
0.0579996
0.0306145
-0.0962594
-0.0519667
-0.132358
-0.126442
-0.0959331
-0.119887
-0.0490968
-0.0708413
-0.0196653
-0.0322774
-0.00433471
-0.0106349
0.0021759
-0.000305915
0.00349237
0.00341533
-0.000481055
0.0021376
-0.0060704
-0.0036071
-0.00648706
-0.00687656
-0.00348234
-0.00510484
-0.00460253
-0.00323183
-0.0117696
-0.00719211
-0.0174959
-0.0640623
-0.0467213
-0.0571232
-0.0683248
-0.0679578
-0.0596275
-0.0654102
-0.0415534
-0.0514732
-0.0192624
-0.0305848
0.0473619
0.0784519
-0.0220788
-0.00839794
0.000845001
-0.00864622
-0.0928639
-0.0728462
-0.063318
-0.0498469
-0.0256832
-0.0381537
0.0175011
-0.035071
0.0948335
0.0645366
-0.0370983
-0.0228436
-0.0402084
0.113981
0.108029
0.12398
-0.0411292
-0.00832277
-0.0221182
0.00931753
0.00408384
0.0119676
-0.0860115
0.00162126
0.00603685
-0.0108901
-0.00377442
-0.0323501
-0.0202565
-0.0627823
-0.0470329
-0.0831701
-0.0763033
-0.0665205
-0.0796882
-0.0289499
-0.0479197
0.00101996
-0.0124665
0.0206417
0.011817
0.0334802
0.0278437
0.0393011
0.037262
0.0406726
0.0401036
0.0422165
0.0415029
0.0407567
0.042116
0.0353633
0.0383473
0.0269446
0.0316278
0.0129003
0.0208021
0.00338912
0.0801032
0.0996018
0.0175306
0.0530858
-0.0590441
-0.0231524
-0.0840103
-0.0806658
-0.0567505
-0.0733729
-0.0249336
-0.0396848
-0.00440981
-0.0133257
0.00695241
0.00218096
0.0121806
0.0101298
0.0138962
0.0133884
0.0121787
0.0135056
0.00846534
0.0102487
0.00765245
0.00757054
0.00899712
0.00844132
0.00676744
0.00846349
-0.00114155
0.00362277
-0.00706943
-0.0610688
-0.0493402
-0.0764875
-0.0708021
-0.0766131
-0.0785263
-0.0626892
-0.0711133
-0.0406598
-0.0522394
-0.0167653
-0.0286375
-0.00561308
-0.070143
-0.0619348
-0.0433265
-0.0499947
-0.00724318
-0.0477115
0.0340583
-0.0522819
0.0791329
-0.0594154
0.129225
0.1178
-0.0638199
-0.0378835
-0.0629495
0.127873
0.129174
0.125232
-0.0547229
-0.0182893
-0.0297848
0.00655639
0.0148278
0.0169302
0.01907
-0.0692992
0.0111768
0.0146838
0.00173407
0.00713538
-0.0142597
-0.00520998
-0.0367496
-0.025114
-0.0517636
-0.0468085
-0.0366866
-0.0482967
-0.00522119
-0.0207622
0.0177087
0.00751389
0.0335416
0.0261811
0.0448868
0.0398149
0.0509286
0.048535
0.0532192
0.0523504
0.0528454
0.0535127
0.048864
0.0512482
0.0426107
0.0459362
0.0340538
0.0386909
0.0212176
0.0281562
0.00375215
0.0130405
-0.00689736
0.119272
0.125832
0.0907087
0.107774
0.0369716
0.0668973
-0.020602
0.005482
-0.0379209
-0.0349174
-0.0227763
-0.0320844
-0.00408436
-0.012946
0.0090308
0.00320871
0.016899
0.0135102
0.0208481
0.0192635
0.022483
0.0218638
0.0221624
0.0226209
0.0199721
0.0211564
0.0189395
0.0191663
0.0191187
0.0191305
0.0164488
0.0183589
0.00870306
0.013188
0.0025448
-0.0518218
-0.0352088
-0.0790788
-0.0666144
-0.0930675
-0.0884161
-0.0885447
-0.0929659
-0.0690512
-0.0802582
-0.0423893
-0.0560322
-0.0159729
-0.0288807
-0.00398837
-0.0553159
-0.0579369
-0.0292861
-0.0576122
0.00638278
-0.0656887
0.0468192
-0.078674
0.0913224
-0.0902461
0.123404
-0.0941791
0.118266
0.123871
-0.0876798
-0.0400118
-0.0709861
0.0200765
-0.0601136
0.023784
0.025606
0.0256323
0.0195991
0.0221236
0.0128216
0.0166856
0.00184436
0.00813894
-0.0131859
-0.0054029
-0.0230647
-0.0199116
-0.0100273
-0.0198567
0.0165152
0.00347586
0.0341942
0.0266218
0.0458593
0.0403515
0.0547683
0.0507202
0.0599366
0.057821
0.0614698
0.0611129
0.0593445
0.0611143
0.0543563
0.0570768
0.0479021
0.051295
0.0395168
0.0440194
0.0281731
0.0342096
0.0136345
0.0213032
-0.00311866
0.00548748
-0.018451
-0.011314
0.121803
0.110432
0.117968
0.117125
0.121496
0.094816
0.108339
0.0548035
0.0765753
0.014714
0.0327018
-0.000935275
0.00336723
0.00361628
6.22535e-05
0.0127572
0.0081748
0.0203163
0.0168523
0.0253389
0.0231157
0.0281263
0.0269789
0.0294301
0.0288944
0.0297612
0.0297465
0.0287342
0.0293972
0.0276372
0.0280865
0.0270089
0.0273737
0.0243254
0.0260408
0.0172118
0.0213259
0.00554445
0.0117983
-0.00148007
-0.0696432
-0.0306605
-0.0503368
-0.0996406
-0.0861685
-0.112659
-0.108931
-0.103352
-0.110459
-0.0779896
-0.0920832
-0.0462253
-0.0622887
-0.0166389
-0.0307662
0.00715745
-0.00395687
0.0237325
0.0165182
0.107137
0.0995957
-0.0480836
-0.0233389
-0.0474822
-0.0618518
0.00323951
-0.0218482
-0.0746816
0.0320817
0.0266114
0.0328992
0.0141598
-0.0946561
0.0562838
-0.116336
0.101511
-0.130704
0.122891
-0.130295
0.113493
-0.113102
0.0854635
0.0920802
-0.083907
-0.0519624
-0.0255181
-0.0586614
0.0294873
0.0308788
0.0266553
0.0282762
0.0222379
0.024663
0.015397
0.0190342
0.00666653
0.011141
0.00160132
0.00297003
0.0123054
0.00456762
0.0343786
0.0233257
0.0490826
0.0429902
0.0572368
0.0535357
0.0630321
0.0604133
0.0661982
0.0649713
0.0662136
0.0666286
0.0631219
0.0648123
0.0580655
0.0607821
0.0517274
0.0550499
0.0437896
0.0479984
0.0337952
0.0390221
0.0217108
0.0278857
0.00851667
0.0150315
-0.0025121
0.0025793
-0.00736686
-0.00581072
0.102335
0.0792007
0.0920199
0.114171
0.109745
0.112512
0.115193
0.0969146
0.106517
0.0690885
0.0841072
0.0399888
0.0535615
0.0249408
0.0304844
0.0228373
0.0228406
0.0258196
0.024065
0.029455
0.0276954
0.0322804
0.0309875
0.0340587
0.0333006
0.0349658
0.0345851
0.035423
0.0352526
0.035116
0.0353934
0.0341677
0.034683
0.0330319
0.0336482
0.0304044
0.0319603
0.02454
0.0278317
0.0150857
0.0202493
0.0093034
-0.0436125
-0.0219918
-0.0871756
-0.0659473
-0.12086
-0.106007
-0.132833
-0.130234
-0.118653
-0.128517
-0.0874591
-0.104403
-0.0507557
-0.0691715
-0.0176475
-0.0332822
0.00801708
-0.00393887
0.0181281
0.0682798
0.063927
-0.0247295
-0.00715784
-0.0481024
-0.0756281
0.0360982
0.037205
-0.0220712
-0.103325
0.0170913
-0.136575
0.0646912
-0.165603
0.108283
-0.178591
0.116039
-0.168341
0.0979135
-0.134252
0.0729492
-0.0905743
0.046807
0.0485107
-0.0508512
0.0457237
0.0298869
0.0279919
-0.00934538
-0.0212122
-0.00521439
-0.0668047
0.0341313
0.0354059
0.0323335
0.0333547
0.0297541
0.0311757
0.026151
0.0280371
0.0222439
0.0241263
0.0213344
0.0210212
0.0303559
0.0243191
0.0477509
0.0388641
0.0602081
0.0550411
0.065913
0.0635765
0.0689256
0.0676398
0.0700861
0.0697579
0.0688913
0.0698087
0.0654101
0.0673259
0.060421
0.0630666
0.0543436
0.0575153
0.0470279
0.0508561
0.0382869
0.0428307
0.0281585
0.033362
0.0175744
0.0227401
0.00899825
0.0126791
0.00527548
0.00652141
0.00621726
0.00531603
0.073839
0.0604791
0.0946648
0.085292
0.106093
0.101653
0.107003
0.10791
0.0968051
0.103286
0.0773344
0.087915
0.0554884
0.0660355
0.0416157
0.0474035
0.0362343
0.0381021
0.0355781
0.0355562
0.0365986
0.0360057
0.0378236
0.0372274
0.0387634
0.038343
0.0393015
0.0390738
0.0396249
0.0394828
0.0396025
0.0396855
0.0389251
0.0393496
0.0376354
0.0383559
0.0350826
0.0365666
0.0302084
0.0329782
0.0229909
0.0268203
0.0141081
0.018934
0.0093259
-0.0548551
-0.0311017
-0.102355
-0.0789897
-0.139479
-0.1235
-0.150187
-0.148746
-0.131443
-0.143893
-0.0951815
-0.114563
-0.0545188
-0.0747533
-0.0185881
-0.0354967
0.00871599
-0.00388823
0.026547
0.0192359
0.037293
0.031901
-0.0579648
-0.100712
0.00786338
-0.00232462
0.0404423
0.0385753
0.0400025
0.014716
0.0156956
-0.0281101
-0.144918
0.0189997
-0.190558
0.0742069
-0.22193
0.108103
-0.226441
0.100734
-0.198481
0.07726
-0.145157
0.0501764
-0.0892649
0.0132403
0.0181957
0.00437615
-0.00368566
0.0263372
-0.045006
0.00797867
0.0352582
0.0170024
0.0376502
-0.0853861
0.0395287
0.0400134
0.0380588
0.0386885
0.0368782
0.0373986
0.0356413
0.0362571
0.0343196
0.0349421
0.033667
0.0338163
0.0357823
0.0341746
0.0440195
0.0390414
0.0572157
0.0504797
0.0670868
0.062939
0.0711375
0.0696504
0.0723721
0.0719572
0.0721615
0.0724495
0.0702348
0.0714293
0.066645
0.0685987
0.0618331
0.0643637
0.0560978
0.059078
0.049398
0.0528707
0.041729
0.0456762
0.0332647
0.0375752
0.0246536
0.0288893
0.0178064
0.020815
0.0145432
0.0156317
0.0143326
0.0453666
0.0320269
0.0693723
0.0578922
0.0876813
0.0794193
0.0986396
0.0941387
0.10088
0.100839
0.0943752
0.0986722
0.0805449
0.0881391
0.0641049
0.0722452
0.051865
0.0573046
0.0452677
0.0479444
0.0426571
0.043614
0.0420311
0.042198
0.0421373
0.0420406
0.0424128
0.0422735
0.0426196
0.0425305
0.0427432
0.0426891
0.0427219
0.0427679
0.0422379
0.042553
0.0410535
0.0417332
0.0387888
0.0400855
0.0348919
0.0370743
0.0297705
0.0323575
0.0237667
0.0267071
0.0204634
-0.0150063
0.00347062
-0.0617614
-0.037054
-0.113005
-0.087463
-0.151875
-0.135497
-0.161273
-0.16073
-0.138947
-0.153545
-0.0993583
-0.120285
-0.0563251
-0.077611
-0.0189592
-0.036394
0.00859649
-0.00402269
0.0262759
0.0189251
0.0308027
-0.0162241
0.0390483
0.00955584
0.0168275
-0.0745993
-0.137015
-0.0353267
-0.197353
0.0243928
-0.249321
0.000599443
0.0818484
-0.273766
0.0978742
-0.260336
0.0785494
-0.21019
-0.00891022
0.000729777
-0.00887298
-0.020954
0.0518238
-0.14131
-0.0201196
0.0241283
-0.0792921
-0.0126897
0.00214557
-0.0355784
0.0390298
0.0253575
0.0128239
0.0107913
0.0176539
0.0215321
-0.112684
0.0416841
0.0406221
0.0412719
0.0416558
0.0417931
0.0409181
0.0412638
0.040326
0.0405536
0.040067
0.0401487
0.0402566
0.0400655
0.0415887
0.0407109
0.0454174
0.0430887
0.0531673
0.0488034
0.0633497
0.0582553
0.070803
0.067665
0.0736631
0.0726928
0.0739654
0.0740072
0.0729858
0.0736237
0.070674
0.0720054
0.0671152
0.0689724
0.0625688
0.0649497
0.0572351
0.0599945
0.0511553
0.0542849
0.0444049
0.0478521
0.0372385
0.0408494
0.0302153
0.0336523
0.0246169
0.0271344
0.0217174
0.0228237
0.0214968
0.0212767
0.0230331
0.0221442
0.0181925
0.0244064
0.0237535
0.0226692
0.0114138
0.0453345
0.034135
0.0656679
0.0559211
0.0816635
0.0743013
0.0917516
0.0875282
0.0947465
0.094115
0.0906929
0.0935407
0.080791
0.0862929
0.0683052
0.0746471
0.057853
0.0626692
0.0511624
0.0540527
0.0476361
0.0490923
0.0460352
0.0466703
0.0453962
0.0456403
0.0451763
0.0452562
0.0450971
0.0451304
0.0450342
0.0450677
0.0449029
0.0449863
0.0444872
0.0447492
0.043491
0.0440693
0.0416905
0.0427181
0.0388805
0.0404404
0.0354623
0.0371827
0.0319831
0.0336938
0.0270594
0.0298985
0.0235104
-0.0177635
0.000800319
-0.0639658
-0.0391799
-0.11661
-0.0904727
-0.155068
-0.139024
-0.163843
-0.163446
-0.13911
-0.155792
-0.0990034
-0.120113
-0.0556606
-0.0770671
-0.0181877
-0.0351055
0.00851361
-0.00360983
0.0262911
0.0184141
0.0346372
0.0301782
0.0376235
-0.0931907
-0.1814
0.0251442
0.0301216
0.0313113
-0.038379
-0.251699
-0.0108035
0.033648
-0.299036
0.0823043
-0.304497
0.00284439
-0.0168234
-0.00476716
-0.00888672
-0.0224627
0.076361
-0.266759
-0.0311717
0.0499089
-0.198388
0.0183632
0.0113566
-0.0353712
0.0217209
-0.123409
-0.0332621
-0.0047195
-0.0624921
-0.0232452
0.0416352
0.0403591
0.0411298
0.0393113
0.0289093
0.0299977
0.0403104
-0.144587
0.042588
0.0421597
0.0429625
0.0428229
0.0428669
0.0429156
0.0428598
0.0428129
0.0432787
0.0429924
0.0444088
0.0437209
0.0468227
0.0454072
0.0513588
0.0487785
0.05846
0.0546201
0.0665831
0.062597
0.0723317
0.0699175
0.0744367
0.0737631
0.0742987
0.0745522
0.0729535
0.0737565
0.070523
0.0718736
0.0670782
0.0689006
0.0628213
0.0650384
0.0579082
0.0604402
0.0524226
0.0552303
0.0464879
0.049498
0.0403821
0.0434315
0.03461
0.0374117
0.0300142
0.0321078
0.0275717
0.0284626
0.0271913
0.0270902
0.0284354
0.0277087
0.0291872
0.00893176
0.00129822
0.0267182
0.0175251
0.0454948
0.0361586
0.0627043
0.0544044
0.0765435
0.0701343
0.0856094
0.08174
0.0889823
0.0880555
0.0865345
0.0884131
0.0793948
0.0834112
0.0698561
0.074929
0.0610915
0.0652224
0.0548314
0.057636
0.0510004
0.0526607
0.0488829
0.0497806
0.0477766
0.0482415
0.047206
0.0474465
0.0468934
0.0470304
0.04667
0.0467786
0.0464263
0.0465569
0.0460111
0.0462544
0.0452029
0.0456608
0.0439156
0.0446377
0.0421683
0.0431147
0.0402063
0.0412087
0.0382778
0.0393303
0.0343639
0.0364269
0.0307003
0.0110287
0.0274909
0.0202868
-0.0168811
-0.000432998
-0.0611989
-0.0371576
-0.111735
-0.0869214
-0.14793
-0.132821
-0.155517
-0.155642
-0.133165
-0.147631
-0.0943854
-0.114854
-0.0525478
-0.0731911
-0.0166341
-0.0333585
0.00916304
-0.00244884
0.0258777
0.0184774
0.0346447
0.0307275
0.0376355
0.0257871
0.0328299
-0.107549
-0.225132
-0.0251783
-0.0333444
-0.293482
-0.0108443
0.00132409
0.00214619
-0.0107314
0.0428029
-0.323744
-0.00628314
-0.0254761
0.0688012
-0.300388
-0.0388351
0.0454863
-0.242908
0.0180581
0.00392237
-0.0484831
0.0155467
-0.166357
0.0110047
-0.0527497
-0.0128335
-0.0942473
-0.0489983
-0.0355183
0.0408606
0.0292013
0.0265143
0.0345873
-0.173596
0.0421056
0.0410909
0.0414793
0.0431186
0.0426242
0.0437365
0.0434293
0.0441201
0.0439076
0.0445853
0.0443112
0.045493
0.0449645
0.0471835
0.0462162
0.0501108
0.0484631
0.0547542
0.0522033
0.0610877
0.0577454
0.0677117
0.0645041
0.0723355
0.0703818
0.0740507
0.0735098
0.0737737
0.0740895
0.0723256
0.0731711
0.069929
0.0712392
0.066671
0.0683945
0.0627255
0.0647727
0.0582361
0.0605416
0.0533084
0.0558189
0.0480923
0.0507223
0.0428662
0.0454571
0.0380863
0.0403861
0.0343523
0.0360532
0.0322958
0.0330835
0.0320691
0.0319951
0.0332248
0.0325072
0.0353478
0.0341108
0.0389205
0.0369083
0.0367976
0.0447504
0.0413809
0.00519239
0.00225951
0.0159455
0.00990444
0.030373
0.0228675
0.0457983
0.0380941
0.0602804
0.0532538
0.072211
0.066654
0.0802806
0.0768856
0.0837224
0.0826319
0.0823506
0.0835725
0.0770664
0.0801039
0.0697106
0.0733511
0.0625516
0.0660117
0.0569421
0.0595196
0.0531524
0.0548426
0.0508138
0.0518377
0.0494379
0.0500362
0.0486334
0.0489847
0.0481403
0.0483611
0.0477851
0.0479541
0.0474484
0.0476214
0.0470214
0.0472525
0.0463724
0.0467187
0.045524
0.0459759
0.0445567
0.0450513
0.0436629
0.0440729
0.0423014
0.0431123
0.0387577
0.0408137
0.03283
0.0361927
0.0309521
0.011762
0.0203034
-0.0138291
0.000639675
-0.0538652
-0.0320883
-0.0991651
-0.076974
-0.13212
-0.118219
-0.1398
-0.139478
-0.120955
-0.133224
-0.086169
-0.1047
-0.0477329
-0.0667725
-0.0142281
-0.0300016
0.0103525
-0.00072123
0.026133
0.0191895
0.0347658
0.0310917
0.0394365
0.03761
0.0404969
0.0400944
-0.0431726
-0.111205
-0.25534
0.0406177
0.0255935
0.00396454
-0.0091464
-0.0220672
-0.309144
0.0488191
0.0401486
-0.0164442
-0.0261666
0.0413078
-0.315039
0.0275286
-0.0436106
0.0385505
-0.266248
0.0173705
-0.00388791
-0.0588436
0.00696398
-0.194571
0.00964026
-0.0697635
-0.0248318
-0.121597
0.00327644
-0.0739835
-0.050768
-0.0624603
-0.0674146
0.0536717
0.0610879
0.0648322
0.00685049
0.0119481
-0.189693
0.041
0.0395061
0.0399967
0.0422141
0.041543
0.0432708
0.0427275
0.0441159
0.0436962
0.0448322
0.044456
0.0456646
0.0452178
0.0469194
0.0462265
0.0489266
0.0478121
0.0520365
0.0503274
0.0564934
0.0540995
0.0620617
0.0591711
0.0675711
0.0649272
0.0714172
0.0697744
0.072936
0.0724422
0.0726833
0.0729787
0.0712889
0.0721032
0.0690231
0.0702544
0.0659976
0.0675956
0.0623783
0.0642509
0.0583051
0.0603904
0.0538983
0.0561344
0.0493219
0.0516175
0.0448423
0.0470489
0.0408617
0.0427612
0.0378567
0.0392119
0.0362443
0.0368593
0.0362883
0.0360507
0.0375155
0.0367457
0.0400594
0.0385911
0.0443702
0.0419998
0.0509931
0.047235
0.0558302
0.0149409
0.0218022
0.0175491
0.0114789
0.0127779
0.0136999
0.0116408
0.0219225
0.017141
0.033539
0.0274435
0.0461998
0.0398013
0.0583946
0.0524689
0.0686823
0.0638601
0.0757558
0.0726579
0.0790281
0.0778759
0.078385
0.0791546
0.0745391
0.0767769
0.0687799
0.0717307
0.0628928
0.0657745
0.0579757
0.0602775
0.054404
0.056029
0.0520273
0.0530897
0.0505186
0.0511882
0.0495677
0.0499915
0.0489418
0.0492264
0.0484815
0.0486992
0.04807
0.0482765
0.0475829
0.0478475
0.0471046
0.047362
0.0465527
0.0468323
0.046053
0.0462954
0.0455945
0.0458539
0.0444231
0.0452255
0.0412148
0.0431543
0.0360891
0.0388966
0.0322695
0.0337538
0.0139263
0.0209131
-0.00854479
0.00419298
-0.0428953
-0.0242915
-0.0817121
-0.0626067
-0.111111
-0.0984721
-0.119592
-0.11833
-0.105249
-0.11492
-0.0759639
-0.0917837
-0.042127
-0.0590408
-0.0116367
-0.0261242
0.0115106
0.000990396
0.0265919
0.0199425
0.0349996
0.0314576
0.0395502
0.0375845
0.0401252
0.0394485
0.0403376
-0.00597023
-0.103365
-0.261299
0.0584623
0.063603
0.0694647
0.031258
0.0384614
0.0451773
-0.0268486
-0.0247338
-0.0144777
-0.293898
0.030008
-0.0452162
0.0192069
-0.272725
0.0170673
-0.0113475
-0.0656946
-0.00492307
-0.209157
0.0073276
-0.0834931
-0.0393765
-0.134536
-0.00436084
0.000718795
-0.0963919
-0.0710667
-0.0734346
-0.0993733
-0.0910555
0.0297336
0.00776376
-0.000724191
-0.188113
0.0406146
0.039954
0.0419287
0.0412775
0.0431069
0.0425453
0.0441593
0.0436594
0.0451355
0.0446478
0.0462426
0.0456653
0.047739
0.0469325
0.0499134
0.0487285
0.05303
0.0513454
0.0571892
0.05499
0.0620741
0.0595727
0.0667355
0.0645075
0.0700189
0.0685999
0.0714182
0.0709411
0.071252
0.0714938
0.0699885
0.0707337
0.0679006
0.0690355
0.0651362
0.0665958
0.0618469
0.0635457
0.0581751
0.0600505
0.0542509
0.056235
0.0502468
0.0522455
0.0464135
0.0482902
0.0431007
0.0446685
0.0407054
0.0417677
0.0395582
0.039963
0.0398236
0.0395229
0.0413759
0.0404245
0.0443273
0.0426275
0.0491663
0.0465269
0.0563008
0.0523732
0.0656304
0.0609602
0.0595848
0.0683818
0.0754261
0.0700737
0.0233871
0.0309791
0.0261688
0.019997
0.0213869
0.0208639
0.019746
0.02698
0.0233366
0.0362124
0.0313631
0.0466859
0.0413709
0.0569651
0.0519515
0.0656853
0.0615772
0.0718551
0.0691279
0.0749025
0.0737743
0.0747364
0.0751913
0.0718556
0.0735862
0.0673778
0.0697346
0.0625342
0.0649323
0.0582727
0.0602964
0.0549968
0.05651
0.0526869
0.0537355
0.0511339
0.0518339
0.0500975
0.0505665
0.0493789
0.0497096
0.0488342
0.0490928
0.0483644
0.0485947
0.0479051
0.0481356
0.0474775
0.0476905
0.0470921
0.0472756
0.0468029
0.0469391
0.0464411
0.0466698
0.0452647
0.046042
0.0423495
0.0440696
0.0380492
0.0403331
0.0341222
0.0358863
0.0266238
0.0301642
0.0169828
0.0225858
-0.00170962
0.00902177
-0.0302371
-0.014897
-0.0627717
-0.0466252
-0.0887281
-0.0773014
-0.0982503
-0.0958968
-0.0887478
-0.0956641
-0.0654901
-0.07832
-0.0366902
-0.0512879
-0.00939674
-0.022517
0.012271
0.00229236
0.026885
0.0203947
0.0350993
0.0317101
0.0388249
0.0373539
0.0397759
0.0394214
0.0396016
0.0525007
-0.0345167
-0.0217766
-0.0916639
-0.244717
0.0381333
0.0383886
0.0354049
-0.0438858
-0.0243988
-0.256259
0.0363215
0.0773654
0.0833136
0.0187368
0.0316254
0.0216376
-0.0167286
-0.0689014
-0.0249255
-0.216424
0.00529432
-0.0931311
-0.0598905
-0.144193
-0.0109059
-0.00355621
-0.114561
-0.0947404
-0.074428
-0.00804229
-0.129368
-0.12113
-0.0310337
0.053498
0.062817
-0.132615
0.0717155
-0.00731753
-0.0168494
-0.173469
0.0398529
0.039132
0.0413307
0.0406637
0.0426832
0.0420524
0.0439268
0.0433348
0.0451212
0.0445243
0.0464356
0.0457522
0.0481005
0.0472134
0.050357
0.0491442
0.0533974
0.0517753
0.0572394
0.0552312
0.0615502
0.0593699
0.0655451
0.0636385
0.0684059
0.0671561
0.0697113
0.0692467
0.0696377
0.0698211
0.0685304
0.0691921
0.0666413
0.0676715
0.0641403
0.0654584
0.0611751
0.0627053
0.0578853
0.0595622
0.0544075
0.0561601
0.0509174
0.0526511
0.0476504
0.0492396
0.0449112
0.0461952
0.0430371
0.0438482
0.0423153
0.0425219
0.0428737
0.0424381
0.0447073
0.0436327
0.048038
0.046143
0.0531913
0.0503446
0.0604922
0.0565349
0.0694902
0.0649364
0.0802382
0.0741569
0.0476683
0.040599
0.0536942
0.0384077
0.0452761
0.0306154
0.0336795
0.0270218
0.0284554
0.0268555
0.0263315
0.0313038
0.0285971
0.0386224
0.0347306
0.0472192
0.042843
0.0557886
0.0515871
0.0631738
0.0596811
0.068522
0.0661369
0.0713006
0.0702365
0.0714339
0.0716752
0.0693036
0.070597
0.0657523
0.0676402
0.0617518
0.0637526
0.0580748
0.0598415
0.0551127
0.056498
0.0529223
0.0539293
0.0513772
0.0520825
0.0502952
0.0507912
0.0495106
0.0498756
0.0488993
0.0491898
0.0483834
0.0486332
0.0479294
0.0481495
0.047534
0.0477246
0.0472218
0.0473658
0.0469758
0.0470982
0.0465452
0.046814
0.0452862
0.0460661
0.0425642
0.0440989
0.0387386
0.0406928
0.0348141
0.0366622
0.0310872
0.0328123
0.0276475
0.0299275
0.0295211
0.0200097
0.0245486
0.00501901
0.0136202
-0.0180059
-0.00561811
-0.0449365
-0.031431
-0.0677532
-0.0574392
-0.0783164
-0.0748994
-0.0734713
-0.0777404
-0.0560835
-0.0659888
-0.032218
-0.0445477
-0.00800285
-0.0198205
0.012278
0.00280003
0.0265724
0.0201694
0.0347761
0.0314194
0.0382328
0.0369239
0.0390402
0.0388759
0.0378016
0.038645
0.0371668
0.0436407
-0.0406845
-0.0911928
-0.217988
0.0372541
0.0878642
0.029665
0.0238446
0.0537891
0.0435645
0.0460354
0.0375626
-0.0159605
-0.0688704
-0.0607995
-0.213988
0.00551038
-0.0983559
-0.0883716
-0.161004
-0.014192
0.0640041
-0.00800718
-0.127527
-0.128787
-0.0847469
-0.0146195
-0.154462
-0.157759
-0.0238314
-0.0155533
-0.172798
-0.173033
0.0878523
-0.0258984
0.00748284
-0.00925088
0.0820734
-0.0358388
-0.160721
0.0389498
0.0380879
0.0405659
0.0398053
0.0420477
0.0413362
0.0434537
0.0427732
0.0448339
0.0441452
0.0463247
0.0455576
0.0481201
0.0471751
0.0504182
0.0491984
0.0533542
0.0518056
0.0568976
0.0550633
0.0607269
0.0588093
0.0642085
0.0625498
0.0667271
0.0656171
0.0679435
0.0674961
0.0679442
0.0680776
0.0669867
0.0675666
0.0652967
0.0662202
0.0630469
0.0642303
0.0603903
0.0617602
0.0574607
0.058951
0.0543976
0.0559361
0.051374
0.0528685
0.048611
0.0499452
0.0463765
0.0474111
0.0449616
0.0455512
0.0446189
0.0446475
0.0454766
0.0448968
0.0476078
0.0463797
0.0511858
0.0492033
0.0565151
0.0536086
0.0638805
0.0599443
0.0725993
0.068102
0.0837758
0.0776792
0.0961104
0.0987469
0.0909079
0.0926415
0.0586493
0.0529727
0.0586124
0.0674145
0.0634304
0.0447046
0.050994
0.0366395
0.0399733
0.0326308
0.034269
0.0318732
0.0317814
0.0349667
0.0330007
0.040706
0.0376095
0.0476993
0.0441217
0.0548175
0.0513082
0.0610618
0.0580973
0.065671
0.0636014
0.0681726
0.0671915
0.068481
0.0685829
0.0668927
0.0678836
0.0640531
0.0655777
0.0607273
0.0624056
0.0575516
0.0590927
0.0548882
0.0561471
0.0528348
0.0537894
0.0513228
0.0520209
0.0502167
0.0507294
0.0493824
0.049774
0.0487182
0.0490344
0.0481646
0.0484304
0.047699
0.0479219
0.0473152
0.0474971
0.0470174
0.0471569
0.0467299
0.0468831
0.0461703
0.0465106
0.0447989
0.0456171
0.0421774
0.0436346
0.0385239
0.0404264
0.0346546
0.0365556
0.0309721
0.032736
0.0294203
0.0285989
0.0278235
0.0283512
0.0275772
0.0283128
0.0222547
0.0256971
0.0107087
0.017332
-0.00744264
0.002397
-0.0295756
-0.0183364
-0.0497037
-0.040337
-0.0612293
-0.0568563
-0.0605289
-0.0624401
-0.0484384
-0.0556904
-0.0290855
-0.0393372
-0.00767447
-0.0183173
0.0113884
0.00234571
0.025468
0.0191084
0.0338805
0.0303997
0.0373919
0.0361061
0.0380772
0.0379655
0.0371954
0.0377705
0.0354485
0.0363865
0.0325742
0.0265972
-0.0299819
-0.00420285
0.0127687
-0.00415869
-0.0482116
-0.0660103
-0.115818
-0.199895
0.00971823
-0.0998769
-0.124433
-0.184589
0.105127
0.107171
-0.00994388
0.0758673
0.098565
0.094157
0.0627489
0.0707663
0.0263785
0.0270258
0.025476
0.0343216
0.0345423
0.03332
-0.0102653
-0.135447
-0.170674
-0.119149
0.0303307
0.0416515
-0.0224177
-0.172344
-0.211401
-0.0407835
-0.0198217
-0.024898
-0.0567563
-0.0255482
-0.206561
-0.22624
0.00885039
-0.224443
-0.0595816
-0.167825
0.0361775
0.0352468
0.0379384
0.037045
0.0396394
0.0388189
0.0412253
0.040443
0.042776
0.0420141
0.0443243
0.0435503
0.0459763
0.0451313
0.0478876
0.0468916
0.0502155
0.0489935
0.0530503
0.0515707
0.0563304
0.0546479
0.0597607
0.0580555
0.0628383
0.0613823
0.0650689
0.06408
0.0661893
0.0657683
0.0662349
0.0663329
0.0654047
0.065913
0.0638926
0.0647195
0.061879
0.0629377
0.0595092
0.0607295
0.0569164
0.0582321
0.0542388
0.0555787
0.0516434
0.0529194
0.0493352
0.0504401
0.0475533
0.0483642
0.0465513
0.0469415
0.0465516
0.0464181
0.0476915
0.0469757
0.0500787
0.0487234
0.0538818
0.051794
0.059357
0.0563938
0.066649
0.0628005
0.0754142
0.0708403
0.0866388
0.0806447
0.100814
0.0933763
0.102263
0.0609704
0.0471094
0.0545194
0.0704882
0.0661982
0.0769313
0.0739435
0.0497696
0.0556576
0.0416706
0.0451424
0.0372558
0.0390719
0.0360078
0.0362299
0.0380324
0.0366543
0.0424599
0.0400307
0.0481132
0.0452004
0.0540079
0.0510875
0.0592688
0.0567615
0.0632213
0.0614353
0.0654492
0.0645578
0.0658542
0.0658659
0.0646612
0.0654257
0.0623676
0.0636112
0.0595793
0.0609979
0.0568227
0.0581723
0.0544242
0.0555688
0.0525019
0.0534047
0.0510277
0.0517157
0.0499052
0.0504306
0.0490293
0.0494432
0.0483199
0.0486584
0.0477331
0.048013
0.0472524
0.0474808
0.0468649
0.0470478
0.0465517
0.046703
0.0461941
0.0463905
0.0455059
0.0459135
0.0440397
0.0448911
0.0414681
0.0428868
0.0379905
0.0397877
0.0341734
0.0360846
0.0304714
0.0322958
0.0287398
0.027628
0.0271807
0.0272477
0.0275731
0.0238658
0.0262
0.015303
0.0202721
0.00114346
0.0089013
-0.0170423
-0.00767043
-0.0349797
-0.0263782
-0.0473503
-0.0421583
-0.0502255
-0.0500918
-0.042853
-0.0477208
-0.0276347
-0.035973
-0.00880437
-0.0183773
0.00925369
0.000543069
0.0233432
0.0169145
0.0321862
0.0284554
0.0360415
0.0346299
0.0368614
0.0366707
0.0363291
0.0367345
0.0355294
0.0188061
0.0376521
-0.0772821
-0.0978274
-0.169462
-0.205955
0.108731
0.00300202
0.0893488
0.0793641
0.0261253
0.0244113
0.0330281
0.0320029
-0.00786648
-0.138159
-0.212804
-0.17667
0.0536917
-0.0286197
-0.182762
-0.27039
-0.0964224
0.0133292
0.0265532
-0.0176367
-0.0372901
-0.0920525
-0.0536183
-0.230867
-0.302932
-0.0172661
-0.0329673
-0.271047
-0.296977
0.0257525
0.0107425
-0.0901061
-0.203737
0.034955
0.0340124
0.0368092
0.0358856
0.0385526
0.0376838
0.0402418
0.0393978
0.0419249
0.0410878
0.0436301
0.0427741
0.0454371
0.0445158
0.0474654
0.0464174
0.0498313
0.0486022
0.0525866
0.0511629
0.0556489
0.054092
0.0587545
0.0572195
0.0614966
0.0601926
0.0634792
0.0625985
0.0644911
0.0641076
0.0645483
0.0646281
0.0638056
0.0642639
0.0624517
0.0631937
0.0606484
0.0615955
0.0585409
0.0596237
0.0562605
0.0574139
0.053942
0.055097
0.0517431
0.0528171
0.0498515
0.050747
0.0484813
0.0490888
0.0478548
0.0480637
0.048169
0.0478866
0.0495672
0.0487279
0.0521672
0.0507115
0.0561351
0.0539694
0.0617014
0.0587101
0.0689257
0.0651215
0.0777393
0.0731165
0.0887887
0.0829595
0.102457
0.0953273
0.116911
0.11797
0.110093
0.114128
0.115681
0.109291
0.112111
0.0204583
0.103247
0.106325
0.0758783
0.067444
0.0718367
0.0821897
0.0792525
0.0865247
0.0845457
0.0815273
0.0900375
0.0883945
0.0660886
0.0735148
0.0537726
0.0594527
0.0456799
0.0492271
0.0410374
0.0429978
0.0393668
0.0398407
0.0405525
0.0396406
0.043903
0.0420255
0.0484434
0.046084
0.0533045
0.0508841
0.0577226
0.0556078
0.0611032
0.0595664
0.0630735
0.0622719
0.0635255
0.063479
0.0626229
0.0632187
0.0607492
0.0617747
0.0583867
0.0595981
0.0559714
0.0571638
0.0537941
0.0548427
0.0519816
0.0528412
0.0505357
0.0512173
0.0493933
0.0499326
0.0484772
0.0489122
0.047728
0.0480852
0.0471131
0.0474051
0.0466203
0.0468529
0.0462259
0.046411
0.0458898
0.0460566
0.0454652
0.045701
0.0446747
0.0451347
0.0431447
0.0440179
0.0406325
0.0420051
0.0372714
0.0390286
0.0335646
0.035423
0.0297836
0.0316702
0.0279433
0.0250545
0.0226995
0.0239076
0.0268021
0.026075
0.0270949
0.027108
0.0250509
0.0265296
0.0189663
0.0225839
0.0080174
0.0141025
-0.00702194
0.000869167
-0.023264
-0.0152451
-0.0364009
-0.0304973
-0.0424039
-0.0404688
-0.0393261
-0.0420013
-0.0279963
-0.0345269
-0.011581
-0.0201672
0.00572378
-0.00278983
0.020156
0.0134849
0.0296894
0.025588
0.0341773
0.0324839
0.0353809
0.0350167
0.0352212
0.0354491
0.0335698
0.034551
0.030938
0.0322959
0.000354526
0.0622936
-0.115555
-0.135954
-0.249824
-0.238246
0.0677115
-0.0294337
-0.187488
-0.319891
-0.188639
0.0403095
0.125169
0.125968
0.0834233
0.0916538
-0.00982518
0.0211053
0.0215368
0.0198093
0.0294541
0.0297116
0.0281687
-0.0492289
-0.00820979
-0.244594
-0.379801
-0.0926523
-0.00906656
0.0063416
-0.0517557
-0.0373917
-0.307469
-0.395803
-0.0172321
-0.135734
-0.0894278
-0.365018
0.0999754
0.117251
0.115984
0.0556314
0.0475274
-0.128903
-0.265812
0.0835645
0.0316371
0.0305906
0.0336103
0.0326304
0.0355156
0.0345714
0.0373467
0.0364965
0.0391248
0.0382284
0.0409312
0.0400262
0.0427828
0.0418498
0.044742
0.0437451
0.0468953
0.0457901
0.0493184
0.0480712
0.0520264
0.0506406
0.054921
0.0534622
0.0577648
0.0563682
0.0602238
0.0590621
0.0619827
0.0612032
0.0628734
0.0625368
0.0629087
0.0629886
0.0622224
0.0626431
0.0609872
0.0616616
0.0593622
0.0602129
0.0574894
0.0584479
0.0554968
0.0564999
0.0535133
0.0544954
0.0516849
0.0525702
0.0501807
0.0508817
0.0491907
0.0496106
0.0489093
0.0489517
0.0495112
0.0490926
0.051138
0.0501913
0.0539125
0.0523766
0.0579909
0.055779
0.0635718
0.0605884
0.0707176
0.0669545
0.0795016
0.0748897
0.090386
0.0846643
0.103692
0.0967567
0.118849
0.111121
0.123136
0.124183
0.120151
0.1218
0.118666
0.0873825
0.0839255
0.0858641
0.090461
0.0888873
0.0936433
0.0920144
0.0962068
0.0948625
0.0987746
0.0975076
0.0687303
0.0757009
0.0569394
0.0624232
0.0488571
0.0524532
0.0440608
0.0461068
0.0420512
0.0427293
0.0425757
0.0420323
0.0450521
0.0436258
0.0486689
0.0467706
0.0526628
0.0506628
0.0563675
0.0545856
0.0592573
0.0579358
0.060995
0.0602775
0.0614648
0.0613809
0.060778
0.0612463
0.0592285
0.0600846
0.0572
0.0582482
0.0550542
0.0561223
0.053049
0.0540234
0.0513151
0.0521453
0.0498789
0.0505618
0.0487065
0.0492635
0.047748
0.0482038
0.0469642
0.0473367
0.0463311
0.04663
0.0458334
0.0460666
0.0454423
0.045624
0.045089
0.045267
0.0446171
0.0448804
0.0437603
0.0442531
0.0422004
0.0430808
0.0397406
0.0410791
0.0364908
0.0381924
0.0327488
0.0346624
0.0289449
0.0308663
0.0251778
0.0270537
0.0233784
0.0238588
0.022577
0.0260801
0.0250568
0.0270632
0.0267457
0.0260617
0.026916
0.0218245
0.0244236
0.0133471
0.0181405
0.000752193
0.00749096
-0.0141745
-0.00660279
-0.0280532
-0.0214919
-0.0369826
-0.0333483
-0.0380772
-0.0386041
-0.0306189
-0.0353477
-0.0165294
-0.024192
0.000322812
-0.00817175
0.0155462
0.00838923
0.0262049
0.0215283
0.0317037
0.0295382
0.0335931
0.0329327
0.0338329
0.033897
0.0323554
0.0333112
0.0311208
-0.0226509
0.0823229
-0.16637
-0.186421
-0.350422
-0.289587
0.0566536
0.114828
0.095645
0.126681
0.100001
0.00887431
0.0201801
0.0183136
0.0279385
0.0266545
-0.0557448
0.0372027
-0.250466
-0.435236
-0.214702
0.0224812
-0.0718973
-0.0383409
-0.328642
-0.486279
-0.106628
-0.0358082
-0.0651402
-0.417686
-0.480054
0.113908
-0.0223325
0.110679
0.114479
-0.0403222
0.132968
0.135589
-0.179961
-0.347229
0.0757316
0.0302196
0.0291405
0.0322186
0.0312353
0.0341596
0.0332068
0.0360347
0.0350552
0.0379236
0.0369789
0.0398347
0.0388731
0.0418168
0.0408149
0.0439208
0.0428507
0.0462048
0.0450378
0.0487061
0.0474283
0.0514033
0.0500351
0.054181
0.0527931
0.0568201
0.0555335
0.0590414
0.0579982
0.0605939
0.0599101
0.0613503
0.0610704
0.061332
0.061429
0.0606628
0.0610663
0.059508
0.060134
0.0580258
0.0587972
0.0563567
0.0572055
0.0546259
0.0554909
0.0529548
0.0537748
0.0514756
0.0521826
0.0503371
0.0508546
0.049704
0.0499481
0.0497444
0.0496317
0.0506118
0.0500682
0.0524387
0.0514002
0.0553483
0.0537527
0.0594899
0.0572573
0.0650272
0.0620797
0.0720624
0.0683554
0.0807562
0.0761872
0.0914609
0.0858435
0.104451
0.097647
0.11943
0.111782
0.134625
0.135234
0.127292
0.133312
0.133948
0.132042
0.13267
0.131028
0.131499
0.130921
0.130743
0.131478
0.106365
0.108059
0.104501
0.105137
0.10462
0.104386
0.105702
0.105004
0.107413
0.106498
0.100885
0.109136
0.108283
0.0848358
0.0928138
0.0705598
0.077366
0.0592806
0.0645062
0.0513073
0.0549021
0.0464104
0.0485165
0.0441374
0.0449762
0.0441443
0.04389
0.045918
0.0448574
0.0487747
0.0472571
0.052049
0.0503984
0.0551575
0.0536542
0.0576338
0.0564938
0.0591701
0.0585265
0.0596434
0.0595342
0.0591201
0.0594905
0.0578208
0.0585455
0.0560491
0.0569716
0.0541058
0.0550809
0.0522211
0.0531449
0.0505293
0.0513461
0.0490797
0.0497735
0.0478674
0.0484451
0.0468657
0.0473406
0.046056
0.0464378
0.0454192
0.0457174
0.0449336
0.045158
0.0445599
0.0447364
0.0442041
0.0443845
0.0437102
0.0439868
0.0428219
0.0433294
0.0412588
0.0421348
0.0388486
0.0401566
0.0356503
0.0373337
0.0319169
0.0338272
0.0279979
0.0299662
0.0240489
0.0260405
0.0221266
-0.0386415
-0.200282
-0.145358
0.0195233
0.0164774
0.0180956
0.0225915
0.0211207
0.0251274
0.0239388
0.0266844
0.0260501
0.0266173
0.0269271
0.0239276
0.0256774
0.0174915
0.0212251
0.00683759
0.0126729
-0.00715113
0.000135347
-0.021923
-0.0146537
-0.0338064
-0.0284645
-0.0391331
-0.0374719
-0.0356441
-0.0385268
-0.023832
-0.0306223
-0.00710089
-0.0157812
0.00949083
0.00153417
0.0219021
0.0163506
0.0288484
0.0260189
0.031698
0.0306266
0.0323738
0.03228
0.0310143
0.0319101
0.0283418
0.0297791
0.0252533
0.0268069
-0.0528235
0.0809281
-0.23037
-0.249962
-0.458011
-0.349879
0.0417294
0.0902046
-0.0877392
-0.0267086
-0.333889
-0.541941
-0.245972
0.134538
0.143437
0.0215732
-0.00198748
0.140005
0.112695
0.142283
0.143072
0.101787
0.11027
-0.096187
-0.446004
-0.574118
-0.133057
-0.0735445
0.0237031
0.0235668
0.0219867
0.014807
0.0150304
0.0132351
-0.0764335
-0.543968
-0.0619826
0.163526
0.146534
0.174753
0.120032
-0.0831616
-0.243781
-0.434956
0.0649483
0.0264681
0.0251381
0.0288366
0.0276867
0.0308966
0.0298855
0.0328523
0.0318834
0.0347654
0.0337983
0.036704
0.0357302
0.0386928
0.0376889
0.0407793
0.0397211
0.0430089
0.0418735
0.0454178
0.0441894
0.0480101
0.0466924
0.0507292
0.0493596
0.0534385
0.0520954
0.0559273
0.0547234
0.0579542
0.0570098
0.0593201
0.058725
0.0599347
0.059718
0.0598341
0.0599639
0.0591441
0.0595497
0.0580289
0.0586265
0.0566497
0.0573607
0.0551489
0.0559046
0.0536502
0.0543908
0.0522679
0.0529366
0.0511188
0.0516564
0.0503293
0.0506711
0.0500368
0.0501131
0.0503819
0.0501227
0.0514966
0.0508374
0.0534997
0.0523825
0.056509
0.0548732
0.0606666
0.0584378
0.0661166
0.0632253
0.0730009
0.0693713
0.0815452
0.0770517
0.092006
0.0865269
0.104686
0.0980457
0.119649
0.111957
0.135878
0.127715
0.141065
0.14159
0.140632
0.14075
0.141435
0.140834
0.14422
0.142542
0.150229
0.146604
0.155676
0.12353
0.128233
0.117637
0.120104
0.115006
0.116011
0.114565
0.114555
0.115633
0.114918
0.117425
0.116362
0.0857076
0.0935913
0.0717054
0.0783809
0.0608474
0.0658878
0.0530752
0.0566017
0.048146
0.0502858
0.0456832
0.0466404
0.045295
0.0452634
0.0465117
0.0457434
0.048751
0.0475434
0.0514357
0.0500712
0.0540541
0.0527791
0.0561909
0.055199
0.057562
0.056978
0.058036
0.0579063
0.0576394
0.0579327
0.0565312
0.0571548
0.0549492
0.0557786
0.0531453
0.0540568
0.0513293
0.0522255
0.0496423
0.0504613
0.048158
0.0488703
0.0469019
0.0474988
0.0458656
0.0463496
0.0450441
0.0454233
0.0444237
0.0447108
0.043968
0.044175
0.043626
0.0437888
0.0432939
0.0434668
0.0427996
0.0430775
0.0419035
0.042414
0.0403486
0.0412164
0.0379724
0.0392597
0.0348015
0.036469
0.0310323
0.0329665
0.0269704
0.0290212
0.0228317
0.0249024
0.018792
0.0207973
0.0169047
0.0180323
0.0164503
0.0212533
0.0196661
0.0240117
0.0226983
0.0260586
0.0251451
0.0268184
0.0266599
0.02535
0.0264432
0.0204372
0.0233891
0.0112058
0.0163809
-0.00216392
0.00496756
-0.0179445
-0.00992569
-0.032827
-0.0257542
-0.0425002
-0.038586
-0.0431379
-0.0441039
-0.0336207
-0.0395613
-0.0167288
-0.0257826
0.00179904
-0.0072745
0.0166296
0.00987806
0.025497
0.0217918
0.0295903
0.0279876
0.0307727
0.0305098
0.0294707
0.0303602
0.0267245
0.0282204
0.0251739
-0.0928471
-0.0801874
-0.287154
-0.311774
-0.329668
-0.553665
-0.402823
0.155123
0.0792561
0.0213531
0.0824137
0.143966
0.118608
-0.124533
0.184375
0.199029
-0.447766
-0.623297
-0.275953
-7.90522e-05
-0.0358125
0.112261
0.0222033
0.020479
0.021717
0.0201496
0.0130747
0.0114666
0.0135434
0.0116841
-0.118926
-0.573367
-0.628997
-0.170297
-0.0836378
-0.117408
0.156875
-0.22952
-0.130966
0.192679
-0.140403
-0.321529
-0.511712
0.166658
0.126772
0.0508567
0.025089
0.0237343
0.0275276
0.0263361
0.029666
0.028624
0.0316498
0.030668
0.033587
0.0326167
0.0355483
0.0345597
0.037583
0.0365527
0.0397392
0.0386417
0.0420609
0.0408759
0.0445713
0.0432909
0.0472494
0.0458913
0.0500086
0.0486251
0.0526894
0.0513685
0.055079
0.0539314
0.0569585
0.0560905
0.058165
0.0576476
0.05864
0.0584879
0.058438
0.0586116
0.0576937
0.0581186
0.0565774
0.0571669
0.055258
0.0559293
0.0538841
0.054566
0.0525816
0.053214
0.0514593
0.0519893
0.0506187
0.050996
0.0501627
0.0503354
0.0501988
0.0501126
0.0508372
0.050437
0.0521847
0.0514177
0.0543428
0.0531586
0.0574183
0.055761
0.0615417
0.0593433
0.0668507
0.0640419
0.0735191
0.0700025
0.0818213
0.0774492
0.0920321
0.0866751
0.104465
0.0979439
0.119459
0.111651
0.136336
0.127774
0.15178
0.153305
0.144913
0.149459
0.150585
0.148303
0.148729
0.148672
0.148279
0.151199
0.149639
0.156676
0.153514
0.166652
0.160961
0.174185
0.181184
0.197198
0.154662
0.166543
0.138759
0.145617
0.129578
0.133552
0.124659
0.126687
0.122781
0.123412
0.123195
0.122747
0.1252
0.124026
0.119805
0.128265
0.126652
0.102421
0.111163
0.0860116
0.0939297
0.0722372
0.0787487
0.0617147
0.0665798
0.0541727
0.057598
0.0493022
0.0514341
0.0467347
0.0477667
0.0460628
0.046196
0.0468502
0.0463098
0.0485975
0.0476367
0.0508075
0.0496705
0.0530319
0.0519354
0.0548987
0.0540181
0.0561417
0.0555967
0.056619
0.0564655
0.056321
0.056549
0.0553534
0.0558982
0.0539013
0.0546637
0.0521794
0.0530512
0.0503864
0.051272
0.0486758
0.0495048
0.0471463
0.0478761
0.0458485
0.0464586
0.0448009
0.0452892
0.0439933
0.044363
0.0434092
0.0436726
0.0430053
0.0431846
0.0427156
0.0428485
0.0424192
0.0425742
0.0419348
0.042208
0.0410375
0.0415481
0.0394835
0.0403483
0.037108
0.0383964
0.0339221
0.0355982
0.0300916
0.032064
0.0258902
0.0280172
0.0215811
0.0237305
0.0173813
0.0194472
0.0154192
0.0164123
0.0147209
0.0196463
0.0180666
0.0224933
0.021117
0.0248776
0.0237606
0.0263141
0.0257637
0.0258848
0.0264155
0.0222697
0.0245562
0.0142442
0.0188638
0.00132465
0.00837783
-0.0155371
-0.0067448
-0.0334203
-0.0246169
-0.0474756
-0.0412803
-0.0523377
-0.0513379
-0.0451394
-0.0502478
-0.0278394
-0.0374312
-0.00691107
-0.0173554
0.0108255
0.00265003
0.0219799
0.0172288
0.0274806
0.0253005
0.0290783
0.0287129
0.0276736
0.028648
0.0248312
0.026353
0.0232727
-0.141916
0.220145
-0.386764
-0.404919
-0.43341
-0.622533
-0.44074
0.19
0.0790381
-0.00629564
0.0725546
0.0185473
0.00992316
-0.161914
-0.566548
-0.664159
-0.304497
-0.029717
-0.0856073
0.112855
0.159136
0.161266
0.120905
0.130103
-0.215287
-0.205249
-0.149678
-0.136499
0.218116
0.173711
-0.642909
0.246407
-0.468698
0.252302
0.281592
-0.415863
-0.565786
0.140431
0.0308341
0.0208851
0.0171891
0.0189839
0.0238839
0.0224094
0.0263935
0.0251656
0.0285936
0.0275173
0.0306146
0.0296152
0.0325734
0.0315939
0.0345441
0.0335502
0.0365974
0.0355543
0.0387878
0.0376699
0.0411595
0.0399461
0.043731
0.0424179
0.0464672
0.0450802
0.0492606
0.047863
0.0519329
0.0506213
0.0542634
0.0531505
0.0560418
0.0552276
0.0571257
0.0566698
0.0574789
0.0573853
0.0571722
0.0573938
0.0563524
0.0568089
0.0552007
0.0557999
0.053898
0.0545512
0.0526048
0.0532353
0.0514538
0.051999
0.0505527
0.0509617
0.0499907
0.0502208
0.0498475
0.0498599
0.0501994
0.0499561
0.0511224
0.0505852
0.0526934
0.0518236
0.0549906
0.0537481
0.0581048
0.0564414
0.0621503
0.0600057
0.067262
0.0645649
0.0736375
0.0702756
0.0815915
0.0773938
0.0914891
0.0862729
0.103723
0.0972814
0.118786
0.11087
0.136503
0.127417
0.155004
0.145814
0.156198
0.157461
0.154987
0.155312
0.156102
0.155247
0.160084
0.157698
0.167894
0.163457
0.181151
0.17374
0.203172
0.190645
0.240915
0.219657
0.301476
0.267837
0.200444
0.219125
0.171215
0.184587
0.152018
0.160513
0.140202
0.145402
0.133379
0.136275
0.130306
0.131448
0.130173
0.129928
0.132382
0.131031
0.136388
0.134192
0.102367
0.111568
0.0856565
0.0936721
0.072063
0.0784186
0.0618566
0.0665464
0.0546084
0.0578917
0.0498948
0.0519597
0.0473184
0.0483669
0.0464693
0.0467037
0.0469447
0.0465681
0.0483156
0.0475449
0.0501564
0.0492015
0.052075
0.0511265
0.0537354
0.0529528
0.0548828
0.0543823
0.0553635
0.0552087
0.0551347
0.0553333
0.0542591
0.0547679
0.052882
0.05362
0.0511949
0.052063
0.0493955
0.0502963
0.047654
0.0485073
0.046093
0.0468438
0.0447843
0.0454021
0.0437523
0.0442308
0.042989
0.0433334
0.042465
0.0426932
0.0421266
0.0422712
0.0418899
0.041996
0.0416235
0.0417643
0.0411501
0.0414197
0.040239
0.0407568
0.0386608
0.0395382
0.0362591
0.0375609
0.0330284
0.0347343
0.0291281
0.0311416
0.0248258
0.0270029
0.020402
0.0226036
0.0160788
0.0181981
0.0120793
0.0140189
0.00849688
0.010241
0.0113862
0.00826031
0.00980176
0.0146536
0.0130118
0.0178367
0.0162958
0.0207747
0.0193314
0.023446
0.022162
0.0254194
0.0245615
0.0257733
0.0258848
0.0230929
0.0249025
0.015957
0.0201602
0.0034198
0.0103913
-0.0142935
-0.00487442
-0.0347822
-0.0244478
-0.0529052
-0.0445585
-0.0619273
-0.0589527
-0.0572225
-0.0613999
-0.0396821
-0.0497499
-0.0163256
-0.0281804
0.00448115
-0.00520645
0.0181379
0.012232
0.0250522
0.0223295
0.0269213
0.02652
0.0254319
0.0264549
0.0226465
0.0241019
0.0196176
0.0211272
0.0165269
0.0181263
-0.197818
-0.226857
-0.370462
-0.494636
-0.541579
-0.652611
-0.454865
0.219337
0.0808272
-0.0494248
0.0602384
0.163797
0.138968
0.00692389
0.0144997
-0.173731
-0.211446
-0.199421
0.117794
0.199803
0.297943
0.295184
0.285485
-0.0715616
-0.559511
-0.659751
-0.61445
-0.214282
0.386079
0.341069
0.379753
0.380074
0.389562
-0.518269
-0.589578
0.158924
0.443773
0.497678
0.54209
0.559128
0.43589
0.538978
0.493255
0.000628264
-0.328482
-0.620675
-0.555921
-0.367709
-0.099913
0.354967
0.358597
0.242964
0.129558
-0.262313
-0.266642
-0.310898
-0.333604
-0.317284
0.0127482
0.0145063
0.0159018
0.0172776
0.01869
0.0201113
0.0215011
0.0227987
0.0238245
0.0243164
0.0239537
0.0223957
0.0193251
0.0144202
0.00750681
-0.00147012
-0.0124766
-0.0249701
-0.037979
-0.0502663
-0.0605325
-0.0676314
-0.0707968
-0.0698325
-0.0650238
-0.0570785
-0.0469246
-0.035613
-0.0241225
-0.0132335
-0.0034818
0.00480598
0.0115033
0.016627
0.0203083
0.02272
0.0240638
0.0245469
0.0243579
0.0236574
0.0226234
0.0213873
0.0200365
0.0186163
0.0171838
0.0157322
0.0142546
0.0127222
0.0111989
0.00966212
0.00817842
0.0067679
0.00543633
0.00423488
0.00568122
0.0071905
0.00895132
0.010824
0.012836
0.014924
0.0171205
0.0193514
0.0215909
0.0238371
0.0260444
0.0281934
0.0302339
0.0321414
0.0338725
0.0354147
0.0367457
0.0378665
0.0387778
0.0394981
0.0400471
0.0404549
0.0407458
0.040952
0.041096
0.0412074
0.0413024
0.0414044
0.0415242
0.0416791
0.0418762
0.0421289
0.0424417
0.0428235
0.0432763
0.0438059
0.0444103
0.0450907
0.04584
0.0466521
0.0475129
0.0484085
0.049318
0.0502205
0.05109
0.0519021
0.0526293
0.0532489
0.0537372
0.0540782
0.0542568
0.0542682
0.0541092
0.0537878
0.0533133
0.0527066
0.0519889
0.0511918
0.0503462
0.0494919
0.0486667
0.0479154
0.0472799
0.0468071
0.0465415
0.0465305
0.0468182
0.0474499
0.0484703
0.0499283
0.051876
0.054369
0.0574644
0.0612242
0.0657185
0.0710418
0.0772733
0.0844649
0.0926142
0.10171
0.111479
0.121655
0.131858
0.141742
0.151098
0.147332
0.14397
0.141152
0.138951
0.137361
0.136477
0.13635
0.13702
0.138571
0.141078
0.144663
0.149451
0.155615
0.163369
0.173017
0.184788
0.198587
0.214631
0.235597
0.26617
0.302704
0.33948
0.378576
0.421147
0.462909
0.495379
0.509638
0.499589
0.470834
0.431799
0.389324
0.349057
0.312593
0.281975
0.256171
0.235232
0.218184
0.204308
0.193263
0.184511
0.177555
0.172101
0.167917
0.164847
0.162746
0.161452
0.161007
0.161299
0.162221
0.163775
0.165888
0.168665
0.172006
0.1761
0.166706
0.156641
0.146374
0.136172
0.126409
0.117518
0.109491
0.102329
0.095967
0.0903219
0.0853116
0.0808625
0.0769046
0.0733739
0.0702131
0.067373
0.0648158
0.0625107
0.0604376
0.0585775
0.0569184
0.0554455
0.0541504
0.0530217
0.0520541
0.0512391
0.0505727
0.0500481
0.0496613
0.0494067
0.0492795
0.0492743
0.0493846
0.0496044
0.0499242
0.0503364
0.0508274
0.0513871
0.0519974
0.0526445
0.0533056
0.0539634
0.0545909
0.0551681
0.0556657
0.0560633
0.0563329
0.0564568
0.0564132
0.0561925
0.0557841
0.0551906
0.0544165
0.0534778
0.0523933
0.0511891
0.0498926
0.0485333
0.0471393
0.0457364
0.0443463
0.0429861
0.0416679
0.0403985
0.0391811
0.0380141
0.0368951
0.0358156
0.0347719
0.0337539
0.0327614
0.0317697
0.0307866
0.0297837
0.0287779
0.0277124
0.0266347
0.0254314
0.0242248
0.0227627
0.0213938
0.0195421
0.0180607
0.0155064
0.0140757
0.0101915
0.0105129
0.00988562
-0.550242
-0.49673
-0.457665
-0.640496
-0.262993
0.455293
0.0738055
0.255442
0.451356
0.593341
0.628537
0.599278
0.0466086
-0.122884
-0.0400092
0.519116
0.18631
0.529585
-0.368551
-0.321762
-0.573875
-0.506047
0.00783059
0.0058569
-0.401436
-0.475365
-0.450937
-0.498533
-0.351188
0.00933675
0.0127328
0.0146794
0.0169546
0.0186031
0.0204695
0.0219471
0.0234402
0.0247005
0.025942
0.0270545
0.02815
0.0291791
0.0302024
0.0311984
0.0322025
0.033207
0.034231
0.035275
0.0363538
0.0374701
0.0386341
0.0398454
0.0411078
0.0424157
0.0437644
0.0451394
0.0465261
0.0479004
0.0492395
0.0505128
0.0516944
0.0527539
0.0536693
0.0544179
0.0549886
0.0553715
0.0555698
0.0555874
0.0554405
0.0551442
0.0547233
0.0541992
0.0536004
0.0529503
0.0522776
0.0516039
0.0509552
0.0503498
0.0498094
0.0493475
0.0489813
0.0487194
0.0485744
0.0485502
0.0486552
0.04889
0.0492599
0.0497635
0.0504041
0.0511802
0.0520947
0.053147
0.0543412
0.0556791
0.0571672
0.0588109
0.0606204
0.0626049
0.0647811
0.067167
0.069794
0.0726972
0.0759334
0.0795643
0.0836809
0.0883727
0.0937597
0.0999509
0.107085
0.115269
0.12459
0.134892
0.14612
0.157848
0.169513
0.180426
0.17037
0.712383
0.775838
0.313918
0.0241012
-0.210729
0.442152
0.657641
0.0569216
0.30761
0.654936
0.442402
-0.380174
-0.30546
0.00828629
0.00870783
0.0109803
0.0122633
0.0134054
0.0146297
0.0158835
0.0171519
0.0184189
0.0195934
0.0205129
0.020941
0.0205735
0.0190044
0.0158018
0.0105411
0.00305234
-0.00664125
-0.0184108
-0.0316618
-0.0452679
-0.0577438
-0.0677284
-0.074115
-0.076195
-0.0738686
-0.0676015
-0.0582814
-0.0469984
-0.034874
-0.0229127
-0.0118802
-0.0022658
0.0056885
0.011934
0.0165573
0.0197328
0.0216761
0.0226124
0.0227649
0.0223301
0.0214563
0.0203033
0.0189961
0.0176128
0.0161981
0.0148024
0.0134182
0.0120449
0.0106592
0.00929283
0.00793769
0.00661234
0.00536745
0.00423822
0.00319358
0.00217656
0.00311277
0.00447095
0.0060307
0.00789329
0.00989737
0.0119613
0.0141127
0.0162868
0.0185108
0.0207645
0.0230294
0.0252323
0.0273786
0.0294183
0.0313293
0.033071
0.0346308
0.0359855
0.0371366
0.0380823
0.0388404
0.0394261
0.0398674
0.0401872
0.040415
0.0405737
0.0406897
0.0407825
0.0408726
0.0409743
0.0411042
0.0412725
0.0414921
0.0417701
0.0421159
0.0425338
0.0430301
0.0436046
0.0442585
0.0449856
0.04578
0.0466274
0.0475136
0.0484163
0.0493139
0.050179
0.0509861
0.0517073
0.0523191
0.0527987
0.0531303
0.0533014
0.0533076
0.0531493
0.0528356
0.0523799
0.051803
0.0511288
0.0503875
0.0496107
0.0488349
0.0480961
0.0474335
0.0468848
0.0464898
0.046287
0.0463146
0.0466096
0.0472093
0.0481525
0.0494829
0.0512496
0.0535111
0.0563336
0.0597992
0.0640018
0.0690609
0.0751026
0.0822527
0.0905827
0.10008
0.110594
0.121775
0.133343
0.144654
0.155397
0.165544
0.159862
0.155052
0.150855
0.147404
0.144753
0.142911
0.141953
0.141904
0.142791
0.144676
0.147646
0.151801
0.157273
0.164214
0.172838
0.183364
0.195938
0.210823
0.228582
0.250559
0.277505
0.307537
0.339108
0.373998
0.409616
0.441622
0.462852
0.472507
0.466103
0.445315
0.415978
0.381985
0.349649
0.318777
0.291138
0.266875
0.246456
0.229205
0.21482
0.202976
0.193328
0.18553
0.179323
0.174494
0.170894
0.168386
0.166836
0.166239
0.166507
0.167576
0.169408
0.172014
0.175391
0.179495
0.184263
0.189917
-0.449507
-0.604654
-0.543912
-0.488109
-0.550401
0.00616574
0.00814269
0.0112313
0.0137409
0.0159802
0.0179225
0.0197499
0.0213467
0.0228449
0.0241735
0.0254396
0.0265978
0.0277185
0.0287782
0.0298211
0.0308368
0.0318537
0.0328685
0.0339009
0.0349489
0.0360306
0.0371466
0.0383058
0.039508
0.0407566
0.0420462
0.0433718
0.0447198
0.0460754
0.0474166
0.0487204
0.0499596
0.0511076
0.0521376
0.0530266
0.0537543
0.0543078
0.0546788
0.0548675
0.054879
0.0547262
0.0544251
0.0539977
0.0534671
0.05286
0.0522015
0.0515196
0.0508383
0.0501836
0.0495764
0.0490391
0.0485875
0.0482392
0.0480046
0.0478957
0.0479181
0.0480783
0.0483777
0.0488182
0.0493981
0.0501159
0.050969
0.051954
0.053069
0.0543107
0.055679
0.0571723
0.0587934
0.0605436
0.0624297
0.0644597
0.0666492
0.0690221
0.0716129
0.0744783
0.0776905
0.0813619
0.0856142
0.0906138
0.0965173
0.103531
0.111825
0.12153
0.132635
0.145094
0.158579
0.17268
0.186155
0.197829
0.207169
0.198126
0.191696
0.186262
0.181365
0.177328
0.17422
0.172046
0.170813
0.170538
0.171247
0.172995
0.175825
0.179834
0.185147
0.191909
0.200299
0.210544
0.222889
0.237512
0.25456
0.274209
0.296652
0.321748
0.348858
0.376953
0.403205
0.425463
0.440226
0.445371
0.438921
0.422305
0.398481
0.370422
0.340549
0.31184
0.284916
0.259915
0.238095
0.21984
0.204437
0.191323
0.180233
0.171009
0.163494
0.157519
0.152938
0.14963
0.147493
0.146465
0.146496
0.147558
0.149639
0.152736
0.15687
0.162031
0.168095
0.175263
0.17283
0.00109035
0.0018889
0.00343746
0.0051788
0.00723658
0.00927245
0.0114122
0.013578
0.0157814
0.0180108
0.0202408
0.0224607
0.0246525
0.026781
0.0288156
0.0307051
0.032439
0.0339964
0.0353637
0.0365329
0.0375088
0.0382988
0.0389224
0.0393983
0.0397542
0.0400113
0.0401969
0.0403308
0.0404359
0.0405292
0.0406293
0.0407492
0.0409034
0.041102
0.0413568
0.0416743
0.0420635
0.0425274
0.0430708
0.0436912
0.0443872
0.0451484
0.0459664
0.0468213
0.047698
0.048568
0.0494118
0.0501962
0.0509019
0.0514967
0.0519674
0.0522886
0.0524583
0.0524624
0.0523122
0.052007
0.0515711
0.0510161
0.0503765
0.0496721
0.0489438
0.0482167
0.0475341
0.0469225
0.0464248
0.0460668
0.045889
0.0459132
0.0461776
0.0467009
0.047525
0.0486712
0.0501992
0.0521463
0.0546129
0.0576682
0.0614726
0.0661317
0.0718806
0.0788631
0.0873554
0.0972404
0.108546
0.121017
0.134156
0.147517
0.160639
0.000409531
0.00142437
0.00617573
0.006991
0.00898164
0.0098276
0.0107879
0.0117966
0.0128257
0.0138841
0.0149582
0.0159603
0.0167476
0.0171066
0.0167555
0.0153014
0.0122764
0.00720025
-0.000156998
-0.00972929
-0.0213065
-0.0343103
-0.0476914
-0.0595395
-0.0686283
-0.0739949
-0.0750608
-0.0718375
-0.0648634
-0.0550827
-0.0436787
-0.0317475
-0.0202381
-0.00984986
-0.00100948
0.00611432
0.0115357
0.0153957
0.017904
0.0193075
0.0198439
0.0197307
0.0191475
0.0182289
0.0171028
0.0158718
0.0146039
0.0133301
0.0120777
0.0108696
0.00967642
0.00849251
0.00734727
0.00620873
0.00510429
0.0040604
0.003135
0.00228317
-0.34986
0.548583
0.23948
0.547785
-0.0946115
0.670176
-0.326002
-0.367613
0.409529
0.138865
0.422739
0.713649
0.000976285
0.227598
-0.0198542
-0.00183317
3.0549e-05
0.00287298
0.00172246
-0.534072
-0.420046
0.195469
0.21705
0.21637
-0.387271
0.22402
0.205443
0.00287556
-0.203921
0.0567941
0.527513
0.306375
0.564067
-0.398947
0.00171656
0.00132024
0.00286907
0.00221849
0.00444514
0.00361566
0.00620491
0.00530651
0.00808756
0.00712744
0.0101413
0.00907734
0.0123662
0.0112305
0.0145628
0.0134833
0.0161853
0.0154848
0.0163185
0.0165032
0.0135692
0.015402
0.00622072
0.0105683
-0.00701053
0.000379674
-0.0257573
-0.0158172
-0.0464484
-0.0362223
-0.0621826
-0.0554877
-0.0653676
-0.0655903
-0.0539306
-0.0613018
-0.0317143
-0.0439739
-0.0105302
-0.0205197
0.00417919
-0.0022021
0.0111133
0.00852771
0.012719
0.0123676
0.0118792
0.0124631
0.0103121
0.011114
0.00874513
0.00951001
0.00720947
0.00796531
0.00523095
0.00658464
0.00475251
0.166527
0.18224
0.1344
0.150351
0.105485
0.119315
0.0830044
0.0933034
0.0679428
0.0746181
0.058499
0.0626646
0.0526188
0.0552108
0.048965
0.0505735
0.0467676
0.0477137
0.0456603
0.0460913
0.0454516
0.0454536
0.0459732
0.0456327
0.047024
0.0464467
0.048364
0.0476741
0.0497335
0.0490616
0.0508812
0.05035
0.0515965
0.051304
0.0517422
0.0517461
0.0512775
0.0515852
0.0502627
0.050832
0.0488416
0.0495921
0.0472065
0.0480385
0.0455547
0.0463716
0.0440494
0.044776
0.0427959
0.0433874
0.0418369
0.0422793
0.0411631
0.0414668
0.040727
0.0409198
0.0404514
0.0405756
0.0402353
0.0403433
0.0399537
0.0401122
0.0394492
0.0397405
0.0385459
0.0390592
0.037073
0.0378905
0.0349015
0.0360805
0.0319866
0.0335361
0.0283985
0.0302692
0.0243352
0.026421
0.0199819
0.0221821
0.0155445
0.0177654
0.0111573
0.0133358
0.00688843
0.00897049
0.0028747
0.00467595
0.000693289
0.199124
0.20659
0.186294
0.192184
0.177952
0.181544
0.174101
0.175485
0.174599
0.173819
0.179564
0.176508
0.189556
0.18389
0.205537
0.196734
0.22876
0.216176
0.260302
0.243455
0.300446
0.279366
0.347082
0.323263
0.392388
0.370831
0.421589
0.410072
0.420591
0.425308
0.388294
0.407477
0.339176
0.364898
0.288986
0.31361
0.244938
0.265914
0.210634
0.226504
0.185597
0.197103
0.168067
0.175979
0.156864
0.16175
0.151026
0.15333
0.149957
0.149925
0.153458
0.151139
0.161733
0.156986
0.175622
0.167865
0.184773
0.192322
0.206613
0.158538
0.175265
0.12936
0.142978
0.107437
0.11743
0.0924671
0.099144
0.082515
0.0869762
0.0756107
0.0787632
0.0703653
0.0728332
0.0659659
0.0680822
0.0620701
0.0639601
0.0585807
0.0602729
0.0554974
0.0569847
0.0528519
0.0541159
0.0506862
0.051705
0.0490443
0.049796
0.0479631
0.0484307
0.04746
0.047638
0.047522
0.0474214
0.0480961
0.0477488
0.0490842
0.0485448
0.0503454
0.0496895
0.0517029
0.0510226
0.0529562
0.0523538
0.0538982
0.0534768
0.0543404
0.05419
0.0541434
0.0543257
0.0532457
0.0537805
0.0516813
0.0525394
0.0495741
0.0506839
0.047108
0.0483728
0.0444803
0.0458026
0.0418588
0.0431604
0.0393519
0.0405871
0.0370019
0.0381572
0.0348067
0.0358828
0.0327125
0.0337513
0.0306577
0.0316855
0.0285652
0.0296234
0.0263381
0.0274789
0.0238526
0.0251426
0.0209565
0.0224764
0.0174733
0.0193221
0.0129433
0.0154134
0.00702215
0.0100875
0.00194624
0.00418147
-0.502943
-0.00153579
-0.00269988
0.241332
0.218331
0.238687
0.221294
-0.0049658
0.00257178
-0.00165316
0.00961577
0.00626604
0.0150551
0.0125412
0.0190802
0.0172199
0.0223121
0.0207703
0.0250289
0.0237199
0.027403
0.0262468
0.0295761
0.0285057
0.0316608
0.0306229
0.0337456
0.0326982
0.035902
0.0348113
0.0381615
0.0370125
0.0405722
0.0393487
0.0431105
0.0418288
0.0457004
0.044406
0.0482057
0.0469734
0.0504492
0.0493708
0.0522464
0.0514127
0.053448
0.0529268
0.0539772
0.0537963
0.0538465
0.0539884
0.0531529
0.0535598
0.0520555
0.0526418
0.0507483
0.0514145
0.0494328
0.0500785
0.0482973
0.0488311
0.0475018
0.0478479
0.0471677
0.0472706
0.0473735
0.0471994
0.0481555
0.0476912
0.0495138
0.0487632
0.0514218
0.0504008
0.0538371
0.0525683
0.0567089
0.0552185
0.0599814
0.0582977
0.063598
0.0617486
0.0675249
0.0655205
0.0718316
0.0696147
0.0768916
0.0742174
0.0837538
0.0799816
0.09459
0.0884779
0.112424
0.102422
0.139073
0.124717
0.175564
0.156223
0.214306
0.195789
0.229403
0.192234
0.205933
0.172105
0.180928
0.159852
0.165158
0.153521
0.156028
0.152211
0.152266
0.155771
0.153376
0.164535
0.15947
0.17924
0.171092
0.200854
0.189126
0.230506
0.214597
0.269148
0.248709
0.314592
0.291321
0.361118
0.338331
0.397522
0.381335
0.412719
0.408579
0.400449
0.409697
0.367083
0.385716
0.323943
0.345874
0.282315
0.302478
0.247218
0.263839
0.219786
0.23254
0.199864
0.208937
0.186545
0.192453
0.17882
0.182043
0.175991
0.176825
0.177789
0.176317
0.184449
0.180475
0.196765
0.189827
0.215897
0.205465
0.228188
0.000562866
-0.000466944
0.00452606
0.00267117
0.00890995
0.00677202
0.013293
0.0111072
0.017699
0.0154935
0.0220692
0.0198949
0.0262518
0.0241951
0.0300494
0.0282089
0.0332812
0.0317452
0.0358252
0.0346424
0.0376624
0.0368285
0.0388735
0.0383379
0.039599
0.0392861
0.0400096
0.0398328
0.040269
0.0401487
0.0405191
0.040387
0.0408683
0.0406747
0.0414068
0.0411094
0.0421988
0.0417685
0.0432721
0.0427003
0.0446093
0.0439109
0.0461373
0.0453564
0.0477246
0.0469337
0.0491959
0.0484865
0.0503622
0.0498281
0.0510605
0.0507776
0.0511922
0.0511996
0.0507486
0.0510385
0.0498178
0.0503347
0.0485704
0.0492202
0.0472329
0.0478973
0.0460547
0.0466082
0.0452762
0.0456016
0.0451009
0.0451025
0.0456791
0.0452886
0.0471179
0.0462845
0.0495525
0.0481962
0.0533463
0.0512363
0.0595085
0.0560223
0.0702181
0.0641057
0.0884475
0.0782075
0.116087
0.101085
0.152041
0.133199
0.191059
0.171436
0.208644
0.00273166
0.0033152
0.00315428
0.00417153
0.00318741
0.00494396
0.0044612
0.00589809
0.00541639
0.00691398
0.0063866
0.00781944
0.00740621
0.00774224
0.00797949
0.00504233
0.0068435
-0.00254222
0.00197089
-0.0153049
-0.00843027
-0.033963
-0.0221745
-0.0447812
-0.0399025
-0.0470602
-0.0472533
-0.0389744
-0.0441176
-0.0246502
-0.0321608
-0.0100014
-0.0170521
0.00123482
-0.00383682
0.00802217
0.00516069
0.0110046
0.00990625
0.0114033
0.011436
0.0103964
0.0110016
0.0088655
0.00965113
0.00727796
0.00806047
0.00578296
0.00650822
0.00446469
0.0050981
0.0032738
0.00385463
0.00220419
0.00272197
0.00135232
0.00173993
0.000798166
0.00107627
-1.34262e-05
-0.461639
-0.00213216
-0.150652
-0.465092
-0.00845061
-0.746741
-0.49752
-0.589039
-0.477461
-0.426698
-0.416308
0.639431
0.806688
0.890137
0.830388
0.694464
-0.534299
-0.53484
-0.615533
-0.568584
-0.764617
-0.35684
0.00483135
-0.156692
0.0952296
-0.00478728
0.0013658
0.00585974
0.00965211
0.0125453
0.0150902
0.0171938
0.0190832
0.0207955
0.0223532
0.0237747
0.0250903
0.0263141
0.0274709
0.0285731
0.0296397
0.0306811
0.0317115
0.0327397
0.0337763
0.0348286
0.0359038
0.0370058
0.0381418
0.0393135
0.0405199
0.0417571
0.0430177
0.044291
0.0455619
0.0468128
0.0480222
0.0491686
0.0502286
0.0511803
0.0520031
0.0526806
0.0531996
0.0535532
0.0537388
0.0537603
0.0536262
0.0533503
0.0529499
0.0524461
0.0518617
0.0512216
0.0505501
0.0498731
0.0492136
0.0485957
0.0480393
0.0475652
0.0471882
0.0469248
0.0467842
0.0467779
0.0469095
0.0471854
0.0476044
0.0481688
0.0488732
0.0497174
0.0506927
0.0517975
0.0530209
0.0543598
0.0558013
0.0573407
0.058962
0.0606586
0.0624124
0.0642174
0.0660606
0.0679496
0.0698986
0.0719641
0.0742383
0.0768924
0.0801736
0.084441
0.0901366
0.0977749
0.10785
0.12069
0.136377
0.155614
0.178279
0.204497
0.231611
0.254956
0.275596
0.236428
0.214329
0.197154
0.183981
0.174308
0.166875
0.161284
0.157287
0.154688
0.15339
0.153339
0.154529
0.156981
0.160755
0.165924
0.172596
0.180882
0.19092
0.202846
0.216811
0.232908
0.251097
0.271037
0.292401
0.314704
0.337087
0.358699
0.377807
0.392968
0.402701
0.406402
0.403783
0.395046
0.381254
0.363826
0.344245
0.323812
0.30344
0.283806
0.265509
0.248929
0.234268
0.221499
0.210567
0.201382
0.193846
0.187831
0.183233
0.179949
0.177909
0.177062
0.177398
0.178938
0.18175
0.185937
0.191684
0.199387
0.209507
0.222856
0.240148
0.262414
0.317183
-0.00298945
-0.00492075
-0.00247146
-0.000151723
0.0024551
0.00463603
0.00685611
0.00901001
0.0111801
0.0133501
0.0155264
0.0177031
0.0198696
0.0220144
0.0241143
0.0261484
0.0280901
0.0299185
0.0316094
0.0331455
0.0345133
0.0357067
0.036725
0.0375749
0.0382676
0.0388198
0.039251
0.0395804
0.0398278
0.040014
0.0401585
0.0402801
0.040395
0.0405167
0.0406653
0.0408492
0.0410788
0.0413619
0.0417041
0.0421108
0.0425857
0.0431281
0.0437353
0.0443998
0.0451114
0.0458554
0.0466149
0.0473688
0.0480955
0.048771
0.049373
0.049879
0.0502712
0.0505335
0.0506569
0.0506358
0.0504726
0.0501739
0.0497539
0.0492301
0.0486265
0.0479684
0.0472863
0.0466093
0.0459696
0.0453957
0.0449176
0.0445589
0.044343
0.0442851
0.0443997
0.0446923
0.0451693
0.0458316
0.0466889
0.0477588
0.04909
0.0507715
0.0529652
0.055921
0.0600003
0.0656616
0.0734245
0.0837725
0.0970725
0.113455
0.13277
0.154577
0.1784
0.202436
0.223991
0.248138
0.29926
0.02563
0.0159995
0.00543192
0.00240773
0.00126071
0.00158953
0.00155002
0.00178878
0.00198256
0.00216695
0.00234699
0.00253617
0.00271789
0.00287561
0.00294664
0.00286309
0.00251561
0.00177252
0.000488764
-0.00144861
-0.00398971
-0.007005
-0.0103161
-0.0143988
-0.0172546
-0.0192866
-0.0202017
-0.0198992
-0.0184164
-0.0159849
-0.0129127
-0.00957471
-0.00627421
-0.00324489
-0.000638218
0.00148131
0.00309253
0.00423768
0.00495788
0.00533279
0.00541729
0.00529026
0.00499944
0.00460563
0.00414592
0.00366001
0.00318735
0.00276082
0.00238889
0.00206924
0.00178568
0.00152947
0.00129653
0.00107796
0.000888909
0.000730727
0.000625905
0.000615549
0.000889772
0.00202829
0.0056794
0.0133927
0.0105447
-0.357016
-0.0604686
0.207407
0.0685417
)
;

boundaryField
{
    frontandback
    {
        type            empty;
    }
    walls
    {
        type            zeroGradient;
    }
    diamond
    {
        type            zeroGradient;
    }
    inlet
    {
        type            zeroGradient;
    }
    outlet
    {
        type            fixedValue;
        value           uniform 0;
    }
}


// ************************************************************************* //
