/*--------------------------------*- C++ -*----------------------------------*\
  =========                 |
  \\      /  F ield         | OpenFOAM: The Open Source CFD Toolbox
   \\    /   O peration     | Website:  https://openfoam.org
    \\  /    A nd           | Version:  10
     \\/     M anipulation  |
\*---------------------------------------------------------------------------*/
FoamFile
{
    format      ascii;
    class       volScalarField;
    location    "33";
    object      p;
}
// * * * * * * * * * * * * * * * * * * * * * * * * * * * * * * * * * * * * * //

dimensions      [0 2 -2 0 0 0 0];

internalField   nonuniform List<scalar> 
6397
(
4.40022
4.10662
-2.54685
-1.81948
-1.8943
-2.70427
6.76198
3.21889
-16.5772
-12.9652
5.75774
2.14571
-0.217092
-0.14906
-0.209795
-13.0484
-10.8638
-10.9321
12.3063
12.1605
11.4784
-11.8113
-14.0368
-14.9744
-0.100525
-0.0548773
-0.0138735
-1.83533
-1.75378
-2.91645
-2.76817
0.0420951
-0.397445
-1.1326
1.24171
1.07149
0.80631
0.533945
1.45371
1.51175
1.44533
1.33048
-2.96948
-4.77898
-5.58491
-3.56675
-3.43159
-4.35954
1.48811
1.42953
1.41768
1.28747
1.36995
4.60379
4.11445
2.81943
2.85317
1.26284
-2.986
-2.45727
-3.5454
-4.00695
-4.28388
-4.30308
-4.02011
-3.50784
-2.94341
-2.4434
-2.73316
-2.04619
-2.11125
-3.49408
-4.27889
-4.9332
-5.27793
-5.23728
-4.7986
-4.09568
-3.33069
-2.65923
-1.66056
-1.7898
-2.10505
-2.17281
-1.35273
-1.67423
-1.9621
-1.88588
-1.16825
-1.679
-1.99532
-1.77756
-1.06854
-1.02251
-2.2111
-1.81482
-0.672731
-0.376423
-0.482066
-1.39207
-0.968668
-2.76533
-1.98471
-4.66065
-3.69914
-5.88289
-5.45522
-5.21333
-5.77032
-3.39722
-4.33819
-1.97396
-2.58114
-1.38431
-1.5955
-1.29328
-1.87161
-2.46473
-2.05982
-2.04209
-1.86651
-2.71265
-2.34582
-3.20157
-3.02069
-2.94552
-3.12682
-2.30156
-2.62307
-1.8463
-2.0105
-1.95031
-1.82593
-2.50541
-2.20664
-0.972983
-1.85649
-0.276886
-1.30924
-2.00218
-2.52982
-3.12478
-3.37256
-1.44468
-0.625177
-0.63524
-4.06419
0.139994
0.266562
-4.20879
-2.63451
-0.208728
0.00185938
-1.02863
-0.544818
-2.53786
-1.68785
-4.62825
-3.56509
-5.95465
-5.49482
-5.17891
-5.81302
-3.16394
-4.21451
-1.58596
-2.25758
-0.86099
-1.14587
-0.694024
-1.66177
-1.98455
-1.54096
-1.52287
-1.86609
-1.68459
-2.11101
-2.04988
-1.92021
-2.08856
-1.59142
-1.75926
-1.61069
-1.54636
-2.19423
-1.82699
-3.2645
-2.69683
-3.72683
-0.883123
-1.82297
0.383079
-0.169058
-4.56275
-4.06602
-2.35501
0.00531047
0.0570878
-0.703015
-1.67182
-4.66138
-6.03806
-6.37025
-2.89619
-4.12875
0.454794
0.788651
0.861054
-5.33476
-5.11743
-3.27577
0.567333
0.672609
0.196498
0.416754
-0.620148
-0.139832
-2.12089
-1.27573
-4.1834
-3.14068
-5.45206
-5.038
-4.68629
-5.32542
-2.69314
-3.73644
-1.09325
-1.78238
-0.310483
-0.629926
-0.112251
-2.3646
-3.31043
-1.34126
-1.74136
-1.01561
-1.11646
-1.07577
-1.03048
-1.14994
-1.13233
-1.04608
-1.1172
-0.999579
-0.992149
-1.374
-1.12392
-2.34395
-1.78113
-3.85349
-3.05575
-4.59634
-0.819076
-1.75115
-0.0989772
0.0835549
-5.19425
-2.82135
-8.10952
-7.47612
-0.789918
-1.90857
0.486531
0.877711
-2.68102
-3.79839
-5.76349
-6.07369
1.08057
1.13423
0.0969584
0.140143
-0.875
-5.24352
-4.05242
0.900544
1
0.558008
0.762147
-0.194378
0.236227
-1.55784
-0.790958
-3.42592
-2.48503
-4.53408
-4.18872
-3.8421
-4.42282
-2.04052
-2.97705
-0.560421
-1.20447
0.197663
-0.109085
0.520701
0.398829
0.657148
0.604518
0.723723
0.691476
-4.35773
-7.92249
-6.0972
-2.0109
-2.98323
-0.929231
-1.36541
-0.500165
-0.661146
-0.386819
-0.423702
-0.330873
-0.360772
-0.296919
-0.304239
-0.459632
-0.337187
-1.07588
-0.701952
-2.32572
-1.6148
-4.19672
-3.22102
-5.1014
-0.750644
-1.65244
-0.044401
-9.31972
-9.23245
0.118562
0.734858
-6.29346
-3.27564
1.14485
-4.82927
-5.97802
-6.29689
-8.46098
-2.06244
-9.37173
-9.42627
-0.826436
0.136738
0.731289
-5.97841
-4.79756
1.28558
1.31978
1.32599
1.15935
1.24752
0.851746
1.04419
0.211525
0.584325
-0.927431
-0.287915
-2.47648
-1.69483
-3.39544
-3.10938
-2.78605
-3.27182
-1.29355
-2.07486
-0.0496271
-0.598734
0.618237
0.345266
0.922934
0.798504
1.06156
1.00036
1.13488
1.10187
1.12735
1.14679
-6.96265
-8.29061
-8.1717
-3.65961
-5.27224
-1.49452
-2.40414
-0.474771
-0.892532
-0.0140787
-0.197148
0.184052
0.102305
0.30658
0.251584
0.314468
0.332399
0.0438906
0.225888
-0.709388
-0.264412
-2.1252
-1.32737
-4.20707
-3.1237
-5.22932
-8.28056
-7.24582
0.680239
1.07041
-5.48685
-6.13528
-4.19138
-4.71773
-2.36772
-3.32522
-0.667538
-1.46659
0.472733
-0.019041
1.10209
0.834052
1.2874
-7.02619
-3.55385
-8.55132
-2.04915
-8.40197
-0.730175
-5.53946
-6.46507
0.152087
0.980006
0.573064
1.42597
1.38677
-5.28183
1.42937
1.44678
1.34585
1.41268
1.08791
1.25166
0.570208
0.874568
-0.331853
0.173185
-1.49819
-0.915226
-2.15538
-1.95489
-1.68497
-2.05003
-0.561415
-1.15578
0.404268
-0.0271342
0.944403
0.718422
1.20041
1.0973
1.31985
1.26923
1.38831
1.36202
1.38064
1.40024
1.26465
1.33338
-6.48716
-4.12099
-5.58304
-5.39075
-6.39453
-2.64913
-3.9845
-0.900863
-1.64565
-0.0131664
-0.384002
0.426759
0.246038
0.638013
0.547093
0.777921
0.715806
0.789742
0.809753
0.490797
0.689293
-0.30629
0.160755
-1.77386
-0.951168
-3.8751
-2.78954
-5.69191
-4.92414
-5.78546
-5.99971
-5.16157
-3.43157
-3.84432
-3.82241
-2.02907
-2.77559
-0.620903
-1.29317
0.408471
-0.0466292
1.00345
0.749903
-3.77481
-2.62614
0.843065
1.18103
1.2932
1.18391
-7.07214
-3.56715
-7.69773
-1.88314
-6.69331
-0.62938
-4.58381
0.0849241
-1.37592
-2.29829
0.415915
1.08683
0.658667
-0.485195
-0.438364
0.227725
0.940236
1.37436
1.20849
1.33058
1.16739
1.22807
-5.30134
1.45134
1.43665
1.51315
1.51792
1.45908
1.51508
1.26069
1.39102
0.85778
1.09332
0.198477
0.561019
-0.60207
-0.205673
-1.03566
-0.904099
-0.71755
-0.96279
0.0535005
-0.359676
0.76493
0.440888
1.17585
1.00282
1.37834
1.29439
1.49774
1.442
1.59513
1.55183
1.62576
1.6232
1.5583
1.60836
1.48811
-2.46827
-1.40076
-4.23145
-3.52008
-3.5467
-4.24668
-1.61838
-2.56638
-0.319419
-0.879409
0.3969
0.089515
0.791908
0.625743
0.985317
0.904488
1.10891
1.05171
1.12996
1.14296
0.854385
1.04031
0.0970729
0.543158
-1.2927
-0.515439
-3.25758
-2.24139
-4.93617
-4.23296
-4.9953
-5.22087
-4.35414
-2.87537
-2.49593
-2.69114
-2.90717
-1.76674
-2.28187
-0.665903
-1.20952
0.253341
-0.168609
0.845979
0.586991
1.03945
-6.42402
-3.28725
-6.26384
-1.63769
-4.89998
-0.587564
-3.01853
-0.0856827
-1.20115
0.197846
0.746524
0.224985
0.4262
1.02312
0.716745
1.19758
1.1104
1.45644
0.865624
1.35822
1.27076
0.949043
1.06386
1.35307
1.23639
-4.84805
1.49443
1.44719
1.55516
1.54335
1.52477
1.55447
1.37646
1.465
1.08113
1.24605
0.635227
0.873629
0.129928
0.375323
-0.125416
-0.0473511
0.0608945
-0.0795396
0.529119
0.274597
1.02094
0.790313
1.33216
1.20152
1.49829
1.4261
1.63091
1.56501
1.74292
1.70227
1.76825
1.7719
1.66621
1.73266
1.51167
1.58804
1.43237
0.366157
0.830407
-0.83086
-0.192452
-2.11924
-1.55306
-1.86374
-2.21906
-0.671519
-1.26617
0.201042
-0.182905
0.727203
0.495055
1.05671
0.912002
1.2279
1.15753
1.32607
1.27967
1.35115
1.35617
1.12626
1.28039
0.469462
0.859575
-0.750504
-0.0671245
-2.44894
-1.56528
-3.88788
-3.27258
-3.92811
-4.12213
-3.34862
-1.12651
-0.521171
-1.92282
-1.597
-2.0655
-2.08341
-1.57327
-1.88082
-0.789782
-1.1945
-0.0151662
-0.386741
0.5711
0.306876
0.781603
-5.33252
-2.83417
-4.7528
-1.44731
-3.41907
-0.661285
-1.89948
-0.355519
-0.443388
-0.107917
0.689086
0.125393
1.61121
1.32834
0.409561
1.15906
0.733072
1.09257
-4.10872
1.36953
1.12967
1.25398
1.5096
1.43592
1.56657
1.53372
1.5517
1.55746
1.4392
1.49652
1.23019
1.34235
0.938151
1.09079
0.656253
0.786107
0.550136
0.580112
0.628345
0.57152
0.876773
0.736194
1.1982
1.04202
1.43437
1.3332
1.57502
1.5126
1.68696
1.6327
1.76005
1.72515
1.75614
1.76465
1.72722
1.74188
1.67737
1.70877
1.57561
1.62979
1.49414
1.52958
1.56801
1.78009
1.71134
1.09377
1.35923
0.454184
0.807931
-0.471479
-0.0217971
-0.505324
-0.640273
0.133435
-0.19241
0.64788
0.412378
0.994342
0.836925
1.2438
1.12657
1.39126
1.32946
1.4639
1.43065
1.4824
1.4847
1.31209
1.42975
0.783587
1.09853
-0.211936
0.344958
-1.58387
-0.87022
-2.69549
-2.22724
-2.73946
-2.89274
-1.5575
-2.23203
-0.910665
-0.411001
0.452348
0.0351268
-1.14324
-0.801634
-1.53398
-1.40619
-1.41148
-1.52386
-0.97648
-1.22274
-0.392649
-0.693322
0.207288
-0.0828413
0.668959
0.45978
0.916925
0.831922
1.68008
1.78687
1.05723
1.47247
-4.19834
-2.39789
0.202594
-3.53129
-1.39731
1.15168
0.779274
0.996679
-2.4013
-0.898499
-1.16497
-0.727943
0.0762533
-0.566407
0.981515
-0.271736
1.42059
0.038131
1.7404
1.66933
0.571919
1.05549
1.47431
-3.35967
1.35667
1.24942
1.47677
1.41344
1.53528
1.5052
1.5263
1.53434
1.45222
1.49576
1.3263
1.39764
1.15886
1.24783
1.00133
1.07251
0.959279
0.96092
0.998564
0.976041
1.10562
1.03903
1.31045
1.2047
1.495
1.41084
1.62644
1.56507
1.73903
1.68249
1.822
1.79799
1.85176
1.84219
1.82026
1.84302
1.73557
1.78107
1.66871
1.6931
1.65563
1.66095
1.70361
1.66381
1.89251
1.80875
1.86473
1.8303
1.88405
1.63225
1.73512
1.31591
1.50754
0.661802
1.00419
0.466742
0.471405
0.752571
0.592228
1.03695
0.9026
1.23425
1.14327
1.38651
1.30995
1.49724
1.44807
1.54811
1.52752
1.55372
1.5596
1.42761
1.51517
1.02791
1.26831
0.267572
0.694092
-0.766314
-0.231777
-1.57141
-1.23744
-1.57242
-1.71961
-0.718827
-1.21641
-0.226895
0.824597
1.0594
0.208554
0.537518
-0.510661
-0.157121
-1.05851
-0.818656
-1.31255
-1.22153
-1.2472
-1.32169
-0.876901
-1.09605
-0.279424
-0.596399
0.327602
0.037901
0.577156
1.64534
1.70945
1.55035
1.78508
-3.3121
-2.13672
1.16392
1.11074
-2.72938
-1.53259
-1.78959
-1.32315
-0.702704
-1.2779
0.405663
-1.203
1.11176
-0.827505
1.42047
-0.389563
1.57821
0.403976
1.56707
1.48779
1.18795
1.61167
1.46603
1.39408
1.4081
1.72758
1.89688
-2.81405
1.32568
1.23697
1.44072
1.376
1.49896
1.46496
1.50622
1.50404
1.47227
1.49509
1.39966
1.44317
1.29586
1.35118
1.21006
1.24544
1.19708
1.19323
1.22063
1.20903
1.2667
1.23642
1.3906
1.32297
1.52742
1.46167
1.6431
1.5879
1.73498
1.69273
1.79963
1.7554
1.83047
1.82073
1.83012
1.83028
1.81594
1.82694
1.77882
1.79683
1.75257
1.76089
1.78982
1.75842
1.93319
1.85215
1.8406
1.74007
1.94564
1.90774
1.97425
1.9681
1.9648
1.97373
1.81877
1.92812
1.36656
1.60915
1.11537
1.19561
1.15719
1.11579
1.28557
1.21504
1.41768
1.35308
1.51455
1.46725
1.58307
1.55215
1.60692
1.60051
1.59135
1.60418
1.49206
1.55849
1.20364
1.3791
0.651985
0.964703
-0.0828584
0.296285
-0.647742
-0.408741
-0.645717
-0.732749
-0.0340662
-0.394835
0.631554
0.330504
0.871722
1.15784
1.31267
0.673427
0.949778
0.0200223
0.352104
-0.703548
-0.337451
-1.3215
-1.03927
-1.62077
-1.52256
-1.46983
-1.60494
-0.871156
-1.2174
-0.074052
-0.468434
0.630251
0.312649
0.998161
0.828239
-2.79173
-2.12333
2.01954
2.02118
1.07972
0.883315
0.928075
1.93081
1.97198
-2.30909
-1.89523
-1.4738
-1.97014
-0.443226
-2.11271
0.560075
-2.0443
1.13014
-1.59714
1.35924
-0.802974
1.43508
0.365233
1.31371
1.3815
1.23612
1.14198
1.29142
1.4364
1.20523
0.716092
1.22102
0.712456
-2.56861
1.19046
1.13898
1.29578
1.23605
1.39946
1.34894
1.46453
1.43456
1.48637
1.48025
1.46986
1.48437
1.4231
1.4514
1.37063
1.39815
1.33997
1.35256
1.33962
1.33665
1.35563
1.34753
1.38112
1.3642
1.45467
1.41193
1.55497
1.50425
1.65391
1.6051
1.73985
1.6991
1.80541
1.77176
1.83978
1.82769
1.83913
1.84194
1.82026
1.83069
1.81839
1.81478
1.82639
1.82352
1.85137
1.83182
1.88631
1.64179
1.51438
1.85461
1.75813
1.97811
1.92632
2.05786
2.0216
2.1259
2.09597
2.0597
2.12541
1.74907
1.91877
1.50555
1.60768
1.43822
1.45502
1.46107
1.44151
1.52274
1.4886
1.58651
1.55509
1.63169
1.61161
1.64164
1.64138
1.61381
1.63205
1.52333
1.57954
1.31414
1.44196
0.928597
1.14834
0.429741
0.685393
0.0624503
0.213259
0.0781396
0.016696
0.467518
0.244344
0.8951
0.688348
1.06571
1.54851
1.5443
1.41638
1.5122
1.05507
1.26865
0.421867
0.777148
-0.496911
-0.0186975
-1.42688
-0.975331
-2.07808
-1.80853
-2.161
-2.20368
-1.55526
-1.93884
-0.538191
-1.05896
0.404859
-0.0270395
0.639241
1.97128
0.758423
2.06448
1.99405
-2.61581
-2.37064
-2.18631
-2.54534
-1.38887
-2.92956
2.12417
-0.356591
-3.29932
0.581077
-3.13695
1.08727
-2.47518
1.08987
1.2063
1.09186
0.950768
1.19821
-0.987116
0.958575
1.22016
0.651052
0.996078
1.08096
1.7667
0.661257
1.49116
1.57133
2.05942
1.98192
1.50994
-2.62585
1.02984
0.800198
0.918534
1.17369
1.10968
1.26849
1.22598
1.35801
1.31886
1.41934
1.39287
1.44998
1.43727
1.45579
1.45523
1.44215
1.45157
1.41969
1.43258
1.41096
1.41242
1.41834
1.41084
1.43596
1.42694
1.45453
1.4426
1.50144
1.47323
1.57705
1.53748
1.65871
1.61814
1.73372
1.69796
1.79274
1.76497
1.82898
1.81416
1.84487
1.8383
1.84281
1.84646
1.83457
1.83721
1.84567
1.83742
1.87753
1.85942
1.92058
1.89837
1.93955
1.93804
1.92654
1.87539
1.92083
1.44835
1.32709
1.66967
1.56191
1.8596
1.77037
1.99329
1.93344
2.09285
2.04496
2.175
2.13824
2.14563
2.1848
1.93069
2.05103
1.71508
1.80938
1.61368
1.65058
1.59556
1.59809
1.61
1.60126
1.62947
1.62034
1.64612
1.63843
1.64554
1.64798
1.61254
1.63359
1.53047
1.57919
1.37165
1.46448
1.10503
1.25233
0.776769
0.940222
0.549327
0.64057
0.57156
0.53238
0.781341
0.681867
1.04596
0.917231
1.27915
1.16666
1.37116
1.67953
1.64163
1.62559
1.67882
1.34025
1.52027
0.667909
1.06077
-0.372662
0.178899
-1.57259
-0.969483
-2.55757
-2.12343
-2.85737
-2.816
-2.26147
-2.6658
-1.07783
-1.69652
0.0417519
-0.474616
0.456571
0.342847
0.554651
-2.72855
-2.90932
1.80021
1.84392
1.78935
-2.32186
-3.55939
2.16549
-1.52114
-4.30249
-0.388517
-4.79516
2.15624
0.987678
1.13282
1.07012
0.903797
0.550772
-4.3782
0.818863
0.940422
-2.98544
1.8258
1.99728
0.776723
0.943165
-0.63034
0.766134
0.964619
1.27519
0.862514
0.839354
0.724744
0.765253
0.59595
1.43481
1.4683
0.671391
-2.97415
0.999563
0.920505
1.13723
1.0718
1.24113
1.19418
1.32479
1.2874
1.38689
1.35965
1.4236
1.40792
1.43786
1.43257
1.43615
1.43761
1.43424
1.43461
1.4398
1.43716
1.46051
1.45117
1.47759
1.46908
1.4962
1.48535
1.53261
1.51128
1.59244
1.56039
1.66168
1.62716
1.72844
1.69581
1.77978
1.75575
1.81394
1.79912
1.83292
1.82482
1.84195
1.838
1.85059
1.84639
1.85559
1.85292
1.87806
1.86371
1.90485
1.89357
1.90277
1.9088
1.8822
1.30663
1.21408
1.50176
1.40318
1.68948
1.59754
1.8586
1.77753
1.99014
1.92958
2.09142
2.04268
2.16749
2.13423
2.1503
2.17626
2.00312
2.08628
1.83592
1.92792
1.72222
1.77118
1.66599
1.68762
1.65629
1.65767
1.66309
1.66048
1.66309
1.66532
1.64826
1.65759
1.60756
1.63042
1.52692
1.56983
1.39477
1.46519
1.19836
1.30018
0.979655
1.08431
0.843695
0.898069
0.848804
0.830369
0.966064
0.880988
1.13133
1.04447
1.28605
1.21309
1.37406
1.63518
1.46999
1.53789
1.74888
1.70816
1.755
1.7675
1.53829
1.69303
0.853277
1.25765
-0.278363
0.337874
-1.7076
-0.976216
-2.98812
-2.40795
-3.48247
-3.36633
-2.87749
-3.31096
-1.57322
-2.25583
-0.397289
-0.931438
0.187752
-0.0238977
0.39656
1.70501
1.7256
-3.12611
-3.8226
2.11785
-2.71145
-4.97888
1.02434
1.17952
1.15488
0.987249
-1.83697
-6.04831
2.25714
0.840257
-0.354868
-6.28985
0.704335
0.427846
-5.08198
1.69274
2.09969
0.604886
0.653741
-2.51475
1.87303
0.54861
0.653414
0.344816
0.61222
0.684794
0.713103
1.43043
1.60431
1.66067
-3.65852
0.85512
0.741842
0.790484
0.983341
0.921464
1.10313
1.04477
1.20659
1.15808
1.28867
1.25161
1.35019
1.32301
1.39238
1.37351
1.41856
1.40652
1.43236
1.42564
1.44106
1.43635
1.45391
1.44683
1.47634
1.46472
1.49861
1.48791
1.51966
1.50836
1.55167
1.53354
1.60044
1.57416
1.6595
1.62977
1.72069
1.68952
1.76488
1.74289
1.79902
1.78359
1.82087
1.81125
1.83317
1.82752
1.8462
1.83936
1.85856
1.85261
1.87293
1.86506
1.88643
1.88131
1.87538
1.88454
1.82861
1.85767
1.74873
1.78966
1.59654
1.67396
1.70972
1.25456
1.21001
1.38861
1.31623
1.54748
1.4662
1.70538
1.62753
1.85378
1.78171
1.97582
1.91861
2.06848
2.02551
2.13217
2.10557
2.12272
2.13948
2.01051
2.07742
1.87084
1.92005
1.77246
1.81675
1.7193
1.74102
1.69417
1.705
1.67857
1.68664
1.66219
1.672
1.63711
1.65242
1.58902
1.61741
1.51386
1.55621
1.39866
1.46134
1.24555
1.32555
1.09421
1.16605
1.00723
1.03923
1.00569
0.988297
1.07484
1.01779
1.17576
1.10835
1.28074
1.22775
1.36881
1.34291
1.41161
1.67363
1.57829
1.80831
1.74303
1.88091
1.86253
1.66867
1.82741
0.986203
1.38817
-0.209275
0.451269
-1.78279
-0.969116
-3.2699
-2.5952
-3.90511
-3.72964
-3.33693
-3.76456
-1.99592
-2.70236
-0.768685
-1.33219
0.0338926
-0.303274
0.535039
0.303741
0.670942
0.623522
1.9683
-3.82442
-5.14866
0.701931
1.50497
1.13149
0.955259
-3.2903
-6.6917
1.63426
1.53532
2.35703
0.785025
-2.25445
-7.67796
1.50314
0.610167
-0.607047
-6.93442
1.54276
2.23759
0.454794
0.249827
-4.38584
1.692
0.352444
0.305577
-0.950461
1.95045
0.337017
0.375768
1.54115
0.326006
1.58861
1.66076
1.60466
1.12331
1.16022
-4.71448
0.754845
0.688015
0.721197
0.855431
0.80089
0.970625
0.915223
1.07751
1.02568
1.17505
1.1282
1.25654
1.21859
1.3187
1.29035
1.36348
1.34266
1.39441
1.37978
1.41641
1.40522
1.43641
1.42573
1.45823
1.44699
1.48177
1.47007
1.50529
1.49388
1.52926
1.51679
1.56096
1.5438
1.60359
1.581
1.65344
1.62836
1.6983
1.67799
1.7473
1.72537
1.78143
1.76572
1.80505
1.79426
1.82163
1.81372
1.83635
1.82914
1.84988
1.84312
1.86376
1.85697
1.87043
1.86899
1.85716
1.86664
1.82363
1.8429
1.77288
1.79853
1.72756
1.74933
1.70195
1.28071
1.30355
1.27337
1.30965
1.29532
1.35739
1.32686
1.45834
1.40125
1.58517
1.52015
1.71732
1.65036
1.84623
1.78404
1.95331
1.90279
2.03571
1.99745
2.08937
2.06714
2.08064
2.09515
1.99548
2.04498
1.89157
1.94419
1.80715
1.847
1.74425
1.77268
1.70635
1.72286
1.68245
1.69417
1.65861
1.67171
1.62664
1.64469
1.57698
1.60466
1.50273
1.54308
1.40121
1.45555
1.27852
1.34171
1.16514
1.2189
1.09836
1.1251
1.0876
1.08519
1.12439
1.09936
1.18915
1.1568
1.26675
1.23214
1.33333
1.30031
1.38124
1.35529
1.6836
1.60077
1.83286
1.75384
1.92913
1.90148
1.72797
1.87356
1.0691
1.46694
-0.156176
0.520473
-1.75689
-0.930656
-3.36501
-2.67013
-4.04551
-3.85051
-3.50359
-3.91518
-2.19033
-2.89191
-0.877212
-1.49605
0.0340633
-0.350299
0.515286
0.291244
0.637334
0.582679
0.668427
0.94102
-4.72027
-6.68211
1.55043
1.53788
1.56405
1.24902
0.657076
1.49043
2.44516
0.739668
-3.83088
-8.22444
1.4152
0.532175
-2.18212
-8.18574
1.39616
2.43928
0.333349
-0.689002
-5.99216
1.48303
0.165742
-0.0533152
-2.23724
2.09812
1.71896
0.0427251
-0.00859482
1.03659
-0.079941
0.0369301
1.40164
1.08133
0.972105
-5.96658
0.757723
0.721794
0.852232
0.803134
0.957154
0.90548
1.05643
1.00787
1.14724
1.10287
1.22584
1.18814
1.28867
1.25819
1.33682
1.31378
1.37318
1.35585
1.40095
1.38737
1.42559
1.41307
1.4515
1.43858
1.4791
1.46548
1.50574
1.49301
1.53185
1.51876
1.56245
1.54628
1.60155
1.58098
1.64576
1.6235
1.68849
1.66775
1.73003
1.71023
1.76314
1.74757
1.78784
1.77636
1.80658
1.79756
1.82355
1.81514
1.83837
1.83145
1.84982
1.84435
1.85586
1.85436
1.84464
1.85259
1.82272
1.83418
1.79587
1.81004
1.76242
1.78085
1.69267
1.73393
1.47988
1.50359
1.63441
1.64854
1.39944
1.43649
1.39924
1.41827
1.41012
1.44383
1.42691
1.51799
1.47487
1.61634
1.56583
1.72649
1.67018
1.83632
1.78277
1.92963
1.88511
2.00069
1.96822
2.04173
2.02557
2.03342
2.04474
1.97033
2.00737
1.88612
1.92465
1.81014
1.84709
1.75167
1.77838
1.71264
1.73094
1.68229
1.6976
1.65174
1.66771
1.61454
1.63393
1.56377
1.59055
1.49255
1.53004
1.4033
1.45027
1.30334
1.35401
1.21367
1.25507
1.15671
1.17915
1.13778
1.14196
1.15313
1.14399
1.19453
1.17812
1.24635
1.22562
1.2938
1.2688
1.31625
1.30288
1.47022
1.35463
1.63909
1.56088
1.83401
1.73149
1.94118
1.91585
1.72914
1.88146
1.06444
1.46342
-0.133822
0.525435
-1.69206
-0.88818
-3.18034
-2.49825
-3.86333
-3.65875
-3.36607
-3.75464
-2.07488
-2.77168
-0.732767
-1.3671
0.146734
-0.214437
0.519342
0.367864
0.619474
0.574572
0.645257
1.47783
2.4838
0.710625
-5.46871
-7.91155
0.65726
1.52452
1.36638
0.47254
-3.9006
-8.78613
0.605382
1.53585
1.65796
1.27657
1.42513
1.28632
2.6851
0.220982
-2.02627
-7.17423
1.28168
-0.0109739
-0.802438
-3.75186
2.35804
1.44308
-0.245283
-0.461695
0.210335
1.82666
-0.450633
-0.370671
2.6279
1.38585
1.39411
-0.401267
1.41127
0.849175
0.726902
-6.94124
0.756005
0.708879
0.84747
0.800844
0.942808
0.894285
1.03641
0.989793
1.12234
1.08014
1.198
1.1614
1.26074
1.23047
1.31085
1.28684
1.35082
1.33175
1.38388
1.36795
1.41388
1.39909
1.44274
1.42947
1.47144
1.45732
1.49978
1.48597
1.52877
1.51425
1.55994
1.54397
1.59605
1.5773
1.63578
1.61568
1.67548
1.65587
1.71282
1.69478
1.74436
1.72931
1.76956
1.75768
1.78946
1.77991
1.80759
1.79852
1.8241
1.81638
1.83535
1.83028
1.84213
1.83974
1.83572
1.84079
1.82341
1.82912
1.81575
1.81961
1.78745
1.80602
1.73342
1.76134
1.71035
1.71136
1.64743
1.55152
1.73308
1.54823
1.62627
1.5008
1.50933
1.50729
1.5039
1.51683
1.50836
1.56856
1.53756
1.64524
1.60529
1.73366
1.68824
1.82647
1.78028
1.90569
1.8686
1.96295
1.93685
1.99591
1.98304
1.98909
1.99829
1.93752
1.96795
1.86896
1.89983
1.80605
1.83697
1.7524
1.77815
1.71036
1.73051
1.67559
1.69282
1.64125
1.65869
1.60119
1.62149
1.551
1.57672
1.48368
1.51825
1.40476
1.44549
1.32019
1.36253
1.24463
1.27992
1.19255
1.21509
1.16829
1.17807
1.17041
1.16954
1.19297
1.18388
1.22425
1.20893
1.25033
1.23506
1.24582
1.2518
1.18281
1.21585
1.38196
1.19765
1.27538
1.58382
1.48451
1.78489
1.69053
1.83657
1.83815
1.62171
1.76967
0.988199
1.36699
-0.122705
0.485447
-1.52621
-0.809025
-2.80156
-2.21746
-3.34956
-3.19749
-2.8589
-3.22797
-1.66816
-2.30895
-0.454179
-1.0245
0.29169
-0.0100094
0.560609
0.449638
0.613039
0.588092
0.622737
0.623427
0.613504
1.3649
0.431488
-5.62076
-8.18034
0.649563
1.73651
1.14512
1.21203
1.23989
1.23022
1.63243
1.51466
3.04396
0.111952
-3.52296
-7.53639
1.11585
-0.195083
-1.90741
-5.07633
2.73597
1.26302
1.16589
-0.494698
-1.03496
-1.50212
1.45562
-0.779587
-0.968021
2.04127
2.0559
-0.875309
-0.872627
1.59627
0.550256
1.07832
0.820423
1.47163
0.428021
-7.10623
0.745514
0.697137
0.838095
0.793194
0.92744
0.882571
1.01645
0.972234
1.09926
1.05864
1.17279
1.13706
1.23552
1.20513
1.28721
1.26225
1.32983
1.30936
1.366
1.34854
1.39877
1.38276
1.43065
1.41395
1.46214
1.44678
1.49197
1.47746
1.52161
1.50682
1.55312
1.53709
1.58784
1.57009
1.62452
1.60604
1.66095
1.64301
1.69506
1.67842
1.72515
1.71067
1.75035
1.73832
1.7712
1.76113
1.79049
1.78088
1.80748
1.79954
1.82028
1.81426
1.82931
1.82564
1.82885
1.8303
1.8256
1.82662
1.82716
1.82678
1.80873
1.8222
1.77508
1.78979
1.77705
1.76933
1.78026
1.84126
1.80131
1.70464
1.7977
1.72418
1.80553
1.91516
1.86099
1.64511
1.71387
1.58713
1.60387
1.57946
1.58222
1.57817
1.57641
1.61188
1.59023
1.67013
1.63955
1.73937
1.70322
1.81569
1.77762
1.88027
1.8502
1.92749
1.90587
1.95321
1.94378
1.94502
1.95368
1.90466
1.92797
1.84999
1.87748
1.79431
1.8222
1.7439
1.7684
1.7025
1.72245
1.66619
1.68407
1.62938
1.64773
1.58756
1.60856
1.53791
1.56316
1.47479
1.50711
1.40441
1.44046
1.33112
1.36728
1.26493
1.29598
1.2154
1.23801
1.18648
1.19978
1.17801
1.18215
1.18568
1.18203
1.19975
1.19179
1.20445
1.20189
1.18624
1.20091
1.12711
1.1614
1.08619
1.15742
1.03883
1.10373
1.30196
1.21983
1.50307
1.40126
1.66991
1.59825
1.68265
1.7003
1.44062
1.60177
0.829843
1.18405
-0.140156
0.382785
-1.293
-0.711626
-2.27826
-1.83422
-2.64912
-2.56458
-2.16614
-2.50958
-1.13361
-1.67827
-0.16002
-0.608987
0.404763
0.18374
0.593673
0.518057
0.609216
0.604811
0.586893
0.599132
0.569853
0.575731
1.20817
1.37074
0.49396
0.923737
1.17177
3.50714
0.193248
0.0385336
-5.04439
-7.14187
1.01814
-0.364336
-3.0559
-5.62358
1.83729
1.89187
3.31592
1.32867
1.67499
1.56416
1.86918
1.96297
0.975533
0.980249
0.924394
0.565686
0.542874
0.532606
0.928693
-0.718792
-1.96701
-3.24045
1.02115
1.03676
1.06034
-1.05634
-1.46565
0.0652955
2.46171
1.5543
0.0593507
0.605166
-1.36333
-1.58973
3.24563
-1.55898
0.052054
-6.3103
0.642708
0.601811
0.733303
0.687153
0.825169
0.780072
0.912427
0.869094
0.997651
0.955342
1.07771
1.03836
1.14957
1.11466
1.2122
1.18187
1.26515
1.23953
1.31015
1.28839
1.3491
1.3302
1.38433
1.36711
1.41783
1.40119
1.45064
1.43451
1.48222
1.46671
1.51306
1.49782
1.54421
1.52856
1.57721
1.56048
1.6116
1.59431
1.64559
1.62863
1.67734
1.66179
1.70591
1.69205
1.73086
1.71882
1.75242
1.74191
1.77289
1.76273
1.79038
1.78223
1.80511
1.79782
1.81725
1.81196
1.8227
1.82058
1.82865
1.825
1.83629
1.83342
1.82745
1.83397
1.81793
1.8213
1.83236
1.82018
1.89232
1.85623
1.76634
1.84414
1.67207
1.75562
1.956
1.90255
2.03335
1.99727
1.72636
1.78848
1.66227
1.68505
1.63962
1.64911
1.6289
1.63184
1.64852
1.63463
1.69084
1.6681
1.74378
1.71598
1.80388
1.77358
1.85692
1.83205
1.89421
1.87764
1.91237
1.906
1.90497
1.91217
1.87263
1.89123
1.82606
1.85003
1.77709
1.80163
1.73161
1.75391
1.69165
1.71112
1.6545
1.67283
1.61631
1.63527
1.57348
1.59524
1.52095
1.54871
1.46603
1.49538
1.40258
1.43498
1.33716
1.36941
1.27698
1.30569
1.22898
1.25156
1.19664
1.21183
1.18001
1.18764
1.17456
1.17662
1.17197
1.17282
1.16282
1.16843
1.13558
1.15246
1.07478
1.11019
1.02963
1.1057
1.04058
1.24643
1.17309
1.40697
1.32698
1.49446
1.46977
1.40545
1.47333
1.11568
1.28767
0.569782
0.877137
-0.212045
0.200871
-1.05275
-0.639281
-1.68338
-1.41438
-1.8145
-1.82416
-1.35968
-1.65178
-0.561098
-0.975876
0.13967
-0.175575
0.515166
0.375849
0.623125
0.582168
0.607889
0.620663
0.561693
0.58133
0.54999
1.00259
1.5428
-0.298081
-0.461554
-4.20159
-5.60136
1.93806
3.8805
1.43694
2.06434
0.931191
0.879531
0.555757
0.517486
0.773318
-0.914627
-2.92313
-4.11007
1.07041
0.709126
-1.31689
-2.25244
-2.09672
0.748577
0.774008
3.06448
0.97783
-0.516728
0.160266
-1.82261
-2.04323
1.12771
1.79074
-2.4129
-2.44104
1.38192
1.17267
-0.445729
-5.13889
0.635461
0.595121
0.721814
0.677867
0.810765
0.766267
0.896854
0.854156
0.979709
0.93873
1.05762
1.01935
1.12829
1.09394
1.1906
1.16049
1.24467
1.21852
1.29139
1.26874
1.33247
1.31244
1.36988
1.35155
1.40508
1.38768
1.43879
1.42222
1.47107
1.45513
1.50264
1.487
1.53392
1.51833
1.56561
1.54971
1.59773
1.58165
1.62928
1.61362
1.65917
1.64445
1.6866
1.67323
1.71101
1.69916
1.73319
1.72222
1.75474
1.74408
1.77342
1.76455
1.79061
1.78194
1.80612
1.79901
1.81715
1.81184
1.83056
1.82326
1.8437
1.83815
1.84647
1.84583
1.85396
1.84882
1.87832
1.86295
1.93656
1.90306
1.99147
2.02819
1.97946
1.90168
1.94982
1.76051
1.83904
4.3144
1.56785
1.67119
2.04382
1.95323
1.99814
2.10774
2.07759
2.15012
2.13144
2.09558
2.19028
2.17039
1.92497
2.00631
1.79571
1.85405
1.72522
1.75348
1.68993
1.70553
1.67143
1.67812
1.67907
1.67184
1.70771
1.69173
1.74642
1.72595
1.79241
1.76892
1.83436
1.8148
1.86238
1.85016
1.87537
1.87093
1.86802
1.87455
1.83988
1.856
1.80088
1.82125
1.75829
1.77983
1.7167
1.73725
1.67827
1.69709
1.64119
1.65954
1.60269
1.62196
1.55988
1.58185
1.5105
1.53615
1.45774
1.4852
1.39922
1.42884
1.33932
1.36888
1.28346
1.31058
1.23665
1.25913
1.20127
1.21805
1.17706
1.18827
1.16065
1.16822
1.14613
1.15335
1.12484
1.13732
1.09037
1.11038
1.02469
1.06187
0.97938
0.90745
0.818963
0.862516
1.03933
0.966929
1.18067
1.11378
1.26683
1.23289
1.23182
1.2711
1.04695
1.15671
0.702172
0.894832
0.211637
0.473008
-0.348915
-0.0676878
-0.841429
-0.612204
-1.11753
-1.01713
-1.0302
-1.12484
-0.572886
-0.8374
0.0171928
-0.275877
0.4583
0.269477
0.647133
0.58667
0.662053
0.662635
0.61287
0.640534
0.551991
0.577786
0.519933
0.534457
0.480723
0.500904
0.726424
1.89373
-0.977221
-1.08101
-3.71911
-4.44869
1.14901
0.456602
-1.65267
-3.22328
-3.28857
0.815748
2.04905
2.08067
2.12594
2.21163
3.52997
0.747905
0.776434
0.709167
0.462278
0.446747
0.424373
0.446328
0.91452
-2.27082
-2.83316
-1.44497
0.376253
0.416174
0.92144
2.13234
-3.1694
-2.86908
1.7898
-1.34223
-0.442638
-3.54241
1.44649
1.71181
1.62381
1.81354
1.71706
-1.14932
-4.30589
1.2803
0.542517
0.502005
0.625157
0.583736
0.709498
0.666874
0.796178
0.752931
0.88117
0.838937
0.962574
0.922408
1.03888
1.00139
1.10866
1.07465
1.17097
1.14078
1.2258
1.19924
1.27391
1.25058
1.31662
1.29579
1.3556
1.33648
1.39212
1.37409
1.42674
1.4097
1.45967
1.44342
1.49134
1.47567
1.52221
1.50685
1.55291
1.53758
1.58339
1.56822
1.61268
1.59822
1.64064
1.62679
1.66703
1.65409
1.69099
1.67931
1.71358
1.70227
1.73603
1.72493
1.75631
1.74641
1.77638
1.76621
1.7956
1.78638
1.81243
1.80404
1.83168
1.82164
1.85002
1.84153
1.86439
1.85716
1.88407
1.87313
1.91847
1.89864
1.97712
1.94406
2.06116
2.01637
1.97154
2.01284
1.85788
1.91911
1.78925
2.21913
2.2031
2.21321
2.23199
2.22403
2.25428
2.24159
2.26529
2.25524
2.28613
2.27537
1.97415
2.04574
1.85543
1.91032
1.77823
1.81176
1.73272
1.75281
1.70711
1.71743
1.7045
1.70286
1.72107
1.71112
1.74765
1.73336
1.78093
1.76379
1.81224
1.79757
1.83306
1.8241
1.84136
1.8389
1.83341
1.83957
1.80916
1.82292
1.77567
1.7932
1.73803
1.75721
1.69992
1.71885
1.66339
1.68139
1.62716
1.64522
1.58897
1.60827
1.54701
1.56857
1.50004
1.52429
1.44931
1.47531
1.39469
1.42215
1.33911
1.36667
1.2862
1.31219
1.2397
1.2623
1.20136
1.21969
1.17103
1.18534
1.14601
1.15813
1.12173
1.13419
1.09133
1.1079
1.04699
1.07175
0.979529
1.01763
0.888734
0.935692
0.836777
0.840151
0.795445
0.948812
0.888585
1.06477
1.01406
1.07564
1.08902
0.912547
1.01939
0.570803
0.762881
0.115292
0.343641
-0.273703
-0.0888242
-0.565058
-0.436335
-0.682066
-0.648139
-0.590904
-0.664207
-0.289832
-0.463016
0.134243
-0.0857872
0.533228
0.346447
0.759855
0.674637
0.793474
0.798361
0.720317
0.764489
0.632369
0.674842
0.556454
0.590917
0.499384
0.526857
0.471578
0.356878
2.20615
-1.97177
-1.97148
-3.87927
-3.958
0.912093
1.52571
1.29578
2.10945
2.29765
5.24225
0.738304
0.675943
0.444219
0.403906
0.0361492
1.60166
-2.70586
-4.02349
-3.05202
0.471879
0.118445
2.32875
-3.67076
-4.00904
-1.41157
0.491533
0.842676
-4.53835
-4.39787
1.41967
-0.107816
2.55357
2.63384
-0.172187
1.75729
1.71366
-2.12171
-4.1331
1.07707
0.528262
0.486545
0.611667
0.569847
0.696482
0.65398
0.781873
0.739126
0.865791
0.824113
0.946211
0.906527
1.02147
0.984498
1.09053
1.05678
1.15284
1.12256
1.20834
1.1814
1.25763
1.2337
1.30174
1.28023
1.34195
1.32223
1.37944
1.36098
1.41465
1.39731
1.448
1.43154
1.47971
1.46405
1.50997
1.49498
1.53943
1.52476
1.56825
1.55396
1.59577
1.58218
1.62207
1.60905
1.64711
1.63476
1.67067
1.65905
1.6938
1.68214
1.71703
1.70552
1.73914
1.72812
1.7621
1.75045
1.78502
1.77366
1.80796
1.79633
1.83255
1.82011
1.85615
1.84467
1.88013
1.86765
1.9104
1.89422
1.95305
1.92984
2.01194
1.98005
2.09097
2.04923
2.15988
2.18331
2.13621
2.10948
2.13561
2.04615
2.08024
1.96435
2.00904
1.86582
1.91583
1.81051
2.46134
2.49923
2.40848
2.43078
2.38568
2.39453
2.37564
2.37783
2.37843
2.37605
2.3093
2.38779
2.38146
2.15433
2.23161
2.0157
2.08175
1.90508
1.95633
1.82313
1.86061
1.7693
1.79321
1.73696
1.75074
1.72528
1.72857
1.73125
1.72662
1.74703
1.73827
1.76896
1.75743
1.79128
1.78071
1.80558
1.79964
1.8097
1.80893
1.80144
1.80723
1.77999
1.79208
1.75049
1.7659
1.7171
1.73415
1.68232
1.69969
1.64788
1.66497
1.61279
1.63045
1.57526
1.59434
1.53451
1.55539
1.48954
1.5126
1.44092
1.46563
1.38936
1.41526
1.33679
1.36302
1.28592
1.31107
1.23952
1.2622
1.19869
1.21843
1.16321
1.18038
1.13108
1.14702
1.09855
1.11527
1.05995
1.08053
1.0086
1.03618
0.939349
0.976252
0.848691
0.896802
0.796077
1.75295
-2.47447
-1.30666
0.676398
0.61162
0.64159
0.765133
0.720009
0.839231
0.803203
0.904606
0.878832
0.833512
0.896331
0.514446
0.707582
-0.010689
0.268938
-0.544089
-0.296389
-0.836708
-0.724741
-0.840909
-0.875716
-0.583271
-0.738537
-0.175812
-0.392221
0.294642
0.0569116
0.720729
0.52153
0.976724
0.874022
1.02852
1.02872
0.926875
0.990205
0.772336
0.855758
0.648925
0.705471
0.558162
0.600815
0.478952
0.517779
0.414141
0.443242
0.365186
0.388738
-0.168469
2.22518
-3.38944
-3.07842
-4.8668
-4.21168
0.596425
1.1136
-0.533476
4.2526
-4.00835
-5.62103
-3.86492
2.85428
2.99333
1.41464
-0.0116355
1.68737
1.3011
2.20999
2.23033
2.32571
2.39908
-0.325374
-5.30414
-6.38541
-2.22656
-0.0703684
0.341446
0.327544
0.300299
0.543849
0.582077
0.515675
1.00204
-6.84458
-0.889435
2.0323
1.66722
2.08655
2.74911
-1.003
-3.42624
-4.87917
0.817647
0.425592
0.38276
0.51266
0.469489
0.597278
0.554857
0.683003
0.640073
0.767964
0.725581
0.851008
0.80975
0.930553
0.891243
1.00514
0.968473
1.07381
1.0402
1.13621
1.10581
1.19231
1.16505
1.24247
1.21806
1.28771
1.26563
1.32901
1.30877
1.36724
1.34844
1.40287
1.38534
1.43634
1.41984
1.46783
1.45229
1.49743
1.48282
1.5257
1.51166
1.55277
1.5394
1.57842
1.56572
1.60316
1.59088
1.62692
1.61515
1.64993
1.63842
1.67358
1.66158
1.69771
1.68567
1.7219
1.70962
1.74793
1.7347
1.77455
1.76118
1.80294
1.78836
1.83327
1.81809
1.86255
1.84801
1.89433
1.87774
1.93313
1.91276
1.98156
1.95595
2.04301
2.01057
2.11936
2.07927
2.2067
2.16236
2.16924
2.18984
2.12416
2.14757
2.07418
2.0995
2.02388
2.04871
1.98968
2.00138
1.99896
2.67518
2.75253
2.56987
2.61619
2.50872
2.53504
2.4756
2.48925
2.46321
2.46722
2.46361
2.46052
2.18131
2.25263
2.05239
2.11446
1.9455
1.99632
1.86073
1.90036
1.80055
1.82772
1.76182
1.77893
1.74191
1.7496
1.73836
1.73858
1.74442
1.74053
1.75676
1.74996
1.77091
1.76411
1.77954
1.77611
1.7803
1.78088
1.77166
1.77724
1.75231
1.76311
1.72608
1.73972
1.6963
1.7115
1.66447
1.68045
1.63199
1.64821
1.59822
1.61531
1.56181
1.58039
1.52234
1.54249
1.47912
1.5011
1.43245
1.4561
1.38324
1.40802
1.33298
1.35814
1.28372
1.3082
1.23714
1.26004
1.19402
1.21513
1.15416
1.17379
1.11613
1.13517
1.07684
1.09697
1.03131
1.0552
0.974315
1.00427
0.902592
0.940153
0.811223
0.859404
0.703069
0.758715
0.644501
0.603447
0.573096
0.679023
0.640057
0.730445
0.710432
0.729842
0.740768
0.552745
0.675205
0.0698166
0.351458
-0.649935
-0.274106
-1.31473
-1.01755
-1.50521
-1.48264
-1.17235
-1.39245
-0.532458
-0.875679
0.179604
-0.172187
0.7801
0.503357
1.15136
0.996863
1.27243
1.24267
1.19451
1.25376
1.01251
1.10916
0.813142
0.915636
0.65746
0.729838
0.549311
0.599561
0.458508
0.502936
0.383968
0.417699
0.355019
-0.918336
0.643578
-4.26747
-5.20165
-4.41433
-6.89507
-5.82642
3.16557
2.24105
0.178714
0.891934
2.25117
2.4685
-1.23292
2.35694
2.50207
-5.97168
-8.54952
-5.79419
1.1751
-0.66952
1.14524
0.31663
0.272787
0.29006
0.260636
0.474434
0.447479
0.552377
0.487511
-0.710877
-9.29252
-10.0222
-3.52775
1.00832
-1.97519
1.67828
-2.76596
-1.10892
2.21832
-2.23311
-4.94274
-6.95039
3.29498
2.86799
0.508866
0.405817
0.3612
0.495487
0.450822
0.582521
0.539063
0.669155
0.625874
0.754372
0.71199
0.836939
0.795972
0.915803
0.876842
0.989867
0.953437
1.05834
1.02479
1.12091
1.09035
1.17755
1.14997
1.22852
1.20362
1.27471
1.25212
1.31683
1.29616
1.35562
1.33653
1.39146
1.37383
1.42493
1.40846
1.45597
1.44068
1.4847
1.47055
1.51172
1.49835
1.53708
1.52459
1.56086
1.54907
1.58385
1.57238
1.60633
1.5951
1.6288
1.61742
1.65271
1.64047
1.67785
1.66514
1.70439
1.69076
1.73365
1.7187
1.76433
1.74881
1.79734
1.78037
1.83312
1.81508
1.86879
1.85098
1.90732
1.88734
1.95281
1.92918
2.00618
1.97843
2.07041
2.03682
2.14623
2.10712
2.23101
2.18793
2.29395
2.31454
2.27344
2.25769
2.27565
2.22565
2.24142
2.19931
2.21274
2.18155
2.18935
2.18139
2.17834
2.22029
2.19344
2.27068
3.47094
3.58002
3.10392
3.2755
2.8627
2.96782
2.71482
2.78089
2.62127
2.66252
2.56589
2.58977
2.53857
2.54938
2.53134
2.53267
2.47706
2.53883
2.53318
2.34273
2.41158
2.20776
2.274
2.08494
2.14448
1.97893
2.02986
1.89197
1.93312
1.82707
1.85699
1.78227
1.80263
1.75484
1.76659
1.74246
1.74719
1.73986
1.74022
1.74376
1.74107
1.75067
1.74706
1.75456
1.75306
1.75268
1.75412
1.74368
1.74896
1.7262
1.73568
1.70283
1.71484
1.67599
1.68959
1.64669
1.66138
1.61606
1.63135
1.58378
1.6001
1.54875
1.56657
1.51054
1.52996
1.46885
1.49009
1.42389
1.44671
1.37672
1.40051
1.3283
1.35258
1.28002
1.30409
1.23308
1.2563
1.18801
1.21032
1.14458
1.16619
1.10165
1.12321
1.05651
1.07961
1.00515
1.03173
0.943764
0.975813
0.868606
0.907984
0.776765
0.824513
0.670224
0.725018
0.613208
0.529351
0.502106
0.588662
0.558067
0.631574
0.6164
0.569085
0.620149
0.263979
0.456131
-0.397144
-0.0191556
-1.33969
-0.854117
-2.09463
-1.78041
-2.13919
-2.21671
-1.50059
-1.88675
-0.527442
-1.03016
0.417194
-0.0340435
1.12226
0.807509
1.48109
1.34871
1.5026
1.52865
1.30723
1.42273
1.04776
1.17612
0.813644
0.928597
0.641226
0.722301
0.521714
0.576382
0.430403
0.474226
0.353242
0.389605
0.320308
-1.96702
2.75127
-7.73266
-7.98385
-6.50912
-10.0208
-8.58422
3.60427
2.27809
-0.334813
0.62356
0.23089
0.420404
-2.23702
-10.624
-12.4185
-8.06181
0.636228
-1.46145
0.902199
2.33415
2.35347
2.48987
2.54923
-3.87284
-3.56021
-2.16762
-1.42197
2.54481
1.81255
-13.4681
3.10006
-11.8566
3.0522
3.52573
-7.09278
-10.0372
3.08943
0.121738
0.291603
0.199598
0.242995
0.386111
0.337815
0.478048
0.431204
0.567861
0.52243
0.65562
0.6113
0.741225
0.698269
0.823674
0.782562
0.902139
0.863246
0.975836
0.939484
1.04418
1.01059
1.10684
1.07611
1.16396
1.13594
1.21582
1.19038
1.26279
1.23972
1.30559
1.28449
1.34481
1.32546
1.38087
1.36303
1.41393
1.39757
1.44434
1.42937
1.47214
1.45844
1.49772
1.4851
1.52125
1.50966
1.54315
1.53226
1.5643
1.55369
1.58528
1.57468
1.60708
1.59588
1.63115
1.6187
1.65751
1.64396
1.68668
1.67157
1.71915
1.70249
1.75399
1.73623
1.79163
1.77236
1.83233
1.81167
1.8744
1.85325
1.91917
1.89622
1.97004
1.94382
2.02769
1.99804
2.09436
2.05977
2.17147
2.13185
2.25565
2.21311
2.33727
2.29749
2.30225
2.31741
2.28003
2.28896
2.27064
2.27371
2.28195
2.27267
2.32863
2.30037
2.43342
2.3721
2.64822
2.52146
3.10716
2.83204
4.01876
3.50617
3.67342
3.89275
3.30367
3.48071
3.02607
3.15193
2.84296
2.92534
2.72213
2.77619
2.64709
2.67993
2.6061
2.62299
2.59151
2.59617
2.59606
2.59155
2.36015
2.4262
2.23188
2.29486
2.11301
2.1713
2.00686
2.05809
1.91805
1.96003
1.8491
1.88117
1.79851
1.82171
1.76411
1.7794
1.74366
1.7524
1.73305
1.73737
1.72942
1.73045
1.73012
1.7295
1.73004
1.73041
1.72615
1.72861
1.71697
1.7223
1.70125
1.70988
1.68026
1.69123
1.65592
1.66842
1.62896
1.64268
1.60024
1.61479
1.56947
1.58519
1.53575
1.55301
1.499
1.51769
1.45893
1.47943
1.41535
1.43757
1.36975
1.39269
1.32275
1.34633
1.2752
1.29895
1.22793
1.25144
1.1812
1.20449
1.13473
1.15799
1.08769
1.11132
1.03763
1.06317
0.981613
1.01038
0.91647
0.950468
0.838222
0.879095
0.745363
0.793518
0.63919
0.693709
0.520139
0.581081
0.392089
0.457155
0.404572
0.353297
0.37925
0.454951
0.430458
0.503403
0.478926
0.540291
0.526967
0.43721
0.518036
0.00324088
0.270314
-0.842738
-0.369546
-1.95875
-1.39422
-2.776
-2.44865
-2.72246
-2.87596
-1.79806
-2.34215
-0.531181
-1.17103
0.599381
0.0710612
1.34945
1.03068
1.65383
1.55577
1.59558
1.6603
1.33917
1.48219
1.04666
1.18932
0.792372
0.915007
0.609905
0.695388
0.4821
0.54014
0.393316
0.434461
0.320663
0.355838
0.254911
0.286578
0.193889
0.224718
-3.3244
-2.58529
-5.77228
-10.8486
-10.207
-13.6573
-11.5141
4.01847
2.2595
-1.00386
0.257913
2.37528
2.60455
0.325828
0.157649
-2.69797
-3.56694
-2.62992
0.676451
2.10561
3.67751
4.97355
4.85323
-0.140804
-10.9011
-15.6297
-14.7661
-4.89275
5.11408
5.57709
6.13341
6.19838
5.35637
-9.51402
-13.3717
3.29998
6.24902
7.23446
8.03663
8.46647
6.90622
8.3161
7.65962
-0.448278
-9.51516
-16.3383
-8.48693
-4.12037
-0.181735
5.9832
4.555
2.29868
0.880967
-5.75914
-4.38136
-5.56445
-5.99236
-5.75894
0.127758
0.161387
0.191381
0.220972
0.251398
0.282899
0.314458
0.347792
0.386254
0.432686
0.490646
0.560158
0.644448
0.742805
0.868969
1.0071
1.16046
1.32915
1.50924
1.65185
1.74587
1.76396
1.67851
1.47348
1.14161
0.686242
0.120683
-0.535306
-1.24844
-1.96945
-2.62593
-3.12238
-3.35882
-3.29008
-2.95098
-2.41855
-1.79694
-1.17923
-0.636672
-0.197954
0.121154
0.317986
0.415609
0.446708
0.440846
0.424117
0.403785
0.382151
0.359397
0.335527
0.311958
0.287303
0.259191
0.22753
0.294114
0.361111
0.4256
0.488401
0.549983
0.608962
0.664459
0.716763
0.765532
0.810918
0.85291
0.891575
0.927297
0.960194
0.991034
1.01996
1.04761
1.07401
1.09957
1.12454
1.1493
1.1737
1.19792
1.22193
1.2458
1.26957
1.29317
1.31658
1.3397
1.36249
1.38487
1.4068
1.42796
1.44883
1.46856
1.48748
1.50566
1.52304
1.53963
1.55538
1.57037
1.58463
1.59838
1.61159
1.6243
1.63639
1.64778
1.65848
1.66843
1.67745
1.68524
1.69164
1.69667
1.70056
1.70349
1.7057
1.70735
1.70889
1.71077
1.71362
1.71785
1.72384
1.73176
1.74179
1.75422
1.7695
1.78812
1.81035
1.83641
1.86649
1.90079
1.93941
1.98246
2.02986
2.08135
2.13641
2.19426
2.25418
2.31604
2.37977
2.44376
2.5054
2.56266
2.61589
2.66667
2.65595
2.64792
2.64378
2.64464
2.65219
2.66613
2.68811
2.71887
2.75955
2.8113
2.87576
2.95479
3.0508
3.16703
3.3076
3.4719
3.6535
3.8524
4.10831
4.55912
5.10616
5.5687
6.10453
6.69228
7.26076
7.62944
7.72687
7.42299
6.86897
6.19247
5.41822
4.74542
4.20864
3.78339
3.41325
3.12935
2.91053
2.74309
2.61828
2.52512
2.45607
2.40603
2.37183
2.3495
2.33504
2.32884
2.32869
2.33328
2.34238
2.35547
2.37141
2.39032
2.4117
2.43668
2.40045
2.36215
2.32176
2.27924
2.23609
2.19386
2.15339
2.11526
2.0797
2.04642
2.015
1.98511
1.9567
1.92973
1.90398
1.87912
1.85488
1.83114
1.80794
1.78542
1.76368
1.74286
1.72291
1.70384
1.68557
1.66821
1.6518
1.63648
1.62212
1.6087
1.59611
1.58448
1.57368
1.5636
1.55388
1.54438
1.53486
1.52532
1.51555
1.5055
1.49495
1.48386
1.47209
1.45975
1.44669
1.43304
1.41855
1.40339
1.3873
1.37063
1.35296
1.33468
1.31528
1.29521
1.2739
1.25187
1.2285
1.20429
1.17854
1.15164
1.12328
1.09396
1.06315
1.03118
0.997632
0.962933
0.926694
0.889452
0.850663
0.811134
0.769973
0.728484
0.685248
0.642212
0.597236
0.5529
0.506216
0.460437
0.411974
0.364617
0.313766
0.264596
0.213247
0.166016
0.118076
0.0924093
0.0832108
0.0567024
-12.7934
-10.9766
-13.4
-16.2622
-4.22637
6.40652
1.99618
4.47198
7.12913
8.773
9.55167
9.21385
-0.249103
-2.17821
-1.48671
8.17621
3.63568
7.64831
-7.34285
-6.15961
-15.4505
-9.17113
0.0266216
-0.00100125
-9.08683
-14.5452
-12.9036
-11.4835
-10.3169
0.0636294
0.093607
0.133167
0.183789
0.237839
0.291096
0.343495
0.393883
0.443305
0.49106
0.538161
0.583963
0.629089
0.67305
0.716258
0.758261
0.799366
0.839104
0.877812
0.915095
0.951282
0.986
1.01956
1.05165
1.0826
1.11215
1.14065
1.1679
1.19385
1.21842
1.24192
1.26423
1.28556
1.3058
1.32514
1.34349
1.36097
1.37756
1.3933
1.40817
1.42218
1.43537
1.44777
1.45943
1.47033
1.48051
1.48998
1.49891
1.50743
1.51572
1.52392
1.53227
1.54095
1.55033
1.56061
1.57209
1.58476
1.59872
1.61388
1.63034
1.64801
1.66689
1.68688
1.70805
1.7303
1.75364
1.77791
1.80304
1.82886
1.85533
1.88239
1.91005
1.9384
1.96761
1.99792
2.02941
2.06224
2.09663
2.1331
2.17203
2.21356
2.25735
2.30238
2.34718
2.38979
2.42935
2.46546
1.47736
10.7796
11.6584
3.169
-0.730532
-4.60033
7.11602
10.1476
2.01403
5.25036
9.62899
6.00026
-9.627
-6.97713
0.0549624
0.0943064
0.111142
0.134043
0.160525
0.186911
0.213054
0.239752
0.267347
0.29787
0.334196
0.377913
0.432387
0.498419
0.579711
0.677985
0.803336
0.942788
1.09854
1.26704
1.43474
1.57989
1.68055
1.71351
1.64346
1.46115
1.15057
0.712884
0.154731
-0.50676
-1.23876
-1.98704
-2.67712
-3.21123
-3.48717
-3.45784
-3.14872
-2.62566
-1.99515
-1.35594
-0.790492
-0.329455
0.00223052
0.202842
0.308792
0.349541
0.353183
0.344442
0.328731
0.309899
0.289485
0.268324
0.246324
0.222574
0.19614
0.164693
0.128743
0.191291
0.258347
0.326173
0.393161
0.457752
0.520479
0.580572
0.637421
0.690751
0.740539
0.786653
0.829619
0.869255
0.90627
0.940609
0.972993
1.00351
1.03276
1.06082
1.08797
1.1143
1.14021
1.16564
1.19066
1.21522
1.23941
1.26324
1.2868
1.31005
1.3329
1.35533
1.37733
1.39857
1.41926
1.43908
1.4583
1.47672
1.49427
1.51092
1.52679
1.54175
1.55593
1.56936
1.58228
1.5946
1.60639
1.61749
1.6279
1.63759
1.64653
1.65457
1.66147
1.66715
1.67165
1.67524
1.67818
1.6808
1.68338
1.68641
1.69037
1.69578
1.7029
1.71198
1.72316
1.73661
1.75255
1.77126
1.79311
1.81836
1.84724
1.87984
1.91626
1.95652
2.00071
2.0488
2.10067
2.15585
2.2138
2.27396
2.33619
2.39967
2.46283
2.52354
2.58065
2.63315
2.68371
2.7359
2.71666
2.70327
2.69355
2.68937
2.69105
2.70024
2.71755
2.74392
2.78022
2.82749
2.88723
2.96095
3.05023
3.15711
3.28479
3.4355
3.60865
3.8085
4.05125
4.37019
4.75154
5.15105
5.58195
6.07556
6.53485
6.92899
7.15175
7.16832
6.95026
6.52765
5.95837
5.37884
4.87682
4.42678
3.98569
3.60293
3.31666
3.09399
2.91145
2.76441
2.65079
2.56431
2.49936
2.45077
2.41588
2.39257
2.37797
2.37146
2.37188
2.37812
2.38941
2.40522
2.42451
2.44654
2.47023
2.49948
-13.5525
-17.1154
-13.4471
-10.3718
-15.7636
-0.0152144
0.0255112
0.0633683
0.109503
0.16126
0.216735
0.271406
0.32543
0.377121
0.427692
0.476471
0.524374
0.570969
0.616694
0.661247
0.704854
0.747231
0.788566
0.828532
0.867362
0.90478
0.941023
0.975852
1.00946
1.0417
1.07272
1.10248
1.13112
1.15828
1.18437
1.20921
1.23283
1.25531
1.27664
1.29699
1.31625
1.33459
1.35188
1.36833
1.38375
1.39833
1.41186
1.42458
1.43632
1.44727
1.45726
1.46647
1.4748
1.48252
1.48964
1.49648
1.50314
1.51007
1.51745
1.52582
1.53533
1.5464
1.55896
1.57328
1.58919
1.60684
1.62594
1.64658
1.66854
1.69193
1.71656
1.74243
1.76929
1.79709
1.82564
1.8549
1.88475
1.91515
1.94608
1.97756
2.00975
2.04273
2.07674
2.1121
2.14946
2.18944
2.23245
2.27821
2.32595
2.3736
2.41952
2.46237
2.5005
2.53461
2.56924
2.53511
2.50447
2.47926
2.45511
2.4343
2.41818
2.40782
2.4039
2.40725
2.41874
2.43979
2.47209
2.51631
2.57618
2.65566
2.75707
2.8875
3.05303
3.25436
3.48941
3.75783
4.07038
4.43426
4.8665
5.36601
5.87572
6.28096
6.58168
6.78567
6.78838
6.65193
6.37544
5.99175
5.61368
5.22549
4.83148
4.47172
4.17012
3.92347
3.71683
3.53734
3.37936
3.24219
3.12573
3.02819
2.94755
2.88178
2.82931
2.78879
2.75918
2.73952
2.72892
2.72697
2.73259
2.74549
2.76466
2.7898
2.76469
0.0876458
0.148939
0.219954
0.290776
0.361844
0.42936
0.49518
0.556541
0.615233
0.66909
0.720235
0.766716
0.810711
0.850897
0.888891
0.924131
0.957608
0.989206
1.01965
1.04883
1.0773
1.10472
1.13164
1.15778
1.18365
1.2088
1.23347
1.25749
1.2813
1.30453
1.32737
1.34938
1.37083
1.39165
1.41186
1.4311
1.4497
1.46737
1.48432
1.50015
1.51524
1.52926
1.54264
1.5551
1.56715
1.5784
1.58922
1.59923
1.60876
1.61743
1.62546
1.63241
1.63841
1.64315
1.64702
1.65
1.65276
1.65537
1.65859
1.66262
1.66827
1.67568
1.68541
1.69733
1.71176
1.72859
1.74808
1.77026
1.79539
1.82363
1.85518
1.89016
1.92854
1.97048
2.01598
2.06514
2.11761
2.17316
2.23134
2.29206
2.35514
2.41931
2.48342
2.54539
2.60362
2.65829
2.71172
0.0349751
0.0764018
0.0547577
0.0874224
0.0973145
0.112247
0.131422
0.151519
0.171351
0.192198
0.215352
0.242557
0.275317
0.313786
0.36119
0.42002
0.49373
0.584337
0.697257
0.824444
0.969766
1.13123
1.2969
1.44699
1.55428
1.59194
1.53383
1.36638
1.07963
0.675429
0.160555
-0.449607
-1.12934
-1.83595
-2.50074
-3.02699
-3.30449
-3.2889
-3.0071
-2.53717
-1.95962
-1.36676
-0.83718
-0.39651
-0.0852471
0.10418
0.212293
0.255099
0.264601
0.26195
0.251723
0.237592
0.221414
0.203468
0.184329
0.16296
0.138677
0.10997
-8.23564
7.93827
4.8703
8.46214
-3.07692
10.2523
-8.58148
-10.1996
6.72314
3.36928
5.53043
10.3552
-0.000474856
1.94411
-1.17626
-0.0144479
0.0393934
-0.00278855
-0.116136
-14.3192
-12.2503
2.87786
2.60156
2.61365
-9.90383
2.63798
2.89693
-0.0494109
-5.25691
-1.44807
8.49076
5.78162
8.01041
-10.6306
0.0670039
0.0384698
0.109581
0.0898616
0.141484
0.126416
0.165651
0.154491
0.179555
0.173937
0.169449
0.178878
0.037905
0.134785
-0.374453
-0.12529
-1.18761
-0.765198
-2.14437
-1.67097
-2.73868
-2.52575
-2.4482
-2.71541
-1.44977
-1.99394
-0.340577
-0.882287
0.552781
0.144767
1.10906
0.875258
1.30226
1.24889
1.19819
1.27915
0.932202
1.07373
0.665198
0.791095
0.461261
0.555832
0.324119
0.384519
0.23879
0.276328
0.181522
0.20771
0.141671
0.159501
0.113307
0.12654
0.0890612
0.1006
0.0668808
0.0781979
0.0490899
2.74529
2.8024
2.62853
2.6874
2.50293
2.56723
2.37173
2.43708
2.2474
2.30838
2.13275
2.18888
2.02878
2.07926
1.93796
1.98164
1.86059
1.89763
1.79595
1.82674
1.74247
1.76792
1.69906
1.71948
1.6664
1.6813
1.64517
1.65437
1.63385
1.63848
1.62824
1.63064
1.62364
1.62605
1.61671
1.62063
1.60559
1.61167
1.59092
1.59861
1.57364
1.58253
1.55407
1.5641
1.53188
1.54327
1.50639
1.5195
1.47689
1.49208
1.44313
1.46041
1.40545
1.42464
1.36456
1.38523
1.32141
1.34306
1.27614
1.29895
1.22836
1.2523
1.17814
1.20329
1.12533
1.15169
1.06957
1.09739
1.01044
1.03994
0.946886
0.97878
0.876754
0.912177
0.797343
0.837558
0.705689
0.751997
0.599119
0.65272
0.475888
0.537743
0.33594
0.405963
0.183382
0.258535
0.104723
2.54065
2.57729
2.48034
2.50803
2.44034
2.45719
2.42843
2.43062
2.45035
2.43475
2.51379
2.47652
2.63429
2.56555
2.83659
2.72331
3.15571
2.98015
3.58886
3.36096
4.13946
3.84241
4.88105
4.48496
5.72906
5.31958
6.32288
6.07864
6.51776
6.48449
6.21343
6.41783
5.59306
5.9196
4.92064
5.2613
4.27729
4.57835
3.80528
4.02426
3.44768
3.61425
3.18089
3.30366
2.99223
3.07794
2.86595
2.9222
2.79034
2.82242
2.75753
2.76902
2.76339
2.756
2.8069
2.77986
2.84135
2.53256
2.56819
2.44431
2.49055
2.34423
2.39473
2.24789
2.29478
2.16401
2.2044
2.09033
2.12635
2.02127
2.05554
1.95394
1.98752
1.88762
1.92068
1.82284
1.85497
1.761
1.79142
1.70355
1.73161
1.65119
1.67663
1.60453
1.627
1.56478
1.58357
1.53344
1.54787
1.51078
1.52094
1.49538
1.50222
1.48422
1.48939
1.47395
1.47912
1.46176
1.46816
1.44612
1.45439
1.42646
1.43679
1.40295
1.41517
1.37561
1.38979
1.34437
1.3605
1.30917
1.32732
1.26973
1.29004
1.22588
1.2484
1.17738
1.20229
1.12391
1.1513
1.06557
1.09545
1.002
1.03447
0.933335
0.968378
0.859472
0.897136
0.780389
0.820684
0.696228
0.739059
0.60735
0.652535
0.514098
0.561472
0.416456
0.466044
0.313516
0.365866
0.203537
0.259482
0.0888397
0.1461
-0.0176237
0.033475
-0.102695
-0.0625894
-14.0088
-0.106621
-0.0762759
2.72077
2.9684
2.72103
2.9546
-0.0536891
-0.117775
-0.159164
0.0118588
-0.0512471
0.141513
0.080459
0.25533
0.201324
0.360686
0.309746
0.460829
0.411956
0.556566
0.509585
0.64799
0.603024
0.734846
0.692109
0.81677
0.776464
0.893494
0.855761
0.964969
0.929828
1.03126
0.998698
1.09244
1.06244
1.14853
1.12105
1.19964
1.17464
1.24584
1.22327
1.28725
1.26705
1.32423
1.3062
1.35712
1.3411
1.38602
1.37202
1.4108
1.39886
1.43145
1.42161
1.44743
1.43998
1.45898
1.45366
1.46717
1.46332
1.47439
1.47065
1.48417
1.47864
1.50079
1.4913
1.52749
1.51273
1.56456
1.54475
1.61013
1.58636
1.66228
1.63538
1.72061
1.6906
1.7851
1.75209
1.85408
1.81919
1.92446
1.88925
1.99448
1.95954
2.06435
2.02935
2.13596
2.09977
2.21294
2.17345
2.3018
2.25546
2.40514
2.35205
2.51101
2.45925
2.60784
2.55923
2.66118
2.87858
2.9299
2.80427
2.83522
2.77555
2.78455
2.78887
2.77704
2.84507
2.81143
2.94966
2.89087
3.11215
3.02298
3.34588
3.21926
3.66526
3.49393
4.08731
3.86284
4.63252
4.34193
5.263
4.94476
5.84884
5.56924
6.25404
6.10591
6.27993
6.31207
5.93235
6.12326
5.3073
5.67729
4.47312
4.90668
3.90553
4.16657
3.42742
3.65908
3.03416
3.21528
2.76667
2.88567
2.59838
2.67211
2.50015
2.54229
2.45299
2.47111
2.44606
2.44496
2.47289
2.45547
2.53068
2.49796
2.62093
2.57199
2.67242
0.069359
-0.00893189
0.237994
0.155744
0.392073
0.319279
0.526814
0.463823
0.643621
0.58936
0.744127
0.697308
0.83064
0.790031
0.906092
0.870392
0.973468
0.941343
1.03529
1.00559
1.09331
1.06526
1.14825
1.12158
1.20034
1.17495
1.24986
1.22564
1.29697
1.27386
1.3418
1.31982
1.38393
1.36334
1.42287
1.40393
1.45794
1.44103
1.48849
1.47389
1.51447
1.50208
1.53645
1.52599
1.55526
1.54621
1.57176
1.56382
1.58581
1.57912
1.59677
1.59174
1.60355
1.60071
1.60665
1.60539
1.6091
1.60765
1.61639
1.6117
1.63464
1.62383
1.66667
1.64894
1.71079
1.68741
1.76427
1.73644
1.82706
1.79437
1.90154
1.86271
1.98901
1.94363
2.08946
2.03769
2.20069
2.14396
2.32004
2.25938
2.44869
2.3831
2.58446
2.51643
2.71573
2.65135
2.83897
2.77801
2.89824
-0.0782827
0.0260119
0.00533348
0.0502366
0.0369578
0.0648525
0.058967
0.0786023
0.0710285
0.0993918
0.0877878
0.130885
0.113539
0.176764
0.151177
0.248549
0.208516
0.365325
0.299804
0.53471
0.442975
0.738912
0.635868
0.884746
0.826277
0.860893
0.898646
0.593419
0.758178
0.0868757
0.36668
-0.606411
-0.241831
-1.33983
-0.982066
-1.8189
-1.63278
-1.72924
-1.85044
-1.16343
-1.47924
-0.540112
-0.832528
-0.105266
-0.285303
0.0776845
0.00630053
0.102626
0.0960276
0.100336
0.102669
0.0903885
0.0960218
0.0739099
0.0829829
0.0508431
0.06327
0.0157383
0.0356366
-0.0134854
-13.8691
-0.301708
-4.07742
-8.62883
-0.399841
-15.8668
-11.4433
-14.6263
-14.0829
-11.4741
-10.7721
9.78561
12.0888
13.0902
12.965
10.2924
-15.6845
-13.2852
-12.6005
-10.6564
-7.66583
-4.13053
1.36232
-1.47561
-1.33703
-0.267467
-0.162173
-0.0670441
0.0131016
0.0824208
0.145684
0.201153
0.256945
0.309033
0.361356
0.411228
0.46096
0.508824
0.556321
0.602167
0.647445
0.691113
0.734036
0.775323
0.815727
0.854487
0.892265
0.928447
0.963606
0.997257
1.02984
1.06096
1.09099
1.1196
1.14713
1.17328
1.19833
1.22201
1.24462
1.2659
1.28609
1.30502
1.32294
1.33971
1.35552
1.37023
1.38395
1.39653
1.40808
1.41852
1.42793
1.43618
1.44328
1.44919
1.45403
1.45787
1.46106
1.4639
1.46688
1.47046
1.47526
1.48179
1.49062
1.50206
1.51627
1.53315
1.55254
1.57418
1.59791
1.62356
1.65111
1.68056
1.71192
1.7451
1.7799
1.81593
1.85272
1.88975
1.9266
1.96302
1.99903
2.03487
2.07084
2.1073
2.14455
2.18288
2.2228
2.26559
2.31353
2.36916
2.43373
2.5058
2.57847
2.64052
2.68538
2.72996
2.85121
3.07061
2.96391
2.89864
2.85006
2.81658
2.79553
2.78599
2.78726
2.79921
2.82233
2.85693
2.90373
2.96399
3.03913
3.13048
3.23988
3.36903
3.52023
3.69674
3.90192
4.14053
4.41334
4.68589
4.94098
5.20902
5.52163
5.81916
5.97208
6.13483
6.19715
6.11577
6.0414
5.77929
5.47135
5.23712
5.01541
4.73688
4.36071
3.97233
3.65273
3.41034
3.21934
3.05523
2.91205
2.79093
2.69352
2.61537
2.55501
2.51134
2.48117
2.46235
2.45338
2.45398
2.46351
2.48125
2.50762
2.54391
2.59096
2.65013
2.72562
2.84299
3.03742
-0.176159
-0.140039
-0.0406151
0.0526464
0.148211
0.230181
0.313802
0.386373
0.458917
0.522443
0.584878
0.640001
0.693481
0.741061
0.786937
0.828148
0.867971
0.904198
0.939498
0.972096
1.00418
1.03428
1.06413
1.09248
1.12061
1.14751
1.17408
1.19959
1.22472
1.24895
1.27277
1.29579
1.31838
1.34022
1.3616
1.38216
1.40209
1.42108
1.43923
1.45624
1.47219
1.48686
1.50036
1.51261
1.52386
1.53406
1.54334
1.55187
1.55974
1.56691
1.57345
1.57927
1.58432
1.58844
1.59151
1.59346
1.59451
1.59504
1.59557
1.59679
1.59949
1.60449
1.6125
1.62397
1.63907
1.65766
1.67938
1.70383
1.73071
1.7599
1.79148
1.82567
1.86276
1.90301
1.94656
1.99337
2.0433
2.09616
2.15168
2.20941
2.26895
2.33036
2.3944
2.46224
2.53489
2.61191
2.69007
2.76289
2.82411
2.87372
2.93413
3.0731
3.30557
0.231188
0.0678334
0.00559424
3.02378e-07
0.00573579
0.016115
0.0212699
0.0233177
0.0250823
0.0274872
0.0306988
0.0347373
0.0396223
0.04598
0.0530243
0.0625993
0.0752316
0.0907432
0.112335
0.141366
0.176563
0.216575
0.259924
0.303276
0.338098
0.356977
0.352815
0.325998
0.27663
0.208555
0.124226
0.0258208
-0.0878417
-0.216569
-0.358919
-0.501573
-0.619961
-0.691862
-0.705777
-0.662818
-0.569283
-0.448903
-0.315839
-0.202814
-0.101247
-0.0318682
0.00454037
0.0311792
0.0328653
0.0343113
0.0332988
0.0326272
0.0311473
0.0298187
0.0280195
0.0254959
0.0224998
0.0184603
0.0131672
0.00685256
0.00132972
0.0107181
-0.010169
-6.42788
-3.22533
3.68885
1.61271
)
;

boundaryField
{
    frontandback
    {
        type            empty;
    }
    walls
    {
        type            zeroGradient;
    }
    diamond
    {
        type            zeroGradient;
    }
    inlet
    {
        type            zeroGradient;
    }
    outlet
    {
        type            fixedValue;
        value           uniform 0;
    }
}


// ************************************************************************* //
