# Force coefficients
# liftDir     : (0.000000e+00 1.000000e+00 0.000000e+00)
# dragDir     : (1.000000e+00 0.000000e+00 0.000000e+00)
# pitchAxis   : (0.000000e+00 0.000000e+00 1.000000e+00)
# magUInf     : 1.000000e+00
# lRef        : 1.000000e+00
# Aref        : 2.000000e+00
# CofR        : (0.000000e+00 0.000000e+00 0.000000e+00)
# Time        	Cm            	Cd            	Cl            	Cl(f)         	Cl(r)         
0             	0.000000e+00	0.000000e+00	0.000000e+00	0.000000e+00	0.000000e+00
0.05          	-3.725022e+00	7.514665e-01	7.489008e-03	-3.721278e+00	3.728767e+00
0.1           	-3.360143e+00	6.724499e-01	-3.860612e-03	-3.362073e+00	3.358213e+00
0.15          	-3.155152e+00	6.314655e-01	-2.451677e-03	-3.156378e+00	3.153927e+00
0.2           	-2.988813e+00	5.987027e-01	-1.041796e-03	-2.989334e+00	2.988292e+00
0.25          	-2.853540e+00	5.732495e-01	2.848441e-03	-2.852116e+00	2.854964e+00
0.3           	-2.749323e+00	5.537526e-01	6.182704e-03	-2.746232e+00	2.752414e+00
0.35          	-2.690298e+00	5.421434e-01	6.722997e-03	-2.686936e+00	2.693659e+00
0.4           	-2.669985e+00	5.384989e-01	7.796022e-03	-2.666087e+00	2.673883e+00
0.45          	-2.650168e+00	5.342555e-01	7.264180e-03	-2.646536e+00	2.653800e+00
0.5           	-2.645978e+00	5.333092e-01	6.882321e-03	-2.642537e+00	2.649420e+00
0.55          	-2.640507e+00	5.319311e-01	6.298311e-03	-2.637358e+00	2.643656e+00
0.6           	-2.645647e+00	5.316702e-01	3.133424e-03	-2.644081e+00	2.647214e+00
0.65          	-2.635020e+00	5.292316e-01	2.794552e-03	-2.633622e+00	2.636417e+00
0.7           	-2.636416e+00	5.291561e-01	1.890739e-03	-2.635471e+00	2.637361e+00
0.75          	-2.633368e+00	5.289400e-01	2.950404e-03	-2.631893e+00	2.634843e+00
0.8           	-2.635174e+00	5.292540e-01	2.944769e-03	-2.633701e+00	2.636646e+00
0.85          	-2.639898e+00	5.298387e-01	2.186328e-03	-2.638805e+00	2.640991e+00
0.9           	-2.644893e+00	5.306552e-01	1.853565e-03	-2.643967e+00	2.645820e+00
0.95          	-2.663367e+00	5.338484e-01	7.408542e-04	-2.662997e+00	2.663737e+00
1             	-2.669019e+00	5.345102e-01	-3.145701e-04	-2.669177e+00	2.668862e+00
1.05          	-2.677674e+00	5.357154e-01	-1.479358e-03	-2.678413e+00	2.676934e+00
1.1           	-2.691025e+00	5.372965e-01	-4.079093e-03	-2.693064e+00	2.688985e+00
1.15          	-2.699194e+00	5.387856e-01	-4.275040e-03	-2.701331e+00	2.697056e+00
1.2           	-2.694610e+00	5.373685e-01	-5.472194e-03	-2.697346e+00	2.691874e+00
1.25          	-2.706986e+00	5.392666e-01	-6.845953e-03	-2.710409e+00	2.703563e+00
1.3           	-2.712139e+00	5.400847e-01	-7.314433e-03	-2.715796e+00	2.708482e+00
1.35          	-2.717484e+00	5.407843e-01	-8.218083e-03	-2.721593e+00	2.713375e+00
1.4           	-2.731521e+00	5.428745e-01	-9.780389e-03	-2.736412e+00	2.726631e+00
1.45          	-2.735322e+00	5.436134e-01	-9.876052e-03	-2.740260e+00	2.730384e+00
1.5           	-2.742597e+00	5.448429e-01	-1.030880e-02	-2.747752e+00	2.737443e+00
1.55          	-2.741480e+00	5.455044e-01	-8.163728e-03	-2.745562e+00	2.737398e+00
1.6           	-2.745431e+00	5.457393e-01	-9.471821e-03	-2.750167e+00	2.740695e+00
1.65          	-2.748452e+00	5.464658e-01	-9.094290e-03	-2.753000e+00	2.743905e+00
1.7           	-2.746348e+00	5.463196e-01	-8.440977e-03	-2.750569e+00	2.742128e+00
1.75          	-2.746110e+00	5.462686e-01	-8.422288e-03	-2.750321e+00	2.741899e+00
1.8           	-2.741293e+00	5.453868e-01	-8.197465e-03	-2.745392e+00	2.737195e+00
1.85          	-2.737002e+00	5.446345e-01	-7.921231e-03	-2.740962e+00	2.733041e+00
1.9           	-2.731913e+00	5.440956e-01	-6.734551e-03	-2.735280e+00	2.728546e+00
1.95          	-2.725558e+00	5.430319e-01	-6.206373e-03	-2.728661e+00	2.722455e+00
2             	-2.717130e+00	5.416775e-01	-5.376417e-03	-2.719818e+00	2.714442e+00
2.05          	-2.709434e+00	5.404636e-01	-4.563402e-03	-2.711716e+00	2.707152e+00
2.1           	-2.699887e+00	5.389398e-01	-3.569691e-03	-2.701672e+00	2.698102e+00
2.15          	-2.688489e+00	5.371850e-01	-2.261064e-03	-2.689619e+00	2.687358e+00
2.2           	-2.676100e+00	5.351363e-01	-1.182487e-03	-2.676691e+00	2.675509e+00
2.25          	-2.666823e+00	5.335834e-01	-4.406971e-04	-2.667043e+00	2.666603e+00
2.3           	-2.654307e+00	5.317597e-01	1.256473e-03	-2.653679e+00	2.654936e+00
2.35          	-2.642901e+00	5.298664e-01	2.231561e-03	-2.641786e+00	2.644017e+00
2.4           	-2.630616e+00	5.279460e-01	3.572973e-03	-2.628829e+00	2.632402e+00
2.45          	-2.618117e+00	5.259012e-01	4.706642e-03	-2.615764e+00	2.620471e+00
2.5           	-2.607906e+00	5.242503e-01	5.687856e-03	-2.605063e+00	2.610750e+00
2.55          	-2.598286e+00	5.226994e-01	6.616154e-03	-2.594978e+00	2.601594e+00
2.6           	-2.586006e+00	5.207823e-01	7.961569e-03	-2.582025e+00	2.589987e+00
2.65          	-2.574515e+00	5.189747e-01	9.177937e-03	-2.569926e+00	2.579104e+00
2.7           	-2.564462e+00	5.174805e-01	1.046594e-02	-2.559229e+00	2.569695e+00
2.75          	-2.554039e+00	5.159046e-01	1.173204e-02	-2.548173e+00	2.559905e+00
2.8           	-2.543885e+00	5.143653e-01	1.295413e-02	-2.537408e+00	2.550362e+00
2.85          	-2.534261e+00	5.129208e-01	1.414769e-02	-2.527187e+00	2.541335e+00
2.9           	-2.524706e+00	5.115413e-01	1.546590e-02	-2.516973e+00	2.532439e+00
2.95          	-2.515537e+00	5.102022e-01	1.669852e-02	-2.507188e+00	2.523886e+00
3             	-2.506955e+00	5.089430e-01	1.783509e-02	-2.498037e+00	2.515873e+00
3.05          	-2.498110e+00	5.076608e-01	1.904661e-02	-2.488587e+00	2.507634e+00
3.1           	-2.490130e+00	5.065312e-01	2.020806e-02	-2.480026e+00	2.500234e+00
3.15          	-2.482321e+00	5.054119e-01	2.130859e-02	-2.471667e+00	2.492976e+00
3.2           	-2.474752e+00	5.043247e-01	2.236880e-02	-2.463567e+00	2.485936e+00
3.25          	-2.467434e+00	5.032937e-01	2.344814e-02	-2.455710e+00	2.479158e+00
3.3           	-2.460403e+00	5.022722e-01	2.440497e-02	-2.448200e+00	2.472605e+00
3.35          	-2.453660e+00	5.013175e-01	2.538676e-02	-2.440967e+00	2.466353e+00
3.4           	-2.447119e+00	5.003787e-01	2.630653e-02	-2.433965e+00	2.460272e+00
3.45          	-2.440966e+00	4.995051e-01	2.719513e-02	-2.427369e+00	2.454564e+00
3.5           	-2.434808e+00	4.986258e-01	2.807235e-02	-2.420772e+00	2.448844e+00
3.55          	-2.428499e+00	4.977193e-01	2.895622e-02	-2.414021e+00	2.442977e+00
3.6           	-2.423065e+00	4.969684e-01	2.979010e-02	-2.408170e+00	2.437960e+00
3.65          	-2.417861e+00	4.962403e-01	3.056799e-02	-2.402577e+00	2.433145e+00
3.7           	-2.412914e+00	4.954961e-01	3.117435e-02	-2.397326e+00	2.428501e+00
3.75          	-2.407857e+00	4.947815e-01	3.191008e-02	-2.391902e+00	2.423812e+00
3.8           	-2.402984e+00	4.940757e-01	3.257609e-02	-2.386696e+00	2.419273e+00
3.85          	-2.398465e+00	4.934127e-01	3.317233e-02	-2.381879e+00	2.415051e+00
3.9           	-2.393928e+00	4.927388e-01	3.375018e-02	-2.377053e+00	2.410804e+00
3.95          	-2.389765e+00	4.921192e-01	3.427451e-02	-2.372628e+00	2.406902e+00
4             	-2.385204e+00	4.915329e-01	3.506984e-02	-2.367669e+00	2.402739e+00
4.05          	-2.383379e+00	4.909601e-01	3.458054e-02	-2.366089e+00	2.400670e+00
4.1           	-2.379298e+00	4.903556e-01	3.509254e-02	-2.361752e+00	2.396844e+00
4.15          	-2.375847e+00	4.898032e-01	3.542309e-02	-2.358136e+00	2.393559e+00
4.2           	-2.372693e+00	4.892633e-01	3.563633e-02	-2.354875e+00	2.390511e+00
4.25          	-2.369209e+00	4.886832e-01	3.591603e-02	-2.351251e+00	2.387167e+00
4.3           	-2.366378e+00	4.881712e-01	3.603647e-02	-2.348360e+00	2.384397e+00
4.35          	-2.363820e+00	4.876737e-01	3.605751e-02	-2.345791e+00	2.381848e+00
4.4           	-2.361341e+00	4.871974e-01	3.608978e-02	-2.343296e+00	2.379386e+00
4.45          	-2.359042e+00	4.867286e-01	3.604979e-02	-2.341017e+00	2.377067e+00
4.5           	-2.356664e+00	4.862317e-01	3.597934e-02	-2.338675e+00	2.374654e+00
4.55          	-2.354759e+00	4.857707e-01	3.576119e-02	-2.336878e+00	2.372639e+00
4.6           	-2.352773e+00	4.853162e-01	3.559879e-02	-2.334974e+00	2.370573e+00
4.65          	-2.351053e+00	4.848562e-01	3.528885e-02	-2.333409e+00	2.368697e+00
4.7           	-2.349499e+00	4.844306e-01	3.498115e-02	-2.332009e+00	2.366990e+00
4.75          	-2.348188e+00	4.840117e-01	3.456852e-02	-2.330903e+00	2.365472e+00
4.8           	-2.346832e+00	4.835744e-01	3.413212e-02	-2.329766e+00	2.363898e+00
4.85          	-2.345651e+00	4.831561e-01	3.365563e-02	-2.328823e+00	2.362479e+00
4.9           	-2.344665e+00	4.827388e-01	3.308280e-02	-2.328124e+00	2.361207e+00
4.95          	-2.343793e+00	4.823429e-01	3.250699e-02	-2.327539e+00	2.360046e+00
5             	-2.343175e+00	4.819521e-01	3.181615e-02	-2.327267e+00	2.359083e+00
5.05          	-2.342463e+00	4.815459e-01	3.113458e-02	-2.326895e+00	2.358030e+00
5.1           	-2.342035e+00	4.811617e-01	3.036526e-02	-2.326853e+00	2.357218e+00
5.15          	-2.341806e+00	4.807911e-01	2.953068e-02	-2.327040e+00	2.356571e+00
5.2           	-2.341768e+00	4.804286e-01	2.862011e-02	-2.327458e+00	2.356079e+00
5.25          	-2.341756e+00	4.800660e-01	2.769747e-02	-2.327908e+00	2.355605e+00
5.3           	-2.341816e+00	4.797017e-01	2.673459e-02	-2.328449e+00	2.355183e+00
5.35          	-2.342003e+00	4.793439e-01	2.572525e-02	-2.329140e+00	2.354865e+00
5.4           	-2.342344e+00	4.790020e-01	2.467847e-02	-2.330005e+00	2.354684e+00
5.45          	-2.342789e+00	4.786598e-01	2.357972e-02	-2.331000e+00	2.354579e+00
5.5           	-2.343262e+00	4.783194e-01	2.247216e-02	-2.332026e+00	2.354498e+00
5.55          	-2.344041e+00	4.779899e-01	2.123883e-02	-2.333422e+00	2.354661e+00
5.6           	-2.344761e+00	4.776665e-01	2.005212e-02	-2.334735e+00	2.354787e+00
5.65          	-2.345586e+00	4.773546e-01	1.884196e-02	-2.336165e+00	2.355007e+00
5.7           	-2.346412e+00	4.770285e-01	1.759661e-02	-2.337614e+00	2.355210e+00
5.75          	-2.347483e+00	4.767232e-01	1.628185e-02	-2.339342e+00	2.355624e+00
5.8           	-2.348584e+00	4.764215e-01	1.496204e-02	-2.341103e+00	2.356065e+00
5.85          	-2.349553e+00	4.761043e-01	1.367083e-02	-2.342718e+00	2.356389e+00
5.9           	-2.350858e+00	4.758234e-01	1.230292e-02	-2.344707e+00	2.357010e+00
5.95          	-2.352043e+00	4.755276e-01	1.095925e-02	-2.346563e+00	2.357523e+00
6             	-2.353350e+00	4.752483e-01	9.596842e-03	-2.348551e+00	2.358148e+00
6.05          	-2.354717e+00	4.749749e-01	8.220570e-03	-2.350607e+00	2.358827e+00
6.1           	-2.356055e+00	4.747005e-01	6.857362e-03	-2.352626e+00	2.359483e+00
6.15          	-2.357331e+00	4.744209e-01	5.513459e-03	-2.354575e+00	2.360088e+00
6.2           	-2.358757e+00	4.741459e-01	4.106955e-03	-2.356704e+00	2.360811e+00
6.25          	-2.360103e+00	4.738834e-01	2.773913e-03	-2.358716e+00	2.361490e+00
6.3           	-2.361517e+00	4.736245e-01	1.416601e-03	-2.360808e+00	2.362225e+00
6.35          	-2.362982e+00	4.733790e-01	6.853537e-05	-2.362948e+00	2.363016e+00
6.4           	-2.364362e+00	4.731328e-01	-1.237166e-03	-2.364981e+00	2.363744e+00
6.45          	-2.365807e+00	4.728917e-01	-2.560786e-03	-2.367087e+00	2.364526e+00
6.5           	-2.367177e+00	4.726586e-01	-3.825958e-03	-2.369090e+00	2.365264e+00
6.55          	-2.368566e+00	4.724397e-01	-5.062901e-03	-2.371098e+00	2.366035e+00
6.6           	-2.369846e+00	4.722114e-01	-6.267913e-03	-2.372980e+00	2.366712e+00
6.65          	-2.371163e+00	4.720010e-01	-7.445176e-03	-2.374886e+00	2.367440e+00
6.7           	-2.372362e+00	4.717894e-01	-8.564823e-03	-2.376645e+00	2.368080e+00
6.75          	-2.373535e+00	4.715906e-01	-9.638043e-03	-2.378354e+00	2.368716e+00
6.8           	-2.374693e+00	4.713969e-01	-1.068936e-02	-2.380037e+00	2.369348e+00
6.85          	-2.375709e+00	4.712042e-01	-1.166625e-02	-2.381542e+00	2.369876e+00
6.9           	-2.376626e+00	4.710082e-01	-1.259890e-02	-2.382926e+00	2.370327e+00
6.95          	-2.377606e+00	4.708300e-01	-1.351488e-02	-2.384363e+00	2.370848e+00
7             	-2.378969e+00	4.706646e-01	-1.458127e-02	-2.386260e+00	2.371679e+00
7.05          	-2.378989e+00	4.704935e-01	-1.501673e-02	-2.386497e+00	2.371481e+00
7.1           	-2.379596e+00	4.703252e-01	-1.571845e-02	-2.387455e+00	2.371736e+00
7.15          	-2.380175e+00	4.701710e-01	-1.637079e-02	-2.388360e+00	2.371989e+00
7.2           	-2.380580e+00	4.700212e-01	-1.692393e-02	-2.389042e+00	2.372118e+00
7.25          	-2.380889e+00	4.698716e-01	-1.742730e-02	-2.389603e+00	2.372176e+00
7.3           	-2.381078e+00	4.697309e-01	-1.784667e-02	-2.390001e+00	2.372154e+00
7.35          	-2.381203e+00	4.696062e-01	-1.819321e-02	-2.390300e+00	2.372106e+00
7.4           	-2.381120e+00	4.694703e-01	-1.846241e-02	-2.390352e+00	2.371889e+00
7.45          	-2.380936e+00	4.693336e-01	-1.868196e-02	-2.390277e+00	2.371596e+00
7.5           	-2.380713e+00	4.692202e-01	-1.882247e-02	-2.390125e+00	2.371302e+00
7.55          	-2.380372e+00	4.691027e-01	-1.891220e-02	-2.389829e+00	2.370916e+00
7.6           	-2.379439e+00	4.689945e-01	-1.868841e-02	-2.388783e+00	2.370094e+00
7.65          	-2.378756e+00	4.688845e-01	-1.858786e-02	-2.388050e+00	2.369462e+00
7.7           	-2.377967e+00	4.687794e-01	-1.842171e-02	-2.387177e+00	2.368756e+00
7.75          	-2.376995e+00	4.686936e-01	-1.811508e-02	-2.386053e+00	2.367938e+00
7.8           	-2.375812e+00	4.685902e-01	-1.774650e-02	-2.384685e+00	2.366939e+00
7.85          	-2.374507e+00	4.684968e-01	-1.729136e-02	-2.383153e+00	2.365862e+00
7.9           	-2.372900e+00	4.683916e-01	-1.671319e-02	-2.381256e+00	2.364543e+00
7.95          	-2.372057e+00	4.683903e-01	-1.625967e-02	-2.380186e+00	2.363927e+00
8             	-2.370261e+00	4.683081e-01	-1.553200e-02	-2.378027e+00	2.362495e+00
8.05          	-2.368176e+00	4.681784e-01	-1.476923e-02	-2.375560e+00	2.360791e+00
8.1           	-2.366152e+00	4.681004e-01	-1.391546e-02	-2.373110e+00	2.359194e+00
8.15          	-2.363969e+00	4.680242e-01	-1.297704e-02	-2.370457e+00	2.357480e+00
8.2           	-2.361709e+00	4.679506e-01	-1.199374e-02	-2.367705e+00	2.355712e+00
8.25          	-2.359348e+00	4.678588e-01	-1.100412e-02	-2.364850e+00	2.353846e+00
8.3           	-2.356814e+00	4.678272e-01	-9.781307e-03	-2.361704e+00	2.351923e+00
8.35          	-2.354103e+00	4.677595e-01	-8.559835e-03	-2.358383e+00	2.349823e+00
8.4           	-2.350863e+00	4.676497e-01	-7.178405e-03	-2.354452e+00	2.347274e+00
8.45          	-2.347946e+00	4.675956e-01	-5.820432e-03	-2.350856e+00	2.345035e+00
8.5           	-2.344879e+00	4.675308e-01	-4.414768e-03	-2.347087e+00	2.342672e+00
8.55          	-2.342312e+00	4.674868e-01	-3.206815e-03	-2.343915e+00	2.340708e+00
8.6           	-2.338889e+00	4.674570e-01	-1.540035e-03	-2.339659e+00	2.338119e+00
8.65          	-2.335448e+00	4.673894e-01	4.263501e-05	-2.335427e+00	2.335469e+00
8.7           	-2.331985e+00	4.673322e-01	1.661485e-03	-2.331154e+00	2.332816e+00
8.75          	-2.328260e+00	4.672155e-01	3.261825e-03	-2.326629e+00	2.329891e+00
8.8           	-2.324699e+00	4.671748e-01	4.966387e-03	-2.322216e+00	2.327182e+00
8.85          	-2.321108e+00	4.671189e-01	6.649402e-03	-2.317783e+00	2.324432e+00
8.9           	-2.317200e+00	4.670563e-01	8.472145e-03	-2.312964e+00	2.321436e+00
8.95          	-2.313381e+00	4.670001e-01	1.026505e-02	-2.308249e+00	2.318514e+00
9             	-2.309558e+00	4.669391e-01	1.204584e-02	-2.303535e+00	2.315581e+00
9.05          	-2.305562e+00	4.668709e-01	1.389308e-02	-2.298616e+00	2.312509e+00
9.1           	-2.301568e+00	4.668027e-01	1.573715e-02	-2.293699e+00	2.309437e+00
9.15          	-2.297539e+00	4.667428e-01	1.761793e-02	-2.288730e+00	2.306348e+00
9.2           	-2.293532e+00	4.666784e-01	1.947422e-02	-2.283795e+00	2.303269e+00
9.25          	-2.289635e+00	4.666276e-01	2.130773e-02	-2.278981e+00	2.300289e+00
9.3           	-2.285683e+00	4.665645e-01	2.313603e-02	-2.274115e+00	2.297251e+00
9.35          	-2.281708e+00	4.665132e-01	2.500346e-02	-2.269207e+00	2.294210e+00
9.4           	-2.277966e+00	4.664713e-01	2.677562e-02	-2.264578e+00	2.291354e+00
9.45          	-2.274227e+00	4.664183e-01	2.851646e-02	-2.259968e+00	2.288485e+00
9.5           	-2.270351e+00	4.663568e-01	3.030248e-02	-2.255200e+00	2.285502e+00
9.55          	-2.266800e+00	4.663216e-01	3.198894e-02	-2.250806e+00	2.282795e+00
9.6           	-2.263351e+00	4.663038e-01	3.366264e-02	-2.246519e+00	2.280182e+00
9.65          	-2.259643e+00	4.662072e-01	3.527624e-02	-2.242005e+00	2.277281e+00
9.7           	-2.255809e+00	4.661326e-01	3.700118e-02	-2.237308e+00	2.274310e+00
9.75          	-2.253458e+00	4.661789e-01	3.828039e-02	-2.234317e+00	2.272598e+00
9.8           	-2.250639e+00	4.661810e-01	3.968318e-02	-2.230797e+00	2.270481e+00
9.85          	-2.247810e+00	4.661787e-01	4.107431e-02	-2.227273e+00	2.268347e+00
9.9           	-2.244890e+00	4.661451e-01	4.243114e-02	-2.223675e+00	2.266106e+00
9.95          	-2.242180e+00	4.661114e-01	4.368123e-02	-2.220339e+00	2.264020e+00
10            	-2.239623e+00	4.661083e-01	4.492823e-02	-2.217159e+00	2.262087e+00
10.05         	-2.237374e+00	4.660909e-01	4.598293e-02	-2.214383e+00	2.260366e+00
10.1          	-2.234506e+00	4.660829e-01	4.735407e-02	-2.210829e+00	2.258183e+00
10.15         	-2.234493e+00	4.660867e-01	4.738291e-02	-2.210802e+00	2.258185e+00
10.2          	-2.232741e+00	4.661089e-01	4.827747e-02	-2.208603e+00	2.256880e+00
10.25         	-2.231318e+00	4.661340e-01	4.901596e-02	-2.206810e+00	2.255826e+00
10.3          	-2.229945e+00	4.661308e-01	4.965648e-02	-2.205117e+00	2.254773e+00
10.35         	-2.228889e+00	4.661900e-01	5.028850e-02	-2.203745e+00	2.254033e+00
10.4          	-2.229032e+00	4.661385e-01	5.006492e-02	-2.203999e+00	2.254064e+00
10.45         	-2.228495e+00	4.661857e-01	5.040765e-02	-2.203291e+00	2.253699e+00
10.5          	-2.228452e+00	4.662332e-01	5.050112e-02	-2.203202e+00	2.253703e+00
10.55         	-2.228608e+00	4.663717e-01	5.072585e-02	-2.203246e+00	2.253971e+00
10.6          	-2.229002e+00	4.663941e-01	5.053927e-02	-2.203732e+00	2.254272e+00
10.65         	-2.229829e+00	4.664428e-01	5.019947e-02	-2.204729e+00	2.254929e+00
10.7          	-2.230847e+00	4.665117e-01	4.981337e-02	-2.205941e+00	2.255754e+00
10.75         	-2.231906e+00	4.665583e-01	4.934817e-02	-2.207232e+00	2.256580e+00
10.8          	-2.233086e+00	4.665783e-01	4.875532e-02	-2.208708e+00	2.257464e+00
10.85         	-2.234731e+00	4.666375e-01	4.802614e-02	-2.210718e+00	2.258744e+00
10.9          	-2.236869e+00	4.667289e-01	4.713526e-02	-2.213301e+00	2.260436e+00
10.95         	-2.239086e+00	4.667912e-01	4.612578e-02	-2.216023e+00	2.262148e+00
11            	-2.241577e+00	4.669534e-01	4.523181e-02	-2.218961e+00	2.264193e+00
11.05         	-2.244388e+00	4.670278e-01	4.395936e-02	-2.222408e+00	2.266367e+00
11.1          	-2.247397e+00	4.671169e-01	4.262216e-02	-2.226086e+00	2.268708e+00
11.15         	-2.250543e+00	4.671696e-01	4.112626e-02	-2.229980e+00	2.271106e+00
11.2          	-2.254038e+00	4.672578e-01	3.954301e-02	-2.234266e+00	2.273809e+00
11.25         	-2.257876e+00	4.673675e-01	3.784390e-02	-2.238954e+00	2.276798e+00
11.3          	-2.261625e+00	4.674645e-01	3.615619e-02	-2.243547e+00	2.279703e+00
11.35         	-2.265864e+00	4.675658e-01	3.424014e-02	-2.248744e+00	2.282984e+00
11.4          	-2.270110e+00	4.676305e-01	3.222521e-02	-2.253997e+00	2.286222e+00
11.45         	-2.274528e+00	4.677103e-01	3.016296e-02	-2.259447e+00	2.289610e+00
11.5          	-2.279252e+00	4.677568e-01	2.786365e-02	-2.265320e+00	2.293184e+00
11.55         	-2.284109e+00	4.678575e-01	2.563839e-02	-2.271290e+00	2.296929e+00
11.6          	-2.289434e+00	4.679692e-01	2.321054e-02	-2.277829e+00	2.301039e+00
11.65         	-2.294691e+00	4.680600e-01	2.076369e-02	-2.284309e+00	2.305072e+00
11.7          	-2.300023e+00	4.681422e-01	1.825661e-02	-2.290895e+00	2.309151e+00
11.75         	-2.305647e+00	4.682516e-01	1.567735e-02	-2.297808e+00	2.313486e+00
11.8          	-2.311354e+00	4.683467e-01	1.302080e-02	-2.304844e+00	2.317865e+00
11.85         	-2.317355e+00	4.684548e-01	1.025681e-02	-2.312226e+00	2.322483e+00
11.9          	-2.323374e+00	4.685639e-01	7.483141e-03	-2.319633e+00	2.327116e+00
11.95         	-2.329268e+00	4.686277e-01	4.661561e-03	-2.326937e+00	2.331599e+00
12            	-2.335109e+00	4.686922e-01	1.870365e-03	-2.334174e+00	2.336044e+00
12.05         	-2.341407e+00	4.688142e-01	-1.001294e-03	-2.341907e+00	2.340906e+00
12.1          	-2.347577e+00	4.689014e-01	-3.894661e-03	-2.349524e+00	2.345630e+00
12.15         	-2.353552e+00	4.689712e-01	-6.730364e-03	-2.356918e+00	2.350187e+00
12.2          	-2.359800e+00	4.690609e-01	-9.650902e-03	-2.364626e+00	2.354975e+00
12.25         	-2.366201e+00	4.691914e-01	-1.253915e-02	-2.372471e+00	2.359932e+00
12.3          	-2.372604e+00	4.693504e-01	-1.535293e-02	-2.380281e+00	2.364928e+00
12.35         	-2.378873e+00	4.694806e-01	-1.817076e-02	-2.387959e+00	2.369788e+00
12.4          	-2.385023e+00	4.695776e-01	-2.101052e-02	-2.395528e+00	2.374518e+00
12.45         	-2.391074e+00	4.696909e-01	-2.375664e-02	-2.402952e+00	2.379195e+00
12.5          	-2.397316e+00	4.698646e-01	-2.644149e-02	-2.410536e+00	2.384095e+00
12.55         	-2.403147e+00	4.699740e-01	-2.907983e-02	-2.417687e+00	2.388607e+00
12.6          	-2.408855e+00	4.701020e-01	-3.160354e-02	-2.424657e+00	2.393053e+00
12.65         	-2.414610e+00	4.702541e-01	-3.408895e-02	-2.431654e+00	2.397565e+00
12.7          	-2.420373e+00	4.704386e-01	-3.649443e-02	-2.438620e+00	2.402126e+00
12.75         	-2.425888e+00	4.706558e-01	-3.868662e-02	-2.445231e+00	2.406544e+00
12.8          	-2.431111e+00	4.708347e-01	-4.083029e-02	-2.451526e+00	2.410696e+00
12.85         	-2.436221e+00	4.709584e-01	-4.304707e-02	-2.457744e+00	2.414697e+00
12.9          	-2.441212e+00	4.712249e-01	-4.483315e-02	-2.463628e+00	2.418795e+00
12.95         	-2.444894e+00	4.713886e-01	-4.625226e-02	-2.468021e+00	2.421768e+00
13            	-2.449617e+00	4.716212e-01	-4.799094e-02	-2.473612e+00	2.425621e+00
13.05         	-2.453961e+00	4.718291e-01	-4.959721e-02	-2.478759e+00	2.429162e+00
13.1          	-2.457961e+00	4.721874e-01	-5.065476e-02	-2.483289e+00	2.432634e+00
13.15         	-2.461667e+00	4.724549e-01	-5.178580e-02	-2.487560e+00	2.435774e+00
13.2          	-2.465126e+00	4.727345e-01	-5.275966e-02	-2.491506e+00	2.438746e+00
13.25         	-2.467510e+00	4.729197e-01	-5.342946e-02	-2.494225e+00	2.440796e+00
13.3          	-2.471649e+00	4.733387e-01	-5.439097e-02	-2.498844e+00	2.444453e+00
13.35         	-2.474487e+00	4.736840e-01	-5.487617e-02	-2.501925e+00	2.447049e+00
13.4          	-2.475470e+00	4.739620e-01	-5.462165e-02	-2.502781e+00	2.448159e+00
13.45         	-2.477114e+00	4.742877e-01	-5.455384e-02	-2.504391e+00	2.449837e+00
13.5          	-2.478980e+00	4.747562e-01	-5.425856e-02	-2.506110e+00	2.451851e+00
13.55         	-2.479795e+00	4.751118e-01	-5.370561e-02	-2.506648e+00	2.452942e+00
13.6          	-2.480417e+00	4.754534e-01	-5.308487e-02	-2.506959e+00	2.453875e+00
13.65         	-2.480645e+00	4.757871e-01	-5.227620e-02	-2.506783e+00	2.454507e+00
13.7          	-2.479068e+00	4.760049e-01	-5.085654e-02	-2.504496e+00	2.453639e+00
13.75         	-2.480210e+00	4.766390e-01	-4.977031e-02	-2.505095e+00	2.455324e+00
13.8          	-2.479339e+00	4.769517e-01	-4.846423e-02	-2.503571e+00	2.455107e+00
13.85         	-2.478117e+00	4.773169e-01	-4.684557e-02	-2.501540e+00	2.454695e+00
13.9          	-2.476098e+00	4.778886e-01	-4.435461e-02	-2.498276e+00	2.453921e+00
13.95         	-2.473829e+00	4.783166e-01	-4.209090e-02	-2.494875e+00	2.452784e+00
14            	-2.470851e+00	4.786821e-01	-3.960300e-02	-2.490652e+00	2.451049e+00
14.05         	-2.468122e+00	4.791150e-01	-3.706984e-02	-2.486656e+00	2.449587e+00
14.1          	-2.464431e+00	4.794316e-01	-3.434633e-02	-2.481604e+00	2.447258e+00
14.15         	-2.460343e+00	4.798509e-01	-3.117041e-02	-2.475928e+00	2.444758e+00
14.2          	-2.456268e+00	4.802410e-01	-2.807429e-02	-2.470305e+00	2.442231e+00
14.25         	-2.451274e+00	4.805501e-01	-2.472029e-02	-2.463634e+00	2.438914e+00
14.3          	-2.446602e+00	4.809814e-01	-2.122270e-02	-2.457213e+00	2.435991e+00
14.35         	-2.441340e+00	4.813465e-01	-1.759760e-02	-2.450139e+00	2.432542e+00
14.4          	-2.435589e+00	4.816926e-01	-1.377542e-02	-2.442477e+00	2.428701e+00
14.45         	-2.429560e+00	4.820342e-01	-9.827002e-03	-2.434474e+00	2.424647e+00
14.5          	-2.423284e+00	4.823682e-01	-5.780171e-03	-2.426174e+00	2.420394e+00
14.55         	-2.416856e+00	4.827245e-01	-1.597956e-03	-2.417655e+00	2.416057e+00
14.6          	-2.409449e+00	4.829868e-01	2.831612e-03	-2.408033e+00	2.410864e+00
14.65         	-2.402259e+00	4.832436e-01	7.136630e-03	-2.398691e+00	2.405827e+00
14.7          	-2.394994e+00	4.835707e-01	1.165243e-02	-2.389168e+00	2.400820e+00
14.75         	-2.387492e+00	4.837730e-01	1.598631e-02	-2.379499e+00	2.395486e+00
14.8          	-2.379005e+00	4.843859e-01	2.173983e-02	-2.368135e+00	2.389875e+00
14.85         	-2.371747e+00	4.846782e-01	2.615071e-02	-2.358672e+00	2.384822e+00
14.9          	-2.363697e+00	4.849383e-01	3.087466e-02	-2.348260e+00	2.379135e+00
14.95         	-2.355576e+00	4.851995e-01	3.562889e-02	-2.337762e+00	2.373391e+00
15            	-2.347848e+00	4.855087e-01	4.029566e-02	-2.327701e+00	2.367996e+00
15.05         	-2.339914e+00	4.858163e-01	4.505846e-02	-2.317385e+00	2.362444e+00
15.1          	-2.332221e+00	4.861698e-01	4.981263e-02	-2.307315e+00	2.357128e+00
15.15         	-2.324315e+00	4.863320e-01	5.419809e-02	-2.297216e+00	2.351414e+00
15.2          	-2.317092e+00	4.866399e-01	5.858802e-02	-2.287798e+00	2.346386e+00
15.25         	-2.309896e+00	4.869097e-01	6.287023e-02	-2.278460e+00	2.341331e+00
15.3          	-2.302956e+00	4.871972e-01	6.706635e-02	-2.269423e+00	2.336489e+00
15.35         	-2.297201e+00	4.876741e-01	7.112288e-02	-2.261639e+00	2.332762e+00
15.4          	-2.291676e+00	4.881818e-01	7.511570e-02	-2.254118e+00	2.329234e+00
15.45         	-2.285645e+00	4.884698e-01	7.883693e-02	-2.246227e+00	2.325064e+00
15.5          	-2.280727e+00	4.888557e-01	8.223463e-02	-2.239610e+00	2.321844e+00
15.55         	-2.276055e+00	4.892456e-01	8.551258e-02	-2.233299e+00	2.318811e+00
15.6          	-2.271862e+00	4.896304e-01	8.852634e-02	-2.227599e+00	2.316125e+00
15.65         	-2.268187e+00	4.900414e-01	9.135083e-02	-2.222512e+00	2.313863e+00
15.7          	-2.261802e+00	4.905404e-01	9.565635e-02	-2.213974e+00	2.309630e+00
15.75         	-2.265239e+00	4.910452e-01	9.526314e-02	-2.217608e+00	2.312871e+00
15.8          	-2.262873e+00	4.914405e-01	9.735680e-02	-2.214195e+00	2.311552e+00
15.85         	-2.261962e+00	4.918782e-01	9.882683e-02	-2.212549e+00	2.311376e+00
15.9          	-2.261772e+00	4.922319e-01	9.971988e-02	-2.211912e+00	2.311632e+00
15.95         	-2.262223e+00	4.930745e-01	1.015125e-01	-2.211466e+00	2.312979e+00
16            	-2.264297e+00	4.934283e-01	1.012860e-01	-2.213654e+00	2.314940e+00
16.05         	-2.266867e+00	4.941414e-01	1.016853e-01	-2.216024e+00	2.317710e+00
16.1          	-2.268507e+00	4.944950e-01	1.016244e-01	-2.217695e+00	2.319320e+00
16.15         	-2.272520e+00	4.949904e-01	1.007514e-01	-2.222144e+00	2.322896e+00
16.2          	-2.276937e+00	4.954317e-01	9.951406e-02	-2.227180e+00	2.326694e+00
16.25         	-2.285941e+00	4.964543e-01	9.753716e-02	-2.237172e+00	2.334709e+00
16.3          	-2.290465e+00	4.968419e-01	9.610588e-02	-2.242412e+00	2.338517e+00
16.35         	-2.297064e+00	4.974852e-01	9.428369e-02	-2.249922e+00	2.344206e+00
16.4          	-2.304662e+00	4.979136e-01	9.142001e-02	-2.258952e+00	2.350372e+00
16.45         	-2.312091e+00	4.983724e-01	8.872307e-02	-2.267729e+00	2.356452e+00
16.5          	-2.320729e+00	4.988885e-01	8.556375e-02	-2.277947e+00	2.363511e+00
16.55         	-2.329762e+00	4.992829e-01	8.189648e-02	-2.288813e+00	2.370710e+00
16.6          	-2.339775e+00	4.997490e-01	7.791356e-02	-2.300819e+00	2.378732e+00
16.65         	-2.349668e+00	5.000891e-01	7.367863e-02	-2.312828e+00	2.386507e+00
16.7          	-2.360750e+00	5.005730e-01	6.920817e-02	-2.326146e+00	2.395354e+00
16.75         	-2.372078e+00	5.009776e-01	6.441322e-02	-2.339871e+00	2.404285e+00
16.8          	-2.383609e+00	5.013548e-01	5.944755e-02	-2.353886e+00	2.413333e+00
16.85         	-2.395733e+00	5.016268e-01	5.392522e-02	-2.368770e+00	2.422695e+00
16.9          	-2.408698e+00	5.019599e-01	4.813315e-02	-2.384631e+00	2.432765e+00
16.95         	-2.420410e+00	5.021960e-01	4.273691e-02	-2.399042e+00	2.441779e+00
17            	-2.433880e+00	5.024167e-01	3.643071e-02	-2.415664e+00	2.452095e+00
17.05         	-2.447633e+00	5.026954e-01	3.012717e-02	-2.432569e+00	2.462696e+00
17.1          	-2.461622e+00	5.029538e-01	2.366070e-02	-2.449792e+00	2.473452e+00
17.15         	-2.475943e+00	5.032016e-01	1.700981e-02	-2.467438e+00	2.484447e+00
17.2          	-2.489710e+00	5.033275e-01	1.033624e-02	-2.484542e+00	2.494878e+00
17.25         	-2.503745e+00	5.034909e-01	3.622833e-03	-2.501934e+00	2.505557e+00
17.3          	-2.518170e+00	5.035990e-01	-3.415504e-03	-2.519878e+00	2.516462e+00
17.35         	-2.532116e+00	5.036731e-01	-1.029740e-02	-2.537265e+00	2.526967e+00
17.4          	-2.544433e+00	5.036174e-01	-1.669495e-02	-2.552781e+00	2.536086e+00
17.45         	-2.564739e+00	5.042042e-01	-2.533910e-02	-2.577409e+00	2.552070e+00
17.5          	-2.578125e+00	5.042282e-01	-3.203911e-02	-2.594145e+00	2.562106e+00
17.55         	-2.591643e+00	5.042431e-01	-3.881399e-02	-2.611050e+00	2.572236e+00
17.6          	-2.606001e+00	5.044494e-01	-4.552627e-02	-2.628764e+00	2.583238e+00
17.65         	-2.619397e+00	5.045665e-01	-5.196145e-02	-2.645377e+00	2.593416e+00
17.7          	-2.633970e+00	5.048330e-01	-5.859240e-02	-2.663267e+00	2.604674e+00
17.75         	-2.646945e+00	5.050299e-01	-6.460681e-02	-2.679249e+00	2.614642e+00
17.8          	-2.660685e+00	5.054558e-01	-7.038460e-02	-2.695877e+00	2.625492e+00
17.85         	-2.672324e+00	5.054149e-01	-7.628093e-02	-2.710465e+00	2.634184e+00
17.9          	-2.684261e+00	5.056703e-01	-8.159399e-02	-2.725058e+00	2.643464e+00
17.95         	-2.696030e+00	5.059788e-01	-8.667213e-02	-2.739366e+00	2.652694e+00
18            	-2.707453e+00	5.062789e-01	-9.158744e-02	-2.753247e+00	2.661659e+00
18.05         	-2.717568e+00	5.065536e-01	-9.590236e-02	-2.765519e+00	2.669617e+00
18.1          	-2.727667e+00	5.068417e-01	-1.001520e-01	-2.777743e+00	2.677591e+00
18.15         	-2.734442e+00	5.073715e-01	-1.021998e-01	-2.785541e+00	2.683342e+00
18.2          	-2.742055e+00	5.076396e-01	-1.052499e-01	-2.794680e+00	2.689431e+00
18.25         	-2.749142e+00	5.079871e-01	-1.078314e-01	-2.803058e+00	2.695227e+00
18.3          	-2.754311e+00	5.082518e-01	-1.096480e-01	-2.809135e+00	2.699487e+00
18.35         	-2.761830e+00	5.089144e-01	-1.116244e-01	-2.817642e+00	2.706018e+00
18.4          	-2.765661e+00	5.092226e-01	-1.126539e-01	-2.821988e+00	2.709334e+00
18.45         	-2.769714e+00	5.096967e-01	-1.133500e-01	-2.826389e+00	2.713039e+00
18.5          	-2.770782e+00	5.100914e-01	-1.127302e-01	-2.827147e+00	2.714417e+00
18.55         	-2.772376e+00	5.113744e-01	-1.103401e-01	-2.827547e+00	2.717206e+00
18.6          	-2.771602e+00	5.115335e-01	-1.093691e-01	-2.826286e+00	2.716917e+00
18.65         	-2.771349e+00	5.120797e-01	-1.077061e-01	-2.825203e+00	2.717496e+00
18.7          	-2.771138e+00	5.126598e-01	-1.060166e-01	-2.824146e+00	2.718130e+00
18.75         	-2.765414e+00	5.128344e-01	-1.025566e-01	-2.816692e+00	2.714135e+00
18.8          	-2.764664e+00	5.137953e-01	-9.961919e-02	-2.814473e+00	2.714854e+00
18.85         	-2.760036e+00	5.143161e-01	-9.583446e-02	-2.807953e+00	2.712119e+00
18.9          	-2.754552e+00	5.147139e-01	-9.192434e-02	-2.800514e+00	2.708590e+00
18.95         	-2.746865e+00	5.150709e-01	-8.701379e-02	-2.790372e+00	2.703358e+00
19            	-2.740108e+00	5.155732e-01	-8.219447e-02	-2.781205e+00	2.699011e+00
19.05         	-2.731309e+00	5.160137e-01	-7.651115e-02	-2.769565e+00	2.693054e+00
19.1          	-2.721548e+00	5.162899e-01	-7.075153e-02	-2.756924e+00	2.686172e+00
19.15         	-2.711482e+00	5.166669e-01	-6.459042e-02	-2.743777e+00	2.679187e+00
19.2          	-2.698766e+00	5.167724e-01	-5.777886e-02	-2.727655e+00	2.669876e+00
19.25         	-2.686733e+00	5.170154e-01	-5.097133e-02	-2.712219e+00	2.661248e+00
19.3          	-2.673963e+00	5.173232e-01	-4.363379e-02	-2.695780e+00	2.652146e+00
19.35         	-2.659780e+00	5.174375e-01	-3.608277e-02	-2.677822e+00	2.641739e+00
19.4          	-2.645321e+00	5.176175e-01	-2.823584e-02	-2.659439e+00	2.631203e+00
19.45         	-2.629839e+00	5.176312e-01	-2.029891e-02	-2.639988e+00	2.619689e+00
19.5          	-2.614382e+00	5.177208e-01	-1.219142e-02	-2.620477e+00	2.608286e+00
19.55         	-2.597764e+00	5.178429e-01	-3.436999e-03	-2.599482e+00	2.596045e+00
19.6          	-2.580400e+00	5.177333e-01	5.104230e-03	-2.577848e+00	2.582952e+00
19.65         	-2.563717e+00	5.176987e-01	1.346816e-02	-2.556983e+00	2.570451e+00
19.7          	-2.545724e+00	5.176800e-01	2.251809e-02	-2.534465e+00	2.556983e+00
19.75         	-2.527561e+00	5.175834e-01	3.145276e-02	-2.511834e+00	2.543287e+00
19.8          	-2.509764e+00	5.174996e-01	4.022802e-02	-2.489650e+00	2.529878e+00
19.85         	-2.492054e+00	5.175838e-01	4.936675e-02	-2.467371e+00	2.516737e+00
19.9          	-2.473815e+00	5.171794e-01	5.756123e-02	-2.445034e+00	2.502595e+00
19.95         	-2.457104e+00	5.172138e-01	6.605472e-02	-2.424076e+00	2.490131e+00
20            	-2.440891e+00	5.166208e-01	7.284053e-02	-2.404470e+00	2.477311e+00
20.05         	-2.422358e+00	5.174227e-01	8.393733e-02	-2.380389e+00	2.464326e+00
20.1          	-2.406304e+00	5.172768e-01	9.162886e-02	-2.360489e+00	2.452118e+00
20.15         	-2.390825e+00	5.171962e-01	9.919607e-02	-2.341227e+00	2.440423e+00
20.2          	-2.376670e+00	5.172753e-01	1.064803e-01	-2.323430e+00	2.429910e+00
20.25         	-2.363287e+00	5.172085e-01	1.130001e-01	-2.306787e+00	2.419787e+00
20.3          	-2.350814e+00	5.172994e-01	1.194516e-01	-2.291088e+00	2.410540e+00
20.35         	-2.339954e+00	5.175322e-01	1.253942e-01	-2.277257e+00	2.402651e+00
20.4          	-2.330589e+00	5.178782e-01	1.309034e-01	-2.265137e+00	2.396040e+00
20.45         	-2.320088e+00	5.178512e-01	1.360259e-01	-2.252075e+00	2.388101e+00
20.5          	-2.310876e+00	5.179559e-01	1.408291e-01	-2.240462e+00	2.381291e+00
20.55         	-2.297854e+00	5.182023e-01	1.477374e-01	-2.223985e+00	2.371723e+00
20.6          	-2.301660e+00	5.184833e-01	1.466430e-01	-2.228339e+00	2.374982e+00
20.65         	-2.298246e+00	5.189445e-01	1.494069e-01	-2.223543e+00	2.372950e+00
20.7          	-2.294520e+00	5.191886e-01	1.517555e-01	-2.218642e+00	2.370398e+00
20.75         	-2.291222e+00	5.195072e-01	1.540591e-01	-2.214193e+00	2.368252e+00
20.8          	-2.289026e+00	5.195321e-01	1.550351e-01	-2.211508e+00	2.366543e+00
20.85         	-2.287461e+00	5.196949e-01	1.560451e-01	-2.209438e+00	2.365483e+00
20.9          	-2.298934e+00	5.207912e-01	1.530738e-01	-2.222397e+00	2.375471e+00
20.95         	-2.301390e+00	5.210777e-01	1.523780e-01	-2.225201e+00	2.377579e+00
21            	-2.306887e+00	5.215199e-01	1.505563e-01	-2.231609e+00	2.382165e+00
21.05         	-2.310713e+00	5.217094e-01	1.489374e-01	-2.236244e+00	2.385182e+00
21.1          	-2.318706e+00	5.219280e-01	1.452990e-01	-2.246057e+00	2.391356e+00
21.15         	-2.327261e+00	5.223005e-01	1.417571e-01	-2.256382e+00	2.398139e+00
21.2          	-2.336492e+00	5.227092e-01	1.379565e-01	-2.267514e+00	2.405471e+00
21.25         	-2.345645e+00	5.227761e-01	1.333390e-01	-2.278975e+00	2.412314e+00
21.3          	-2.356797e+00	5.229753e-01	1.280440e-01	-2.292775e+00	2.420819e+00
21.35         	-2.367794e+00	5.230860e-01	1.225943e-01	-2.306497e+00	2.429091e+00
21.4          	-2.381372e+00	5.233782e-01	1.163000e-01	-2.323222e+00	2.439522e+00
21.45         	-2.394201e+00	5.235316e-01	1.100380e-01	-2.339182e+00	2.449220e+00
21.5          	-2.408347e+00	5.236621e-01	1.030544e-01	-2.356820e+00	2.459874e+00
21.55         	-2.422604e+00	5.237321e-01	9.586540e-02	-2.374672e+00	2.470537e+00
21.6          	-2.438035e+00	5.237604e-01	8.798925e-02	-2.394041e+00	2.482030e+00
21.65         	-2.453617e+00	5.237590e-01	7.997106e-02	-2.413631e+00	2.493602e+00
21.7          	-2.470030e+00	5.237220e-01	7.145646e-02	-2.434302e+00	2.505758e+00
21.75         	-2.487734e+00	5.237228e-01	6.239615e-02	-2.456536e+00	2.518933e+00
21.8          	-2.503784e+00	5.234567e-01	5.350703e-02	-2.477030e+00	2.530537e+00
21.85         	-2.521256e+00	5.233211e-01	4.424744e-02	-2.499132e+00	2.543380e+00
21.9          	-2.538759e+00	5.230823e-01	3.472247e-02	-2.521398e+00	2.556120e+00
21.95         	-2.557068e+00	5.229119e-01	2.497837e-02	-2.544579e+00	2.569558e+00
22            	-2.575785e+00	5.227243e-01	1.500106e-02	-2.568284e+00	2.583286e+00
22.05         	-2.593994e+00	5.223539e-01	4.827812e-03	-2.591580e+00	2.596408e+00
22.1          	-2.610280e+00	5.218312e-01	-4.706914e-03	-2.612634e+00	2.607927e+00
22.15         	-2.629762e+00	5.217295e-01	-1.480081e-02	-2.637162e+00	2.622361e+00
22.2          	-2.648187e+00	5.213964e-01	-2.494448e-02	-2.660659e+00	2.635715e+00
22.25         	-2.666766e+00	5.211667e-01	-3.488469e-02	-2.684208e+00	2.649323e+00
22.3          	-2.684901e+00	5.209509e-01	-4.458100e-02	-2.707191e+00	2.662610e+00
22.35         	-2.695961e+00	5.200397e-01	-5.257070e-02	-2.722246e+00	2.669676e+00
22.4          	-2.725444e+00	5.208651e-01	-6.506263e-02	-2.757975e+00	2.692912e+00
22.45         	-2.742637e+00	5.207202e-01	-7.406889e-02	-2.779671e+00	2.705602e+00
22.5          	-2.758575e+00	5.204456e-01	-8.277098e-02	-2.799960e+00	2.717189e+00
22.55         	-2.776190e+00	5.205407e-01	-9.131053e-02	-2.821846e+00	2.730535e+00
22.6          	-2.791583e+00	5.203488e-01	-9.948883e-02	-2.841328e+00	2.741839e+00
22.65         	-2.809579e+00	5.209911e-01	-1.067883e-01	-2.862973e+00	2.756185e+00
22.7          	-2.824048e+00	5.209801e-01	-1.140231e-01	-2.881059e+00	2.767036e+00
22.75         	-2.837651e+00	5.210951e-01	-1.204922e-01	-2.897897e+00	2.777404e+00
22.8          	-2.850452e+00	5.212103e-01	-1.265380e-01	-2.913721e+00	2.787183e+00
22.85         	-2.862237e+00	5.212733e-01	-1.321848e-01	-2.928330e+00	2.796145e+00
22.9          	-2.869440e+00	5.213919e-01	-1.354833e-01	-2.937181e+00	2.801698e+00
22.95         	-2.880779e+00	5.219190e-01	-1.397003e-01	-2.950629e+00	2.810929e+00
23            	-2.889538e+00	5.221773e-01	-1.433129e-01	-2.961195e+00	2.817882e+00
23.05         	-2.896137e+00	5.223649e-01	-1.460108e-01	-2.969143e+00	2.823132e+00
23.1          	-2.904179e+00	5.227975e-01	-1.487906e-01	-2.978574e+00	2.829783e+00
23.15         	-2.908825e+00	5.231541e-01	-1.500565e-01	-2.983853e+00	2.833797e+00
23.2          	-2.912015e+00	5.233986e-01	-1.508366e-01	-2.987433e+00	2.836597e+00
23.25         	-2.912834e+00	5.243819e-01	-1.487606e-01	-2.987214e+00	2.838454e+00
23.3          	-2.912503e+00	5.247594e-01	-1.475040e-01	-2.986255e+00	2.838751e+00
23.35         	-2.912611e+00	5.253774e-01	-1.458310e-01	-2.985527e+00	2.839696e+00
23.4          	-2.913035e+00	5.261580e-01	-1.439137e-01	-2.984992e+00	2.841078e+00
23.45         	-2.909519e+00	5.265578e-01	-1.409614e-01	-2.980000e+00	2.839038e+00
23.5          	-2.904079e+00	5.269458e-01	-1.370326e-01	-2.972595e+00	2.835563e+00
23.55         	-2.901825e+00	5.275957e-01	-1.340519e-01	-2.968851e+00	2.834799e+00
23.6          	-2.893334e+00	5.282181e-01	-1.280502e-01	-2.957359e+00	2.829309e+00
23.65         	-2.886233e+00	5.285403e-01	-1.234582e-01	-2.947962e+00	2.824503e+00
23.7          	-2.876441e+00	5.289906e-01	-1.172083e-01	-2.935045e+00	2.817837e+00
23.75         	-2.866375e+00	5.293065e-01	-1.111396e-01	-2.921945e+00	2.810805e+00
23.8          	-2.853736e+00	5.296073e-01	-1.038183e-01	-2.905646e+00	2.801827e+00
23.85         	-2.841372e+00	5.299908e-01	-9.642295e-02	-2.889584e+00	2.793161e+00
23.9          	-2.827090e+00	5.300941e-01	-8.877305e-02	-2.871476e+00	2.782703e+00
23.95         	-2.811995e+00	5.302975e-01	-8.046136e-02	-2.852226e+00	2.771765e+00
24            	-2.795915e+00	5.304808e-01	-7.171897e-02	-2.831774e+00	2.760055e+00
24.05         	-2.778636e+00	5.305305e-01	-6.272176e-02	-2.809997e+00	2.747275e+00
24.1          	-2.760400e+00	5.305299e-01	-5.338219e-02	-2.787091e+00	2.733709e+00
24.15         	-2.741967e+00	5.306269e-01	-4.370839e-02	-2.763821e+00	2.720113e+00
24.2          	-2.721667e+00	5.305572e-01	-3.352929e-02	-2.738432e+00	2.704903e+00
24.25         	-2.700526e+00	5.304070e-01	-2.314991e-02	-2.712101e+00	2.688951e+00
24.3          	-2.678241e+00	5.301826e-01	-1.239854e-02	-2.684440e+00	2.672042e+00
24.35         	-2.655109e+00	5.299109e-01	-1.349236e-03	-2.655783e+00	2.654434e+00
24.4          	-2.632783e+00	5.296824e-01	9.383090e-03	-2.628091e+00	2.637474e+00
24.45         	-2.610126e+00	5.294447e-01	2.024488e-02	-2.600004e+00	2.620249e+00
24.5          	-2.586421e+00	5.291432e-01	3.146131e-02	-2.570690e+00	2.602152e+00
24.55         	-2.564337e+00	5.288578e-01	4.186690e-02	-2.543404e+00	2.585271e+00
24.6          	-2.540731e+00	5.286415e-01	5.320066e-02	-2.514130e+00	2.567331e+00
24.65         	-2.518492e+00	5.284561e-01	6.392721e-02	-2.486528e+00	2.550456e+00
24.7          	-2.495567e+00	5.281134e-01	7.459571e-02	-2.458269e+00	2.532865e+00
24.75         	-2.472772e+00	5.276518e-01	8.490297e-02	-2.430321e+00	2.515224e+00
24.8          	-2.453507e+00	5.276164e-01	9.450005e-02	-2.406257e+00	2.500757e+00
24.85         	-2.431123e+00	5.279929e-01	1.065207e-01	-2.377863e+00	2.484383e+00
24.9          	-2.412348e+00	5.277762e-01	1.153979e-01	-2.354650e+00	2.470047e+00
24.95         	-2.394927e+00	5.278454e-01	1.242791e-01	-2.332787e+00	2.457066e+00
25            	-2.377103e+00	5.275847e-01	1.325481e-01	-2.310829e+00	2.443377e+00
25.05         	-2.361735e+00	5.276241e-01	1.403128e-01	-2.291579e+00	2.431892e+00
25.1          	-2.347787e+00	5.276345e-01	1.473060e-01	-2.274134e+00	2.421440e+00
25.15         	-2.336755e+00	5.281904e-01	1.541134e-01	-2.259699e+00	2.413812e+00
25.2          	-2.324693e+00	5.282107e-01	1.601349e-01	-2.244625e+00	2.404760e+00
25.25         	-2.313025e+00	5.282272e-01	1.659231e-01	-2.230063e+00	2.395986e+00
25.3          	-2.303142e+00	5.284208e-01	1.712335e-01	-2.217525e+00	2.388759e+00
25.35         	-2.302786e+00	5.288151e-01	1.724249e-01	-2.216574e+00	2.388999e+00
25.4          	-2.299489e+00	5.296897e-01	1.761202e-01	-2.211429e+00	2.387549e+00
25.45         	-2.291185e+00	5.293197e-01	1.791725e-01	-2.201599e+00	2.380771e+00
25.5          	-2.288596e+00	5.298594e-01	1.816492e-01	-2.197772e+00	2.379421e+00
25.55         	-2.293984e+00	5.307450e-01	1.811469e-01	-2.203411e+00	2.384557e+00
25.6          	-2.295928e+00	5.307088e-01	1.799218e-01	-2.205968e+00	2.385889e+00
25.65         	-2.297698e+00	5.309557e-01	1.794661e-01	-2.207965e+00	2.387431e+00
25.7          	-2.302560e+00	5.313698e-01	1.778862e-01	-2.213617e+00	2.391503e+00
25.75         	-2.308941e+00	5.319140e-01	1.758569e-01	-2.221013e+00	2.396870e+00
25.8          	-2.315303e+00	5.321297e-01	1.730119e-01	-2.228797e+00	2.401808e+00
25.85         	-2.323354e+00	5.324062e-01	1.694575e-01	-2.238625e+00	2.408083e+00
25.9          	-2.333951e+00	5.327886e-01	1.648881e-01	-2.251506e+00	2.416395e+00
25.95         	-2.344120e+00	5.329920e-01	1.600721e-01	-2.264084e+00	2.424156e+00
26            	-2.355322e+00	5.331788e-01	1.546808e-01	-2.277982e+00	2.432662e+00
26.05         	-2.367478e+00	5.332961e-01	1.486239e-01	-2.293166e+00	2.441790e+00
26.1          	-2.380828e+00	5.336744e-01	1.426173e-01	-2.309519e+00	2.452137e+00
26.15         	-2.395516e+00	5.336982e-01	1.350501e-01	-2.327991e+00	2.463041e+00
26.2          	-2.409643e+00	5.337341e-01	1.277897e-01	-2.345748e+00	2.473538e+00
26.25         	-2.426489e+00	5.337537e-01	1.191427e-01	-2.366917e+00	2.486060e+00
26.3          	-2.442078e+00	5.336605e-01	1.108411e-01	-2.386658e+00	2.497499e+00
26.35         	-2.458717e+00	5.334770e-01	1.017947e-01	-2.407820e+00	2.509615e+00
26.4          	-2.476123e+00	5.333209e-01	9.244068e-02	-2.429902e+00	2.522343e+00
26.45         	-2.494569e+00	5.331487e-01	8.253953e-02	-2.453299e+00	2.535839e+00
26.5          	-2.513039e+00	5.329048e-01	7.245496e-02	-2.476811e+00	2.549266e+00
26.55         	-2.533625e+00	5.327456e-01	6.153695e-02	-2.502857e+00	2.564394e+00
26.6          	-2.553139e+00	5.324437e-01	5.081616e-02	-2.527731e+00	2.578547e+00
26.65         	-2.572297e+00	5.319198e-01	3.973359e-02	-2.552430e+00	2.592164e+00
26.7          	-2.592217e+00	5.314896e-01	2.852215e-02	-2.577956e+00	2.606478e+00
26.75         	-2.611794e+00	5.309981e-01	1.734203e-02	-2.603123e+00	2.620465e+00
26.8          	-2.633433e+00	5.306627e-01	5.536509e-03	-2.630665e+00	2.636202e+00
26.85         	-2.654994e+00	5.303243e-01	-6.221952e-03	-2.658105e+00	2.651883e+00
26.9          	-2.672980e+00	5.296728e-01	-1.693355e-02	-2.681447e+00	2.664514e+00
26.95         	-2.695114e+00	5.293537e-01	-2.888094e-02	-2.709555e+00	2.680674e+00
27            	-2.716071e+00	5.290073e-01	-4.031587e-02	-2.736229e+00	2.695913e+00
27.05         	-2.737774e+00	5.288574e-01	-5.160309e-02	-2.763576e+00	2.711973e+00
27.1          	-2.755539e+00	5.282389e-01	-6.212549e-02	-2.786602e+00	2.724476e+00
27.15         	-2.775291e+00	5.278303e-01	-7.307609e-02	-2.811829e+00	2.738753e+00
27.2          	-2.801770e+00	5.283299e-01	-8.495832e-02	-2.844249e+00	2.759291e+00
27.25         	-2.819235e+00	5.279317e-01	-9.472460e-02	-2.866597e+00	2.771872e+00
27.3          	-2.839325e+00	5.280333e-01	-1.044657e-01	-2.891558e+00	2.787093e+00
27.35         	-2.857021e+00	5.280195e-01	-1.133506e-01	-2.913696e+00	2.800346e+00
27.4          	-2.871382e+00	5.276131e-01	-1.215662e-01	-2.932165e+00	2.810599e+00
27.45         	-2.891658e+00	5.285315e-01	-1.292778e-01	-2.956297e+00	2.827020e+00
27.5          	-2.906334e+00	5.285608e-01	-1.364926e-01	-2.974581e+00	2.838088e+00
27.55         	-2.919509e+00	5.285820e-01	-1.429517e-01	-2.990984e+00	2.848033e+00
27.6          	-2.932870e+00	5.287080e-01	-1.492079e-01	-3.007474e+00	2.858266e+00
27.65         	-2.939897e+00	5.288116e-01	-1.524644e-01	-3.016129e+00	2.863665e+00
27.7          	-2.951252e+00	5.291902e-01	-1.570579e-01	-3.029781e+00	2.872723e+00
27.75         	-2.960875e+00	5.296256e-01	-1.606223e-01	-3.041186e+00	2.880564e+00
27.8          	-2.966899e+00	5.297293e-01	-1.632158e-01	-3.048507e+00	2.885291e+00
27.85         	-2.974753e+00	5.302144e-01	-1.657442e-01	-3.057625e+00	2.891881e+00
27.9          	-2.978373e+00	5.304926e-01	-1.666593e-01	-3.061702e+00	2.895043e+00
27.95         	-2.982569e+00	5.313773e-01	-1.665460e-01	-3.065842e+00	2.899296e+00
28            	-2.980040e+00	5.318848e-01	-1.638568e-01	-3.061968e+00	2.898111e+00
28.05         	-2.980803e+00	5.324231e-01	-1.626981e-01	-3.062152e+00	2.899454e+00
28.1          	-2.980287e+00	5.330098e-01	-1.607823e-01	-3.060679e+00	2.899896e+00
28.15         	-2.978265e+00	5.335985e-01	-1.580788e-01	-3.057305e+00	2.899226e+00
28.2          	-2.973745e+00	5.340223e-01	-1.545344e-01	-3.051012e+00	2.896478e+00
28.25         	-2.968927e+00	5.345736e-01	-1.505157e-01	-3.044185e+00	2.893669e+00
28.3          	-2.962038e+00	5.348591e-01	-1.460982e-01	-3.035087e+00	2.888989e+00
28.35         	-2.952199e+00	5.354889e-01	-1.393554e-01	-3.021877e+00	2.882521e+00
28.4          	-2.944091e+00	5.360307e-01	-1.336878e-01	-3.010935e+00	2.877247e+00
28.45         	-2.932061e+00	5.361671e-01	-1.270636e-01	-2.995593e+00	2.868529e+00
28.5          	-2.920215e+00	5.365212e-01	-1.199720e-01	-2.980202e+00	2.860229e+00
28.55         	-2.906075e+00	5.368316e-01	-1.118469e-01	-2.961999e+00	2.850152e+00
28.6          	-2.891138e+00	5.370752e-01	-1.034845e-01	-2.942880e+00	2.839396e+00
28.65         	-2.874857e+00	5.371532e-01	-9.486520e-02	-2.922290e+00	2.827425e+00
28.7          	-2.857755e+00	5.371958e-01	-8.593161e-02	-2.900721e+00	2.814789e+00
28.75         	-2.838994e+00	5.371990e-01	-7.627750e-02	-2.877133e+00	2.800855e+00
28.8          	-2.818714e+00	5.371788e-01	-6.594074e-02	-2.851684e+00	2.785743e+00
28.85         	-2.799151e+00	5.372595e-01	-5.571295e-02	-2.827007e+00	2.771294e+00
28.9          	-2.777359e+00	5.371817e-01	-4.478776e-02	-2.799752e+00	2.754965e+00
28.95         	-2.753409e+00	5.367077e-01	-3.379028e-02	-2.770305e+00	2.736514e+00
29            	-2.729045e+00	5.363771e-01	-2.224515e-02	-2.740168e+00	2.717923e+00
29.05         	-2.704467e+00	5.361827e-01	-1.026354e-02	-2.709599e+00	2.699335e+00
29.1          	-2.679894e+00	5.358589e-01	1.373648e-03	-2.679207e+00	2.680580e+00
29.15         	-2.654818e+00	5.355370e-01	1.324979e-02	-2.648193e+00	2.661443e+00
29.2          	-2.628581e+00	5.350630e-01	2.530716e-02	-2.615928e+00	2.641235e+00
29.25         	-2.603025e+00	5.347336e-01	3.737488e-02	-2.584338e+00	2.621713e+00
29.3          	-2.578383e+00	5.342318e-01	4.851877e-02	-2.554124e+00	2.602642e+00
29.35         	-2.552908e+00	5.339850e-01	6.070771e-02	-2.522554e+00	2.583262e+00
29.4          	-2.528421e+00	5.336805e-01	7.225105e-02	-2.492296e+00	2.564547e+00
29.45         	-2.504174e+00	5.333197e-01	8.353306e-02	-2.462408e+00	2.545941e+00
29.5          	-2.480184e+00	5.328661e-01	9.444808e-02	-2.432960e+00	2.527408e+00
29.55         	-2.458661e+00	5.326280e-01	1.046682e-01	-2.406327e+00	2.510995e+00
29.6          	-2.435197e+00	5.330217e-01	1.172558e-01	-2.376569e+00	2.493825e+00
29.65         	-2.415238e+00	5.327872e-01	1.266725e-01	-2.351902e+00	2.478575e+00
29.7          	-2.396204e+00	5.327063e-01	1.359887e-01	-2.328210e+00	2.464199e+00
29.75         	-2.378629e+00	5.326204e-01	1.445525e-01	-2.306353e+00	2.450905e+00
29.8          	-2.362889e+00	5.325950e-01	1.523488e-01	-2.286715e+00	2.439064e+00
29.85         	-2.348142e+00	5.325447e-01	1.595959e-01	-2.268344e+00	2.427940e+00
29.9          	-2.336519e+00	5.330179e-01	1.664540e-01	-2.253292e+00	2.419746e+00
29.95         	-2.324634e+00	5.331170e-01	1.725750e-01	-2.238347e+00	2.410922e+00
30            	-2.311409e+00	5.330681e-01	1.789295e-01	-2.221944e+00	2.400873e+00
30.05         	-2.310758e+00	5.337760e-01	1.810596e-01	-2.220229e+00	2.401288e+00
30.1          	-2.304478e+00	5.337423e-01	1.840268e-01	-2.212464e+00	2.396491e+00
30.15         	-2.297606e+00	5.339391e-01	1.877743e-01	-2.203719e+00	2.391493e+00
30.2          	-2.293385e+00	5.339417e-01	1.897034e-01	-2.198534e+00	2.388237e+00
30.25         	-2.295802e+00	5.348775e-01	1.907976e-01	-2.200403e+00	2.391201e+00
30.3          	-2.296089e+00	5.353896e-01	1.917167e-01	-2.200231e+00	2.391948e+00
30.35         	-2.300700e+00	5.354202e-01	1.893531e-01	-2.206024e+00	2.395377e+00
30.4          	-2.304094e+00	5.356972e-01	1.881794e-01	-2.210005e+00	2.398184e+00
30.45         	-2.309820e+00	5.358811e-01	1.855646e-01	-2.217037e+00	2.402602e+00
30.5          	-2.316405e+00	5.367260e-01	1.841491e-01	-2.224330e+00	2.408479e+00
30.55         	-2.324778e+00	5.368457e-01	1.800741e-01	-2.234741e+00	2.414815e+00
30.6          	-2.333029e+00	5.368345e-01	1.756719e-01	-2.245193e+00	2.420865e+00
30.65         	-2.344501e+00	5.371137e-01	1.703871e-01	-2.259308e+00	2.429695e+00
30.7          	-2.355633e+00	5.372227e-01	1.648231e-01	-2.273221e+00	2.438044e+00
30.75         	-2.367730e+00	5.374231e-01	1.589934e-01	-2.288234e+00	2.447227e+00
30.8          	-2.381696e+00	5.376031e-01	1.521633e-01	-2.305614e+00	2.457778e+00
30.85         	-2.394935e+00	5.377447e-01	1.455946e-01	-2.322138e+00	2.467733e+00
30.9          	-2.410291e+00	5.376077e-01	1.372780e-01	-2.341652e+00	2.478930e+00
30.95         	-2.426675e+00	5.376024e-01	1.287792e-01	-2.362286e+00	2.491065e+00
31            	-2.443611e+00	5.376095e-01	1.200306e-01	-2.383596e+00	2.503627e+00
31.05         	-2.459551e+00	5.372807e-01	1.109589e-01	-2.404072e+00	2.515031e+00
31.1          	-2.477252e+00	5.370380e-01	1.012219e-01	-2.426641e+00	2.527863e+00
31.15         	-2.495362e+00	5.367474e-01	9.117560e-02	-2.449774e+00	2.540950e+00
31.2          	-2.514563e+00	5.364112e-01	8.048152e-02	-2.474322e+00	2.554803e+00
31.25         	-2.534666e+00	5.360596e-01	6.930239e-02	-2.500015e+00	2.569318e+00
31.3          	-2.555313e+00	5.358136e-01	5.814785e-02	-2.526239e+00	2.584387e+00
31.35         	-2.575641e+00	5.353876e-01	4.671000e-02	-2.552286e+00	2.598996e+00
31.4          	-2.596065e+00	5.348348e-01	3.492608e-02	-2.578602e+00	2.613528e+00
31.45         	-2.616055e+00	5.341778e-01	2.311512e-02	-2.604498e+00	2.627613e+00
31.5          	-2.637680e+00	5.337992e-01	1.119993e-02	-2.632080e+00	2.643280e+00
31.55         	-2.660675e+00	5.334745e-01	-1.247361e-03	-2.661299e+00	2.660051e+00
31.6          	-2.682768e+00	5.329678e-01	-1.369589e-02	-2.689616e+00	2.675920e+00
31.65         	-2.701348e+00	5.322681e-01	-2.479992e-02	-2.713747e+00	2.688948e+00
31.7          	-2.723951e+00	5.319337e-01	-3.701880e-02	-2.742460e+00	2.705441e+00
31.75         	-2.745513e+00	5.315302e-01	-4.887342e-02	-2.769950e+00	2.721077e+00
31.8          	-2.765107e+00	5.309590e-01	-6.018754e-02	-2.795201e+00	2.735013e+00
31.85         	-2.784127e+00	5.305786e-01	-7.075530e-02	-2.819504e+00	2.748749e+00
31.9          	-2.814226e+00	5.310135e-01	-8.456587e-02	-2.856509e+00	2.771943e+00
31.95         	-2.831905e+00	5.306422e-01	-9.437783e-02	-2.879093e+00	2.784716e+00
32            	-2.852208e+00	5.306183e-01	-1.045631e-01	-2.904490e+00	2.799927e+00
32.05         	-2.870816e+00	5.305605e-01	-1.140060e-01	-2.927819e+00	2.813813e+00
32.1          	-2.887814e+00	5.303922e-01	-1.229281e-01	-2.949278e+00	2.826350e+00
32.15         	-2.905434e+00	5.305739e-01	-1.311993e-01	-2.971034e+00	2.839834e+00
32.2          	-2.922292e+00	5.309929e-01	-1.385212e-01	-2.991552e+00	2.853031e+00
32.25         	-2.936306e+00	5.309813e-01	-1.454909e-01	-3.009052e+00	2.863561e+00
32.3          	-2.949715e+00	5.310390e-01	-1.519536e-01	-3.025692e+00	2.873738e+00
32.35         	-2.963724e+00	5.311494e-01	-1.585348e-01	-3.042992e+00	2.884457e+00
32.4          	-2.969116e+00	5.314073e-01	-1.605975e-01	-3.049414e+00	2.888817e+00
32.45         	-2.980415e+00	5.319384e-01	-1.647537e-01	-3.062791e+00	2.898038e+00
32.5          	-2.987179e+00	5.320557e-01	-1.676916e-01	-3.071025e+00	2.903333e+00
32.55         	-2.994733e+00	5.323688e-01	-1.705035e-01	-3.079985e+00	2.909482e+00
32.6          	-3.002017e+00	5.323036e-01	-1.739612e-01	-3.088998e+00	2.915037e+00
32.65         	-3.003502e+00	5.337460e-01	-1.712401e-01	-3.089122e+00	2.917881e+00
32.7          	-3.005761e+00	5.338387e-01	-1.719112e-01	-3.091717e+00	2.919806e+00
32.75         	-3.001963e+00	5.344875e-01	-1.682711e-01	-3.086098e+00	2.917827e+00
32.8          	-3.001938e+00	5.351377e-01	-1.664392e-01	-3.085158e+00	2.918719e+00
32.85         	-3.000749e+00	5.357569e-01	-1.640705e-01	-3.082784e+00	2.918714e+00
32.9          	-2.995730e+00	5.361083e-01	-1.604524e-01	-3.075956e+00	2.915504e+00
32.95         	-2.989910e+00	5.364402e-01	-1.564786e-01	-3.068149e+00	2.911670e+00
33            	-2.983348e+00	5.367904e-01	-1.520629e-01	-3.059380e+00	2.907317e+00
33.05         	-2.973130e+00	5.372765e-01	-1.455053e-01	-3.045883e+00	2.900378e+00
33.1          	-2.964935e+00	5.381051e-01	-1.390414e-01	-3.034456e+00	2.895414e+00
33.15         	-2.954543e+00	5.382562e-01	-1.331994e-01	-3.021143e+00	2.887943e+00
33.2          	-2.942319e+00	5.384722e-01	-1.262595e-01	-3.005449e+00	2.879189e+00
33.25         	-2.929051e+00	5.387458e-01	-1.186427e-01	-2.988372e+00	2.869730e+00
33.3          	-2.913150e+00	5.389461e-01	-1.099052e-01	-2.968103e+00	2.858198e+00
33.35         	-2.897064e+00	5.391894e-01	-1.009626e-01	-2.947545e+00	2.846582e+00
33.4          	-2.878971e+00	5.391943e-01	-9.161220e-02	-2.924778e+00	2.833165e+00
33.45         	-2.860374e+00	5.391780e-01	-8.208036e-02	-2.901415e+00	2.819334e+00
33.5          	-2.839342e+00	5.390842e-01	-7.153693e-02	-2.875110e+00	2.803573e+00
33.55         	-2.820266e+00	5.392149e-01	-6.142058e-02	-2.850976e+00	2.789555e+00
33.6          	-2.797125e+00	5.388661e-01	-5.048406e-02	-2.822367e+00	2.771883e+00
33.65         	-2.773459e+00	5.386258e-01	-3.903641e-02	-2.792977e+00	2.753941e+00
33.7          	-2.749152e+00	5.383375e-01	-2.740824e-02	-2.762856e+00	2.735448e+00
33.75         	-2.723479e+00	5.379307e-01	-1.540067e-02	-2.731179e+00	2.715779e+00
33.8          	-2.697487e+00	5.375877e-01	-3.092881e-03	-2.699034e+00	2.695941e+00
33.85         	-2.672230e+00	5.372555e-01	8.852362e-03	-2.667803e+00	2.676656e+00
33.9          	-2.645623e+00	5.368784e-01	2.135109e-02	-2.634947e+00	2.656298e+00
33.95         	-2.619449e+00	5.364658e-01	3.351782e-02	-2.602690e+00	2.636208e+00
34            	-2.592292e+00	5.360113e-01	4.607196e-02	-2.569256e+00	2.615328e+00
34.05         	-2.567313e+00	5.354076e-01	5.710933e-02	-2.538758e+00	2.595867e+00
34.1          	-2.541699e+00	5.352378e-01	6.954873e-02	-2.506924e+00	2.576473e+00
34.15         	-2.517321e+00	5.350145e-01	8.123423e-02	-2.476704e+00	2.557938e+00
34.2          	-2.492504e+00	5.343474e-01	9.203516e-02	-2.446487e+00	2.538522e+00
34.25         	-2.468947e+00	5.341034e-01	1.032610e-01	-2.417316e+00	2.520577e+00
34.3          	-2.447084e+00	5.338723e-01	1.136444e-01	-2.390262e+00	2.503907e+00
34.35         	-2.424710e+00	5.342673e-01	1.256871e-01	-2.361866e+00	2.487553e+00
34.4          	-2.404699e+00	5.341298e-01	1.353592e-01	-2.337019e+00	2.472378e+00
34.45         	-2.385565e+00	5.338291e-01	1.441830e-01	-2.313473e+00	2.457656e+00
34.5          	-2.369678e+00	5.339945e-01	1.525082e-01	-2.293424e+00	2.445933e+00
34.55         	-2.354591e+00	5.339236e-01	1.598712e-01	-2.274655e+00	2.434526e+00
34.6          	-2.342301e+00	5.343859e-01	1.670547e-01	-2.258774e+00	2.425829e+00
34.65         	-2.329419e+00	5.344398e-01	1.735696e-01	-2.242634e+00	2.416204e+00
34.7          	-2.317945e+00	5.345790e-01	1.795512e-01	-2.228169e+00	2.407721e+00
34.75         	-2.314144e+00	5.350047e-01	1.825353e-01	-2.222877e+00	2.405412e+00
34.8          	-2.307579e+00	5.350876e-01	1.859343e-01	-2.214612e+00	2.400546e+00
34.85         	-2.299705e+00	5.351966e-01	1.899766e-01	-2.204716e+00	2.394693e+00
34.9          	-2.294817e+00	5.352879e-01	1.924829e-01	-2.198576e+00	2.391059e+00
34.95         	-2.297347e+00	5.362341e-01	1.935137e-01	-2.200590e+00	2.394104e+00
35            	-2.295546e+00	5.363508e-01	1.945125e-01	-2.198290e+00	2.392802e+00
35.05         	-2.301666e+00	5.368242e-01	1.925114e-01	-2.205410e+00	2.397922e+00
35.1          	-2.304396e+00	5.370141e-01	1.914017e-01	-2.208695e+00	2.400096e+00
35.15         	-2.309103e+00	5.372880e-01	1.895526e-01	-2.214327e+00	2.403880e+00
35.2          	-2.316192e+00	5.376474e-01	1.866869e-01	-2.222848e+00	2.409535e+00
35.25         	-2.322424e+00	5.381670e-01	1.846379e-01	-2.230105e+00	2.414743e+00
35.3          	-2.331896e+00	5.380314e-01	1.793426e-01	-2.242225e+00	2.421567e+00
35.35         	-2.342336e+00	5.382606e-01	1.744475e-01	-2.255113e+00	2.429560e+00
35.4          	-2.353432e+00	5.384019e-01	1.689821e-01	-2.268941e+00	2.437923e+00
35.45         	-2.365534e+00	5.385909e-01	1.631173e-01	-2.283976e+00	2.447093e+00
35.5          	-2.378790e+00	5.386895e-01	1.564355e-01	-2.300572e+00	2.457007e+00
35.55         	-2.392284e+00	5.387376e-01	1.495027e-01	-2.317533e+00	2.467036e+00
35.6          	-2.407761e+00	5.387968e-01	1.416112e-01	-2.336955e+00	2.478566e+00
35.65         	-2.423454e+00	5.387454e-01	1.333368e-01	-2.356785e+00	2.490122e+00
35.7          	-2.440008e+00	5.386027e-01	1.243999e-01	-2.377808e+00	2.502208e+00
35.75         	-2.457732e+00	5.385992e-01	1.152360e-01	-2.400114e+00	2.515350e+00
35.8          	-2.474228e+00	5.381968e-01	1.057010e-01	-2.421378e+00	2.527079e+00
35.85         	-2.492277e+00	5.379132e-01	9.569332e-02	-2.444431e+00	2.540124e+00
35.9          	-2.511466e+00	5.375594e-01	8.495554e-02	-2.468988e+00	2.553943e+00
35.95         	-2.530744e+00	5.370695e-01	7.384119e-02	-2.493823e+00	2.567664e+00
36            	-2.552151e+00	5.369248e-01	6.254685e-02	-2.520878e+00	2.583425e+00
36.05         	-2.572421e+00	5.364208e-01	5.093628e-02	-2.546953e+00	2.597889e+00
36.1          	-2.593658e+00	5.359972e-01	3.906100e-02	-2.574127e+00	2.613188e+00
36.15         	-2.614212e+00	5.354105e-01	2.713571e-02	-2.600645e+00	2.627780e+00
36.2          	-2.635056e+00	5.348400e-01	1.512941e-02	-2.627491e+00	2.642620e+00
36.25         	-2.657094e+00	5.343190e-01	2.662110e-03	-2.655763e+00	2.658425e+00
36.3          	-2.679231e+00	5.338608e-01	-9.688753e-03	-2.684076e+00	2.674387e+00
36.35         	-2.698761e+00	5.332246e-01	-2.112847e-02	-2.709325e+00	2.688197e+00
36.4          	-2.722406e+00	5.329255e-01	-3.377659e-02	-2.739294e+00	2.705518e+00
36.45         	-2.743761e+00	5.323593e-01	-4.596003e-02	-2.766741e+00	2.720781e+00
36.5          	-2.764325e+00	5.319336e-01	-5.736697e-02	-2.793009e+00	2.735642e+00
36.55         	-2.785085e+00	5.316075e-01	-6.865286e-02	-2.819412e+00	2.750759e+00
36.6          	-2.813584e+00	5.319855e-01	-8.186789e-02	-2.854518e+00	2.772650e+00
36.65         	-2.832513e+00	5.315431e-01	-9.244802e-02	-2.878737e+00	2.786289e+00
36.7          	-2.849443e+00	5.309873e-01	-1.023366e-01	-2.900611e+00	2.798275e+00
36.75         	-2.871908e+00	5.313835e-01	-1.125290e-01	-2.928172e+00	2.815643e+00
36.8          	-2.888658e+00	5.311539e-01	-1.214789e-01	-2.949397e+00	2.827918e+00
36.85         	-2.904676e+00	5.309959e-01	-1.298689e-01	-2.969611e+00	2.839742e+00
36.9          	-2.924535e+00	5.317774e-01	-1.377266e-01	-2.993398e+00	2.855671e+00
36.95         	-2.938924e+00	5.317446e-01	-1.449451e-01	-3.011396e+00	2.866451e+00
37            	-2.952559e+00	5.317594e-01	-1.516376e-01	-3.028378e+00	2.876740e+00
37.05         	-2.967732e+00	5.318801e-01	-1.587648e-01	-3.047114e+00	2.888350e+00
37.1          	-2.972573e+00	5.320618e-01	-1.607643e-01	-3.052955e+00	2.892191e+00
37.15         	-2.981893e+00	5.320514e-01	-1.653131e-01	-3.064549e+00	2.899236e+00
37.2          	-2.992406e+00	5.327860e-01	-1.685607e-01	-3.076686e+00	2.908125e+00
37.25         	-2.995132e+00	5.325881e-01	-1.702260e-01	-3.080245e+00	2.910019e+00
37.3          	-3.006731e+00	5.333677e-01	-1.738699e-01	-3.093666e+00	2.919796e+00
37.35         	-3.009127e+00	5.342290e-01	-1.729295e-01	-3.095592e+00	2.922662e+00
37.4          	-3.011869e+00	5.346783e-01	-1.729858e-01	-3.098362e+00	2.925376e+00
37.45         	-3.007299e+00	5.348461e-01	-1.701120e-01	-3.092355e+00	2.922243e+00
37.5          	-3.008112e+00	5.356043e-01	-1.684386e-01	-3.092332e+00	2.923893e+00
37.55         	-3.005176e+00	5.360340e-01	-1.656873e-01	-3.088020e+00	2.922332e+00
37.6          	-3.003910e+00	5.368498e-01	-1.627831e-01	-3.085301e+00	2.922518e+00
37.65         	-2.997357e+00	5.370216e-01	-1.588300e-01	-3.076772e+00	2.917942e+00
37.7          	-2.989356e+00	5.373204e-01	-1.538401e-01	-3.066276e+00	2.912436e+00
37.75         	-2.981855e+00	5.379514e-01	-1.482667e-01	-3.055988e+00	2.907721e+00
37.8          	-2.971550e+00	5.381145e-01	-1.424431e-01	-3.042771e+00	2.900328e+00
37.85         	-2.963529e+00	5.388676e-01	-1.362507e-01	-3.031654e+00	2.895403e+00
37.9          	-2.951941e+00	5.392094e-01	-1.293123e-01	-3.016597e+00	2.887285e+00
37.95         	-2.938590e+00	5.394331e-01	-1.217839e-01	-2.999482e+00	2.877698e+00
38            	-2.922503e+00	5.395979e-01	-1.130349e-01	-2.979021e+00	2.865986e+00
38.05         	-2.906894e+00	5.398633e-01	-1.042703e-01	-2.959029e+00	2.854759e+00
38.1          	-2.890213e+00	5.399037e-01	-9.553380e-02	-2.937980e+00	2.842446e+00
38.15         	-2.870006e+00	5.397872e-01	-8.543945e-02	-2.912726e+00	2.827286e+00
38.2          	-2.850419e+00	5.398518e-01	-7.521816e-02	-2.888028e+00	2.812810e+00
38.25         	-2.830352e+00	5.398046e-01	-6.504625e-02	-2.862875e+00	2.797828e+00
38.3          	-2.807900e+00	5.396459e-01	-5.397249e-02	-2.834886e+00	2.780914e+00
38.35         	-2.783905e+00	5.393240e-01	-4.255684e-02	-2.805183e+00	2.762626e+00
38.4          	-2.759830e+00	5.390058e-01	-3.111457e-02	-2.775387e+00	2.744273e+00
38.45         	-2.733690e+00	5.384939e-01	-1.912766e-02	-2.743253e+00	2.724126e+00
38.5          	-2.707881e+00	5.382625e-01	-6.631196e-03	-2.711197e+00	2.704565e+00
38.55         	-2.682234e+00	5.378962e-01	5.430472e-03	-2.679519e+00	2.684949e+00
38.6          	-2.655590e+00	5.374763e-01	1.784158e-02	-2.646669e+00	2.664510e+00
38.65         	-2.629015e+00	5.370557e-01	3.019528e-02	-2.613917e+00	2.644112e+00
38.7          	-2.602294e+00	5.366662e-01	4.269299e-02	-2.580948e+00	2.623641e+00
38.75         	-2.576411e+00	5.359056e-01	5.380439e-02	-2.549509e+00	2.603313e+00
38.8          	-2.550508e+00	5.357815e-01	6.650288e-02	-2.517257e+00	2.583759e+00
38.85         	-2.526152e+00	5.355762e-01	7.822567e-02	-2.487039e+00	2.565265e+00
38.9          	-2.501071e+00	5.351061e-01	8.964663e-02	-2.456248e+00	2.545895e+00
38.95         	-2.476943e+00	5.347289e-01	1.008212e-01	-2.426532e+00	2.527354e+00
39            	-2.454948e+00	5.341529e-01	1.104734e-01	-2.399711e+00	2.510185e+00
39.05         	-2.431459e+00	5.348186e-01	1.237000e-01	-2.369609e+00	2.493309e+00
39.1          	-2.410941e+00	5.346294e-01	1.335030e-01	-2.344190e+00	2.477693e+00
39.15         	-2.392313e+00	5.345249e-01	1.425445e-01	-2.321041e+00	2.463585e+00
39.2          	-2.373805e+00	5.342217e-01	1.510301e-01	-2.298290e+00	2.449320e+00
39.25         	-2.359629e+00	5.344555e-01	1.587022e-01	-2.280278e+00	2.438980e+00
39.3          	-2.345886e+00	5.346610e-01	1.660105e-01	-2.262881e+00	2.428892e+00
39.35         	-2.333130e+00	5.348399e-01	1.727490e-01	-2.246755e+00	2.419504e+00
39.4          	-2.321392e+00	5.349335e-01	1.787613e-01	-2.232011e+00	2.410773e+00
39.45         	-2.314982e+00	5.351433e-01	1.824645e-01	-2.223750e+00	2.406214e+00
39.5          	-2.309008e+00	5.353514e-01	1.859225e-01	-2.216046e+00	2.401969e+00
39.55         	-2.301387e+00	5.355293e-01	1.900214e-01	-2.206377e+00	2.396398e+00
39.6          	-2.296705e+00	5.357553e-01	1.927720e-01	-2.200319e+00	2.393091e+00
39.65         	-2.298729e+00	5.367058e-01	1.940578e-01	-2.201700e+00	2.395758e+00
39.7          	-2.296073e+00	5.367003e-01	1.951864e-01	-2.198480e+00	2.393666e+00
39.75         	-2.299752e+00	5.370554e-01	1.940829e-01	-2.202711e+00	2.396794e+00
39.8          	-2.303420e+00	5.373067e-01	1.926948e-01	-2.207072e+00	2.399767e+00
39.85         	-2.307838e+00	5.376074e-01	1.910566e-01	-2.212309e+00	2.403366e+00
39.9          	-2.313835e+00	5.379836e-01	1.887776e-01	-2.219446e+00	2.408224e+00
39.95         	-2.321699e+00	5.385189e-01	1.859420e-01	-2.228728e+00	2.414670e+00
40            	-2.330324e+00	5.384596e-01	1.812736e-01	-2.239688e+00	2.420961e+00
