/*--------------------------------*- C++ -*----------------------------------*\
  =========                 |
  \\      /  F ield         | OpenFOAM: The Open Source CFD Toolbox
   \\    /   O peration     | Website:  https://openfoam.org
    \\  /    A nd           | Version:  10
     \\/     M anipulation  |
\*---------------------------------------------------------------------------*/
FoamFile
{
    format      ascii;
    class       volScalarField;
    location    "18.5";
    object      p;
}
// * * * * * * * * * * * * * * * * * * * * * * * * * * * * * * * * * * * * * //

dimensions      [0 2 -2 0 0 0 0];

internalField   nonuniform List<scalar> 
6397
(
4.73078
4.52858
-0.243104
-0.784541
-1.74004
-1.05738
8.1034
5.76405
-10.2141
-8.1752
2.65786
-0.67292
-0.250518
-0.194185
-0.25369
-18.129
-17.2172
-16.8941
12.0215
12.0317
11.1941
-8.03816
-6.78106
-5.95513
-0.143048
-0.107506
-0.0588725
-3.6888
-3.80915
-2.57491
-2.69555
-1.51605
-0.939664
-1.37357
-1.17912
-0.831127
-1.44325
-0.947053
0.00681614
0.00256984
-0.613879
-0.49089
-2.39606
-1.0274
-0.591664
-0.481793
-1.28441
-0.725451
0.735382
0.791289
0.868634
0.887519
0.851872
3.74578
3.09241
3.37375
3.40628
2.22495
-2.02861
-2.28329
-1.92752
-1.96273
-2.12926
-2.43498
-2.85153
-3.33859
-3.75752
-4.01976
-2.466
-2.65708
-3.03035
-2.04501
-1.79297
-1.67802
-1.69325
-1.81471
-2.02817
-2.27472
-2.49954
-2.61108
-3.65965
-3.10037
-3.89196
-2.56424
-4.23232
-3.49959
-3.55349
-2.40657
-4.59846
-3.76321
-3.13097
-2.22851
-4.70239
-4.53892
-2.74074
-2.06136
-5.10756
-5.08697
-5.33336
-3.91926
-4.61503
-2.43544
-3.14687
-1.4926
-1.87603
-1.14739
-1.25967
-1.19928
-1.13798
-1.4052
-1.30654
-1.45102
-1.46346
-1.3757
-1.42526
-1.37013
-4.75245
-3.34521
-4.0485
-5.34201
-5.29105
-4.40617
-5.06748
-2.97944
-3.66196
-2.09944
-2.45424
-1.84622
-1.90013
-2.12392
-1.92757
-2.6248
-2.37669
-2.77248
-2.74954
-4.1386
-3.43792
-4.51546
-1.48507
-2.02501
-3.81753
-2.80543
-2.98789
-1.73962
-0.900874
-1.21825
-1.69626
-5.17809
-4.53147
-1.65097
-2.4774
-5.19539
-5.37805
-3.81212
-4.61139
-2.15567
-2.94626
-1.06202
-1.52505
-0.566832
-0.757367
-0.449165
-0.474056
-0.522276
-0.476485
-0.5991
-0.571597
-0.620166
-0.610274
-0.707742
-5.88125
-4.84654
-6.7462
-6.61101
-5.43908
-6.31893
-3.43867
-4.39087
-2.13078
-2.68225
-1.55353
-1.76814
-1.50864
-1.48523
-1.72711
-1.62033
-1.76749
-1.7877
-1.75454
-3.5801
-3.07942
-3.67052
-3.74023
-2.46474
-2.52998
-2.14607
-0.332972
-0.661164
-1.70241
-2.16544
-2.24946
-2.19902
-1.79623
-2.18924
-1.62002
-2.7686
-3.36541
-2.4541
-0.978336
-0.911775
-2.42447
-4.96087
-4.2912
-4.954
-5.15922
-3.47119
-4.32054
-1.74718
-2.57409
-0.599758
-1.0936
-0.0523854
-0.272785
0.132999
0.0693105
0.126051
0.140906
0.064925
0.0895036
-0.00961502
0.0363185
-0.130105
-4.09147
-3.00448
-6.71972
-5.41071
-7.89609
-7.64202
-6.17754
-7.2849
-3.68026
-4.88089
-2.02611
-2.7315
-1.20928
-1.53749
-0.921288
-1.01474
-0.902825
-0.901596
-0.939456
-0.936849
-0.910072
-2.90779
-2.65399
-2.92988
-1.1509
-2.47922
-2.45157
-1.55485
-2.13178
-2.42229
-2.81809
-1.94411
-1.61681
-1.97149
-1.62841
-0.304062
-0.426148
-2.9009
-2.03004
-1.8601
-2.84093
-3.44445
-1.08784
-2.5634
-4.37187
-3.75064
-4.31816
-4.55772
-2.92849
-3.73756
-1.30909
-2.07827
-0.201269
-0.677505
0.345463
0.127816
0.55509
0.479675
0.590065
0.588072
0.555103
0.575527
0.461807
0.521906
0.151266
0.346755
-0.579256
-0.145493
-2.0258
-1.18729
-1.91543
-0.972328
-1.32687
-4.08571
-2.833
-7.03315
-5.56645
-8.40818
-8.06968
-6.42091
-7.67009
-3.62053
-4.96892
-1.75415
-2.55015
-0.800681
-1.19317
-0.370586
-0.539908
-0.217077
-0.268393
-0.19914
-0.188395
-0.229222
-2.27636
-2.21832
-2.17474
-1.48027
-0.783915
-4.09318
-3.05965
-2.61392
-2.97364
-1.20621
-1.27183
0.224694
0.0442371
-2.2305
-3.76953
-0.716926
-1.54195
-4.78051
-5.44341
-4.14341
-0.628815
-2.9007
-2.28305
-0.767159
-1.50482
-3.50178
-2.99757
-3.4359
-3.65193
-2.21493
-2.91656
-0.806263
-1.47028
0.154145
-0.258819
0.649026
0.453024
0.857977
0.780784
0.916264
0.900887
0.912552
0.918522
0.825954
0.883558
0.552231
0.716292
-0.023963
0.304502
-1.07532
-0.483751
-2.64928
-1.82893
-0.419032
-0.0438565
-0.174347
-1.4996
-0.837583
-3.72095
-2.46011
-6.68243
-5.21169
-7.9139
-7.70225
-6.06756
-7.30304
-3.25453
-4.61084
-1.36924
-2.17521
-0.382227
-0.795001
0.106464
-0.094133
0.350475
0.248745
0.394783
0.400276
0.333375
-0.746876
-0.00861166
-4.96948
-3.19258
-0.932361
-0.216688
-1.52236
-1.30409
-1.79673
-1.69386
-1.73611
-1.82573
-1.22966
-1.5251
-0.509708
-0.882319
-0.158754
-2.93322
-3.76621
-2.4764
-5.02824
-1.68782
-6.23157
-0.0366442
-0.819418
-6.50563
-3.17546
-5.17795
-0.340214
0.153713
-3.46761
-1.55364
-0.943948
-2.47979
-2.12075
-2.4422
-2.62057
-1.45123
-2.01754
-0.298733
-0.844348
0.483525
0.151265
0.888468
0.729323
1.06703
1.0013
1.13038
1.10916
1.1504
1.1437
1.09792
1.13629
0.890654
1.01398
0.472904
0.711549
-0.267268
0.145946
-1.31678
-0.790274
-1.43533
-1.59465
0.491106
0.565997
0.555838
0.0709842
0.337336
-0.963422
-0.347935
-3.00358
-1.85212
-5.70558
-4.35998
-6.83383
-6.64042
-5.17051
-6.29317
-2.60665
-3.84162
-0.894908
-1.62728
0.0140527
-0.370633
0.498405
0.2928
0.762505
0.649649
0.857342
0.833107
0.644051
0.78906
0.132381
0.436656
-0.256738
-1.77296
-1.52837
-1.69906
-1.69358
-1.78481
-1.29471
-1.52854
-0.648399
-0.995306
0.0575385
-0.290944
-0.0569434
0.543142
-2.68577
-0.942521
0.568591
0.345684
-3.43733
-4.8297
-2.81796
-6.40407
-1.84664
-7.38685
-0.865306
-6.85629
0.535454
-0.0589246
-4.66538
-0.392011
-1.94335
0.971405
0.525581
0.945018
0.0703883
0.678936
1.00659
0.743207
0.879091
0.977902
-4.26632
0.0404839
0.428182
-0.838639
-0.398535
-1.53599
-1.24856
-1.48704
-1.62809
-0.739337
-1.16457
0.136644
-0.278645
0.747624
0.49318
1.06048
0.941287
1.20192
1.15088
1.26964
1.2422
1.31664
1.29728
1.28515
1.31524
1.11511
1.21441
0.80582
0.978388
0.339571
0.586712
-0.195355
0.0592179
-0.176578
-0.319385
0.23322
0.962494
0.967022
0.902968
0.950673
0.550948
0.77162
-0.332324
0.189134
-2.02072
-1.0629
-4.28097
-3.16152
-5.29234
-5.06943
-3.92405
-4.84958
-1.79946
-2.82084
-0.378575
-0.987521
0.389354
0.0621787
0.815407
0.631357
1.06237
0.954938
1.16117
1.13992
0.982398
1.11259
0.432615
0.757836
0.0194502
-2.13103
-1.97852
-2.09156
-2.18723
-1.63964
-1.91117
-0.939538
-1.30462
-0.18286
-0.559663
0.479334
0.173061
0.717243
-4.02535
-5.99424
-3.10297
-7.50242
-1.89744
-7.77281
-0.827971
-6.26876
-0.0399501
-3.59121
0.858609
0.481357
-1.09176
1.23045
0.49249
1.05262
0.728498
0.949711
1.43262
1.71127
1.78852
1.13468
1.17686
0.878353
1.06124
-5.14859
0.367751
0.657393
-0.238092
0.0736926
-0.704845
-0.503367
-0.682762
-0.771168
-0.151324
-0.454061
0.482641
0.178896
0.934688
0.74167
1.17114
1.07704
1.28633
1.24012
1.35312
1.32295
1.39218
1.3795
1.34925
1.38159
1.23615
1.29755
1.08113
1.16347
0.862103
0.982905
0.600987
0.718042
0.710985
0.562611
1.31568
0.978952
1.57076
1.22318
1.15307
1.22806
1.23988
1.17956
1.20838
0.950469
1.10214
0.287733
0.68792
-1.02773
-0.284476
-2.76449
-1.90658
-3.56778
-3.37789
-2.55745
-3.23909
-0.983096
-1.74351
0.110217
-0.36142
0.718212
0.459559
1.06488
0.917825
1.2699
1.18295
1.35905
1.33598
1.2168
1.32727
0.693726
1.00279
0.269892
-2.55958
-2.08786
-2.92141
-2.83343
-2.56552
-2.83993
-1.68959
-2.16272
-0.681307
-1.18099
0.181019
-0.219952
0.805481
0.525805
1.01155
-4.48619
-6.91503
-3.16361
-7.85785
-1.78809
-7.13347
-0.718285
-4.90621
-0.0421181
-2.27962
0.386002
-0.303236
0.835345
0.565942
0.893578
1.84263
1.61402
1.18437
-5.8345
0.966196
1.22193
1.1163
0.615079
0.81145
0.224983
0.42471
-0.0666116
0.0695147
-0.0597847
-0.108227
0.286542
0.0815107
0.731197
0.509002
1.0568
0.90765
1.23452
1.15304
1.334
1.28499
1.40243
1.36826
1.43901
1.42534
1.42961
1.43964
1.38498
1.41192
1.29658
1.34844
1.1663
1.23294
1.10159
1.11875
1.28569
1.14041
1.65289
1.44808
1.89995
1.81535
1.9425
1.93491
1.23548
1.0853
1.16621
1.36667
1.30862
1.40432
1.39496
1.37307
1.39653
1.22744
1.32293
0.764556
1.04785
-0.184159
0.351366
-1.373
-0.798296
-1.89929
-1.77141
-1.26404
-1.69248
-0.243505
-0.740804
0.518914
0.183034
0.980021
0.782165
1.25335
1.13902
1.40832
1.34465
1.47434
1.45274
1.36636
1.44565
0.91093
1.18455
0.0750591
0.529835
-0.425925
-3.48152
-2.17648
-2.90269
-3.82632
-3.79417
-3.12592
-3.59238
-1.84049
-2.51204
-0.541205
-1.1667
0.450733
0.00838462
1.03064
0.786047
1.29778
1.20035
1.31843
1.3287
0.69447
0.982943
1.88693
1.9353
-4.59286
-7.19587
-0.467424
-2.93372
-7.24257
1.23446
1.38789
1.30063
-1.54831
-5.69919
-0.620059
-3.30782
-0.11092
-1.08567
0.236884
0.337635
0.362986
1.24831
0.865588
0.529013
1.75809
1.93027
1.91934
-6.01863
1.02816
1.12793
0.789111
0.915076
0.547781
0.667641
0.376876
0.446004
0.372934
0.346705
0.582843
0.451145
0.882639
0.726123
1.12104
1.008
1.26597
1.19769
1.36228
1.31535
1.43527
1.40123
1.48484
1.46439
1.4947
1.49701
1.44972
1.47931
1.38641
1.41713
1.35525
1.36612
1.38637
1.36164
1.5295
1.43974
1.81398
1.67849
1.94212
1.90265
1.9334
1.94475
1.85963
1.90665
1.25167
1.04825
1.14742
1.41817
1.34434
1.51599
1.47214
1.5446
1.53651
1.51922
1.54123
1.41267
1.4792
1.09299
1.28894
0.464264
0.809671
-0.198615
0.11034
-0.515562
-0.41773
-0.230558
-0.435544
0.354427
0.0599715
0.845091
0.623612
1.17253
1.02809
1.38297
1.29226
1.49535
1.44844
1.53011
1.51588
1.44314
1.50131
1.10378
1.30693
0.422981
0.800096
-0.0240612
-2.87785
-1.97942
-4.34274
-3.72186
-4.65455
-4.67375
-3.64481
-4.288
-2.00373
-2.84623
-0.47319
-1.19408
0.627051
0.13988
1.21481
0.981334
1.42096
1.35329
1.42734
0.748119
0.971165
1.88
1.78314
-4.24176
-6.65672
1.21329
1.23528
-2.49819
-5.89362
-1.29784
-4.04513
-0.635673
-1.93785
-0.255807
-0.220412
0.0284702
0.805824
0.128996
1.54046
0.330522
1.87716
0.914714
0.610953
1.96078
1.16198
1.10353
0.87689
-1.43993
1.79148
1.66733
-5.57165
1.07014
1.14081
0.89301
0.981722
0.736947
0.814438
0.637917
0.682779
0.634266
0.623692
0.756561
0.678404
0.962104
0.852374
1.14474
1.05743
1.27004
1.21152
1.35986
1.31774
1.42528
1.39547
1.46178
1.44673
1.47902
1.47299
1.48485
1.48271
1.48812
1.48804
1.48797
1.48716
1.52462
1.49953
1.60571
1.5673
1.85482
1.7495
1.92699
1.91312
1.87683
1.91026
1.76817
1.83028
1.55311
1.67712
1.27981
1.22279
1.40024
1.34052
1.49596
1.45158
1.57339
1.5361
1.60949
1.59554
1.59997
1.60819
1.51904
1.56989
1.29183
1.42821
0.925822
1.11222
0.634086
0.768316
0.442409
0.520944
0.502289
0.446664
0.782906
0.632773
1.0764
0.937891
1.30323
1.20034
1.46122
1.39008
1.54341
1.50728
1.5534
1.54674
1.47294
1.51926
1.22599
1.37405
0.716476
1.00041
-0.0325252
0.366435
-0.431519
-3.38262
-2.39594
-4.91448
-4.26147
-5.2272
-5.27105
-4.006
-4.77388
-2.10324
-3.06984
-0.411583
-1.19767
0.738677
0.2351
1.32547
1.09778
1.49814
1.44624
1.40405
1.48582
1.28227
1.36063
-3.55652
-5.49931
1.3876
1.50005
1.1799
1.26525
1.1946
1.45935
1.3049
-2.05811
-4.34566
-1.18948
-2.65959
-0.78451
-0.984942
-0.478996
0.330116
-0.270404
1.15732
-0.133359
1.77637
0.110252
1.97682
1.07988
1.32294
1.3285
1.11885
0.458805
1.93782
0.841567
1.28248
-0.267094
1.23157
-4.64284
1.1511
1.17725
1.07228
1.12102
0.955849
1.00833
0.8612
0.898205
0.793841
0.818801
0.78954
0.781857
0.863837
0.815162
1.00679
0.928828
1.15314
1.0829
1.26568
1.21317
1.35409
1.31316
1.42366
1.39252
1.47188
1.45079
1.49982
1.48922
1.5025
1.50386
1.50197
1.50033
1.53276
1.5117
1.60421
1.56573
1.69326
1.64674
1.83414
1.77038
1.87295
1.86884
1.80845
1.85073
1.67607
1.75022
1.58043
1.35636
1.34017
1.39317
1.37156
1.483
1.43132
1.57411
1.53265
1.63528
1.60758
1.66141
1.65227
1.64833
1.65949
1.57973
1.62162
1.42147
1.51227
1.23438
1.31865
1.13242
1.17998
1.00083
1.07154
0.964374
0.950548
1.09655
1.02145
1.25713
1.17943
1.39146
1.32792
1.49372
1.44431
1.55197
1.52581
1.54691
1.55187
1.4752
1.51518
1.29073
1.39569
0.922128
1.12317
0.338448
0.645676
0.0161898
-1.53263
-0.621305
-3.50135
-2.51431
-5.12541
-4.40579
-5.44371
-5.50538
-4.11497
-4.94555
-2.11208
-3.12147
-0.359386
-1.17312
0.808847
0.302087
1.4042
1.1696
1.53735
1.50993
1.42649
1.50238
1.35121
1.62448
1.18148
1.18442
1.11872
-2.84555
-4.18412
-1.7955
-3.05489
-1.2892
-1.70872
1.26904
-1.04679
-0.370715
-0.823956
0.73287
-0.688886
1.40703
1.39738
1.56076
1.63299
1.51391
-0.447159
1.96535
1.2201
-0.104322
1.99963
0.818511
0.303072
1.82396
1.12591
0.394121
0.0675182
0.96615
0.940794
0.413039
-3.62065
1.12049
1.10519
1.12217
1.09634
1.10965
1.05868
1.083
0.987338
1.02259
0.915263
0.947126
0.882899
0.89569
0.884832
0.880057
0.93749
0.905401
1.03998
0.985139
1.15633
1.09921
1.25588
1.20846
1.33762
1.29927
1.40221
1.37285
1.44874
1.4279
1.48256
1.46726
1.50921
1.49594
1.53367
1.52173
1.55987
1.54514
1.6135
1.58174
1.69373
1.65372
1.79231
1.75358
1.80293
1.80857
1.73344
1.77713
1.59577
1.67199
1.38555
1.50157
1.08726
1.24453
0.752343
0.771429
0.925967
1.48414
1.51341
1.46835
1.46856
1.50796
1.48326
1.57445
1.53935
1.63407
1.60768
1.67253
1.65455
1.69135
1.68537
1.67686
1.68821
1.62277
1.65468
1.52815
1.57916
1.44929
1.47959
1.41595
1.43404
1.32014
1.37543
1.25665
1.26802
1.29521
1.26706
1.37901
1.33482
1.459
1.42079
1.51591
1.49009
1.54436
1.53466
1.52786
1.54218
1.45693
1.49946
1.31021
1.391
1.03966
1.1851
0.62675
0.842877
0.215142
0.408948
0.0719716
-1.43748
-0.456072
-3.24068
-2.29784
-4.88344
-4.14375
-5.21796
-5.26578
-3.95387
-4.74574
-2.03414
-3.00386
-0.331139
-1.12615
0.816429
0.318974
1.39312
1.16694
1.53628
1.50493
1.44351
1.51453
1.29151
1.35437
1.21988
-2.37153
-3.11688
0.616895
0.797032
0.672793
-1.78452
-2.18819
1.34851
-1.55732
-1.10318
-1.47284
0.0632213
0.999181
1.71899
1.81219
1.88076
1.7949
-1.34573
1.0838
1.63421
-1.22674
1.52985
0.560311
0.740645
1.3503
-0.856659
2.1253
0.856338
-0.277583
1.8696
0.239066
1.03766
1.05375
0.999545
1.06605
0.417946
0.621119
0.994823
-2.85821
1.06977
1.05868
1.05774
1.06439
1.03312
1.04929
0.993517
1.01406
0.955664
0.971438
0.937539
0.943413
0.945655
0.938622
0.987882
0.962801
1.06637
1.02444
1.15966
1.11283
1.24719
1.20445
1.32324
1.2866
1.38555
1.3568
1.43287
1.4111
1.46728
1.45183
1.49244
1.48005
1.52149
1.50562
1.56487
1.54087
1.62037
1.59197
1.69869
1.65271
1.73379
1.71426
1.73068
1.7408
1.6597
1.70303
1.5245
1.60012
1.32708
1.43425
1.07077
1.20356
0.9316
1.67632
1.74093
1.59072
1.6237
1.58109
1.57872
1.59511
1.58762
1.62734
1.60733
1.67066
1.65044
1.69829
1.68564
1.71184
1.70796
1.69834
1.7085
1.66106
1.68263
1.61109
1.63634
1.58377
1.59223
1.56824
1.57912
1.49572
1.53731
1.43055
1.45552
1.41849
1.41738
1.44959
1.43069
1.493
1.47147
1.52585
1.51216
1.53384
1.5336
1.50467
1.5254
1.42798
1.47795
1.29968
1.37807
1.09605
1.21256
0.818753
0.962903
0.546836
0.665381
0.43698
0.157141
0.67352
0.488604
-1.00757
-0.306625
-2.67792
-1.79399
-4.25625
-3.55052
-4.62381
-4.63539
-3.56174
-4.23155
-1.88453
-2.74246
-0.334892
-1.06519
0.756357
0.276466
1.32195
1.09935
1.47158
1.43864
1.40629
1.45839
1.25932
1.32672
1.18294
0.457227
0.557913
-2.20129
-2.4585
1.59034
-1.99401
-1.68093
1.93439
1.99701
2.02855
1.96342
-2.0248
-0.708577
1.05918
1.86744
-2.14103
0.446001
1.74285
-2.0822
1.39344
0.348327
0.718805
1.48205
-1.9011
1.48117
0.499555
1.02945
-1.3391
2.28233
0.358465
-0.415007
0.947728
0.729003
0.293203
0.439317
-2.46473
0.98291
0.909799
0.953761
1.01423
1.00061
1.02101
1.01782
1.01316
1.01924
0.992879
1.0041
0.973635
0.981451
0.968353
0.968676
0.982514
0.972904
1.02079
0.999056
1.08446
1.05073
1.16159
1.12265
1.23808
1.20013
1.30723
1.27327
1.36515
1.33743
1.41176
1.38972
1.44941
1.4318
1.48001
1.46517
1.50855
1.49427
1.54298
1.52394
1.59175
1.56599
1.64133
1.61832
1.67369
1.66373
1.65724
1.6716
1.58985
1.63014
1.46443
1.53441
1.28416
1.37991
1.06116
1.17675
0.830097
0.94485
0.635585
0.725604
0.323513
0.485761
0.555654
1.88637
1.94811
1.75761
1.81966
1.68571
1.71198
1.65978
1.67046
1.65422
1.65388
1.67368
1.66056
1.70213
1.68804
1.71858
1.71156
1.72596
1.72418
1.71532
1.72308
1.6904
1.70458
1.66392
1.67649
1.65538
1.65761
1.64243
1.65346
1.58488
1.61806
1.52399
1.55169
1.49471
1.50432
1.49848
1.49386
1.51241
1.5043
1.52103
1.51595
1.51227
1.51591
1.47411
1.49603
1.3974
1.44264
1.28058
1.35383
1.1192
1.21478
0.918937
1.02337
0.72405
0.810616
0.641465
0.665611
0.700749
0.346545
0.607353
-0.548456
-0.0248387
-1.98708
-1.21411
-3.34636
-2.74671
-3.73235
-3.68808
-3.00895
-3.48546
-1.68511
-2.37874
-0.377081
-1.00259
0.602317
0.16377
1.14869
0.926295
1.34425
1.28639
1.31768
1.34979
1.16905
1.24891
0.98892
1.10386
0.883171
0.932156
1.64991
-2.27196
-2.13513
0.840263
0.838046
2.05433
1.9826
-2.43693
-1.412
0.421617
0.247357
1.12384
1.89704
-2.81124
-0.421311
0.138673
1.79637
-3.11057
0.865774
0.122491
0.701552
1.61928
-3.14612
1.68769
0.218982
1.25457
-2.71707
1.2701
0.419555
0.656916
-1.76226
2.02736
-0.415411
0.38463
0.509854
0.472935
2.08367
2.13622
-2.3455
0.874439
0.744986
0.817684
0.93463
0.910316
0.965858
0.951032
0.985403
0.978361
0.987387
0.988062
0.98289
0.986694
0.980184
0.981566
0.985773
0.981611
1.00429
0.993424
1.04076
1.02037
1.09568
1.06658
1.16164
1.12801
1.22897
1.19518
1.29164
1.2606
1.34531
1.31952
1.38949
1.36837
1.42604
1.40874
1.45771
1.44225
1.48888
1.47314
1.52289
1.50544
1.55802
1.54044
1.59342
1.57646
1.61437
1.60888
1.59153
1.60872
1.52494
1.56328
1.41198
1.47474
1.25096
1.33641
1.05946
1.15821
0.864718
0.960108
0.704762
0.779521
0.59525
0.642933
0.552201
2.11882
2.1984
2.14737
2.05434
2.09234
1.9454
2.00477
1.8277
1.88202
1.75686
1.78575
1.71683
1.73345
1.70375
1.70606
1.70985
1.70476
1.72348
1.71677
1.73213
1.72874
1.73472
1.7344
1.72623
1.73213
1.70903
1.71833
1.69374
1.70059
1.68842
1.69024
1.67319
1.68445
1.62842
1.65353
1.57553
1.60141
1.53504
1.55255
1.51838
1.52435
1.5153
1.51588
1.51056
1.51319
1.49032
1.50132
1.44651
1.47132
1.37194
1.41477
1.26605
1.3257
1.12723
1.20287
0.964824
1.05006
0.821476
0.891054
0.755206
0.777645
0.800508
0.761903
0.595215
0.764847
-0.0824066
0.31544
-1.19917
-0.596189
-2.29474
-1.79949
-2.76602
-2.63064
-2.39836
-2.68167
-1.47168
-1.97016
-0.463391
-0.957847
0.371035
-0.0130945
0.889926
0.670945
1.11711
1.03909
1.1277
1.13914
1.02288
1.08345
0.924879
0.974081
0.826025
0.877354
0.776804
2.00769
-2.59579
-2.05575
0.387959
0.423945
0.482373
0.932026
0.663693
0.237326
1.18059
1.90863
-3.21991
-1.31494
0.0450322
1.82477
-4.04296
-0.1496
-0.0767976
0.649893
1.70871
-4.61397
1.35734
-0.0828916
1.49537
-4.69933
1.86301
0.321469
0.0630122
1.02805
-3.59065
1.27384
-0.128482
-1.86005
2.29107
2.13587
2.05379
-2.47284
0.81894
0.776411
0.885834
0.854755
0.925019
0.909076
0.952824
0.941718
0.965768
0.961684
0.97203
0.970162
0.97863
0.975401
0.992208
0.984386
1.01624
1.00294
1.0526
1.03263
1.10166
1.07558
1.15926
1.12969
1.21893
1.18884
1.27575
1.24762
1.32543
1.30145
1.36771
1.34735
1.40299
1.38626
1.43368
1.41889
1.46235
1.44812
1.49335
1.47745
1.52418
1.50929
1.54749
1.53718
1.55531
1.55454
1.53168
1.54828
1.46835
1.50469
1.3665
1.42239
1.22475
1.30002
1.06193
1.14563
0.90258
0.978695
0.774545
0.83586
0.676239
0.720167
0.603613
0.640954
0.356874
0.397545
0.563541
0.571643
2.16325
2.26377
2.2007
2.10217
2.13643
1.99773
2.05577
1.88315
1.93686
1.80948
1.84077
1.76496
1.78508
1.74184
1.75017
1.73768
1.73837
1.73999
1.73871
1.74147
1.74119
1.74013
1.74138
1.73189
1.7379
1.71838
1.7255
1.7069
1.71197
1.70055
1.7033
1.68378
1.69458
1.64438
1.66613
1.5949
1.62011
1.55261
1.57162
1.52959
1.5391
1.51424
1.52127
1.49596
1.50582
1.46554
1.48356
1.41745
1.4464
1.34592
1.38771
1.25026
1.301
1.12991
1.18961
0.995004
1.06032
0.879728
0.933371
0.825962
0.843751
0.852994
0.82743
0.951514
0.946641
0.849074
0.933912
0.382783
0.666763
-0.421671
0.0154759
-1.28029
-0.874055
-1.81642
-1.60761
-1.77771
-1.87155
-1.29086
-1.57112
-0.623019
-0.966371
0.0261936
-0.28371
0.520028
0.29356
0.828648
0.702886
0.914123
0.892463
0.87014
0.899068
0.827887
0.846391
0.763469
0.804856
0.710811
0.297082
1.45287
1.91588
-3.27548
-2.24467
0.636886
2.35223
0.0539403
1.8226
-4.53889
-1.34767
0.551472
0.431306
0.588857
-0.188206
2.34724
2.27105
0.660162
1.73254
-5.98288
0.132311
-0.338523
1.6158
-6.99004
1.79909
0.199198
-0.320575
1.30991
-6.58335
1.28562
-0.103286
0.427066
-4.16721
0.829387
0.227108
0.248509
-1.34859
0.276556
2.01973
1.94124
-2.94343
0.775932
0.719334
0.844304
0.815557
0.889718
0.870834
0.921555
0.908362
0.943356
0.9342
0.958854
0.951821
0.974327
0.966459
0.993779
0.983243
1.02073
1.00604
1.05732
1.03759
1.10312
1.07901
1.15502
1.12848
1.20851
1.18168
1.25972
1.2345
1.30557
1.28297
1.34544
1.32627
1.37922
1.36314
1.40848
1.39442
1.43504
1.42211
1.46087
1.44802
1.48506
1.47337
1.50206
1.49503
1.50248
1.50489
1.47599
1.49302
1.41819
1.45099
1.32788
1.37706
1.2084
1.27088
1.06756
1.13811
0.938234
0.999523
0.835716
0.884056
0.750295
0.789099
0.689814
0.7202
0.6548
0.658962
2.45675
2.4104
2.49655
2.31613
2.40038
2.20728
2.25119
2.13921
2.17413
2.03885
2.09375
1.92673
1.98024
1.85204
1.88433
1.80292
1.82591
1.77157
1.78444
1.75884
1.76393
1.7524
1.75539
1.7472
1.74985
1.74171
1.74497
1.73225
1.73675
1.72064
1.72657
1.71068
1.71519
1.70078
1.70595
1.68015
1.6921
1.64413
1.66326
1.60812
1.62409
1.5601
1.58057
1.52947
1.54368
1.5049
1.51699
1.47868
1.49307
1.44287
1.46373
1.39278
1.42196
1.32352
1.36174
1.23416
1.27983
1.12691
1.17966
1.01281
1.06777
0.918636
0.960941
0.869386
0.886064
0.875613
0.864697
0.895411
0.88657
1.03769
0.94333
0.979521
1.05583
1.07404
0.807775
0.96795
0.307853
0.591579
-0.377881
-0.0260984
-0.985357
-0.712169
-1.24949
-1.16341
-1.17884
-1.25178
-0.86136
-1.04405
-0.416659
-0.644921
0.0373783
-0.187598
0.425576
0.246693
0.65121
0.55816
0.734074
0.706354
0.732223
0.741279
0.685244
0.715768
0.590698
0.638902
0.564393
0.143848
1.80684
-4.46246
-2.73711
0.610045
0.688045
0.901629
-0.179936
0.0460126
0.0114871
2.49388
2.42393
0.566138
1.71165
-6.73784
-1.49678
-0.479415
1.64908
-8.94934
0.331815
0.0922885
0.0921561
-0.657164
1.54282
-9.81808
1.74952
-0.59421
1.01965
-7.83951
0.338159
-0.322708
-0.456875
-3.67796
0.513153
1.87213
2.15736
2.01378
0.360367
1.81011
-3.84376
0.728808
0.670722
0.806641
0.774043
0.856996
0.834706
0.894047
0.877924
0.921851
0.90946
0.944228
0.933823
0.966187
0.955187
0.991252
0.978242
1.02136
1.00556
1.05801
1.03876
1.10109
1.07866
1.14864
1.12437
1.19752
1.17304
1.24418
1.22129
1.28647
1.26562
1.32354
1.30574
1.35516
1.34002
1.38234
1.36936
1.40638
1.39475
1.42836
1.41771
1.44644
1.43812
1.45687
1.45285
1.45348
1.4574
1.42647
1.44326
1.37319
1.40295
1.29398
1.33684
1.19031
1.24476
1.07314
1.13161
0.967926
1.01809
0.880744
0.922225
0.816261
0.84497
0.765937
0.790352
0.74611
0.746133
0.739229
0.816388
0.771657
0.645298
2.57491
2.54107
2.52672
2.62276
2.60064
2.36088
2.43867
2.24685
2.297
2.16706
2.20632
2.07041
2.12251
1.9631
2.01475
1.88636
1.92056
1.83326
1.85818
1.79512
1.81197
1.77452
1.78328
1.76103
1.76761
1.74993
1.75522
1.74065
1.7455
1.73021
1.73548
1.71849
1.72432
1.70685
1.71249
1.69283
1.70003
1.67109
1.6832
1.63645
1.65526
1.58842
1.61505
1.55546
1.57363
1.52274
1.53831
1.49358
1.50839
1.46186
1.47934
1.4222
1.44459
1.37053
1.39922
1.30297
1.33833
1.21898
1.26113
1.12203
1.17048
1.02325
1.0721
0.941887
0.979601
0.893651
0.911351
0.878645
0.882263
0.873031
0.875188
0.875799
0.961283
0.881778
0.918922
1.09409
1.00705
1.20674
1.17154
1.15495
1.20473
0.866189
1.05104
0.32061
0.61236
-0.292125
0.011872
-0.819588
-0.573482
-1.13514
-1.00881
-1.18712
-1.19491
-0.974791
-1.11127
-0.539363
-0.780342
-0.0263424
-0.279646
0.369188
0.190857
0.595333
0.505458
0.632479
0.634433
0.59104
0.613026
0.530485
0.562056
0.497059
0.507933
-0.0808093
2.33775
1.83517
2.06238
2.21716
0.26778
1.69543
1.6742
-6.48337
-3.55466
-0.489888
1.60781
-10.0171
-1.77466
0.806239
0.874071
-0.159453
0.193932
0.615654
0.486543
2.55332
2.64187
0.884028
0.842574
0.832079
0.485779
0.442394
0.431508
-0.867265
1.60149
-12.3304
0.394363
-0.280593
-0.210652
-1.07416
1.43264
-11.4254
1.02918
-0.516732
-0.95005
1.58791
1.85785
0.446507
-7.2624
-0.332878
-2.30338
1.65303
-5.3319
0.59064
0.539027
0.690434
0.64126
0.770284
0.734603
0.826126
0.800559
0.868424
0.849085
0.901689
0.886264
0.92993
0.916464
0.956949
0.943518
0.985784
0.971019
1.01834
1.00149
1.0556
1.03636
1.09708
1.07578
1.14121
1.11885
1.18599
1.16357
1.2289
1.20782
1.26795
1.24885
1.30229
1.28578
1.33154
1.31755
1.35629
1.34451
1.37741
1.3673
1.39566
1.38698
1.40931
1.4033
1.41474
1.41321
1.40785
1.41323
1.38154
1.39735
1.33356
1.36016
1.26458
1.3016
1.17589
1.22233
1.07916
1.12706
0.992971
1.03444
0.919015
0.954195
0.868583
0.890482
0.833866
0.850082
0.828068
0.823925
0.884881
0.848415
0.720927
2.63912
2.5329
2.58956
2.69596
2.67306
2.72281
2.70818
2.39804
2.4709
2.283
2.33571
2.19237
2.23645
2.09612
2.14636
1.99335
2.04344
1.91407
1.95011
1.85709
1.884
1.81299
1.83313
1.78582
1.79778
1.76615
1.77571
1.75023
1.75772
1.73773
1.74388
1.7254
1.73167
1.71188
1.71856
1.6984
1.70497
1.68245
1.69074
1.65884
1.67192
1.62444
1.64289
1.58505
1.60472
1.54786
1.56597
1.51372
1.53047
1.48072
1.4976
1.4451
1.46422
1.40268
1.42576
1.34991
1.37802
1.28387
1.31788
1.20478
1.24482
1.11673
1.16123
1.0291
1.07257
0.954449
0.989267
0.903506
0.924972
0.874804
0.886532
0.859258
0.865994
0.851862
0.998493
0.939802
1.15448
1.05869
1.33292
1.25013
1.42694
1.39919
1.30467
1.40303
0.893164
1.13176
0.245686
0.591516
-0.499083
-0.12675
-1.15829
-0.847414
-1.57624
-1.40788
-1.6074
-1.64305
-1.22205
-1.46422
-0.565722
-0.910236
0.052718
-0.236366
0.43081
0.279227
0.51898
0.502426
0.49705
0.509714
0.466723
0.483104
0.452419
-0.39157
2.45144
1.45331
1.52078
-9.5173
-4.73272
0.933462
-0.379547
0.34436
2.73299
0.806337
0.788544
0.469558
0.418927
-0.912626
1.50353
-13.5444
-2.05035
-0.134187
-1.38001
1.55511
-14.2316
0.0233873
-0.649737
-0.531606
-0.874809
-1.54185
1.27743
1.58833
1.1824
-10.1965
-0.385677
-1.2059
-0.493017
-4.4725
2.3438
2.20376
1.44673
-7.54357
0.570012
0.520648
0.661794
0.617628
0.738311
0.701828
0.797646
0.769877
0.844379
0.822468
0.882401
0.864365
0.915476
0.899446
0.946912
0.931305
0.979081
0.962804
1.01343
0.995922
1.05078
1.03175
1.09099
1.07055
1.13279
1.11175
1.17438
1.15366
1.2139
1.19448
1.24982
1.23231
1.2814
1.26618
1.30829
1.29546
1.33052
1.31998
1.34884
1.34016
1.36361
1.35675
1.37323
1.36923
1.37536
1.37535
1.36642
1.37263
1.34083
1.35579
1.29824
1.3216
1.23824
1.27038
1.16304
1.20205
1.08427
1.12305
1.01325
1.04774
0.952525
0.981011
0.912768
0.929876
0.892014
0.900191
0.897419
0.890258
0.946671
0.916405
0.992458
1.04028
0.989443
0.883503
0.941053
0.724548
0.810638
-0.888747
0.510482
0.623704
2.78136
2.7291
2.75728
2.8091
2.79786
2.82014
2.81519
2.74259
2.8276
2.82378
2.57665
2.65828
2.43015
2.50025
2.3134
2.36842
2.2151
2.26327
2.11717
2.16692
2.01745
2.06635
1.93648
1.97395
1.87524
1.90428
1.82666
1.84921
1.79313
1.80833
1.7685
1.78023
1.74836
1.75795
1.73244
1.74005
1.71784
1.7251
1.70295
1.71024
1.68797
1.69544
1.66957
1.67936
1.6444
1.658
1.61134
1.62884
1.57121
1.59225
1.53741
1.55494
1.50213
1.51971
1.46686
1.48499
1.42875
1.44879
1.38443
1.40785
1.33098
1.35883
1.2664
1.29961
1.19151
1.22982
1.11053
1.15167
1.03037
1.07006
0.959767
0.992813
0.905119
0.929829
0.868865
0.884886
0.842224
0.855704
0.824907
0.888314
0.772258
0.823494
1.04647
0.963862
1.22736
1.12715
1.44151
1.33187
1.6175
1.54509
1.59766
1.64221
1.28359
1.47719
0.651694
1.00835
-0.249881
0.222754
-1.22606
-0.743101
-2.00337
-1.65931
-2.27639
-2.21561
-1.9084
-2.17033
-1.10822
-1.53648
-0.300622
-0.68259
0.211118
0.0015243
0.386237
0.329024
0.409046
0.406362
0.397126
0.403933
0.385791
0.391612
0.368333
0.377601
-0.81406
2.68972
1.15142
1.35567
-12.6954
-6.05289
-0.00882697
-1.465
1.43312
-15.5954
-2.5794
-0.432067
1.05866
1.09737
2.75278
2.83391
-1.35896
0.75281
0.725552
0.698079
0.356607
0.316496
0.30614
-2.01064
2.01913
1.60551
-12.9095
-0.916139
-1.14379
-0.974903
-2.08623
-1.86798
1.00081
-6.57236
-1.89209
0.786385
1.16255
-1.27883
0.380298
0.685413
0.592814
2.6343
2.56761
1.21448
-9.89161
0.172855
0.453631
0.405891
0.548221
0.501149
0.6358
0.593619
0.710426
0.675115
0.77191
0.742709
0.822183
0.798319
0.864247
0.844069
0.901288
0.883231
0.936233
0.918914
0.971122
0.95358
1.0072
0.988968
1.04481
1.02582
1.08385
1.06419
1.12348
1.10364
1.16245
1.14311
1.19922
1.18117
1.23236
1.21629
1.26121
1.24731
1.28557
1.27397
1.30527
1.29599
1.32087
1.31355
1.33253
1.32727
1.33865
1.33638
1.33815
1.33927
1.32812
1.33465
1.30401
1.31785
1.26621
1.28672
1.21459
1.24214
1.15147
1.18391
1.08765
1.11895
1.02966
1.0579
0.981347
1.00368
0.951273
0.963923
0.941102
0.943556
0.956354
0.944975
1.00364
0.975107
1.08482
1.04055
0.966576
1.01536
0.841739
0.908943
0.766871
2.9209
2.91588
2.92055
2.91893
2.91997
2.91664
2.91759
2.91215
2.91552
2.9104
2.91028
2.5979
2.67267
2.45949
2.52676
2.34018
2.39777
2.23489
2.28636
2.13454
2.18463
2.037
2.08484
1.95423
1.99327
1.88901
1.91991
1.83637
1.8612
1.79721
1.81516
1.76827
1.78203
1.74397
1.75559
1.72498
1.73388
1.70869
1.71669
1.6923
1.70042
1.67544
1.68395
1.65559
1.66612
1.63003
1.64364
1.59798
1.61481
1.56092
1.57981
1.52563
1.54339
1.48978
1.50778
1.45295
1.47187
1.41313
1.4338
1.36734
1.39113
1.31341
1.34129
1.25033
1.28281
1.17919
1.21564
1.10342
1.1418
1.02802
1.06527
0.959341
0.992145
0.902209
0.928984
0.858831
0.879212
0.821341
0.840798
0.775712
0.799027
0.751291
0.891661
0.817669
1.08223
0.980814
1.30232
1.18316
1.54228
1.41624
1.76478
1.6652
1.83609
1.82721
1.62035
1.7745
0.963755
1.34944
-0.0812508
0.479014
-1.31876
-0.693822
-2.41363
-1.91046
-2.93772
-2.77105
-2.60803
-2.87968
-1.65774
-2.17541
-0.675934
-1.13857
-0.0401749
-0.307448
0.23764
0.13291
0.315988
0.29303
0.324971
0.322481
0.327752
0.328046
0.324239
-1.36415
2.91414
0.723169
1.21592
-14.5016
-6.69875
-0.283293
0.488198
0.21622
1.13419
2.91185
-1.99304
0.685186
0.6519
0.342887
0.295317
-2.25859
2.48191
1.54594
-14.4403
-3.03689
-0.849231
-2.92247
-2.49853
1.9942
-9.10167
-2.46124
1.6882
-2.95631
1.16262
-2.49125
0.372136
-1.66442
3.18378
3.24645
-1.90235
0.750138
0.704977
0.956136
-11.1834
-0.0540077
0.437824
0.39127
0.527141
0.482864
0.612049
0.570828
0.686061
0.650531
0.748815
0.718769
0.801768
0.776406
0.847175
0.825236
0.887649
0.867868
0.925555
0.906802
0.962606
0.944084
0.999899
0.98116
1.03775
1.01875
1.07602
1.05689
1.11393
1.09508
1.15052
1.13245
1.18472
1.16797
1.21534
1.20052
1.24175
1.22906
1.26367
1.25329
1.2808
1.27279
1.2937
1.28772
1.30252
1.29867
1.30586
1.30492
1.30322
1.3053
1.29226
1.29902
1.26999
1.2825
1.23681
1.25471
1.19284
1.21611
1.14087
1.16736
1.08937
1.11463
1.04268
1.06528
1.00588
1.02258
0.984837
0.993249
0.983354
0.98136
1.00642
0.991789
1.05284
1.02631
1.12549
1.08622
1.18784
1.21826
1.16997
1.12839
1.15876
1.05707
1.09493
0.964265
1.0123
0.861023
0.91341
0.804103
3.10045
3.13555
3.05022
3.07247
3.01925
3.03288
2.99883
3.00836
2.98782
2.99177
2.9127
2.98314
2.9846
2.76337
2.83969
2.61586
2.68797
2.48426
2.54797
2.36333
2.42291
2.25238
2.30659
2.1497
2.20032
2.05288
2.10044
1.96781
2.0084
1.89896
1.93164
1.84233
1.86926
1.79846
1.8188
1.76501
1.78089
1.73748
1.75055
1.71594
1.72601
1.69776
1.70663
1.68002
1.68883
1.66206
1.67112
1.64146
1.65234
1.61562
1.62925
1.5843
1.60055
1.5493
1.56706
1.51368
1.53155
1.47732
1.49568
1.4393
1.45873
1.39811
1.4193
1.35129
1.37545
1.29723
1.32513
1.23559
1.26731
1.16739
1.20228
1.09522
1.13164
1.02301
1.05872
0.955268
0.988159
0.896015
0.924485
0.845693
0.869994
0.799095
0.82215
0.746783
0.774225
0.717
-3.18768
0.104766
0.583153
0.730071
0.617862
0.669369
0.885798
0.802166
1.09683
0.98332
1.34496
1.21656
1.60464
1.47088
1.85314
1.73538
1.98446
1.94365
1.80676
1.94685
1.1616
1.5463
0.0359597
0.65249
-1.39358
-0.6605
-2.74252
-2.11195
-3.45412
-3.21164
-3.17422
-3.43505
-2.15908
-2.72189
-1.04472
-1.57699
-0.274138
-0.60469
0.0999568
-0.0454086
0.225309
0.183176
0.259983
0.246896
0.273295
0.268709
0.26628
0.271873
0.249649
0.25842
-2.16909
2.92033
0.200304
1.18099
-13.6072
-6.77785
-0.656618
0.0177257
-3.37286
-3.57368
1.96694
-10.943
-3.84101
3.41422
3.52726
2.32847
-1.43207
0.666756
0.239242
1.24349
1.26806
2.91768
2.98647
-3.98995
2.59008
-4.68731
-4.43132
1.29327
0.237606
0.206185
0.193618
0.580167
0.574559
0.53344
-3.65069
0.419804
-2.66311
1.04655
0.606495
1.1014
3.32573
-3.13309
0.691911
-10.7399
-0.352834
0.327799
0.282028
0.420742
0.374704
0.508177
0.465078
0.590658
0.550305
0.66424
0.62869
0.728068
0.697315
0.783143
0.756584
0.831247
0.807889
0.874536
0.853316
0.914929
0.894942
0.953889
0.934479
0.99218
0.973038
1.03013
1.01117
1.06764
1.04897
1.10414
1.08607
1.13881
1.12175
1.17073
1.15517
1.19892
1.18531
1.22295
1.21143
1.24246
1.23326
1.25717
1.25035
1.2675
1.26281
1.2736
1.27107
1.27468
1.27475
1.27042
1.27322
1.25879
1.26567
1.23829
1.24954
1.20949
1.2249
1.1724
1.19185
1.13049
1.15163
1.08972
1.10974
1.05304
1.07063
1.02627
1.03803
1.01395
1.01823
1.01959
1.01423
1.04775
1.0309
1.09618
1.06974
1.16381
1.12744
1.24874
1.20469
1.19649
1.21978
1.14416
1.17127
1.08735
1.11571
1.03643
1.06067
1.00341
1.01459
1.01151
3.26345
3.32868
3.1737
3.21372
3.11541
3.14146
3.07838
3.0949
3.05822
3.06612
3.04964
3.05155
2.7743
2.84683
2.63346
2.70279
2.50478
2.56804
2.38276
2.44313
2.26818
2.32434
2.16312
2.21464
2.06531
2.11339
1.97796
2.01992
1.90537
1.93999
1.84494
1.87377
1.79661
1.81927
1.75921
1.77683
1.72902
1.74336
1.70498
1.71623
1.68531
1.69477
1.66689
1.67605
1.64823
1.65767
1.62714
1.63817
1.60139
1.61484
1.57098
1.58671
1.53712
1.55428
1.50168
1.51951
1.46497
1.48348
1.4262
1.44595
1.38384
1.40555
1.33633
1.36077
1.28235
1.31017
1.22189
1.25292
1.15583
1.18951
1.0863
1.12133
1.01622
1.05106
0.948795
0.981914
0.886948
0.917162
0.830301
0.857967
0.776336
0.80294
0.717846
0.748144
0.649142
0.684777
0.612294
0.700598
0.634831
0.867844
0.778078
1.08382
0.969496
1.34216
1.20886
1.62478
1.4797
1.90647
1.76798
2.09053
2.02239
1.96246
2.08027
1.30997
1.70909
0.118146
0.772542
-1.42143
-0.626388
-2.9491
-2.22609
-3.80674
-3.50188
-3.56898
-3.82233
-2.51238
-3.10298
-1.30407
-1.88561
-0.440133
-0.814262
-0.00968315
-0.178473
0.147114
0.090394
0.20488
0.1829
0.223396
0.21754
0.219969
0.223873
0.214746
-3.42579
-4.94224
-0.884293
-0.446377
1.1834
-10.9309
-6.34524
3.67111
2.91449
-1.14438
-0.217563
1.29428
3.05003
-4.86978
1.39061
1.52774
2.30314
-6.91042
-5.63044
2.15794
-2.20009
0.0555905
0.221077
0.177097
0.166349
0.153301
0.534863
0.486313
0.535507
0.491834
-5.22586
2.13789
-1.52003
-6.82544
-5.26336
-4.09653
0.541307
-0.381872
0.536751
1.2011
-4.998
0.317908
-9.21426
3.75779
3.38634
-0.704303
0.311626
0.266514
0.403167
0.357515
0.490522
0.44751
0.571581
0.531856
0.644771
0.609149
0.709393
0.678018
0.76619
0.738608
0.81651
0.791972
0.862078
0.83969
0.904524
0.883532
0.945039
0.924907
0.984218
0.964719
1.02229
1.00335
1.05914
1.04087
1.09433
1.07696
1.1273
1.11111
1.15722
1.14268
1.18321
1.17067
1.20497
1.19458
1.22201
1.21402
1.23431
1.22864
1.24229
1.23874
1.24584
1.24457
1.24478
1.24578
1.23917
1.24253
1.22728
1.23404
1.20858
1.21863
1.18374
1.19688
1.15284
1.16887
1.11961
1.13611
1.08849
1.10368
1.06131
1.07419
1.0433
1.0508
1.03898
1.03937
1.05076
1.04269
1.08261
1.06412
1.13383
1.10627
1.19948
1.165
1.27981
1.23808
1.33899
1.36382
1.32203
1.29678
1.3171
1.26031
1.27786
1.22909
1.24371
1.20711
1.21631
1.20883
1.20455
1.25338
1.2237
1.30529
3.91412
4.02781
3.60837
3.74373
3.41178
3.49941
3.28704
3.34271
3.205
3.24209
3.15147
3.17528
3.12118
3.13382
3.10911
3.11287
3.05346
3.11081
3.10833
2.92502
2.99175
2.7863
2.85568
2.65066
2.71774
2.52228
2.58572
2.39889
2.46012
2.28204
2.33953
2.17436
2.22721
2.07471
2.12365
1.98502
2.02839
1.90866
1.94524
1.84434
1.87511
1.79194
1.81658
1.75105
1.77022
1.71824
1.73371
1.69226
1.70429
1.67169
1.6814
1.65291
1.66214
1.63395
1.64342
1.61291
1.62376
1.58769
1.60069
1.55812
1.5737
1.52506
1.54176
1.48985
1.50758
1.45301
1.47165
1.4138
1.43381
1.37059
1.39273
1.32245
1.34716
1.26857
1.29623
1.20904
1.23946
1.14466
1.17736
1.077
1.11108
1.00813
1.04251
0.940444
0.973962
0.875852
0.907655
0.814147
0.844579
0.753394
0.78375
0.688948
0.721833
0.615322
0.653597
0.576376
0.659873
0.591414
0.831136
0.740625
1.03983
0.930114
1.30333
1.16459
1.61705
1.45566
1.92463
1.77675
2.11477
2.04438
1.98428
2.10484
1.34096
1.73179
0.168173
0.814801
-1.35642
-0.56924
-2.93976
-2.19768
-3.84097
-3.50338
-3.68308
-3.89845
-2.66512
-3.24469
-1.40986
-2.01634
-0.516733
-0.903986
-0.0737051
-0.247985
0.0919135
0.0294605
0.160851
0.134705
0.181172
0.175203
0.17993
0.182245
0.174932
-5.30052
1.76892
-2.34957
-0.949352
0.9414
-8.28083
-7.34952
4.07345
3.00095
-1.70242
-0.526626
0.136357
0.441957
-6.767
2.90745
-4.17385
-8.16412
1.73859
-3.16636
-0.250977
1.38154
1.40397
3.06057
3.11747
-7.70612
-6.50965
-7.18575
-7.73452
1.48402
0.640456
0.116534
2.13603
-4.53003
1.96622
2.6003
0.0774195
-8.5159
3.62508
-1.14433
0.20185
0.114366
0.155935
0.295101
0.248318
0.386334
0.340676
0.47386
0.430426
0.554567
0.514662
0.627575
0.591508
0.692778
0.660587
0.750875
0.722169
0.802966
0.777193
0.850395
0.826846
0.89457
0.872597
0.936392
0.915579
0.976265
0.956457
1.01439
0.995452
1.05071
1.03274
1.08478
1.06797
1.1162
1.1008
1.14425
1.1306
1.16822
1.15666
1.1878
1.17846
1.20251
1.19566
1.21237
1.20788
1.21795
1.21553
1.21924
1.21903
1.21623
1.21808
1.20936
1.2132
1.19744
1.20396
1.18044
1.18938
1.15908
1.17018
1.1339
1.14676
1.10815
1.12072
1.08552
1.09633
1.06734
1.07571
1.05744
1.06107
1.06019
1.05713
1.07768
1.06707
1.11253
1.09284
1.16581
1.13722
1.23261
1.19788
1.31085
1.27062
1.39089
1.35149
1.34625
1.36248
1.31955
1.3315
1.30778
1.31161
1.32018
1.31065
1.36949
1.33908
1.48451
1.41633
1.73075
1.58573
2.17749
1.91813
3.13592
2.58901
4.09057
4.28879
3.77136
3.92006
3.54362
3.64723
3.38987
3.45934
3.28629
3.33314
3.21825
3.24837
3.1784
3.19533
3.16245
3.16775
3.1635
3.16095
2.93313
2.99886
2.79861
2.86589
2.66627
2.73209
2.53749
2.6014
2.41256
2.47441
2.29389
2.3523
2.18336
2.23759
2.0811
2.13119
1.98862
2.03343
1.90848
1.94699
1.84025
1.87293
1.78407
1.81059
1.73978
1.76056
1.70489
1.72128
1.67781
1.6904
1.65668
1.6667
1.63797
1.6472
1.6194
1.62877
1.59884
1.60952
1.57404
1.58701
1.54527
1.55961
1.51329
1.52969
1.47856
1.49621
1.44161
1.46038
1.40181
1.42216
1.35794
1.38033
1.30951
1.33429
1.25597
1.28327
1.19698
1.22692
1.13378
1.1658
1.06736
1.10083
0.999164
1.03328
0.930903
0.964858
0.863821
0.897034
0.797756
0.830663
0.731014
0.7646
0.660455
0.696449
0.582924
0.622624
0.496653
0.540714
0.400909
0.450669
0.483485
0.388065
0.433212
0.608268
0.540591
0.775843
0.687894
0.979803
0.872115
1.24676
1.10599
1.56116
1.40062
1.87296
1.72134
2.0758
1.99972
1.95354
2.06858
1.33569
1.71229
0.201361
0.824981
-1.26958
-0.507491
-2.74861
-2.04466
-3.62611
-3.29731
-3.4974
-3.69113
-2.57072
-3.09627
-1.35668
-1.93361
-0.530713
-0.894379
-0.106446
-0.273765
0.0518048
-0.0108094
0.122135
0.0951309
0.145427
0.138181
0.145921
0.147359
0.131871
0.140848
0.102284
0.118943
-7.74524
-0.837082
-2.42078
-1.92902
2.03598
-7.08297
-9.12339
4.45281
2.98565
-2.49088
-1.0235
1.42908
3.17001
0.347127
0.0782038
-4.949
-9.2746
-10.6757
-0.605208
0.964266
2.56078
5.23086
5.1642
1.03547
-8.10518
-2.83347
0.146551
-10.2152
4.13077
5.78899
6.37505
6.34253
4.53539
-0.0462082
-9.04593
3.82743
5.48029
6.60724
7.55133
8.14541
6.95661
8.05255
7.59558
-1.86249
-11.5352
-2.88285
-5.9602
-2.75948
0.638174
6.23523
3.37677
1.12353
-0.481467
-13.7269
-10.963
-11.5848
-10.5783
-9.44969
0.0536468
0.074809
0.0907956
0.103508
0.112602
0.11753
0.11814
0.114323
0.104784
0.0870127
0.0610723
0.0223989
-0.03622
-0.120966
-0.272487
-0.49855
-0.817963
-1.23184
-1.72982
-2.26112
-2.73485
-3.07976
-3.22991
-3.14547
-2.83623
-2.34664
-1.73983
-1.07938
-0.42014
0.199299
0.750837
1.21258
1.56706
1.80627
1.93489
1.96581
1.91627
1.80662
1.65871
1.49238
1.32385
1.16475
1.02235
0.896595
0.790133
0.696332
0.613805
0.54181
0.479213
0.423682
0.374063
0.329774
0.288989
0.247684
0.30571
0.360226
0.410733
0.458783
0.505723
0.550214
0.592359
0.632706
0.671462
0.708807
0.745152
0.780786
0.815931
0.850927
0.885683
0.920425
0.955042
0.989509
1.02371
1.05745
1.09069
1.1231
1.15476
1.18542
1.21508
1.24357
1.27098
1.29711
1.32199
1.34567
1.36835
1.38999
1.41062
1.43034
1.44927
1.4675
1.48506
1.50188
1.51791
1.53307
1.54731
1.56085
1.57328
1.58463
1.59494
1.60449
1.61353
1.62232
1.63114
1.64025
1.65014
1.66121
1.67396
1.68872
1.70571
1.72516
1.74733
1.77253
1.80089
1.83239
1.86693
1.9044
1.94484
1.98835
2.03485
2.08413
2.13584
2.18974
2.24563
2.30338
2.3629
2.42404
2.48659
2.5502
2.61457
2.67953
2.74511
2.81125
2.87782
2.94436
3.00919
3.0705
3.12697
3.17895
3.22785
3.21853
3.21138
3.20808
3.20978
3.21653
3.22988
3.25022
3.2779
3.31372
3.35848
3.41355
3.48044
3.56138
3.65878
3.77501
3.91071
4.06607
4.2518
4.48701
4.86645
5.3358
5.74892
6.20783
6.6783
7.12442
7.39185
7.422
6.99417
6.30911
5.55379
4.67999
3.90752
3.37466
2.93491
2.52692
2.22467
1.99033
1.81127
1.68018
1.58445
1.51256
1.45927
1.42082
1.39555
1.38045
1.37383
1.37406
1.38006
1.39017
1.40407
1.42149
1.44235
1.46593
1.49395
1.45809
1.42024
1.38093
1.34033
1.30015
1.26177
1.22582
1.1928
1.16342
1.13819
1.11729
1.10043
1.08732
1.07772
1.07154
1.06859
1.06852
1.07087
1.07511
1.0809
1.08793
1.09608
1.10513
1.11485
1.1248
1.13469
1.14417
1.15313
1.16135
1.16879
1.17528
1.18079
1.18524
1.18883
1.19155
1.1935
1.19445
1.19445
1.19336
1.19134
1.18813
1.18387
1.17825
1.17148
1.16332
1.15408
1.14353
1.132
1.11926
1.10565
1.09097
1.07555
1.05929
1.04244
1.0248
1.00663
0.987802
0.968532
0.948512
0.928124
0.906784
0.885071
0.862382
0.839389
0.815063
0.79036
0.763828
0.736804
0.707506
0.677661
0.645132
0.611948
0.575796
0.538908
0.498998
0.458289
0.414833
0.370715
0.324481
0.277582
0.228905
0.180399
0.13211
0.0867972
0.043894
0.0256977
0.0147104
-0.0050546
-1.13801
-3.61908
-11.5007
-6.69074
-12.7759
5.54585
2.868
4.89008
7.25386
8.15355
9.20322
8.8899
-1.81928
-4.18727
-3.17709
8.1397
4.14016
6.88107
-14.8604
-14.0383
-10.0342
-2.4016
-0.0341885
-0.0540575
-15.0693
-19.3055
-17.1824
-5.63234
-14.944
-0.0048849
0.0212896
0.0585156
0.106671
0.158825
0.210091
0.260816
0.309211
0.3563
0.400937
0.444251
0.485196
0.524795
0.562038
0.597946
0.631643
0.664113
0.694675
0.724136
0.752026
0.778922
0.80454
0.829326
0.853114
0.876226
0.898564
0.920342
0.94091
0.961108
0.980423
0.999185
1.01718
1.03458
1.05109
1.06684
1.08169
1.09577
1.10878
1.12073
1.13146
1.14102
1.1493
1.15627
1.16191
1.16623
1.16931
1.17123
1.17208
1.17187
1.17071
1.16861
1.16578
1.16221
1.15799
1.15295
1.14716
1.14058
1.13346
1.12582
1.11794
1.10993
1.10218
1.09488
1.08834
1.08264
1.07795
1.0744
1.07225
1.0717
1.07301
1.07651
1.08258
1.09157
1.10367
1.119
1.13763
1.15983
1.1858
1.21578
1.24956
1.28681
1.32694
1.36901
1.41158
1.45261
1.4911
1.52605
0.0581092
10.2953
10.7551
1.44545
-2.43166
-7.50466
7.39563
9.96159
3.07876
5.66638
8.80827
4.82154
-17.1021
-15.618
-0.00299424
0.0304506
0.0413381
0.05473
0.0690232
0.0807323
0.0886543
0.0922427
0.0912264
0.0852295
0.0737899
0.0556246
0.0315215
-0.00150383
-0.055114
-0.125336
-0.255456
-0.436491
-0.692051
-1.02495
-1.4155
-1.82383
-2.18924
-2.44631
-2.55403
-2.48737
-2.25213
-1.87672
-1.4033
-0.878191
-0.343682
0.167674
0.632912
1.03118
1.34761
1.57194
1.7038
1.74907
1.72019
1.63477
1.51219
1.36717
1.21433
1.06616
0.93034
0.806163
0.698542
0.605322
0.527803
0.463968
0.408389
0.357826
0.311881
0.269318
0.229867
0.189854
0.148592
0.204927
0.262254
0.318427
0.371673
0.422396
0.471463
0.518344
0.563229
0.606
0.64725
0.686978
0.725663
0.763452
0.800557
0.837167
0.87337
0.909092
0.944491
0.97927
1.01369
1.04732
1.08043
1.11259
1.14398
1.1743
1.20368
1.23177
1.25924
1.28539
1.31051
1.33442
1.35725
1.37897
1.39973
1.41958
1.43857
1.45682
1.47428
1.49093
1.50668
1.52154
1.53549
1.54849
1.56039
1.57115
1.58086
1.58976
1.5981
1.60611
1.6141
1.62242
1.63163
1.6422
1.65469
1.66948
1.68686
1.70714
1.73054
1.75725
1.78729
1.82063
1.85709
1.8966
1.93912
1.9847
2.03317
2.08435
2.13796
2.19374
2.2514
2.31071
2.3715
2.43359
2.49683
2.56085
2.62545
2.69054
2.75636
2.82291
2.89002
2.95671
3.02159
3.08313
3.1406
3.19306
3.24276
3.29309
3.27531
3.26292
3.25375
3.24931
3.25076
3.25874
3.27418
3.29751
3.32916
3.36991
3.42069
3.48259
3.55737
3.64702
3.75383
3.87986
4.02565
4.1964
4.4118
4.68174
4.98814
5.34001
5.718
6.12272
6.48798
6.78301
6.92188
6.85731
6.53827
6.01962
5.33087
4.68867
4.13625
3.65255
3.14818
2.72047
2.42677
2.20121
2.00983
1.85137
1.72703
1.63182
1.55997
1.50695
1.46884
1.44298
1.42799
1.42142
1.42216
1.42897
1.44092
1.45775
1.47814
1.50146
1.52691
1.55878
-14.0351
-6.84833
-4.17324
-5.1936
-11.2839
-0.0756842
-0.0410404
-0.00651952
0.0371783
0.0873656
0.141023
0.193952
0.246038
0.295486
0.343272
0.388429
0.43197
0.473094
0.512691
0.550084
0.585994
0.619954
0.652512
0.683475
0.713157
0.741557
0.768798
0.794992
0.820169
0.844499
0.867973
0.890593
0.912212
0.933503
0.953762
0.97347
0.992111
1.01006
1.02712
1.04347
1.05892
1.07346
1.08696
1.09943
1.11065
1.12068
1.12933
1.13667
1.14251
1.147
1.15002
1.15183
1.15236
1.15187
1.15024
1.1478
1.14448
1.14062
1.13611
1.13114
1.12547
1.11933
1.11261
1.10569
1.09857
1.09165
1.08502
1.07913
1.07412
1.07032
1.06771
1.06642
1.0664
1.06784
1.07083
1.07556
1.08225
1.09122
1.10277
1.11715
1.1345
1.1549
1.17856
1.20567
1.23654
1.27132
1.31004
1.35226
1.39715
1.44242
1.48638
1.52735
1.56362
1.59604
1.62961
1.59361
1.56134
1.53534
1.51029
1.48875
1.47191
1.46089
1.45662
1.46006
1.47235
1.49504
1.5298
1.57805
1.64336
1.72956
1.84068
1.98375
2.16403
2.37981
2.62855
2.91888
3.27538
3.6602
4.1356
4.73974
5.31113
5.771
6.17429
6.44398
6.52687
6.47556
6.28747
6.00133
5.70608
5.38991
5.05788
4.75261
4.50379
4.28817
4.10993
3.95957
3.82904
3.71618
3.61999
3.53861
3.47079
3.41521
3.3705
3.33564
3.31009
3.29319
3.28441
3.28352
3.28979
3.30248
3.3209
3.34497
3.32055
0.105148
0.159443
0.218671
0.278581
0.335109
0.389726
0.441506
0.49064
0.537776
0.582357
0.625704
0.667147
0.707855
0.747213
0.786196
0.824011
0.861736
0.898283
0.934745
0.96996
1.00488
1.03861
1.07184
1.10388
1.13525
1.16537
1.19478
1.22293
1.25035
1.27624
1.30121
1.32492
1.34773
1.36935
1.39016
1.40994
1.42896
1.44707
1.46444
1.48085
1.49641
1.51092
1.52455
1.53701
1.54842
1.55849
1.56756
1.57553
1.58295
1.58977
1.59666
1.60372
1.61191
1.62147
1.63335
1.64767
1.66517
1.68587
1.71032
1.73831
1.77009
1.80528
1.84396
1.88578
1.9308
1.97873
2.0295
2.08285
2.13861
2.19647
2.25609
2.3172
2.37951
2.44287
2.50693
2.57147
2.6362
2.70136
2.76732
2.83438
2.90237
2.96987
3.036
3.09942
3.159
3.21486
3.26851
0.0583484
0.100415
0.00296958
0.0294116
0.034609
0.0433602
0.0538799
0.0623582
0.0675136
0.0689167
0.0661882
0.0593538
0.0484911
0.0328914
0.0125068
-0.01369
-0.0573561
-0.112268
-0.208217
-0.332699
-0.51159
-0.748104
-1.0237
-1.31464
-1.57972
-1.77092
-1.85373
-1.80556
-1.62854
-1.34864
-1.00341
-0.627818
-0.247249
0.123956
0.473198
0.78857
1.05789
1.26564
1.409
1.48442
1.48697
1.42727
1.32632
1.20092
1.06334
0.926427
0.798951
0.682901
0.58332
0.499346
0.431501
0.376479
0.328731
0.285458
0.246327
0.209216
0.172816
0.136347
-16.3075
6.89285
5.23254
8.65162
-5.02978
10.5579
-11.7609
-16.1064
7.15996
4.58846
3.77083
9.07376
0.0244215
0.18192
-2.75136
0.00913942
0.05701
-0.0380795
-0.146906
-7.08111
-13.6166
3.43116
1.66466
1.67395
-15.4902
1.70079
3.44945
-0.0230443
-7.21604
-3.53978
8.99247
6.40874
6.62335
-15.1639
0.0910513
0.0632642
0.150466
0.121177
0.210306
0.179418
0.283038
0.244318
0.382653
0.327913
0.531809
0.449286
0.739538
0.629865
0.964154
0.853974
1.11471
1.05375
1.09358
1.13122
0.866368
0.999027
0.499299
0.698403
0.0547254
0.280531
-0.398339
-0.172676
-0.815156
-0.614958
-1.08786
-0.978007
-1.08562
-1.12312
-0.819499
-0.976413
-0.467495
-0.637893
-0.21155
-0.31901
-0.0802872
-0.138651
-0.0150095
-0.0459117
0.0188801
0.00384413
0.037991
0.029951
0.0467076
0.0435365
0.0454682
0.0472394
0.035163
0.0414106
0.0206612
0.0280377
0.00694692
3.29995
3.35661
3.17982
3.2409
3.05014
3.11626
2.91365
2.9822
2.77865
2.84561
2.64776
2.71288
2.51766
2.58278
2.38773
2.45254
2.26039
2.32357
2.13831
2.1985
2.02458
2.08023
1.92121
1.97153
1.82939
1.87375
1.75095
1.78836
1.6881
1.71744
1.64217
1.66301
1.61175
1.62519
1.59286
1.60114
1.58034
1.58609
1.56913
1.57481
1.5555
1.56273
1.53752
1.54707
1.51457
1.5266
1.48731
1.50139
1.45614
1.47214
1.42143
1.43915
1.38308
1.40265
1.34071
1.3623
1.29415
1.31779
1.24339
1.26906
1.18816
1.21602
1.12857
1.15854
1.06509
1.09694
0.997899
1.03155
0.927045
0.962383
0.852832
0.889598
0.77552
0.813625
0.694942
0.734584
0.610307
0.652034
0.519718
0.564587
0.419995
0.469692
0.307391
0.363887
0.180837
0.243942
0.113421
1.59917
1.63649
1.5368
1.56582
1.49571
1.51314
1.48308
1.48546
1.50601
1.48961
1.57571
1.53428
1.70614
1.6319
1.92852
1.80382
2.27975
2.08706
2.73939
2.49968
3.37527
3.01768
4.22641
3.79196
5.16033
4.69662
5.90263
5.59113
6.24604
6.13582
6.11214
6.23455
5.64958
5.89786
5.06659
5.35887
4.56702
4.80574
4.17874
4.35754
3.88857
4.02435
3.66703
3.76962
3.5083
3.58052
3.40139
3.44913
3.33718
3.36439
3.31026
3.31934
3.31818
3.31
3.3614
3.33477
3.39536
1.59818
1.63206
1.51477
1.55853
1.41951
1.46755
1.32947
1.37297
1.25438
1.28999
1.19436
1.22272
1.14722
1.16934
1.11179
1.12816
1.08666
1.09809
1.06951
1.07727
1.05816
1.06315
1.0525
1.05449
1.05351
1.05203
1.06101
1.05642
1.07283
1.06642
1.08633
1.07936
1.0997
1.09298
1.11181
1.10582
1.12244
1.11721
1.13102
1.12696
1.13628
1.13412
1.13683
1.13717
1.13168
1.13501
1.12021
1.12675
1.10262
1.11214
1.07967
1.09178
1.05208
1.06641
1.02069
1.03681
0.985975
1.00376
0.948042
0.967422
0.906701
0.927871
0.862012
0.884891
0.813654
0.838394
0.76158
0.788229
0.705313
0.734159
0.644164
0.67555
0.577311
0.611652
0.50382
0.54155
0.422885
0.46438
0.333894
0.379445
0.236328
0.286235
0.129756
0.184193
0.0187943
0.0743324
-0.08246
-0.0340423
-0.1562
-0.122486
-10.1055
-0.0795619
-0.0541019
1.78545
3.52143
1.78388
3.50644
-0.0302958
-0.17581
-0.210662
-0.0543974
-0.114191
0.0700706
0.0111897
0.180656
0.128256
0.28185
0.233173
0.37498
0.329934
0.460076
0.418819
0.537447
0.499864
0.607763
0.573513
0.671905
0.640564
0.730755
0.70192
0.785042
0.758372
0.835376
0.8106
0.882041
0.859074
0.925202
0.903964
0.965044
0.945462
1.00163
0.983698
1.03479
1.01858
1.06421
1.04995
1.0891
1.07721
1.10865
1.09954
1.12197
1.11609
1.12843
1.126
1.1282
1.12904
1.12256
1.12591
1.11282
1.11805
1.10054
1.10683
1.08703
1.09383
1.07256
1.07983
1.05773
1.06502
1.04427
1.05057
1.03547
1.03894
1.0349
1.03394
1.04329
1.03803
1.05817
1.05008
1.07725
1.06718
1.10179
1.08863
1.13483
1.11709
1.17864
1.1553
1.23403
1.20492
1.30131
1.26609
1.38355
1.34033
1.48134
1.43096
1.58191
1.53283
1.67458
1.62768
1.72688
3.43214
3.48335
3.3579
3.38889
3.32802
3.33787
3.33712
3.3279
3.38403
3.35577
3.47229
3.42269
3.60899
3.53404
3.80522
3.69899
4.07237
3.92919
4.42114
4.23677
4.82775
4.62004
5.4045
5.11437
5.78323
5.61565
6.06762
5.9819
5.93774
6.04293
5.4207
5.73458
4.73966
5.15566
3.74051
4.219
3.12728
3.42755
2.58409
2.84776
2.14497
2.34559
1.85146
1.98221
1.66734
1.74791
1.56043
1.60638
1.50964
1.52882
1.50219
1.50111
1.53004
1.51196
1.59003
1.55598
1.68202
1.63241
1.73412
0.0776451
0.0104835
0.223078
0.154449
0.34966
0.290898
0.458659
0.407837
0.555445
0.509844
0.644245
0.602
0.727928
0.687852
0.80798
0.769409
0.884797
0.847579
0.95827
0.922546
1.02802
0.994093
1.09379
1.06179
1.15558
1.12555
1.21317
1.1852
1.2665
1.24063
1.31522
1.29161
1.35935
1.33797
1.39916
1.37983
1.43513
1.41765
1.46759
1.45183
1.49629
1.48248
1.52084
1.50915
1.54027
1.53127
1.55447
1.54801
1.56443
1.55987
1.57291
1.5686
1.58476
1.57806
1.60606
1.5938
1.64309
1.62229
1.69916
1.66871
1.77322
1.73412
1.86195
1.81593
1.96302
1.911
2.07562
2.01791
2.19836
2.13588
2.32778
2.2625
2.4599
2.39371
2.59173
2.52601
2.72205
2.65702
2.85336
2.78731
2.9894
2.9207
3.12981
3.05943
3.26647
3.1995
3.39078
3.33002
3.44961
-0.0978752
-0.00147853
-0.0188223
0.0186102
0.00788682
0.0277752
0.0250872
0.0277267
0.0281682
0.0244273
0.0264586
0.0174938
0.0216567
0.00223029
0.0112941
-0.0242093
-0.0075449
-0.0663437
-0.0396798
-0.147285
-0.0975582
-0.298472
-0.21796
-0.461184
-0.383799
-0.549618
-0.518146
-0.496338
-0.542685
-0.308433
-0.413142
-0.0849842
-0.195522
0.138558
0.0247581
0.373709
0.255809
0.593502
0.485487
0.727947
0.678994
0.705314
0.733398
0.573734
0.648292
0.412195
0.491209
0.288481
0.342429
0.209253
0.244697
0.153712
0.179147
0.111215
0.131232
0.0746943
0.0927731
0.0345845
0.0555306
0.00625688
-15.2956
-0.320728
-6.80935
-10.2672
-0.432555
-17.0684
-13.6424
-18.8101
-20.3311
-18.1298
-17.1668
10.8194
12.63
12.4435
11.1296
8.09645
-6.67033
-6.39364
-8.6269
-6.97821
-7.91873
-3.74193
2.87543
-0.445764
-5.01148
-0.314245
-0.216829
-0.128453
-0.052914
0.0134472
0.0741238
0.127972
0.18182
0.232045
0.281884
0.3286
0.374445
0.417442
0.459257
0.498523
0.536501
0.57225
0.606779
0.639394
0.670943
0.700851
0.729848
0.757421
0.784214
0.809765
0.834615
0.858327
0.881339
0.903283
0.924508
0.944721
0.964212
0.982749
1.00057
1.01743
1.03347
1.04849
1.06255
1.07542
1.08713
1.09746
1.10642
1.11375
1.11944
1.1233
1.12543
1.12583
1.12462
1.12181
1.11771
1.11247
1.10635
1.09955
1.09232
1.08475
1.07698
1.06899
1.06084
1.05264
1.04467
1.03725
1.03085
1.02596
1.02311
1.02264
1.02472
1.02924
1.0359
1.04427
1.05398
1.06475
1.07656
1.08954
1.10402
1.12045
1.13927
1.16087
1.1855
1.2132
1.24378
1.27703
1.31305
1.35272
1.39787
1.45067
1.51233
1.58169
1.65212
1.71207
1.75457
1.79655
1.91581
3.62369
3.51734
3.45211
3.40343
3.36968
3.34817
3.33765
3.3371
3.3462
3.36522
3.39425
3.43368
3.48439
3.54756
3.62429
3.71566
3.82337
3.94995
4.09849
4.27231
4.47386
4.69745
4.9285
5.12404
5.30713
5.55818
5.80048
5.87696
5.93511
5.9426
5.78053
5.6083
5.32523
4.89532
4.5823
4.32948
4.00265
3.58632
3.13346
2.78198
2.53037
2.33183
2.15799
2.00525
1.87554
1.77085
1.68579
1.62009
1.57381
1.54076
1.51996
1.51022
1.51074
1.52058
1.53909
1.56648
1.6041
1.65242
1.71252
1.78857
1.90664
2.10075
-0.158138
-0.121784
-0.0247011
0.0616318
0.145572
0.216211
0.285818
0.344975
0.404277
0.455421
0.507244
0.553175
0.599942
0.642588
0.686056
0.726598
0.767776
0.806757
0.84606
0.883548
0.921031
0.956883
0.992444
1.02645
1.05998
1.09208
1.12361
1.15375
1.18316
1.21125
1.23861
1.26468
1.2898
1.31362
1.33643
1.35799
1.37854
1.39793
1.41636
1.43373
1.45022
1.4657
1.48021
1.49361
1.50594
1.51709
1.52706
1.53571
1.5431
1.54923
1.55427
1.55842
1.56214
1.56595
1.57057
1.57672
1.58527
1.59705
1.61287
1.63329
1.65859
1.68872
1.72345
1.7624
1.80523
1.85163
1.90141
1.95445
2.01065
2.06982
2.13165
2.19574
2.26155
2.32848
2.39595
2.4635
2.53083
2.59767
2.66384
2.72943
2.79497
2.86122
2.92911
2.99989
3.07496
3.15445
3.23524
3.3104
3.37319
3.42387
3.4852
3.62531
3.85855
0.217654
0.0589937
-0.00348909
-0.00915997
-0.00344097
0.00562428
0.00984632
0.0103936
0.00973969
0.00901295
0.00845861
0.0076747
0.00720018
0.00618126
0.00384104
0.000455026
-0.00235634
-0.00689241
-0.0122601
-0.0175942
-0.0235701
-0.0342097
-0.0492402
-0.0657911
-0.0847287
-0.102204
-0.111447
-0.107393
-0.0877075
-0.0592557
-0.032916
-0.015074
-0.0072183
-0.00450006
-0.00235215
0.000603975
0.0125728
0.0394248
0.0865371
0.14921
0.206782
0.247632
0.267394
0.267171
0.248924
0.221797
0.188709
0.1558
0.127234
0.105371
0.0879159
0.0750071
0.0640043
0.055027
0.0471287
0.0402791
0.0345026
0.0285567
0.0219207
0.0148717
0.0103283
0.0189071
0.005157
-9.90781
-7.14279
4.16509
0.51849
)
;

boundaryField
{
    frontandback
    {
        type            empty;
    }
    walls
    {
        type            zeroGradient;
    }
    diamond
    {
        type            zeroGradient;
    }
    inlet
    {
        type            zeroGradient;
    }
    outlet
    {
        type            fixedValue;
        value           uniform 0;
    }
}


// ************************************************************************* //
