/*--------------------------------*- C++ -*----------------------------------*\
  =========                 |
  \\      /  F ield         | OpenFOAM: The Open Source CFD Toolbox
   \\    /   O peration     | Website:  https://openfoam.org
    \\  /    A nd           | Version:  10
     \\/     M anipulation  |
\*---------------------------------------------------------------------------*/
FoamFile
{
    format      ascii;
    class       volScalarField;
    location    "13";
    object      p;
}
// * * * * * * * * * * * * * * * * * * * * * * * * * * * * * * * * * * * * * //

dimensions      [0 2 -2 0 0 0 0];

internalField   nonuniform List<scalar> 
8711
(
-0.00303601
-0.00300304
-0.00263208
-0.0705874
-0.0793526
-0.0898694
0.0366801
0.0376757
0.704546
0.706438
0.485749
0.23864
0.0604235
0.0489962
0.0807917
0.0798375
-0.0778814
-0.0821164
-0.0880038
-0.000275013
-0.000415266
-0.00134196
-0.000998207
-0.00246291
-0.242898
-0.187964
-0.277499
-0.32934
-0.0048762
-0.00463175
-0.00372524
-0.311421
-0.367517
-0.226148
-0.246124
0.165012
0.155897
0.159969
0.167471
0.159625
0.204255
0.178481
-0.334147
-0.359195
0.358573
0.248519
-0.301924
-0.306461
-0.316228
0.00242141
0.00188953
0.00203084
0.00248905
-0.00507656
0.00307797
0.0111745
0.0360853
0.0402729
0.0427326
0.0459175
0.0190337
0.0193271
0.0216689
0.0208923
0.0516954
0.0478435
0.0374991
-0.00164857
-0.00174265
-0.00106477
0.0261655
0.0260714
0.0279595
0.0275495
0.0514804
0.0510814
0.0427063
0.0430996
-0.00178461
0.00759622
0.0082212
0.0136079
0.0127213
-0.00230571
-0.00229396
-0.0021921
0.0615763
0.0607339
-0.0185162
-0.0117568
0.0159868
0.00940393
0.0205987
-0.0248452
-0.0146059
0.0702094
0.0880577
0.0875738
0.0726783
0.0504442
0.0493865
0.348416
0.33979
0.0479599
0.0446162
0.0412277
0.0382398
0.0362879
0.0354544
0.0349317
0.034634
0.0345484
0.0343256
0.0340742
0.0335449
0.0329082
0.0318579
0.030612
0.0304958
0.0290589
0.0291915
0.0322091
0.031429
0.0326626
0.0325522
0.0318932
0.0323478
0.0301624
0.0310468
0.0286958
0.0291983
0.0305322
0.0290263
0.0355392
0.0326504
0.0385074
0.0553351
0.0587915
0.047892
0.0516369
0.0424402
0.0453161
0.0390772
0.0405797
0.0367438
0.0377576
0.0344054
0.0355596
0.0318799
0.0332816
0.0283396
0.0301866
0.0263558
0.0553201
0.0257837
0.0274777
0.0243639
0.0493343
0.0615202
0.0297319
0.0287046
0.0310337
0.0305257
0.0310896
0.031277
0.029562
0.0305214
0.0262695
0.028093
0.022239
0.0243841
0.020785
0.0213334
0.0234153
0.0215537
0.0316668
0.0270275
0.0237967
0.0223808
0.0654697
0.0644588
0.0628332
0.0649403
0.0563528
0.0598353
0.0493682
0.0526578
0.0438832
0.0464718
0.0394043
0.0414217
0.0354232
0.0373949
0.0316114
0.0335395
0.0271326
0.0294849
0.0224976
0.0247907
0.0244877
0.0245433
0.0563795
0.0204209
0.0431749
0.0494363
0.0307622
0.0367404
0.0234121
0.0226625
0.0243721
0.0559284
0.0556255
0.0265114
0.0252376
0.0284712
0.027477
0.0295475
0.0291169
0.0293761
0.0296509
0.0273139
0.0286549
0.0232422
0.0255814
0.0176875
0.0205599
0.013074
0.0152144
0.0130049
0.0127277
0.0197663
0.0159565
0.024663
0.0204576
0.018315
0.0596039
0.046611
0.0429145
0.0527222
0.0658904
0.0635225
0.065941
0.0667106
0.0611981
0.064014
0.0546775
0.0578109
0.0479059
0.0513197
0.0418604
0.0447972
0.0362232
0.0389526
0.0311234
0.033685
0.0257176
0.0285287
0.022957
0.0220702
0.0228424
0.018484
0.0205359
0.0538248
0.0433321
0.0396974
0.0429069
0.0453454
0.0230035
0.0164332
0.048279
0.045926
0.0376904
0.029354
0.0234811
0.033923
0.0409109
0.0507366
0.0449877
0.0554297
0.0600225
0.072733
0.0250314
0.0240432
0.0267431
0.0258346
0.0277247
0.0273218
0.0275038
0.0277747
0.0253957
0.0267139
0.0209773
0.0234585
0.0147091
0.0180741
0.00821659
0.0113118
0.00555725
0.00628872
0.00978787
0.00701662
0.0222756
0.0156388
0.0384128
0.0294394
0.0506617
0.0549123
0.0477063
0.0630832
0.0597123
0.0647304
0.0644578
0.0617782
0.0637735
0.0566562
0.0593177
0.0498697
0.0533926
0.0430074
0.0464122
0.0364344
0.0396904
0.0301941
0.0333103
0.0241933
0.0271877
0.0185614
0.021153
0.0146192
0.0164164
0.0213529
0.0203485
0.0204017
0.0212701
0.0167403
0.0188136
0.0130938
0.0147234
0.0479663
0.0115289
0.00521573
0.0133811
0.0121754
0.0371431
0.0402607
0.0578771
0.0618519
0.0178318
0.0371813
0.0446289
0.0606583
0.0212482
0.0201035
0.0233142
0.0223589
0.0248579
0.0241078
0.0257518
0.0253913
0.0255427
0.0257988
0.0236002
0.0248081
0.0194064
0.0217692
0.0130963
0.0164816
0.00584489
0.00943056
0.00114541
0.00296569
0.00322274
0.00123429
0.0144625
0.00818154
0.033121
0.0227977
0.0456384
-0.0008697
-0.0464837
-0.0497751
-0.0235197
0.0306541
0.0170306
0.0484682
0.040961
0.0575484
0.05383
0.0604576
0.0595408
0.0591645
0.0602194
0.0549635
0.0573341
0.049204
0.0522648
0.0424276
0.04587
0.0355154
0.0389714
0.0287876
0.0321275
0.0226505
0.0255755
0.0170923
0.0196657
0.0149645
0.0186502
0.0200508
0.0195954
0.0188473
0.0198624
0.0151218
0.0171451
0.0117534
0.0132181
0.010943
0.03898
0.0174491
0.0172749
-0.0813878
0.0178788
0.0227557
0.0313961
-0.00377643
0.0308561
0.00999777
-0.0393377
0.043422
-0.0697209
0.0656703
0.0162408
0.0108652
0.0196131
0.0186576
0.0214866
0.0206047
0.0229497
0.022285
0.0237688
0.0234373
0.0236144
0.0238279
0.0219594
0.0229888
0.0183301
0.0203889
0.0126212
0.0157028
0.0056529
0.0091786
7.7205e-05
0.00249674
6.64651e-05
-0.000825564
0.00901002
0.00357974
0.0277676
0.0178057
0.0525514
0.0401076
0.07763
0.0644684
-0.0493645
-0.08178
-0.00581796
-0.0256912
0.0235531
0.0105237
0.0410993
0.0334995
0.0505923
0.0470446
0.0545378
0.0530468
0.0545099
0.0549225
0.0515363
0.0533029
0.0466269
0.0492791
0.0404274
0.0436231
0.0337701
0.0371076
0.0272341
0.0304301
0.0212149
0.0240925
0.0162439
0.0186594
0.0127476
0.0143107
0.0118104
0.0806454
0.0857865
0.0179135
0.0153765
0.0166238
0.0188456
0.0185816
0.0173209
0.0184648
0.013663
0.0155802
0.0106557
0.0119369
0.00996149
0.027066
0.00420685
0.0195459
0.00916113
0.0106738
0.00950767
-0.0301501
0.0225277
-0.0688288
0.0405198
-0.101342
0.0762696
-0.119857
0.0919443
0.0928943
0.0145025
0.0146166
0.0584062
0.01675
0.0158313
0.018166
0.0173349
0.0197252
0.0189447
0.0210878
0.0205
0.0218528
0.0215398
0.0217723
0.0219311
0.0204345
0.02127
0.0174834
0.0191601
0.0127832
0.015326
0.00690481
0.00990775
0.00177366
0.0040937
0.000739108
0.000565656
0.00751428
0.00307145
0.0234706
0.0145022
0.0446913
0.0337499
0.0666629
0.0562297
0.0786242
0.0743297
0.0963297
0.0823395
0.0817421
-0.04824
-0.110655
-0.0770188
-0.00972826
-0.0264886
0.0166547
0.00440321
0.0336647
0.0264058
0.043324
0.0391957
0.0478944
0.0460626
0.0488353
0.0487297
0.04696
0.0481888
0.043012
0.045185
0.0376712
0.0404595
0.0316769
0.0347041
0.0256917
0.0286441
0.0202691
0.0228823
0.015857
0.0179417
0.0127965
0.0141915
0.0116196
0.0167839
0.0157159
0.0175887
0.0174257
0.0158908
0.0170998
0.0124089
0.0141724
0.00978792
0.0108786
0.00922402
0.0113125
0.0135872
0.0106491
0.00976519
-0.0194789
0.00521922
-0.060371
0.0123571
-0.102252
0.0382035
-0.131488
-0.147414
-0.163201
0.0745247
0.0941031
0.0959175
0.0740831
0.055616
0.0427806
0.0453682
0.0153618
0.0145369
0.01669
0.0159793
0.0181091
0.0173904
0.0193157
0.0187552
0.020038
0.0197404
0.0200373
0.0201378
0.0190038
0.0196558
0.0166878
0.0180037
0.0130271
0.0150023
0.0084997
0.0108068
0.004553
0.00634071
0.0036875
0.00360227
0.00886077
0.0054192
0.0214184
0.0145194
0.0380348
0.0297497
0.0561575
0.047789
0.0627714
0.0613389
0.0617353
-0.0999532
-0.186909
-0.164706
-0.131341
-0.0475508
-0.0719209
-0.0134252
-0.0282809
0.010216
-0.000814938
0.0267191
0.019542
0.0362081
0.0320289
0.0412496
0.0391644
0.042918
0.0424162
0.0419547
0.0427144
0.0389674
0.0406523
0.0346004
0.0369066
0.0294943
0.0320904
0.0242988
0.0268719
0.0195629
0.0218551
0.0156916
0.0175301
0.0127905
0.0140804
0.0117523
0.0139192
0.0120563
0.0129812
0.0157242
0.0148531
0.0163794
0.0162512
0.0145535
0.0157856
0.0113423
0.0129376
0.0091659
0.0100376
0.00867403
0.00873356
0.00915701
0.0088605
-0.00802589
-0.0470322
-0.0117151
-0.0933448
0.00141704
0.00870655
0.00923725
0.00867704
-0.137768
-0.175401
-0.206398
-0.197964
-0.22548
0.0376114
0.0727163
0.0936261
0.0879878
0.062835
0.0112457
0.0276477
0.0267629
0.00928269
0.0113794
0.0105737
0.0125754
0.0118758
0.0140202
0.0133087
0.015273
0.0146765
0.0165697
0.0159348
0.0176401
0.017139
0.0183146
0.0180349
0.0183803
0.0184309
0.0176139
0.0181045
0.0158527
0.016853
0.0131038
0.0145804
0.00979207
0.0114663
0.00703984
0.0082618
0.00668668
0.00646922
0.0108345
0.00813674
0.020567
0.0151281
0.0331618
0.0266854
0.0453938
0.039946
0.0489883
0.0490234
0.0391532
0.0452809
0.0121225
0.0279314
-0.144176
-0.229282
-0.197127
-0.171228
-0.0907304
-0.116867
-0.0468984
-0.0673248
-0.0164966
-0.0302914
0.00483842
-0.0051205
0.0201962
0.0132432
0.0295834
0.0254378
0.0349057
0.0326418
0.0371229
0.0363236
0.0369163
0.0372644
0.0348179
0.0360513
0.031401
0.0332267
0.0272252
0.0293647
0.0228676
0.0250363
0.0188149
0.0207867
0.015443
0.0170149
0.0127939
0.0140322
0.010706
0.0117028
0.00988732
0.0131961
0.0123134
0.0147773
0.0140202
0.0152131
0.015183
0.0133494
0.0145463
0.0104323
0.0118884
0.00869801
0.00938124
0.00833248
0.00836965
0.00840688
-0.0308417
-0.00610859
-0.00673507
-0.0222464
-0.0775082
-0.0304613
0.00822387
0.00816624
-0.129376
-0.177272
-0.21783
-0.247834
-0.260574
-0.220107
-0.256045
0.0321654
0.0698793
0.0863491
0.0745867
0.0425546
0.00335878
0.0107482
0.00990649
0.010408
0.00851822
0.00912673
0.00988458
-0.0100894
0.0115612
0.0109812
0.0127233
0.0121601
0.0139664
0.0133655
0.0151108
0.0145527
0.0160652
0.0156194
0.0166833
0.0164236
0.0167946
0.0168077
0.0162401
0.0166018
0.0149261
0.015672
0.0129126
0.0139875
0.0105807
0.0117459
0.00878769
0.00955712
0.00885302
0.00852315
0.0122218
0.0100948
0.0193091
0.0154083
0.0282168
0.0237214
0.0355329
0.0323851
0.0361623
0.0374779
0.024252
0.0323373
-0.000142504
0.0135961
-0.0291181
-0.0324273
-0.0150196
-0.169757
-0.238454
-0.202967
-0.187944
-0.126912
-0.149164
-0.0831118
-0.104244
-0.0464835
-0.0637241
-0.0194595
-0.0320964
7.67514e-05
-0.00905042
0.0143016
0.00777931
0.0235224
0.0194171
0.029002
0.0266249
0.0316411
0.0306065
0.0320542
0.0320685
0.0307274
0.0315607
0.0281597
0.0295542
0.0248463
0.0265598
0.0212742
0.0230648
0.0178727
0.0195351
0.0148901
0.0163279
0.0125128
0.0136053
0.0105935
0.0114977
0.00978995
0.0124151
0.0116173
0.0138892
0.013196
0.0141149
0.0142078
0.01231
0.0134105
0.00974594
0.0109257
0.00838831
0.0088824
0.008131
0.0081812
0.00815892
-0.0563832
0.00799103
-0.110562
-0.167011
-0.218253
-0.259707
-0.284023
-0.289303
0.0258409
0.0633602
0.0739564
0.0536419
-0.276131
-0.212699
-0.250123
0.0170756
-0.0238166
-0.0580502
0.00909262
-0.0503595
-0.0549978
-0.0206188
0.00671714
0.00954742
0.00910864
0.0105657
0.0100458
0.0115784
0.0111034
0.0127057
0.0121574
0.0137277
0.0132357
0.0145737
0.0141795
0.0151284
0.0148933
0.0152608
0.0152511
0.0148593
0.0151265
0.0138775
0.0144342
0.0124035
0.0131847
0.0107745
0.0115765
0.00964551
0.010106
0.0099262
0.00956871
0.0125378
0.0109313
0.0175086
0.0148195
0.0232534
0.0204243
0.0269185
0.0255307
0.0249616
0.026836
0.0124076
0.0203515
-0.00929569
0.0023931
-0.0413876
-0.0232299
-0.0889452
-0.0875927
-0.0629239
-0.173137
-0.216946
-0.185242
-0.181137
-0.147595
-0.16173
-0.111886
-0.130982
-0.0766593
-0.0945535
-0.0460175
-0.0606348
-0.0220597
-0.0334204
-0.00413718
-0.0124956
0.0090536
0.00295759
0.0180166
0.0139822
0.023575
0.0211283
0.0265393
0.025318
0.0274521
0.0272004
0.0267772
0.0272697
0.0249427
0.0259657
0.0223832
0.023721
0.0195106
0.0209614
0.0166769
0.0180756
0.014142
0.015362
0.0119596
0.0130206
0.0102479
0.0110387
0.00885004
0.00947406
0.00775752
0.00820664
0.0100707
0.00917479
0.0116197
0.0108825
0.0129616
0.0123703
0.0131245
0.0132439
0.0113555
0.0123711
0.00922261
0.0102126
0.00815202
0.00853308
0.00792827
0.00798704
0.00784573
0.00790323
0.00748213
0.0077164
0.00712862
-0.0837906
-0.144478
-0.204207
-0.256939
-0.294052
-0.311527
0.0179921
0.0523553
0.0533493
-0.308479
-0.287307
-0.253656
0.0266178
-0.0140581
-0.0544456
-0.185751
-0.216467
-0.0895938
-0.114289
-0.120395
0.00615792
0.0069978
0.00752313
0.00628648
-0.0707295
0.00673032
-0.0280593
0.00861867
0.00818686
0.00958991
0.00914397
0.0105353
0.0100762
0.0115096
0.0110335
0.0124109
0.0119788
0.0131502
0.0128065
0.0136346
0.0134288
0.0137644
0.0137462
0.0134626
0.0136663
0.0127127
0.0131371
0.0116103
0.0121909
0.0104376
0.0110085
0.00968688
0.00998064
0.0099771
0.00967782
0.0118338
0.0107147
0.0150635
0.0133473
0.0183473
0.0168132
0.0193783
0.0192722
0.0153517
0.0181414
0.0029295
0.0101819
-0.0167372
-0.0060139
-0.0465036
-0.0299714
-0.0862764
-0.0655066
-0.140656
-0.129543
-0.108033
-0.159901
-0.182682
-0.158798
-0.16049
-0.150092
-0.156171
-0.129154
-0.141566
-0.100411
-0.115375
-0.0713387
-0.0858271
-0.0453949
-0.0578469
-0.0241566
-0.0342811
-0.00777654
-0.0154297
0.00444409
-0.00123689
0.0130585
0.0091395
0.0186277
0.0161464
0.0218301
0.0204675
0.0231509
0.0226788
0.0230135
0.0232241
0.0218024
0.0225075
0.0198862
0.0209021
0.0176213
0.0187744
0.0153045
0.0164542
0.0131493
0.0141974
0.0112656
0.012162
0.00969653
0.0104208
0.00839186
0.00897991
0.00738835
0.00775261
0.006876
0.00931197
0.00841599
0.0108343
0.0101234
0.0120529
0.0115195
0.0121305
0.0122898
0.010584
0.0114913
0.00882071
0.00962462
0.00796595
0.00827559
0.0077288
0.00781652
0.0075066
0.00764107
0.00699513
0.0072854
0.00662855
-0.111661
-0.176922
-0.238548
-0.288382
-0.319548
0.00727227
0.0340341
-0.328652
-0.317411
-0.28882
0.0256085
-0.0074791
-0.0503031
-0.249776
-0.0902284
-0.210781
-0.126975
-0.154689
-0.175948
-0.153155
-0.14996
-0.166331
0.00571472
0.00643766
0.0068652
0.00600581
-0.0919272
0.00660978
0.00717308
0.0058416
-0.0418369
0.00777341
0.00731085
0.00864887
0.00827948
0.00952677
0.00910171
0.0103725
0.00996117
0.0111502
0.0107774
0.0117815
0.0114891
0.0121878
0.0120162
0.0122928
0.0122793
0.0120441
0.0122109
0.0114423
0.0117813
0.0105793
0.0110314
0.00968052
0.0101165
0.00910156
0.00933179
0.00924871
0.00907148
0.0103822
0.00970494
0.0121819
0.0112548
0.0135395
0.0130027
0.0126619
0.0134764
0.00725279
0.0106293
-0.00467446
0.00202384
-0.0231051
-0.0130171
-0.0493817
-0.03514
-0.0838059
-0.0661724
-0.119204
-0.101672
-0.168581
-0.150527
-0.135602
-0.140179
-0.149142
-0.133387
-0.137166
-0.140456
-0.141316
-0.132085
-0.138008
-0.113991
-0.124501
-0.0910151
-0.103193
-0.0668093
-0.0788138
-0.0445943
-0.0553676
-0.0258223
-0.0347828
-0.01094
-0.0179389
0.000386065
-0.00490449
0.00860612
0.00483176
0.0141315
0.0116432
0.0175034
0.0160351
0.0191548
0.0185021
0.0194604
0.019439
0.018769
0.0192081
0.017403
0.0181442
0.0156625
0.016559
0.0138062
0.0147344
0.0120107
0.0128946
0.0103949
0.0111816
0.00898907
0.00965278
0.00776301
0.00838852
0.00668065
0.00728407
0.00638974
0.00861118
0.00784512
0.0100719
0.00937504
0.0111784
0.0107032
0.0112338
0.0113815
0.00992128
0.0106896
0.00850151
0.00913937
0.00780444
0.00806985
0.00751767
0.00764605
0.00718557
0.00737184
0.00665888
0.00695364
0.00632387
-0.138199
0.00605362
-0.205728
-0.266201
-0.31114
-0.00860757
-0.334135
-0.334679
-0.315729
0.00734777
-0.0110431
-0.0490499
-0.281816
-0.0935202
-0.240097
-0.134105
-0.201118
-0.166359
-0.168062
-0.18429
-0.129177
-0.143022
-0.189687
-0.164078
-0.184457
0.0052015
0.00563942
-0.105304
0.00501925
0.00550597
-0.0539841
0.00620661
0.00546291
0.00582724
0.00695799
0.0065905
0.0077595
0.00739913
0.00854999
0.00817251
0.00927974
0.00892569
0.00993591
0.00962217
0.0104572
0.0102173
0.0107775
0.0106448
0.0108382
0.0108409
0.0106034
0.0107558
0.0100822
0.0103732
0.00935542
0.00973489
0.0085973
0.00896732
0.00805588
0.0082872
0.00798084
0.00795458
0.00846063
0.00816702
0.00912262
0.0088147
0.00902144
0.00923214
0.00676173
0.00823326
0.000543149
0.00421409
-0.0109255
-0.00458204
-0.0278732
-0.0187524
-0.0510561
-0.038691
-0.0800985
-0.0652771
-0.109859
-0.0952409
-0.135216
-0.123161
-0.175189
-0.157312
-0.146686
-0.163644
-0.120808
-0.124741
-0.113757
-0.117435
-0.125257
-0.123387
-0.125161
-0.126494
-0.117109
-0.122702
-0.102273
-0.110361
-0.0833037
-0.0931829
-0.062935
-0.0730843
-0.0437697
-0.0531226
-0.0271823
-0.0351353
-0.0136861
-0.0200766
-0.00318899
-0.00811454
0.00461831
0.00100554
0.0100535
0.00758214
0.0135387
0.0119944
0.0154518
0.0146541
0.0161241
0.0159098
0.0158665
0.0160833
0.0149668
0.0154733
0.0136809
0.0143548
0.0122366
0.0129637
0.0107725
0.0114956
0.0094198
0.0100825
0.00818817
0.00878776
0.00713286
0.00764514
0.00618568
0.00662904
0.00581237
0.00571767
0.00683907
0.00627873
0.00805692
0.00741239
0.00936422
0.00872873
0.0103567
0.00993411
0.010417
0.0105376
0.00934764
0.00997016
0.00823306
0.00873018
0.00764923
0.00788887
0.00729409
0.00746784
0.0068862
0.00710227
0.00636038
0.0066416
0.00602502
-0.160389
0.00515316
0.00460525
-0.228989
-0.28623
-0.0681222
-0.323707
-0.337844
-0.330014
-0.0316979
-0.029293
-0.0561437
-0.304873
-0.0989232
-0.267869
-0.143969
-0.226195
-0.181515
-0.18829
-0.205627
-0.158956
-0.214029
-0.136978
-0.209931
-0.110764
-0.12085
-0.197019
-0.180883
-0.157338
-0.143061
-0.143482
0.00463649
0.00492597
-0.119277
-0.104892
-0.102081
0.00557143
0.00523229
0.0062622
0.00592151
0.00693626
0.00660339
0.00760342
0.00727646
0.00822129
0.00792154
0.00875902
0.00850316
0.00916848
0.00898235
0.00939609
0.00930655
0.00939601
0.00942453
0.00914357
0.0092993
0.00865104
0.00892269
0.00798479
0.00833211
0.00727388
0.00762576
0.00668382
0.00695629
0.00635258
0.00648506
0.00626126
0.00629265
0.00603094
0.00620066
0.00485904
0.00561162
0.00163323
0.00355615
-0.00500667
-0.00122219
-0.0159514
-0.00996945
-0.0314891
-0.0231732
-0.0518703
-0.0411682
-0.0760833
-0.0638247
-0.101365
-0.0889463
-0.122663
-0.112801
-0.137591
-0.131366
-0.140451
-0.110272
-0.107702
-0.113246
-0.112198
-0.112543
-0.113921
-0.105119
-0.10956
-0.0927962
-0.099433
-0.0769124
-0.0851635
-0.0595857
-0.0682664
-0.0429713
-0.0511132
-0.0282865
-0.0353654
-0.0160562
-0.0218806
-0.00633935
-0.01092
0.00105034
-0.00239187
0.00635749
0.00392339
0.0099078
0.00831292
0.0120244
0.0111116
0.0129989
0.0126247
0.0131065
0.0131356
0.0126002
0.0129092
0.0117041
0.0121833
0.0106023
0.0111698
0.00946407
0.0100379
0.00835519
0.00890626
0.00729924
0.00783243
0.00637002
0.0068678
0.00559554
0.0060057
0.00484373
0.0052494
0.00419969
0.00449132
0.0043786
0.00540428
0.00487609
0.00649528
0.00594964
0.00759488
0.00702983
0.0087175
0.00816849
0.00958613
0.00921343
0.00967201
0.00975498
0.00884457
0.00932656
0.00799149
0.00837255
0.00748654
0.00771263
0.00706274
0.0072788
0.00658274
0.00683016
0.00601968
0.0063179
0.00521808
0.00565019
0.00428684
0.00479839
0.00389659
-0.178963
-0.10864
-0.0999174
-0.246233
-0.132947
-0.297498
-0.326271
-0.331147
-0.0641085
-0.0753731
-0.315755
-0.110584
-0.286077
-0.156863
-0.248427
-0.199925
-0.20925
-0.230645
-0.175495
-0.243454
-0.150097
-0.240679
-0.131717
-0.226142
-0.118138
-0.181661
-0.205943
0.00387956
0.0041394
0.00365244
0.00318265
-0.107691
-0.156928
-0.138222
-0.0985328
0.00438736
0.00411734
0.00496488
0.00466775
0.00555836
0.00525792
0.00613166
0.0058453
0.00668563
0.00641283
0.00719043
0.00694606
0.00761148
0.00741324
0.00790818
0.00777697
0.00803739
0.0079946
0.00796336
0.00802543
0.00766879
0.00784167
0.00716589
0.00743948
0.00650652
0.00684999
0.00578189
0.00614607
0.00509505
0.00542966
0.00450553
0.00479018
0.00392922
0.00423037
0.00300494
0.0035401
0.00106188
0.00219782
-0.00279734
-0.000589224
-0.00959057
-0.00580738
-0.0199544
-0.0143474
-0.0341179
-0.0265891
-0.052054
-0.0426929
-0.0725352
-0.0622351
-0.0935099
-0.0833551
-0.112125
-0.103683
-0.12219
-0.118504
-0.126769
-0.124539
-0.129599
-0.0914132
-0.0841723
-0.0879176
-0.0968721
-0.0943353
-0.101178
-0.0992015
-0.103334
-0.102698
-0.101714
-0.103062
-0.0953662
-0.099046
-0.084944
-0.0905725
-0.0714642
-0.0784631
-0.0566476
-0.0640978
-0.0422047
-0.0493105
-0.029183
-0.0354921
-0.0181067
-0.0234079
-0.00912467
-0.013379
-0.00214788
-0.00541674
0.00300331
0.000622428
0.00657914
0.00495446
0.00885088
0.00784809
0.0100734
0.00956676
0.0104887
0.010359
0.0103196
0.0104583
0.00976402
0.0100748
0.00898739
0.00939316
0.00812289
0.00856093
0.00724445
0.00768281
0.00640242
0.00681486
0.00563603
0.00601471
0.00495296
0.00527807
0.0042457
0.00458195
0.00370221
0.00396252
0.00343046
0.00511119
0.00461544
0.00613093
0.00562107
0.00713363
0.00662872
0.0081053
0.00763439
0.00885928
0.00853097
0.00898824
0.00902478
0.00839272
0.0087444
0.00775925
0.00804661
0.00730656
0.00752743
0.00681794
0.00707305
0.00625598
0.00654364
0.00562485
0.0059536
0.00481752
0.00524619
0.0039952
0.0044427
0.00360782
-0.193996
-0.257259
-0.300637
0.00249708
-0.0966122
-0.0867689
-0.319677
-0.10623
-0.315526
-0.13083
-0.293859
-0.173485
-0.262164
-0.221091
-0.225911
-0.259089
-0.0866219
-0.191389
-0.278393
-0.094478
-0.163045
-0.277704
-0.106055
-0.136049
-0.157623
-0.142496
-0.26249
-0.116402
-0.182051
-0.127827
-0.237178
-0.132867
0.00273341
-0.112931
-0.116549
0.00341257
0.00291179
-0.147624
-0.0785629
-0.112349
0.00315085
0.00390465
0.00345014
0.00385128
0.00361158
0.00436634
0.00412949
0.00486152
0.00460936
0.00534326
0.00510475
0.0057905
0.00557163
0.00618197
0.00599429
0.00648684
0.00634648
0.0066701
0.00659468
0.00669672
0.0067034
0.00653879
0.00664024
0.00618389
0.0063841
0.00564248
0.00593325
0.00495303
0.0053119
0.00417643
0.00457142
0.00336983
0.00377503
0.00253989
0.00296135
0.00156592
0.0020841
0.0001138
0.000922849
-0.00237193
-0.000972092
-0.00661018
-0.00424441
-0.01336
-0.00966177
-0.0230823
-0.0178678
-0.0359108
-0.0291405
-0.0516414
-0.0434791
-0.0691585
-0.0603246
-0.0867349
-0.0780611
-0.102245
-0.0950145
-0.110308
-0.107383
-0.1166
-0.113275
-0.118607
-0.0834883
-0.0804144
-0.0892888
-0.0866754
-0.0927212
-0.0916187
-0.0945223
-0.0941631
-0.092665
-0.0939637
-0.0872599
-0.0903846
-0.0783357
-0.0831593
-0.0668295
-0.0728012
-0.0541109
-0.0605259
-0.0415081
-0.0477343
-0.0299325
-0.0355664
-0.0198967
-0.0247219
-0.0115998
-0.0155478
-0.00502496
-0.00812175
-4.86291e-05
-0.0023646
0.00352083
0.00188331
0.00590767
0.00483568
0.0073326
0.00671675
0.00800771
0.00774329
0.0081292
0.00812054
0.00787158
0.00803417
0.00738042
0.00764542
0.00676954
0.00708405
0.00611208
0.00644335
0.00546069
0.00578407
0.00484447
0.00515004
0.00423269
0.00454972
0.0036602
0.00396123
0.00317208
0.00342338
0.00292655
0.00481227
0.00435443
0.00574453
0.00527979
0.00665575
0.00620079
0.00750715
0.00709876
0.00816898
0.00787537
0.00835373
0.00833908
0.00797418
0.00820777
0.00752308
0.00773565
0.00710247
0.00732412
0.00655401
0.00684437
0.00591662
0.00624124
0.0052334
0.0055825
0.00446934
0.00485568
0.00370877
0.00411702
0.0033295
-0.206095
-0.263211
-0.210064
0.00225843
0.00264954
-0.296994
-0.146189
-0.305627
-0.158041
-0.293062
-0.194911
-0.266859
-0.24371
-0.234768
-0.289468
-0.0750119
-0.0830546
-0.202997
-0.317887
-0.0932692
-0.109748
-0.129689
-0.174327
-0.322282
-0.103937
-0.15536
-0.152457
-0.306682
-0.114942
-0.181514
-0.136909
-0.277841
-0.165537
-0.125303
-0.0696472
-0.067181
-0.0620899
0.00296714
0.00295356
0.00274836
0.00335039
0.00314761
0.00377179
0.0035669
0.00418045
0.00397917
0.00456828
0.00437926
0.00491173
0.00474661
0.00519091
0.0050603
0.0053799
0.00529761
0.00544919
0.00543014
0.00537031
0.00542836
0.00512146
0.0052664
0.00469356
0.00492819
0.00409468
0.00441282
0.0033516
0.00373792
0.00250156
0.00293726
0.00156851
0.00204501
0.000524921
0.00106471
-0.000766211
-7.82203e-05
-0.00260703
-0.00159969
-0.00545784
-0.00388558
-0.00988903
-0.00745734
-0.0164638
-0.0129054
-0.0255106
-0.0206952
-0.0370765
-0.0310124
-0.0508378
-0.0437452
-0.0657859
-0.0582605
-0.080437
-0.0732326
-0.0929296
-0.0871056
-0.0998883
-0.0972829
-0.104777
-0.102439
-0.101879
-0.104571
-0.0940867
-0.0981621
-0.106308
-0.0725496
-0.0705454
-0.0768187
-0.0744315
-0.082458
-0.0796404
-0.0856189
-0.0841751
-0.0867823
-0.0865111
-0.0850953
-0.0862607
-0.0804188
-0.0831156
-0.0727517
-0.0768912
-0.0628945
-0.0680123
-0.0519193
-0.0574711
-0.0408763
-0.0463527
-0.0305638
-0.0356028
-0.0214666
-0.025859
-0.0138086
-0.0174685
-0.00762374
-0.0105511
-0.00283515
-0.00507764
0.000702062
-0.000934363
0.00317076
0.00204686
0.00476026
0.00405444
0.00565544
0.00527623
0.00602876
0.0058919
0.00603355
0.00606493
0.00579789
0.00593669
0.00542121
0.00562115
0.00497283
0.00520213
0.00449979
0.0047376
0.00402386
0.00426208
0.00354173
0.00378145
0.0030813
0.00331059
0.00263294
0.00286237
0.00222881
0.00242402
0.00284164
0.00366127
0.00323997
0.004511
0.00408573
0.00535906
0.00493616
0.0061791
0.00577242
0.0069232
0.00656824
0.00751233
0.00724472
0.00775821
0.00769222
0.00757375
0.00770276
0.00727338
0.00742627
0.0068714
0.0070973
0.00627163
0.00659113
0.00557954
0.00592927
0.00487516
0.00522829
0.00415449
0.00451347
0.00342053
0.00381306
0.00304431
-0.217111
-0.211726
0.00249097
0.00187925
-0.265773
-0.188597
-0.244185
-0.288483
-0.188836
-0.286345
-0.218512
-0.266354
-0.26614
-0.0561165
-0.0636684
-0.0809884
-0.237286
-0.3183
-0.0782664
-0.0986945
-0.207376
-0.358172
-0.0915102
-0.124328
-0.18125
-0.37248
-0.102402
-0.151
-0.160292
-0.35942
-0.113866
-0.179239
-0.144871
-0.32856
-0.124093
-0.210679
-0.133803
-0.0493039
-0.0497131
0.00213566
0.00182341
-0.0429664
0.00250415
0.00239785
0.00284526
0.00267552
0.0031876
0.0030215
0.00351397
0.00335757
0.00380574
0.0036665
0.00404533
0.00393353
0.00421291
0.00413899
0.00428632
0.00426202
0.00424135
0.00427895
0.00405518
0.00416575
0.0037109
0.00390196
0.00320184
0.00347541
0.00253371
0.00288547
0.00172366
0.00214403
0.000790958
0.00127102
-0.000263823
0.000279344
-0.00148952
-0.000851018
-0.00302685
-0.00220952
-0.00514318
-0.00399847
-0.00821987
-0.00654632
-0.0127071
-0.0102754
-0.01902
-0.0156364
-0.027383
-0.0229621
-0.0377731
-0.0323578
-0.0498106
-0.0436432
-0.0626019
-0.0561869
-0.074861
-0.0688794
-0.0848393
-0.0802362
-0.0909814
-0.0883394
-0.0937101
-0.0930759
-0.0898695
-0.0923511
-0.084049
-0.0870911
-0.0601228
-0.0554386
-0.0665317
-0.0638889
-0.0710374
-0.0687426
-0.0757282
-0.0734806
-0.0791907
-0.0778728
-0.0800612
-0.0798643
-0.0786292
-0.0796307
-0.0745814
-0.0769113
-0.0680017
-0.0715513
-0.0595299
-0.0639341
-0.0500141
-0.0548404
-0.040309
-0.0451382
-0.0311076
-0.0356201
-0.0228583
-0.026857
-0.0157945
-0.0191845
-0.00998553
-0.0127476
-0.00539207
-0.00755542
-0.00190724
-0.00353151
0.000616278
-0.000545425
0.00233925
0.00155929
0.00342185
0.00294417
0.00401496
0.00376572
0.00425292
0.00416721
0.00424808
0.00427248
0.00408787
0.00418154
0.00383514
0.00396916
0.00353101
0.00368729
0.00319613
0.00336622
0.00284179
0.00301941
0.00248272
0.00266268
0.00211874
0.00229846
0.0017399
0.00191559
0.00157453
0.00122541
0.00147263
0.0020388
0.00270801
0.00238551
0.00342853
0.00305222
0.00420217
0.00381462
0.00498172
0.00459421
0.00571733
0.00535619
0.00636282
0.00605587
0.00689033
0.00664402
0.00719392
0.00708091
0.00717993
0.00721857
0.00700425
0.00710887
0.00661437
0.00684505
0.00597509
0.00631624
0.00524906
0.00561293
0.00454086
0.00489146
0.00383857
0.00418979
0.00312421
0.00349701
0.0023733
0.00276123
0.00198338
-0.229038
-0.286919
0.00168432
-0.267064
-0.218075
-0.247318
0.00187506
0.00154509
0.00137048
0.00103254
-0.276957
-0.239525
-0.0351425
-0.0416102
-0.264384
-0.285531
-0.0567979
-0.0607099
-0.0697421
-0.23813
-0.341411
-0.0730369
-0.0904599
-0.208079
-0.39288
-0.0887344
-0.115837
-0.181912
-0.422062
-0.101435
-0.144597
-0.16328
-0.419182
-0.113285
-0.174426
-0.149995
-0.388419
-0.124026
-0.207261
-0.140713
-0.341478
-0.132851
0.00183235
-0.026169
-0.0291975
-0.0208559
0.00149287
0.00208592
0.00199541
0.00234537
0.0022116
0.00261568
0.00248478
0.00285772
0.00274301
0.00305355
0.00296278
0.00318834
0.00312949
0.0032443
0.00322672
0.00320238
0.00323585
0.00304313
0.00313743
0.0027488
0.00291247
0.00230664
0.00254527
0.00171188
0.0020269
0.000968216
0.00135686
8.52241e-05
0.000542397
-0.000931082
-0.000407127
-0.00209599
-0.00149391
-0.00347048
-0.00275292
-0.00519159
-0.00427964
-0.00749235
-0.00625864
-0.0106869
-0.00896698
-0.0151286
-0.012745
-0.0211208
-0.0179346
-0.0288052
-0.0247682
-0.0381025
-0.0332835
-0.0486174
-0.0432576
-0.0595692
-0.0540998
-0.0698352
-0.0648623
-0.0778914
-0.074203
-0.0829626
-0.0807438
-0.0839655
-0.0842731
-0.0801837
-0.0828683
-0.0747688
-0.077866
-0.0616137
-0.0691132
-0.0497766
-0.0434467
-0.0531882
-0.0373022
-0.0315968
-0.0436444
-0.03698
-0.0537721
-0.0490549
-0.0603994
-0.0575395
-0.0657087
-0.0632524
-0.0700695
-0.0680938
-0.0732618
-0.0719002
-0.0741917
-0.0739646
-0.0730259
-0.0738613
-0.0695647
-0.0715591
-0.0639315
-0.0669723
-0.0566332
-0.0604344
-0.0483565
-0.0525647
-0.0398097
-0.0440758
-0.0315899
-0.0356349
-0.024107
-0.0277475
-0.0175953
-0.0207326
-0.012147
-0.0147489
-0.00775228
-0.00983293
-0.00433523
-0.00593868
-0.00177871
-0.00296677
5.23114e-05
-0.000788814
0.00129562
0.000732843
0.00208232
0.00173363
0.00252952
0.00233833
0.00273523
0.0026549
0.00277597
0.00277072
0.00270711
0.00275148
0.00256514
0.00264289
0.00237096
0.00247296
0.0021377
0.00225807
0.00187435
0.00200962
0.00156944
0.00173184
0.00124334
0.00143901
0.000877121
0.00105433
0.00250158
0.00217732
0.00318487
0.00283542
0.00389814
0.0035395
0.00461343
0.00425856
0.00527312
0.00495263
0.0058322
0.00556723
0.00630477
0.00607787
0.00665559
0.00650336
0.00678513
0.00674771
0.00671345
0.00677789
0.00633504
0.00656855
0.00566829
0.00602426
0.00492104
0.00529337
0.00421109
0.00456021
0.003521
0.00386583
0.00283234
0.00318605
0.00210942
0.00248485
0.0017322
-0.243747
-0.0128738
-0.016676
-0.245928
0.00140634
0.00117314
0.000689359
-0.268788
-0.254055
-0.0326415
-0.290804
0.00158434
0.00124491
-0.0134452
-0.0233006
-0.00828707
-0.00477175
0.000292534
-0.265092
-0.296382
0.00376636
-0.0119451
-0.00159547
-0.049698
-0.05797
-0.242128
-0.355431
-0.0671557
-0.0805095
-0.210802
-0.41573
-0.0842632
-0.105071
-0.181856
-0.461213
-0.0997755
-0.134878
-0.160984
-0.476201
-0.113017
-0.166287
-0.150246
-0.454608
-0.124635
-0.200995
-0.144773
-0.406062
-0.133709
-0.240831
-0.140089
-0.0149655
-0.00361654
0.00136848
0.00112226
0.00122732
0.0016282
0.00152705
0.00185589
0.00175712
0.0020519
0.00195582
0.00220858
0.00213557
0.00230841
0.00226566
0.0023379
0.00233209
0.00228194
0.00232069
0.00212477
0.00221592
0.00185143
0.00200234
0.00144881
0.0016657
0.000907916
0.00119465
0.000225733
0.000583157
-0.000595547
-0.000168998
-0.00155212
-0.00105816
-0.00264749
-0.0020828
-0.00390726
-0.0032555
-0.00539811
-0.00462002
-0.00724905
-0.00627197
-0.00966122
-0.00837675
-0.0128918
-0.0111666
-0.0172154
-0.0149135
-0.0228508
-0.0198746
-0.0298755
-0.0262059
-0.0381689
-0.0338928
-0.0473402
-0.0426876
-0.0567031
-0.052049
-0.0652784
-0.0611514
-0.0718456
-0.0688506
-0.075757
-0.0741292
-0.0759098
-0.0763668
-0.0723346
-0.0744613
-0.065901
-0.0696092
-0.0533526
-0.0605468
-0.0361108
-0.0455624
-0.0256143
-0.0242075
-0.0163395
-0.0377174
-0.031328
-0.0477158
-0.043397
-0.0551444
-0.0517949
-0.0603889
-0.0579926
-0.065006
-0.0629807
-0.0679448
-0.0666454
-0.0690342
-0.068717
-0.0681474
-0.0688193
-0.0652318
-0.0669194
-0.0604224
-0.063024
-0.0541287
-0.0574139
-0.0469169
-0.0505926
-0.0393798
-0.0431533
-0.0320311
-0.0356594
-0.0252431
-0.0285572
-0.0192446
-0.0221455
-0.0141413
-0.0165886
-0.00994622
-0.0119422
-0.00660837
-0.00818443
-0.00403617
-0.00524146
-0.00211758
-0.00300942
-0.000735177
-0.00137223
0.000223982
-0.000213736
0.000861076
0.00057379
0.00126089
0.00108369
0.00148958
0.00139154
0.00159508
0.00155415
0.00160952
0.00161124
0.00155255
0.00158819
0.0014358
0.0015003
0.00126653
0.0013565
0.00105146
0.00116227
0.000775809
0.0009302
0.000480956
0.000642801
0.000515557
0.000160665
0.000319529
0.00225137
0.00192293
0.00292277
0.00258725
0.00358902
0.00325445
0.00424995
0.00392369
0.00484426
0.00455814
0.00533195
0.0051018
0.00575569
0.00554712
0.0061396
0.00595784
0.00638499
0.00628549
0.0064009
0.00643079
0.00603697
0.00627004
0.00535298
0.00571864
0.00459095
0.00496944
0.00387864
0.00422715
0.00320365
0.00353903
0.00254047
0.00287826
0.00186903
0.00221217
0.00119889
0.00153009
0.000856315
-0.262277
-0.023044
-0.345671
0.000863402
-0.0106227
0.00877878
-0.272203
-0.295356
-0.00650556
-0.0175558
-0.0407728
-0.0451952
-0.00982065
0.000466866
0.000346309
1.4582e-05
-0.254077
-0.355804
-0.0598009
-0.0681758
-0.288571
-0.221542
-0.424022
-0.0791736
-0.0933908
-0.187061
-0.483317
-0.0968401
-0.123166
-0.160478
-0.517936
-0.112394
-0.156163
-0.146478
-0.51586
-0.125668
-0.191962
-0.143905
-0.476859
-0.135867
-0.232581
-0.144326
-0.411712
-0.142235
-0.0127776
0.00889896
0.00440464
-0.000531589
0.000758098
0.000608879
0.000337723
0.000542286
0.000965179
0.000884423
0.00119396
0.00109439
0.00136623
0.00128399
0.00149294
0.00143327
0.00156423
0.00153452
0.00156767
0.00157386
0.00149143
0.0015392
0.00132306
0.00141849
0.0010505
0.0011994
0.000663278
0.000870664
0.000152748
0.000422663
-0.000486504
-0.000151849
-0.00125571
-0.000856108
-0.00215361
-0.0016898
-0.00318062
-0.00265184
-0.00434687
-0.00374633
-0.00568432
-0.00499274
-0.00726112
-0.00643943
-0.00919589
-0.00817843
-0.0116609
-0.010356
-0.0148653
-0.0131656
-0.0190206
-0.0168231
-0.0242797
-0.0215187
-0.0306718
-0.0273501
-0.0380488
-0.0342638
-0.046036
-0.0420029
-0.0540221
-0.0500729
-0.0611566
-0.0577449
-0.0664844
-0.0640717
-0.0693352
-0.0682397
-0.0688335
-0.0694965
-0.0652056
-0.0673274
-0.05755
-0.0621089
-0.0462031
-0.052565
-0.0297433
-0.0385161
-0.0201317
0.00166448
0.00630607
0.0170433
0.0131071
-0.00427558
0.0131201
0.00444211
-0.0198452
-0.0124171
-0.0325258
-0.0264769
-0.042615
-0.0379209
-0.0501907
-0.0466565
-0.0558271
-0.0531791
-0.0603054
-0.0582263
-0.0632287
-0.0619437
-0.0644689
-0.0640564
-0.0638732
-0.0643804
-0.0614623
-0.0628706
-0.0573763
-0.0595945
-0.0519542
-0.0547919
-0.0456686
-0.0488806
-0.0390187
-0.0423577
-0.0324479
-0.0357024
-0.0262929
-0.0293081
-0.0207721
-0.0234517
-0.0159986
-0.018297
-0.0120019
-0.0139126
-0.00875144
-0.0102952
-0.00617702
-0.00739238
-0.00418708
-0.00512134
-0.00268273
-0.00338548
-0.00156785
-0.00208635
-0.000756124
-0.0011321
-0.000175244
-0.000443077
0.000231023
4.50743e-05
0.000503268
0.000380548
0.000668858
0.000597009
0.000744917
0.000716352
0.000741668
0.000751852
0.000666743
0.000711879
0.000527533
0.000604183
0.000325201
0.000432144
7.88965e-05
0.000222409
-0.000196519
-5.94851e-05
0.00133036
0.000969294
0.00199879
0.00167278
0.00264426
0.00232156
0.00327563
0.00296022
0.00388971
0.00358808
0.00443022
0.00417186
0.00486129
0.00465888
0.00524203
0.00505098
0.00564365
0.0054427
0.00597775
0.00582949
0.00606792
0.00606724
0.00572336
0.00595211
0.00503098
0.00540225
0.00425882
0.00464174
0.00354634
0.0038931
0.00289047
0.00321392
0.00226073
0.00257894
0.00163946
0.00195018
0.00102492
0.00133256
0.000696264
-0.284543
-0.0295098
-0.0181598
-0.0317136
0.0162778
0.0195763
0.0205834
-0.000334883
-0.277407
-0.339273
-0.0252911
-0.0503312
-0.0548047
-0.342355
0.000473831
0.000186316
-0.00598824
0.0032957
-0.244964
-0.413805
-0.07207
-0.0205589
-0.0070111
-0.0803981
-0.282241
-0.00412471
-0.204028
-0.485804
-0.0927067
-0.109847
-0.168737
-0.53769
-0.111096
-0.144043
-0.146236
-0.557896
-0.126812
-0.18086
-0.139731
-0.538675
-0.138862
-0.22227
-0.144118
-0.48361
-0.146471
-0.148337
0.0119761
0.000393178
6.10165e-05
0.000225746
0.000590867
0.000508333
0.000759664
0.000678017
0.00087942
0.000825672
0.000937377
0.000915326
0.000923665
0.000938518
0.000829975
0.000886126
0.000646978
0.000749097
0.000365201
0.000517869
-2.33229e-05
0.00018357
-0.000524384
-0.000260602
-0.00114219
-0.000819637
-0.00187858
-0.00149669
-0.00273285
-0.00229216
-0.00370414
-0.00320489
-0.00479585
-0.00423552
-0.00602258
-0.00539208
-0.00741987
-0.00669842
-0.00905472
-0.00820464
-0.0110344
-0.00999722
-0.0135055
-0.0122041
-0.0166371
-0.0149857
-0.0205898
-0.0185116
-0.0254659
-0.0229196
-0.0312576
-0.0282625
-0.0378015
-0.0344594
-0.0447445
-0.0412548
-0.0515386
-0.0481975
-0.0574501
-0.0546427
-0.0617113
-0.0598083
-0.0636571
-0.0629946
-0.0626615
-0.0635046
-0.0587388
-0.0610543
-0.0509948
-0.0553287
-0.0401662
-0.0458681
-0.0245857
-0.0328266
-0.0154111
0.0144738
0.0173957
0.026252
0.0229668
0.0290578
0.0159903
0.024578
-0.00079862
0.00752131
-0.0157283
-0.00859993
-0.0280664
-0.022065
-0.0380023
-0.0333015
-0.0457008
-0.0420873
-0.0515653
-0.0488147
-0.0560287
-0.0539495
-0.0590158
-0.0576987
-0.0604062
-0.0599015
-0.0601061
-0.0604482
-0.0581629
-0.0593162
-0.0547188
-0.0565984
-0.050062
-0.0525071
-0.0445899
-0.0473942
-0.0387263
-0.0416792
-0.0328553
-0.0357722
-0.0272794
-0.0300199
-0.0222045
-0.0246765
-0.0177461
-0.0199014
-0.0139453
-0.0157707
-0.0107877
-0.0122957
-0.00822119
-0.00944119
-0.00617237
-0.00714266
-0.0045593
-0.00532115
-0.00330154
-0.00389452
-0.00232679
-0.00278583
-0.00157473
-0.00192849
-0.000998748
-0.00126893
-0.000565639
-0.000767436
-0.000253223
-0.000396649
-4.73956e-05
-0.000138742
6.09228e-05
1.74949e-05
7.93029e-05
8.00182e-05
1.48081e-05
5.63735e-05
-0.00012339
-4.66172e-05
-0.000314665
-0.00021813
-0.000562718
-0.000436175
-0.000452765
-0.000794645
-0.000681589
0.00111527
0.000779273
0.00175614
0.00144327
0.00236717
0.0020643
0.00296129
0.00266481
0.00353346
0.00325317
0.00403108
0.00379433
0.00441906
0.0042379
0.00476215
0.00458789
0.00516665
0.00495645
0.00556363
0.00537921
0.00571613
0.00568823
0.0053964
0.00561681
0.00470437
0.00507723
0.00392759
0.0043125
0.0032193
0.0035622
0.00258546
0.00289572
0.00199173
0.00228932
0.00141757
0.00170301
0.000845663
0.00113507
0.00020558
0.000534065
-0.000124385
-0.309143
-0.0384843
-0.0257093
-0.0405536
-0.406489
-9.95582e-05
0.0249243
0.0285964
0.0313195
0.0128204
-0.283904
-0.382241
-0.0347477
-0.0621563
-0.0657297
0.000386081
0.000116043
-0.000561403
-0.000888664
-0.332476
-0.00310454
0.00582781
0.0102448
-0.238249
-0.464784
-0.0297606
-0.0862454
0.00699648
-0.0949859
-0.010132
-0.19183
-0.533874
-0.108101
0.0255876
-0.129207
-0.15748
-0.574361
-0.12715
-0.16744
-0.271119
-0.139578
-0.578577
-0.142116
-0.209547
-0.141245
-0.54453
-0.15218
-0.150844
-0.475546
-0.155619
0.0251026
-0.000238287
-0.000337148
1.54087e-05
-0.000111179
0.000207874
0.000122524
0.000335058
0.000279128
0.000399698
0.000376051
0.000386814
0.000402744
0.0002871
0.000346987
9.47179e-05
0.000201697
-0.000196941
-3.94612e-05
-0.000593892
-0.000383127
-0.00109955
-0.000834157
-0.00171483
-0.00139457
-0.0024393
-0.00206455
-0.0032711
-0.002843
-0.00420738
-0.00372732
-0.00524725
-0.00471524
-0.00639613
-0.00580842
-0.00767164
-0.00701763
-0.00911105
-0.0083694
-0.0107787
-0.0099138
-0.0127707
-0.0117308
-0.0152108
-0.0139316
-0.018235
-0.0166484
-0.0219628
-0.020013
-0.0264577
-0.024122
-0.0316842
-0.0289937
-0.0374719
-0.0345293
-0.0434915
-0.0404801
-0.0492515
-0.0464356
-0.0541211
-0.0518272
-0.0574563
-0.0559999
-0.0586434
-0.0583326
-0.0572175
-0.0582389
-0.0529736
-0.0554553
-0.0453234
-0.0495181
-0.0348199
-0.0404067
-0.0202751
-0.0279885
-0.0119644
0.0313092
0.0339963
0.0331352
0.0276126
0.0292808
0.0359387
0.0336302
0.0376767
0.0180225
0.0265701
0.00216055
0.0100443
-0.0120691
-0.00539504
-0.0241838
-0.0183947
-0.0339519
-0.0293035
-0.0416981
-0.0380467
-0.0476789
-0.0448724
-0.0521757
-0.0500857
-0.0552399
-0.0538775
-0.0567859
-0.0561899
-0.0567742
-0.0569563
-0.0552627
-0.0561832
-0.0523928
-0.0539705
-0.0484141
-0.0505115
-0.0436635
-0.0461058
-0.0385028
-0.0411096
-0.0332659
-0.0358759
-0.0282231
-0.0307097
-0.0235659
-0.0258425
-0.0194087
-0.0214264
-0.0158004
-0.0175414
-0.012739
-0.0142091
-0.0101877
-0.0114084
-0.00808918
-0.00909084
-0.00637711
-0.00719323
-0.00498574
-0.00564868
-0.00385628
-0.0043944
-0.00293997
-0.00337637
-0.00219976
-0.00255161
-0.00160994
-0.0018889
-0.00115382
-0.0013674
-0.000820587
-0.000973684
-0.000602493
-0.000698796
-0.000492715
-0.000535637
-0.000483527
-0.00047732
-0.000561149
-0.000513805
-0.000727761
-0.000630954
-0.000929721
-0.000811357
-0.00113719
-0.00103513
0.000950074
0.000656942
0.00153678
0.00124589
0.00210048
0.00182129
0.00265271
0.00237682
0.00318534
0.00292425
0.00364881
0.00342862
0.00400495
0.00383964
0.00431469
0.00415675
0.0047086
0.00449818
0.00514463
0.00493574
0.00534823
0.00529625
0.00505901
0.00526691
0.00437712
0.00474691
0.00360264
0.00398642
0.00290322
0.00324022
0.00229332
0.00258976
0.00173604
0.00201306
0.00120161
0.0014681
0.000668519
0.000936405
7.67242e-05
0.000381456
-0.000238417
0.0341124
0.0235335
-0.333959
-0.0491376
-0.0337767
-0.0498945
-0.000193028
-0.00122574
-0.392768
-0.000797645
0.00780857
0.0433471
0.0417946
0.0431844
0.0434791
0.0246296
-0.290772
-0.419954
-0.0464224
-0.0763581
0.00042742
-0.0785963
0.00504885
-0.234555
-0.504888
-0.0420406
-0.102462
0.0216989
-0.112559
-0.0171114
-0.185045
-0.565478
-0.125837
-0.151713
-0.317909
-0.153326
-0.591075
-0.145051
-0.19495
-0.257586
-0.141344
-0.579481
-0.158647
-0.150829
-0.53278
-0.165268
-0.16252
-0.000566349
-0.000506594
-0.000617758
-0.000556113
-0.000580549
-0.000350658
-0.000453893
-0.000170654
-0.000248642
-7.93323e-05
-0.000114391
-7.13329e-05
-6.48561e-05
-0.000157005
-0.0001024
-0.000344713
-0.00023906
-0.000638146
-0.000479164
-0.00104139
-0.000827087
-0.00155619
-0.00128608
-0.00218102
-0.00185621
-0.0029116
-0.00253449
-0.00374245
-0.00331585
-0.00466776
-0.00419464
-0.00568234
-0.00516504
-0.00678487
-0.00622336
-0.0079822
-0.00737188
-0.00929401
-0.00862327
-0.0107583
-0.0100057
-0.0124361
-0.0115684
-0.0144129
-0.0133846
-0.0167931
-0.0155505
-0.0196846
-0.0181745
-0.0231746
-0.0213577
-0.0272962
-0.0251641
-0.0319942
-0.0295864
-0.0370968
-0.0345139
-0.0422986
-0.039709
-0.0471597
-0.0447982
-0.0511369
-0.0492825
-0.0536733
-0.0526023
-0.0542295
-0.0542072
-0.0524178
-0.0536096
-0.0479299
-0.0505086
-0.0405646
-0.0445489
-0.0301827
-0.0357485
-0.0168472
-0.0238379
-0.00914327
0.0419414
0.0425536
0.0398302
0.0409489
0.0459013
0.0447192
0.0472003
0.0466768
0.0471045
0.019879
0.0283781
0.00453412
0.0120643
-0.00916621
-0.00254065
-0.020837
-0.0152303
-0.0304384
-0.0258687
-0.0381437
-0.0344942
-0.0441714
-0.041338
-0.0487105
-0.0466012
-0.0518511
-0.0504425
-0.0535548
-0.0528682
-0.0538172
-0.0538481
-0.0527036
-0.0534108
-0.0503511
-0.0516577
-0.046979
-0.0487656
-0.0428746
-0.0449923
-0.0383485
-0.0406421
-0.0336908
-0.0360196
-0.0291421
-0.0313926
-0.0248782
-0.0269701
-0.0210097
-0.0228949
-0.0175897
-0.0192475
-0.014626
-0.016057
-0.0120948
-0.0133137
-0.00995272
-0.0109826
-0.00814811
-0.00901534
-0.0066292
-0.0073592
-0.00535021
-0.00596498
-0.00427384
-0.00479095
-0.00337262
-0.00380466
-0.00262851
-0.00298353
-0.00203051
-0.00231343
-0.00157146
-0.00178554
-0.00124533
-0.00139365
-0.00104634
-0.00113168
-0.00096616
-0.000993585
-0.000992602
-0.000968786
-0.00110722
-0.00104307
-0.00129748
-0.00119134
-0.00148645
-0.00138319
-0.00129675
-0.00164748
-0.00157692
-0.000221281
0.000300074
5.11302e-05
0.00081519
0.000556338
0.00133594
0.00107575
0.0018472
0.00159314
0.00235451
0.00210055
0.00284871
0.00260559
0.00328417
0.00307684
0.00361727
0.00346349
0.00389769
0.00375532
0.00427041
0.00406714
0.0047241
0.00450156
0.00496705
0.00489473
0.00471304
0.00490459
0.00405189
0.00441326
0.00328786
0.00366689
0.00260186
0.00293114
0.00201699
0.00229935
0.00149447
0.00175235
0.00099798
0.00124587
0.000500335
0.00075042
-4.05833e-05
0.000237073
-0.000646371
-0.000337608
-0.000964745
-0.456415
-0.000615589
0.0147845
-0.000818538
0.0164465
-0.000945743
0.039872
-0.0396627
0.0240374
0.0251214
-0.0177242
0.0336389
0.0340214
0.0376765
-0.356412
-0.0626656
-0.00819921
-0.0443287
-0.0616363
0.0191483
-0.297104
-0.449302
-0.0613088
-0.0930159
0.0169651
-0.0943855
0.0554836
0.0550623
-0.00135585
-0.0016948
-0.000309845
-0.233244
-0.529829
-0.0599825
-0.121363
0.0374357
-0.133229
-0.37225
-0.0263273
-0.184127
-0.578649
-0.146241
-0.177807
-0.242231
-0.157746
-0.587315
-0.0249659
-0.050656
-0.164911
-0.299652
-0.152063
-0.56323
-0.176032
-0.167182
-0.508468
-0.177527
-0.00101412
-0.00102644
-0.00127103
-0.00118335
-0.000835991
-0.000899794
-0.000687166
-0.000761644
-0.000536641
-0.000599145
-0.000483125
-0.0004975
-0.000531844
-0.000494851
-0.000691928
-0.00059643
-0.000970071
-0.000817548
-0.00136779
-0.00115511
-0.00188659
-0.00161354
-0.00252299
-0.00219173
-0.00327028
-0.00288457
-0.0041182
-0.00368347
-0.00505587
-0.0045775
-0.00607308
-0.00555608
-0.00716195
-0.00660979
-0.00832055
-0.00773326
-0.00955685
-0.00892913
-0.0108921
-0.0102116
-0.0123647
-0.0116101
-0.0140323
-0.0131724
-0.0159709
-0.0149659
-0.0182681
-0.0170736
-0.0210092
-0.0195838
-0.0242551
-0.0225726
-0.0280157
-0.0260786
-0.0322222
-0.0300755
-0.0367049
-0.0344458
-0.0411817
-0.0389644
-0.0452602
-0.0432928
-0.0484699
-0.0469929
-0.0503234
-0.0495803
-0.0503566
-0.0505722
-0.0482194
-0.0495545
-0.04361
-0.0462133
-0.0364472
-0.0403168
-0.0263487
-0.0317749
-0.0138509
-0.020486
0.00102009
-0.00660976
0.0175094
0.00910978
0.0343155
0.0260555
0.0425705
0.0521287
0.052524
0.0523763
0.0525415
0.0523898
0.0514953
0.052424
0.0561022
0.0558465
0.0565733
0.0563894
0.057836
0.0567515
0.0583634
0.037764
0.0522583
0.0456196
0.0208297
0.0287991
0.00632376
0.0135163
-0.00671681
-0.000370201
-0.0179952
-0.0125721
-0.0273772
-0.0228974
-0.0350001
-0.0313789
-0.0410251
-0.0381865
-0.045597
-0.0434688
-0.0488099
-0.0473575
-0.0506666
-0.0498925
-0.0511857
-0.0510756
-0.0504386
-0.05095
-0.0485557
-0.0496166
-0.0457311
-0.0472372
-0.0422116
-0.0440352
-0.0382639
-0.0402715
-0.0341402
-0.036209
-0.0300528
-0.0320822
-0.0261614
-0.028078
-0.0225703
-0.0243279
-0.0193343
-0.0209107
-0.0164685
-0.01786
-0.0139596
-0.0151754
-0.0117774
-0.0128339
-0.00988367
-0.0108004
-0.00824025
-0.00903598
-0.00681406
-0.0075045
-0.00557924
-0.00617642
-0.00451805
-0.0050299
-0.00362037
-0.0040512
-0.00288103
-0.00323308
-0.00229695
-0.00257159
-0.00186441
-0.00206396
-0.00157843
-0.0017045
-0.00143037
-0.00148974
-0.00140684
-0.0014057
-0.00148848
-0.00143795
-0.00164816
-0.00156315
-0.00184769
-0.00174189
-0.00200996
-0.00192105
-0.0002743
0.000216419
-2.76837e-05
0.00069204
0.000457578
0.00115291
0.000922056
0.00161161
0.00138269
0.00207348
0.00184165
0.00253039
0.00230442
0.00294123
0.00274477
0.00325625
0.00311156
0.00350974
0.00338249
0.00385313
0.00366276
0.00430612
0.00407948
0.00457681
0.00448818
0.00436177
0.00453348
0.00373238
0.00407963
0.00298767
0.00335805
0.00231926
0.00263931
0.00175989
0.00202822
0.0012703
0.00151038
0.000811259
0.00104018
0.000349386
0.000581981
-0.000148066
0.00010698
-0.000717748
-0.000424557
-0.0010265
0.0469702
0.0315958
-0.374167
-0.0791362
-0.000574235
0.00532177
0.0112795
-0.0561433
-0.0752364
0.0546635
-0.00205855
0.0158268
-0.302559
-0.467417
-0.0805731
-0.112457
0.0345688
-0.11265
-0.430014
-0.00739129
0.0571248
-0.235134
-0.53914
-0.14365
-0.00353339
-0.157551
0.0596518
0.0509052
0.0589065
-0.0366277
-0.225391
-0.190185
-0.574213
-0.0819308
-0.042932
-0.169544
-0.348594
-0.279886
-0.170049
-0.568442
-0.186956
-0.171556
-0.534005
-0.193913
-0.188042
0.0570487
-0.0014883
-0.00133327
-0.00143441
-0.0011404
-0.0012302
-0.000997294
-0.00105934
-0.000884965
-0.000931446
-0.000871405
-0.000864031
-0.000978948
-0.000910185
-0.00121504
-0.00108408
-0.00158564
-0.00138509
-0.00209181
-0.00182323
-0.00273095
-0.00239678
-0.00349443
-0.0030994
-0.00436892
-0.00392023
-0.00533764
-0.00484383
-0.00638381
-0.00585326
-0.00749201
-0.00693209
-0.00865137
-0.00806679
-0.0098593
-0.00925018
-0.0111247
-0.0104851
-0.0124704
-0.0117872
-0.0139353
-0.0131871
-0.0155741
-0.0147318
-0.017455
-0.0164833
-0.0196514
-0.0185136
-0.0222297
-0.0208944
-0.0252301
-0.0236813
-0.0286448
-0.0268932
-0.0323956
-0.0304895
-0.0363177
-0.0343502
-0.0401512
-0.0382631
-0.0435461
-0.0419217
-0.0460921
-0.044941
-0.0473616
-0.0468975
-0.0469545
-0.0473703
-0.0445485
-0.0459976
-0.0398856
-0.0424845
-0.03286
-0.0366547
-0.02323
-0.0283342
-0.0114213
-0.0174889
0.00256044
-0.00458813
0.0184204
0.0102537
0.0348746
0.0267442
0.0428123
0.0607797
0.0603407
0.0616857
0.0612477
0.0630128
0.0623117
0.0631714
0.063684
0.0716015
0.0659529
0.0674554
0.0694719
0.0683633
0.0663405
0.0668214
0.0657014
0.0659445
0.0660232
0.0658396
0.0524801
0.0635929
0.0653143
0.0377041
0.0454701
0.0216457
0.0295216
0.00776812
0.0146279
-0.00467283
0.00141047
-0.0155842
-0.0103282
-0.0247353
-0.0203555
-0.0322371
-0.0286659
-0.0382204
-0.0353943
-0.0428062
-0.0406657
-0.046083
-0.0445908
-0.0480821
-0.0472262
-0.0488393
-0.0485984
-0.0484292
-0.0487608
-0.0469752
-0.0478119
-0.0446494
-0.0458999
-0.0416647
-0.043219
-0.0382501
-0.0399936
-0.0346234
-0.0364498
-0.0309705
-0.0327913
-0.027434
-0.0291833
-0.0241103
-0.0257448
-0.0210535
-0.0225506
-0.0182839
-0.0196368
-0.0157976
-0.0170103
-0.0135759
-0.014659
-0.0115937
-0.01256
-0.00982602
-0.0106877
-0.00825231
-0.00901886
-0.00685832
-0.00753615
-0.00563629
-0.00622853
-0.00458429
-0.00509144
-0.00370285
-0.00412449
-0.00299379
-0.00332913
-0.00245665
-0.00270622
-0.00208514
-0.00225325
-0.00187115
-0.0019611
-0.00180098
-0.00182093
-0.00185461
-0.00181554
-0.00200358
-0.00192071
-0.00220316
-0.00210333
-0.00237554
-0.00228415
-0.00209889
-0.00249359
-0.00244809
-0.000356
0.000129772
-0.000110079
0.000568529
0.000355912
0.000984015
0.000777386
0.00139436
0.00118919
0.00181181
0.00160164
0.00223249
0.00202312
0.0026202
0.0024337
0.00291974
0.00278269
0.0031488
0.00303567
0.00345834
0.00328453
0.00389539
0.00367307
0.00418106
0.00408122
0.00400566
0.00415548
0.00341818
0.00374569
0.00270267
0.00305992
0.00205708
0.00236587
0.0015246
0.00177843
0.00106741
0.00129027
0.000644398
0.000854717
0.000218224
0.000433567
-0.000244799
-7.02754e-06
-0.000774424
-0.00050007
-0.00139422
-0.00107686
-0.00173222
0.0317393
-0.385991
-0.099013
-0.000637912
0.0269271
0.0312604
-0.0702
-0.0910926
-0.474427
0.0116263
-0.306763
-0.474182
-0.103349
-0.135167
0.0204455
-0.134578
0.0677278
0.0663409
0.0499876
0.0565097
0.0535872
0.0621291
-0.015991
-0.207376
-0.240203
-0.533216
-0.0768205
-0.103873
-0.169887
-0.398919
-0.00290876
-0.00292288
-0.00338748
0.0541458
-0.00178179
0.070833
-0.048726
0.0679872
0.0694623
0.0807997
-0.260028
-0.202456
-0.553648
-0.196372
-0.3234
-0.190227
-0.536107
-0.210855
-0.198675
-0.495162
-0.211318
-0.00164747
-0.00171259
-0.00145142
-0.00154398
-0.00129765
-0.00136057
-0.00121024
-0.00124187
-0.00123792
-0.00120827
-0.00140465
-0.00130442
-0.00171996
-0.00154513
-0.00218584
-0.00193514
-0.0028048
-0.00247837
-0.00357074
-0.00317198
-0.0044686
-0.00400647
-0.0054763
-0.00496198
-0.00657129
-0.00601617
-0.00772923
-0.00714552
-0.00892876
-0.00832657
-0.0101557
-0.00954098
-0.0114065
-0.0107797
-0.0126912
-0.0120455
-0.0140345
-0.0133558
-0.0154763
-0.014743
-0.0170696
-0.0162538
-0.0188759
-0.0179463
-0.0209574
-0.0198833
-0.0233649
-0.0221231
-0.0261221
-0.0247047
-0.0292075
-0.0276315
-0.0325372
-0.0308525
-0.0359525
-0.0342475
-0.0392148
-0.0376179
-0.0420118
-0.0406865
-0.0439835
-0.0431135
-0.0447551
-0.0445274
-0.0439783
-0.0445615
-0.041361
-0.042895
-0.0366836
-0.0392657
-0.0298108
-0.0335094
-0.0206493
-0.025478
-0.00937029
-0.0152392
0.00393931
-0.00299299
0.0189487
0.0112261
0.0348049
0.026897
0.0427814
0.0690305
0.0684987
0.0706979
0.0697846
0.0732049
0.0717919
0.0770725
0.0745638
0.0843004
0.0810068
0.0792612
0.0839302
0.0813464
0.0761618
0.0776219
0.0743873
0.0751192
0.0734204
0.0739023
0.0715529
0.0724457
0.0379442
0.0456344
0.0225832
0.030137
0.00892879
0.0156378
-0.00304102
0.00280736
-0.0135804
-0.00849491
-0.0224795
-0.0182129
-0.0298249
-0.0263213
-0.0357338
-0.0329356
-0.0403113
-0.0381677
-0.0436393
-0.0421132
-0.0457673
-0.0448366
-0.046743
-0.0463819
-0.0466434
-0.0468092
-0.0455836
-0.0462144
-0.0437168
-0.0447319
-0.0412265
-0.0425317
-0.0383085
-0.0398058
-0.0351492
-0.0367474
-0.0319089
-0.0335315
-0.0287125
-0.0303015
-0.0256467
-0.0271628
-0.0227635
-0.0241843
-0.0200868
-0.0214031
-0.0176208
-0.0188321
-0.0153577
-0.0164688
-0.013285
-0.0143024
-0.0113907
-0.0123199
-0.00966697
-0.0105113
-0.00811112
-0.00887127
-0.00672579
-0.00739991
-0.00551792
-0.00610235
-0.00449247
-0.00498506
-0.00365881
-0.00405484
-0.00301562
-0.00331575
-0.00256112
-0.00276796
-0.00228442
-0.00240359
-0.0021712
-0.00221052
-0.00220223
-0.002172
-0.0023488
-0.00226496
-0.00255829
-0.00245097
-0.00277296
-0.00266719
-0.00286097
-0.00046767
4.12088e-05
-0.00020369
0.00045298
0.000255505
0.000830831
0.000643868
0.00119963
0.0010154
0.00157612
0.00138611
0.00196222
0.00176891
0.0023264
0.0021503
0.00260931
0.00248048
0.00281386
0.00271483
0.00308626
0.00293155
0.00349559
0.00328425
0.00378492
0.00367863
0.00364851
0.0037753
0.00311206
0.00341451
0.00243621
0.00277559
0.00181931
0.0021145
0.00131566
0.00155378
0.000889874
0.00109615
0.000500986
0.000693752
0.000108173
0.000307325
-0.000323792
-0.000101551
-0.000820469
-0.000561898
-0.00141515
-0.0011065
-0.00212527
-0.00175255
-0.00252199
0.0311482
-0.39071
-0.120861
-0.112633
-0.00078578
-0.0195296
-0.041581
0.0534294
0.0524554
0.0871327
-0.00122446
0.0104557
-0.00146315
0.0722959
-0.111196
-0.087822
-0.156947
-0.00220851
0.049912
0.0635875
0.0908563
0.070841
-0.00336647
0.00596643
0.0519847
-0.185909
-0.3101
-0.469652
-0.125855
-0.163016
0.0737313
0.0507243
-0.436747
-0.00297477
-0.00342611
-0.025194
0.0897462
0.0713931
-0.238783
-0.25004
-0.515041
-0.13561
-0.201111
-0.0640472
-0.297962
-0.219957
-0.522432
-0.226523
-0.135701
-0.11075
-0.367097
-0.00118485
-0.00139303
0.104427
0.111418
-0.217434
-0.496022
-0.235857
-0.00409867
-0.0724875
-0.230917
-0.00197156
-0.00206215
-0.00175945
-0.00185654
-0.00158256
-0.00165745
-0.00151005
-0.00153121
-0.00157611
-0.00152511
-0.00180207
-0.00167018
-0.00219502
-0.00197943
-0.00276118
-0.00245861
-0.0034983
-0.0031113
-0.00439897
-0.00393181
-0.00543862
-0.00490661
-0.0065871
-0.00600384
-0.00781538
-0.00719667
-0.00909023
-0.00845214
-0.0103831
-0.00973918
-0.0116763
-0.0110338
-0.0129647
-0.0123245
-0.0142596
-0.013614
-0.0155884
-0.0149219
-0.0169929
-0.0162829
-0.0185255
-0.0177449
-0.020243
-0.0193632
-0.0221986
-0.021194
-0.0244306
-0.0232844
-0.0269494
-0.0256603
-0.0297231
-0.0283126
-0.0326644
-0.0311831
-0.0356219
-0.0341532
-0.0383765
-0.0370374
-0.0406496
-0.0395854
-0.042124
-0.0414962
-0.0424715
-0.0424438
-0.041387
-0.0421077
-0.0386101
-0.0402036
-0.0339478
-0.0365017
-0.0272614
-0.0308424
-0.0185059
-0.0231152
-0.00775921
-0.0133456
0.00490084
-0.00165148
0.0192844
0.0119229
0.0343853
0.0270035
0.0419858
0.0753707
0.0722748
0.0742182
0.0770072
0.0761874
0.0793198
0.0779981
0.0829284
0.0809471
0.0888397
0.085426
0.0975971
0.092988
0.102063
0.0974979
0.107924
0.102248
0.0904353
0.0935814
0.0856179
0.087813
0.0826186
0.0839104
0.0807539
0.0815972
0.0792539
0.0799421
0.070015
0.0781887
0.078734
0.0534085
0.0617911
0.0375532
0.0452731
0.0228707
0.0301137
0.00968513
0.0161759
-0.00184486
0.00377812
-0.0119735
-0.00707873
-0.0205864
-0.0164501
-0.0277412
-0.0243218
-0.0335442
-0.0307888
-0.0380888
-0.0359528
-0.0414519
-0.0398989
-0.0436927
-0.0426951
-0.0448675
-0.0443959
-0.0450543
-0.0450666
-0.0443599
-0.0447996
-0.0429199
-0.0437161
-0.040892
-0.0419641
-0.0384418
-0.0397071
-0.035726
-0.037108
-0.0328799
-0.0343139
-0.03001
-0.0314461
-0.0271923
-0.0285958
-0.0244753
-0.0258245
-0.0218856
-0.0231693
-0.0194347
-0.0206484
-0.0171257
-0.0182683
-0.0149583
-0.0160299
-0.0129332
-0.0139331
-0.0110553
-0.0119804
-0.00933364
-0.0101789
-0.00778139
-0.00853981
-0.00641582
-0.00707854
-0.00524727
-0.00581022
-0.00428416
-0.00474254
-0.00353709
-0.00388711
-0.00300167
-0.00324677
-0.00266514
-0.00281217
-0.00251288
-0.00256946
-0.00252764
-0.00250294
-0.00268106
-0.00259117
-0.00292265
-0.00279486
-0.00318304
-0.00305377
-0.00328688
-0.000550982
-0.000861369
-4.3443e-05
-0.000284901
0.000346393
0.000160696
0.000692971
0.000522813
0.00102478
0.000859377
0.00136322
0.00119209
0.00171561
0.00153818
0.00205513
0.00189007
0.00232042
0.00219995
0.00250238
0.00241603
0.00273819
0.00260309
0.00311088
0.00291617
0.00339129
0.00328448
0.0032894
0.00339395
0.00281028
0.00308316
0.00218529
0.00250121
0.00160468
0.0018827
0.00113139
0.00135527
0.000737863
0.000927779
0.000381538
0.000558016
1.99888e-05
0.000203801
-0.000382801
-0.000174914
-0.000851427
-0.000607073
-0.00142047
-0.00112183
-0.00212288
-0.00175414
-0.00253024
0.0291338
-0.161092
-0.390083
-0.147064
0.114268
0.0948965
0.0439166
0.0478951
-0.453684
-0.00385428
-0.00391325
7.68933e-05
0.0506942
-0.216783
-0.312861
-0.456709
-0.156238
-0.196827
0.0692144
0.0776115
-0.0380065
0.101282
0.0737698
-0.273073
-0.262949
-0.488531
-0.176538
-0.237352
-0.16621
-0.139183
-0.0842394
-0.398643
-0.00168028
-0.00165864
0.127733
-0.00208829
0.122923
0.1417
-0.00203826
0.150501
0.152223
0.118085
-0.336152
-0.244801
-0.485147
-0.259492
0.123193
0.131714
0.0808959
0.0706788
0.0799329
0.0370443
-0.0243443
-0.117133
-0.250045
-0.453634
-0.264233
0.172472
0.178495
0.0751035
-0.00274278
-0.00260241
-0.00274387
-0.00231624
-0.00245915
-0.00205381
-0.00218148
-0.00185199
-0.00194135
-0.00178021
-0.00179825
-0.00187777
-0.00180879
-0.00216027
-0.00199838
-0.00263175
-0.00237572
-0.00329732
-0.00294417
-0.00415899
-0.00371025
-0.00519966
-0.00466351
-0.00638624
-0.00578437
-0.00768429
-0.00703142
-0.00905305
-0.00837138
-0.0104516
-0.00976128
-0.0118424
-0.0111605
-0.0132027
-0.0125387
-0.0145261
-0.0138808
-0.0158249
-0.0151896
-0.0171293
-0.0164866
-0.0184845
-0.0178103
-0.0199435
-0.0192104
-0.0215607
-0.0207417
-0.0233825
-0.0224557
-0.0254374
-0.0243909
-0.0277253
-0.0265629
-0.0302063
-0.0289529
-0.0327914
-0.0314973
-0.0353365
-0.0340801
-0.0376408
-0.0365286
-0.0394553
-0.0386166
-0.0404997
-0.0400772
-0.0404871
-0.040624
-0.0391495
-0.0399767
-0.0362577
-0.037885
-0.0316383
-0.0341467
-0.0251639
-0.0286123
-0.0167979
-0.0211923
-0.00657331
-0.0118925
0.005479
-0.000759048
0.0193152
0.0122031
0.0343746
0.0269223
0.0505706
0.042072
0.0606294
0.0828549
0.0820317
0.0845791
0.0835718
0.0874094
0.0858031
0.0920652
0.0894833
0.0994843
0.0953522
0.109496
0.104226
0.122642
0.11517
0.14629
0.132805
0.159037
0.109857
0.115878
0.100774
0.104835
0.0944663
0.0972352
0.0903694
0.0921806
0.0879007
0.0889788
0.0867104
0.087084
0.0861337
0.0864572
0.052454
0.0608379
0.0369113
0.0444707
0.0228591
0.0297665
0.0100973
0.0163448
-0.000989516
0.00441706
-0.0106976
-0.00599633
-0.0190084
-0.0150096
-0.0259509
-0.0226244
-0.0316233
-0.0289196
-0.036113
-0.0339909
-0.0394944
-0.0379184
-0.0418317
-0.0407712
-0.0431875
-0.0426108
-0.0436396
-0.043506
-0.0432872
-0.043545
-0.0422487
-0.0428372
-0.0406576
-0.041509
-0.0386517
-0.0396977
-0.0363589
-0.0375371
-0.0338896
-0.035147
-0.0313316
-0.0326266
-0.0287495
-0.0300519
-0.0261879
-0.0274768
-0.023676
-0.0249378
-0.0212325
-0.0224584
-0.0188707
-0.020054
-0.0166029
-0.017737
-0.0144424
-0.0155201
-0.012406
-0.0134182
-0.0105153
-0.011451
-0.00879271
-0.00963973
-0.00726692
-0.00801138
-0.00595104
-0.00658881
-0.00486264
-0.00538367
-0.00401388
-0.00441398
-0.00339999
-0.00368314
-0.00300697
-0.00318081
-0.00282063
-0.0028923
-0.00282649
-0.00280383
-0.0029981
-0.00289641
-0.00328354
-0.00313143
-0.00359912
-0.00344255
-0.00372062
-0.00249806
-0.00158233
-0.00200681
-0.00105182
-0.00130064
-0.000550606
-0.000788969
-0.000103887
-0.000322226
0.000258157
8.543e-05
0.00057598
0.000420917
0.000875249
0.000726377
0.00117987
0.00102567
0.00150034
0.00133842
0.00181299
0.00166066
0.00205608
0.00194639
0.00221314
0.00214022
0.00241152
0.00229658
0.00274225
0.00256763
0.00300556
0.00290226
0.00293503
0.003018
0.00251819
0.00275822
0.00195196
0.00224005
0.00141451
0.00167279
0.000974376
0.00118247
0.000611707
0.000786187
0.000285616
0.000447052
-4.64851e-05
0.000122657
-0.000420751
-0.000226839
-0.0008628
-0.00063174
-0.00140638
-0.00111949
-0.0020912
-0.00173054
-0.00297275
-0.00250438
-0.0039934
-0.00345947
0.0262818
-0.192066
-0.385438
-0.180841
0.12202
0.0997876
0.0859018
-0.00918244
0.0478256
-0.24953
-0.316779
-0.438263
-0.199189
-0.237854
-0.109965
-0.411649
0.172306
0.193044
0.204245
-0.0555252
0.0812315
-0.307488
-0.27953
-0.457779
-0.277402
0.136468
0.14644
0.141963
0.089061
0.0888009
0.0689086
0.0789328
-0.00391732
-0.0045417
-0.00447705
0.137685
0.0266167
-0.055081
-0.363172
-0.274696
-0.446128
-0.294698
-0.00240656
-0.00289198
-0.285455
-0.202022
0.0763834
-0.175894
0.0781461
-0.00318852
-0.0030119
-0.00310733
-0.0026748
-0.00283159
-0.00233744
-0.0024946
-0.00209791
-0.0021997
-0.00201408
-0.002035
-0.00213267
-0.00205284
-0.00246537
-0.00228017
-0.00301221
-0.00272246
-0.00377507
-0.00338047
-0.00475671
-0.00425754
-0.00593794
-0.00534997
-0.00727816
-0.00661866
-0.00873017
-0.00802744
-0.0102474
-0.00952365
-0.0117769
-0.0110596
-0.013272
-0.0125814
-0.0147034
-0.0140501
-0.0160631
-0.0154476
-0.0173635
-0.0167755
-0.0186384
-0.0180574
-0.0199366
-0.0193358
-0.0213139
-0.0206642
-0.0228239
-0.0220984
-0.0245087
-0.0236874
-0.0263897
-0.0254638
-0.0284585
-0.027435
-0.0306693
-0.0295744
-0.032932
-0.0318147
-0.0351095
-0.0340425
-0.0370178
-0.0360974
-0.0384333
-0.037775
-0.0391082
-0.0388382
-0.0387915
-0.039036
-0.0372493
-0.0381251
-0.034281
-0.0358871
-0.0297317
-0.032145
-0.0234901
-0.026765
-0.0155163
-0.0196694
-0.0058205
-0.0108491
0.0055987
-0.000315165
0.0187594
0.0119553
0.0333825
0.0259458
0.050103
0.0414226
0.0593351
0.090016
0.0895443
0.0916481
0.090618
0.0949833
0.0930855
0.100543
0.0974511
0.109024
0.104416
0.120808
0.114494
0.137203
0.128176
0.161675
0.148507
0.176143
0.120969
0.128006
0.110099
0.115069
0.102542
0.10595
0.0976116
0.099806
0.0946997
0.0959423
0.0935821
0.0939296
0.0936217
0.0935144
0.0856878
0.0944344
0.0939611
0.0680354
0.0768707
0.0512151
0.0594553
0.0359992
0.0433379
0.0224232
0.0290192
0.0101714
0.0161391
-0.000493242
0.00469123
-0.00977
-0.00527316
-0.0177471
-0.0138886
-0.0244509
-0.021211
-0.0299673
-0.0273035
-0.03438
-0.0322548
-0.0377613
-0.036142
-0.040178
-0.039034
-0.0416965
-0.0409966
-0.0423935
-0.0421001
-0.0423603
-0.0424285
-0.0416996
-0.0420792
-0.0405207
-0.0411579
-0.038934
-0.039775
-0.0370401
-0.038036
-0.0349248
-0.0360336
-0.0326574
-0.0338448
-0.0302918
-0.0315304
-0.0278689
-0.0291373
-0.0254213
-0.0267016
-0.022975
-0.0242526
-0.0205533
-0.0218148
-0.0181805
-0.0194119
-0.0158823
-0.0170692
-0.0136868
-0.0148143
-0.01163
-0.0126789
-0.00973603
-0.0106921
-0.00804996
-0.00889632
-0.00659013
-0.00731369
-0.00538068
-0.00597233
-0.00443415
-0.00488988
-0.00374615
-0.00407074
-0.00330207
-0.00350419
-0.00308863
-0.00317543
-0.00309412
-0.0030727
-0.00329346
-0.00317949
-0.00363158
-0.0034572
-0.00401626
-0.00383512
-0.00431763
-0.00421784
-0.00445123
-0.00153017
-0.00194821
-0.000961683
-0.00123066
-0.000508826
-0.000708779
-0.000133564
-0.000319441
0.00019009
3.418e-05
0.000476408
0.000337171
0.000743349
0.000610728
0.0010146
0.000877113
0.00130231
0.00115642
0.00158583
0.00144719
0.00180575
0.0017066
0.00194183
0.00187938
0.00210718
0.00201059
0.00239234
0.00224148
0.00262821
0.00253458
0.00258092
0.00264528
0.00222629
0.00243314
0.00172711
0.00198322
0.00124101
0.0014755
0.000838521
0.00102892
0.000507659
0.000666519
0.000210998
0.000357809
-9.21701e-05
6.24798e-05
-0.00043711
-0.000257753
-0.000850743
-0.000633762
-0.0013644
-0.00109274
-0.00201633
-0.00167113
-0.00287339
-0.00241619
-0.00337873
0.019787
-0.22647
-0.377612
-0.224319
-0.220154
-0.19089
-0.145093
-0.412167
-0.223589
0.221816
0.192781
-0.023373
0.044559
-0.282891
-0.241177
-0.322154
-0.417505
-0.253358
-0.284296
-0.0781067
0.147935
0.158887
0.158457
0.0886688
0.067837
0.0782247
0.253804
0.249569
0.277
0.0854136
0.0949756
-0.00370958
-0.00430072
-0.0051103
-0.00504973
0.0910053
0.0797689
0.0825194
0.0122352
-0.332301
-0.259891
-0.29942
-0.42651
-0.318273
-0.00354263
-0.00343545
-0.00224712
-0.0026966
-0.319875
-0.307369
-0.408222
-0.373059
-0.097742
0.152489
0.105182
0.131595
-0.00365594
-0.00358591
-0.00340515
-0.00351237
-0.00300723
-0.0031882
-0.00259601
-0.00278271
-0.00230934
-0.00243426
-0.00221344
-0.00223671
-0.0023462
-0.0022498
-0.00272332
-0.0025045
-0.00334254
-0.00300304
-0.00420361
-0.00374283
-0.00530606
-0.00472502
-0.00663129
-0.00594243
-0.00813447
-0.0073649
-0.00974762
-0.00892338
-0.0114227
-0.010578
-0.0130945
-0.012262
-0.0147019
-0.0139074
-0.0162126
-0.0154692
-0.0176136
-0.0169255
-0.0189175
-0.0182749
-0.0201614
-0.0195432
-0.0213988
-0.0207769
-0.0226888
-0.0220336
-0.024086
-0.0233714
-0.0256301
-0.0248386
-0.0273371
-0.0264641
-0.0291921
-0.0282492
-0.0311444
-0.0301616
-0.0331033
-0.0321307
-0.0349382
-0.034046
-0.0364805
-0.0357573
-0.0375295
-0.0370789
-0.0378672
-0.037799
-0.0372772
-0.0376986
-0.0355584
-0.0365677
-0.0325382
-0.0342176
-0.028081
-0.030494
-0.0220924
-0.0252803
-0.0145293
-0.0185077
-0.00538065
-0.0101538
0.00537929
-0.000204893
0.0177993
0.0113772
0.0319887
0.024656
0.0486778
0.0399654
0.0579567
0.0966609
0.0966225
0.0964876
0.098218
0.0972077
0.101908
0.0997877
0.108225
0.104719
0.117773
0.112588
0.130931
0.123888
0.149583
0.139421
0.174465
0.161335
0.206568
0.189307
0.226682
0.130787
0.138642
0.118457
0.124132
0.109847
0.113759
0.104206
0.106714
0.101012
0.102344
0.099955
0.100247
0.100687
0.10012
0.102828
0.101647
0.0666569
0.0759009
0.0496265
0.0578187
0.0346606
0.0418923
0.0214835
0.0278768
0.0098043
0.01549
-0.000370728
0.00454188
-0.00918439
-0.00493616
-0.0167784
-0.0131243
-0.0232051
-0.0201239
-0.0285349
-0.0259888
-0.0328465
-0.030798
-0.03621
-0.0346258
-0.0386924
-0.03754
-0.0403615
-0.0396077
-0.0412909
-0.0408989
-0.0415626
-0.0414914
-0.0412637
-0.0414705
-0.0404801
-0.0409231
-0.0392932
-0.0399326
-0.0377762
-0.0385767
-0.0359911
-0.0369228
-0.0339903
-0.0350275
-0.0318182
-0.0329388
-0.0295139
-0.0306979
-0.0271139
-0.0283425
-0.0246524
-0.0259078
-0.0221627
-0.0234276
-0.0196801
-0.0209361
-0.0172416
-0.0184693
-0.0148869
-0.0160665
-0.0126737
-0.0137696
-0.0106037
-0.0116199
-0.00876052
-0.00966241
-0.00716128
-0.00793524
-0.00583468
-0.00646815
-0.00479467
-0.00528286
-0.00403737
-0.00438452
-0.00354927
-0.00376275
-0.00331852
-0.00340394
-0.0033341
-0.00329739
-0.00357083
-0.00342696
-0.00397509
-0.00375275
-0.0044484
-0.00420268
-0.00486094
-0.00467392
-0.00498379
-0.00147254
-0.00184674
-0.000911905
-0.00117733
-0.000477412
-0.000668641
-0.000143944
-0.000306467
0.000142677
3.95347e-06
0.000397823
0.000273787
0.000635538
0.000517438
0.00087715
0.000754626
0.00113386
0.00100366
0.00138578
0.00126285
0.00157669
0.00149144
0.00168679
0.0016367
0.00181944
0.00174076
0.00205886
0.00193129
0.00226557
0.00218226
0.00223779
0.00228548
0.00194691
0.0021179
0.00151636
0.00173862
0.00108558
0.00129449
0.000722574
0.000894663
0.000423279
0.000566801
0.000155067
0.000287712
-0.000119495
2.06534e-05
-0.000433546
-0.000269893
-0.000814054
-0.000613851
-0.00128938
-0.00103778
-0.00189225
-0.00157271
-0.00267584
-0.00225516
-0.00316946
0.0104142
-0.261636
-0.369462
-0.27608
-0.153011
-0.108748
0.171812
0.0971417
0.0887004
0.290702
0.310416
0.104166
-0.00499962
-0.0411643
0.0445344
0.0872922
-0.306898
-0.272859
-0.329632
-0.396863
-0.288023
-0.313551
-0.33042
-0.00414019
-0.00402134
-0.00319962
-0.00202288
-0.00241452
-0.34742
-0.321386
-0.397078
-0.341111
-0.00588316
0.102364
0.154318
0.112069
0.17262
0.143634
0.186844
0.169257
0.120171
0.13164
0.189653
0.157535
0.175481
0.204597
0.187093
0.208845
0.200138
0.234755
0.210176
0.22558
0.097949
0.234345
0.0989376
0.249758
0.261879
0.277358
0.221493
0.30959
0.295919
0.270394
-0.375014
0.106518
0.108486
0.172283
0.2584
0.348633
0.336028
-0.33985
0.512816
0.561874
0.510742
0.558926
-0.00414069
-0.00416178
-0.00378302
-0.00394146
-0.00329099
-0.00351989
-0.0028219
-0.00303628
-0.00249355
-0.00263132
-0.0023733
-0.00240137
-0.00250983
-0.00240695
-0.00291953
-0.00268048
-0.00359922
-0.00322631
-0.00454622
-0.00403992
-0.00575741
-0.00512025
-0.00721058
-0.00645709
-0.00886116
-0.00801523
-0.0106392
-0.00974894
-0.0124593
-0.0115335
-0.0142641
-0.0133722
-0.0159825
-0.0151374
-0.0175759
-0.0167973
-0.0190248
-0.0183189
-0.0203409
-0.0196979
-0.0215639
-0.0209612
-0.0227506
-0.0221585
-0.0239636
-0.0233508
-0.0252588
-0.0245989
-0.0266747
-0.0259513
-0.0282239
-0.0274344
-0.0298868
-0.0290452
-0.0316089
-0.0307469
-0.0332994
-0.0324669
-0.0348334
-0.0340969
-0.036055
-0.035496
-0.0367835
-0.036495
-0.0368283
-0.0369052
-0.0360043
-0.0365382
-0.0341396
-0.0352138
-0.0310871
-0.0327714
-0.0267319
-0.0290795
-0.0209952
-0.0240405
-0.0138348
-0.017595
-0.00522284
-0.0097126
0.00489924
-0.000355375
0.0166292
0.010556
0.0302582
0.0231641
0.0466222
0.0380347
0.0663493
0.0561046
0.0886727
0.0772768
0.103616
0.104841
0.102724
0.102914
0.104174
0.103189
0.108149
0.105844
0.115079
0.111246
0.12544
0.119837
0.139919
0.132133
0.159633
0.149107
0.185461
0.171796
0.219029
0.201046
0.262909
0.239802
0.319775
0.289279
0.391996
0.391957
0.354068
0.31621
0.392953
0.387953
0.35064
0.259758
0.286457
0.215918
0.236405
0.182447
0.197952
0.157601
0.169097
0.139198
0.147733
0.125772
0.131973
0.116307
0.120615
0.110127
0.112869
0.106732
0.108126
0.105831
0.106018
0.107259
0.10626
0.110585
0.108711
0.0847625
0.105731
0.095337
0.0648237
0.0744954
0.047546
0.0558592
0.0327163
0.0398612
0.0199863
0.0261439
0.00894304
0.0142809
-0.000639803
0.00398729
-0.00895464
-0.00494404
-0.0161364
-0.0126819
-0.0222542
-0.0193265
-0.0273714
-0.024936
-0.0315608
-0.0295811
-0.0348899
-0.0333324
-0.0374244
-0.0362558
-0.0392306
-0.0384174
-0.0403761
-0.0398839
-0.0409302
-0.0407242
-0.0409626
-0.041008
-0.0405379
-0.0408036
-0.0397095
-0.0401698
-0.0385238
-0.0391563
-0.0370224
-0.037807
-0.0352439
-0.0361617
-0.0332263
-0.0342584
-0.0310093
-0.0321357
-0.0286347
-0.0298345
-0.0261447
-0.0273968
-0.0235823
-0.0248653
-0.0209905
-0.0222831
-0.0184184
-0.0196956
-0.0159089
-0.0171502
-0.0135068
-0.0146903
-0.0113255
-0.0123942
-0.00934193
-0.0103022
-0.00761861
-0.00844401
-0.00618906
-0.00686475
-0.00506893
-0.00558953
-0.004255
-0.00462392
-0.00373561
-0.00395872
-0.00349957
-0.00358209
-0.00353427
-0.00348295
-0.00381234
-0.00364382
-0.00427735
-0.00402393
-0.00484348
-0.00455371
-0.00539779
-0.00513033
-0.0057448
-0.00556017
-0.00572929
-0.00569134
-0.0013674
-0.00168422
-0.000858339
-0.001102
-0.000452389
-0.000633821
-0.000145053
-0.000291877
0.000108142
-1.35871e-05
0.000329993
0.00022247
0.000535592
0.000433573
0.000743948
0.00063825
0.000965476
0.000852843
0.00118289
0.00107627
0.00134698
0.00127277
0.0014394
0.00139626
0.00154886
0.00148423
0.0017439
0.00164075
0.00191351
0.00184542
0.00189512
0.00193084
0.00166146
0.0017984
0.00130337
0.0014886
0.000934398
0.00111404
0.000616962
0.000767914
0.000353229
0.000479703
0.000115752
0.00023336
-0.000128469
-3.5522e-06
-0.000409207
-0.00026253
-0.000751639
-0.00057094
-0.00118101
-0.000953359
-0.00172426
-0.00143647
-0.00241881
-0.00204632
-0.00337725
-0.00286146
-0.00459563
-0.00396391
0.000315145
0.491182
0.42636
0.461419
0.147418
0.431177
0.497847
0.468267
-0.286212
-0.362514
-0.328442
-0.00375539
-0.00521912
-0.00286322
-0.164467
0.112837
0.100147
-0.351642
-0.365312
-0.36315
-0.338223
-0.378228
-0.316867
0.443122
0.538132
0.231438
0.0911029
0.530824
0.441564
-0.066029
0.0447992
-0.420804
-0.376435
-0.29438
-0.294157
-0.344957
0.110989
0.115487
0.112215
0.204545
0.391227
0.306531
0.318301
0.391557
-0.0323313
-0.343557
-0.366931
-0.00335965
-0.374178
-0.00412637
-0.417006
-0.00496769
0.621482
0.625103
-0.367664
-0.357342
-0.300354
0.492858
0.168896
0.489053
-0.0127931
-0.407723
-0.370518
-0.00351066
-0.00296748
-0.00250538
-0.0021223
-0.00180125
-0.00151821
-0.00126611
-0.00104198
-0.000843382
-0.000667123
-0.000509682
-0.000368743
-0.000241141
-0.000124683
-1.59965e-05
8.74477e-05
0.000189756
0.000293604
0.000403284
0.000521493
0.000651961
0.000793287
0.000945267
0.00110258
0.00125445
0.00139347
0.00150194
0.00157594
0.00160237
0.00158316
0.00152573
0.00144062
0.00135586
0.00128095
0.00123147
0.00119922
0.00117007
0.0011345
0.00107781
0.00100563
0.000918075
0.00082444
0.000728844
0.000634809
0.00054392
0.000454644
0.000366521
0.000276325
0.000183156
8.32175e-05
-2.38391e-05
-0.000141154
-0.000273334
-0.000419547
-0.000582477
-0.00077666
-0.000984819
-0.00120848
-0.00146816
-0.00174361
-0.00206621
-0.00243569
-0.00283917
-0.361202
-0.258031
-0.0441332
0.379119
0.364497
0.250975
0.130881
-0.00554204
-0.00612454
-0.00644214
-0.00647468
-0.00639537
-0.00616368
-0.00589788
-0.00554567
-0.00520228
-0.00485883
-0.00454243
-0.00425694
-0.00401472
-0.00382547
-0.0036935
-0.00363022
-0.00363293
-0.00371274
-0.0038627
-0.00409376
-0.0043984
-0.00478683
-0.00525143
-0.00580263
-0.00643172
-0.00714862
-0.00794157
-0.00881896
-0.00976467
-0.0107866
-0.011865
-0.0130073
-0.0141879
-0.0154218
-0.0166928
-0.0180166
-0.0193379
-0.0206811
-0.0220219
-0.0233806
-0.0247152
-0.0260485
-0.0273489
-0.0286366
-0.0298771
-0.0310933
-0.0322491
-0.0333685
-0.034415
-0.0354133
-0.0363272
-0.037182
-0.037943
-0.0386355
-0.0392268
-0.0397412
-0.0401487
-0.0404716
-0.0406827
-0.0408021
-0.0408051
-0.0407071
-0.0404843
-0.040148
-0.0396769
-0.0390783
-0.0383336
-0.0374463
-0.0364003
-0.0351957
-0.0338186
-0.0322668
-0.0305278
-0.0285985
-0.0264664
-0.024129
-0.021572
-0.0187946
-0.0157802
-0.0125336
-0.00903305
-0.00528601
-0.00125575
0.0030492
0.00768486
0.0126423
0.0180112
0.0237943
0.0301318
0.0370249
0.0446507
0.0529902
0.0622196
0.0723208
0.0833361
0.0951598
0.107033
0.11836
0.128725
0.124603
0.120889
0.117722
0.11517
0.113183
0.111813
0.111125
0.111132
0.111817
0.11322
0.115356
0.118271
0.121996
0.126603
0.13216
0.138761
0.146489
0.155479
0.165826
0.177711
0.191355
0.206967
0.224605
0.244402
0.266441
0.291596
0.319336
0.349192
0.380731
0.412056
0.440193
0.461923
0.474958
0.476071
0.465291
0.443822
0.415176
0.383876
0.352546
0.32298
0.295889
0.271523
0.249077
0.228314
0.21024
0.194412
0.180473
0.167996
0.156949
0.147351
0.139113
0.13203
0.126016
0.120969
0.116854
0.11356
0.111126
0.109425
0.108475
0.10821
0.108675
0.109835
0.111712
0.114053
0.117088
0.120792
0.125253
0.114366
0.101743
0.0885981
0.0759583
0.0642325
0.053655
0.044183
0.0357278
0.0281477
0.021296
0.0150651
0.00933606
0.00404749
-0.000858384
-0.00539146
-0.0095866
-0.0134427
-0.0169793
-0.0201885
-0.0230864
-0.0256642
-0.0279395
-0.0299052
-0.0315844
-0.0329721
-0.0340976
-0.034957
-0.0355861
-0.0359809
-0.0361836
-0.0361885
-0.0360429
-0.0357385
-0.0353252
-0.0347952
-0.0341977
-0.0335219
-0.0328155
-0.0320635
-0.0313115
-0.0305401
-0.0297917
-0.0290422
-0.0283303
-0.027627
-0.0269671
-0.0263173
-0.0257082
-0.0251032
-0.024529
-0.0239472
-0.0233812
-0.0227925
-0.0222026
-0.0215749
-0.02093
-0.0202353
-0.0195122
-0.0187329
-0.0179215
-0.0170577
-0.0161674
-0.0152316
-0.0142882
-0.0133189
-0.0123578
-0.0113556
-0.0103865
-0.00943957
-0.00853504
-0.00766826
-0.00685993
-0.00610562
-0.00542286
-0.00480377
-0.00426186
-0.00378679
-0.00338981
-0.00306065
-0.00280994
-0.00262846
-0.0025257
-0.00249209
-0.00252864
-0.00263218
-0.00278827
-0.00300329
-0.00324382
-0.0035333
-0.00381556
-0.00413197
-0.00435703
-0.00459403
-0.00475155
-0.00478803
-0.00470087
-0.00441438
-0.00394175
-0.00325604
-0.00339336
-0.346968
-0.385374
-0.396443
-0.361846
-0.347576
-0.306579
-0.303228
-0.321803
0.588224
0.455286
0.0926538
0.278251
0.452929
0.579048
0.0395576
-0.104268
-0.0372219
0.515623
0.201877
0.52368
-0.306717
-0.352773
-0.394139
-0.365945
-0.38491
-0.348624
-0.00292245
-0.00247283
-0.00210499
-0.00179514
-0.00152516
-0.00128375
-0.00106929
-0.000879168
-0.000711598
-0.000562657
-0.000430209
-0.000311684
-0.000205026
-0.000107919
-1.80008e-05
6.7213e-05
0.000150661
0.000235507
0.000323884
0.00041866
0.000522232
0.000634493
0.000755479
0.000879159
0.000999391
0.00110908
0.00119634
0.00125626
0.00128032
0.0012672
0.00122198
0.00115302
0.00108081
0.00101658
0.00097295
0.000945356
0.000923373
0.000896951
0.000856448
0.000802796
0.000737171
0.000665371
0.000591328
0.000517652
0.00044568
0.000374432
0.000303229
0.000229799
0.00015292
6.97523e-05
-2.07391e-05
-0.000120588
-0.000233483
-0.000357952
-0.000494894
-0.000653994
-0.000824231
-0.00100666
-0.0012133
-0.0014302
-0.00167492
-0.0019538
-0.00224888
-0.00251953
-0.00347874
0.179912
0.319923
0.138501
0.13317
0.128368
0.124272
0.120929
0.118362
0.116641
0.115697
0.115543
0.116173
0.117609
0.119853
0.122924
0.126874
0.131754
0.137632
0.144579
0.152687
0.162044
0.172761
0.184962
0.198806
0.214376
0.231657
0.250809
0.272135
0.295397
0.320636
0.346854
0.373739
0.400125
0.423263
0.439955
0.448545
0.448848
0.440715
0.424643
0.402499
0.376881
0.349926
0.323611
0.298903
0.275938
0.254655
0.235019
0.217209
0.201285
0.187093
0.174451
0.163225
0.153357
0.144773
0.137376
0.131098
0.125832
0.121513
0.118096
0.115592
0.113868
0.112993
0.112916
0.11365
0.115211
0.117584
0.120556
0.124509
0.129119
0.134594
0.140959
0.132729
0.119222
0.104011
0.0887824
0.0746157
0.0619343
0.0509001
0.0412951
0.0329163
0.025519
0.018975
0.0131132
0.00779956
0.00293154
-0.00160688
-0.00577714
-0.00968825
-0.013267
-0.0165999
-0.0196096
-0.0223829
-0.0248359
-0.0270598
-0.0289674
-0.0306582
-0.0320431
-0.0332309
-0.0341307
-0.0348599
-0.0353255
-0.0356527
-0.0357462
-0.0357376
-0.0355287
-0.0352559
-0.0348176
-0.0343553
-0.0337602
-0.0331776
-0.0324914
-0.0318491
-0.0311271
-0.0304735
-0.0297572
-0.0291257
-0.0284407
-0.0278481
-0.0272032
-0.0266495
-0.0260375
-0.025508
-0.0249083
-0.0243769
-0.0237601
-0.0231952
-0.0225295
-0.0219001
-0.0211575
-0.0204405
-0.0196033
-0.0187882
-0.017851
-0.0169656
-0.0159583
-0.0149866
-0.0139329
-0.0129278
-0.0118676
-0.0108793
-0.00985856
-0.00893063
-0.00799301
-0.0071667
-0.00634856
-0.00565405
-0.00497863
-0.0044323
-0.00390991
-0.00351736
-0.00315111
-0.00291353
-0.00270476
-0.00262088
-0.00256749
-0.00262856
-0.0027212
-0.00290435
-0.0031306
-0.00339573
-0.00371504
-0.00405777
-0.00441702
-0.00475179
-0.00501129
-0.00532957
-0.00542499
-0.00554846
-0.00517889
-0.00474138
-0.00367369
-0.00286304
-0.00274168
0.0231148
-0.175898
0.456345
0.636991
0.0999644
0.345705
0.640963
0.440012
-0.300295
-0.324973
-0.348462
-0.355019
-0.00635936
-0.00722066
-0.00735594
-0.00728519
-0.00704156
-0.0067098
-0.00631677
-0.00590885
-0.00550016
-0.0051204
-0.0047563
-0.00445114
-0.00417214
-0.00397333
-0.003811
-0.00374419
-0.00372233
-0.0038047
-0.0039363
-0.00417947
-0.00447272
-0.00488275
-0.00534423
-0.00592617
-0.00655996
-0.00731575
-0.00812079
-0.00904495
-0.0100106
-0.0110864
-0.0121913
-0.0133941
-0.0146115
-0.0159137
-0.0172089
-0.0185714
-0.0199279
-0.0213348
-0.0227206
-0.0241342
-0.0254959
-0.0268724
-0.0281935
-0.0295148
-0.0307645
-0.0320017
-0.0331529
-0.0342783
-0.0353034
-0.0362894
-0.0371622
-0.0379845
-0.0386826
-0.0393211
-0.0398274
-0.0402676
-0.0405702
-0.0408024
-0.040894
-0.0409127
-0.0407882
-0.0405872
-0.0402374
-0.0398062
-0.0392189
-0.0385438
-0.0377037
-0.0367667
-0.0356541
-0.0344333
-0.0330249
-0.031495
-0.0297654
-0.0279001
-0.0258232
-0.0235956
-0.0211453
-0.0185288
-0.0156807
-0.0126518
-0.0093838
-0.00591603
-0.00219274
0.00176443
0.00601197
0.010557
0.0154699
0.0208127
0.0266941
0.0332507
0.0406178
0.0489297
0.0582996
0.0688114
0.0807055
0.0938333
0.107704
0.121433
0.13416
0.145447
-0.371452
0.789175
0.150522
-0.375453
-0.00569816
-0.00708546
-0.00846207
-0.00823044
-0.00807054
-0.00761925
-0.007161
-0.00667441
-0.00620195
-0.00573414
-0.0053184
-0.00491816
-0.0045923
-0.00428895
-0.00407709
-0.00389577
-0.00382011
-0.00378173
-0.00385979
-0.00397953
-0.00421951
-0.0045072
-0.00491792
-0.00538007
-0.00596783
-0.00660825
-0.00737468
-0.00819183
-0.00913148
-0.0101156
-0.0112121
-0.0123414
-0.0135688
-0.0148154
-0.0161448
-0.0174785
-0.018872
-0.020258
-0.021698
-0.0231094
-0.0245412
-0.0259256
-0.0273337
-0.0286737
-0.0300222
-0.0312854
-0.0325433
-0.0337016
-0.03484
-0.0358636
-0.0368528
-0.0377134
-0.0385271
-0.0392004
-0.039817
-0.0402843
-0.0406885
-0.0409375
-0.0411204
-0.0411447
-0.0411025
-0.0409008
-0.0406303
-0.0402007
-0.0396987
-0.0390361
-0.0382965
-0.0373928
-0.0364053
-0.0352482
-0.0339981
-0.032571
-0.0310401
-0.0293239
-0.0274922
-0.0254674
-0.0233151
-0.020963
-0.0184726
-0.0157781
-0.0129365
-0.00988826
-0.00668298
-0.00326339
0.000333606
0.00417043
0.00823831
0.0126259
0.0173838
0.0226571
0.0286307
0.0355267
0.0435381
0.0529476
0.0639772
0.0767694
0.091492
0.107861
0.125366
0.142056
0.79522
-0.348082
-0.309815
0.536467
0.269316
0.544368
-0.0953735
0.70301
-0.316223
0.142928
0.136077
0.130701
0.126066
0.122358
0.119604
0.11771
0.116734
0.116671
0.117484
0.119182
0.121791
0.1253
0.12976
0.135222
0.141728
0.149345
0.158152
0.168209
0.179589
0.192358
0.206577
0.222393
0.239855
0.258893
0.279227
0.300698
0.323187
0.346309
0.369228
0.390677
0.408888
0.422005
0.428805
0.4289
0.422275
0.408944
0.389934
0.367658
0.344224
0.320703
0.297693
0.275883
0.255499
0.236854
0.219862
0.204412
0.190506
0.178114
0.167152
0.157528
0.149154
0.141951
0.135851
0.13075
0.126638
0.123454
0.121152
0.11973
0.119154
0.119454
0.12063
0.122744
0.125844
0.129923
0.135022
0.141105
0.147962
0.156376
-0.00227297
-0.00194136
-0.00167577
-0.00143839
-0.00122332
-0.00103043
-0.000858046
-0.000706133
-0.000571479
-0.000452285
-0.000345962
-0.000251229
-0.000165603
-8.80333e-05
-1.61746e-05
5.16561e-05
0.000118096
0.00018519
0.000254816
0.000328611
0.000408608
0.000494773
0.000585697
0.000678529
0.00076569
0.000846829
0.000907925
0.000952629
0.000969432
0.000960998
0.000928721
0.000877864
0.000824649
0.00077682
0.00074445
0.000726194
0.000710872
0.000694767
0.000665643
0.000627749
0.000578342
0.000524251
0.000467172
0.000410431
0.000354305
0.00029868
0.000242659
0.00018473
0.000123728
5.74871e-05
-1.47217e-05
-9.44302e-05
-0.000183702
-0.000281891
-0.000388256
-0.000511062
-0.000641877
-0.000782778
-0.000940817
-0.00110155
-0.00127755
-0.00145981
-0.00168084
-0.00190123
-0.00110209
0.151522
0.140662
0.124826
0.106832
0.088921
0.0727428
0.0588661
0.0472663
0.037513
0.0292285
0.0221439
0.0160242
0.0106658
0.00585351
0.00145824
-0.00263368
-0.00644401
-0.0100238
-0.0133479
-0.0164547
-0.0193018
-0.0219356
-0.024301
-0.0264555
-0.0283361
-0.0300131
-0.0314187
-0.0326349
-0.0335902
-0.0343771
-0.0349212
-0.0353241
-0.035508
-0.0355828
-0.0354689
-0.0352801
-0.0349347
-0.0345489
-0.0340382
-0.0335203
-0.0329065
-0.0323149
-0.0316519
-0.0310346
-0.0303636
-0.0297547
-0.0291022
-0.0285197
-0.0278958
-0.0273417
-0.0267409
-0.0262025
-0.0256057
-0.0250583
-0.0244378
-0.0238518
-0.0231774
-0.0225225
-0.0217674
-0.0210215
-0.0201699
-0.0193256
-0.018388
-0.017435
-0.0164028
-0.0153943
-0.0143151
-0.0132885
-0.0121961
-0.0111793
-0.0101279
-0.00917316
-0.00820787
-0.00735712
-0.00651443
-0.00579844
-0.00510255
-0.00453887
-0.00400137
-0.00359679
-0.00322151
-0.00297723
-0.00276456
-0.00267852
-0.00262457
-0.00268687
-0.00277946
-0.00297154
-0.0031854
-0.00349519
-0.00383443
-0.0042325
-0.00461559
-0.00507625
-0.00541717
-0.00583324
-0.00607319
-0.00629631
-0.00620798
-0.00567217
-0.00456816
-0.00309344
-0.000952377
-0.331148
0.434861
0.193415
0.417915
0.708739
-0.358692
-0.337521
0.242706
-0.00556967
-0.00159821
-0.00171029
-0.00303978
-0.00834707
-0.00231288
-0.00185286
-0.314354
-0.201613
0.0955134
0.541784
0.344314
0.552682
-0.319244
0.150784
0.135788
0.142229
0.126135
0.130413
0.120777
0.122948
0.119447
0.119638
0.121927
0.120232
0.128171
0.124591
0.138348
0.132758
0.152803
0.145026
0.171998
0.161798
0.196398
0.183531
0.226422
0.210707
0.261978
0.243579
0.301997
0.28154
0.344105
0.323009
0.382897
0.364414
0.409032
0.39812
0.414586
0.414588
0.397493
0.40879
0.362298
0.381427
0.320077
0.341485
0.278116
0.298764
0.240316
0.258549
0.208187
0.223546
0.181802
0.194294
0.160922
0.170717
0.145022
0.152397
0.133554
0.13878
0.126096
0.129355
0.122374
0.123789
0.122304
0.121888
0.126121
0.123712
0.134355
0.129663
0.147662
0.140369
0.166335
0.156165
-0.0062921
-0.00276116
-0.00732646
-0.00673858
-0.00666242
-0.00696505
-0.00573023
-0.00622817
-0.00472537
-0.00526878
-0.00388587
-0.004282
-0.00323949
-0.00352915
-0.00282272
-0.00298964
-0.00267048
-0.0027005
-0.00281442
-0.00269365
-0.00327675
-0.0029964
-0.00406618
-0.00362256
-0.00518146
-0.00457599
-0.00661065
-0.00585095
-0.00832342
-0.00742744
-0.0102644
-0.00926294
-0.0123557
-0.01129
-0.0145047
-0.0134225
-0.0166206
-0.0155645
-0.0186244
-0.0176367
-0.0204584
-0.0195578
-0.0220955
-0.0212924
-0.0235462
-0.0228336
-0.0248472
-0.0242035
-0.0260524
-0.0254491
-0.0272166
-0.0266266
-0.0283899
-0.0277897
-0.0296
-0.028979
-0.030847
-0.0302087
-0.0321001
-0.031464
-0.0332981
-0.0326984
-0.034352
-0.0338363
-0.035152
-0.0347774
-0.0355762
-0.0354044
-0.0355007
-0.0355932
-0.0348051
-0.0352216
-0.0333832
-0.0341749
-0.0311537
-0.0323575
-0.0280657
-0.0297029
-0.0241032
-0.0261772
-0.0192868
-0.0217825
-0.0136691
-0.016557
-0.00730954
-0.0105617
-0.00018317
-0.00383181
0.00800095
0.00376109
0.0182617
0.0127914
0.0326585
0.0248173
0.0542056
0.0423145
0.0877503
0.0692896
0.129673
0.108928
0.147135
-0.34133
0.167864
0.176715
0.175351
-0.00210372
-0.00136876
-0.0015191
-0.00104818
-0.00121074
-0.000753021
-0.000894898
-0.000512481
-0.000626259
-0.000322474
-0.000411995
-0.00017351
-0.000243683
-5.50659e-05
-0.000111108
4.23068e-05
-4.4004e-06
0.000130026
8.67455e-05
0.000219094
0.000174066
0.000319413
0.000267908
0.00043214
0.000374976
0.000543877
0.000489343
0.000632229
0.000592167
0.000663875
0.000657834
0.000617208
0.000651142
0.000529756
0.000575077
0.000466907
0.000493579
0.000431956
0.000447913
0.000392571
0.000414021
0.000338487
0.000367439
0.000278593
0.00030915
0.000215682
0.000247952
0.00014528
0.000182015
6.00284e-05
0.000105134
-4.68248e-05
9.53362e-06
-0.000181456
-0.000110992
-0.000346407
-0.000258207
-0.000541494
-0.000441482
-0.000775897
-0.000655517
-0.00100249
-0.000900439
-0.00146687
-0.0010809
3.08138e-05
-0.00381584
-0.00959166
-0.00792478
-0.00864541
-0.00901979
-0.00751164
-0.00803996
-0.00640035
-0.00689919
-0.00544524
-0.00586199
-0.0046837
-0.00499935
-0.00414827
-0.0043455
-0.00387637
-0.0039366
-0.00390283
-0.00380999
-0.00425369
-0.00399564
-0.00494645
-0.00451489
-0.00599491
-0.00538395
-0.00740433
-0.00661272
-0.00916779
-0.00820062
-0.0112601
-0.0101334
-0.0136353
-0.0123738
-0.0162352
-0.0148689
-0.0189955
-0.0175567
-0.0218466
-0.0203712
-0.0247159
-0.0232367
-0.0275453
-0.0260984
-0.0302711
-0.0288946
-0.032819
-0.0315289
-0.0351392
-0.0339703
-0.0371695
-0.0361521
-0.0388534
-0.038015
-0.0401426
-0.0395059
-0.0410004
-0.040582
-0.0414032
-0.0412134
-0.0413391
-0.0413826
-0.0408065
-0.0410825
-0.0398045
-0.0403134
-0.0383287
-0.0390736
-0.0363691
-0.0373559
-0.0339083
-0.0351467
-0.0309223
-0.0324251
-0.0273843
-0.0291653
-0.023269
-0.0253404
-0.0185588
-0.0209285
-0.0132506
-0.0159184
-0.00735758
-0.0103157
-0.000895432
-0.0041386
0.00617952
0.00261335
0.014156
0.0100717
0.0239516
0.0187741
0.0375016
0.0301179
0.0578475
0.0466032
0.0881858
0.0716027
0.128555
0.107585
0.150396
-0.00448032
-0.00749436
0.15713
0.190384
0.177986
0.106351
0.13214
0.0653788
0.0836517
0.0404532
0.0511746
0.0257172
0.0320958
0.0160992
0.0204368
0.00850721
0.0120992
0.00166155
0.00496145
-0.00474369
-0.00165105
-0.0107128
-0.0078427
-0.0161895
-0.0135716
-0.0211287
-0.018783
-0.0255089
-0.0234434
-0.0293289
-0.0275421
-0.0326006
-0.0310854
-0.0353423
-0.0340892
-0.0375729
-0.0365725
-0.0393075
-0.0385528
-0.0405561
-0.0400428
-0.0413233
-0.0410495
-0.0416118
-0.0415763
-0.0414253
-0.0416259
-0.0407728
-0.0412041
-0.0396738
-0.0403246
-0.0381595
-0.0390128
-0.0362736
-0.0373063
-0.034069
-0.0352538
-0.0316039
-0.0329117
-0.0289306
-0.0303378
-0.0261468
-0.0276012
-0.0232806
-0.0247654
-0.0203965
-0.021879
-0.0175698
-0.0190122
-0.0148717
-0.0162425
-0.0123699
-0.0136354
-0.0101252
-0.0112557
-0.00819177
-0.00916103
-0.00660589
-0.00739872
-0.00538016
-0.00599164
-0.00451579
-0.00494719
-0.00400251
-0.0042603
-0.00382302
-0.0039165
-0.00395447
-0.00389574
-0.00436749
-0.00417199
-0.00502882
-0.004713
-0.00591094
-0.00548732
-0.00699938
-0.00647473
-0.00828182
-0.00766201
-0.00965514
-0.00896526
-0.00884738
-0.0100255
-0.00928614
-0.00376583
-0.00107923
-0.000759156
-0.000762823
-0.000662745
-0.000554404
-0.000462726
-0.000388192
-0.000317447
-0.000257155
-0.00019906
-0.000145119
-9.91796e-05
-5.65823e-05
-1.82578e-05
1.48938e-05
4.43871e-05
7.02395e-05
9.26937e-05
0.000112556
0.000130129
0.00014634
0.000161229
0.000175803
0.00018947
0.000203216
0.000215812
0.000227457
0.000238893
0.000250716
0.00026621
0.000286814
0.000312723
0.000341974
0.00036639
0.00038264
0.000384189
0.000373736
0.000353431
0.000327438
0.000299423
0.000270072
0.000240419
0.000210901
0.000182433
0.000155329
0.000129157
0.000104445
7.97437e-05
5.49705e-05
2.88908e-05
8.96551e-07
-2.99102e-05
-6.43233e-05
-0.00010296
-0.000146568
-0.000195696
-0.000251474
-0.000314268
-0.000384213
-0.000461136
-0.000544888
-0.000632711
-0.000719018
-0.000787595
-0.000816817
-0.000765626
-0.000848554
-0.000592969
0.188551
-0.00173782
0.174415
0.154454
0.165662
0.109944
0.135084
0.064701
0.085015
0.0369429
0.0486492
0.0207798
0.0275957
0.0104068
0.0148956
0.00246951
0.00604716
-0.00449596
-0.00129838
-0.0108777
-0.00794821
-0.0166763
-0.01404
-0.0217924
-0.0195031
-0.026136
-0.0242356
-0.0296532
-0.028164
-0.0323298
-0.0312542
-0.0341897
-0.0335113
-0.0352909
-0.0349769
-0.0357198
-0.0357241
-0.0355834
-0.0358506
-0.0350008
-0.0354708
-0.034094
-0.0347064
-0.032978
-0.0336771
-0.0317522
-0.0324912
-0.0304921
-0.0312371
-0.0292451
-0.0299764
-0.0280276
-0.0287413
-0.0268279
-0.0275336
-0.0256139
-0.0263307
-0.0243292
-0.0250844
-0.0229212
-0.0237417
-0.0213461
-0.0222519
-0.0195817
-0.0205819
-0.0176379
-0.0187254
-0.0155577
-0.0167058
-0.0134086
-0.0145821
-0.0112729
-0.0124288
-0.00924396
-0.0103355
-0.0074061
-0.00839381
-0.00582593
-0.00667985
-0.00454683
-0.00524836
-0.00358935
-0.00413018
-0.00295946
-0.00333784
-0.00265333
-0.00287203
-0.00265679
-0.00272401
-0.00294226
-0.00287263
-0.00347815
-0.00328729
-0.00424068
-0.00393648
-0.00521561
-0.00480068
-0.00640829
-0.00588027
-0.00759105
-0.007075
-0.00775082
-0.00812992
-0.00322029
-0.00938165
-0.0034998
0.162733
0.175516
0.144018
0.152394
0.132196
0.137359
0.125749
0.128385
0.123681
0.124211
0.125515
0.12413
0.13114
0.127856
0.140703
0.135419
0.15452
0.14706
0.17305
0.163173
0.196757
0.184239
0.225916
0.210659
0.260424
0.242536
0.299283
0.279435
0.339625
0.319534
0.376002
0.35875
0.400251
0.390176
0.405582
0.405447
0.390955
0.400584
0.36065
0.377278
0.322502
0.342076
0.282982
0.302616
0.245838
0.263959
0.213276
0.228909
0.186072
0.199015
0.16413
0.174462
0.147159
0.155061
0.134702
0.1404
0.126407
0.130059
0.122031
0.123743
0.121545
0.121302
0.125204
0.12284
0.13358
0.128761
0.147769
0.13986
0.157998
-0.332927
-0.0843019
-0.350953
0.219598
-0.569756
-0.34274
-0.475663
-0.345325
-0.336957
-0.318628
0.693756
0.816169
0.889333
0.823098
0.685339
-0.361569
-0.375959
-0.434548
-0.45224
-0.655524
-0.26323
0.0733649
-0.0809146
0.094529
0.196184
0.169657
0.137504
0.106407
0.0808809
0.0611675
0.0463507
0.0354833
0.0276086
0.0218052
0.0172951
0.0135077
0.0100948
0.00685028
0.00368141
0.000551605
-0.00253861
-0.00557528
-0.00854119
-0.0114165
-0.0141887
-0.0168428
-0.0193731
-0.0217698
-0.0240326
-0.0261553
-0.028141
-0.0299859
-0.031695
-0.0332657
-0.0347042
-0.036008
-0.0371838
-0.0382287
-0.0391493
-0.0399419
-0.0406133
-0.0411583
-0.0415842
-0.0418846
-0.0420675
-0.0421254
-0.0420678
-0.0418865
-0.0415931
-0.0411792
-0.0406594
-0.0400251
-0.0392939
-0.0384573
-0.0375356
-0.0365203
-0.0354339
-0.0342675
-0.0330454
-0.0317577
-0.0304299
-0.0290516
-0.0276507
-0.0262153
-0.0247681
-0.0233004
-0.0218443
-0.0203835
-0.0189522
-0.017532
-0.0161611
-0.0148184
-0.0135405
-0.0123074
-0.0111539
-0.0100587
-0.00905638
-0.00812555
-0.00729639
-0.00654195
-0.00589095
-0.00531787
-0.0048484
-0.00445557
-0.00416304
-0.0039436
-0.00381954
-0.00376369
-0.00379689
-0.00389185
-0.00406785
-0.00429776
-0.0045998
-0.00494841
-0.00536205
-0.00581851
-0.00633895
-0.00690594
-0.00754791
-0.00825039
-0.0088973
-0.00974537
-0.0105341
-0.0109309
-0.0122666
-0.00661662
0.0133351
0.00136868
0.000498587
0.000192253
-0.000231766
-0.000242763
-0.000190541
-0.0001488
-0.000117688
-8.72109e-05
-6.22793e-05
-3.79074e-05
-1.5864e-05
1.98441e-06
1.78926e-05
3.07593e-05
4.01006e-05
4.66212e-05
4.98131e-05
4.94678e-05
4.58251e-05
3.85263e-05
2.79532e-05
1.3948e-05
-2.25838e-06
-2.03008e-05
-3.7575e-05
-5.09623e-05
-5.7373e-05
-5.37259e-05
-3.81935e-05
-9.60199e-06
2.84168e-05
6.93408e-05
0.000104856
0.000124924
0.000126566
0.000108311
7.76521e-05
4.26579e-05
1.19059e-05
-9.09879e-06
-1.94357e-05
-2.00454e-05
-1.41967e-05
-4.75498e-06
5.54521e-06
1.45887e-05
2.18478e-05
2.63333e-05
2.82359e-05
2.70005e-05
2.28371e-05
1.57189e-05
5.69832e-06
-7.24128e-06
-2.31921e-05
-4.2144e-05
-6.43657e-05
-8.97162e-05
-0.000117629
-0.000147262
-0.000177168
-0.000204238
-0.000223735
-0.000220636
-0.000139485
7.62786e-05
0.000517416
0.00172077
0.00550434
0.0130439
0.00979887
0.213841
0.187916
0.167105
0.142578
0.112726
0.0840795
0.061757
0.0447083
0.0326176
0.0232456
0.0168524
0.0114942
0.00763695
0.00378287
0.000688703
-0.00275549
-0.00565204
-0.00894219
-0.0116983
-0.0147964
-0.0173306
-0.0201461
-0.022372
-0.024831
-0.0266884
-0.0287456
-0.0302019
-0.0318381
-0.0328849
-0.0341032
-0.0347532
-0.0355763
-0.03586
-0.0363263
-0.036289
-0.0364495
-0.0361461
-0.0360596
-0.0355504
-0.0352779
-0.0346232
-0.034224
-0.03348
-0.0330067
-0.0322205
-0.0317148
-0.0309212
-0.0304114
-0.0296302
-0.0291292
-0.0283654
-0.0278713
-0.0271159
-0.0266131
-0.0258414
-0.0253114
-0.0244987
-0.0239148
-0.0230348
-0.0223737
-0.0214074
-0.0206559
-0.0195969
-0.0187576
-0.0176138
-0.0167039
-0.0155019
-0.014555
-0.0133304
-0.0123838
-0.0111807
-0.0102811
-0.00914446
-0.00833397
-0.00730431
-0.00661719
-0.00572449
-0.0051841
-0.00444554
-0.00406503
-0.00348843
-0.00327229
-0.0028587
-0.00280563
-0.002551
-0.0026544
-0.00254931
-0.00279644
-0.00282639
-0.00320097
-0.00335066
-0.0038373
-0.00409722
-0.00468485
-0.00505743
-0.00575666
-0.00625782
-0.00687783
-0.00764398
-0.00842593
-0.00887726
-0.0103765
-0.00512121
-0.00451045
0.00830529
0.27621
0.20659
0.18502
0.167246
0.155045
0.145868
0.138828
0.133449
0.129481
0.126747
0.125139
0.124574
0.125001
0.126387
0.128733
0.132044
0.136351
0.14168
0.148083
0.155603
0.164304
0.174238
0.185464
0.198016
0.211922
0.227169
0.24372
0.261465
0.280217
0.299657
0.319337
0.338683
0.356933
0.373216
0.386542
0.396047
0.401018
0.40124
0.396732
0.387882
0.37522
0.359526
0.34163
0.322488
0.302903
0.283482
0.264702
0.246847
0.230061
0.214478
0.200192
0.187238
0.175612
0.165253
0.156124
0.148177
0.14137
0.135645
0.130969
0.127299
0.124619
0.122918
0.122208
0.122506
0.12387
0.12637
0.130143
0.135355
0.14227
0.151573
0.163485
0.26848
-0.286378
-0.0384472
0.0304908
0.051353
0.0667418
0.0102224
0.06661
-0.156309
-0.0887334
0.00218045
-0.0891764
0.00228802
-0.0199925
-0.0103303
-0.000485566
0.0457839
-0.00383765
-0.205904
0.821694
-0.00187925
)
;

boundaryField
{
    frontandback
    {
        type            empty;
    }
    walls
    {
        type            zeroGradient;
    }
    diamond
    {
        type            zeroGradient;
    }
    inlet
    {
        type            zeroGradient;
    }
    outlet
    {
        type            fixedValue;
        value           uniform 0;
    }
}


// ************************************************************************* //
