# Force coefficients
# liftDir     : (0.000000e+00 1.000000e+00 0.000000e+00)
# dragDir     : (1.000000e+00 0.000000e+00 0.000000e+00)
# pitchAxis   : (0.000000e+00 0.000000e+00 1.000000e+00)
# magUInf     : 1.000000e+00
# lRef        : 1.000000e+00
# Aref        : 2.000000e+00
# CofR        : (0.000000e+00 0.000000e+00 0.000000e+00)
# Time        	Cm            	Cd            	Cl            	Cl(f)         	Cl(r)         
0             	0.000000e+00	0.000000e+00	0.000000e+00	0.000000e+00	0.000000e+00
0.05          	-5.063060e+00	9.761573e-01	-9.658102e-02	-5.111351e+00	5.014770e+00
0.1           	-3.780367e+00	7.453396e-01	-3.038794e-02	-3.795561e+00	3.765173e+00
0.15          	-3.222494e+00	6.404539e-01	-1.263127e-02	-3.228810e+00	3.216179e+00
0.2           	-2.937861e+00	5.843717e-01	-1.024458e-02	-2.942983e+00	2.932739e+00
0.25          	-2.770142e+00	5.503538e-01	-1.131106e-02	-2.775798e+00	2.764487e+00
0.3           	-2.650217e+00	5.259216e-01	-1.236366e-02	-2.656399e+00	2.644035e+00
0.35          	-2.556691e+00	5.073130e-01	-1.213867e-02	-2.562761e+00	2.550622e+00
0.4           	-2.494594e+00	4.951188e-01	-1.156069e-02	-2.500375e+00	2.488814e+00
0.45          	-2.447953e+00	4.864584e-01	-9.786079e-03	-2.452846e+00	2.443060e+00
0.5           	-2.429124e+00	4.830488e-01	-8.931328e-03	-2.433590e+00	2.424659e+00
0.55          	-2.428469e+00	4.820739e-01	-1.110901e-02	-2.434023e+00	2.422914e+00
0.6           	-2.428087e+00	4.822719e-01	-1.045639e-02	-2.433315e+00	2.422858e+00
0.65          	-2.440134e+00	4.845858e-01	-1.054665e-02	-2.445408e+00	2.434861e+00
0.7           	-2.453513e+00	4.870530e-01	-1.112306e-02	-2.459075e+00	2.447952e+00
0.75          	-2.458180e+00	4.883459e-01	-1.019953e-02	-2.463280e+00	2.453080e+00
0.8           	-2.473034e+00	4.907536e-01	-1.156609e-02	-2.478817e+00	2.467251e+00
0.85          	-2.492802e+00	4.949687e-01	-1.085646e-02	-2.498230e+00	2.487374e+00
0.9           	-2.507571e+00	4.975504e-01	-1.166262e-02	-2.513402e+00	2.501740e+00
0.95          	-2.518729e+00	4.999829e-01	-1.118903e-02	-2.524324e+00	2.513135e+00
1             	-2.528425e+00	5.024569e-01	-9.819544e-03	-2.533335e+00	2.523515e+00
1.05          	-2.548729e+00	5.058416e-01	-1.152120e-02	-2.554490e+00	2.542968e+00
1.1           	-2.561677e+00	5.083645e-01	-1.175434e-02	-2.567555e+00	2.555800e+00
1.15          	-2.580569e+00	5.111710e-01	-1.410317e-02	-2.587620e+00	2.573517e+00
1.2           	-2.594226e+00	5.136384e-01	-1.478056e-02	-2.601616e+00	2.586835e+00
1.25          	-2.605192e+00	5.161165e-01	-1.409992e-02	-2.612242e+00	2.598142e+00
1.3           	-2.616534e+00	5.178816e-01	-1.541520e-02	-2.624241e+00	2.608826e+00
1.35          	-2.628642e+00	5.201711e-01	-1.572564e-02	-2.636505e+00	2.620779e+00
1.4           	-2.638465e+00	5.222633e-01	-1.544977e-02	-2.646190e+00	2.630740e+00
1.45          	-2.648402e+00	5.234827e-01	-1.736367e-02	-2.657084e+00	2.639720e+00
1.5           	-2.656339e+00	5.249590e-01	-1.767129e-02	-2.665175e+00	2.647504e+00
1.55          	-2.662920e+00	5.261819e-01	-1.796532e-02	-2.671903e+00	2.653937e+00
1.6           	-2.671540e+00	5.274617e-01	-1.911554e-02	-2.681098e+00	2.661983e+00
1.65          	-2.675714e+00	5.281808e-01	-1.942243e-02	-2.685425e+00	2.666003e+00
1.7           	-2.677648e+00	5.282156e-01	-2.033596e-02	-2.687816e+00	2.667480e+00
1.75          	-2.679191e+00	5.283539e-01	-2.078354e-02	-2.689583e+00	2.668800e+00
1.8           	-2.678192e+00	5.278741e-01	-2.150476e-02	-2.688944e+00	2.667440e+00
1.85          	-2.677340e+00	5.275268e-01	-2.196900e-02	-2.688325e+00	2.666356e+00
1.9           	-2.677391e+00	5.270833e-01	-2.314645e-02	-2.688964e+00	2.665817e+00
1.95          	-2.674004e+00	5.261893e-01	-2.370204e-02	-2.685855e+00	2.662153e+00
2             	-2.670012e+00	5.250511e-01	-2.457197e-02	-2.682298e+00	2.657726e+00
2.05          	-2.664536e+00	5.235877e-01	-2.551973e-02	-2.677295e+00	2.651776e+00
2.1           	-2.658965e+00	5.222505e-01	-2.607998e-02	-2.672005e+00	2.645925e+00
2.15          	-2.653405e+00	5.208174e-01	-2.689489e-02	-2.666853e+00	2.639958e+00
2.2           	-2.647114e+00	5.192506e-01	-2.767453e-02	-2.660951e+00	2.633277e+00
2.25          	-2.641149e+00	5.176939e-01	-2.858704e-02	-2.655442e+00	2.626855e+00
2.3           	-2.636487e+00	5.163944e-01	-2.949073e-02	-2.651232e+00	2.621741e+00
2.35          	-2.629973e+00	5.147764e-01	-3.027694e-02	-2.645112e+00	2.614835e+00
2.4           	-2.624695e+00	5.133322e-01	-3.124732e-02	-2.640319e+00	2.609071e+00
2.45          	-2.618329e+00	5.117010e-01	-3.213646e-02	-2.634397e+00	2.602261e+00
2.5           	-2.614822e+00	5.104682e-01	-3.346362e-02	-2.631554e+00	2.598090e+00
2.55          	-2.608857e+00	5.089313e-01	-3.431721e-02	-2.626016e+00	2.591699e+00
2.6           	-2.602724e+00	5.075496e-01	-3.469545e-02	-2.620071e+00	2.585376e+00
2.65          	-2.597667e+00	5.061772e-01	-3.558879e-02	-2.615462e+00	2.579873e+00
2.7           	-2.593158e+00	5.049560e-01	-3.637726e-02	-2.611347e+00	2.574970e+00
2.75          	-2.588604e+00	5.037119e-01	-3.720218e-02	-2.607205e+00	2.570003e+00
2.8           	-2.583717e+00	5.024631e-01	-3.786966e-02	-2.602652e+00	2.564782e+00
2.85          	-2.579376e+00	5.012918e-01	-3.861930e-02	-2.598686e+00	2.560066e+00
2.9           	-2.575190e+00	5.002022e-01	-3.924106e-02	-2.594811e+00	2.555570e+00
2.95          	-2.570627e+00	4.989966e-01	-3.996897e-02	-2.590611e+00	2.550642e+00
3             	-2.566351e+00	4.979149e-01	-4.052945e-02	-2.586616e+00	2.546086e+00
3.05          	-2.562267e+00	4.968993e-01	-4.101667e-02	-2.582775e+00	2.541759e+00
3.1           	-2.558099e+00	4.958431e-01	-4.156617e-02	-2.578882e+00	2.537316e+00
3.15          	-2.554258e+00	4.948923e-01	-4.201569e-02	-2.575266e+00	2.533250e+00
3.2           	-2.550197e+00	4.939140e-01	-4.242044e-02	-2.571408e+00	2.528987e+00
3.25          	-2.546475e+00	4.930242e-01	-4.277344e-02	-2.567862e+00	2.525088e+00
3.3           	-2.542406e+00	4.920785e-01	-4.309361e-02	-2.563952e+00	2.520859e+00
3.35          	-2.538662e+00	4.912119e-01	-4.337781e-02	-2.560350e+00	2.516973e+00
3.4           	-2.534838e+00	4.903478e-01	-4.361511e-02	-2.556645e+00	2.513030e+00
3.45          	-2.530941e+00	4.894843e-01	-4.381367e-02	-2.552848e+00	2.509034e+00
3.5           	-2.527747e+00	4.887203e-01	-4.411444e-02	-2.549805e+00	2.505690e+00
3.55          	-2.524331e+00	4.879347e-01	-4.435708e-02	-2.546510e+00	2.502153e+00
3.6           	-2.520614e+00	4.871695e-01	-4.439623e-02	-2.542813e+00	2.498416e+00
3.65          	-2.516910e+00	4.863924e-01	-4.447185e-02	-2.539146e+00	2.494674e+00
3.7           	-2.513326e+00	4.856499e-01	-4.451981e-02	-2.535586e+00	2.491066e+00
3.75          	-2.509743e+00	4.849213e-01	-4.453260e-02	-2.532009e+00	2.487476e+00
3.8           	-2.506219e+00	4.841971e-01	-4.456178e-02	-2.528500e+00	2.483938e+00
3.85          	-2.502451e+00	4.835128e-01	-4.437707e-02	-2.524640e+00	2.480263e+00
3.9           	-2.499019e+00	4.828514e-01	-4.429449e-02	-2.521166e+00	2.476872e+00
3.95          	-2.495374e+00	4.821768e-01	-4.413892e-02	-2.517443e+00	2.473305e+00
4             	-2.491731e+00	4.815223e-01	-4.393390e-02	-2.513698e+00	2.469764e+00
4.05          	-2.488082e+00	4.808843e-01	-4.368397e-02	-2.509924e+00	2.466240e+00
4.1           	-2.484564e+00	4.802644e-01	-4.345502e-02	-2.506292e+00	2.462837e+00
4.15          	-2.480838e+00	4.796417e-01	-4.312816e-02	-2.502402e+00	2.459274e+00
4.2           	-2.477219e+00	4.790430e-01	-4.279448e-02	-2.498616e+00	2.455821e+00
4.25          	-2.473547e+00	4.784700e-01	-4.237102e-02	-2.494733e+00	2.452362e+00
4.3           	-2.469728e+00	4.778866e-01	-4.189956e-02	-2.490678e+00	2.448779e+00
4.35          	-2.465965e+00	4.773159e-01	-4.142419e-02	-2.486677e+00	2.445253e+00
4.4           	-2.462132e+00	4.767635e-01	-4.086762e-02	-2.482565e+00	2.441698e+00
4.45          	-2.458416e+00	4.762159e-01	-4.035878e-02	-2.478596e+00	2.438237e+00
4.5           	-2.454308e+00	4.756710e-01	-3.964842e-02	-2.474132e+00	2.434484e+00
4.55          	-2.450419e+00	4.751352e-01	-3.902418e-02	-2.469931e+00	2.430907e+00
4.6           	-2.446546e+00	4.746234e-01	-3.834810e-02	-2.465720e+00	2.427372e+00
4.65          	-2.442571e+00	4.741052e-01	-3.763768e-02	-2.461390e+00	2.423752e+00
4.7           	-2.438588e+00	4.736097e-01	-3.686680e-02	-2.457021e+00	2.420154e+00
4.75          	-2.434552e+00	4.731098e-01	-3.608122e-02	-2.452592e+00	2.416511e+00
4.8           	-2.430476e+00	4.726277e-01	-3.523168e-02	-2.448091e+00	2.412860e+00
4.85          	-2.426382e+00	4.721486e-01	-3.436664e-02	-2.443565e+00	2.409199e+00
4.9           	-2.422273e+00	4.716859e-01	-3.345330e-02	-2.438999e+00	2.405546e+00
4.95          	-2.418161e+00	4.712202e-01	-3.254732e-02	-2.434434e+00	2.401887e+00
5             	-2.414009e+00	4.707660e-01	-3.159305e-02	-2.429806e+00	2.398213e+00
5.05          	-2.409822e+00	4.703322e-01	-3.057074e-02	-2.425108e+00	2.394537e+00
5.1           	-2.405672e+00	4.698879e-01	-2.959461e-02	-2.420470e+00	2.390875e+00
5.15          	-2.401440e+00	4.694585e-01	-2.854022e-02	-2.415710e+00	2.387170e+00
5.2           	-2.397174e+00	4.690312e-01	-2.746440e-02	-2.410906e+00	2.383441e+00
5.25          	-2.392958e+00	4.686134e-01	-2.639157e-02	-2.406154e+00	2.379763e+00
5.3           	-2.388835e+00	4.682118e-01	-2.532546e-02	-2.401497e+00	2.376172e+00
5.35          	-2.384597e+00	4.678094e-01	-2.420444e-02	-2.396699e+00	2.372494e+00
5.4           	-2.380408e+00	4.674165e-01	-2.308572e-02	-2.391951e+00	2.368866e+00
5.45          	-2.376156e+00	4.670189e-01	-2.194768e-02	-2.387130e+00	2.365182e+00
5.5           	-2.371993e+00	4.666310e-01	-2.083162e-02	-2.382409e+00	2.361578e+00
5.55          	-2.367839e+00	4.662533e-01	-1.969469e-02	-2.377686e+00	2.357991e+00
5.6           	-2.363719e+00	4.658903e-01	-1.853923e-02	-2.372989e+00	2.354449e+00
5.65          	-2.359643e+00	4.655300e-01	-1.740041e-02	-2.368344e+00	2.350943e+00
5.7           	-2.355595e+00	4.651750e-01	-1.626329e-02	-2.363727e+00	2.347464e+00
5.75          	-2.351578e+00	4.648257e-01	-1.512820e-02	-2.359142e+00	2.344014e+00
5.8           	-2.347614e+00	4.644827e-01	-1.400484e-02	-2.354617e+00	2.340612e+00
5.85          	-2.343721e+00	4.641555e-01	-1.287820e-02	-2.350161e+00	2.337282e+00
5.9           	-2.339895e+00	4.638232e-01	-1.179749e-02	-2.345794e+00	2.333996e+00
5.95          	-2.335968e+00	4.635003e-01	-1.065005e-02	-2.341293e+00	2.330643e+00
6             	-2.332246e+00	4.631847e-01	-9.583601e-03	-2.337038e+00	2.327455e+00
6.05          	-2.328615e+00	4.628784e-01	-8.540476e-03	-2.332885e+00	2.324345e+00
6.1           	-2.325035e+00	4.625746e-01	-7.517642e-03	-2.328794e+00	2.321276e+00
6.15          	-2.321572e+00	4.622837e-01	-6.522371e-03	-2.324833e+00	2.318311e+00
6.2           	-2.318149e+00	4.619914e-01	-5.551492e-03	-2.320924e+00	2.315373e+00
6.25          	-2.314872e+00	4.617150e-01	-4.615128e-03	-2.317179e+00	2.312564e+00
6.3           	-2.311647e+00	4.614352e-01	-3.714881e-03	-2.313505e+00	2.309790e+00
6.35          	-2.308529e+00	4.611607e-01	-2.855912e-03	-2.309957e+00	2.307101e+00
6.4           	-2.305510e+00	4.608975e-01	-2.018590e-03	-2.306519e+00	2.304501e+00
6.45          	-2.302647e+00	4.606415e-01	-1.242396e-03	-2.303268e+00	2.302026e+00
6.5           	-2.299886e+00	4.603906e-01	-5.060719e-04	-2.300139e+00	2.299633e+00
6.55          	-2.297376e+00	4.601677e-01	1.734057e-04	-2.297289e+00	2.297463e+00
6.6           	-2.294889e+00	4.599226e-01	7.859340e-04	-2.294496e+00	2.295282e+00
6.65          	-2.292310e+00	4.596848e-01	1.460474e-03	-2.291580e+00	2.293040e+00
6.7           	-2.290066e+00	4.594612e-01	2.003402e-03	-2.289064e+00	2.291067e+00
6.75          	-2.287914e+00	4.592354e-01	2.493850e-03	-2.286667e+00	2.289161e+00
6.8           	-2.286041e+00	4.590415e-01	2.921554e-03	-2.284581e+00	2.287502e+00
6.85          	-2.284294e+00	4.588548e-01	3.302775e-03	-2.282643e+00	2.285946e+00
6.9           	-2.282590e+00	4.586499e-01	3.618541e-03	-2.280781e+00	2.284400e+00
6.95          	-2.281043e+00	4.584549e-01	3.880111e-03	-2.279103e+00	2.282983e+00
7             	-2.279649e+00	4.582627e-01	4.070573e-03	-2.277614e+00	2.281685e+00
7.05          	-2.278366e+00	4.580673e-01	4.196538e-03	-2.276268e+00	2.280465e+00
7.1           	-2.277454e+00	4.579173e-01	4.253512e-03	-2.275327e+00	2.279581e+00
7.15          	-2.276422e+00	4.577261e-01	4.264103e-03	-2.274290e+00	2.278554e+00
7.2           	-2.275634e+00	4.575536e-01	4.199969e-03	-2.273534e+00	2.277734e+00
7.25          	-2.275018e+00	4.573859e-01	4.060536e-03	-2.272988e+00	2.277049e+00
7.3           	-2.274564e+00	4.572222e-01	3.849824e-03	-2.272639e+00	2.276489e+00
7.35          	-2.274159e+00	4.570506e-01	3.594896e-03	-2.272361e+00	2.275956e+00
7.4           	-2.274140e+00	4.569247e-01	3.261789e-03	-2.272509e+00	2.275771e+00
7.45          	-2.274040e+00	4.567648e-01	2.883811e-03	-2.272598e+00	2.275482e+00
7.5           	-2.274097e+00	4.566014e-01	2.417436e-03	-2.272888e+00	2.275306e+00
7.55          	-2.274401e+00	4.564592e-01	1.881157e-03	-2.273460e+00	2.275341e+00
7.6           	-2.274793e+00	4.563115e-01	1.286951e-03	-2.274150e+00	2.275437e+00
7.65          	-2.275320e+00	4.561685e-01	6.375491e-04	-2.275001e+00	2.275638e+00
7.7           	-2.275982e+00	4.560333e-01	-5.967115e-05	-2.276012e+00	2.275952e+00
7.75          	-2.276823e+00	4.558975e-01	-8.476391e-04	-2.277246e+00	2.276399e+00
7.8           	-2.277734e+00	4.557579e-01	-1.679897e-03	-2.278574e+00	2.276894e+00
7.85          	-2.278818e+00	4.556221e-01	-2.589009e-03	-2.280113e+00	2.277524e+00
7.9           	-2.280098e+00	4.555029e-01	-3.552918e-03	-2.281875e+00	2.278322e+00
7.95          	-2.281445e+00	4.553751e-01	-4.571459e-03	-2.283731e+00	2.279159e+00
8             	-2.282975e+00	4.552540e-01	-5.663823e-03	-2.285807e+00	2.280143e+00
8.05          	-2.284392e+00	4.551202e-01	-6.730918e-03	-2.287758e+00	2.281027e+00
8.1           	-2.286092e+00	4.550014e-01	-7.900983e-03	-2.290043e+00	2.282142e+00
8.15          	-2.287875e+00	4.548807e-01	-9.115970e-03	-2.292433e+00	2.283317e+00
8.2           	-2.289800e+00	4.547683e-01	-1.038080e-02	-2.294990e+00	2.284609e+00
8.25          	-2.291720e+00	4.546576e-01	-1.163821e-02	-2.297539e+00	2.285901e+00
8.3           	-2.293809e+00	4.545468e-01	-1.297827e-02	-2.300298e+00	2.287320e+00
8.35          	-2.295928e+00	4.544311e-01	-1.434540e-02	-2.303101e+00	2.288755e+00
8.4           	-2.298104e+00	4.543157e-01	-1.573903e-02	-2.305974e+00	2.290235e+00
8.45          	-2.300281e+00	4.541984e-01	-1.713532e-02	-2.308849e+00	2.291713e+00
8.5           	-2.302672e+00	4.540990e-01	-1.859301e-02	-2.311968e+00	2.293375e+00
8.55          	-2.305044e+00	4.540013e-01	-2.003598e-02	-2.315062e+00	2.295026e+00
8.6           	-2.307476e+00	4.539043e-01	-2.150581e-02	-2.318229e+00	2.296723e+00
8.65          	-2.309963e+00	4.538105e-01	-2.299341e-02	-2.321460e+00	2.298467e+00
8.7           	-2.312447e+00	4.537156e-01	-2.448034e-02	-2.324687e+00	2.300207e+00
8.75          	-2.314957e+00	4.536216e-01	-2.597587e-02	-2.327944e+00	2.301969e+00
8.8           	-2.317524e+00	4.535410e-01	-2.746522e-02	-2.331256e+00	2.303791e+00
8.85          	-2.320007e+00	4.534518e-01	-2.893200e-02	-2.334473e+00	2.305541e+00
8.9           	-2.322602e+00	4.533770e-01	-3.041685e-02	-2.337810e+00	2.307393e+00
8.95          	-2.325140e+00	4.532998e-01	-3.187713e-02	-2.341078e+00	2.309201e+00
9             	-2.327690e+00	4.532310e-01	-3.332091e-02	-2.344351e+00	2.311030e+00
9.05          	-2.330230e+00	4.531624e-01	-3.475645e-02	-2.347608e+00	2.312851e+00
9.1           	-2.332503e+00	4.530694e-01	-3.612031e-02	-2.350563e+00	2.314443e+00
9.15          	-2.334889e+00	4.530019e-01	-3.747410e-02	-2.353626e+00	2.316152e+00
9.2           	-2.337245e+00	4.529424e-01	-3.879083e-02	-2.356641e+00	2.317850e+00
9.25          	-2.339470e+00	4.528755e-01	-4.005696e-02	-2.359499e+00	2.319442e+00
9.3           	-2.341866e+00	4.528502e-01	-4.130663e-02	-2.362520e+00	2.321213e+00
9.35          	-2.344031e+00	4.528006e-01	-4.249697e-02	-2.365280e+00	2.322783e+00
9.4           	-2.346202e+00	4.527671e-01	-4.364723e-02	-2.368025e+00	2.324378e+00
9.45          	-2.348284e+00	4.527272e-01	-4.476616e-02	-2.370667e+00	2.325901e+00
9.5           	-2.350088e+00	4.527013e-01	-4.571657e-02	-2.372947e+00	2.327230e+00
9.55          	-2.351976e+00	4.526740e-01	-4.670516e-02	-2.375328e+00	2.328623e+00
9.6           	-2.353420e+00	4.526308e-01	-4.751084e-02	-2.377176e+00	2.329665e+00
9.65          	-2.354998e+00	4.526092e-01	-4.832747e-02	-2.379162e+00	2.330835e+00
9.7           	-2.356436e+00	4.525923e-01	-4.906049e-02	-2.380967e+00	2.331906e+00
9.75          	-2.357649e+00	4.525642e-01	-4.970769e-02	-2.382503e+00	2.332795e+00
9.8           	-2.358775e+00	4.525480e-01	-5.027946e-02	-2.383914e+00	2.333635e+00
9.85          	-2.359732e+00	4.525329e-01	-5.076262e-02	-2.385113e+00	2.334350e+00
9.9           	-2.360573e+00	4.525187e-01	-5.118472e-02	-2.386165e+00	2.334981e+00
9.95          	-2.361397e+00	4.525292e-01	-5.153553e-02	-2.387164e+00	2.335629e+00
10            	-2.362033e+00	4.525181e-01	-5.184088e-02	-2.387953e+00	2.336112e+00
10.05         	-2.361712e+00	4.525219e-01	-5.163943e-02	-2.387532e+00	2.335892e+00
10.1          	-2.361898e+00	4.525182e-01	-5.170209e-02	-2.387749e+00	2.336047e+00
10.15         	-2.361844e+00	4.525108e-01	-5.165351e-02	-2.387671e+00	2.336017e+00
10.2          	-2.361443e+00	4.525174e-01	-5.139549e-02	-2.387141e+00	2.335745e+00
10.25         	-2.361012e+00	4.525179e-01	-5.113689e-02	-2.386580e+00	2.335444e+00
10.3          	-2.360297e+00	4.525162e-01	-5.074134e-02	-2.385668e+00	2.334927e+00
10.35         	-2.359310e+00	4.525007e-01	-5.024334e-02	-2.384432e+00	2.334189e+00
10.4          	-2.358815e+00	4.525732e-01	-4.977241e-02	-2.383701e+00	2.333929e+00
10.45         	-2.356956e+00	4.525302e-01	-4.890942e-02	-2.381411e+00	2.332502e+00
10.5          	-2.355569e+00	4.525695e-01	-4.807454e-02	-2.379607e+00	2.331532e+00
10.55         	-2.353803e+00	4.525331e-01	-4.723992e-02	-2.377423e+00	2.330184e+00
10.6          	-2.351873e+00	4.525332e-01	-4.623106e-02	-2.374988e+00	2.328757e+00
10.65         	-2.349784e+00	4.525407e-01	-4.512610e-02	-2.372347e+00	2.327221e+00
10.7          	-2.347618e+00	4.525668e-01	-4.393639e-02	-2.369587e+00	2.325650e+00
10.75         	-2.345044e+00	4.525565e-01	-4.263370e-02	-2.366361e+00	2.323728e+00
10.8          	-2.342258e+00	4.525411e-01	-4.123721e-02	-2.362876e+00	2.321639e+00
10.85         	-2.339483e+00	4.525536e-01	-3.977829e-02	-2.359372e+00	2.319593e+00
10.9          	-2.336391e+00	4.525461e-01	-3.821141e-02	-2.355496e+00	2.317285e+00
10.95         	-2.333093e+00	4.525322e-01	-3.655887e-02	-2.351373e+00	2.314814e+00
11            	-2.329561e+00	4.525090e-01	-3.481284e-02	-2.346968e+00	2.312155e+00
11.05         	-2.325960e+00	4.524980e-01	-3.300343e-02	-2.342462e+00	2.309459e+00
11.1          	-2.322196e+00	4.524826e-01	-3.112488e-02	-2.337758e+00	2.306633e+00
11.15         	-2.318288e+00	4.524670e-01	-2.917659e-02	-2.332877e+00	2.303700e+00
11.2          	-2.314205e+00	4.524433e-01	-2.716243e-02	-2.327786e+00	2.300624e+00
11.25         	-2.309929e+00	4.524308e-01	-2.502665e-02	-2.322443e+00	2.297416e+00
11.3          	-2.305608e+00	4.524050e-01	-2.290212e-02	-2.317059e+00	2.294157e+00
11.35         	-2.301160e+00	4.523789e-01	-2.071778e-02	-2.311519e+00	2.290801e+00
11.4          	-2.296702e+00	4.523750e-01	-1.847620e-02	-2.305940e+00	2.287464e+00
11.45         	-2.292085e+00	4.523636e-01	-1.617539e-02	-2.300173e+00	2.283997e+00
11.5          	-2.287385e+00	4.523416e-01	-1.386058e-02	-2.294315e+00	2.280454e+00
11.55         	-2.282649e+00	4.523183e-01	-1.153420e-02	-2.288416e+00	2.276882e+00
11.6          	-2.277899e+00	4.523010e-01	-9.187482e-03	-2.282493e+00	2.273305e+00
11.65         	-2.273109e+00	4.522839e-01	-6.822799e-03	-2.276521e+00	2.269698e+00
11.7          	-2.268383e+00	4.522830e-01	-4.452328e-03	-2.270610e+00	2.266157e+00
11.75         	-2.263629e+00	4.522764e-01	-2.084259e-03	-2.264671e+00	2.262587e+00
11.8          	-2.258865e+00	4.522723e-01	2.921853e-04	-2.258719e+00	2.259011e+00
11.85         	-2.254234e+00	4.522788e-01	2.625603e-03	-2.252921e+00	2.255547e+00
11.9          	-2.249620e+00	4.522890e-01	4.957536e-03	-2.247141e+00	2.252099e+00
11.95         	-2.245128e+00	4.523089e-01	7.249611e-03	-2.241503e+00	2.248753e+00
12            	-2.241017e+00	4.523403e-01	9.381221e-03	-2.236327e+00	2.245708e+00
12.05         	-2.236540e+00	4.523904e-01	1.172922e-02	-2.230676e+00	2.242405e+00
12.1          	-2.232686e+00	4.525226e-01	1.396489e-02	-2.225704e+00	2.239669e+00
12.15         	-2.228104e+00	4.524395e-01	1.604083e-02	-2.220083e+00	2.236124e+00
12.2          	-2.224217e+00	4.524967e-01	1.810738e-02	-2.215163e+00	2.233270e+00
12.25         	-2.220610e+00	4.525715e-01	2.007521e-02	-2.210573e+00	2.230648e+00
12.3          	-2.217202e+00	4.526580e-01	2.197042e-02	-2.206217e+00	2.228187e+00
12.35         	-2.214002e+00	4.527525e-01	2.377831e-02	-2.202112e+00	2.225891e+00
12.4          	-2.211009e+00	4.528506e-01	2.548814e-02	-2.198265e+00	2.223753e+00
12.45         	-2.208174e+00	4.529492e-01	2.711417e-02	-2.194617e+00	2.221731e+00
12.5          	-2.205888e+00	4.530987e-01	2.859686e-02	-2.191590e+00	2.220187e+00
12.55         	-2.203330e+00	4.532085e-01	3.010612e-02	-2.188277e+00	2.218383e+00
12.6          	-2.201991e+00	4.533822e-01	3.117587e-02	-2.186403e+00	2.217579e+00
12.65         	-2.200872e+00	4.536384e-01	3.232542e-02	-2.184709e+00	2.217034e+00
12.7          	-2.199353e+00	4.537446e-01	3.330213e-02	-2.182702e+00	2.216004e+00
12.75         	-2.198658e+00	4.539619e-01	3.414117e-02	-2.181587e+00	2.215728e+00
12.8          	-2.197758e+00	4.540843e-01	3.483843e-02	-2.180339e+00	2.215178e+00
12.85         	-2.197704e+00	4.542690e-01	3.527616e-02	-2.180066e+00	2.215343e+00
12.9          	-2.197975e+00	4.545489e-01	3.577752e-02	-2.180086e+00	2.215864e+00
12.95         	-2.198216e+00	4.547402e-01	3.607183e-02	-2.180180e+00	2.216252e+00
13            	-2.198494e+00	4.549275e-01	3.633454e-02	-2.180327e+00	2.216661e+00
13.05         	-2.200244e+00	4.551700e-01	3.600633e-02	-2.182241e+00	2.218247e+00
13.1          	-2.202083e+00	4.554193e-01	3.564374e-02	-2.184262e+00	2.219905e+00
13.15         	-2.204080e+00	4.556621e-01	3.518335e-02	-2.186488e+00	2.221672e+00
13.2          	-2.206247e+00	4.558873e-01	3.459080e-02	-2.188952e+00	2.223543e+00
13.25         	-2.209376e+00	4.562214e-01	3.379417e-02	-2.192479e+00	2.226273e+00
13.3          	-2.212648e+00	4.564398e-01	3.263133e-02	-2.196332e+00	2.228964e+00
13.35         	-2.215911e+00	4.567170e-01	3.161682e-02	-2.200102e+00	2.231719e+00
13.4          	-2.219856e+00	4.569181e-01	3.007219e-02	-2.204820e+00	2.234892e+00
13.45         	-2.223805e+00	4.572383e-01	2.882501e-02	-2.209392e+00	2.238217e+00
13.5          	-2.228613e+00	4.575270e-01	2.706883e-02	-2.215078e+00	2.242147e+00
13.55         	-2.233606e+00	4.577775e-01	2.512517e-02	-2.221043e+00	2.246168e+00
13.6          	-2.238694e+00	4.580013e-01	2.306510e-02	-2.227162e+00	2.250227e+00
13.65         	-2.244339e+00	4.582557e-01	2.080448e-02	-2.233937e+00	2.254742e+00
13.7          	-2.250313e+00	4.584680e-01	1.827263e-02	-2.241176e+00	2.259449e+00
13.75         	-2.256520e+00	4.587655e-01	1.584648e-02	-2.248597e+00	2.264443e+00
13.8          	-2.263010e+00	4.589991e-01	1.311555e-02	-2.256452e+00	2.269568e+00
13.85         	-2.269948e+00	4.592909e-01	1.030979e-02	-2.264793e+00	2.275102e+00
13.9          	-2.277083e+00	4.595308e-01	7.275498e-03	-2.273445e+00	2.280721e+00
13.95         	-2.284309e+00	4.597491e-01	4.143512e-03	-2.282237e+00	2.286380e+00
14            	-2.291949e+00	4.599804e-01	8.397712e-04	-2.291530e+00	2.292369e+00
14.05         	-2.299781e+00	4.601908e-01	-2.608821e-03	-2.301085e+00	2.298476e+00
14.1          	-2.307922e+00	4.604382e-01	-6.116752e-03	-2.310980e+00	2.304864e+00
14.15         	-2.316279e+00	4.606482e-01	-9.823146e-03	-2.321190e+00	2.311367e+00
14.2          	-2.324787e+00	4.608714e-01	-1.356906e-02	-2.331571e+00	2.318002e+00
14.25         	-2.333564e+00	4.611044e-01	-1.742141e-02	-2.342275e+00	2.324854e+00
14.3          	-2.342478e+00	4.613360e-01	-2.134195e-02	-2.353149e+00	2.331807e+00
14.35         	-2.351486e+00	4.615592e-01	-2.532753e-02	-2.364150e+00	2.338823e+00
14.4          	-2.360709e+00	4.617979e-01	-2.937575e-02	-2.375397e+00	2.346021e+00
14.45         	-2.370205e+00	4.620484e-01	-3.352455e-02	-2.386967e+00	2.353443e+00
14.5          	-2.379643e+00	4.623030e-01	-3.763375e-02	-2.398460e+00	2.360826e+00
14.55         	-2.388962e+00	4.625517e-01	-4.169622e-02	-2.409810e+00	2.368114e+00
14.6          	-2.398506e+00	4.627879e-01	-4.589438e-02	-2.421453e+00	2.375558e+00
14.65         	-2.408456e+00	4.631876e-01	-4.987384e-02	-2.433393e+00	2.383519e+00
14.7          	-2.418194e+00	4.634854e-01	-5.400291e-02	-2.445196e+00	2.391193e+00
14.75         	-2.427814e+00	4.638083e-01	-5.800321e-02	-2.456815e+00	2.398812e+00
14.8          	-2.436686e+00	4.640135e-01	-6.191731e-02	-2.467645e+00	2.405727e+00
14.85         	-2.446340e+00	4.643915e-01	-6.578618e-02	-2.479233e+00	2.413447e+00
14.9          	-2.455873e+00	4.648003e-01	-6.951115e-02	-2.490629e+00	2.421118e+00
14.95         	-2.464835e+00	4.650521e-01	-7.334116e-02	-2.501506e+00	2.428165e+00
15            	-2.473899e+00	4.654305e-01	-7.689527e-02	-2.512346e+00	2.435451e+00
15.05         	-2.483223e+00	4.658771e-01	-8.039104e-02	-2.523419e+00	2.443028e+00
15.1          	-2.491155e+00	4.662215e-01	-8.347096e-02	-2.532890e+00	2.449419e+00
15.15         	-2.500080e+00	4.667570e-01	-8.653931e-02	-2.543350e+00	2.456811e+00
15.2          	-2.508469e+00	4.671927e-01	-8.958956e-02	-2.553264e+00	2.463675e+00
15.25         	-2.515546e+00	4.676431e-01	-9.195022e-02	-2.561521e+00	2.469571e+00
15.3          	-2.523155e+00	4.681830e-01	-9.434373e-02	-2.570327e+00	2.475983e+00
15.35         	-2.530536e+00	4.686347e-01	-9.682083e-02	-2.578946e+00	2.482126e+00
15.4          	-2.536515e+00	4.692787e-01	-9.815296e-02	-2.585592e+00	2.487439e+00
15.45         	-2.542681e+00	4.698172e-01	-9.981051e-02	-2.592587e+00	2.492776e+00
15.5          	-2.548250e+00	4.703293e-01	-1.012352e-01	-2.598868e+00	2.497633e+00
15.55         	-2.553590e+00	4.709468e-01	-1.022740e-01	-2.604727e+00	2.502453e+00
15.6          	-2.557277e+00	4.714101e-01	-1.028644e-01	-2.608709e+00	2.505845e+00
15.65         	-2.561572e+00	4.720960e-01	-1.032039e-01	-2.613174e+00	2.509970e+00
15.7          	-2.564552e+00	4.726594e-01	-1.031821e-01	-2.616143e+00	2.512961e+00
15.75         	-2.568560e+00	4.733912e-01	-1.032553e-01	-2.620187e+00	2.516932e+00
15.8          	-2.570262e+00	4.739026e-01	-1.027194e-01	-2.621622e+00	2.518902e+00
15.85         	-2.572224e+00	4.746502e-01	-1.017264e-01	-2.623087e+00	2.521361e+00
15.9          	-2.573161e+00	4.752507e-01	-1.005803e-01	-2.623451e+00	2.522870e+00
15.95         	-2.572360e+00	4.756783e-01	-9.898623e-02	-2.621853e+00	2.522867e+00
16            	-2.572177e+00	4.764052e-01	-9.696606e-02	-2.620660e+00	2.523694e+00
16.05         	-2.570495e+00	4.768707e-01	-9.483903e-02	-2.617914e+00	2.523075e+00
16.1          	-2.567753e+00	4.773383e-01	-9.217533e-02	-2.613841e+00	2.521666e+00
16.15         	-2.564705e+00	4.778667e-01	-8.920820e-02	-2.609309e+00	2.520101e+00
16.2          	-2.561285e+00	4.783401e-01	-8.618767e-02	-2.604379e+00	2.518191e+00
16.25         	-2.556576e+00	4.787973e-01	-8.256671e-02	-2.597859e+00	2.515293e+00
16.3          	-2.550837e+00	4.791492e-01	-7.869881e-02	-2.590187e+00	2.511488e+00
16.35         	-2.544489e+00	4.795311e-01	-7.445044e-02	-2.581715e+00	2.507264e+00
16.4          	-2.537353e+00	4.798747e-01	-6.990202e-02	-2.572304e+00	2.502402e+00
16.45         	-2.529824e+00	4.802139e-01	-6.517625e-02	-2.562412e+00	2.497236e+00
16.5          	-2.521566e+00	4.805307e-01	-6.014365e-02	-2.551638e+00	2.491494e+00
16.55         	-2.512157e+00	4.807942e-01	-5.467016e-02	-2.539492e+00	2.484822e+00
16.6          	-2.502610e+00	4.810398e-01	-4.917797e-02	-2.527199e+00	2.478021e+00
16.65         	-2.492442e+00	4.812528e-01	-4.346020e-02	-2.514172e+00	2.470712e+00
16.7          	-2.481763e+00	4.814760e-01	-3.746619e-02	-2.500496e+00	2.463030e+00
16.75         	-2.470477e+00	4.816511e-01	-3.129339e-02	-2.486124e+00	2.454830e+00
16.8          	-2.458661e+00	4.818506e-01	-2.480017e-02	-2.471061e+00	2.446261e+00
16.85         	-2.446758e+00	4.820430e-01	-1.829175e-02	-2.455904e+00	2.437612e+00
16.9          	-2.433929e+00	4.820443e-01	-1.179591e-02	-2.439826e+00	2.428031e+00
16.95         	-2.421818e+00	4.823021e-01	-5.033015e-03	-2.424335e+00	2.419302e+00
17            	-2.409542e+00	4.824904e-01	1.627350e-03	-2.408728e+00	2.410356e+00
17.05         	-2.396664e+00	4.826193e-01	8.429173e-03	-2.392450e+00	2.400879e+00
17.1          	-2.383579e+00	4.827203e-01	1.526754e-02	-2.375945e+00	2.391213e+00
17.15         	-2.370894e+00	4.828847e-01	2.205380e-02	-2.359868e+00	2.381921e+00
17.2          	-2.358371e+00	4.830729e-01	2.880624e-02	-2.343967e+00	2.372774e+00
17.25         	-2.346114e+00	4.833056e-01	3.552085e-02	-2.328354e+00	2.363875e+00
17.3          	-2.334214e+00	4.835242e-01	4.202768e-02	-2.313200e+00	2.355227e+00
17.35         	-2.323298e+00	4.838741e-01	4.834597e-02	-2.299125e+00	2.347471e+00
17.4          	-2.312309e+00	4.841649e-01	5.455539e-02	-2.285031e+00	2.339586e+00
17.45         	-2.302051e+00	4.845216e-01	6.055433e-02	-2.271774e+00	2.332328e+00
17.5          	-2.293583e+00	4.851046e-01	6.620196e-02	-2.260482e+00	2.326684e+00
17.55         	-2.284396e+00	4.854718e-01	7.167209e-02	-2.248560e+00	2.320232e+00
17.6          	-2.276289e+00	4.859350e-01	7.683058e-02	-2.237874e+00	2.314705e+00
17.65         	-2.268620e+00	4.863887e-01	8.173758e-02	-2.227751e+00	2.309489e+00
17.7          	-2.262560e+00	4.869862e-01	8.619766e-02	-2.219461e+00	2.305659e+00
17.75         	-2.258144e+00	4.876266e-01	8.993742e-02	-2.213175e+00	2.303112e+00
17.8          	-2.253583e+00	4.882861e-01	9.375750e-02	-2.206704e+00	2.300462e+00
17.85         	-2.250351e+00	4.888952e-01	9.680279e-02	-2.201949e+00	2.298752e+00
17.9          	-2.248941e+00	4.896296e-01	9.924837e-02	-2.199317e+00	2.298565e+00
17.95         	-2.247414e+00	4.903344e-01	1.016517e-01	-2.196588e+00	2.298240e+00
18            	-2.248319e+00	4.911752e-01	1.031766e-01	-2.196731e+00	2.299907e+00
18.05         	-2.249016e+00	4.919732e-01	1.046752e-01	-2.196679e+00	2.301354e+00
18.1          	-2.250921e+00	4.925229e-01	1.049591e-01	-2.198442e+00	2.303401e+00
18.15         	-2.255459e+00	4.936507e-01	1.053695e-01	-2.202774e+00	2.308144e+00
18.2          	-2.259622e+00	4.943270e-01	1.048264e-01	-2.207209e+00	2.312035e+00
18.25         	-2.266050e+00	4.953136e-01	1.039123e-01	-2.214094e+00	2.318006e+00
18.3          	-2.272409e+00	4.958741e-01	1.019590e-01	-2.221429e+00	2.323388e+00
18.35         	-2.280069e+00	4.967581e-01	1.001712e-01	-2.229983e+00	2.330154e+00
18.4          	-2.287594e+00	4.973769e-01	9.777740e-02	-2.238706e+00	2.336483e+00
18.45         	-2.296542e+00	4.979089e-01	9.445152e-02	-2.249317e+00	2.343768e+00
18.5          	-2.307176e+00	4.986113e-01	9.070968e-02	-2.261821e+00	2.352531e+00
18.55         	-2.317959e+00	4.990838e-01	8.631050e-02	-2.274803e+00	2.361114e+00
18.6          	-2.329972e+00	4.996648e-01	8.157052e-02	-2.289187e+00	2.370758e+00
18.65         	-2.342112e+00	5.000718e-01	7.633705e-02	-2.303944e+00	2.380281e+00
18.7          	-2.355918e+00	5.005123e-01	7.034938e-02	-2.320744e+00	2.391093e+00
18.75         	-2.368617e+00	5.008301e-01	6.461211e-02	-2.336311e+00	2.400923e+00
18.8          	-2.382633e+00	5.010520e-01	5.797720e-02	-2.353645e+00	2.411622e+00
18.85         	-2.397291e+00	5.012817e-01	5.104624e-02	-2.371768e+00	2.422814e+00
18.9          	-2.412832e+00	5.014661e-01	4.356347e-02	-2.391050e+00	2.434613e+00
18.95         	-2.428496e+00	5.015693e-01	3.582168e-02	-2.410586e+00	2.446407e+00
19            	-2.444772e+00	5.016613e-01	2.775341e-02	-2.430895e+00	2.458648e+00
19.05         	-2.461472e+00	5.017311e-01	1.942486e-02	-2.451760e+00	2.471185e+00
19.1          	-2.478596e+00	5.016847e-01	1.058790e-02	-2.473302e+00	2.483890e+00
19.15         	-2.496056e+00	5.016762e-01	1.702985e-03	-2.495205e+00	2.496907e+00
19.2          	-2.513839e+00	5.016138e-01	-7.473774e-03	-2.517576e+00	2.510102e+00
19.25         	-2.531434e+00	5.014667e-01	-1.675989e-02	-2.539814e+00	2.523054e+00
19.3          	-2.549422e+00	5.014196e-01	-2.597689e-02	-2.562411e+00	2.536434e+00
19.35         	-2.569309e+00	5.015379e-01	-3.571423e-02	-2.587166e+00	2.551452e+00
19.4          	-2.587904e+00	5.014547e-01	-4.530431e-02	-2.610556e+00	2.565252e+00
19.45         	-2.607450e+00	5.015693e-01	-5.486644e-02	-2.634883e+00	2.580016e+00
19.5          	-2.626158e+00	5.015478e-01	-6.433102e-02	-2.658323e+00	2.593992e+00
19.55         	-2.645697e+00	5.016823e-01	-7.380739e-02	-2.682601e+00	2.608794e+00
19.6          	-2.661652e+00	5.013990e-01	-8.254549e-02	-2.702925e+00	2.620379e+00
19.65         	-2.680716e+00	5.015415e-01	-9.173755e-02	-2.726585e+00	2.634847e+00
19.7          	-2.698882e+00	5.018016e-01	-1.001857e-01	-2.748975e+00	2.648790e+00
19.75         	-2.718124e+00	5.019986e-01	-1.092892e-01	-2.772769e+00	2.663480e+00
19.8          	-2.735509e+00	5.022388e-01	-1.173669e-01	-2.794193e+00	2.676826e+00
19.85         	-2.754151e+00	5.027721e-01	-1.252959e-01	-2.816799e+00	2.691503e+00
19.9          	-2.770673e+00	5.030006e-01	-1.329284e-01	-2.837137e+00	2.704209e+00
19.95         	-2.786618e+00	5.034267e-01	-1.397722e-01	-2.856504e+00	2.716732e+00
20            	-2.801182e+00	5.036398e-01	-1.464533e-01	-2.874409e+00	2.727956e+00
20.05         	-2.815830e+00	5.043634e-01	-1.518854e-01	-2.891773e+00	2.739887e+00
20.1          	-2.829410e+00	5.048577e-01	-1.573572e-01	-2.908089e+00	2.750731e+00
20.15         	-2.843243e+00	5.056031e-01	-1.623010e-01	-2.924394e+00	2.762093e+00
20.2          	-2.852602e+00	5.060339e-01	-1.657960e-01	-2.935500e+00	2.769704e+00
20.25         	-2.863190e+00	5.066549e-01	-1.694012e-01	-2.947891e+00	2.778490e+00
20.3          	-2.872717e+00	5.073007e-01	-1.724083e-01	-2.958921e+00	2.786513e+00
20.35         	-2.881153e+00	5.080757e-01	-1.745387e-01	-2.968423e+00	2.793884e+00
20.4          	-2.886748e+00	5.084317e-01	-1.762754e-01	-2.974886e+00	2.798611e+00
20.45         	-2.893235e+00	5.095614e-01	-1.765457e-01	-2.981508e+00	2.804963e+00
20.5          	-2.896369e+00	5.101179e-01	-1.765179e-01	-2.984628e+00	2.808110e+00
20.55         	-2.897329e+00	5.107566e-01	-1.752027e-01	-2.984930e+00	2.809728e+00
20.6          	-2.899675e+00	5.115981e-01	-1.741056e-01	-2.986728e+00	2.812622e+00
20.65         	-2.899531e+00	5.122113e-01	-1.722804e-01	-2.985671e+00	2.813390e+00
20.7          	-2.897817e+00	5.126306e-01	-1.701700e-01	-2.982902e+00	2.812732e+00
20.75         	-2.892802e+00	5.130859e-01	-1.663021e-01	-2.975953e+00	2.809651e+00
20.8          	-2.887451e+00	5.135610e-01	-1.622180e-01	-2.968560e+00	2.806342e+00
20.85         	-2.880200e+00	5.138348e-01	-1.576837e-01	-2.959042e+00	2.801359e+00
20.9          	-2.871260e+00	5.141120e-01	-1.522935e-01	-2.947407e+00	2.795113e+00
20.95         	-2.860706e+00	5.142601e-01	-1.464211e-01	-2.933917e+00	2.787496e+00
21            	-2.848673e+00	5.143520e-01	-1.399466e-01	-2.918646e+00	2.778699e+00
21.05         	-2.836113e+00	5.145175e-01	-1.330241e-01	-2.902625e+00	2.769601e+00
21.1          	-2.820313e+00	5.143002e-01	-1.254463e-01	-2.883036e+00	2.757590e+00
21.15         	-2.803534e+00	5.141711e-01	-1.171556e-01	-2.862112e+00	2.744956e+00
21.2          	-2.785166e+00	5.138806e-01	-1.084862e-01	-2.839409e+00	2.730923e+00
21.25         	-2.767393e+00	5.138169e-01	-9.954429e-02	-2.817165e+00	2.717621e+00
21.3          	-2.746803e+00	5.134587e-01	-8.994067e-02	-2.791773e+00	2.701833e+00
21.35         	-2.725891e+00	5.131187e-01	-8.014078e-02	-2.765962e+00	2.685821e+00
21.4          	-2.703367e+00	5.126314e-01	-6.991214e-02	-2.738323e+00	2.668411e+00
21.45         	-2.680448e+00	5.122804e-01	-5.915430e-02	-2.710025e+00	2.650870e+00
21.5          	-2.656901e+00	5.118277e-01	-4.835031e-02	-2.681076e+00	2.632726e+00
21.55         	-2.631708e+00	5.111385e-01	-3.732153e-02	-2.650368e+00	2.613047e+00
21.6          	-2.606716e+00	5.107081e-01	-2.575796e-02	-2.619595e+00	2.593837e+00
21.65         	-2.581073e+00	5.100392e-01	-1.448367e-02	-2.588315e+00	2.573831e+00
21.7          	-2.556340e+00	5.095383e-01	-3.253409e-03	-2.557967e+00	2.554713e+00
21.75         	-2.530709e+00	5.089676e-01	8.231563e-03	-2.526593e+00	2.534825e+00
21.8          	-2.506405e+00	5.086480e-01	1.966670e-02	-2.496572e+00	2.516239e+00
21.85         	-2.481865e+00	5.082436e-01	3.099487e-02	-2.466367e+00	2.497362e+00
21.9          	-2.457941e+00	5.079770e-01	4.233810e-02	-2.436772e+00	2.479110e+00
21.95         	-2.434776e+00	5.077319e-01	5.334721e-02	-2.408103e+00	2.461450e+00
22            	-2.413146e+00	5.077227e-01	6.415751e-02	-2.381068e+00	2.445225e+00
22.05         	-2.390599e+00	5.073946e-01	7.460305e-02	-2.353297e+00	2.427900e+00
22.1          	-2.371495e+00	5.075769e-01	8.460487e-02	-2.329192e+00	2.413797e+00
22.15         	-2.352797e+00	5.077276e-01	9.429816e-02	-2.305648e+00	2.399946e+00
22.2          	-2.335749e+00	5.080243e-01	1.035244e-01	-2.283987e+00	2.387511e+00
22.25         	-2.319691e+00	5.083107e-01	1.122168e-01	-2.263583e+00	2.375800e+00
22.3          	-2.305004e+00	5.086235e-01	1.202782e-01	-2.244865e+00	2.365143e+00
22.35         	-2.292354e+00	5.091348e-01	1.278045e-01	-2.228451e+00	2.356256e+00
22.4          	-2.281462e+00	5.097926e-01	1.347948e-01	-2.214065e+00	2.348859e+00
22.45         	-2.271219e+00	5.103563e-01	1.411943e-01	-2.200622e+00	2.341817e+00
22.5          	-2.265385e+00	5.110858e-01	1.458413e-01	-2.192465e+00	2.338306e+00
22.55         	-2.261193e+00	5.120566e-01	1.502422e-01	-2.186072e+00	2.336315e+00
22.6          	-2.256097e+00	5.126466e-01	1.541114e-01	-2.179042e+00	2.333153e+00
22.65         	-2.252473e+00	5.132377e-01	1.572369e-01	-2.173854e+00	2.331091e+00
22.7          	-2.252231e+00	5.143356e-01	1.599330e-01	-2.172265e+00	2.332198e+00
22.75         	-2.252912e+00	5.150243e-01	1.611117e-01	-2.172356e+00	2.333467e+00
22.8          	-2.256344e+00	5.160471e-01	1.617647e-01	-2.175462e+00	2.337227e+00
22.85         	-2.261345e+00	5.170778e-01	1.616383e-01	-2.180525e+00	2.342164e+00
22.9          	-2.267647e+00	5.177944e-01	1.600564e-01	-2.187619e+00	2.347675e+00
22.95         	-2.273434e+00	5.184600e-01	1.585996e-01	-2.194134e+00	2.352734e+00
23            	-2.282207e+00	5.193538e-01	1.562132e-01	-2.204101e+00	2.360314e+00
23.05         	-2.290441e+00	5.200072e-01	1.534817e-01	-2.213700e+00	2.367182e+00
23.1          	-2.301758e+00	5.205021e-01	1.488126e-01	-2.227351e+00	2.376164e+00
23.15         	-2.314238e+00	5.211203e-01	1.438689e-01	-2.242303e+00	2.386172e+00
23.2          	-2.326583e+00	5.214458e-01	1.382492e-01	-2.257459e+00	2.395708e+00
23.25         	-2.340669e+00	5.217384e-01	1.316727e-01	-2.274833e+00	2.406506e+00
23.3          	-2.355581e+00	5.220487e-01	1.247189e-01	-2.293222e+00	2.417941e+00
23.35         	-2.371157e+00	5.221014e-01	1.168006e-01	-2.312757e+00	2.429557e+00
23.4          	-2.388462e+00	5.222282e-01	1.082003e-01	-2.334362e+00	2.442563e+00
23.45         	-2.403733e+00	5.220818e-01	9.994432e-02	-2.353761e+00	2.453705e+00
23.5          	-2.421647e+00	5.220202e-01	9.058127e-02	-2.376356e+00	2.466937e+00
23.55         	-2.440337e+00	5.218054e-01	8.044964e-02	-2.400112e+00	2.480561e+00
23.6          	-2.459213e+00	5.215384e-01	7.010019e-02	-2.424163e+00	2.494263e+00
23.65         	-2.479557e+00	5.212931e-01	5.909929e-02	-2.450007e+00	2.509107e+00
23.7          	-2.499953e+00	5.208154e-01	4.748554e-02	-2.476210e+00	2.523696e+00
23.75         	-2.520141e+00	5.202863e-01	3.586098e-02	-2.502210e+00	2.538071e+00
23.8          	-2.541964e+00	5.198641e-01	2.369923e-02	-2.530114e+00	2.553813e+00
23.85         	-2.564444e+00	5.193786e-01	1.105596e-02	-2.558916e+00	2.569972e+00
23.9          	-2.586534e+00	5.188719e-01	-1.430628e-03	-2.587249e+00	2.585818e+00
23.95         	-2.611386e+00	5.185784e-01	-1.473629e-02	-2.618754e+00	2.604018e+00
24            	-2.634760e+00	5.181857e-01	-2.754212e-02	-2.648531e+00	2.620989e+00
24.05         	-2.657183e+00	5.175840e-01	-4.038843e-02	-2.677378e+00	2.636989e+00
24.1          	-2.681825e+00	5.173739e-01	-5.333119e-02	-2.708491e+00	2.655160e+00
24.15         	-2.706952e+00	5.172028e-01	-6.641844e-02	-2.740161e+00	2.673742e+00
24.2          	-2.731210e+00	5.170167e-01	-7.909663e-02	-2.770758e+00	2.691661e+00
24.25         	-2.754343e+00	5.167265e-01	-9.143596e-02	-2.800061e+00	2.708625e+00
24.3          	-2.778665e+00	5.166617e-01	-1.037938e-01	-2.830562e+00	2.726768e+00
24.35         	-2.803409e+00	5.169084e-01	-1.155608e-01	-2.861190e+00	2.745629e+00
24.4          	-2.825691e+00	5.167348e-01	-1.271644e-01	-2.889273e+00	2.762109e+00
24.45         	-2.847642e+00	5.169180e-01	-1.376813e-01	-2.916483e+00	2.778802e+00
24.5          	-2.871838e+00	5.172728e-01	-1.488423e-01	-2.946259e+00	2.797417e+00
24.55         	-2.894531e+00	5.176001e-01	-1.593091e-01	-2.974186e+00	2.814876e+00
24.6          	-2.916262e+00	5.179312e-01	-1.692426e-01	-3.000883e+00	2.831641e+00
24.65         	-2.934988e+00	5.185484e-01	-1.770081e-01	-3.023492e+00	2.846483e+00
24.7          	-2.953196e+00	5.189315e-01	-1.850840e-01	-3.045738e+00	2.860654e+00
24.75         	-2.970769e+00	5.195689e-01	-1.922037e-01	-3.066871e+00	2.874667e+00
24.8          	-2.987984e+00	5.203194e-01	-1.988252e-01	-3.087397e+00	2.888571e+00
24.85         	-3.002570e+00	5.209670e-01	-2.043596e-01	-3.104750e+00	2.900390e+00
24.9          	-3.014385e+00	5.216621e-01	-2.083977e-01	-3.118584e+00	2.910186e+00
24.95         	-3.027041e+00	5.224602e-01	-2.125589e-01	-3.133321e+00	2.920762e+00
25            	-3.037085e+00	5.231085e-01	-2.157973e-01	-3.144984e+00	2.929186e+00
25.05         	-3.048415e+00	5.243696e-01	-2.181467e-01	-3.157488e+00	2.939341e+00
25.1          	-3.051523e+00	5.247321e-01	-2.185963e-01	-3.160821e+00	2.942225e+00
25.15         	-3.057722e+00	5.256551e-01	-2.191770e-01	-3.167311e+00	2.948134e+00
25.2          	-3.061303e+00	5.263637e-01	-2.189629e-01	-3.170785e+00	2.951822e+00
25.25         	-3.062345e+00	5.271304e-01	-2.173619e-01	-3.171025e+00	2.953664e+00
25.3          	-3.063513e+00	5.281223e-01	-2.152154e-01	-3.171120e+00	2.955905e+00
25.35         	-3.058982e+00	5.285277e-01	-2.116927e-01	-3.164828e+00	2.953136e+00
25.4          	-3.054584e+00	5.292931e-01	-2.072978e-01	-3.158233e+00	2.950936e+00
25.45         	-3.047307e+00	5.292689e-01	-2.034599e-01	-3.149037e+00	2.945577e+00
25.5          	-3.036307e+00	5.294269e-01	-1.972964e-01	-3.134955e+00	2.937659e+00
25.55         	-3.025070e+00	5.294877e-01	-1.912481e-01	-3.120694e+00	2.929446e+00
25.6          	-3.011565e+00	5.295412e-01	-1.840784e-01	-3.103604e+00	2.919526e+00
25.65         	-2.996203e+00	5.294343e-01	-1.763777e-01	-3.084392e+00	2.908014e+00
25.7          	-2.978833e+00	5.292761e-01	-1.678044e-01	-3.062735e+00	2.894930e+00
25.75         	-2.960092e+00	5.290160e-01	-1.588076e-01	-3.039496e+00	2.880689e+00
25.8          	-2.938857e+00	5.285861e-01	-1.489806e-01	-3.013347e+00	2.864366e+00
25.85         	-2.917531e+00	5.282314e-01	-1.389296e-01	-2.986996e+00	2.848066e+00
25.9          	-2.893192e+00	5.276542e-01	-1.279427e-01	-2.957163e+00	2.829220e+00
25.95         	-2.867839e+00	5.270315e-01	-1.165560e-01	-2.926117e+00	2.809560e+00
26            	-2.840335e+00	5.262733e-01	-1.044549e-01	-2.892563e+00	2.788108e+00
26.05         	-2.812178e+00	5.254282e-01	-9.225488e-02	-2.858305e+00	2.766050e+00
26.1          	-2.783094e+00	5.248006e-01	-7.905140e-02	-2.822620e+00	2.743569e+00
26.15         	-2.753750e+00	5.240737e-01	-6.599058e-02	-2.786745e+00	2.720755e+00
26.2          	-2.723405e+00	5.234357e-01	-5.221288e-02	-2.749511e+00	2.697298e+00
26.25         	-2.693702e+00	5.227776e-01	-3.882334e-02	-2.713114e+00	2.674291e+00
26.3          	-2.662354e+00	5.218830e-01	-2.522079e-02	-2.674964e+00	2.649743e+00
26.35         	-2.630139e+00	5.210265e-01	-1.110761e-02	-2.635693e+00	2.624586e+00
26.4          	-2.598618e+00	5.202991e-01	2.964781e-03	-2.597136e+00	2.600101e+00
26.45         	-2.568052e+00	5.196569e-01	1.675467e-02	-2.559674e+00	2.576429e+00
26.5          	-2.536842e+00	5.187973e-01	3.029767e-02	-2.521693e+00	2.551991e+00
26.55         	-2.508494e+00	5.185334e-01	4.388992e-02	-2.486549e+00	2.530439e+00
26.6          	-2.480377e+00	5.182424e-01	5.726349e-02	-2.451745e+00	2.509009e+00
26.65         	-2.453124e+00	5.179974e-01	7.031747e-02	-2.417965e+00	2.488282e+00
26.7          	-2.425881e+00	5.177619e-01	8.336677e-02	-2.384197e+00	2.467564e+00
26.75         	-2.403050e+00	5.179223e-01	9.518245e-02	-2.355458e+00	2.450641e+00
26.8          	-2.378767e+00	5.177570e-01	1.068657e-01	-2.325334e+00	2.432200e+00
26.85         	-2.358214e+00	5.180976e-01	1.179701e-01	-2.299229e+00	2.417199e+00
26.9          	-2.338611e+00	5.185024e-01	1.287384e-01	-2.274241e+00	2.402980e+00
26.95         	-2.320802e+00	5.188186e-01	1.383613e-01	-2.251621e+00	2.389982e+00
27            	-2.305190e+00	5.191511e-01	1.469391e-01	-2.231721e+00	2.378660e+00
27.05         	-2.291643e+00	5.198274e-01	1.552770e-01	-2.214004e+00	2.369281e+00
27.1          	-2.280772e+00	5.208442e-01	1.631575e-01	-2.199193e+00	2.362351e+00
27.15         	-2.273331e+00	5.215322e-01	1.685030e-01	-2.189080e+00	2.357583e+00
27.2          	-2.264508e+00	5.223404e-01	1.747645e-01	-2.177126e+00	2.351891e+00
27.25         	-2.261746e+00	5.233584e-01	1.785817e-01	-2.172456e+00	2.351037e+00
27.3          	-2.256170e+00	5.240334e-01	1.828701e-01	-2.164735e+00	2.347605e+00
27.35         	-2.256108e+00	5.251042e-01	1.854165e-01	-2.163400e+00	2.348817e+00
27.4          	-2.256451e+00	5.257708e-01	1.867332e-01	-2.163085e+00	2.349818e+00
27.45         	-2.257785e+00	5.269054e-01	1.886584e-01	-2.163456e+00	2.352114e+00
27.5          	-2.264804e+00	5.279887e-01	1.876413e-01	-2.170983e+00	2.358624e+00
27.55         	-2.270261e+00	5.289465e-01	1.870752e-01	-2.176723e+00	2.363798e+00
27.6          	-2.278892e+00	5.296168e-01	1.841952e-01	-2.186795e+00	2.370990e+00
27.65         	-2.286481e+00	5.304444e-01	1.822118e-01	-2.195376e+00	2.377587e+00
27.7          	-2.296382e+00	5.310243e-01	1.784351e-01	-2.207164e+00	2.385600e+00
27.75         	-2.307780e+00	5.316581e-01	1.740409e-01	-2.220760e+00	2.394801e+00
27.8          	-2.319391e+00	5.317383e-01	1.681547e-01	-2.235314e+00	2.403469e+00
27.85         	-2.333783e+00	5.322395e-01	1.619108e-01	-2.252827e+00	2.414738e+00
27.9          	-2.347322e+00	5.324305e-01	1.553195e-01	-2.269662e+00	2.424981e+00
27.95         	-2.363740e+00	5.325380e-01	1.470729e-01	-2.290203e+00	2.437276e+00
28            	-2.379686e+00	5.323274e-01	1.382708e-01	-2.310550e+00	2.448821e+00
28.05         	-2.397199e+00	5.321795e-01	1.288424e-01	-2.332778e+00	2.461621e+00
28.1          	-2.415102e+00	5.320721e-01	1.193316e-01	-2.355436e+00	2.474768e+00
28.15         	-2.434088e+00	5.316423e-01	1.084687e-01	-2.379854e+00	2.488322e+00
28.2          	-2.453531e+00	5.313228e-01	9.766720e-02	-2.404697e+00	2.502365e+00
28.25         	-2.473301e+00	5.307696e-01	8.612863e-02	-2.430237e+00	2.516366e+00
28.3          	-2.495550e+00	5.302824e-01	7.351709e-02	-2.458792e+00	2.532309e+00
28.35         	-2.517700e+00	5.297315e-01	6.081467e-02	-2.487293e+00	2.548108e+00
28.4          	-2.539409e+00	5.289824e-01	4.785935e-02	-2.515479e+00	2.563339e+00
28.45         	-2.563488e+00	5.283739e-01	3.406959e-02	-2.546453e+00	2.580523e+00
28.5          	-2.586227e+00	5.275916e-01	2.054509e-02	-2.575955e+00	2.596500e+00
28.55         	-2.612956e+00	5.271275e-01	5.816821e-03	-2.610048e+00	2.615864e+00
28.6          	-2.638203e+00	5.265467e-01	-8.432459e-03	-2.642419e+00	2.633987e+00
28.65         	-2.663295e+00	5.259117e-01	-2.273738e-02	-2.674664e+00	2.651927e+00
28.7          	-2.687701e+00	5.252077e-01	-3.683908e-02	-2.706121e+00	2.669282e+00
28.75         	-2.715827e+00	5.248991e-01	-5.178942e-02	-2.741722e+00	2.689933e+00
28.8          	-2.742287e+00	5.245098e-01	-6.609704e-02	-2.775335e+00	2.709238e+00
28.85         	-2.770329e+00	5.242989e-01	-8.072854e-02	-2.810694e+00	2.729965e+00
28.9          	-2.794054e+00	5.237158e-01	-9.413630e-02	-2.841123e+00	2.746986e+00
28.95         	-2.820416e+00	5.236444e-01	-1.075406e-01	-2.874186e+00	2.766646e+00
29            	-2.847194e+00	5.237067e-01	-1.207935e-01	-2.907591e+00	2.786798e+00
29.05         	-2.873117e+00	5.237870e-01	-1.335680e-01	-2.939901e+00	2.806333e+00
29.1          	-2.897209e+00	5.238124e-01	-1.455587e-01	-2.969988e+00	2.824429e+00
29.15         	-2.923098e+00	5.241399e-01	-1.576414e-01	-3.001919e+00	2.844277e+00
29.2          	-2.945855e+00	5.243356e-01	-1.684937e-01	-3.030102e+00	2.861608e+00
29.25         	-2.969617e+00	5.246393e-01	-1.795269e-01	-3.059380e+00	2.879854e+00
29.3          	-2.991080e+00	5.251249e-01	-1.889500e-01	-3.085555e+00	2.896605e+00
29.35         	-3.011374e+00	5.259071e-01	-1.971062e-01	-3.109928e+00	2.912821e+00
29.4          	-3.031242e+00	5.268237e-01	-2.046448e-01	-3.133564e+00	2.928919e+00
29.45         	-3.046411e+00	5.269506e-01	-2.118428e-01	-3.152333e+00	2.940490e+00
29.5          	-3.062218e+00	5.275703e-01	-2.180417e-01	-3.171239e+00	2.953197e+00
29.55         	-3.078392e+00	5.283990e-01	-2.239011e-01	-3.190342e+00	2.966441e+00
29.6          	-3.088104e+00	5.290895e-01	-2.268986e-01	-3.201553e+00	2.974654e+00
29.65         	-3.098001e+00	5.296450e-01	-2.302738e-01	-3.213138e+00	2.982865e+00
29.7          	-3.109284e+00	5.308051e-01	-2.328370e-01	-3.225703e+00	2.992866e+00
29.75         	-3.113510e+00	5.314119e-01	-2.332375e-01	-3.230129e+00	2.996891e+00
29.8          	-3.120704e+00	5.324513e-01	-2.340239e-01	-3.237716e+00	3.003692e+00
29.85         	-3.121708e+00	5.327971e-01	-2.334325e-01	-3.238425e+00	3.004992e+00
29.9          	-3.120542e+00	5.335427e-01	-2.307543e-01	-3.235920e+00	3.005165e+00
29.95         	-3.124228e+00	5.343145e-01	-2.304160e-01	-3.239436e+00	3.009020e+00
30            	-3.120797e+00	5.350798e-01	-2.265142e-01	-3.234054e+00	3.007540e+00
30.05         	-3.113826e+00	5.354027e-01	-2.219333e-01	-3.224792e+00	3.002859e+00
30.1          	-3.104588e+00	5.354282e-01	-2.169750e-01	-3.213075e+00	2.996100e+00
30.15         	-3.092274e+00	5.354708e-01	-2.104136e-01	-3.197481e+00	2.987067e+00
30.2          	-3.080515e+00	5.354379e-01	-2.043209e-01	-3.182676e+00	2.978355e+00
30.25         	-3.065604e+00	5.353334e-01	-1.968207e-01	-3.164015e+00	2.967194e+00
30.3          	-3.048533e+00	5.351292e-01	-1.884879e-01	-3.142777e+00	2.954289e+00
30.35         	-3.029623e+00	5.348011e-01	-1.795451e-01	-3.119395e+00	2.939850e+00
30.4          	-3.008905e+00	5.344232e-01	-1.698235e-01	-3.093817e+00	2.923994e+00
30.45         	-2.986415e+00	5.339447e-01	-1.594705e-01	-3.066151e+00	2.906680e+00
30.5          	-2.961892e+00	5.333597e-01	-1.483764e-01	-3.036081e+00	2.887704e+00
30.55         	-2.937091e+00	5.327730e-01	-1.371555e-01	-3.005669e+00	2.868513e+00
30.6          	-2.909677e+00	5.320416e-01	-1.250043e-01	-2.972179e+00	2.847175e+00
30.65         	-2.879829e+00	5.310049e-01	-1.123977e-01	-2.936028e+00	2.823630e+00
30.7          	-2.850090e+00	5.301967e-01	-9.929700e-02	-2.899738e+00	2.800441e+00
30.75         	-2.818604e+00	5.293640e-01	-8.539582e-02	-2.861302e+00	2.775906e+00
30.8          	-2.786965e+00	5.285768e-01	-7.130787e-02	-2.822619e+00	2.751311e+00
30.85         	-2.754304e+00	5.276609e-01	-5.705433e-02	-2.782831e+00	2.725777e+00
30.9          	-2.721837e+00	5.268026e-01	-4.276992e-02	-2.743222e+00	2.700452e+00
30.95         	-2.688669e+00	5.258564e-01	-2.837816e-02	-2.702858e+00	2.674480e+00
31            	-2.655235e+00	5.250189e-01	-1.359352e-02	-2.662031e+00	2.648438e+00
31.05         	-2.621689e+00	5.242113e-01	1.300453e-03	-2.621039e+00	2.622340e+00
31.1          	-2.588877e+00	5.234616e-01	1.595775e-02	-2.580898e+00	2.596856e+00
31.15         	-2.556304e+00	5.227029e-01	3.044556e-02	-2.541081e+00	2.571526e+00
31.2          	-2.525335e+00	5.221158e-01	4.454821e-02	-2.503061e+00	2.547609e+00
31.25         	-2.495585e+00	5.218468e-01	5.879834e-02	-2.466186e+00	2.524984e+00
31.3          	-2.466432e+00	5.214793e-01	7.249803e-02	-2.430183e+00	2.502681e+00
31.35         	-2.439310e+00	5.213972e-01	8.586885e-02	-2.396376e+00	2.482245e+00
31.4          	-2.412068e+00	5.211933e-01	9.899821e-02	-2.362569e+00	2.461567e+00
31.45         	-2.390096e+00	5.215477e-01	1.108284e-01	-2.334682e+00	2.445510e+00
31.5          	-2.366186e+00	5.215931e-01	1.228656e-01	-2.304753e+00	2.427619e+00
31.55         	-2.345798e+00	5.216785e-01	1.332338e-01	-2.279181e+00	2.412415e+00
31.6          	-2.327204e+00	5.221671e-01	1.436864e-01	-2.255360e+00	2.399047e+00
31.65         	-2.310694e+00	5.224827e-01	1.526695e-01	-2.234360e+00	2.387029e+00
31.7          	-2.295636e+00	5.229354e-01	1.612176e-01	-2.215027e+00	2.376245e+00
31.75         	-2.284089e+00	5.240223e-01	1.696018e-01	-2.199288e+00	2.368890e+00
31.8          	-2.273248e+00	5.246069e-01	1.763753e-01	-2.185060e+00	2.361435e+00
31.85         	-2.267052e+00	5.255748e-01	1.817338e-01	-2.176185e+00	2.357919e+00
31.9          	-2.263985e+00	5.266072e-01	1.857405e-01	-2.171115e+00	2.356856e+00
31.95         	-2.258263e+00	5.272672e-01	1.900660e-01	-2.163230e+00	2.353296e+00
32            	-2.257903e+00	5.283483e-01	1.927860e-01	-2.161510e+00	2.354296e+00
32.05         	-2.260193e+00	5.294095e-01	1.940972e-01	-2.163145e+00	2.357242e+00
32.1          	-2.259593e+00	5.300633e-01	1.957971e-01	-2.161694e+00	2.357491e+00
32.15         	-2.264712e+00	5.310482e-01	1.954862e-01	-2.166969e+00	2.362455e+00
32.2          	-2.271044e+00	5.320008e-01	1.944603e-01	-2.173813e+00	2.368274e+00
32.25         	-2.280397e+00	5.327225e-01	1.913437e-01	-2.184726e+00	2.376069e+00
32.3          	-2.287780e+00	5.335230e-01	1.893855e-01	-2.193087e+00	2.382473e+00
32.35         	-2.296525e+00	5.340049e-01	1.859328e-01	-2.203558e+00	2.389491e+00
32.4          	-2.309254e+00	5.345797e-01	1.807204e-01	-2.218894e+00	2.399615e+00
32.45         	-2.321871e+00	5.348665e-01	1.748314e-01	-2.234455e+00	2.409287e+00
32.5          	-2.334776e+00	5.350967e-01	1.686445e-01	-2.250454e+00	2.419098e+00
32.55         	-2.348943e+00	5.352272e-01	1.615796e-01	-2.268153e+00	2.429732e+00
32.6          	-2.364974e+00	5.352324e-01	1.532631e-01	-2.288342e+00	2.441605e+00
32.65         	-2.380652e+00	5.349088e-01	1.443022e-01	-2.308501e+00	2.452803e+00
32.7          	-2.398439e+00	5.347431e-01	1.346797e-01	-2.331100e+00	2.465779e+00
32.75         	-2.417191e+00	5.346005e-01	1.246447e-01	-2.354869e+00	2.479514e+00
32.8          	-2.436088e+00	5.341369e-01	1.137324e-01	-2.379221e+00	2.492954e+00
32.85         	-2.455925e+00	5.337289e-01	1.025014e-01	-2.404675e+00	2.507176e+00
32.9          	-2.475754e+00	5.330845e-01	9.069389e-02	-2.430407e+00	2.521101e+00
32.95         	-2.498443e+00	5.325910e-01	7.784138e-02	-2.459522e+00	2.537363e+00
33            	-2.520555e+00	5.318687e-01	6.472095e-02	-2.488194e+00	2.552915e+00
33.05         	-2.543967e+00	5.312420e-01	5.119641e-02	-2.518369e+00	2.569565e+00
33.1          	-2.567213e+00	5.304568e-01	3.738910e-02	-2.548519e+00	2.585908e+00
33.15         	-2.591485e+00	5.297178e-01	2.319431e-02	-2.579888e+00	2.603082e+00
33.2          	-2.618657e+00	5.290897e-01	7.828226e-03	-2.614743e+00	2.622571e+00
33.25         	-2.644295e+00	5.285279e-01	-6.578985e-03	-2.647584e+00	2.641005e+00
33.3          	-2.669580e+00	5.277996e-01	-2.121732e-02	-2.680188e+00	2.658971e+00
33.35         	-2.696210e+00	5.272467e-01	-3.604989e-02	-2.714235e+00	2.678185e+00
33.4          	-2.723379e+00	5.267248e-01	-5.107001e-02	-2.748914e+00	2.697844e+00
33.45         	-2.750228e+00	5.262477e-01	-6.579365e-02	-2.783125e+00	2.717331e+00
33.5          	-2.778796e+00	5.260139e-01	-8.075040e-02	-2.819171e+00	2.738420e+00
33.55         	-2.803137e+00	5.253989e-01	-9.454675e-02	-2.850410e+00	2.755864e+00
33.6          	-2.830231e+00	5.253613e-01	-1.082367e-01	-2.884349e+00	2.776112e+00
33.65         	-2.856815e+00	5.253094e-01	-1.216980e-01	-2.917664e+00	2.795966e+00
33.7          	-2.884271e+00	5.255025e-01	-1.349450e-01	-2.951743e+00	2.816798e+00
33.75         	-2.908895e+00	5.254747e-01	-1.473318e-01	-2.982561e+00	2.835229e+00
33.8          	-2.935305e+00	5.257876e-01	-1.597145e-01	-3.015162e+00	2.855447e+00
33.85         	-2.958738e+00	5.260118e-01	-1.708362e-01	-3.044156e+00	2.873320e+00
33.9          	-2.981342e+00	5.261862e-01	-1.816315e-01	-3.072157e+00	2.890526e+00
33.95         	-3.006034e+00	5.269438e-01	-1.919716e-01	-3.102020e+00	2.910048e+00
34            	-3.023891e+00	5.272763e-01	-2.000318e-01	-3.123907e+00	2.923875e+00
34.05         	-3.044870e+00	5.281904e-01	-2.081544e-01	-3.148947e+00	2.940793e+00
34.1          	-3.062012e+00	5.287854e-01	-2.151711e-01	-3.169598e+00	2.954427e+00
34.15         	-3.076229e+00	5.290386e-01	-2.214940e-01	-3.186976e+00	2.965482e+00
34.2          	-3.093529e+00	5.300831e-01	-2.273672e-01	-3.207213e+00	2.979845e+00
34.25         	-3.103992e+00	5.307492e-01	-2.307954e-01	-3.219389e+00	2.988594e+00
34.3          	-3.114131e+00	5.313422e-01	-2.342092e-01	-3.231236e+00	2.997027e+00
34.35         	-3.124268e+00	5.323159e-01	-2.366557e-01	-3.242596e+00	3.005940e+00
34.4          	-3.128799e+00	5.329717e-01	-2.370882e-01	-3.247343e+00	3.010255e+00
34.45         	-3.136041e+00	5.340381e-01	-2.378169e-01	-3.254950e+00	3.017133e+00
34.5          	-3.138153e+00	5.345198e-01	-2.374486e-01	-3.256877e+00	3.019429e+00
34.55         	-3.136698e+00	5.352402e-01	-2.346928e-01	-3.254044e+00	3.019352e+00
34.6          	-3.137475e+00	5.356589e-01	-2.337671e-01	-3.254359e+00	3.020592e+00
34.65         	-3.136098e+00	5.367076e-01	-2.301872e-01	-3.251192e+00	3.021004e+00
34.7          	-3.129501e+00	5.370187e-01	-2.258182e-01	-3.242410e+00	3.016591e+00
34.75         	-3.120015e+00	5.369931e-01	-2.208621e-01	-3.230446e+00	3.009584e+00
34.8          	-3.108733e+00	5.368655e-01	-2.152428e-01	-3.216355e+00	3.001112e+00
34.85         	-3.094334e+00	5.367561e-01	-2.080070e-01	-3.198337e+00	2.990330e+00
34.9          	-3.080308e+00	5.368509e-01	-2.004467e-01	-3.180532e+00	2.980085e+00
34.95         	-3.062579e+00	5.365548e-01	-1.920095e-01	-3.158584e+00	2.966575e+00
35            	-3.043584e+00	5.362537e-01	-1.829514e-01	-3.135060e+00	2.952108e+00
35.05         	-3.022489e+00	5.358023e-01	-1.732236e-01	-3.109101e+00	2.935877e+00
35.1          	-2.998237e+00	5.351153e-01	-1.624992e-01	-3.079486e+00	2.916987e+00
35.15         	-2.974718e+00	5.347126e-01	-1.514423e-01	-3.050439e+00	2.898997e+00
35.2          	-2.949302e+00	5.340350e-01	-1.401379e-01	-3.019371e+00	2.879233e+00
35.25         	-2.920989e+00	5.332299e-01	-1.277105e-01	-2.984844e+00	2.857134e+00
35.3          	-2.890697e+00	5.322024e-01	-1.148603e-01	-2.948127e+00	2.833267e+00
35.35         	-2.860630e+00	5.313812e-01	-1.016196e-01	-2.911440e+00	2.809821e+00
35.4          	-2.828942e+00	5.305792e-01	-8.752891e-02	-2.872707e+00	2.785178e+00
35.45         	-2.796908e+00	5.297644e-01	-7.330785e-02	-2.833562e+00	2.760254e+00
35.5          	-2.763454e+00	5.287718e-01	-5.884586e-02	-2.792877e+00	2.734031e+00
35.55         	-2.730105e+00	5.278076e-01	-4.438837e-02	-2.752299e+00	2.707911e+00
35.6          	-2.696641e+00	5.268839e-01	-2.978405e-02	-2.711533e+00	2.681749e+00
35.65         	-2.663985e+00	5.262950e-01	-1.476519e-02	-2.671368e+00	2.656603e+00
35.7          	-2.628631e+00	5.252699e-01	4.961972e-04	-2.628383e+00	2.628879e+00
35.75         	-2.595179e+00	5.244907e-01	1.539621e-02	-2.587481e+00	2.602877e+00
35.8          	-2.562180e+00	5.236278e-01	2.984446e-02	-2.547258e+00	2.577103e+00
35.85         	-2.530366e+00	5.230346e-01	4.434832e-02	-2.508191e+00	2.552540e+00
35.9          	-2.500643e+00	5.227585e-01	5.857835e-02	-2.471354e+00	2.529932e+00
35.95         	-2.470873e+00	5.223728e-01	7.254355e-02	-2.434602e+00	2.507145e+00
36            	-2.443230e+00	5.222538e-01	8.609150e-02	-2.400184e+00	2.486275e+00
36.05         	-2.415430e+00	5.219660e-01	9.929605e-02	-2.365782e+00	2.465078e+00
36.1          	-2.393478e+00	5.224436e-01	1.114183e-01	-2.337769e+00	2.449188e+00
36.15         	-2.369080e+00	5.222696e-01	1.231495e-01	-2.307506e+00	2.430655e+00
36.2          	-2.348348e+00	5.225497e-01	1.341778e-01	-2.281259e+00	2.415437e+00
36.25         	-2.329406e+00	5.229966e-01	1.447040e-01	-2.257054e+00	2.401758e+00
36.3          	-2.312671e+00	5.233369e-01	1.538608e-01	-2.235741e+00	2.389601e+00
36.35         	-2.297606e+00	5.239246e-01	1.627498e-01	-2.216231e+00	2.378981e+00
36.4          	-2.285474e+00	5.248566e-01	1.710413e-01	-2.199954e+00	2.370995e+00
36.45         	-2.273328e+00	5.255411e-01	1.786963e-01	-2.183980e+00	2.362676e+00
36.5          	-2.267390e+00	5.263790e-01	1.836102e-01	-2.175585e+00	2.359195e+00
36.55         	-2.264788e+00	5.274378e-01	1.874634e-01	-2.171057e+00	2.358520e+00
36.6          	-2.258663e+00	5.280815e-01	1.919483e-01	-2.162689e+00	2.354637e+00
36.65         	-2.258262e+00	5.291409e-01	1.946353e-01	-2.160945e+00	2.355580e+00
36.7          	-2.260396e+00	5.302649e-01	1.961814e-01	-2.162305e+00	2.358486e+00
36.75         	-2.259769e+00	5.308458e-01	1.977144e-01	-2.160911e+00	2.358626e+00
36.8          	-2.264806e+00	5.318379e-01	1.974618e-01	-2.166075e+00	2.363537e+00
36.85         	-2.271300e+00	5.328292e-01	1.964523e-01	-2.173074e+00	2.369526e+00
36.9          	-2.281393e+00	5.336307e-01	1.931595e-01	-2.184813e+00	2.377973e+00
36.95         	-2.287303e+00	5.342052e-01	1.913736e-01	-2.191616e+00	2.382990e+00
37            	-2.295691e+00	5.347493e-01	1.882527e-01	-2.201565e+00	2.389817e+00
37.05         	-2.309093e+00	5.353567e-01	1.827875e-01	-2.217699e+00	2.400487e+00
37.1          	-2.322502e+00	5.357313e-01	1.767154e-01	-2.234144e+00	2.410859e+00
37.15         	-2.334537e+00	5.358366e-01	1.706541e-01	-2.249210e+00	2.419864e+00
37.2          	-2.348815e+00	5.359752e-01	1.635492e-01	-2.267040e+00	2.430589e+00
37.25         	-2.364898e+00	5.359812e-01	1.552059e-01	-2.287295e+00	2.442501e+00
37.3          	-2.380786e+00	5.357118e-01	1.462744e-01	-2.307649e+00	2.453923e+00
37.35         	-2.397525e+00	5.353479e-01	1.366792e-01	-2.329185e+00	2.465864e+00
37.4          	-2.416424e+00	5.352941e-01	1.267866e-01	-2.353031e+00	2.479817e+00
37.45         	-2.436375e+00	5.348877e-01	1.154867e-01	-2.378632e+00	2.494119e+00
37.5          	-2.455769e+00	5.343923e-01	1.042569e-01	-2.403641e+00	2.507898e+00
37.55         	-2.476655e+00	5.338730e-01	9.222653e-02	-2.430542e+00	2.522769e+00
37.6          	-2.498322e+00	5.332147e-01	7.947105e-02	-2.458587e+00	2.538058e+00
37.65         	-2.521071e+00	5.325793e-01	6.624709e-02	-2.487947e+00	2.554194e+00
37.7          	-2.544202e+00	5.318296e-01	5.254963e-02	-2.517927e+00	2.570477e+00
37.75         	-2.567292e+00	5.309919e-01	3.869076e-02	-2.547947e+00	2.586638e+00
37.8          	-2.591883e+00	5.303089e-01	2.447264e-02	-2.579647e+00	2.604119e+00
37.85         	-2.619077e+00	5.296676e-01	9.057870e-03	-2.614548e+00	2.623606e+00
37.9          	-2.645412e+00	5.291314e-01	-5.641203e-03	-2.648233e+00	2.642592e+00
37.95         	-2.670579e+00	5.283738e-01	-2.028641e-02	-2.680722e+00	2.660435e+00
38            	-2.697836e+00	5.278828e-01	-3.527584e-02	-2.715474e+00	2.680198e+00
38.05         	-2.724465e+00	5.272393e-01	-5.034305e-02	-2.749636e+00	2.699293e+00
38.1          	-2.751474e+00	5.267585e-01	-6.515400e-02	-2.784051e+00	2.718897e+00
38.15         	-2.779646e+00	5.264175e-01	-8.018355e-02	-2.819738e+00	2.739554e+00
38.2          	-2.804634e+00	5.258988e-01	-9.406376e-02	-2.851666e+00	2.757602e+00
38.25         	-2.831948e+00	5.258002e-01	-1.080169e-01	-2.885956e+00	2.777939e+00
38.3          	-2.858300e+00	5.256654e-01	-1.215676e-01	-2.919084e+00	2.797516e+00
38.35         	-2.885762e+00	5.259570e-01	-1.345768e-01	-2.953050e+00	2.818474e+00
38.4          	-2.911229e+00	5.259452e-01	-1.473460e-01	-2.984902e+00	2.837556e+00
38.45         	-2.937790e+00	5.262520e-01	-1.598177e-01	-3.017699e+00	2.857881e+00
38.5          	-2.961260e+00	5.264555e-01	-1.710131e-01	-3.046767e+00	2.875754e+00
38.55         	-2.982888e+00	5.266128e-01	-1.813769e-01	-3.073576e+00	2.892200e+00
38.6          	-3.008962e+00	5.274052e-01	-1.923144e-01	-3.105119e+00	2.912805e+00
38.65         	-3.026584e+00	5.276049e-01	-2.005784e-01	-3.126874e+00	2.926295e+00
38.7          	-3.047869e+00	5.285796e-01	-2.087117e-01	-3.152225e+00	2.943513e+00
38.75         	-3.065193e+00	5.291829e-01	-2.157980e-01	-3.173092e+00	2.957294e+00
38.8          	-3.079717e+00	5.294656e-01	-2.221985e-01	-3.190816e+00	2.968618e+00
38.85         	-3.096843e+00	5.304864e-01	-2.280487e-01	-3.210867e+00	2.982818e+00
38.9          	-3.107427e+00	5.311369e-01	-2.315787e-01	-3.223217e+00	2.991638e+00
38.95         	-3.117553e+00	5.317148e-01	-2.350214e-01	-3.235064e+00	3.000043e+00
39            	-3.128038e+00	5.327252e-01	-2.375530e-01	-3.246814e+00	3.009261e+00
39.05         	-3.132265e+00	5.333034e-01	-2.380250e-01	-3.251278e+00	3.013253e+00
39.1          	-3.140297e+00	5.345374e-01	-2.387218e-01	-3.259658e+00	3.020937e+00
39.15         	-3.142172e+00	5.349242e-01	-2.384849e-01	-3.261414e+00	3.022929e+00
39.2          	-3.141046e+00	5.356614e-01	-2.358493e-01	-3.258971e+00	3.023121e+00
39.25         	-3.142030e+00	5.361078e-01	-2.349572e-01	-3.259509e+00	3.024552e+00
39.3          	-3.140502e+00	5.371815e-01	-2.312381e-01	-3.256121e+00	3.024883e+00
39.35         	-3.133639e+00	5.374295e-01	-2.268905e-01	-3.247084e+00	3.020194e+00
39.4          	-3.124180e+00	5.373915e-01	-2.219795e-01	-3.235169e+00	3.013190e+00
39.45         	-3.113512e+00	5.372940e-01	-2.165987e-01	-3.221811e+00	3.005212e+00
39.5          	-3.098462e+00	5.371522e-01	-2.091102e-01	-3.203017e+00	2.993907e+00
39.55         	-3.084813e+00	5.372739e-01	-2.016720e-01	-3.185649e+00	2.983977e+00
39.6          	-3.066600e+00	5.368890e-01	-1.932121e-01	-3.163206e+00	2.969994e+00
39.65         	-3.047762e+00	5.366258e-01	-1.841363e-01	-3.139831e+00	2.955694e+00
39.7          	-3.026600e+00	5.361483e-01	-1.744402e-01	-3.113820e+00	2.939380e+00
39.75         	-3.002865e+00	5.355597e-01	-1.637241e-01	-3.084727e+00	2.921003e+00
39.8          	-2.978924e+00	5.351027e-01	-1.525889e-01	-3.055218e+00	2.902629e+00
39.85         	-2.953599e+00	5.344156e-01	-1.413534e-01	-3.024276e+00	2.882923e+00
39.9          	-2.925088e+00	5.335958e-01	-1.288620e-01	-2.989519e+00	2.860657e+00
39.95         	-2.894519e+00	5.325410e-01	-1.159420e-01	-2.952490e+00	2.836548e+00
40            	-2.864464e+00	5.317344e-01	-1.026655e-01	-2.915797e+00	2.813131e+00
