/*--------------------------------*- C++ -*----------------------------------*\
  =========                 |
  \\      /  F ield         | OpenFOAM: The Open Source CFD Toolbox
   \\    /   O peration     | Website:  https://openfoam.org
    \\  /    A nd           | Version:  10
     \\/     M anipulation  |
\*---------------------------------------------------------------------------*/
FoamFile
{
    format      ascii;
    class       volScalarField;
    location    "21.5";
    object      p;
}
// * * * * * * * * * * * * * * * * * * * * * * * * * * * * * * * * * * * * * //

dimensions      [0 2 -2 0 0 0 0];

internalField   nonuniform List<scalar> 
6397
(
5.26803
5.1907
-3.41934
-3.82806
-4.98479
-4.71391
8.44204
5.5424
-7.8346
-5.64152
2.93454
-0.97358
-0.244587
-0.185462
-0.244369
-20.3331
-18.0439
-18.8284
11.9612
12.1554
11.3149
-3.75034
-4.67199
-3.6086
-0.135573
-0.0983696
-0.050495
-1.74404
-2.03234
-1.63554
-1.63703
-2.79614
-2.83349
-3.98217
-0.228897
-0.51842
-1.4738
-1.65728
1.02533
1.17165
0.662904
0.432737
-1.65302
-4.69287
-3.96672
-4.21822
-5.22138
-4.66824
1.55233
1.52283
1.56769
1.46658
1.51308
3.39546
2.68239
3.74989
3.78113
2.46613
-3.73914
-3.93242
-3.35545
-2.8613
-2.38781
-2.01814
-1.8104
-1.76282
-1.85521
-2.10241
-4.80524
-3.71785
-4.65972
-4.55583
-4.01018
-3.33942
-2.68111
-2.14031
-1.78014
-1.5888
-1.54296
-1.61694
-4.20127
-3.35405
-2.52225
-1.8217
-3.55575
-2.88436
-3.10255
-2.12289
-2.85637
-2.42485
-3.73449
-2.4871
-2.23428
-1.72862
-4.23775
-2.76503
-3.05666
-1.59038
-2.26081
-4.72352
-3.93409
-5.36145
-5.26189
-4.33471
-5.02689
-2.69561
-3.49738
-1.54674
-2.02642
-1.08683
-1.24828
-1.07682
-1.03621
-1.37092
-1.20775
-1.50529
-4.0388
-5.75006
-5.00946
-2.4786
-3.15147
-1.77714
-2.02928
-1.72936
-1.67567
-2.20619
-1.91665
-2.72499
-2.49867
-2.6713
-2.74233
-2.1281
-2.41368
-1.70038
-1.85686
-1.33804
-1.53829
-1.06673
-1.54021
-2.85819
-7.06948
-5.992
-7.41868
-1.49281
-0.525662
-0.516155
-1.66886
-1.34513
-0.735903
-1.90601
-4.40047
-2.97763
-2.07486
-4.82785
-3.9549
-5.49035
-5.40516
-4.29899
-5.095
-2.433
-3.34274
-1.13833
-1.68864
-0.548032
-0.77471
-0.394348
-0.427837
-0.463565
-0.420699
-0.503868
-4.80942
-6.06407
-2.72015
-3.63636
-1.65233
-2.07678
-1.31403
-1.41379
-1.46634
-1.35779
-1.71476
-1.63091
-1.65333
-1.74305
-1.38391
-1.52666
-1.34268
-1.31357
-1.47422
-1.02871
-1.37325
-0.281468
-0.644366
-6.94422
-5.63858
-2.7445
0.214896
0.203977
-0.495389
-1.37022
-7.86752
-5.89158
-6.54766
-1.71891
-2.21298
0.0641443
0.0731236
0.421391
-2.13589
-1.67538
-4.17065
-1.00235
-0.398312
-2.66182
-1.74659
-4.51235
-3.6302
-5.14697
-5.07822
-3.95115
-4.74587
-2.03176
-2.97866
-0.684403
-1.26053
-0.0433458
-0.297322
0.178473
0.0986576
0.22379
0.206943
0.221315
-7.97432
-8.41483
-5.25388
-6.76275
-2.74967
-3.85602
-1.42152
-1.96736
-0.862015
-1.0723
-0.762778
-0.773429
-0.820609
-0.79623
-0.778407
-0.816474
-0.724581
-0.739728
-1.00568
-0.817525
-1.29437
-0.801747
-1.25784
-0.343959
0.185304
-4.8667
-2.46738
-4.98174
-4.65485
-0.502589
-1.25306
0.316836
0.676342
-1.87351
-2.56715
-1.59104
-2.27374
0.392607
0.713593
0.12134
-0.0102701
-0.582105
-2.68784
-3.67399
-0.593325
-0.0300227
-2.13335
-1.28986
-3.85025
-3.04435
-4.40484
-4.35509
-3.26733
-3.99406
-1.51239
-2.37996
-0.247221
-0.790664
0.385112
0.132037
0.631459
0.539853
0.709671
0.681964
0.725161
0.722654
0.691623
0.722215
0.489285
0.617159
-8.10122
-4.94583
-6.69246
-8.18417
-8.6751
-5.21136
-6.85628
-2.52173
-3.71432
-1.0671
-1.66927
-0.388777
-0.659656
-0.136003
-0.22743
-0.0529006
-0.0854037
-0.0224333
-0.0341613
-0.143997
-0.0473008
-0.625325
-0.326394
-1.04067
-0.653641
-1.23158
-0.130791
-3.59612
-3.35196
-0.233747
0.297313
-3.9777
-2.14982
0.953019
-3.23957
-1.38487
-2.19978
-3.55051
-1.22028
-2.15695
-2.57033
-0.779863
-0.564949
0.0221602
-3.03026
-3.09256
0.679685
1.16207
0.956955
-0.163364
0.320735
-1.48644
-0.757696
-2.94021
-2.24893
-3.40109
-3.36712
-2.39268
-3.02822
-0.894205
-1.63075
0.187545
-0.281431
0.743455
0.516655
0.976055
0.884568
1.06146
1.02958
1.09944
1.08307
1.05824
1.08862
0.887373
0.99103
0.485091
0.727
-4.43232
-1.61065
-2.85062
-7.47206
-6.11009
-7.54081
-8.03357
-4.66075
-6.25595
-2.05602
-3.20746
-0.631006
-1.22595
0.0799996
-0.213753
0.402199
0.274473
0.554349
0.489627
0.58803
0.587233
0.395359
0.527361
-0.210526
0.15324
-0.719544
-1.36493
-0.763485
-0.387282
0.16067
-3.74111
-3.1082
-3.6813
-4.32275
-2.04017
-2.86254
-0.543617
-1.24002
0.513619
0.039089
1.15187
0.882999
1.3304
-3.18816
-1.92103
-2.73857
-1.33322
-1.89601
-1.12028
-0.219994
-0.866316
-1.03761
-0.258117
-0.978749
1.31299
1.43896
-2.61435
0.919836
1.14554
0.240406
0.625477
-0.817417
-0.245398
-1.91537
-1.3977
-2.25698
-2.19542
-1.48496
-1.97842
-0.290282
-0.877998
0.579176
0.200247
1.02712
0.842513
1.22165
1.14076
1.30318
1.26914
1.33895
1.32482
1.32364
1.33992
1.19578
1.27652
0.903992
1.07336
0.407001
0.690865
-0.919878
0.418083
-0.120694
-3.41781
-2.0375
-6.05839
-4.87748
-6.19923
-6.58537
-3.69486
-5.07125
-1.43993
-2.43889
-0.170959
-0.707256
0.497999
0.216503
0.832208
0.693782
1.00754
0.929765
1.05737
1.0541
0.839447
0.991744
0.204771
0.580102
-1.07614
-0.347356
-2.95805
-1.9575
-3.90469
-4.01927
-5.24196
-4.77873
-2.12799
-3.09034
-0.440218
-1.22063
0.672773
0.187839
1.28649
1.03182
0.125614
0.765985
-0.831929
0.0225155
1.52936
1.44234
-2.65012
-1.87478
-2.24407
-1.62236
-1.49736
-1.65275
-0.576554
-1.73307
0.96737
0.332503
-1.82083
-0.471277
-1.61961
1.39622
1.04054
1.45255
-1.0082
0.420737
0.197257
1.56068
1.57634
1.57838
-2.34959
1.40863
1.48842
1.09795
1.26995
0.573344
0.86569
-0.189953
0.220023
-0.969321
-0.602478
-1.20117
-1.17432
-0.653426
-1.00347
0.220672
-0.215233
0.881985
0.591205
1.22803
1.08448
1.38147
1.31527
1.46394
1.42294
1.53358
1.49723
1.55119
1.55454
1.43524
1.50867
1.18998
1.32781
0.8362
1.02424
0.643052
0.952261
1.23853
-0.155299
0.505016
-2.15902
-1.0705
-4.26658
-3.32327
-4.42902
-4.68908
-2.51205
-3.57877
-0.742473
-1.52865
0.269827
-0.162783
0.843718
0.595195
1.15255
1.02218
1.32695
1.24763
1.39087
1.37809
1.18875
1.33119
0.565797
0.935954
-0.692514
0.0216626
-2.55985
-1.56924
-3.49093
-5.55866
-5.5486
-4.24929
-5.07272
-2.17473
-3.22743
-0.359721
-1.19694
0.804269
0.308049
1.38948
1.15598
1.5143
-2.39332
-2.03986
-2.02615
-2.12165
-1.30847
-2.44709
-0.433122
-2.76553
0.426825
-2.9364
1.44211
1.02372
-2.5241
0.0468898
-1.40283
1.77048
1.42798
1.73459
0.124384
0.98503
1.14607
1.60267
1.59717
1.54729
1.56093
-2.32581
1.45036
1.51409
1.21835
1.34668
0.845241
1.04903
0.331476
0.598025
-0.1753
0.0524189
-0.334409
-0.324923
0.0220216
-0.214036
0.613514
0.310974
1.09015
0.87522
1.35445
1.24293
1.48054
1.42505
1.56596
1.52168
1.63484
1.60243
1.62632
1.64443
1.51946
1.5812
1.37957
1.44643
1.22576
1.30647
1.01325
1.11827
0.95027
1.683
1.73789
1.34886
1.56657
0.506416
0.999939
-0.931372
-0.152972
-2.37534
-1.72223
-2.57349
-2.70425
-1.30397
-2.0282
-0.0533165
-0.616615
0.684147
0.366395
1.12529
0.92814
1.38753
1.27475
1.53888
1.4711
1.6047
1.59247
1.43665
1.56017
0.876563
1.21507
-0.255706
0.390196
-1.90865
-1.04605
-2.76406
-4.97108
-3.98099
-5.52969
-5.52029
-4.23584
-5.05773
-2.16043
-3.21221
-0.328188
-1.17787
0.868767
0.357981
1.44351
1.22399
1.5234
-2.38561
-2.43401
-2.02004
-2.90928
-1.28995
-3.58275
-0.407296
-4.16898
0.437166
-4.19052
0.97857
-3.22924
1.67669
1.39214
-1.3969
1.46226
0.537412
1.53762
-2.53769
1.528
1.5096
1.54324
1.45453
1.51107
1.28695
1.38398
1.03371
1.17285
0.706497
0.869627
0.428587
0.539214
0.319514
0.330916
0.507323
0.37055
0.889043
0.687135
1.22155
1.06988
1.42142
1.33726
1.53112
1.48411
1.60831
1.57323
1.65729
1.6395
1.65421
1.66223
1.62373
1.641
1.56632
1.59978
1.46468
1.51847
1.39627
1.41465
1.51554
1.43395
1.86796
1.65591
1.88185
1.77501
1.84477
1.85801
1.89312
1.62778
1.77878
1.03683
1.38215
0.145778
0.60412
-0.682017
-0.2937
-0.930349
-0.934714
-0.249036
-0.661671
0.537197
0.171148
1.04463
0.823493
1.35955
1.21693
1.56421
1.47546
1.67811
1.63054
1.72782
1.72094
1.59796
1.70031
1.13207
1.4211
0.209052
0.73464
-1.17187
-0.447514
-2.42531
-1.8817
-2.72359
-4.56922
-2.56292
-3.71147
-5.05561
-5.02434
-3.933
-4.66403
-2.03977
-3.00847
-0.316572
-1.1222
0.854352
0.345691
1.42036
1.2073
1.57779
1.52684
1.52501
1.56646
1.58106
1.68163
1.84573
2.11792
-2.61017
-3.10353
-1.73607
-2.21
-4.06293
1.4774
1.46136
1.45001
-1.41173
-5.09701
-0.447735
-5.70639
0.410789
-5.13232
0.937244
-3.21478
1.31954
-0.796791
1.56954
1.44757
1.20682
2.19617
2.3175
-3.00431
1.48715
1.49741
1.43378
1.47323
1.32419
1.38366
1.15903
1.24309
0.955416
1.05496
0.779325
0.859027
0.74091
0.750324
0.827979
0.766808
1.05444
0.931235
1.29433
1.18376
1.45695
1.38821
1.56127
1.51543
1.64723
1.60707
1.71012
1.68289
1.73344
1.72945
1.69893
1.72434
1.62528
1.662
1.58651
1.59919
1.60766
1.58114
1.7589
1.66672
2.02605
1.88684
2.25589
2.15989
1.90875
1.73148
1.83489
1.99579
1.96331
1.97879
1.99481
1.82147
1.92556
1.42906
1.65195
0.983564
1.19032
0.564312
0.786815
0.266068
0.350347
0.554964
0.350397
1.00924
0.791039
1.33519
1.19114
1.54554
1.45072
1.69167
1.6282
1.7697
1.74085
1.79442
1.79419
1.69414
1.77319
1.33392
1.5581
0.620458
1.02226
-0.432412
0.104662
-1.41798
-0.982496
-1.68459
-2.09111
-1.14742
-3.70983
-3.0293
-4.21183
-4.12655
-3.37538
-3.94311
-1.80686
-2.6216
-0.307028
-1.0172
0.768015
0.29221
1.34144
1.11526
1.52503
1.46592
1.53051
1.43767
1.60273
2.40454
2.29049
-3.08057
-4.11264
1.41475
1.38713
-2.57223
-5.55988
-1.59381
-6.7443
-0.44995
-6.80488
0.397067
-5.15301
0.889667
-2.33201
1.18257
0.252702
1.2672
1.88575
1.47059
1.30048
2.42654
1.64522
1.5562
1.34179
0.145592
2.40818
2.25886
-3.7584
1.43798
1.44914
1.41134
1.43763
1.34597
1.3854
1.23618
1.29163
1.1037
1.16398
1.00985
1.04676
0.986847
0.991705
1.02551
0.998323
1.15665
1.08182
1.33
1.24585
1.46658
1.40639
1.56073
1.51797
1.63494
1.60221
1.68443
1.66634
1.70194
1.69713
1.70514
1.70465
1.7037
1.70497
1.69871
1.70155
1.71644
1.69863
1.83654
1.76169
2.03249
1.92619
2.15034
2.11154
2.08834
2.14177
1.82075
1.73155
1.96847
1.90603
2.04078
2.01526
2.04458
2.05522
1.94483
2.00824
1.72713
1.84396
1.55498
1.62583
1.33606
1.47097
1.06849
1.17126
1.12032
1.05497
1.328
1.2205
1.52926
1.43413
1.68019
1.61271
1.78305
1.73966
1.83025
1.81737
1.82982
1.83941
1.74277
1.80547
1.47797
1.64153
0.947261
1.24277
0.178421
0.570287
-0.531542
-0.225038
-0.789186
-0.715911
-0.705231
-1.30829
-0.554102
-2.6142
-2.01407
-3.19244
-3.03332
-2.68219
-3.06131
-1.53025
-2.1418
-0.324869
-0.909781
0.616263
0.190913
1.1771
0.94397
1.39526
1.32124
1.39777
1.42361
1.35588
1.37459
-3.76368
-5.4332
1.99117
2.17635
1.30188
1.26654
1.25008
1.93492
1.83135
-2.97964
-7.12968
-1.70646
-7.9206
-0.409305
-6.82397
0.402974
-4.02613
0.762566
-0.974754
0.99261
1.28885
1.06394
2.36615
1.44699
1.60159
1.53597
1.32672
1.16328
2.53746
1.207
1.21042
0.242023
1.15452
-4.78027
1.36435
1.32472
1.40009
1.37828
1.38504
1.39479
1.33685
1.36384
1.26583
1.30143
1.19271
1.22653
1.14393
1.16462
1.12966
1.13322
1.15056
1.13729
1.22965
1.18391
1.35349
1.29141
1.46748
1.41471
1.55671
1.51488
1.63413
1.59653
1.68553
1.66279
1.71281
1.70276
1.71265
1.71648
1.701
1.70494
1.71937
1.70578
1.77735
1.74276
1.87236
1.82187
1.98293
1.92648
2.02972
2.02146
2.00052
1.74195
1.67191
1.8894
1.81469
2.02104
1.96349
2.08583
2.06215
2.09007
2.09459
2.04416
2.07342
1.95613
2.00018
1.91063
1.92694
1.77759
1.86914
1.55704
1.65397
1.49998
1.49948
1.57408
1.53148
1.66899
1.62132
1.75665
1.71631
1.8244
1.79573
1.85706
1.85031
1.84739
1.85799
1.7609
1.81294
1.56481
1.68232
1.18515
1.39621
0.641818
0.922053
0.164695
0.366023
0.00294096
0.0162449
0.0553596
0.592944
0.932899
-0.44297
0.124224
-1.53859
-1.00976
-2.14841
-1.94097
-1.97716
-2.14632
-1.29145
-1.67852
-0.417018
-0.858471
0.364076
-0.000780871
0.916875
0.66813
1.22147
1.10235
1.32394
1.30088
1.26854
2.36822
1.12225
1.85335
1.69109
-4.48835
-6.79054
-3.2274
-8.22518
-1.61748
-7.96834
2.04887
-0.294939
-5.64805
0.322651
-2.46551
0.564363
0.259592
1.47742
1.65238
1.64266
1.44037
0.7747
2.03834
1.22926
0.857519
2.60359
1.07563
1.01837
2.55828
0.985722
1.33228
1.32294
1.66486
1.51709
1.40073
-5.8428
1.21956
1.06082
1.15703
1.2971
1.26302
1.33836
1.31584
1.34228
1.34394
1.32117
1.3362
1.28397
1.30561
1.24244
1.26269
1.21687
1.22706
1.21428
1.21298
1.23177
1.22095
1.28379
1.25377
1.37199
1.32618
1.46404
1.41951
1.54382
1.50535
1.60696
1.57782
1.6596
1.63705
1.69049
1.6769
1.70898
1.70146
1.71967
1.71468
1.7297
1.72459
1.76765
1.74159
1.84824
1.80594
1.91859
1.88701
1.91772
1.9304
1.80292
1.87572
1.56976
1.70067
1.30694
1.22741
1.41177
1.72706
1.68198
1.84325
1.78511
1.95614
1.89916
2.06017
2.01326
2.11323
2.09347
2.1287
2.12471
2.11818
2.12596
2.09955
2.10725
2.10145
2.10114
2.00669
2.07459
1.80446
1.91075
1.73272
1.75944
1.73955
1.72872
1.77868
1.75701
1.81837
1.79955
1.84817
1.83514
1.85902
1.85824
1.82136
1.84899
1.75607
1.79876
1.60412
1.69438
1.33324
1.48757
0.959213
1.15561
0.635749
0.779087
0.555681
0.554316
0.731008
0.620058
0.878126
1.01313
1.21013
0.313046
0.717664
-0.569128
-0.129961
-1.20507
-0.944283
-1.39174
-1.35209
-1.13066
-1.31072
-0.596777
-0.884349
0.0032254
-0.292195
0.527251
0.275888
0.926938
0.751362
1.14218
1.06105
1.12242
1.14589
1.05511
-4.96353
-7.71076
1.03383
1.18312
1.02024
-3.15872
-8.26954
2.28219
-1.35952
-6.7599
-0.257744
-3.8801
1.85245
1.65892
1.82224
1.87007
1.70152
0.0975947
-1.05741
1.4478
0.370605
1.18099
1.06844
1.41234
1.18317
0.528014
2.47394
0.971015
0.62221
2.70431
0.837195
1.02267
0.948355
0.93467
0.874979
1.24274
1.42072
0.851125
-6.55329
1.15043
1.09215
1.23682
1.19909
1.29014
1.26542
1.30669
1.30138
1.29794
1.30541
1.27892
1.28999
1.26304
1.27051
1.25614
1.25711
1.26148
1.25682
1.27899
1.2683
1.31873
1.29568
1.38544
1.35
1.46038
1.42328
1.53049
1.49612
1.59047
1.56182
1.63768
1.6164
1.66755
1.65436
1.6853
1.67786
1.70165
1.69256
1.72662
1.71334
1.7601
1.74217
1.80196
1.77997
1.83944
1.82434
1.81759
1.84161
1.69581
1.76998
1.47983
1.59775
1.34053
1.79092
1.79278
1.84123
1.81022
1.92005
1.87945
2.00297
1.96053
2.08532
2.04649
2.13649
2.11513
2.1553
2.14732
2.16364
2.15996
2.1745
2.16787
2.18568
2.18378
2.11529
2.16536
1.96784
2.045
1.87487
1.91497
1.83771
1.85013
1.83943
1.83419
1.85751
1.84676
1.86828
1.86331
1.85935
1.86573
1.81605
1.84246
1.74404
1.78641
1.61687
1.68885
1.41393
1.52479
1.15286
1.28671
0.933935
1.03753
0.886086
0.898674
1.01248
0.939134
1.11751
1.48573
1.47986
1.49172
1.35918
1.45603
0.881603
1.16938
0.204743
0.550809
-0.451736
-0.135895
-0.921777
-0.725872
-1.03664
-1.02039
-0.86215
-0.982271
-0.471634
-0.685838
0.0397888
-0.226689
0.546531
0.310755
0.870015
0.730952
0.928699
0.936034
0.902968
0.831973
0.861659
-4.8917
-7.72683
2.5297
-2.75885
-7.13498
1.92514
2.05634
2.11053
1.98
-1.12933
-4.85294
2.0973
1.76227
-0.403732
-2.17834
1.4954
-0.194299
0.0884165
0.804718
1.54777
1.19698
0.147689
1.8932
1.10908
0.885395
0.229113
2.76173
0.609674
0.340694
0.84168
1.46027
0.619659
0.70474
-6.52099
0.988289
0.835436
0.918265
1.0953
1.04372
1.18009
1.14074
1.23826
1.21291
1.26676
1.2547
1.27513
1.27339
1.27278
1.27572
1.27015
1.27133
1.27152
1.26906
1.28406
1.27621
1.30501
1.29274
1.33933
1.31965
1.39262
1.36408
1.45469
1.42356
1.51531
1.48542
1.56972
1.5435
1.6128
1.59274
1.64365
1.62965
1.66415
1.65512
1.68
1.6723
1.6983
1.68818
1.73025
1.71266
1.75919
1.74686
1.76622
1.76577
1.72942
1.75659
1.60941
1.67951
1.41445
1.51999
1.16134
1.29266
0.900245
1.02617
0.548208
0.672516
0.783308
1.95002
1.99913
1.90771
1.9182
1.93055
1.91412
1.98146
1.95382
2.04293
2.0112
2.10667
2.07556
2.14775
2.13058
2.17131
2.16077
2.18838
2.17986
2.20636
2.19683
2.21564
2.21485
2.15985
2.19847
2.04519
2.105
1.95141
1.99325
1.90452
1.92319
1.8856
1.89332
1.87711
1.88053
1.86718
1.87272
1.84526
1.85796
1.80117
1.82566
1.72829
1.76666
1.61602
1.6716
1.4539
1.53105
1.26271
1.35075
1.11164
1.17799
1.07069
1.08332
1.13942
1.10565
1.293
1.20611
1.38455
1.63739
1.6025
1.60062
1.64387
1.32715
1.49709
0.831494
1.10692
0.128733
0.495993
-0.538103
-0.225594
-1.01122
-0.80211
-1.20463
-1.1512
-1.04647
-1.16669
-0.578422
-0.84655
0.0443035
-0.262585
0.499615
0.297705
0.682832
0.6301
0.765892
0.723762
0.760398
0.774716
2.7866
-4.29618
-6.73348
0.744112
1.62603
2.15869
2.03234
-2.27908
-5.33152
0.561279
0.410872
2.39445
1.82473
-1.10814
-3.00408
0.407165
1.56064
-0.682133
-0.81323
0.522092
1.75465
1.23936
-0.523677
1.12526
0.770008
0.841145
-0.212883
2.4831
1.16016
0.375129
-0.0988235
3.04458
0.0328274
0.470543
0.58551
0.499405
2.21907
2.31889
-5.70569
0.818355
0.672397
0.748433
0.947909
0.887382
1.04935
1.00126
1.13226
1.09451
1.19322
1.16714
1.22848
1.21353
1.24632
1.23939
1.256
1.25207
1.26317
1.2601
1.2768
1.2699
1.29339
1.28405
1.31605
1.30307
1.3487
1.33036
1.39428
1.37003
1.44721
1.4206
1.49968
1.47388
1.54801
1.52474
1.58658
1.56859
1.61577
1.60225
1.63667
1.62716
1.65421
1.64572
1.67007
1.66223
1.68924
1.67896
1.70696
1.69939
1.70125
1.7083
1.65269
1.68343
1.53873
1.60464
1.36586
1.45883
1.15141
1.26218
0.940057
1.04168
0.761707
0.846798
0.67708
2.26246
2.40446
2.31655
2.16365
2.21599
2.05725
2.10695
2.00119
2.01947
2.00428
1.99751
2.03145
2.01471
2.07573
2.05157
2.1226
2.09957
2.15693
2.14157
2.17837
2.16805
2.19778
2.18817
2.2145
2.2067
2.21486
2.21876
2.16716
2.19778
2.08045
2.126
1.99868
2.03797
1.9405
1.96645
1.90485
1.92005
1.88404
1.89319
1.86389
1.87464
1.83271
1.85023
1.78364
1.81072
1.7093
1.74952
1.60477
1.65858
1.4685
1.53654
1.32102
1.39195
1.21204
1.25904
1.17875
1.18412
1.21787
1.18889
1.30906
1.25899
1.45365
1.37999
1.76802
1.70234
1.80513
1.80439
1.67428
1.77023
1.2773
1.51413
0.587505
0.959251
-0.238007
0.185255
-1.0546
-0.660913
-1.61572
-1.38452
-1.69723
-1.7234
-1.24996
-1.53269
-0.511652
-0.887761
0.0901098
-0.183042
0.446672
0.299147
0.64986
0.5581
0.684696
0.695681
0.670985
2.09901
-3.49008
-5.1864
0.422875
0.422421
0.461794
1.47167
0.599012
0.332877
2.76542
1.8826
-1.98757
-3.61453
0.240121
1.62842
-1.26949
-1.64319
0.247785
2.04128
1.2891
-1.08864
0.302014
0.422498
0.847561
-0.954557
2.11566
1.27732
0.71382
0.257874
-0.737877
2.99042
-0.226707
-0.466356
2.5431
2.35811
2.20205
-4.50979
0.789147
0.728034
0.909995
0.854297
1.00967
0.963588
1.09028
1.05323
1.15228
1.12454
1.1941
1.17561
1.22079
1.20906
1.23869
1.23023
1.2537
1.24596
1.27193
1.26208
1.29389
1.28218
1.31933
1.30566
1.35087
1.33387
1.391
1.36992
1.43701
1.41388
1.48332
1.46062
1.52598
1.50555
1.56088
1.54451
1.5877
1.57523
1.60745
1.59835
1.62328
1.61575
1.637
1.6303
1.6493
1.6435
1.65422
1.65322
1.63915
1.65009
1.58707
1.61873
1.48239
1.54159
1.32974
1.41106
1.15072
1.24184
0.979749
1.06294
0.821558
0.901118
0.664766
0.743959
0.341855
0.348002
0.54021
0.590418
2.34254
2.4875
2.39766
2.25259
2.29994
2.14539
2.19879
2.07736
2.10255
2.06472
2.06718
2.07358
2.06628
2.10264
2.0863
2.13522
2.11937
2.15799
2.14851
2.18023
2.17054
2.1968
2.18903
2.2067
2.20305
2.20078
2.20704
2.16114
2.18596
2.08985
2.12841
2.01305
2.04928
1.95602
1.98135
1.91722
1.93442
1.88686
1.90111
1.85653
1.87219
1.8182
1.839
1.76542
1.79347
1.6921
1.7304
1.59498
1.64562
1.47723
1.53916
1.35804
1.41983
1.27241
1.31301
1.24136
1.24836
1.26355
1.24136
1.32574
1.28562
1.42813
1.37454
1.68425
1.57411
1.8623
1.78223
1.95781
1.91887
1.94536
1.97718
1.64378
1.84144
0.959134
1.34432
-0.0375663
0.492583
-1.15647
-0.599066
-2.06303
-1.66082
-2.39877
-2.31949
-1.97927
-2.27765
-1.09302
-1.55791
-0.276412
-0.660104
0.278511
0.0392863
0.542936
0.440385
0.608024
0.591263
0.607683
0.327528
3.24499
1.94551
-2.85286
-3.77027
0.595819
2.61255
0.159195
1.69457
-1.95566
-2.44762
0.526037
0.346248
0.525325
0.0419393
2.64865
2.57533
2.42189
1.34802
-1.58484
-0.704836
0.0814289
0.908922
-1.66196
1.34433
1.44585
0.292507
0.314953
-1.54245
3.07676
0.769124
-0.362914
-1.42837
3.23406
0.195232
0.171997
-0.93671
0.157983
2.22076
2.048
-3.48235
0.763126
0.689806
0.878378
0.826434
0.974489
0.929342
1.05337
1.01621
1.1155
1.08648
1.16129
1.14004
1.19424
1.17889
1.21957
1.20734
1.24166
1.23052
1.26404
1.25248
1.28841
1.27584
1.31571
1.3015
1.34762
1.33104
1.38472
1.36563
1.42523
1.40501
1.46597
1.44593
1.50371
1.48569
1.53507
1.52027
1.55938
1.54813
1.57728
1.56895
1.59089
1.5846
1.60079
1.59626
1.60746
1.60461
1.60569
1.6083
1.58285
1.59746
1.53013
1.56079
1.43626
1.48865
1.30341
1.37341
1.15679
1.22991
1.01724
1.08546
0.876846
0.948547
0.743728
0.808351
0.639601
0.681465
2.75487
2.70983
2.79399
2.55648
2.66767
2.41215
2.47067
2.3217
2.3671
2.21566
2.26878
2.14121
2.17133
2.11483
2.12436
2.11006
2.10978
2.1246
2.11553
2.14559
2.13521
2.16226
2.15463
2.17696
2.17016
2.18816
2.18316
2.19278
2.19179
2.18247
2.19061
2.14428
2.16726
2.08324
2.11566
2.01827
2.04986
1.96345
1.98895
1.91915
1.93955
1.88201
1.8996
1.84578
1.86428
1.80302
1.82571
1.74807
1.77725
1.67661
1.71439
1.58718
1.63461
1.48526
1.53927
1.38655
1.43724
1.31347
1.34688
1.27985
1.2893
1.28607
1.27534
1.32833
1.30166
1.38708
1.35731
1.39714
1.39636
1.69157
1.46273
1.55846
1.9149
1.81084
2.09823
2.01031
2.1514
2.15596
1.88863
2.06607
1.21227
1.60597
0.0933712
0.700038
-1.27195
-0.57821
-2.48191
-1.92841
-3.03161
-2.86785
-2.64518
-2.94705
-1.62945
-2.17798
-0.57171
-1.07944
0.161312
-0.147806
0.453959
0.352015
0.526741
0.499273
0.531138
0.538825
0.52459
0.16865
1.76618
-2.55679
-2.86995
0.590605
0.638625
1.39552
-0.0616636
-0.055681
-0.0354587
2.85011
2.79721
3.16331
1.4238
-2.1357
-1.74686
-0.193326
1.0046
-2.17536
0.097387
1.67711
-0.0613474
-0.140529
0.460168
-2.40918
2.36977
0.182797
-0.361576
-2.34017
4.13718
0.763801
-1.50058
-2.24393
0.390636
2.0489
2.45703
2.31333
0.206031
1.87125
-2.89017
0.731193
0.660586
0.847992
0.795727
0.940791
0.896687
1.01921
0.982269
1.08237
1.05279
1.13147
1.1085
1.16906
1.15134
1.19961
1.18481
1.22663
1.21307
1.25332
1.23967
1.28072
1.26684
1.30923
1.29474
1.34045
1.32445
1.37519
1.35749
1.41203
1.39372
1.44827
1.43051
1.48143
1.46556
1.50921
1.49608
1.53097
1.52089
1.54668
1.53945
1.55781
1.55277
1.56435
1.56168
1.56586
1.56576
1.55874
1.56392
1.53267
1.54856
1.48104
1.5103
1.39739
1.44349
1.28334
1.34309
1.16139
1.22175
1.04346
1.10248
0.923991
0.98277
0.815554
0.86748
0.73879
0.768757
0.660096
0.752099
0.734225
0.545056
2.90829
2.88498
2.82592
2.94656
2.92873
2.61485
2.71379
2.47167
2.53373
2.37523
2.42235
2.2731
2.32452
2.19428
2.22819
2.15711
2.17188
2.14071
2.14687
2.14223
2.13935
2.15331
2.14774
2.16181
2.15791
2.17027
2.16615
2.17654
2.17411
2.17507
2.17731
2.15964
2.16972
2.12445
2.1447
2.07215
2.09979
2.01328
2.04213
1.95974
1.98501
1.91447
1.93589
1.87434
1.89403
1.83428
1.8548
1.78846
1.81226
1.73239
1.76169
1.66296
1.69958
1.58061
1.62434
1.49113
1.53811
1.40594
1.44858
1.34
1.36935
1.30235
1.31549
1.29583
1.29431
1.31584
1.3045
1.3426
1.3306
1.34159
1.34404
1.33228
1.46969
1.31769
1.39525
1.68661
1.56128
1.95627
1.82069
2.18525
2.07978
2.27882
2.25664
2.08777
2.23225
1.40306
1.81576
0.188067
0.851716
-1.35747
-0.564045
-2.80653
-2.13005
-3.53381
-3.29974
-3.15233
-3.47436
-1.99807
-2.62736
-0.760503
-1.35071
0.0544287
-0.279948
0.366927
0.258013
0.447772
0.418402
0.462647
0.461852
0.465765
0.462332
-0.05789
2.7277
2.1434
2.51155
2.62684
2.71622
1.85108
1.51752
-2.59137
-2.40309
-0.342749
1.08433
-2.62441
-1.26403
0.69956
0.785228
2.27179
-0.00398002
0.460642
0.297751
2.85496
2.96272
1.29762
1.24603
1.21875
0.467883
0.410416
0.414282
-0.495964
0.578976
-3.17597
0.739508
-0.341364
-0.342771
-0.389295
-0.270269
-3.53995
3.24211
0.87479
0.0702455
1.91043
2.34919
-1.803
-3.44607
4.76114
-3.02199
1.64501
-2.69488
0.584905
0.52557
0.705886
0.645108
0.818292
0.765575
0.909974
0.866286
0.987888
0.950822
1.05219
1.02183
1.10396
1.07942
1.14556
1.12573
1.18042
1.16358
1.21118
1.19596
1.24071
1.22583
1.27023
1.25532
1.30037
1.28518
1.33149
1.31578
1.36416
1.34773
1.39754
1.38096
1.43006
1.41414
1.45945
1.44529
1.484
1.47244
1.5029
1.49419
1.51632
1.51023
1.52487
1.52117
1.52826
1.52723
1.5262
1.52794
1.51483
1.52218
1.48699
1.50312
1.43868
1.46573
1.36442
1.40484
1.26791
1.31803
1.16653
1.21686
1.06483
1.11625
0.965059
1.01336
0.880085
0.920734
0.824464
0.845446
0.831992
0.819583
0.59307
3.03965
2.98726
3.01352
3.05751
3.05908
3.06793
3.06202
2.66339
2.75331
2.52374
2.58693
2.42043
2.47023
2.31981
2.37002
2.2381
2.27451
2.19221
2.21166
2.16578
2.17714
2.15651
2.1591
2.15764
2.15674
2.15929
2.15849
2.16182
2.16077
2.16199
2.16255
2.15503
2.15979
2.13721
2.14789
2.10365
2.12252
2.05602
2.08093
2.00245
2.02883
1.95222
1.97634
1.90694
1.92898
1.86462
1.88572
1.82179
1.84369
1.77403
1.79864
1.7177
1.74689
1.6509
1.68592
1.57486
1.61474
1.49426
1.53573
1.41772
1.45518
1.35537
1.38364
1.31428
1.33118
1.29735
1.30317
1.29851
1.29669
1.30394
1.30093
1.28963
1.29986
1.27077
1.48091
1.38896
1.69846
1.581
1.98467
1.83501
2.25019
2.12558
2.37847
2.34024
2.19327
2.33775
1.50611
1.92177
0.261361
0.946653
-1.36758
-0.526966
-2.93186
-2.19529
-3.76259
-3.47935
-3.41502
-3.73817
-2.21148
-2.87054
-0.911447
-1.52778
-0.0683025
-0.414491
0.282804
0.152956
0.377134
0.347341
0.396801
0.390366
0.403802
-0.36394
2.94227
1.5702
1.17329
-3.01651
-2.2709
0.858632
1.93217
0.113135
3.07164
1.18441
1.15151
0.465149
0.4133
-0.705824
0.665665
-3.69492
-1.11983
-0.328111
-0.882979
-0.072444
-4.87789
0.97768
-0.730766
-0.70098
0.844353
-0.671899
1.59272
2.13413
-1.54407
-5.49482
3.55546
-0.0533944
-3.39875
-4.94065
2.8816
2.80034
1.33221
-2.92173
0.57483
0.519251
0.68661
0.631284
0.791445
0.740259
0.881968
0.838484
0.95942
0.922292
1.0247
0.9936
1.0786
1.05292
1.12326
1.10186
1.16146
1.14303
1.19563
1.17887
1.2278
1.2118
1.25889
1.24335
1.28971
1.27426
1.32059
1.30511
1.35195
1.33628
1.3827
1.36753
1.41175
1.39757
1.43763
1.42519
1.45914
1.44906
1.47527
1.46789
1.48632
1.48139
1.49237
1.48997
1.49299
1.49334
1.48828
1.49133
1.47442
1.48294
1.44608
1.46204
1.4016
1.42616
1.33608
1.37142
1.25488
1.29658
1.17055
1.21273
1.08349
1.12751
1.00142
1.04062
0.935762
0.9665
0.896172
0.911282
0.902414
0.893261
0.897704
0.95807
0.92535
0.754152
0.830569
0.543745
0.658135
2.95281
0.256004
0.409822
3.21355
3.22198
3.21567
3.19882
3.20939
3.18523
3.19104
3.07724
3.17779
3.18054
2.88116
2.97781
2.70519
2.78957
2.56753
2.63158
2.45855
2.51128
2.35745
2.40713
2.27452
2.31243
2.22089
2.24462
2.1863
2.20178
2.16714
2.17491
2.15972
2.16263
2.15489
2.15733
2.15074
2.15259
2.14597
2.1488
2.13524
2.14172
2.11472
2.1264
2.08186
2.09979
2.03874
2.06093
1.9895
2.01388
1.94176
1.9652
1.89673
1.91898
1.8535
1.87517
1.80908
1.8316
1.76019
1.78526
1.70407
1.73309
1.63986
1.67331
1.56879
1.60555
1.49455
1.53206
1.42384
1.45826
1.36362
1.39171
1.3194
1.33932
1.29253
1.30444
1.27864
1.28443
1.26861
1.27326
1.2396
1.25779
1.21448
1.27065
1.11447
1.18592
1.48328
1.3721
1.72261
1.60006
2.00792
1.86181
2.26988
2.14755
2.39876
2.35668
2.24805
2.37492
1.57129
1.98361
0.327255
1.01301
-1.29402
-0.457571
-2.86404
-2.12231
-3.71241
-3.42073
-3.36927
-3.70593
-2.22072
-2.84068
-0.987234
-1.57389
-0.169326
-0.511822
0.201406
0.0566451
0.30997
0.274259
0.337958
0.32655
0.359878
0.350423
0.362451
0.363945
-0.770419
3.22502
1.17439
0.774716
-4.07499
-2.70454
-0.253594
-1.19629
0.124926
-5.83806
-1.63441
-0.665963
0.945446
0.998523
3.08557
3.17971
0.676376
1.06558
1.04826
0.996051
0.357015
0.314331
0.308654
-1.37454
2.6881
-0.946509
-7.77268
0.527068
-1.2389
-1.1763
-1.00988
-0.2585
-3.22703
-8.29902
2.39586
1.17634
1.80102
-6.62849
0.0780448
0.41549
0.278802
3.22061
3.21427
0.926835
-3.81663
-0.108739
0.458879
0.407963
0.562711
0.510406
0.668018
0.615753
0.767365
0.718991
0.85639
0.813278
0.933588
0.89642
0.999635
0.967949
1.05543
1.02869
1.10265
1.07991
1.14354
1.12374
1.18023
1.16228
1.21441
1.19752
1.24701
1.23083
1.27845
1.26283
1.30887
1.29375
1.33868
1.32386
1.36726
1.35322
1.39358
1.38078
1.41638
1.40548
1.43481
1.42623
1.44823
1.44213
1.45693
1.45315
1.46058
1.45942
1.45876
1.46027
1.45201
1.45607
1.43666
1.44572
1.40932
1.42445
1.36879
1.3909
1.31185
1.34229
1.24366
1.27842
1.17293
1.20852
1.10008
1.13655
1.03363
1.06529
0.983125
1.00608
0.957303
0.966187
0.965932
0.956235
1.01279
0.984874
0.81692
0.885364
0.642462
0.736633
0.534502
3.43797
3.52217
3.4776
3.37305
3.4027
3.328
3.34801
3.29503
3.31173
3.27527
3.28365
2.90563
2.99276
2.74244
2.82185
2.60477
2.67034
2.49029
2.5455
2.38883
2.43808
2.30439
2.34386
2.24424
2.2715
2.2024
2.2216
2.17484
2.18687
2.15962
2.16625
2.14816
2.15377
2.13863
2.14308
2.12955
2.13447
2.11511
2.12329
2.09262
2.10489
2.06076
2.07784
2.01945
2.04103
1.97471
1.99738
1.92935
1.95191
1.88525
1.90725
1.84171
1.86357
1.79645
1.81935
1.74696
1.77224
1.6914
1.72006
1.62943
1.66144
1.56228
1.59662
1.49277
1.52756
1.42586
1.45859
1.36663
1.39495
1.31914
1.34146
1.28403
1.30033
1.25841
1.27025
1.23246
1.24596
1.19331
1.21679
1.13079
1.16434
1.09226
1.23457
1.14681
1.4612
1.34012
1.72419
1.59144
1.99797
1.86029
2.2529
2.13197
2.39222
2.34629
2.20934
2.35569
1.54089
1.93955
0.369475
1.01186
-1.12633
-0.357531
-2.55879
-1.88212
-3.35367
-3.0739
-3.08513
-3.35423
-2.06305
-2.62429
-0.947059
-1.47902
-0.197942
-0.513634
0.151744
0.0116142
0.259481
0.219505
0.294914
0.280622
0.31598
0.308112
0.317956
-1.29629
3.58644
0.690304
0.230938
-6.27637
-4.04886
-0.575606
0.12183
-0.141513
1.04719
3.27014
0.127906
0.990487
0.936601
0.349563
0.302344
-1.84005
3.208
-0.561644
-9.44316
-2.97389
-1.12371
-1.92802
-0.516458
-2.52616
-11.5014
-0.513878
2.48608
-1.32633
-7.14776
-10.8146
-0.0526707
-1.88747
3.79236
3.90536
-1.98972
0.383808
0.28547
0.37701
-5.76871
-0.391485
0.449666
0.399738
0.5493
0.499339
0.650184
0.599965
0.746102
0.699091
0.833246
0.79084
0.910133
0.872972
0.976762
0.944646
1.03411
1.00648
1.08349
1.05962
1.12667
1.10571
1.16546
1.14652
1.2012
1.18364
1.23482
1.21823
1.26666
1.25095
1.29678
1.28191
1.32524
1.31122
1.35166
1.33875
1.37527
1.36388
1.39548
1.38587
1.41121
1.40395
1.42198
1.41717
1.42819
1.42563
1.42961
1.42953
1.4259
1.4283
1.41752
1.42238
1.40131
1.41057
1.37559
1.38958
1.3392
1.35887
1.29056
1.31626
1.23393
1.26275
1.17449
1.20452
1.11441
1.14408
1.06192
1.0868
1.02417
1.04073
1.00943
1.01358
1.02024
1.01122
1.06157
1.03727
1.08657
1.12736
1.0921
0.999685
1.04513
0.891875
0.94913
0.751397
0.825554
0.583156
0.670067
0.485763
3.62943
3.70175
3.51893
3.56899
3.44574
3.47815
3.39662
3.41934
3.3655
3.37857
3.26602
3.34712
3.3545
3.09494
3.18227
2.92631
3.00888
2.77356
2.84779
2.63635
2.70305
2.51768
2.57474
2.41521
2.46474
2.32853
2.36958
2.26279
2.29314
2.2144
2.2369
2.17962
2.19537
2.15681
2.16708
2.13988
2.14798
2.12558
2.13243
2.11227
2.11911
2.09516
2.10444
2.07151
2.08414
2.04038
2.05683
2.00171
2.02178
1.95943
1.9808
1.91631
1.93791
1.87322
1.89483
1.82963
1.8515
1.78391
1.80705
1.73432
1.75963
1.67953
1.70772
1.61953
1.65027
1.55528
1.58788
1.48911
1.52219
1.42473
1.45646
1.36587
1.39449
1.31527
1.33961
1.2733
1.29335
1.2369
1.25462
1.1987
1.21831
1.15054
1.17661
1.0816
1.11906
1.03863
0.647965
0.610058
1.32461
1.00925
0.877893
0.937875
1.18731
1.09375
1.41236
1.29247
1.67985
1.54538
1.94856
1.81549
2.18234
2.07496
2.27462
2.25523
2.07099
2.21717
1.44869
1.81902
0.389609
0.964935
-0.912172
-0.248875
-2.10896
-1.5507
-2.74063
-2.52305
-2.51238
-2.73215
-1.66777
-2.13307
-0.750354
-1.18649
-0.133742
-0.393335
0.144808
0.030752
0.232959
0.195606
0.26765
0.254036
0.278394
0.275888
0.271124
0.275754
0.258598
0.265592
-2.01422
3.67095
0.140755
-0.357841
-9.95088
-6.38382
-1.00085
-0.411339
-2.7144
-1.44801
-1.72098
-13.5992
-4.72514
4.01382
4.1713
3.14733
-1.76881
0.195877
-0.242069
1.12974
1.16537
3.26788
3.34625
-2.73245
-6.02077
-14.1051
-2.05692
2.20714
0.247856
0.218365
0.205244
0.811635
0.825476
0.758413
-1.94352
-11.2571
-2.93247
0.615869
0.0971589
0.617359
4.04589
-3.16739
-0.162491
-8.92894
-0.754588
0.339522
0.292478
0.437859
0.388629
0.535843
0.48682
0.633556
0.584942
0.726757
0.680955
0.812303
0.770544
0.888855
0.85168
0.956025
0.923502
1.01461
0.986236
1.06575
1.04095
1.11083
1.0889
1.15136
1.13157
1.18846
1.17029
1.22286
1.20597
1.25483
1.23913
1.28443
1.26989
1.31174
1.29836
1.33629
1.32437
1.35754
1.3474
1.37505
1.36676
1.38809
1.38213
1.39644
1.39279
1.40024
1.39887
1.39943
1.40038
1.39425
1.39729
1.38467
1.3901
1.36826
1.37737
1.34454
1.35725
1.31233
1.32959
1.27121
1.29265
1.22496
1.24846
1.17583
1.20071
1.12697
1.15086
1.0864
1.10533
1.0594
1.07088
1.05244
1.05314
1.06806
1.05759
1.10658
1.08421
1.16602
1.13419
1.05536
1.09335
0.968183
1.01378
0.8665
0.918578
0.756307
0.81219
0.650339
0.699143
0.621206
3.79248
3.89007
3.64949
3.71463
3.55197
3.59594
3.48658
3.51607
3.44631
3.46337
3.42328
3.43149
3.10536
3.18742
2.94611
3.02467
2.79906
2.87135
2.66271
2.72947
2.54158
2.60001
2.43712
2.48757
2.34784
2.39049
2.27694
2.31013
2.22253
2.24807
2.18116
2.2003
2.15185
2.16519
2.12992
2.14037
2.11129
2.12024
2.09462
2.10292
2.07566
2.08569
2.05117
2.06404
2.02082
2.03667
1.98435
2.00316
1.9443
1.96456
1.903
1.92375
1.86085
1.88202
1.81752
1.83928
1.7718
1.79492
1.72226
1.74751
1.6684
1.69602
1.60987
1.63969
1.54781
1.57916
1.48413
1.51603
1.42151
1.45258
1.3625
1.39151
1.30885
1.33503
1.26064
1.28417
1.2153
1.2378
1.1672
1.19171
1.11047
1.14015
1.03581
1.07564
0.939192
0.989958
0.884771
0.943977
0.872045
1.12606
1.03067
1.33558
1.22645
1.59183
1.45998
1.86003
1.72813
2.06421
1.97636
2.1034
2.11159
1.85513
2.02157
1.25874
1.59929
0.370614
0.843876
-0.656488
-0.139264
-1.56204
-1.14364
-2.01883
-1.86608
-1.82001
-1.99879
-1.14963
-1.51867
-0.448387
-0.775626
-0.00740996
-0.18651
0.169867
0.0970081
0.224853
0.197942
0.249127
0.2399
0.247485
0.251215
0.234457
0.241118
0.227934
-3.16517
-1.49631
-0.272863
-0.624449
-0.981389
-14.052
-9.11752
4.35633
3.75837
-1.5569
-0.736119
1.20064
3.41828
-4.01263
0.992802
1.10493
-3.51161
-16.2762
-6.31658
3.05358
-2.61992
-0.473804
0.232908
0.188878
0.181776
0.166774
0.737259
0.683719
0.777383
0.710131
-3.60167
-8.69515
-13.5707
-3.68024
-2.54409
-4.40874
-0.00586974
0.516447
1.60445
0.661104
-4.89004
-0.725129
-12.4826
4.47917
4.18766
-1.18841
0.32679
0.27958
0.42453
0.375252
0.522197
0.473307
0.618081
0.570445
0.709218
0.664316
0.793418
0.75221
0.869527
0.832427
0.937179
0.904313
0.99679
0.967854
1.04939
1.02383
1.09609
1.07335
1.13809
1.11759
1.17627
1.15758
1.21125
1.1941
1.24326
1.22759
1.27228
1.25808
1.29836
1.28563
1.3211
1.31012
1.34021
1.33098
1.35528
1.34824
1.36564
1.36098
1.37147
1.36902
1.37304
1.37273
1.37014
1.37206
1.36351
1.36715
1.35308
1.35882
1.33708
1.34572
1.31569
1.32698
1.28778
1.3026
1.25328
1.27108
1.21592
1.23475
1.17667
1.19653
1.13815
1.15687
1.10765
1.12157
1.0898
1.097
1.089
1.08701
1.10912
1.09658
1.14764
1.1264
1.20378
1.17364
1.23568
1.26807
1.23555
1.1728
1.20424
1.10948
1.14108
1.04388
1.07677
0.979891
1.01101
0.930758
0.953064
0.914668
0.916045
0.936066
4.54377
4.68272
4.1862
4.35422
3.93413
4.04763
3.76527
3.84214
3.64726
3.70092
3.56753
3.60334
3.51733
3.53914
3.49025
3.50091
3.4175
3.48166
3.48377
3.27306
3.34816
3.11752
3.19518
2.96515
3.04062
2.82045
2.89186
2.68446
2.75128
2.56191
2.62138
2.45512
2.50683
2.36291
2.40728
2.28719
2.32304
2.22695
2.25544
2.17967
2.20173
2.14459
2.16072
2.11794
2.13046
2.09588
2.10632
2.07672
2.08599
2.05636
2.06679
2.03171
2.0444
2.00228
2.01741
1.96771
1.98543
1.92957
1.94882
1.88975
1.90971
1.84855
1.86921
1.80559
1.82716
1.76023
1.78324
1.71099
1.73617
1.65766
1.68484
1.60044
1.62953
1.5402
1.57058
1.4783
1.50938
1.41672
1.44741
1.35713
1.38664
1.30062
1.32847
1.24708
1.27353
1.19423
1.22065
1.13797
1.16666
1.0731
1.10687
0.992952
1.03492
0.892856
0.945429
0.837704
0.868824
0.798021
1.04669
0.953232
1.24582
1.14349
1.48692
1.36238
1.72249
1.61176
1.85292
1.80561
1.79735
1.8545
1.4985
1.67467
0.984602
1.26837
0.300559
0.655423
-0.414034
-0.0621812
-0.986969
-0.730429
-1.22719
-1.15744
-1.05264
-1.18743
-0.601384
-0.846782
-0.147775
-0.356077
0.116606
0.0149343
0.203456
0.168955
0.222215
0.210372
0.230141
0.22708
0.221499
0.228094
0.203634
0.212718
0.193734
-4.75286
1.32172
-1.36306
-1.44742
-1.4945
-16.7347
-11.1013
4.83402
3.909
-2.22204
-1.14125
0.148613
0.634972
-5.20534
-4.86387
-15.4569
-7.47314
2.78295
-3.68992
-0.834585
1.2697
1.30006
3.42164
3.48466
-7.52815
-6.81986
-4.6334
-4.03766
0.940703
0.0358777
-10.265
1.67422
-2.34757
1.44432
2.1358
-1.0232
-14.8159
4.4621
-1.71293
0.215302
0.126009
0.167976
0.312672
0.262943
0.410844
0.360797
0.508691
0.459244
0.603638
0.555954
0.693487
0.648689
0.77667
0.735466
0.852298
0.815039
0.920187
0.886901
0.980584
0.951076
1.03436
1.00807
1.0825
1.05899
1.12573
1.10458
1.16483
1.14568
1.20022
1.18286
1.2321
1.21648
1.26055
1.24662
1.28545
1.27332
1.30654
1.29634
1.32352
1.3154
1.33618
1.33031
1.34399
1.34057
1.34728
1.34606
1.34647
1.34727
1.34167
1.34443
1.33372
1.3379
1.32273
1.32856
1.30764
1.31557
1.28859
1.2985
1.26489
1.27727
1.2367
1.25112
1.20685
1.22176
1.17663
1.19176
1.1478
1.16174
1.12607
1.13574
1.11593
1.11947
1.12054
1.11623
1.14395
1.1299
1.18491
1.16268
1.24019
1.211
1.30123
1.27082
1.21354
1.24132
1.16061
1.18649
1.11741
1.13689
1.08858
1.10011
1.09257
1.0855
1.15942
1.11591
1.34053
1.2312
1.75406
1.49823
2.75942
2.18527
4.67322
4.90059
4.32668
4.49029
4.05701
4.1819
3.86663
3.95344
3.73228
3.79385
3.63957
3.68141
3.58051
3.6064
3.54977
3.56192
3.54017
3.54242
3.27973
3.353
3.13006
3.20482
2.98235
3.05594
2.83861
2.90974
2.70254
2.76927
2.57884
2.63898
2.4693
2.52234
2.37377
2.41977
2.29339
2.33166
2.22764
2.25883
2.17486
2.19965
2.13447
2.1532
2.10383
2.11819
2.07918
2.0909
2.05818
2.06839
2.03712
2.04789
2.01284
2.02545
1.98443
1.99915
1.95155
1.96855
1.91511
1.93365
1.87668
1.89608
1.83639
1.85676
1.79397
1.81543
1.7489
1.7718
1.70015
1.72509
1.64736
1.67416
1.59124
1.61969
1.53238
1.56204
1.47172
1.50219
1.41074
1.44121
1.35037
1.38041
1.29127
1.32062
1.23319
1.26213
1.17408
1.20372
1.11104
1.14328
1.03912
1.07646
0.953203
0.99805
0.850632
0.903939
0.730031
0.792489
0.589984
0.662834
0.655267
0.555149
0.602508
0.781735
0.71498
0.94675
0.858892
1.14237
1.04226
1.35975
1.24972
1.55295
1.4654
1.60649
1.60343
1.44153
1.55365
1.09097
1.27874
0.650888
0.881174
0.194135
0.415544
-0.193438
-0.00966465
-0.469564
-0.349647
-0.546099
-0.53675
-0.38989
-0.492157
-0.113441
-0.255803
0.114646
0.0178513
0.210418
0.180806
0.220534
0.21835
0.210756
0.212361
0.20502
0.20671
0.195579
0.201588
0.17677
0.186921
0.150635
0.164622
0.11558
0.134577
-6.79589
0.555159
-0.912454
-1.7859
-1.31653
-16.1123
-11.5653
5.15401
3.997
-3.16043
-1.71268
1.33165
3.54263
0.511632
0.0895158
-5.57175
-7.34433
-6.52528
-1.29972
0.342806
2.05227
5.68739
5.81662
2.27321
-4.2167
-12.0592
-6.28396
-5.51334
3.7856
6.22114
6.84186
6.76241
4.24561
-0.114919
-14.6918
4.67856
5.27043
6.48047
7.5202
8.2562
7.29024
8.25597
7.8213
-2.44753
-8.54434
-8.25384
-3.38927
-0.760977
1.98597
6.78609
2.9555
0.450844
-1.32095
-8.35758
-9.67618
-10.9696
-11.0067
-9.88508
0.0649503
0.0889071
0.108061
0.124735
0.139417
0.15157
0.160528
0.16715
0.171858
0.176544
0.182717
0.193579
0.206002
0.223893
0.24341
0.265635
0.284469
0.28863
0.279311
0.251545
0.21378
0.165817
0.114599
0.0671086
0.0283739
-0.000458321
-0.0166932
-0.0188037
-0.00170107
0.0416143
0.118472
0.229442
0.372666
0.546998
0.752285
0.96121
1.13879
1.26597
1.33485
1.34362
1.30272
1.22977
1.13661
1.03312
0.930674
0.835568
0.753658
0.684023
0.621932
0.565435
0.515657
0.470928
0.427798
0.384474
0.467169
0.545662
0.617721
0.685589
0.750302
0.81047
0.865866
0.917019
0.964196
1.00784
1.04811
1.08573
1.12104
1.15471
1.18723
1.21894
1.25019
1.28099
1.31181
1.3425
1.37324
1.40382
1.43433
1.46458
1.49467
1.52432
1.55353
1.58217
1.61028
1.63747
1.66378
1.68923
1.71389
1.73763
1.76045
1.78244
1.80373
1.8244
1.84443
1.86386
1.88273
1.90108
1.91889
1.93597
1.95216
1.96728
1.9814
1.99453
2.00674
2.01806
2.02869
2.03904
2.0496
2.06089
2.07333
2.08728
2.10312
2.12131
2.14228
2.1664
2.19375
2.22434
2.25811
2.29521
2.33585
2.38015
2.42805
2.47943
2.53419
2.59218
2.65333
2.71745
2.78438
2.85367
2.92475
2.99699
3.06985
3.14306
3.21663
3.29028
3.36196
3.4295
3.49145
3.54835
3.60168
3.59575
3.59282
3.59459
3.60211
3.61551
3.63654
3.66556
3.70297
3.74962
3.80652
3.87473
3.95528
4.05002
4.16176
4.2925
4.44158
4.60918
4.79929
5.0126
5.38409
5.82465
6.17433
6.57216
6.99994
7.37447
7.56549
7.50492
6.98723
6.20155
5.3698
4.43835
3.62598
3.03935
2.58107
2.1748
1.87912
1.65586
1.48816
1.37102
1.29262
1.2404
1.20744
1.18941
1.18315
1.18499
1.19386
1.20888
1.2285
1.25092
1.2755
1.30252
1.33149
1.36178
1.39517
1.36557
1.33539
1.30472
1.27372
1.24414
1.21704
1.19328
1.1735
1.15824
1.1475
1.14098
1.13808
1.13842
1.14167
1.14756
1.1556
1.16515
1.17565
1.18664
1.19791
1.20928
1.22067
1.23185
1.2427
1.25293
1.2625
1.27124
1.27931
1.28664
1.29335
1.2993
1.30465
1.3094
1.31372
1.31744
1.32048
1.32259
1.3238
1.32395
1.3231
1.32105
1.31786
1.3133
1.30762
1.30061
1.29261
1.28334
1.27312
1.26162
1.24929
1.23576
1.22149
1.20606
1.18985
1.17244
1.1542
1.13478
1.11443
1.09278
1.07008
1.04597
1.02071
0.993908
0.965898
0.936038
0.904831
0.871417
0.836757
0.799615
0.761439
0.720536
0.678943
0.634506
0.589865
0.542449
0.495395
0.445777
0.397016
0.346057
0.296261
0.244412
0.194448
0.14455
0.0988105
0.0555013
0.0358672
0.02506
0.0046101
-3.04579
-2.10571
-10.9589
-13.0987
-9.43049
5.29574
3.88408
5.56177
7.62899
8.159
9.29451
9.21055
-2.5105
-4.89214
-3.72644
8.40138
4.9591
6.74666
-14.0358
-12.0802
-12.5209
-1.64292
-0.0242656
-0.0449236
-15.7744
-21.4392
-17.6512
-4.46548
-10.552
0.00638002
0.0328051
0.0703952
0.119245
0.172657
0.226117
0.279593
0.331674
0.383261
0.433168
0.482546
0.530147
0.576944
0.621853
0.665615
0.707406
0.747744
0.786123
0.822948
0.85789
0.89128
0.922875
0.95298
0.981454
1.00864
1.03439
1.05899
1.08216
1.1041
1.12479
1.14435
1.16274
1.18011
1.19633
1.21153
1.22562
1.23871
1.25067
1.26153
1.27117
1.27961
1.28679
1.29272
1.29734
1.30058
1.3025
1.30312
1.30261
1.30098
1.29843
1.29496
1.29082
1.28611
1.28112
1.27581
1.27024
1.26424
1.25788
1.25109
1.24397
1.23642
1.22858
1.22049
1.21235
1.20422
1.19622
1.18832
1.18066
1.17338
1.16677
1.1611
1.15675
1.15422
1.15394
1.1563
1.1615
1.16995
1.18208
1.19845
1.21926
1.24441
1.27338
1.30529
1.33852
1.37117
1.40235
1.43134
-0.8222
10.3852
10.7749
0.97564
-3.19752
-8.01203
7.82782
10.2547
3.98733
6.26123
8.81992
4.5237
-17.4568
-12.1889
0.00792472
0.0429727
0.0535862
0.0692491
0.0868959
0.102366
0.115285
0.125305
0.132042
0.136861
0.141204
0.147289
0.15627
0.169828
0.187632
0.212022
0.251314
0.296701
0.351966
0.411477
0.470364
0.517554
0.546219
0.548237
0.526177
0.480607
0.414049
0.328474
0.226905
0.113912
-0.000941347
-0.10029
-0.16242
-0.169593
-0.109465
0.0245423
0.235663
0.481443
0.714501
0.905311
1.03821
1.10556
1.11252
1.07097
0.993531
0.898087
0.802767
0.715595
0.641082
0.577133
0.520487
0.470044
0.424764
0.382877
0.343043
0.301555
0.258588
0.339433
0.421014
0.499952
0.57485
0.644856
0.711351
0.773412
0.83111
0.884375
0.933643
0.979403
1.02203
1.06199
1.09989
1.13591
1.17083
1.20457
1.23776
1.27012
1.30218
1.33375
1.3651
1.39602
1.42667
1.45683
1.48667
1.51603
1.54492
1.5732
1.60074
1.62789
1.65383
1.67908
1.70348
1.72698
1.74958
1.77136
1.79239
1.81271
1.83235
1.85134
1.86974
1.88756
1.90477
1.92113
1.93659
1.95095
1.96435
1.97675
1.98827
1.99894
2.00902
2.01895
2.02926
2.04057
2.05329
2.06796
2.08497
2.10482
2.1278
2.15412
2.18381
2.21688
2.25322
2.29292
2.33603
2.38265
2.43273
2.48613
2.54273
2.60229
2.66465
2.72958
2.79692
2.86631
2.93732
3.00935
3.0821
3.15541
3.22922
3.30255
3.37375
3.44093
3.5034
3.56026
3.61412
3.6682
3.65304
3.64402
3.63907
3.63964
3.64694
3.6615
3.68429
3.71581
3.75658
3.8073
3.86893
3.9425
4.02929
4.13116
4.24953
4.38404
4.53488
4.70678
4.91201
5.17049
5.45028
5.7606
6.11429
6.47249
6.76104
6.99439
7.05093
6.94828
6.5276
5.938
5.18023
4.47342
3.87958
3.35673
2.84643
2.41116
2.10191
1.87386
1.69316
1.55134
1.44506
1.36776
1.31321
1.27679
1.25496
1.24515
1.24473
1.2521
1.26577
1.28437
1.30693
1.33306
1.36155
1.39188
1.42309
1.45952
-11.1272
-9.55636
-5.25822
-4.54627
-10.4194
-0.0653666
-0.0297686
0.00473413
0.0487034
0.09956
0.154582
0.209638
0.264694
0.317893
0.370313
0.420877
0.470565
0.518479
0.565272
0.610301
0.653914
0.695749
0.735949
0.774376
0.811151
0.846215
0.879682
0.911511
0.941818
0.970597
0.997973
1.02405
1.04881
1.07226
1.09444
1.11537
1.13513
1.15368
1.17103
1.18726
1.2023
1.21626
1.22901
1.24065
1.25096
1.26006
1.26774
1.27416
1.27907
1.28263
1.2846
1.28523
1.28438
1.28238
1.27914
1.27501
1.27002
1.26456
1.25871
1.25285
1.24687
1.24096
1.23491
1.2289
1.22275
1.21664
1.21042
1.20436
1.1984
1.19278
1.18747
1.18259
1.17805
1.17395
1.17032
1.16736
1.16524
1.16427
1.1648
1.16723
1.17192
1.17913
1.18926
1.20279
1.22037
1.24246
1.26928
1.30046
1.33526
1.37148
1.4075
1.44169
1.47238
1.50023
1.53026
1.49058
1.45335
1.42123
1.38924
1.35961
1.33363
1.31246
1.29681
1.288
1.28705
1.29538
1.31532
1.3482
1.39807
1.46982
1.56756
1.69878
1.86946
2.08007
2.33009
2.62705
2.98647
3.39957
3.91504
4.54853
5.18022
5.7071
6.1841
6.53643
6.68179
6.70225
6.57403
6.31119
6.07561
5.81388
5.50185
5.21507
4.98377
4.78528
4.61112
4.4546
4.31556
4.19322
4.08682
3.9956
3.91815
3.85304
3.79924
3.75598
3.72258
3.69856
3.6834
3.67683
3.67813
3.68665
3.70168
3.72307
3.69371
0.212527
0.290776
0.374625
0.457133
0.535963
0.609239
0.678809
0.742484
0.802337
0.856973
0.908242
0.955264
0.999964
1.04133
1.08137
1.11897
1.15586
1.19114
1.22596
1.25968
1.29298
1.32538
1.35748
1.38882
1.41987
1.4501
1.48005
1.50934
1.5383
1.56642
1.59375
1.62016
1.64588
1.67069
1.69471
1.71777
1.7401
1.76146
1.78214
1.80197
1.82122
1.83966
1.85762
1.87481
1.89145
1.90705
1.92185
1.93541
1.94807
1.9595
1.97014
1.97976
1.98901
1.99804
2.00778
2.01854
2.03122
2.04608
2.06392
2.08494
2.10968
2.138
2.17009
2.20568
2.24486
2.28739
2.33333
2.38252
2.43496
2.49054
2.54907
2.61035
2.67414
2.74029
2.80847
2.87839
2.94948
3.02147
3.09421
3.16785
3.24236
3.31622
3.38834
3.45695
3.52089
3.58064
3.63808
0.142641
0.185537
0.0142142
0.0435238
0.0472009
0.0581137
0.0708227
0.0820357
0.0909932
0.0979348
0.102992
0.107687
0.113022
0.120509
0.131167
0.146013
0.167599
0.196048
0.246283
0.299864
0.365808
0.444221
0.529893
0.615835
0.693248
0.753257
0.782173
0.767257
0.70248
0.585536
0.420601
0.21773
-0.00737882
-0.230841
-0.423878
-0.550532
-0.576151
-0.482762
-0.273357
0.00296471
0.293323
0.546751
0.736303
0.84879
0.891052
0.876116
0.816075
0.737366
0.65755
0.583423
0.518782
0.462493
0.413534
0.370123
0.331447
0.295066
0.259439
0.222678
-15.5138
6.75731
6.07275
8.95525
-5.77281
10.6958
-12.7558
-13.3729
7.64915
5.25069
3.52086
9.1359
0.084138
-0.557401
-3.72985
0.0899735
0.160496
-0.0311868
-0.141727
-6.63412
-11.6218
3.80932
1.56733
1.57142
-17.4827
1.60067
3.82611
0.037368
-8.82651
-4.6089
9.31277
7.05249
6.453
-16.0517
0.152513
0.122267
0.209153
0.1809
0.268249
0.237418
0.340441
0.302004
0.434893
0.384221
0.553823
0.492416
0.651514
0.610473
0.576845
0.644533
0.212788
0.434065
-0.37547
-0.071335
-0.824132
-0.645138
-0.770184
-0.870733
-0.288664
-0.55911
0.260874
-0.00536812
0.667681
0.489977
0.848535
0.787991
0.806947
0.852663
0.617955
0.722427
0.41068
0.508669
0.259612
0.32352
0.162086
0.207907
0.114568
0.134981
0.0918092
0.101249
0.0790663
0.0847964
0.0700639
0.0740268
0.0612918
0.0658515
0.0484517
0.0555176
0.0320561
0.0403593
0.0168961
3.66853
3.72865
3.54138
3.60592
3.40318
3.47404
3.25472
3.32951
3.1068
3.18032
2.96205
3.03418
2.8196
2.89042
2.6824
2.7501
2.55363
2.61682
2.43536
2.49305
2.32904
2.38068
2.23493
2.2804
2.15428
2.19278
2.08922
2.11965
2.04117
2.06307
2.00854
2.02316
1.98665
1.9966
1.96988
1.97794
1.95309
1.96175
1.93281
1.94345
1.90812
1.92097
1.87928
1.89412
1.84706
1.86345
1.81207
1.82984
1.77431
1.79348
1.73321
1.75414
1.68826
1.71114
1.63938
1.66417
1.58734
1.61352
1.53243
1.56006
1.47453
1.50359
1.41424
1.44434
1.35144
1.38278
1.28583
1.31857
1.21709
1.25141
1.14487
1.18088
1.06802
1.10632
0.984295
1.02607
0.890282
0.93742
0.781826
0.83661
0.654769
0.719255
0.505528
0.581165
0.333988
0.4202
0.241919
1.48752
1.52998
1.41227
1.4484
1.35424
1.38064
1.32065
1.33404
1.31944
1.31537
1.36155
1.33441
1.464
1.40376
1.65811
1.54724
1.9895
1.80469
2.45573
2.20766
3.10947
2.74777
4.01871
3.54031
5.04745
4.53335
5.91197
5.53884
6.38809
6.21258
6.38518
6.43747
6.01228
6.22462
5.51827
5.76544
5.04159
5.27525
4.66057
4.83701
4.36343
4.50392
4.12999
4.23911
3.95486
4.03558
3.83093
3.88706
3.75115
3.7859
3.71112
3.7264
3.70878
3.70538
3.74435
3.72113
3.77559
1.50928
1.53864
1.43741
1.47496
1.35853
1.39779
1.28928
1.32193
1.23864
1.2616
1.20557
1.22029
1.1853
1.19417
1.17417
1.17884
1.16919
1.17113
1.16762
1.16812
1.16823
1.16761
1.17149
1.16942
1.17775
1.17417
1.18633
1.18171
1.1962
1.191
1.20721
1.20139
1.2196
1.21308
1.23335
1.22619
1.2476
1.24042
1.2602
1.25417
1.26877
1.26507
1.27165
1.27096
1.26805
1.27068
1.25797
1.26379
1.24208
1.25074
1.22079
1.2321
1.19454
1.20828
1.1636
1.17966
1.12793
1.14639
1.08733
1.10825
1.04158
1.06514
0.99052
1.01678
0.933854
0.962969
0.871304
0.903427
0.802533
0.837836
0.727245
0.765878
0.645206
0.687261
0.556509
0.601865
0.46157
0.509941
0.360955
0.412029
0.25495
0.30866
0.143311
0.199747
0.0301277
0.0862516
-0.071335
-0.0230387
-0.146306
-0.111703
-8.59006
-0.0262488
0.0232616
1.68608
3.89861
1.68146
3.88217
0.00586879
-0.164854
-0.200386
-0.0433105
-0.103284
0.0825345
0.0228528
0.196652
0.142152
0.304519
0.252078
0.407641
0.357226
0.505587
0.457652
0.597584
0.552556
0.683056
0.64124
0.761788
0.723282
0.833887
0.798617
0.899627
0.867468
0.959296
0.930121
1.01326
0.986899
1.06177
1.03812
1.10501
1.08397
1.14319
1.12466
1.17651
1.16039
1.20502
1.19129
1.22861
1.21739
1.24676
1.23832
1.25893
1.25356
1.26435
1.26249
1.26248
1.26427
1.2538
1.25885
1.23996
1.24735
1.22317
1.23169
1.20634
1.21451
1.19174
1.19863
1.17975
1.18536
1.16981
1.17448
1.16173
1.16541
1.15688
1.15869
1.15691
1.15618
1.16139
1.15868
1.1679
1.16451
1.17543
1.17144
1.18624
1.18021
1.20389
1.19399
1.23166
1.21636
1.27273
1.25028
1.3324
1.29993
1.41204
1.37016
1.49913
1.45622
1.58196
1.53971
1.63043
3.81373
3.86263
3.74574
3.77333
3.72474
3.72982
3.74529
3.73002
3.80616
3.77064
3.91018
3.85253
4.06285
3.98004
4.27208
4.16002
4.54299
4.39974
4.87846
4.70244
5.2708
5.06913
5.76449
5.50629
6.09711
5.95869
6.26661
6.23713
6.01642
6.18344
5.39723
5.73871
4.5692
5.05035
3.54434
4.0568
2.86102
3.17741
2.30063
2.56818
1.8741
2.06725
1.60006
1.72
1.44052
1.50829
1.35964
1.39295
1.334
1.34081
1.34875
1.33698
1.39532
1.36841
1.47003
1.42911
1.57258
1.51822
1.62877
0.204565
0.110865
0.397123
0.30469
0.564825
0.486155
0.706152
0.640125
0.825557
0.769916
0.928027
0.880217
1.01814
0.97569
1.09962
1.06071
1.17524
1.13874
1.24664
1.21197
1.31465
1.28155
1.37961
1.34796
1.44177
1.41138
1.50133
1.47214
1.55827
1.53033
1.61223
1.5858
1.66244
1.6379
1.7087
1.68615
1.75088
1.73036
1.78924
1.77056
1.82453
1.8073
1.85687
1.84112
1.88623
1.87201
1.91168
1.89952
1.93249
1.9227
1.94859
1.94107
1.96208
1.9554
1.97781
1.96928
2.00244
1.98851
2.04297
2.02036
2.10292
2.0705
2.18072
2.13981
2.27266
2.22511
2.37667
2.32317
2.49276
2.43319
2.62036
2.55525
2.75708
2.68776
2.89978
2.82793
3.04445
2.97211
3.18949
3.11679
3.3379
3.26318
3.48804
3.41331
3.63155
3.56126
3.7625
3.69854
3.82377
-0.0947617
0.00561193
-0.0137443
0.0271076
0.0152593
0.0369569
0.0339668
0.0403303
0.0386614
0.0454662
0.0425117
0.0545751
0.0496164
0.0666971
0.0596079
0.0930722
0.0766775
0.14888
0.113662
0.234885
0.186834
0.373789
0.298615
0.549627
0.459738
0.693085
0.631721
0.69186
0.716587
0.468203
0.609158
0.0270378
0.270172
-0.516415
-0.244534
-0.874614
-0.743324
-0.726032
-0.861947
-0.249674
-0.504947
0.182007
-0.00853185
0.375768
0.306218
0.376912
0.393889
0.305279
0.345076
0.236392
0.267667
0.184823
0.208479
0.143785
0.163243
0.108927
0.125997
0.0702867
0.09102
0.0417736
-12.4707
-0.31869
-8.22241
-13.061
-0.426632
-21.1074
-16.8634
-19.871
-21.1273
-18.6522
-14.4947
10.9041
12.4695
12.3812
11.4779
8.42616
-5.86166
-4.81402
-4.96649
-4.88974
-4.68565
-1.60613
3.74514
1.13031
-5.49581
-0.305374
-0.20695
-0.117428
-0.0414218
0.0256061
0.0872955
0.142448
0.198579
0.251594
0.305226
0.356472
0.407628
0.456665
0.505052
0.551374
0.596674
0.639897
0.681888
0.721821
0.760448
0.797095
0.83245
0.865945
0.898175
0.928654
0.957903
0.985525
1.01196
1.03686
1.06056
1.0828
1.10385
1.12349
1.14196
1.15909
1.17509
1.18977
1.20332
1.21552
1.22649
1.236
1.24416
1.25076
1.25585
1.25918
1.26075
1.26037
1.25816
1.25411
1.24844
1.24134
1.23316
1.22416
1.21479
1.20539
1.19636
1.18791
1.18021
1.1732
1.16685
1.1611
1.156
1.15164
1.14825
1.14604
1.14529
1.14608
1.14842
1.15204
1.15661
1.1617
1.16701
1.17238
1.17791
1.18395
1.19107
1.19987
1.21089
1.2246
1.24123
1.26093
1.28407
1.31179
1.34616
1.38951
1.44289
1.50497
1.5691
1.62393
1.66245
1.70108
1.81714
4.00129
3.8971
3.83432
3.78856
3.75829
3.74084
3.73503
3.73988
3.75503
3.78066
3.81681
3.86375
3.92222
3.99317
4.07735
4.17563
4.28917
4.41965
4.56901
4.73968
4.93388
5.14577
5.35165
5.53715
5.70581
5.90122
6.08356
6.11826
6.1372
6.09069
5.85762
5.65193
5.2748
4.82964
4.47244
4.15005
3.78446
3.36394
2.91706
2.55646
2.28403
2.07418
1.89896
1.75
1.62753
1.53276
1.45941
1.40651
1.37256
1.35202
1.34362
1.34532
1.35638
1.37599
1.40328
1.43846
1.4829
1.53695
1.6017
1.68163
1.80318
2
-0.111023
-0.0452412
0.0755385
0.186472
0.294705
0.387783
0.479266
0.557622
0.634413
0.700671
0.765168
0.821539
0.876337
0.925085
0.972677
1.01593
1.05845
1.09792
1.13701
1.17389
1.21055
1.2455
1.28027
1.31361
1.34669
1.37851
1.41001
1.44047
1.47059
1.49978
1.52853
1.55642
1.58379
1.61025
1.63597
1.66067
1.68449
1.7072
1.72894
1.74955
1.7692
1.78782
1.80562
1.82254
1.83869
1.85399
1.86854
1.88219
1.89487
1.90641
1.9168
1.92592
1.93385
1.94071
1.94693
1.95303
1.95975
1.96789
1.97839
1.9922
2.01015
2.03285
2.06055
2.09316
2.13036
2.17168
2.2167
2.26511
2.31675
2.37157
2.42953
2.49056
2.55454
2.62121
2.69017
2.76094
2.83307
2.90606
2.97933
3.05244
3.12533
3.19845
3.27273
3.34941
3.42961
3.51331
3.59763
3.67605
3.74194
3.7953
3.85877
4.00056
4.23488
0.221624
0.0601727
-0.00166352
-0.00680493
-0.00112505
0.00844697
0.0127694
0.0135035
0.01365
0.0138886
0.0146054
0.0155964
0.0170979
0.0192086
0.0206649
0.0234462
0.0271937
0.0332664
0.0398688
0.0550537
0.0705265
0.0914609
0.12201
0.161424
0.209659
0.263195
0.314711
0.355429
0.374291
0.365155
0.322759
0.246882
0.137819
0.00213973
-0.151548
-0.309003
-0.444821
-0.538136
-0.531083
-0.459152
-0.341911
-0.208593
-0.0815375
0.0157757
0.0816798
0.125733
0.139884
0.141463
0.128006
0.108761
0.0937677
0.0816818
0.0715041
0.0634433
0.0562766
0.0500141
0.0446734
0.03915
0.0334424
0.0280744
0.0244311
0.0326682
0.0137379
-11.0832
-7.63715
4.88256
0.527568
)
;

boundaryField
{
    frontandback
    {
        type            empty;
    }
    walls
    {
        type            zeroGradient;
    }
    diamond
    {
        type            zeroGradient;
    }
    inlet
    {
        type            zeroGradient;
    }
    outlet
    {
        type            fixedValue;
        value           uniform 0;
    }
}


// ************************************************************************* //
