/*--------------------------------*- C++ -*----------------------------------*\
  =========                 |
  \\      /  F ield         | OpenFOAM: The Open Source CFD Toolbox
   \\    /   O peration     | Website:  https://openfoam.org
    \\  /    A nd           | Version:  10
     \\/     M anipulation  |
\*---------------------------------------------------------------------------*/
FoamFile
{
    format      ascii;
    class       volScalarField;
    location    "36.5";
    object      p;
}
// * * * * * * * * * * * * * * * * * * * * * * * * * * * * * * * * * * * * * //

dimensions      [0 2 -2 0 0 0 0];

internalField   nonuniform List<scalar> 
8711
(
0.0117805
0.0105853
0.0133964
-0.0101434
-0.00803062
-0.0162503
0.114196
0.11485
0.701036
0.689035
0.52408
0.315283
-0.0800071
-0.0843227
-0.21335
-0.228308
0.027497
0.0240655
0.0188122
0.0277998
0.0273131
0.0216053
0.0230026
0.0131973
-0.18053
-0.131977
-0.235336
-0.285335
0.00285706
0.00333731
0.00504647
-0.631688
-0.63866
-0.412536
-0.452274
0.238903
0.230064
0.180075
0.185978
0.178438
0.223505
0.196861
-0.410716
-0.393319
0.243659
0.124001
-0.565335
-0.569883
-0.557824
0.0308387
0.0322926
0.0316943
0.029716
0.0237001
0.027623
0.0317341
-0.113949
-0.138165
-0.0954375
-0.112368
-0.068805
-0.0610767
-0.0617294
-0.0678729
0.127748
0.124072
0.115493
0.0179022
0.0183797
0.0218643
-0.0752189
-0.0700234
-0.0809027
-0.085603
0.0712393
0.0724562
0.0645769
0.0631999
0.0190271
-0.0471841
-0.0505766
-0.0739654
-0.0601657
0.0163394
0.0156994
0.0154818
-0.0897064
-0.106168
-0.0620205
-0.0947777
0.0379497
0.0348394
0.038022
0.0547801
0.0651041
0.0542312
0.0695973
0.0732312
0.0595331
0.0312547
0.0366301
0.372744
0.366553
-0.077421
-0.076274
-0.078981
-0.0852736
-0.0968753
-0.113486
-0.133224
-0.152335
-0.167193
-0.174042
-0.171711
-0.161252
-0.145859
-0.127956
-0.110748
-0.100408
-0.0964514
-0.0889205
-0.129187
-0.114689
-0.150403
-0.141987
-0.146432
-0.152114
-0.117384
-0.133785
-0.0869679
-0.100752
-0.0736428
-0.0782065
-0.0761805
-0.0726332
-0.0840995
-0.0765493
-0.0758325
-0.0889739
-0.0806398
-0.12249
-0.103081
-0.167972
-0.145735
-0.193755
-0.18474
-0.176534
-0.189713
-0.137725
-0.158259
-0.101152
-0.118095
-0.0884956
-0.102061
-0.0791376
-0.0737658
-0.0800071
-0.131764
-0.0916336
-0.088087
-0.0791982
-0.110511
-0.0991977
-0.127344
-0.121433
-0.123529
-0.129014
-0.0987216
-0.11293
-0.0745355
-0.0858359
-0.0656308
-0.0684863
-0.0711912
-0.0664853
-0.0949526
-0.0805558
-0.0760983
-0.0754805
-0.0722093
-0.0787694
-0.072674
-0.0706395
-0.0888097
-0.0782558
-0.127678
-0.105639
-0.178843
-0.15338
-0.207093
-0.197166
-0.188591
-0.203216
-0.143573
-0.166845
-0.102579
-0.121663
-0.0782957
-0.0880526
-0.0688502
-0.0741611
-0.119722
-0.0723879
-0.16575
-0.156273
-0.1346
-0.163922
-0.0678502
-0.0734335
-0.0625434
-0.12334
-0.103008
-0.0641216
-0.0625287
-0.0739563
-0.0678571
-0.0905423
-0.082211
-0.103247
-0.0986717
-0.0987313
-0.104308
-0.0795119
-0.090894
-0.0612551
-0.0691956
-0.0555244
-0.0570276
-0.0632983
-0.0580675
-0.0893127
-0.0740361
-0.110203
-0.0735298
-0.0666322
-0.0712422
-0.116218
-0.0903253
-0.0808312
-0.0603843
-0.0642269
-0.0648644
-0.0616107
-0.0853469
-0.0726368
-0.127787
-0.104415
-0.182952
-0.155069
-0.213951
-0.203554
-0.192626
-0.208468
-0.144858
-0.170111
-0.100385
-0.120957
-0.0844169
-0.0767433
-0.076713
-0.0697949
-0.0745701
-0.141762
-0.19704
-0.2
-0.23019
-0.221795
-0.0563167
-0.0629581
-0.141413
-0.184518
-0.0650637
-0.0971216
-0.0694511
-0.126534
-0.225676
-0.254338
-0.256516
-0.272131
-0.251884
-0.252136
-0.0528051
-0.0533601
-0.0591227
-0.0548501
-0.0711526
-0.0648536
-0.080607
-0.0769193
-0.0764127
-0.0805957
-0.0600727
-0.0690353
-0.0471578
-0.0527695
-0.0444478
-0.0445244
-0.0532875
-0.0474323
-0.0787839
-0.0639513
-0.125472
-0.100218
-0.195699
-0.156748
-0.230541
-0.0514464
-0.0580759
-0.0463956
-0.0470355
-0.054447
-0.0489903
-0.0781149
-0.0644435
-0.122394
-0.0979503
-0.180534
-0.151269
-0.213447
-0.202484
-0.191767
-0.208479
-0.140038
-0.166915
-0.0945286
-0.11523
-0.0661583
-0.0777415
-0.0543189
-0.0586196
-0.080613
-0.0758691
-0.0809834
-0.0821365
-0.0705649
-0.0771068
-0.0525899
-0.0621168
-0.164546
-0.0996767
-0.0695106
-0.044275
-0.0422907
-0.157028
-0.21053
-0.230656
-0.227438
-0.132422
-0.247419
-0.271086
-0.264447
-0.0473977
-0.0536893
-0.0410423
-0.0431613
-0.0438004
-0.0414288
-0.0522226
-0.0476799
-0.0588449
-0.056284
-0.0549665
-0.0583634
-0.0422944
-0.0489806
-0.0331572
-0.0368615
-0.0326693
-0.0319098
-0.0415925
-0.0358723
-0.0647587
-0.0512037
-0.108305
-0.0843299
-0.172208
-0.138919
-0.204806
-0.0414456
-0.0482571
-0.0276369
-0.0343666
-0.0397202
-0.0427115
-0.0308565
-0.0347259
-0.0303508
-0.0291515
-0.0419716
-0.0346574
-0.0674947
-0.0529765
-0.112449
-0.0874381
-0.17115
-0.141774
-0.204573
-0.193426
-0.18198
-0.199171
-0.129914
-0.156672
-0.0853293
-0.105305
-0.056977
-0.0688364
-0.0488079
-0.0795355
-0.0900536
-0.0865665
-0.0885821
-0.0908728
-0.0744537
-0.0828607
-0.0528284
-0.0641064
-0.0413332
-0.186562
-0.0632477
-0.0721822
-0.0253373
-0.0523046
-0.167021
-0.229359
-0.129996
-0.253693
-0.0298532
-0.0821333
-0.261585
-0.0437931
-0.233341
-0.0600473
-0.0298063
-0.0365975
-0.0427213
-0.0288222
-0.0323182
-0.0291068
-0.0284802
-0.0345513
-0.031538
-0.039221
-0.0373615
-0.0354393
-0.0383005
-0.0259768
-0.0308397
-0.0199747
-0.0221707
-0.0210148
-0.0197421
-0.0293778
-0.0241724
-0.0493208
-0.0377069
-0.0862769
-0.0658276
-0.142242
-0.114209
-0.189465
-0.171807
-0.182754
-0.194315
-0.00763198
-0.00765347
-0.0142215
-0.00944999
-0.0145753
-0.0158031
-0.00968752
-0.0118769
-0.0134869
-0.0110679
-0.0277965
-0.0192658
-0.0538775
-0.0393101
-0.0977562
-0.0734502
-0.154274
-0.126045
-0.188031
-0.176252
-0.165043
-0.181936
-0.115279
-0.140778
-0.0725984
-0.092086
-0.0465244
-0.058173
-0.0332863
-0.0384798
-0.0307964
-0.182906
-0.146367
-0.093427
-0.0735035
-0.083232
-0.10321
-0.100402
-0.0990046
-0.103044
-0.0812297
-0.091405
-0.0554072
-0.0687809
-0.0424191
-0.201346
-0.166896
-0.233553
-0.0300285
-0.0181968
-0.0174661
-0.117904
-0.247301
-0.0701838
-0.233677
-0.0333091
-0.199584
-0.00534006
-0.102227
-0.132953
-0.0605011
-0.0889246
0.0468939
-0.039824
-0.0499564
-0.0247694
-0.0307
-0.0166966
-0.0204821
-0.015354
-0.0159839
-0.0186296
-0.0167856
-0.0209226
-0.0203268
-0.018182
-0.0204328
-0.011431
-0.0147806
-0.00803884
-0.00908806
-0.00997234
-0.00845426
-0.0175398
-0.0129445
-0.0341499
-0.0245782
-0.064204
-0.0473497
-0.110002
-0.0860475
-0.150636
-0.133442
-0.147273
-0.158338
-0.0692243
-0.110648
-0.0662791
-0.00919223
-0.0339314
0.0111032
0.0115418
0.0115906
0.009443
0.0113436
0.00841522
0.00832126
0.00896424
0.00864684
0.00296836
0.00701302
-0.0126315
-0.00371514
-0.0380959
-0.024049
-0.0790408
-0.0565253
-0.131203
-0.105116
-0.166528
-0.152219
-0.142196
-0.158018
-0.0968763
-0.120045
-0.058732
-0.0761363
-0.0352285
-0.0455098
-0.0228057
-0.0280982
-0.0189511
-0.110323
-0.101407
-0.119408
-0.117166
-0.111757
-0.117638
-0.0900284
-0.102241
-0.0599898
-0.0754829
-0.0446793
-0.203326
-0.0486732
-0.00778094
-0.00663877
-0.155261
-0.223704
-0.101327
-0.221136
-0.0559721
-0.194384
-0.0265875
0.00978607
-0.00548391
-0.153697
-0.0931386
-0.0363659
0.0136718
0.0315877
0.0680082
0.0637199
-0.027951
-0.0379757
-0.0132174
-0.0191807
-0.0057062
-0.00886441
-0.00331449
-0.00403088
-0.00478721
-0.00376099
-0.00602415
-0.0057112
-0.0034602
-0.00525625
0.00103845
-0.0010704
0.00247942
0.00224036
0.000226223
0.00172736
-0.00617408
-0.00235856
-0.0192037
-0.0117842
-0.0419332
-0.0292144
-0.0763567
-0.0580511
-0.107811
-0.0950481
-0.109075
-0.117525
-0.0410782
-0.0788725
-0.00763323
0.0251811
0.0059538
0.0175841
0.0220725
0.0283951
0.0272775
0.029754
0.0292737
0.0274635
0.0279019
0.0255682
0.0265878
0.0181059
0.0227981
0.00251327
0.0111955
-0.0212263
-0.00824652
-0.0578097
-0.0378308
-0.103738
-0.0808399
-0.126692
-0.121021
-0.115037
-0.126994
-0.0764714
-0.0962315
-0.0439217
-0.0587668
-0.0239058
-0.0326075
-0.0127661
-0.017222
-0.00938659
-0.107715
-0.0735949
-0.0907371
-0.130255
-0.120988
-0.137248
-0.136139
-0.12577
-0.133797
-0.0997398
-0.114051
-0.0660804
-0.0833645
-0.0323355
-0.0486031
-0.00672504
-0.0184391
-0.191836
-0.135329
-0.199211
-0.0828679
-0.185951
-0.00856968
0.00345166
0.00239174
-0.048232
-0.0236764
-0.00821235
0.0120455
0.000703469
-0.156421
-0.110364
-0.0615857
-0.0129001
0.036552
-0.0572695
0.0851333
0.0795762
0.104285
-0.0884111
-0.0690965
-0.0365115
-0.0464533
-0.0166603
-0.0260913
-0.00263373
-0.00877976
0.00428735
0.00135457
0.00730312
0.00636994
0.00698657
0.00746238
0.00660424
0.00662071
0.00875456
0.00741173
0.0113975
0.0102788
0.0115321
0.0117847
0.00927438
0.0106546
0.00400742
0.00709262
-0.00590244
-0.000335067
-0.022229
-0.0132011
-0.0456821
-0.0333072
-0.0689333
-0.0581107
-0.0687871
-0.0755241
-0.0161623
-0.0474024
0.0463894
0.0160716
0.0953755
0.0752205
0.0269878
0.00466201
0.0142366
0.0213386
0.0355525
0.0315936
0.0414143
0.0389121
0.0444595
0.0434422
0.0421363
0.0431717
0.0392421
0.0409152
0.0312786
0.0360277
0.0167675
0.0247289
-0.00431462
0.00711675
-0.0355901
-0.0185873
-0.0751336
-0.0553012
-0.0980111
-0.0906232
-0.0867762
-0.0966151
-0.0554928
-0.0714828
-0.0291943
-0.0411686
-0.0129897
-0.019754
-0.00341651
-0.00716219
0.00173771
-0.000256081
0.00319469
-0.125396
-0.107719
-0.149548
-0.139437
-0.155139
-0.154952
-0.139557
-0.149768
-0.109065
-0.125531
-0.0725055
-0.0909782
-0.0363253
-0.0538646
-0.0215009
-0.169241
0.110949
0.113951
0.118227
-0.112525
-0.167464
-0.0107932
0.0008945
-0.0695502
-0.0431676
-0.0242123
-0.0124852
-0.00686685
0.00544056
-0.00511744
-0.119474
-0.0800989
-0.0356358
0.01
0.0521161
0.0959983
-0.0982717
-0.0807756
-0.0433601
0.0116588
0.0119851
-0.0496031
-0.149164
-0.0236472
-0.0325982
-0.00576542
-0.0137957
0.00620151
0.000786088
0.0130879
0.0102698
0.0163175
0.0152279
0.0167541
0.016823
0.0169888
0.0167787
0.0185998
0.0177094
0.0198007
0.0194064
0.0191963
0.0196823
0.0171528
0.0183443
0.0130064
0.0153882
0.00585495
0.009812
-0.00512384
0.000850058
-0.0196812
-0.0121298
-0.0334332
-0.0271065
-0.0301366
-0.0353661
0.0076468
-0.0163102
0.0601242
0.0346364
0.100648
0.081983
0.12058
0.123689
0.113967
0.0218261
-0.00551242
0.00460738
0.0140456
0.0341442
0.0285135
0.043107
0.0390032
0.0502436
0.0468845
0.054576
0.0529249
0.053881
0.0546307
0.0502751
0.052357
0.042584
0.0469928
0.0298611
0.0367714
0.0120478
0.0216284
-0.0137026
0.000310111
-0.0473832
-0.0303099
-0.068362
-0.0611541
-0.0592645
-0.0669782
-0.0352984
-0.0475167
-0.0152353
-0.0243938
-0.00210769
-0.00797554
0.00522476
0.00207889
0.00995506
0.00801628
0.0116047
-0.139128
-0.120489
-0.166131
-0.154687
-0.170513
-0.171301
-0.151299
-0.163426
-0.116835
-0.135241
-0.077829
-0.0972457
-0.040577
-0.0586375
-0.0247384
-0.141785
0.0102985
-0.092779
-0.0611579
-0.0408037
-0.0271445
-0.0200426
-0.0176249
-0.0904827
-0.0549861
-0.0150809
0.027429
-0.0175653
-0.00629971
-0.0187676
0.0700479
0.109105
0.126987
-0.0536085
-0.135769
0.129171
-0.118309
0.0213353
-0.0288849
-0.0363548
-0.0109699
-0.0187076
0.0044073
-0.00252588
0.0141689
0.00963724
0.0205439
0.0178315
0.0237236
0.0225427
0.0246649
0.024405
0.0252859
0.0249483
0.0262942
0.025827
0.0264917
0.0265536
0.0255852
0.026128
0.0238464
0.0248338
0.0206994
0.0224688
0.0157397
0.0184394
0.00879587
0.0124827
0.000785451
0.00478469
-0.00488415
-0.00268455
0.00125225
-0.00380498
0.0288345
0.0126597
0.0693399
0.0493614
0.100354
0.0861012
0.117659
0.111268
0.127821
0.119173
0.120663
0.0129621
-0.0184709
-0.00591709
0.00395498
0.0280066
0.020997
0.0399276
0.0341578
0.0487973
0.044319
0.0563132
0.0524746
0.0614258
0.0591198
0.0623612
0.0624242
0.0592163
0.0611753
0.0524529
0.0562513
0.0419181
0.0475975
0.0275046
0.0352268
0.00652435
0.0180433
-0.0221764
-0.00754709
-0.0404335
-0.0340362
-0.0340013
-0.0395465
-0.0169207
-0.0256203
-0.00245345
-0.0091293
0.00715257
0.00287184
0.0134535
0.0104756
0.0168828
0.0151471
0.0189349
0.0184487
0.0174516
0.0193483
-0.106119
-0.0820763
-0.148166
-0.128611
-0.177844
-0.165305
-0.181157
-0.182754
-0.159179
-0.172744
-0.121925
-0.141678
-0.08091
-0.10124
-0.043388
-0.0614432
-0.0129366
-0.0270584
0.00895827
-0.000975284
0.0132727
-0.11589
-0.0786574
-0.0564159
-0.0420373
-0.0338669
-0.0310051
-0.0692232
-0.036086
0.00266307
-0.0314029
-0.0328843
-0.033488
0.0432931
0.083623
0.119364
-0.0163696
-0.0314726
0.132072
0.114422
0.123542
0.0223395
-0.0260363
-0.0255253
0.0200526
-0.10961
0.0197934
-0.0941258
-0.0134312
-0.0224053
0.000992898
-0.00671632
0.0132405
0.00715388
0.0212289
0.0174251
0.0266821
0.0242221
0.0296726
0.0284531
0.0309429
0.0304466
0.0317041
0.0313562
0.0321311
0.0320102
0.0317555
0.0320406
0.0308176
0.0313246
0.0294079
0.0301913
0.0271488
0.0283866
0.0239471
0.0256545
0.0199744
0.022013
0.0163515
0.0180064
0.0158945
0.015493
0.0241702
0.0187002
0.0461582
0.0333937
0.0756343
0.0611232
0.0980261
0.088006
0.110685
0.105859
0.109661
0.112102
0.105277
0.09527
0.104161
0.00436237
-0.0264698
-0.0117009
-0.00380503
0.019925
0.0124405
0.0332596
0.0266854
0.0441207
0.0389195
0.0527719
0.0485555
0.0600419
0.056538
0.065633
0.0630397
0.0678696
0.0672409
0.0660325
0.0673696
0.0608372
0.0637818
0.0526847
0.0570803
0.0413138
0.0474609
0.0237922
0.0335253
-0.000560838
0.0117467
-0.0156338
-0.0102746
-0.0120028
-0.0154276
-0.00101012
-0.00664399
0.00864785
0.00413611
0.0154321
0.0123139
0.0199569
0.0178896
0.0227366
0.0214592
0.0246138
0.0239041
0.0241093
0.0253454
0.0253175
-0.1052
-0.0760812
-0.151675
-0.130474
-0.182326
-0.169698
-0.185072
-0.187166
-0.161822
-0.176074
-0.123369
-0.143669
-0.0816009
-0.1023
-0.0442242
-0.0620974
-0.0143461
-0.0281438
0.00640274
-0.00270737
0.0134106
-0.0956926
-0.0702534
-0.0556395
-0.0473081
-0.0448797
-0.0535599
-0.0211455
-0.046416
-0.0491068
-0.0511248
0.0164084
0.0554965
0.095467
-0.0499373
0.126366
-0.0450114
0.130052
-0.0183438
-0.035449
0.115649
0.083342
0.0922789
0.0232317
-0.00944187
-0.00696354
0.0200375
-0.0907686
-0.0268343
-0.0469843
0.0253366
-0.0769978
0.000257231
-0.0038093
0.0113075
0.00506389
0.0204687
0.0155943
0.0271188
0.0238627
0.0316765
0.029528
0.0344101
0.0332034
0.0358183
0.0352169
0.0364839
0.0362313
0.0364705
0.03657
0.0358711
0.0362174
0.0350343
0.0354686
0.033944
0.0345345
0.0324283
0.0332334
0.0305676
0.0315269
0.0287195
0.0295983
0.0279825
0.028125
0.0305042
0.028702
0.0395486
0.0340816
0.0576069
0.0475322
0.0791418
0.068615
0.0949823
0.0881302
0.103189
0.100127
0.100049
0.103158
0.0862107
0.0944422
0.0685917
0.0625021
0.0754152
0.000135342
-0.0238672
-0.0090188
-0.00496034
0.0127895
0.00622811
0.025824
0.019143
0.0376508
0.0317816
0.0473686
0.0426024
0.0555777
0.0516223
0.0625234
0.0591863
0.0680996
0.0655153
0.0710888
0.0699736
0.0706464
0.0712506
0.0672242
0.0692341
0.0613377
0.0645559
0.0523738
0.057333
0.0374358
0.045752
0.0174138
0.0273569
0.00532522
0.00981966
0.00617196
0.00469014
0.0121668
0.00900641
0.0179707
0.0152007
0.0223925
0.020318
0.0255195
0.0240533
0.0275741
0.0266402
0.0292027
0.0282933
0.029685
0.0294186
0.0282956
-0.0996396
-0.0720908
-0.148521
-0.126312
-0.178737
-0.166471
-0.181375
-0.183479
-0.158621
-0.172595
-0.120906
-0.140819
-0.0798808
-0.100226
-0.0433094
-0.0607701
-0.0143118
-0.0277049
0.00630639
-0.00300837
0.0138504
-0.0821784
-0.0107564
-0.0667078
-0.0593122
-0.0582271
-0.0432631
-0.0618214
-0.0672159
-0.0714791
-0.011522
0.0255145
0.0649907
-0.0726947
0.104865
-0.0680708
0.128451
-0.0579653
0.123399
-0.0433963
0.101736
-0.0118463
-0.0276888
0.0761213
0.0479955
0.0523938
0.0233314
0.0201757
-0.0786105
0.0305128
0.0303998
-0.0659531
0.00722609
0.00369368
0.00448539
0.0129454
0.010335
0.0196697
0.0156869
0.026461
0.022868
0.0319143
0.0292236
0.0357175
0.0338876
0.0381441
0.0370288
0.0394696
0.0389035
0.0399232
0.0397924
0.0396752
0.0398693
0.0390642
0.0393871
0.0383747
0.0387262
0.0375811
0.0379961
0.0366639
0.0371302
0.0357835
0.0362042
0.0353616
0.0354773
0.0363791
0.0356244
0.0404195
0.0379496
0.0493368
0.0442208
0.0639621
0.0560752
0.0799188
0.072176
0.0914754
0.0864407
0.0957668
0.09471
0.0920819
0.0950605
0.0787528
0.086513
0.0574852
0.0687594
0.0320464
0.0309061
0.0447606
0.017144
0.00221612
-0.0128565
-0.000153964
0.00033159
0.00972808
0.0055057
0.0197566
0.0141815
0.030865
0.0250653
0.040991
0.0360564
0.0498208
0.0455126
0.0574891
0.0537893
0.06408
0.0609067
0.0694244
0.0669378
0.0727565
0.0713756
0.0733549
0.0733742
0.0714199
0.0726442
0.0673258
0.0696301
0.0602031
0.0642363
0.0477806
0.0546355
0.0320094
0.0397634
0.0220353
0.026031
0.0204156
0.0205269
0.0226528
0.0213349
0.0255643
0.024112
0.0281067
0.0268827
0.030043
0.0291343
0.0315222
0.0308059
0.0324423
0.0319607
0.0324604
0.03269
0.0316692
-0.0104422
-0.047578
-0.0272655
-0.0937331
-0.0697451
-0.139109
-0.117896
-0.167612
-0.156001
-0.170736
-0.172378
-0.150091
-0.162881
-0.114969
-0.133596
-0.0761692
-0.0954736
-0.0411927
-0.0579238
-0.0132768
-0.0262465
0.0069695
-0.00227172
0.0143896
-0.074738
0.0036827
0.0319366
-0.0682689
-0.0693338
-0.0611207
-0.0761283
-0.0857527
-0.0945934
-0.0393802
-0.00735429
0.0312706
-0.0993572
0.0735397
-0.0969709
0.112404
-0.0862062
0.12466
-0.0687792
0.111841
-0.0490983
0.0817433
-0.0294198
0.0576816
3.46464e-05
-0.0126939
0.0340975
0.0152916
-0.000482756
0.00237123
0.00914724
0.0137306
0.0140016
-0.0723745
0.00911228
0.0095623
0.0175695
0.0152981
0.0224515
0.020123
0.027007
0.0247347
0.031663
0.0292617
0.0358435
0.0337554
0.0389461
0.0374459
0.0409938
0.0400469
0.0420899
0.0416341
0.0423504
0.0423057
0.0420348
0.0422378
0.0415097
0.0417785
0.040973
0.0412418
0.0404448
0.0407071
0.0399952
0.0402025
0.039822
0.0398598
0.0403406
0.0399656
0.0423414
0.0411117
0.0469222
0.0442721
0.0551663
0.0505814
0.0669934
0.0607646
0.0788706
0.0731489
0.0871727
0.0835845
0.0894509
0.0891232
0.0846627
0.0880043
0.0725916
0.07951
0.0540438
0.0643223
0.0309239
0.0428271
0.0193891
0.0112492
0.0096998
0.0173414
0.0138119
0.0255114
0.0209565
0.0349287
0.0302072
0.0436948
0.0394004
0.05168
0.0477796
0.0587681
0.0553324
0.0649308
0.0619608
0.0699961
0.0676161
0.0734149
0.0719227
0.0746766
0.0743034
0.0737916
0.0744586
0.0709535
0.0726136
0.0653387
0.0685573
0.0554524
0.060862
0.0432008
0.0492583
0.0344676
0.0382389
0.031043
0.0322688
0.0307203
0.0306612
0.0315824
0.0310783
0.0327119
0.0321307
0.0337333
0.0332274
0.0346376
0.0341575
0.0351302
0.0347727
0.0347936
0.0349517
0.033985
0.0343194
0.0334724
0.0338289
0.0144104
-0.00836464
0.0046365
-0.0441592
-0.0247305
-0.0855174
-0.0645684
-0.125078
-0.106197
-0.151001
-0.140267
-0.15505
-0.155867
-0.137703
-0.148648
-0.10659
-0.123227
-0.0712065
-0.0889202
-0.0385499
-0.0542491
-0.0119716
-0.0244162
0.0076245
-0.00131595
0.0208828
0.0149644
0.0301679
0.0256018
0.0324847
-0.0729529
0.000427686
0.0100239
-0.0765081
-0.0729777
-0.087292
-0.102673
-0.118317
-0.0421398
-0.00769834
-0.129582
0.035121
-0.131746
0.0812583
-0.122218
0.115403
-0.102615
0.115623
-0.0774071
0.0970361
-0.0516814
0.0633011
-0.0292715
0.0370098
-0.0120585
-0.0016738
0.0143837
0.0220011
0.0156471
0.0225457
0.0333861
0.000329759
-0.0133007
-0.00401673
0.0100957
0.0220351
0.0217616
0.0251169
0.023199
0.0292655
0.0271402
0.0328667
0.0311857
0.0360404
0.0344305
0.0390427
0.0375304
0.0414434
0.0402807
0.0430682
0.0423222
0.0439043
0.0435654
0.0440463
0.0440408
0.043758
0.04393
0.0433454
0.0435548
0.042954
0.0431447
0.042651
0.0427881
0.0425485
0.0425677
0.0428553
0.0426379
0.0439532
0.0432834
0.0464559
0.0450025
0.0510742
0.0484864
0.0583748
0.0544059
0.0679345
0.0629788
0.0767842
0.0725363
0.0826269
0.0801798
0.0835736
0.0837328
0.0782997
0.0817765
0.0672138
0.0736691
0.051104
0.0599163
0.0309771
0.0412207
0.0106996
0.0204802
0.00291254
0.0183141
0.0230154
0.020583
0.0166589
0.0169962
0.0185923
0.0172008
0.0234623
0.0205869
0.0304294
0.0267424
0.0382794
0.0343421
0.0459388
0.0421535
0.0531058
0.0495925
0.059588
0.0564334
0.0652857
0.0625355
0.0699652
0.0677737
0.0733997
0.0718759
0.07504
0.0744301
0.0748539
0.0751444
0.0728903
0.0740918
0.0685067
0.0710354
0.0607433
0.0649839
0.0510087
0.0558879
0.0431162
0.0467089
0.0386563
0.0405306
0.0367515
0.0374868
0.0362312
0.0363819
0.0363324
0.0362318
0.0366491
0.0364686
0.0369608
0.0368038
0.0370178
0.0370026
0.0366425
0.036874
0.0360836
0.0364208
0.0349762
0.035658
0.034163
-0.00498335
0.00673538
-0.0366956
-0.0196746
-0.0731966
-0.054783
-0.10794
-0.0912621
-0.131446
-0.121544
-0.136757
-0.136531
-0.123377
-0.132112
-0.0970983
-0.111328
-0.0658578
-0.0816426
-0.0359874
-0.050463
-0.0109677
-0.022775
0.00799705
-0.00072173
0.0209864
0.0151766
0.0293265
0.0256762
0.031743
-0.0780562
-0.0930959
-0.114966
0.0336824
0.0111356
-0.0637851
-0.139474
-0.0503738
-0.160426
-0.0103223
-0.1714
0.0392887
-0.166784
0.0880176
-0.146185
0.110618
0.0197655
-0.115182
0.09959
0.0129826
-0.0813502
0.0717885
0.00167787
-0.0131349
-0.0257973
-0.0513294
0.0403472
-0.0108032
-0.0178526
-0.0277754
0.0141923
-0.0234244
0.0343075
-0.0122669
-0.00414174
0.0271997
0.0326776
-0.0816666
0.0278887
-0.0742085
0.0276415
0.0175848
0.0235418
0.0281291
0.0274612
0.030474
0.0288104
0.0341492
0.0323141
0.037099
0.0357384
0.0394127
0.0382851
0.0415183
0.040469
0.0432806
0.0424283
0.044505
0.0439469
0.0451208
0.0448748
0.0452099
0.0452125
0.0449877
0.0451186
0.0446838
0.0448368
0.0444257
0.0445455
0.0443064
0.0443445
0.0444534
0.0443401
0.0450704
0.0446927
0.0464856
0.0456627
0.0491595
0.0476509
0.0535369
0.0511346
0.0598275
0.0564745
0.0672548
0.0635277
0.0741501
0.0709589
0.0782022
0.0765835
0.07813
0.0786942
0.0729537
0.0761495
0.0628606
0.0684691
0.0485009
0.0561896
0.0309461
0.0397974
0.0130407
0.0218722
0.00416333
0.0251825
0.0271188
0.0232179
0.0236488
0.0249343
0.0234669
0.0287039
0.0263685
0.0345244
0.0314948
0.041095
0.0377642
0.0477913
0.0444595
0.054187
0.0510393
0.0600705
0.0571973
0.0652968
0.0627688
0.0696605
0.0675951
0.0729311
0.0714501
0.074738
0.0740079
0.0749824
0.0750345
0.0736119
0.0744948
0.0701261
0.0721492
0.0638959
0.067304
0.0559251
0.0599683
0.0487946
0.0521407
0.0439292
0.046099
0.0411416
0.0423384
0.0397356
0.0403173
0.0391123
0.0393571
0.0388733
0.0389614
0.0387371
0.0388025
0.0384647
0.0386228
0.0380441
0.0382438
0.0373249
0.0376821
0.0361576
0.0368236
0.0353871
-0.00047476
0.00964384
-0.0271063
-0.0129045
-0.0586107
-0.0425767
-0.0894957
-0.0745815
-0.111284
-0.101918
-0.118137
-0.116745
-0.108946
-0.115355
-0.0877651
-0.0994535
-0.0609114
-0.0746521
-0.033995
-0.0471814
-0.0106058
-0.0217377
0.00765049
-0.000807173
0.0202577
0.0146446
0.028289
0.0247424
0.0308256
-0.0915536
-0.119698
-0.00556874
0.0328371
0.0316808
-0.153884
-0.091431
-0.187157
-0.061635
-0.210931
-0.0122955
-0.216983
0.0453264
-0.200484
0.0901817
0.028793
0.0221011
-0.164765
0.0976953
0.0139505
-0.0199367
-0.0329274
-0.121402
0.076087
0.00415571
-0.0366525
-0.0808839
0.044336
-0.00834792
-0.0339527
-0.0479377
0.0140059
-0.0991395
-0.0248857
0.0322189
0.0351473
0.0383655
0.0277826
0.0304518
0.030568
0.0315913
0.0309252
0.0343179
0.0327853
0.0375109
0.0359278
0.0399967
0.0388514
0.0417781
0.040934
0.0432802
0.0425449
0.0445457
0.0439366
0.045444
0.045036
0.0458994
0.0457171
0.0459745
0.0459712
0.0458237
0.0459141
0.0456187
0.0457205
0.0454776
0.0455362
0.0455011
0.0454645
0.0458194
0.0456177
0.0466214
0.0461517
0.0481785
0.0472953
0.0508229
0.0493588
0.0548144
0.0526572
0.060152
0.0573507
0.066123
0.0631435
0.0713049
0.0689875
0.0740469
0.0730212
0.07327
0.07411
0.0682895
0.0712685
0.0592203
0.0641923
0.0465794
0.053291
0.0315139
0.039114
0.0161496
0.0238394
0.0017134
0.00845112
-0.00993705
-0.00404157
-0.0274725
0.032645
0.0332629
0.030856
0.0319736
0.0289088
0.0296697
0.0299965
0.0291913
0.0331483
0.0313231
0.0379201
0.0354183
0.0434727
0.0406343
0.0493111
0.0463903
0.0549966
0.0521877
0.0603042
0.0577047
0.065066
0.0627573
0.0690925
0.0671769
0.072149
0.0707494
0.073977
0.0732097
0.0744455
0.0743671
0.0734345
0.0741204
0.0705494
0.0722306
0.0653943
0.0682137
0.0587184
0.0621357
0.0523292
0.055378
0.047463
0.0497039
0.0442485
0.0456863
0.0423053
0.0431583
0.0411851
0.0416728
0.0405249
0.0408185
0.0400446
0.0402757
0.0395389
0.0397986
0.0389272
0.0392478
0.0380701
0.0385229
0.0369366
0.0375209
0.0352003
0.0361805
0.0278039
0.0196167
0.0245843
0.00460101
0.0129709
-0.0174735
-0.00563566
-0.044397
-0.03056
-0.0717581
-0.0584092
-0.0923291
-0.0832557
-0.100883
-0.0982834
-0.0957899
-0.0999383
-0.0795498
-0.088772
-0.0569637
-0.0687152
-0.0329261
-0.0448591
-0.0110902
-0.0215826
0.00649649
-0.00170554
0.0188776
0.0133521
0.0269297
0.0233224
0.02966
-0.11464
-0.0253624
0.0289286
0.0332629
-0.157542
-0.125125
-0.00966739
-0.203999
-0.113117
-0.243389
-0.0725524
-0.264884
-0.0102835
0.0421399
0.0359407
-0.0221853
-0.259946
0.0511735
0.02518
-0.0316322
-0.226169
0.0842998
0.0152604
-0.0412075
-0.174744
0.0756341
0.00592276
-0.0478578
-0.120967
0.0465201
-0.00592781
-0.0492835
-0.0757047
0.0135833
-0.0212461
-0.0449706
-0.0430364
0.0465876
0.0474083
0.0306329
0.0321887
0.0519332
0.0324339
0.0313823
0.0342088
0.0330621
0.0367875
0.0353435
0.0396266
0.0382128
0.0418142
0.0408048
0.0432824
0.0426026
0.044411
0.0438702
0.0453358
0.0448948
0.0459984
0.0456978
0.0463469
0.0462049
0.0464262
0.0464136
0.0463412
0.0463939
0.0462252
0.0462813
0.0461826
0.0461907
0.0463132
0.0462222
0.0467426
0.0464857
0.0476391
0.0471262
0.0492219
0.0483385
0.051723
0.050357
0.0552753
0.053379
0.0597571
0.0574349
0.0645066
0.0621652
0.0684062
0.0665743
0.0702137
0.0696119
0.0689964
0.0699907
0.0642659
0.0670372
0.0561713
0.0605742
0.0451755
0.050981
0.0323476
0.0388417
0.0193078
0.0256991
0.00761464
0.0131102
-0.00318051
0.00216276
0.0409134
0.043761
0.0374781
0.0387333
0.0355504
0.0365198
0.0339766
0.0345891
0.0342911
0.0337265
0.036876
0.0354076
0.0407735
0.0387067
0.0454844
0.0430616
0.0505568
0.0480066
0.0555915
0.053095
0.0603543
0.0580155
0.064664
0.0625715
0.0683397
0.0665858
0.0711569
0.0698607
0.0729114
0.0721618
0.073458
0.0733266
0.0726418
0.0732153
0.0701567
0.0716048
0.0657772
0.0681679
0.060089
0.0630167
0.0543971
0.0571473
0.049736
0.0519261
0.0463721
0.0479126
0.0441262
0.04514
0.0426748
0.0433288
0.0417053
0.0421511
0.0409612
0.0413192
0.0402541
0.0406095
0.0394496
0.039867
0.0384452
0.0389673
0.0371093
0.0378122
0.0355706
0.0363515
0.0327951
0.033505
0.0346108
0.0310253
0.0279217
0.0294424
0.0216164
0.0254604
0.00947556
0.0162455
-0.00880939
0.00107178
-0.0318665
-0.019922
-0.0560955
-0.0441371
-0.075729
-0.0668161
-0.0859844
-0.082218
-0.084698
-0.0867572
-0.0730148
-0.0799594
-0.0543878
-0.0642925
-0.0330222
-0.043794
-0.0125706
-0.0225072
0.00452023
-0.0035139
0.0169932
0.0113709
0.0252854
0.0215502
0.0303034
0.028141
0.0318065
-0.147928
-0.0142952
0.0322513
-0.205887
-0.157809
-0.0338489
0.0323831
0.0324401
0.0317317
0.0322961
-0.261611
-0.135235
0.0573654
0.0517951
-0.301276
-0.0796825
0.0403639
-0.0098751
-0.0205416
-0.313045
-0.00596558
0.0283589
-0.0340949
-0.289842
0.0529929
0.0167791
-0.0464478
-0.238464
0.0666689
0.0070296
-0.0572868
-0.173564
0.0451089
-0.00393509
-0.0636524
-0.113058
0.0117079
-0.0178474
-0.0638033
-0.0670069
-0.0203144
-0.0372612
0.0312715
0.0637137
0.0623671
0.0683686
0.031703
0.0333682
0.032502
0.035506
0.0343464
0.038159
0.0368026
0.0407765
0.0394985
0.0427898
0.0418653
0.0441052
0.0435075
0.0450288
0.0445962
0.045742
0.0454059
0.0462504
0.0460196
0.0465314
0.0464145
0.0466235
0.0465882
0.0465993
0.0466185
0.0465613
0.0465775
0.0465993
0.046567
0.0468081
0.0466788
0.0473035
0.0470159
0.0482323
0.0477092
0.0497679
0.048921
0.0520671
0.0508247
0.0551781
0.0535344
0.0589181
0.0570012
0.0627019
0.060855
0.0656291
0.0643104
0.0667265
0.0664451
0.065249
0.0663139
0.0608254
0.0633751
0.0536218
0.0575233
0.0440651
0.0490723
0.0331792
0.0387019
0.0221869
0.0275361
0.0126179
0.0170244
0.00336943
0.00784033
-0.00105628
0.000311088
-0.00698037
0.000715339
-0.000959725
-0.00212604
0.00581576
0.0523652
0.056899
0.0459034
0.0488791
0.0421081
0.0436695
0.0395874
0.0406767
0.0380458
0.0385861
0.0380723
0.0378027
0.0400461
0.0388948
0.0432159
0.0415176
0.0471952
0.0451368
0.0515807
0.0493651
0.0560178
0.0538097
0.0602686
0.0581764
0.0641432
0.0622596
0.0674667
0.0658778
0.0700316
0.068852
0.071656
0.0709572
0.0721902
0.0720532
0.0714701
0.0719816
0.0692636
0.070545
0.0654653
0.0675316
0.0605482
0.0630848
0.0554805
0.0579596
0.0511082
0.0531905
0.0477527
0.0493142
0.0453562
0.0464575
0.0436915
0.0444562
0.0424988
0.043056
0.0415488
0.0420075
0.0406593
0.0411047
0.0396923
0.0401857
0.0385666
0.0391403
0.0372583
0.0378928
0.0356538
0.0364581
0.033746
0.034836
0.0288986
0.0303036
0.0236105
0.0267314
0.0137933
0.0193195
-0.00145362
0.006844
-0.0213149
-0.0109433
-0.0429832
-0.0321586
-0.0619289
-0.0530851
-0.0737975
-0.0689506
-0.0759558
-0.0761293
-0.0683977
-0.0732757
-0.0533895
-0.0616041
-0.0344567
-0.0441769
-0.0151715
-0.0246641
0.00169169
-0.00631528
0.0145332
0.00867902
0.0232232
0.0193027
0.0286728
0.0262915
0.0305307
-0.190131
0.0741645
0.0706194
-0.0579769
0.0317898
0.031602
0.0325244
-0.260003
-0.192453
0.0581403
-0.0436038
0.0316617
0.0317293
0.01475
0.00454673
0.0781512
0.0800105
0.0845626
-0.318516
-0.152286
0.0863595
0.0736145
0.0813577
0.0450017
-0.0176161
-0.34964
-0.0786705
0.0318639
-0.0336812
-0.343084
-4.83823e-05
0.0194139
-0.0488749
-0.299748
0.0436869
0.00800564
-0.0639178
-0.232941
0.0368818
-0.00263481
-0.075061
-0.160209
0.00663332
-0.0149841
-0.0814128
-0.0990799
-0.0279487
-0.0315375
-0.0811147
-0.0570906
0.0184669
0.019282
0.032899
0.0310939
0.032144
0.0342064
0.0334428
0.0362297
0.0351241
0.0387824
0.0374904
0.0412447
0.0400532
0.0431523
0.0422728
0.0444102
0.0438413
0.045243
0.0448598
0.0458409
0.0455625
0.0462588
0.0460685
0.0465076
0.0464002
0.0466151
0.0465729
0.0466436
0.046634
0.046672
0.0466544
0.0467751
0.0467108
0.0470396
0.0468841
0.047569
0.0472677
0.0484893
0.0479771
0.0499357
0.0491456
0.0520097
0.0508988
0.0547049
0.0532934
0.0578132
0.0562352
0.0608245
0.0593706
0.063005
0.0620539
0.0635866
0.0635101
0.0619744
0.0630564
0.057906
0.06022
0.0515004
0.054955
0.0431905
0.0475186
0.0338803
0.0385985
0.0246031
0.0291368
0.016554
0.0204129
0.0095517
0.0127401
0.00674207
0.00738935
0.00943159
0.00704378
0.0136144
0.0665891
0.0722705
0.0571035
0.0615328
0.0505455
0.0532698
0.0460251
0.0479905
0.0433339
0.044479
0.0415184
0.0421735
0.0413497
0.0412587
0.0427469
0.0418905
0.0452984
0.0439139
0.0486376
0.0468992
0.0524113
0.0504952
0.0563032
0.0543596
0.0600758
0.0582151
0.0635381
0.0618528
0.0665157
0.0650924
0.0688243
0.0677501
0.0702925
0.0696618
0.0707663
0.070649
0.0700889
0.070566
0.0680897
0.0692442
0.0647403
0.0665549
0.0604356
0.0626578
0.0559053
0.058144
0.0518431
0.0537966
0.0485791
0.0501163
0.0461261
0.0472682
0.0443286
0.0451656
0.0429742
0.0436141
0.0418586
0.0424002
0.0408109
0.0413348
0.0397087
0.0402682
0.0384849
0.0391077
0.0370829
0.0377983
0.0355017
0.0362933
0.0336077
0.0346357
0.0311493
0.0312578
0.0324929
0.0300362
0.0310736
0.0257045
0.0282722
0.0175826
0.0221767
0.00468657
0.011743
-0.0126193
-0.00350586
-0.0323185
-0.0223538
-0.0508395
-0.0419756
-0.0642422
-0.0583918
-0.0695441
-0.0679984
-0.0657742
-0.0687481
-0.0541256
-0.0607693
-0.0374197
-0.0461887
-0.0190645
-0.0282391
-0.00212657
-0.0102629
0.0113605
0.00513733
0.0206966
0.0164871
0.0266279
0.0240332
0.0300639
0.0286979
0.0308405
-0.236197
0.0652064
-0.0559344
0.0314339
0.0109585
0.0909668
-0.311073
-0.221726
0.0765515
0.0683719
0.0513173
-0.0128631
0.0248137
0.0301596
0.0296406
0.0299464
-0.362996
-0.158991
0.036515
-0.0305533
-0.0733207
-0.376085
-0.072399
0.0220531
-0.0487309
-0.346719
-0.000711887
0.00940872
-0.0676375
-0.286344
0.0189499
-0.00193434
-0.0843032
-0.211553
-0.0041171
-0.0132748
-0.0963239
-0.137751
-0.03936
-0.0269645
-0.102655
-0.081491
-0.0710522
-0.0473908
0.0704467
0.0892514
0.0846722
0.0795431
0.0313588
0.0307657
0.0299795
0.030665
0.0326016
0.0318782
0.0343225
0.0334775
0.036482
0.0353347
0.0388973
0.0376698
0.041245
0.0401067
0.0430916
0.0422344
0.0443388
0.043773
0.0451477
0.0447794
0.045695
0.0454431
0.0460677
0.0458976
0.0463041
0.0461987
0.0464326
0.0463775
0.0465078
0.0464731
0.046592
0.0465459
0.046748
0.0466583
0.0470515
0.0468786
0.047594
0.0472901
0.0484817
0.0479926
0.0498187
0.0490943
0.0516669
0.0506845
0.0539858
0.0527809
0.0565626
0.0552658
0.0589567
0.0578139
0.0605671
0.0598879
0.0607819
0.0608646
0.0591246
0.0601857
0.055407
0.0574997
0.0497404
0.0527823
0.0425348
0.0462744
0.0345562
0.0385869
0.0267497
0.0305656
0.0199694
0.0232337
0.0150733
0.0170378
0.0128529
0.0134289
0.0163418
0.013771
0.0200796
0.0178671
0.0249373
0.0972454
0.0934214
0.0816436
0.09487
0.0882808
0.0701082
0.0755243
0.0612051
0.065399
0.0543701
0.0574993
0.0495976
0.0517714
0.0465251
0.047896
0.0446105
0.0454113
0.0441482
0.0442198
0.0450582
0.0444567
0.0470736
0.0459611
0.0498501
0.0483938
0.053077
0.0514299
0.0564699
0.0547696
0.0597976
0.0581529
0.0628725
0.0613741
0.0655232
0.0642559
0.0675808
0.0666275
0.0688787
0.0683235
0.0692707
0.0691844
0.0686107
0.0690663
0.0667758
0.0678286
0.0637832
0.0653982
0.0599711
0.0619383
0.055894
0.0579227
0.0521323
0.053955
0.0489971
0.0504875
0.046542
0.047697
0.0446633
0.0455473
0.0431881
0.0438913
0.0419365
0.042547
0.0407549
0.0413449
0.0395359
0.0401527
0.0382175
0.0388882
0.0367606
0.037502
0.0351865
0.0359856
0.0333036
0.0342964
0.0311217
0.032255
0.0318407
0.0314973
0.0309431
0.031612
0.0275862
0.0296357
0.0208096
0.0246723
0.00976834
0.0158478
-0.00555025
0.00258846
-0.023786
-0.0144462
-0.0421379
-0.0331607
-0.0570691
-0.0502453
-0.0653583
-0.0621807
-0.0652035
-0.0663557
-0.0567759
-0.0619158
-0.0421357
-0.0500413
-0.024462
-0.033455
-0.00712263
-0.0155581
0.00732764
0.000576961
0.017656
0.0129794
0.0241629
0.0213133
0.0280037
0.0263927
0.0290411
-0.27762
0.0595
0.000739366
-0.00647027
0.0936976
0.097389
0.100567
0.0299187
-0.348131
-0.238116
0.0611901
0.0429731
-0.0254171
-0.0924702
0.0301547
0.029375
0.0297304
0.0343633
-0.383964
-0.155661
0.0262422
0.0628681
0.0729301
-0.0458555
-0.102434
0.00889518
-0.373579
-0.0670219
0.011105
-0.067946
-0.323717
-0.0164186
-0.00173731
-0.0904014
-0.252706
-0.0232403
-0.0130617
-0.108493
-0.176569
-0.05581
-0.0244115
-0.121923
-0.110438
-0.0915308
-0.0397501
-0.065623
0.0889885
0.0307126
0.0291813
0.0298791
0.0321534
0.031414
0.0340675
0.0330742
0.0363766
0.0351564
0.0386738
0.037486
0.0409398
0.0398408
0.0427515
0.0419063
0.0440071
0.0434355
0.0448233
0.0444536
0.0453571
0.0451137
0.0457124
0.0455502
0.0459484
0.0458407
0.0461009
0.0460314
0.046217
0.0461603
0.0463483
0.0462785
0.0465477
0.0464374
0.0468794
0.0466947
0.0474229
0.0471225
0.0482664
0.0478058
0.0494891
0.0488315
0.0511246
0.0502611
0.0531124
0.052087
0.0552468
0.0541817
0.0571485
0.0562518
0.0583233
0.0578488
0.0582777
0.0584653
0.0566355
0.0576531
0.0532595
0.0551442
0.0482637
0.0509319
0.0420336
0.0452566
0.0352178
0.0386493
0.028647
0.0318549
0.0230275
0.0256963
0.0193973
0.0208755
0.0180917
0.0184518
0.0217379
0.0192849
0.025443
0.0261375
0.0321883
0.104392
0.101003
0.107246
0.0976327
0.104243
0.0847172
0.0911216
0.0735141
0.0787979
0.064646
0.0689277
0.0577601
0.0609775
0.0527781
0.0550681
0.0493995
0.0509242
0.0473152
0.0482158
0.0465494
0.0467818
0.0470469
0.0466633
0.0485868
0.0477165
0.0508626
0.0496577
0.0535972
0.0521934
0.0565324
0.055056
0.0594478
0.0580037
0.0621609
0.0608374
0.064505
0.0633841
0.0663211
0.0654818
0.0674527
0.0669723
0.0677582
0.0677058
0.0671067
0.0675462
0.0654092
0.0663767
0.0627088
0.0641614
0.0592844
0.061056
0.0556
0.0574454
0.052114
0.0538138
0.049118
0.0505535
0.0466881
0.0478413
0.0447579
0.0456743
0.0431873
0.0439415
0.0418203
0.0424897
0.0405222
0.0411698
0.0391988
0.0398667
0.0377962
0.0385071
0.0362932
0.0370544
0.0346767
0.0354972
0.0328943
0.0337952
0.0307791
0.0318429
0.028592
0.0283794
0.0296233
0.0317496
0.0310613
0.0315306
0.0318605
0.0290853
0.0306348
0.0234973
0.0267306
0.0139601
0.0192581
0.000175112
0.00756956
-0.017017
-0.00810261
-0.0354674
-0.026265
-0.0520337
-0.0441996
-0.0633277
-0.0585153
-0.0667931
-0.0661205
-0.0615709
-0.0652211
-0.0488838
-0.0559988
-0.0316336
-0.0405928
-0.0135123
-0.0224491
0.00231105
-0.00516983
0.0140292
0.00869311
0.02139
0.0182069
0.0257671
0.0238632
0.0280532
0.0271656
0.0285171
-0.305105
0.0514629
-0.0104364
-0.018586
-0.116187
0.0284672
0.0433828
0.103259
0.106549
0.0397536
-0.362359
-0.239596
0.0523516
0.0326708
-0.040217
0.0298104
0.0288803
0.0272018
0.0270923
-0.128624
0.0335494
0.0381014
0.0182561
-0.376478
-0.147486
0.0538624
0.0143794
0.0834933
-0.0647299
-0.00116379
-0.343876
-0.0736486
-0.00116061
0.099557
-0.0916849
-0.279554
-0.0547972
-0.013857
-0.116787
-0.129203
-0.205236
-0.080966
-0.0242219
-0.137776
-0.13702
-0.118115
-0.0353814
-0.0846392
-0.147941
-0.0529766
0.0455994
0.0282364
0.0276208
0.0298639
0.0289778
0.0316175
0.0307247
0.0335944
0.0325666
0.0357524
0.0346865
0.0382314
0.037026
0.0404498
0.0393786
0.0422352
0.0413992
0.0435019
0.0429234
0.0443342
0.0439579
0.0448709
0.0446278
0.045223
0.0450624
0.0454649
0.0453523
0.0456386
0.0455565
0.0457903
0.0457145
0.0459619
0.0458718
0.0461976
0.04607
0.0465517
0.046358
0.0470911
0.0467965
0.0478883
0.0474568
0.0490022
0.0484073
0.0504463
0.0496889
0.0521495
0.0512769
0.0539191
0.0530433
0.0554292
0.0547268
0.0562716
0.0559511
0.0560458
0.0563012
0.0544569
0.0554175
0.0514074
0.0530972
0.0470141
0.0493495
0.041634
0.0444082
0.0358317
0.0387423
0.0303165
0.0330018
0.0257436
0.0278774
0.023094
0.024141
0.022731
0.0225468
0.0263471
0.0240418
0.0294903
0.0453602
0.0524089
0.0492157
0.0354924
0.0404805
0.112059
0.109371
0.114149
0.0996591
0.106269
0.08731
0.0934403
0.0764713
0.0814952
0.0675798
0.0717811
0.0606966
0.063935
0.0555514
0.0579351
0.0519424
0.0535834
0.0496617
0.0506614
0.0486195
0.049
0.0487551
0.0485623
0.0498694
0.0492163
0.0516963
0.0507169
0.0539851
0.0528024
0.0565004
0.05523
0.0590347
0.0577763
0.0614117
0.0602506
0.0634715
0.0624864
0.0650629
0.0643286
0.0660386
0.0656281
0.0662636
0.0662425
0.065621
0.066045
0.0640442
0.0649374
0.0615909
0.062906
0.0584941
0.0601048
0.0551302
0.0568198
0.0518886
0.0534781
0.0490258
0.050407
0.0466301
0.0477759
0.0446619
0.0456037
0.0430091
0.043808
0.0415393
0.0422613
0.0401364
0.040836
0.0387192
0.0394327
0.0372437
0.0379885
0.0356945
0.0364767
0.0340499
0.0348795
0.032247
0.0331567
0.0302422
0.0312908
0.0279744
0.0291328
0.031558
0.0307504
0.0318993
0.0319244
0.0302411
0.0313674
0.0256844
0.0283738
0.0173706
0.022043
0.00475346
0.011592
-0.0117586
-0.00309265
-0.030586
-0.0210321
-0.0489754
-0.0400461
-0.0634129
-0.0568991
-0.070626
-0.0680687
-0.0686722
-0.0708135
-0.0578498
-0.0642402
-0.0407401
-0.049832
-0.0213926
-0.0310683
-0.00373105
-0.0121655
0.00977568
0.00358841
0.0184307
0.0146899
0.0234972
0.0212696
0.0263418
0.0252022
0.0270079
0.0545368
0.0467499
-0.31216
0.0418335
-0.0233299
-0.0323408
0.0276521
0.0267194
-0.161603
0.0367753
0.0411524
0.116117
0.113739
0.0593205
0.0616172
0.0288143
-0.351609
-0.2291
0.0414091
0.020309
0.0763861
-0.0580908
0.00844974
-0.344228
-0.145443
0.0419528
0.00092782
0.09489
-0.0883044
-0.0130718
-0.294423
-0.102687
-0.0148887
-0.120228
-0.162724
-0.221728
-0.116295
-0.0264706
-0.14959
-0.153157
-0.151433
-0.15445
-0.0350681
-0.097649
-0.188797
-0.0453782
-0.0639336
0.0265973
0.0267003
0.0259731
0.0271896
0.0266818
0.0289439
0.0280027
0.0309226
0.0299179
0.0330209
0.0319525
0.0352882
0.0341474
0.0376821
0.0365003
0.0398552
0.0388066
0.0416146
0.040789
0.0428853
0.0423031
0.04373
0.0433482
0.0442722
0.0440275
0.0446246
0.044464
0.0448675
0.0447551
0.0450623
0.0449694
0.0452426
0.0451515
0.0454482
0.0453409
0.0457158
0.045573
0.0460904
0.0458884
0.0466267
0.0463371
0.0473826
0.046977
0.0484005
0.0478608
0.0496792
0.0490129
0.0511429
0.0503981
0.0526144
0.0518922
0.0538141
0.0532644
0.0544034
0.0541984
0.054057
0.0543534
0.0525447
0.0534418
0.0498008
0.0513109
0.0459455
0.047986
0.0413044
0.0436895
0.0363763
0.038839
0.0317736
0.0340029
0.0281197
0.0297951
0.0261535
0.0269119
0.0266395
0.0259937
0.0301454
0.0280034
0.0330875
0.0529791
0.0562843
0.0446644
0.0489173
0.120049
0.118217
0.122683
0.121443
0.122834
0.101375
0.108116
0.0893437
0.095226
0.0787913
0.0838614
0.0700864
0.0742338
0.0632026
0.0664473
0.0579527
0.0604006
0.0541715
0.0559036
0.0516962
0.0527947
0.050405
0.050919
0.0502148
0.0501932
0.0509462
0.0504889
0.0523674
0.051592
0.0542502
0.0532692
0.0563797
0.0552989
0.058562
0.0574752
0.0606289
0.0596177
0.0624278
0.0615671
0.0638146
0.0631757
0.0646508
0.0643022
0.0648078
0.0648122
0.0641798
0.0645864
0.0627149
0.0635409
0.0604755
0.0616724
0.0576476
0.0591019
0.0545591
0.0561148
0.0515281
0.0530219
0.0487832
0.0501158
0.0464181
0.0475574
0.0444138
0.0453797
0.0426831
0.0435243
0.0411166
0.0418879
0.0396168
0.0403643
0.0381156
0.0388696
0.0365768
0.0373519
0.0349856
0.0357888
0.0333227
0.0341647
0.0315507
0.0324513
0.0295852
0.0305953
0.0274045
0.0285316
0.0254013
0.0248891
0.0261875
0.0270923
0.0294918
0.0283966
0.0313989
0.03053
0.0321506
0.0319323
0.0311479
0.0319216
0.0274574
0.0296916
0.0201216
0.0243008
0.00836418
0.0148069
-0.00779061
0.000787037
-0.027271
-0.0172357
-0.047706
-0.0375747
-0.0654893
-0.0571729
-0.076643
-0.0721088
-0.0780844
-0.0786679
-0.0690795
-0.0747949
-0.0518318
-0.0612263
-0.0307932
-0.0414559
-0.0108095
-0.0204301
0.00489311
-0.00234016
0.0152463
0.0107372
0.0212363
0.0186365
0.0245906
0.0231907
0.0257516
0.025427
0.0257168
-0.206094
0.0253787
0.0432692
0.0252235
0.0461473
0.0243222
0.110971
0.0400531
0.0493043
0.0518103
0.0566246
0.05614
0.0581426
0.0394632
-0.300382
0.0296277
0.0671592
-0.0396517
-0.0495398
0.0184982
-0.321966
-0.216968
0.0274613
0.0058721
0.0892612
-0.0809462
0.12593
0.124588
0.0239743
0.0234977
-0.00179561
-0.296776
-0.163084
0.0247025
-0.0144555
0.107543
-0.11736
-0.205051
-0.0281709
-0.235025
-0.159313
-0.029889
-0.155289
-0.173306
-0.160898
-0.199916
0.047714
0.0276621
-0.0388726
-0.19275
-0.100639
-0.242568
-0.044199
-0.0667429
-0.263636
-0.0515922
0.0236572
0.0244445
0.0223109
0.0231171
0.0262329
0.0255074
0.0280314
0.0271042
0.0301422
0.0290791
0.0323775
0.0312561
0.0347189
0.033545
0.0370754
0.0359133
0.0392075
0.0381796
0.0409378
0.0401245
0.0422015
0.0416211
0.0430486
0.0426656
0.0435903
0.0433465
0.0439391
0.0437803
0.0441851
0.0440701
0.0443863
0.044288
0.0445869
0.0444846
0.0448201
0.0446982
0.0451166
0.0449595
0.0455125
0.0453012
0.046051
0.0457631
0.0467761
0.0463904
0.0477158
0.0472212
0.0488577
0.0482666
0.0501245
0.0494844
0.0513553
0.0507565
0.05231
0.0518801
0.0527072
0.0525885
0.0522831
0.0526017
0.0508595
0.051691
0.0483968
0.0497435
0.0450172
0.0467983
0.0410166
0.0430652
0.0368376
0.0389175
0.0330184
0.0348546
0.0301392
0.0314351
0.0287731
0.0292535
0.0297725
0.0289047
0.0333329
0.0311289
0.0395151
0.0361327
0.0485105
0.0436344
0.0598146
0.0540278
0.0659518
0.0700383
0.06631
0.0683412
0.0608773
0.0636217
0.0534701
0.0577263
0.128358
0.12725
0.130378
0.12938
0.13239
0.130913
0.133338
0.116167
0.128479
0.122863
0.102299
0.108731
0.0908289
0.0964902
0.080712
0.0856156
0.072177
0.0762509
0.0653297
0.068567
0.0600233
0.06251
0.0561098
0.0579153
0.0534562
0.0546476
0.0519378
0.0525732
0.0514518
0.0515853
0.0518368
0.0515567
0.0528882
0.052299
0.0543991
0.0536032
0.0561733
0.0552672
0.058031
0.0571022
0.0598133
0.0589392
0.0613756
0.0606272
0.0625807
0.0620259
0.0632969
0.0630009
0.0634023
0.0634243
0.0627987
0.0631838
0.0614416
0.0622045
0.0593773
0.060483
0.0567945
0.0581329
0.0539374
0.0553806
0.051083
0.0524966
0.0484349
0.0497283
0.0460885
0.0472264
0.044042
0.0450345
0.0422319
0.0431156
0.0405712
0.0413901
0.0389809
0.0397724
0.0374056
0.0381943
0.0358149
0.036614
0.034194
0.0350093
0.032526
0.033369
0.0307679
0.0316637
0.028856
0.0298344
0.0266953
0.0277983
0.0242183
0.0255511
0.0264146
0.0290278
0.0277758
0.0311786
0.0301903
0.0322743
0.0318642
0.0318131
0.032293
0.0288281
0.0306952
0.0222419
0.0260489
0.0110815
0.0172615
-0.0049655
0.00364486
-0.0252984
-0.0146892
-0.0479331
-0.0365252
-0.0692097
-0.0590158
-0.0844604
-0.0778709
-0.0894205
-0.0883964
-0.0822146
-0.0872876
-0.0645953
-0.074436
-0.0414827
-0.0533353
-0.0187515
-0.0297641
-0.000482961
-0.00893772
0.0118501
0.00643368
0.0190103
0.0159366
0.0228086
0.0212409
0.0242169
0.0237758
0.0242712
0.0438662
0.0292555
-0.278061
0.0147439
0.0248819
0.0751034
0.082472
-0.0589373
-0.0704189
0.123065
0.0228808
0.00971943
-0.284563
-0.218117
0.00929538
-0.0108577
0.103511
-0.10862
-0.261857
-0.0148457
0.0482309
-0.246142
-0.208254
-0.0320466
0.0650252
-0.153197
0.0789173
0.0735883
0.0795599
-0.0462426
-0.188527
-0.176647
-0.244078
0.00275008
0.0304054
-0.0455749
-0.2438
-0.218039
-0.106147
-0.302425
-0.0498704
-0.0608016
-0.339859
-0.0488018
-0.0480523
0.132625
0.021124
0.0230479
0.0219694
0.0251173
0.0241415
0.0271081
0.0261152
0.0293262
0.0281959
0.0316883
0.0305065
0.034096
0.032895
0.0364425
0.0352883
0.0385393
0.0375295
0.0402378
0.0394388
0.0414832
0.0409103
0.0423199
0.0419418
0.0428504
0.0426126
0.0431873
0.0430338
0.0434255
0.0433128
0.0436243
0.0435257
0.0438351
0.0437262
0.0440888
0.0439555
0.0444114
0.0442408
0.0448311
0.0446085
0.0453799
0.0450889
0.0460885
0.0457146
0.0469711
0.0465101
0.0480063
0.0474742
0.0491165
0.0485595
0.050156
0.0496548
0.0509188
0.0505819
0.0511708
0.051116
0.0506992
0.0510272
0.049368
0.0501352
0.0471594
0.0483598
0.0441965
0.0457514
0.0407483
0.0425074
0.0372086
0.0389625
0.0340552
0.035558
0.0318134
0.0327995
0.03099
0.031207
0.0322607
0.0313487
0.03582
0.0338034
0.0418407
0.0385504
0.0506163
0.045866
0.0615796
0.0559528
0.0674024
0.0765432
0.0779337
0.0731806
0.0749992
0.0691458
0.0712078
0.0628207
0.0668169
0.0622035
0.0608142
0.135849
0.13537
0.135578
0.136799
0.136303
0.137867
0.1373
0.139304
0.138567
0.128976
0.138291
0.139262
0.116505
0.123075
0.103124
0.109628
0.0920244
0.0974658
0.0822808
0.0870272
0.0739124
0.0779169
0.0671256
0.0703435
0.0617942
0.064303
0.0577803
0.0596437
0.0549699
0.0562452
0.0532433
0.0539897
0.0524876
0.0527625
0.0525563
0.0524383
0.053268
0.05285
0.0544359
0.0538106
0.0558816
0.0551369
0.0574403
0.0566569
0.0589633
0.0582136
0.0603141
0.0596654
0.061362
0.0608791
0.0619807
0.0617262
0.0620527
0.0620837
0.0614859
0.0618445
0.0602369
0.0609373
0.0583464
0.0593579
0.0559617
0.0571983
0.053298
0.0546477
0.0505871
0.0519359
0.048011
0.0492765
0.0456661
0.0468103
0.0435671
0.0445905
0.0416733
0.0426008
0.0399202
0.0407849
0.0382466
0.0390777
0.0366081
0.0374254
0.0349785
0.0357941
0.0333402
0.0341611
0.0316747
0.0325138
0.0299324
0.0308173
0.0280424
0.0290122
0.0259316
0.0270115
0.0234817
0.0247954
0.0214454
0.0207537
0.0221142
0.0255848
0.0284243
0.0270437
0.0307818
0.0296906
0.0322437
0.031637
0.0322503
0.0324829
0.0298286
0.031407
0.0238141
0.0273404
0.0130777
0.0190788
-0.00300205
0.00570769
-0.0242832
-0.0130576
-0.049159
-0.0364586
-0.0739672
-0.0618738
-0.0934035
-0.084706
-0.101993
-0.0993109
-0.0966303
-0.101056
-0.0785159
-0.0888828
-0.0530667
-0.0662548
-0.0272643
-0.0398341
-0.00614833
-0.0159512
0.00831242
0.00192345
0.0167659
0.0131587
0.0210411
0.0193129
0.0226002
0.0220822
0.0224598
0.0226982
0.0220282
0.0218541
-0.258514
-0.00323359
0.0240526
0.0930351
0.0988574
-0.0828998
-0.0960921
-0.33614
-0.00125437
-0.254156
-0.244214
-0.012371
-0.030124
0.0850296
-0.143385
0.0850784
0.085287
0.0737711
0.078754
0.13016
0.137483
-0.0315194
-0.19808
-0.20283
-0.281958
-0.00170908
-0.0203119
-0.0517909
-0.310965
0.0199819
0.0186312
0.0178805
0.121306
0.0196205
0.135316
-0.0684233
0.0485284
0.0444826
0.0588894
-0.237413
-0.128399
-0.351168
-0.0610688
-0.275856
-0.06501
-0.415634
-0.0562083
-0.0372587
-0.434808
-0.0438587
0.021683
0.0207757
0.0238882
0.0228397
0.0261133
0.0250131
0.028483
0.0272888
0.0309637
0.029723
0.0334427
0.0322114
0.0357977
0.0346438
0.0378704
0.0368743
0.0395371
0.0387534
0.0407554
0.0401952
0.0415697
0.0412025
0.0420775
0.041851
0.0423932
0.0422499
0.0426069
0.0425065
0.0427923
0.0426984
0.0430016
0.0428915
0.0432667
0.0431258
0.0436113
0.0434282
0.0440569
0.0438209
0.0446252
0.0443254
0.0453333
0.0449621
0.0461824
0.045742
0.0471415
0.0466519
0.0481329
0.0476391
0.0490243
0.0485984
0.0496385
0.0493732
0.0497812
0.0497734
0.0492825
0.0496118
0.0480409
0.048748
0.0460579
0.0471291
0.0434558
0.0448154
0.0404805
0.0419922
0.0374835
0.038961
0.0348902
0.036114
0.033168
0.0339025
0.03279
0.0327944
0.0342643
0.0332959
0.0378861
0.0358065
0.0438105
0.0404902
0.0521932
0.0476129
0.0627151
0.0572841
0.0685007
0.0828652
0.0841736
0.0801782
0.0815734
0.0774393
0.0787579
0.0745541
0.0757513
0.0738486
0.0743002
0.145741
0.147562
0.14647
0.145002
0.145324
0.145105
0.144961
0.145602
0.145374
0.145107
0.145382
0.116939
0.123447
0.104026
0.110328
0.0929586
0.0983473
0.0834946
0.088101
0.0753171
0.07924
0.0686157
0.0718016
0.0632882
0.065804
0.059204
0.0611108
0.0562592
0.0576083
0.0543423
0.0551904
0.0533393
0.0537439
0.0531164
0.053148
0.053513
0.0532538
0.0543622
0.0538953
0.0555036
0.0549082
0.0567876
0.056137
0.0580765
0.0574382
0.0592418
0.0586794
0.0601585
0.0597342
0.060704
0.0604788
0.0607639
0.0607934
0.0602466
0.0605729
0.059107
0.0597458
0.057373
0.0583012
0.0551635
0.0563115
0.0526593
0.0539324
0.0500594
0.0513591
0.0475287
0.0487787
0.0451662
0.0463251
0.0430038
0.0440624
0.0410234
0.0419949
0.0391825
0.0400896
0.0374357
0.0383006
0.0357472
0.0365862
0.0340925
0.0349171
0.0324498
0.0332712
0.0307925
0.0316253
0.0290675
0.0299417
0.0272001
0.028156
0.0251106
0.0261882
0.0226675
0.0239425
0.0212883
0.0244496
0.0275789
0.0260723
0.0301385
0.0289268
0.0319525
0.0311602
0.0323766
0.0323914
0.0304279
0.0317662
0.0248837
0.0281789
0.0144969
0.0203512
-0.00164013
0.00717357
-0.0238031
-0.0120079
-0.0507531
-0.0368537
-0.0788945
-0.0649979
-0.102388
-0.0916344
-0.114571
-0.110236
-0.111081
-0.114846
-0.0924972
-0.10338
-0.0646789
-0.0792243
-0.0357227
-0.0498931
-0.0117157
-0.0228801
0.00483827
-0.00249706
0.0145081
0.0104041
0.0192503
0.01736
0.0209275
0.0203671
0.0208698
0.0210558
0.0198861
0.0204645
0.0192713
0.0135963
-0.256541
-0.0231285
-0.0383599
0.0226109
0.0483481
0.0255588
0.119204
0.116733
0.149089
0.0200451
0.0735747
0.0181024
0.135162
-0.12937
-0.113547
-0.0855407
0.0176592
0.0745704
0.0843453
0.150982
0.145101
0.0191381
-0.0146451
0.0257648
-0.198347
-0.239375
-0.29722
-0.034385
-0.053198
0.134953
0.11329
-0.400491
0.0170433
0.0163971
-0.0504662
0.0633581
0.0417721
-0.248539
-0.174655
-0.379425
-0.0523549
-0.0733308
-0.096075
-0.298366
-0.0960433
-0.467823
-0.0732331
-0.171674
-0.153507
-0.351234
0.0191403
0.0179089
0.0851419
0.0859574
-0.0424769
-0.525292
-0.0548242
0.0575387
-0.00646763
-0.0334108
0.020312
0.0191825
0.0226251
0.0214975
0.0250722
0.0238309
0.0276055
0.0263297
0.0302084
0.0289049
0.0327677
0.0314994
0.0351492
0.0339857
0.037211
0.0362222
0.0388506
0.0380804
0.0400383
0.0394932
0.0408219
0.0404703
0.0412982
0.041087
0.0415773
0.0414532
0.0417542
0.0416704
0.0419128
0.0418306
0.0421065
0.0420016
0.0423714
0.0422276
0.042731
0.0425375
0.0432022
0.0429511
0.0437974
0.0434831
0.0445208
0.0441425
0.0453597
0.0449263
0.0462732
0.0458092
0.0471815
0.0467316
0.0479631
0.0475925
0.0484648
0.0482528
0.0485261
0.048552
0.0480129
0.0483387
0.0468539
0.0475063
0.0450667
0.0460258
0.042773
0.0439657
0.0401987
0.0415008
0.0376591
0.0389039
0.0355332
0.0365254
0.0342355
0.0347655
0.0342005
0.0340473
0.0358419
0.0348117
0.0394438
0.0374077
0.0452131
0.0420585
0.0533044
0.04898
0.0634546
0.058271
0.0689785
0.0911008
0.0915135
0.0915132
0.0891407
0.0902246
0.0871377
0.0880837
0.0855832
0.0863005
0.0850017
0.0850217
0.0864189
0.0855044
0.087274
0.159115
0.165768
0.162029
0.15519
0.156849
0.152964
0.153918
0.15205
0.152359
0.151912
0.15192
0.151871
0.151832
0.144829
0.15211
0.152033
0.130291
0.137555
0.116742
0.123316
0.104397
0.110462
0.0935481
0.0988445
0.0843372
0.0888063
0.0764
0.0802166
0.0698182
0.0729557
0.0645256
0.0670328
0.0603998
0.0623361
0.0573424
0.0587553
0.0552521
0.0561935
0.0540203
0.054545
0.0535254
0.0536964
0.0536269
0.0535161
0.0541783
0.0538588
0.0550376
0.0545795
0.0560706
0.0555402
0.0571514
0.0566108
0.0581586
0.0576681
0.0589718
0.0585919
0.0594701
0.0592609
0.0595389
0.0595565
0.0590843
0.0593723
0.0580547
0.0586327
0.0564644
0.0573167
0.0544053
0.0554777
0.0520286
0.0532408
0.0495077
0.0507729
0.0469961
0.0482418
0.0445989
0.0457789
0.0423658
0.0434611
0.0403014
0.0413138
0.0383828
0.0393259
0.0365777
0.0374679
0.0348555
0.0357075
0.0331896
0.0340164
0.0315547
0.0323732
0.0299102
0.0307353
0.0282033
0.0290678
0.0263539
0.0272994
0.0242663
0.0253423
0.0218509
0.0230867
0.0204374
0.0230705
0.0210948
0.0265242
0.0248638
0.0293178
0.0279845
0.0314548
0.0304953
0.0322297
0.0320649
0.0306687
0.0318078
0.0255478
0.028628
0.0155373
0.0212232
-0.000550924
0.00830335
-0.0233707
-0.0111364
-0.0520369
-0.0371316
-0.0830731
-0.0675927
-0.110228
-0.0976049
-0.12579
-0.119882
-0.124164
-0.127249
-0.105288
-0.116589
-0.0753643
-0.0911345
-0.0435082
-0.0591516
-0.0168584
-0.0292647
0.00154939
-0.00661125
0.0122041
0.00770855
0.0173383
0.0152999
0.0191479
0.0185417
0.0191659
0.0193084
0.0182404
0.018785
0.0176397
0.0047756
-0.188001
-0.27824
-0.0467362
0.170149
0.153234
0.102767
0.108641
-0.515896
0.0181144
0.0161303
-0.029388
0.0187617
-0.252028
-0.243247
-0.373096
-0.0638525
-0.0803705
0.144539
0.152088
-0.0748582
0.067722
0.0369955
-0.310458
-0.161776
-0.488283
-0.0944542
-0.0948128
-0.226445
-0.205104
-0.132076
-0.451359
0.0171351
0.016627
0.0970222
0.0152027
0.0846863
0.106907
0.0146779
0.111769
0.109669
0.0711151
-0.37943
-0.0830457
-0.578091
-0.0803848
0.179081
0.185375
0.0986067
0.0911727
0.0988954
0.0939749
0.0353794
-0.0541145
-0.0395471
-0.614447
-0.0518941
0.135489
0.13775
0.134438
0.0139433
0.0160904
0.0146699
0.0188632
0.0174878
0.0213798
0.0201129
0.0239935
0.0226457
0.026693
0.0253271
0.0294241
0.0280537
0.0320716
0.030759
0.0344957
0.0333115
0.0365639
0.0355714
0.0381878
0.0374247
0.0393488
0.0388159
0.0400997
0.0397646
0.0405374
0.0403458
0.0407709
0.0406681
0.0409031
0.040839
0.04102
0.0409544
0.0411825
0.0410876
0.0414323
0.0412892
0.0417953
0.0415926
0.0422863
0.0420179
0.0429106
0.0425751
0.0436605
0.0432638
0.0445097
0.0440677
0.0454058
0.0449481
0.0462645
0.0458372
0.0469714
0.0466347
0.0473923
0.0472146
0.0473945
0.0474406
0.046875
0.0471915
0.0457884
0.0463903
0.0441669
0.0450286
0.0421317
0.0431824
0.0398918
0.0410176
0.0377312
0.0387828
0.0359881
0.0367913
0.0350313
0.035399
0.0352502
0.0349852
0.0370032
0.0359354
0.0405641
0.0385643
0.0461729
0.0431187
0.0540573
0.0498441
0.0640946
0.0589588
0.075702
0.0695462
0.0832103
0.0971476
0.0980018
0.0953041
0.0962024
0.0938756
0.094491
0.0934473
0.0935238
0.0947152
0.0937812
0.0979882
0.0961251
0.103033
0.100074
0.117304
0.108351
0.126038
0.16975
0.173841
0.164009
0.166487
0.160477
0.161934
0.158659
0.159386
0.158089
0.158257
0.15845
0.158057
0.15924
0.158903
0.129727
0.137089
0.116298
0.122791
0.104421
0.11023
0.093835
0.0989865
0.0848887
0.0892205
0.0772126
0.0809137
0.0707731
0.0738516
0.0655375
0.0680265
0.0613912
0.0633482
0.0582389
0.0597087
0.0559893
0.0570181
0.0545425
0.0551806
0.0537908
0.0540933
0.0536138
0.0536418
0.0538859
0.0537023
0.0544847
0.0541503
0.0552916
0.0548654
0.0561919
0.0557313
0.0570707
0.0566336
0.0578095
0.0574559
0.0582869
0.0580777
0.0583851
0.0583781
0.0580043
0.0582463
0.0570837
0.0575995
0.0556216
0.0564044
0.0536868
0.0546945
0.0514057
0.05257
0.0489335
0.0501755
0.0464188
0.0476668
0.043976
0.0451778
0.0416735
0.0428003
0.0395363
0.04058
0.0375574
0.0385244
0.0357135
0.0366167
0.0339754
0.0348297
0.0323119
0.0331335
0.0306898
0.0314957
0.0290646
0.0298794
0.0273725
0.0282294
0.0255287
0.0264724
0.0234351
0.0245145
0.0210187
0.0222492
0.0196088
0.0120979
0.0159834
0.0139433
0.0187287
0.0174329
0.0218243
0.0201896
0.0252213
0.0235622
0.0281905
0.0267527
0.0306176
0.0294938
0.0317078
0.0313779
0.0305463
0.0314706
0.0259146
0.0287423
0.0163754
0.0218422
0.000510927
0.00930044
-0.0226037
-0.0101384
-0.052362
-0.0367933
-0.0854822
-0.0688351
-0.115486
-0.101384
-0.133855
-0.126613
-0.133976
-0.136372
-0.115179
-0.126665
-0.0838272
-0.100466
-0.0497391
-0.0665275
-0.021073
-0.0344163
-0.00132127
-0.0100645
0.00996555
0.00522858
0.0153566
0.0132128
0.0172982
0.0166382
0.0173825
0.0174928
0.0165528
0.017049
0.0153505
0.0159793
0.014317
0.0147598
-0.00563267
-0.243531
-0.320531
-0.0770174
0.175358
0.155999
0.159626
-0.0488895
0.00837104
-0.313754
-0.262481
-0.460151
-0.106001
-0.112282
-0.178804
-0.573297
0.12569
0.158393
0.16543
-0.106759
0.0331877
-0.39297
-0.166022
-0.590284
-0.115566
0.190698
0.198309
0.193064
0.105467
0.106539
0.0909035
0.0993053
0.0124938
0.0136706
0.0119215
0.0842198
0.0813279
0.00153825
-0.485393
-0.0883774
-0.663636
-0.09079
0.0110708
0.00953503
-0.0571869
-0.296102
0.133617
-0.275923
0.13327
0.0124683
0.0147585
0.0136193
0.0174372
0.0160977
0.0201627
0.0188056
0.0229356
0.0215194
0.0257797
0.0243256
0.0286317
0.0271846
0.0313668
0.0299941
0.0338447
0.0326174
0.0359367
0.0349153
0.0375623
0.0367794
0.0387104
0.0381622
0.039436
0.0390878
0.0398367
0.0396393
0.0400231
0.0399203
0.0401029
0.0400405
0.0401657
0.0401009
0.0402811
0.0401817
0.0404976
0.0403418
0.0408464
0.0406208
0.0413436
0.0410425
0.0419902
0.0416156
0.0427696
0.0423326
0.0436428
0.0431659
0.0445451
0.0440635
0.045385
0.0449468
0.0460503
0.0457127
0.04642
0.0462429
0.0463834
0.0464196
0.0458634
0.0461472
0.0448368
0.0453739
0.0433495
0.0441103
0.0415233
0.0424402
0.0395536
0.0405228
0.0376978
0.0385854
0.0362582
0.0369092
0.0355632
0.03581
0.035957
0.0356247
0.0377571
0.0366897
0.041225
0.0392929
0.0466073
0.0436795
0.0541855
0.050117
0.0639296
0.0588526
0.0760629
0.0696314
0.0831774
0.103124
0.104293
0.101179
0.102034
0.100303
0.100594
0.100901
0.100395
0.103601
0.101966
0.108986
0.105949
0.117916
0.112811
0.134505
0.125243
0.145152
0.17938
0.184418
0.172015
0.175306
0.167387
0.169398
0.164887
0.165919
0.164008
0.164281
0.164551
0.164104
0.166032
0.165227
0.159982
0.168067
0.167014
0.143866
0.151888
0.128835
0.136151
0.115581
0.121933
0.104034
0.109615
0.0938211
0.0987702
0.0851426
0.0893317
0.0777413
0.0813098
0.0714809
0.0744876
0.0663281
0.0687954
0.0621825
0.0641606
0.0589529
0.0604821
0.0565577
0.0576768
0.0549097
0.0556609
0.0539165
0.0543452
0.053479
0.0536346
0.0534938
0.0534278
0.0538579
0.0536219
0.0544682
0.0541148
0.05522
0.0548032
0.0560025
0.05558
0.0566967
0.0563304
0.0571775
0.0569319
0.0573207
0.0572581
0.0570182
0.0571909
0.0561977
0.0566372
0.0548426
0.0555504
0.0530023
0.053946
0.0507858
0.0519047
0.0483375
0.0495562
0.045807
0.0470511
0.0433201
0.0445299
0.0409619
0.0420997
0.0387733
0.0398233
0.0367586
0.0377226
0.0348982
0.0357882
0.0331627
0.0339942
0.031515
0.0323079
0.0299075
0.0306811
0.028299
0.0290852
0.0266136
0.0274475
0.0247609
0.0256896
0.0226432
0.0237142
0.0201673
0.0214178
0.0171544
0.0187428
0.0154212
0.01489
0.0129308
0.0179046
0.0164201
0.0207261
0.0193428
0.0238841
0.0222859
0.0269183
0.0254303
0.0296298
0.0282952
0.0309439
0.030493
0.0301357
0.0308592
0.026001
0.0285673
0.0170245
0.0222102
0.00164188
0.010213
-0.0212606
-0.00885319
-0.0512953
-0.0355091
-0.0854112
-0.0681663
-0.117138
-0.102109
-0.137404
-0.129216
-0.139036
-0.14077
-0.120875
-0.132165
-0.0891645
-0.106105
-0.0538185
-0.0712817
-0.0241341
-0.0379356
-0.003761
-0.0127621
0.00777749
0.00294628
0.0133033
0.011097
0.0153531
0.0146411
0.0155201
0.0155886
0.0147976
0.0152291
0.0136574
0.014263
0.0130667
-0.0206302
-0.309439
-0.374715
-0.116498
-0.370428
-0.334313
-0.244206
-0.670486
-0.146397
0.177714
0.142205
-0.0758839
-0.0050347
-0.395099
-0.387351
-0.289567
-0.540576
-0.162357
-0.148646
-0.148027
0.200774
0.209291
0.207725
0.107708
0.090948
0.0997525
0.206993
0.211844
0.236867
0.16022
0.169144
0.0107118
0.0102153
0.0128912
0.0111923
0.0327632
0.132591
0.132833
0.0641496
-0.495001
-0.467475
-0.181148
-0.667404
-0.138629
0.00920244
0.00822349
0.00994772
0.00854189
-0.0953882
-0.111406
-0.71246
-0.603373
-0.0462881
0.0931434
0.159203
0.182786
0.011128
0.0102005
0.0136051
0.0124369
0.0162579
0.0149514
0.0190806
0.0176774
0.0219644
0.0205085
0.0249083
0.0234245
0.0278502
0.0263887
0.0306568
0.0292806
0.0331856
0.0319654
0.035309
0.0343042
0.0369489
0.0361906
0.0380958
0.0375795
0.0388067
0.0384968
0.0391786
0.0390242
0.0393226
0.0392682
0.0393473
0.0393398
0.0393493
0.0393431
0.0394053
0.0393645
0.0395724
0.0394709
0.0398891
0.0397098
0.0403756
0.0401107
0.0410325
0.0406843
0.041837
0.0414198
0.0427395
0.0422814
0.0436627
0.0432054
0.044506
0.0441019
0.0451548
0.0448619
0.0454959
0.0453694
0.0454355
0.0455186
0.0449179
0.0452328
0.0439404
0.0444813
0.0425624
0.0432919
0.0409083
0.0417566
0.0391623
0.0400307
0.0375588
0.0383248
0.0363673
0.0368928
0.0358784
0.0360162
0.0363923
0.0359924
0.0381893
0.0371154
0.0415157
0.039648
0.0466169
0.0438285
0.0537895
0.0499259
0.0632498
0.058231
0.075551
0.0689841
0.0828576
0.108776
0.111947
0.110255
0.106728
0.107586
0.106272
0.106303
0.107765
0.106759
0.111811
0.109448
0.118949
0.114982
0.130856
0.124141
0.148959
0.139177
0.174659
0.160556
0.191794
0.187921
0.193717
0.179232
0.183157
0.173683
0.17613
0.170601
0.171883
0.169545
0.169857
0.170262
0.169709
0.172491
0.17121
0.175876
0.174109
0.14293
0.151408
0.127589
0.134924
0.114457
0.120756
0.103189
0.108624
0.093418
0.098151
0.0850787
0.0890838
0.0779833
0.0813891
0.071948
0.0748407
0.0669089
0.0693135
0.0627847
0.0647448
0.0594924
0.061046
0.0569623
0.0581428
0.0551228
0.0559654
0.0539009
0.0544416
0.0532201
0.0534973
0.0529999
0.0530538
0.0531567
0.0530297
0.0536016
0.0533392
0.0542372
0.0538899
0.0549541
0.0545788
0.0556296
0.0552897
0.0561314
0.0558944
0.0563267
0.0562589
0.0560977
0.0562558
0.0553609
0.0557817
0.0540871
0.0547779
0.0523127
0.0532471
0.0501363
0.0512581
0.0476991
0.0489337
0.0451546
0.0464251
0.042639
0.0438806
0.0402498
0.0414189
0.0380382
0.0391146
0.0360139
0.036997
0.0341578
0.03506
0.032437
0.033275
0.0308219
0.031607
0.0292161
0.0300004
0.0276143
0.0284121
0.0259203
0.0267749
0.0240382
0.0250011
0.021859
0.0229891
0.0192862
0.0206288
0.0162572
0.0178388
0.0146538
0.0132904
0.0115188
0.0163861
0.0148536
0.0193047
0.0179024
0.0222712
0.0207553
0.0252484
0.0237784
0.0283299
0.0265076
0.0297174
0.0291427
0.0293538
0.0297894
0.0258468
0.0280809
0.0175929
0.0224128
0.00296777
0.0111604
-0.0191606
-0.00713536
-0.0485106
-0.0330405
-0.0822259
-0.0651319
-0.11436
-0.0990243
-0.135202
-0.126596
-0.137976
-0.139107
-0.121042
-0.13171
-0.0903993
-0.106826
-0.054859
-0.0724746
-0.0256137
-0.0392067
-0.00551653
-0.0143856
0.00585789
0.00109462
0.0113513
0.00915168
0.0134251
0.0126943
0.0136584
0.0136883
0.0130426
0.0134154
0.0120113
0.012556
0.01139
-0.0410986
-0.394257
-0.426912
-0.165802
-0.285891
-0.204718
0.219588
0.113812
0.108896
0.241917
0.269165
0.177762
0.00929221
-0.110515
-0.0179396
0.134949
-0.483893
-0.468492
-0.316983
-0.59988
-0.220763
-0.233455
-0.187675
0.00803868
0.00713068
0.00732906
0.00882534
0.00760728
-0.156289
-0.204271
-0.707551
-0.604344
0.0424702
0.0350611
0.203
0.163829
0.219216
0.192292
0.231841
0.215204
0.169421
0.17817
0.233327
0.20345
0.218482
0.246597
0.230201
0.249041
0.240237
0.271808
0.250758
0.264405
0.115883
0.271789
0.117991
0.285272
0.296091
0.30944
0.166325
0.33797
0.326574
0.304106
-0.687935
0.123523
0.126608
0.106161
0.199499
0.307511
0.287157
-0.152392
0.50025
0.547566
0.506384
0.554419
0.0100464
0.00900303
0.012604
0.0113684
0.0153475
0.0139951
0.0182209
0.0167887
0.0211729
0.0196994
0.0241869
0.0226836
0.0271773
0.0256928
0.0300241
0.0286276
0.0325847
0.0313482
0.0347337
0.0337159
0.0363924
0.0356252
0.037549
0.0370296
0.0382595
0.037953
0.0386184
0.0384745
0.0387348
0.0386983
0.0387176
0.038735
0.0386661
0.0386891
0.0386635
0.0386529
0.0387746
0.0387004
0.0390456
0.0388871
0.0395026
0.0392493
0.0401487
0.0398022
0.0409592
0.0405356
0.0418782
0.0414094
0.0428195
0.0423519
0.0436735
0.0432641
0.0443213
0.0440296
0.0446524
0.0445315
0.0445829
0.0446702
0.0440721
0.0443817
0.0431336
0.0436516
0.0418387
0.0425222
0.0403152
0.0410937
0.03874
0.0395195
0.0373286
0.0379974
0.0363226
0.0367574
0.0359783
0.0360498
0.0365561
0.0361345
0.0383035
0.037268
0.0414508
0.0396873
0.0462486
0.0436254
0.0530043
0.0493615
0.0621113
0.0572278
0.0743372
0.0677697
0.0904371
0.0819141
0.109919
0.0998488
0.118023
0.12062
0.114009
0.115822
0.111833
0.112698
0.111716
0.111528
0.113959
0.112535
0.119096
0.116162
0.127875
0.122999
0.141542
0.134052
0.161451
0.150707
0.189501
0.1742
0.229235
0.207901
0.284372
0.254278
0.351953
0.359166
0.319315
0.342936
0.412758
0.40587
0.373171
0.293847
0.31696
0.256587
0.273872
0.229015
0.241672
0.20928
0.218315
0.195265
0.201686
0.185582
0.189982
0.179285
0.182076
0.175765
0.17723
0.174604
0.174929
0.175565
0.174858
0.178547
0.176806
0.183151
0.180663
0.160045
0.179834
0.169997
0.141516
0.150454
0.12585
0.133332
0.112774
0.119028
0.101847
0.107098
0.0925786
0.0970361
0.084688
0.0884816
0.0779395
0.0811859
0.0721569
0.0749353
0.067257
0.0696005
0.063172
0.0651172
0.0598318
0.0614122
0.0571813
0.0584236
0.0551687
0.0560989
0.0537429
0.0543866
0.0528509
0.0532351
0.0524343
0.0525888
0.0524262
0.0523856
0.0527485
0.0525533
0.0533072
0.0530065
0.0539906
0.0536426
0.0546689
0.0543404
0.0552008
0.0549634
0.0554441
0.0553684
0.055272
0.0554185
0.0545927
0.0550017
0.05337
0.0540516
0.0516346
0.0525649
0.0494823
0.0506058
0.0470548
0.0482965
0.0445101
0.045791
0.0419905
0.0432429
0.0395995
0.0407774
0.0373919
0.0384738
0.0353791
0.0363641
0.0335396
0.0344419
0.0318338
0.0326743
0.030199
0.0310148
0.0286374
0.0294231
0.0270307
0.0278441
0.025312
0.0261929
0.0233836
0.0243837
0.0211355
0.0223106
0.0184695
0.0198622
0.0153447
0.0169697
0.0119091
0.0137275
0.00834719
0.0103178
0.0116491
0.0101254
0.0146266
0.013107
0.01759
0.016143
0.0205409
0.019041
0.0235489
0.0220408
0.0264574
0.0249934
0.0282592
0.0275215
0.0282834
0.0285382
0.025338
0.0272711
0.017851
0.0222574
0.00426654
0.0119062
-0.0164953
-0.00518706
-0.044199
-0.0295658
-0.0762113
-0.0599327
-0.10673
-0.0921377
-0.127178
-0.118664
-0.13068
-0.131297
-0.115518
-0.125184
-0.0877873
-0.102491
-0.052445
-0.0700798
-0.0256456
-0.0383321
-0.00668052
-0.0150532
0.00416332
-0.000390275
0.00945368
0.00733485
0.0114657
0.0107505
0.0117439
0.0117404
0.0112449
0.011551
0.0103557
0.0108308
0.00914543
0.00978061
0.0077722
0.00853509
-0.0660306
0.491914
0.439078
0.468538
0.191213
0.401777
0.47904
0.44363
-0.468927
-0.469004
-0.223036
0.00628494
0.00707645
0.00650314
-0.120601
0.185951
0.120255
-0.308304
-0.314272
-0.223877
-0.337608
-0.631145
-0.582472
0.407009
0.516339
0.268693
0.13661
0.532019
0.455997
-0.157722
-0.0316676
-0.40943
-0.366952
-0.550286
-0.567741
-0.67174
0.130122
0.189105
0.0340706
0.132248
0.344363
0.245881
0.348417
0.414101
0.0121928
-0.236718
-0.21305
0.00555005
-0.717644
0.006368
-0.395923
0.00524457
0.61718
0.608953
-0.283342
-0.493694
-0.555757
0.463085
0.21002
0.497318
-0.0970612
-0.402237
-0.707769
0.00699298
0.0076307
0.00823255
0.00873987
0.00915457
0.00948946
0.00974171
0.00988417
0.00987156
0.00960638
0.00896262
0.00777473
0.00584581
0.00293148
-0.00123231
-0.00695838
-0.0145169
-0.0240798
-0.0356152
-0.0488767
-0.0638326
-0.0789094
-0.0925517
-0.104119
-0.112621
-0.11723
-0.11754
-0.11355
-0.105724
-0.0947888
-0.0816285
-0.0672386
-0.052545
-0.0382919
-0.025043
-0.0131794
-0.0029217
0.00564475
0.0125358
0.0178456
0.0217205
0.0243401
0.0258973
0.0265869
0.026596
0.0260983
0.0252189
0.0240605
0.0226862
0.0212416
0.0197711
0.0183147
0.0168663
0.015446
0.0140646
0.0126493
0.0112743
0.00997612
0.00870266
0.00763396
0.00660046
0.00565295
0.0048507
-0.280689
-0.225822
-0.00372181
0.405765
0.303026
0.173857
0.0410632
0.00459707
0.00595545
0.00749336
0.00922071
0.0109486
0.0127574
0.0144641
0.0161612
0.0177124
0.01916
0.0204806
0.0216941
0.0228098
0.0238376
0.0247989
0.0256972
0.0265574
0.0273785
0.0281848
0.0289718
0.0297619
0.0305687
0.0313801
0.0322075
0.033071
0.0339577
0.0348905
0.0358579
0.036881
0.0379443
0.0390656
0.0402242
0.0414337
0.0426665
0.043931
0.0451922
0.0464543
0.0476762
0.0488607
0.0499642
0.0509916
0.0519011
0.0527039
0.0533638
0.0539008
0.0542867
0.0545509
0.0546733
0.0546913
0.0545914
0.0544166
0.0541573
0.0538591
0.0535139
0.0531681
0.0528133
0.0524944
0.0522011
0.0519761
0.0518059
0.0517305
0.0517337
0.0518521
0.0520677
0.0524142
0.052872
0.0534716
0.0541932
0.0550644
0.0560661
0.0572235
0.0585192
0.0599768
0.0615805
0.0633532
0.0652812
0.0673889
0.0696646
0.0721347
0.0747848
0.077645
0.0807038
0.0840071
0.0875477
0.0913887
0.0955262
0.100055
0.104987
0.110468
0.116515
0.123308
0.130849
0.139315
0.148708
0.159069
0.170282
0.181609
0.192454
0.202408
0.197821
0.193608
0.189885
0.186703
0.184048
0.181881
0.180352
0.179432
0.179109
0.179409
0.180338
0.181935
0.184228
0.187277
0.191136
0.195893
0.20163
0.208471
0.216507
0.225909
0.23688
0.249622
0.26421
0.280791
0.299451
0.320943
0.344767
0.370426
0.397433
0.423769
0.446482
0.462509
0.470599
0.465224
0.448891
0.422341
0.389311
0.354894
0.321838
0.291598
0.264654
0.241127
0.219977
0.201013
0.185126
0.171713
0.160341
0.150545
0.142254
0.135416
0.129888
0.125441
0.121973
0.11936
0.11758
0.116526
0.11617
0.116432
0.117321
0.118801
0.120868
0.123524
0.126741
0.130282
0.134432
0.139148
0.144515
0.134445
0.122811
0.110806
0.0994593
0.0892079
0.0802676
0.0725819
0.0660373
0.0604766
0.0557495
0.0517412
0.0483314
0.0454513
0.0430249
0.041027
0.0393946
0.038117
0.037144
0.0364729
0.0360535
0.0358853
0.0359151
0.0361415
0.0365097
0.0370183
0.0376119
0.0382907
0.038999
0.0397404
0.0404602
0.0411667
0.0418079
0.0423983
0.0428898
0.0433044
0.0435995
0.043805
0.0438843
0.0438755
0.0437481
0.0435471
0.0432477
0.0428989
0.0424804
0.0420419
0.0415653
0.0410988
0.0406237
0.0401845
0.0397601
0.0393898
0.0390495
0.0387728
0.0385324
0.0383569
0.0382165
0.0381352
0.0380817
0.0380759
0.0380854
0.0381267
0.0381658
0.0382168
0.0382434
0.0382587
0.038224
0.0381517
0.0380039
0.0377894
0.0374751
0.0370685
0.0365397
0.0359001
0.0351223
0.0342283
0.0332028
0.0320705
0.0308292
0.0295048
0.0281025
0.026648
0.0251537
0.0236386
0.0221199
0.0206116
0.0191053
0.0176041
0.0161445
0.0146769
0.0132706
0.0118454
0.0105617
0.00925866
0.00806963
0.00702868
0.0061048
0.0053127
0.00470262
0.00421555
0.00513568
-0.688417
-0.277973
-0.371851
-0.628342
-0.356247
-0.582439
-0.577147
-0.630129
0.562501
0.412991
0.136968
0.31239
0.470353
0.582653
-0.0528382
-0.227468
-0.143486
0.526735
0.240759
0.488534
-0.587439
-0.49448
-0.337808
-0.692874
-0.369298
-0.674133
0.00560141
0.00617578
0.00667542
0.00709296
0.00742594
0.00768708
0.00787869
0.0079791
0.00794908
0.00770999
0.00715174
0.00612721
0.00446305
0.00194611
-0.00164821
-0.00656371
-0.0130245
-0.0211762
-0.0310102
-0.042309
-0.0546826
-0.0671516
-0.0786832
-0.088383
-0.0954593
-0.0992216
-0.0993782
-0.0959195
-0.0892408
-0.0799242
-0.0687501
-0.0564964
-0.0439359
-0.0316804
-0.0202352
-0.00992728
-0.000979809
0.00652112
0.0125593
0.0172052
0.0205676
0.022797
0.0240606
0.0245288
0.0243734
0.0237455
0.0227832
0.0215858
0.0202384
0.0188196
0.0173921
0.01599
0.0146142
0.0132802
0.0120165
0.0107626
0.00957185
0.00846762
0.00738938
0.00647303
0.00561555
0.00483865
0.00420654
0.00378096
0.00290955
0.0828204
0.242682
0.211881
0.206088
0.200775
0.196102
0.192103
0.188853
0.186303
0.184491
0.183382
0.182968
0.183264
0.184262
0.185978
0.188458
0.191736
0.19588
0.200947
0.207027
0.2142
0.22257
0.232252
0.243394
0.256082
0.270317
0.286241
0.304114
0.323713
0.345022
0.367083
0.389533
0.41111
0.429079
0.440494
0.44419
0.439227
0.426163
0.405802
0.38007
0.351686
0.322814
0.295488
0.27057
0.248026
0.227702
0.209519
0.193554
0.179742
0.167844
0.157628
0.148913
0.141594
0.135561
0.130669
0.126825
0.123909
0.121862
0.120612
0.120158
0.120389
0.121329
0.122961
0.125287
0.128304
0.132004
0.136168
0.141231
0.146866
0.153227
0.160402
0.152842
0.14017
0.12591
0.111799
0.0988998
0.0876358
0.0781616
0.0702549
0.0636945
0.0582286
0.0537151
0.0499765
0.0468663
0.0442747
0.0420842
0.0403116
0.0388275
0.0376938
0.0367949
0.0362008
0.0357949
0.0356515
0.03565
0.0358681
0.0361784
0.0366628
0.0371869
0.0378383
0.038477
0.0391968
0.0398542
0.04055
0.0411395
0.0417316
0.0421825
0.0426103
0.0428742
0.0431017
0.0431567
0.0431759
0.0430281
0.0428585
0.0425408
0.0422258
0.0417905
0.0413878
0.0408964
0.0404679
0.0399807
0.0395819
0.0391483
0.038821
0.0384741
0.0382424
0.0379972
0.0378677
0.0377226
0.0376866
0.0376267
0.037664
0.0376634
0.0377438
0.0377675
0.0378521
0.0378579
0.0379006
0.0378394
0.0377886
0.0376093
0.0374118
0.0370665
0.0366763
0.0361191
0.0355057
0.0346989
0.0338355
0.0327895
0.0316962
0.0304431
0.0291628
0.0277533
0.0263434
0.0248379
0.0233566
0.0218135
0.0202959
0.0187518
0.0172501
0.0157732
0.0142822
0.0128214
0.0113697
0.00998465
0.00869869
0.00734063
0.00623686
0.00507485
0.00443005
0.00378814
0.00375176
0.00338195
0.00371138
-0.0896952
-0.342327
0.478418
0.645228
0.144607
0.376958
0.608566
0.382147
-0.555392
-0.633872
-0.604126
-0.371101
0.00355361
0.00469353
0.00632506
0.0081504
0.00999923
0.0118783
0.0136952
0.0154343
0.0170442
0.0185327
0.0199075
0.0211556
0.0223202
0.0233739
0.0243767
0.0252916
0.026185
0.0270137
0.0278449
0.0286341
0.029442
0.0302189
0.0310525
0.0318666
0.0327522
0.0336125
0.0345515
0.0354935
0.0365183
0.0375522
0.0386709
0.039797
0.0410005
0.0421985
0.0434549
0.044681
0.0459349
0.047124
0.0483027
0.0493776
0.0504034
0.0512901
0.0520958
0.0527383
0.0532819
0.0536541
0.0539264
0.0540366
0.054062
0.0539495
0.0537802
0.0535074
0.0532138
0.0528553
0.0525156
0.0521501
0.0518418
0.0515442
0.0513379
0.0511739
0.0511288
0.0511511
0.0513136
0.051561
0.0519645
0.0524647
0.0531307
0.0539
0.05484
0.0558866
0.0571058
0.0584336
0.0599346
0.0615465
0.0633323
0.0652331
0.0673113
0.0695126
0.0718963
0.0744133
0.0771203
0.0799806
0.0830523
0.0863173
0.0898368
0.093621
0.0977484
0.102286
0.107354
0.113096
0.119659
0.127189
0.135815
0.145633
0.156878
0.169415
0.182752
0.195997
0.208298
0.219251
-0.319928
0.768172
0.169617
-0.356118
0.00193981
0.00260634
0.0033057
0.00529962
0.00716108
0.00917923
0.0111577
0.0130405
0.014822
0.0164893
0.0180139
0.0194372
0.0207175
0.0219237
0.023005
0.0240425
0.0249788
0.0258995
0.0267426
0.0275948
0.0283881
0.0292151
0.0300038
0.0308375
0.0316534
0.0325125
0.0333868
0.0343215
0.0352591
0.0362724
0.0372948
0.0383962
0.0395046
0.0406858
0.0418609
0.0430914
0.0442917
0.0455192
0.0466828
0.0478384
0.0488918
0.0499013
0.050773
0.0515714
0.0522065
0.0527515
0.0531224
0.053403
0.0535149
0.0535521
0.0534411
0.0532843
0.0530103
0.0527274
0.0523667
0.0520351
0.0516662
0.0513645
0.0510632
0.0508647
0.0506991
0.0506666
0.0506926
0.0508747
0.0511334
0.0515624
0.0520817
0.0527783
0.0535726
0.0545457
0.0556186
0.056868
0.0582163
0.0597369
0.0613542
0.0631389
0.0650189
0.0670629
0.0692031
0.0715051
0.0739056
0.0764682
0.0791383
0.0819802
0.0849535
0.0881292
0.0914959
0.0951523
0.0991508
0.103652
0.108845
0.114967
0.122222
0.130898
0.141235
0.15339
0.167531
0.183362
0.200371
0.216614
0.79598
-0.481094
-0.571527
0.489558
0.307653
0.55912
-0.235083
0.722953
-0.542183
0.161101
0.153317
0.14691
0.141203
0.136285
0.132231
0.128891
0.126343
0.124588
0.123599
0.123375
0.123957
0.125342
0.127588
0.130762
0.134918
0.140142
0.14654
0.15421
0.163261
0.173809
0.185961
0.199923
0.215822
0.233678
0.253265
0.274505
0.29735
0.321497
0.346203
0.370282
0.391865
0.408936
0.420167
0.424821
0.422904
0.414486
0.400361
0.382752
0.363697
0.344306
0.325205
0.307081
0.290173
0.274784
0.260855
0.248296
0.237106
0.227256
0.218666
0.211252
0.204936
0.199634
0.195282
0.191834
0.189224
0.187421
0.186392
0.186137
0.186634
0.187912
0.189982
0.192919
0.196746
0.201491
0.207185
0.213803
0.22113
0.229975
0.00435176
0.00482047
0.00519666
0.0055193
0.00576885
0.00597352
0.00611704
0.00620017
0.00617777
0.00600726
0.00558897
0.00481245
0.00352962
0.00156929
-0.00123947
-0.00510841
-0.0101758
-0.0165973
-0.0243014
-0.0331832
-0.042774
-0.0525218
-0.0615399
-0.0692419
-0.0748096
-0.0779118
-0.0780961
-0.0755633
-0.0703755
-0.0631736
-0.0543531
-0.0446721
-0.0345811
-0.0246879
-0.0153224
-0.00684278
0.000579076
0.00681549
0.0118324
0.0156751
0.0184066
0.0201765
0.0210946
0.0213454
0.0210371
0.0203457
0.0193563
0.0182114
0.0169512
0.0156744
0.014391
0.0131668
0.0119651
0.0108288
0.00975293
0.00872129
0.00773617
0.00683333
0.00596054
0.00520193
0.00452277
0.00394554
0.00341104
0.00302247
0.00383245
0.171405
0.161327
0.146447
0.129434
0.112611
0.0976746
0.0851785
0.0750943
0.0669738
0.0604293
0.0551862
0.0510025
0.0476659
0.0449517
0.0427161
0.0408523
0.0393205
0.0380552
0.0370694
0.0362987
0.0357775
0.0354323
0.035308
0.0353215
0.0355238
0.0358225
0.0362719
0.0367723
0.0373814
0.0379942
0.0386728
0.0393087
0.0399696
0.0405455
0.0411117
0.0415583
0.04197
0.0422388
0.0424596
0.0425276
0.0425485
0.0424212
0.0422599
0.0419683
0.041666
0.0412597
0.0408724
0.0404108
0.0399986
0.0395404
0.0391577
0.0387511
0.0384386
0.038116
0.0378973
0.0376737
0.037555
0.0374281
0.0374002
0.0373544
0.0373957
0.037405
0.0374851
0.037514
0.0375936
0.0375997
0.0376336
0.0375709
0.0375125
0.0373309
0.0371326
0.0367807
0.0363898
0.0358238
0.0351994
0.0344085
0.0335452
0.0325149
0.0314346
0.0302
0.0289305
0.027538
0.026146
0.0246595
0.0231906
0.0216611
0.0201646
0.01864
0.0171415
0.0156157
0.0141101
0.0125989
0.0111453
0.00963757
0.00828367
0.00684875
0.00562227
0.00434611
0.00342918
0.00285038
0.00289327
0.00313605
0.00431324
-0.620925
0.46411
0.243425
0.345866
0.669143
-0.381425
-0.562797
0.140972
-0.151856
0.00356516
0.00309538
0.00172306
-0.000285647
0.00316662
0.00420186
-0.560697
-0.395933
-0.0460223
0.568198
0.386401
0.494386
-0.555276
0.168604
0.15165
0.159106
0.139728
0.145204
0.131614
0.135219
0.127034
0.128904
0.125815
0.126023
0.127971
0.126478
0.133737
0.130387
0.143598
0.138132
0.158211
0.150283
0.178339
0.167549
0.204789
0.190749
0.237975
0.220576
0.277402
0.256989
0.321197
0.298948
0.364266
0.343327
0.397119
0.382573
0.411012
0.406741
0.403062
0.409712
0.377004
0.391629
0.343177
0.360492
0.308782
0.325745
0.277741
0.292694
0.251599
0.264053
0.230499
0.240433
0.214235
0.221802
0.202326
0.20778
0.194293
0.19786
0.189762
0.191619
0.188514
0.188744
0.190524
0.189113
0.196076
0.192839
0.205728
0.200363
0.220177
0.212338
0.239753
0.229159
0.00134549
0.0034017
0.00250239
0.00187813
0.00516178
0.00382249
0.0080564
0.00655804
0.0110968
0.0095141
0.0141129
0.0126051
0.0171263
0.0156225
0.0201516
0.0186451
0.0231586
0.0216677
0.0260852
0.0246437
0.0288306
0.0274948
0.0312746
0.0301022
0.0333417
0.0323512
0.0349737
0.0342258
0.0361543
0.0356276
0.0369097
0.0365902
0.0373095
0.0371538
0.0374481
0.0374122
0.037422
0.0374577
0.0373221
0.0373842
0.0372339
0.03728
0.0372323
0.0372268
0.0373734
0.0372902
0.0376934
0.0375175
0.0382027
0.0379329
0.0388803
0.0385316
0.0396713
0.0392751
0.0404895
0.0400928
0.0412259
0.0408851
0.041767
0.0415384
0.0420135
0.041944
0.0418985
0.0420166
0.0414003
0.0417098
0.0405516
0.0410295
0.0394364
0.0400347
0.0381804
0.038832
0.0369369
0.0375624
0.0358715
0.0363876
0.0351477
0.0354738
0.0349139
0.0349787
0.0352943
0.0350394
0.0363851
0.0357655
0.038267
0.0372419
0.0410727
0.0395605
0.0451776
0.0429402
0.0516515
0.0480365
0.0626101
0.0564403
0.081095
0.0706871
0.112064
0.0948259
0.151871
0.132143
0.168322
-0.45129
0.242337
0.250842
0.249143
0.00319588
0.00343506
0.00325256
0.00386528
0.00365722
0.0041781
0.00404249
0.00431895
0.00427757
0.00416157
0.00429599
0.00331157
0.00386655
0.00101915
0.00240818
-0.00371465
-0.000971391
-0.0118552
-0.00731576
-0.0235798
-0.0173266
-0.0372289
-0.0303769
-0.0491627
-0.0436961
-0.0555185
-0.053263
-0.0541257
-0.0558496
-0.045521
-0.0506197
-0.0322902
-0.0393019
-0.0176103
-0.0249565
-0.00414833
-0.0106023
0.00639756
0.00155351
0.0133434
0.0103293
0.0168621
0.0154984
0.0176789
0.0175577
0.0166955
0.017362
0.0147575
0.0158043
0.0125017
0.0136452
0.0103245
0.0113887
0.00838018
0.00932415
0.00669462
0.00751925
0.0052112
0.00592738
0.00395173
0.0045313
0.00303974
0.00344092
0.00225181
0.00277331
0.00381289
-0.00102788
0.00219907
0.00171132
0.00649799
0.00442807
0.0106398
0.00862704
0.0144186
0.0126235
0.0176805
0.0161492
0.020441
0.0191547
0.0227793
0.0216933
0.0247967
0.0238586
0.0265968
0.0257547
0.0282665
0.02748
0.0298922
0.0291194
0.0315421
0.0307507
0.0332828
0.0324398
0.0351455
0.0342375
0.0371636
0.0361754
0.0393443
0.0382755
0.0416599
0.0405301
0.044041
0.04289
0.0463786
0.0452654
0.0485381
0.047532
0.0503811
0.04955
0.0517927
0.0511895
0.0527045
0.0523563
0.0531074
0.0530108
0.0530526
0.0531747
0.0526434
0.0529268
0.0520185
0.0523915
0.0513322
0.0517173
0.0507375
0.0510588
0.0503767
0.0505651
0.0503712
0.0503691
0.0508148
0.0505791
0.0517699
0.051274
0.0532713
0.0525012
0.05533
0.054283
0.0579381
0.0566199
0.0610754
0.0594972
0.0647157
0.0628909
0.0688309
0.0667734
0.0733913
0.0711159
0.0783669
0.0758875
0.0837412
0.0810618
0.0895687
0.0866447
0.0961608
0.0927832
0.104493
0.100052
0.116576
0.109927
0.135515
0.12496
0.164609
0.148625
0.203922
0.183454
0.225288
0.0010567
-0.00406647
0.232263
0.264653
0.252676
0.182511
0.207768
0.1427
0.160372
0.119074
0.129133
0.105732
0.111404
0.0975344
0.101166
0.0912823
0.0942171
0.085665
0.0883658
0.0803578
0.0829189
0.0753417
0.0777543
0.0706677
0.0729035
0.0663883
0.0684218
0.0625483
0.0643578
0.0591858
0.0607529
0.0563345
0.0576428
0.0540215
0.0550586
0.0522628
0.0530223
0.0510572
0.0515421
0.0503808
0.0506063
0.0501825
0.0501775
0.050382
0.0501902
0.0508709
0.0505499
0.051517
0.0511355
0.0521727
0.0518057
0.052686
0.0524096
0.0529137
0.0527977
0.0527379
0.052837
0.0520838
0.0524293
0.0509316
0.0515266
0.0493211
0.0501381
0.0473431
0.0483305
0.0451208
0.0462141
0.0427884
0.043921
0.0404647
0.0415802
0.0382375
0.0392964
0.0361535
0.0371373
0.0342234
0.0351307
0.0324281
0.0332726
0.0307353
0.0315318
0.0290928
0.0298717
0.0274367
0.0282303
0.0256928
0.0265382
0.0237733
0.0247198
0.0215795
0.0226761
0.0190103
0.0203076
0.0159736
0.0175152
0.0124092
0.0142188
0.00831901
0.0103886
0.00384076
0.00613036
0.00105113
0.00185873
-0.0011606
-0.000954767
0.00115184
0.0016177
0.00161803
0.00183488
0.00214099
0.00249365
0.00287679
0.00332464
0.00378934
0.00429726
0.0048421
0.00541538
0.00604854
0.00672645
0.00745145
0.00823244
0.00904324
0.00985634
0.0106296
0.0113106
0.0118298
0.0121182
0.0120994
0.0116996
0.0108396
0.0094554
0.00749342
0.00493591
0.00179051
-0.00188754
-0.00601173
-0.0104423
-0.015013
-0.0195141
-0.0237262
-0.0274076
-0.0303361
-0.0323043
-0.0331681
-0.0328478
-0.0313738
-0.0288638
-0.0255479
-0.0216948
-0.0176257
-0.0136246
-0.00994377
-0.00673704
-0.00408161
-0.00198607
-0.000398108
0.000742743
0.00152868
0.00203186
0.00233409
0.0024906
0.00255904
0.00256596
0.00253949
0.00248246
0.00240421
0.00230715
0.00220096
0.00211442
0.00208807
0.002299
0.00219032
0.00258448
0.262301
0.00132034
0.194116
0.176118
0.186078
0.133671
0.157792
0.0907007
0.109831
0.065688
0.075948
0.0526744
0.0578803
0.0457803
0.048494
0.041642
0.0432884
0.0387704
0.0398962
0.0367167
0.0374685
0.0353784
0.035787
0.0347193
0.0348012
0.0346827
0.0344698
0.0351749
0.0347178
0.0360705
0.0354347
0.0372208
0.0364824
0.038467
0.0377053
0.0396534
0.0389443
0.0406431
0.0400514
0.041333
0.0409049
0.0416648
0.041423
0.041631
0.0415728
0.0412735
0.0413723
0.0406729
0.0408842
0.0399331
0.0402031
0.0391615
0.0394369
0.0384553
0.0386903
0.0378847
0.0380476
0.0374877
0.037563
0.0372706
0.0372588
0.0372107
0.0371267
0.037262
0.0371309
0.0373607
0.0372158
0.037425
0.0373081
0.0373672
0.0373212
0.0370949
0.0371679
0.0365087
0.0367504
0.0355424
0.0359823
0.0341435
0.0348029
0.0323278
0.0331889
0.030061
0.0311393
0.0274796
0.0287087
0.0246684
0.025998
0.0217267
0.02311
0.0187299
0.0201326
0.0157194
0.0171261
0.0126963
0.0141133
0.00963492
0.0110822
0.00648011
0.00798547
0.00337299
0.00487861
0.00107459
0.00191614
0.00292637
-0.00135099
0.000550898
0.235591
0.248794
0.215861
0.22478
0.20276
0.208598
0.194728
0.198197
0.190739
0.192273
0.190283
0.190092
0.193191
0.191321
0.199552
0.195932
0.209642
0.204114
0.223852
0.216211
0.242598
0.232643
0.266108
0.253763
0.29423
0.27963
0.325921
0.309755
0.358319
0.342293
0.386057
0.373196
0.401378
0.395758
0.398254
0.402247
0.376284
0.389406
0.340561
0.359609
0.299485
0.320217
0.259347
0.279025
0.223531
0.240776
0.193762
0.207851
0.170324
0.181291
0.152691
0.160826
0.140221
0.145868
0.13221
0.135702
0.128124
0.129708
0.127619
0.127442
0.130601
0.128675
0.137267
0.133456
0.148174
0.14215
0.164454
0.155548
0.175614
-0.573159
-0.284387
-0.6297
0.293988
-0.921481
-0.591998
-0.820653
-0.644336
-0.609135
-0.598791
0.727622
0.830732
0.882968
0.79052
0.617964
-0.371394
-0.377453
-0.426466
-0.446342
-0.651957
-0.230736
0.133682
-0.0316541
-0.0746785
0.271125
0.245025
0.213312
0.182702
0.157697
0.138521
0.124275
0.114022
0.106806
0.101683
0.0978654
0.0947632
0.0920242
0.0894303
0.0868901
0.0843593
0.0818407
0.0793421
0.0768834
0.0744798
0.0721465
0.0698961
0.0677372
0.06568
0.0637286
0.0618925
0.0601729
0.0585796
0.0571112
0.0557779
0.0545758
0.0535152
0.0525891
0.0518069
0.0511579
0.0506502
0.0502687
0.0500195
0.0498827
0.0498622
0.0499332
0.050097
0.0503242
0.0506142
0.050934
0.0512815
0.0516213
0.0519514
0.0522358
0.0524734
0.0526296
0.0527064
0.0526728
0.052536
0.0522705
0.0518903
0.0513763
0.0507525
0.0500041
0.0491629
0.0482198
0.0472108
0.0461322
0.0450196
0.0438707
0.0427195
0.0415612
0.0404263
0.039306
0.0382258
0.0371719
0.0361658
0.0351878
0.0342538
0.0333432
0.0324772
0.0316249
0.0307999
0.0299776
0.0291692
0.0283476
0.0275228
0.0266654
0.0257844
0.0248488
0.0238665
0.0228053
0.0216723
0.0204355
0.0191023
0.0176427
0.0160661
0.0143465
0.0124959
0.0104919
0.00835019
0.00618528
0.00377317
0.0013972
-0.000722398
-0.00364492
-0.00120644
0.0145395
0.00305971
0.00145332
0.00125696
0.00072949
0.000747131
0.0008813
0.00102823
0.00118504
0.0013767
0.00157306
0.00179956
0.00204832
0.00231789
0.0026293
0.00297714
0.00336457
0.00379978
0.00425067
0.00469711
0.00510359
0.00545353
0.0057135
0.00586499
0.00586957
0.00570495
0.00533363
0.00474117
0.00390828
0.00284389
0.00156039
9.53251e-05
-0.00150741
-0.00318671
-0.00487512
-0.00650009
-0.00798403
-0.00926055
-0.0102608
-0.0109426
-0.011262
-0.0112159
-0.0108023
-0.0100688
-0.00906579
-0.00788208
-0.00660205
-0.00532156
-0.00411469
-0.00303948
-0.00212294
-0.00137631
-0.000784322
-0.000335725
1.87386e-06
0.000243653
0.000417952
0.000536963
0.000617869
0.000664115
0.000691082
0.000696349
0.000685375
0.000660989
0.000636078
0.000648524
0.00078939
0.00107891
0.00163908
0.0029997
0.00678924
0.0138304
0.0108448
0.233998
0.209113
0.189177
0.165596
0.136669
0.109037
0.0878315
0.0720253
0.0612554
0.0533505
0.0485487
0.0448855
0.0428058
0.0408193
0.0396596
0.0382362
0.0374149
0.036275
0.0357016
0.0348377
0.0345394
0.0339792
0.0339739
0.0337181
0.0339912
0.0340092
0.0345186
0.0347566
0.0354406
0.0358294
0.0366142
0.0370765
0.0378841
0.0383416
0.0390967
0.0394785
0.0401171
0.0403667
0.0408427
0.0409247
0.0412156
0.0411194
0.0412281
0.0409679
0.0409207
0.0405317
0.0403721
0.0399028
0.0396837
0.0391879
0.0389636
0.0384885
0.0383036
0.0378868
0.0377721
0.0374368
0.0374076
0.0371606
0.0372166
0.0370501
0.0371771
0.037071
0.0372436
0.0371681
0.0373532
0.0372685
0.0374229
0.0372871
0.0373676
0.0371368
0.0370952
0.0367207
0.0365114
0.0359565
0.0355485
0.0347844
0.0341591
0.0331824
0.0323464
0.0311552
0.0301181
0.0287565
0.0275705
0.0260824
0.0247946
0.0232295
0.0218872
0.0202871
0.0189243
0.0173151
0.0159477
0.0143373
0.0129599
0.0113401
0.00992558
0.00826426
0.00678034
0.00521302
0.00351043
0.00180636
0.000272777
-0.00207649
0.00131461
-0.00026252
0.0100483
0.35026
0.280303
0.258237
0.240046
0.227367
0.217648
0.210001
0.203942
0.199219
0.195649
0.193121
0.191547
0.190871
0.191055
0.192093
0.193982
0.196746
0.200407
0.205008
0.210587
0.217199
0.224889
0.233711
0.243692
0.254855
0.267183
0.280632
0.295085
0.31035
0.326113
0.341923
0.357217
0.371252
0.383199
0.392128
0.39727
0.397995
0.394177
0.385934
0.37373
0.358192
0.340143
0.320439
0.300069
0.279837
0.260309
0.241912
0.22487
0.20927
0.195182
0.182638
0.171614
0.162055
0.153856
0.146944
0.141229
0.136642
0.133102
0.130554
0.128941
0.128236
0.128416
0.129487
0.131462
0.13439
0.13834
0.143447
0.149874
0.157895
0.168211
0.181034
0.288104
-0.547528
-0.243771
0.108778
-0.0941549
-0.228883
-0.0200331
0.02284
0.00818276
0.0184837
0.034098
-0.023016
0.0312495
0.0128227
0.0753591
0.027171
0.0458469
0.0170048
-0.135264
0.814628
0.000425907
)
;

boundaryField
{
    frontandback
    {
        type            empty;
    }
    walls
    {
        type            zeroGradient;
    }
    diamond
    {
        type            zeroGradient;
    }
    inlet
    {
        type            zeroGradient;
    }
    outlet
    {
        type            fixedValue;
        value           uniform 0;
    }
}


// ************************************************************************* //
