/*--------------------------------*- C++ -*----------------------------------*\
  =========                 |
  \\      /  F ield         | OpenFOAM: The Open Source CFD Toolbox
   \\    /   O peration     | Website:  https://openfoam.org
    \\  /    A nd           | Version:  10
     \\/     M anipulation  |
\*---------------------------------------------------------------------------*/
FoamFile
{
    format      ascii;
    class       volScalarField;
    location    "23";
    object      p;
}
// * * * * * * * * * * * * * * * * * * * * * * * * * * * * * * * * * * * * * //

dimensions      [0 2 -2 0 0 0 0];

internalField   nonuniform List<scalar> 
6397
(
2.72735
2.33384
1.35918
1.3368
1.07484
1.17199
5.28428
1.55582
-10.6909
-12.8003
6.44645
3.98726
-0.162796
-0.0784665
-0.145044
-6.12444
-6.01516
-7.383
12.348
11.5513
11.0687
-18.3182
-18.1357
-16.6801
-0.0307965
0.0338866
0.0556318
-2.06518
-1.86845
-1.96471
-1.84349
1.22202
1.33111
1.26457
0.959118
1.1174
1.12988
1.25851
0.784334
0.673555
0.769013
0.942561
-2.12185
0.496665
0.479348
1.19201
0.873295
0.915857
0.443841
0.54071
0.41732
0.564732
0.555313
5.72405
5.39747
1.98229
2.02205
0.626609
-2.82411
-2.45227
-3.10006
-3.19921
-3.08462
-2.82471
-2.51
-2.26069
-2.14853
-2.20921
-1.61581
-2.12367
-1.4709
-1.78465
-1.91897
-1.9559
-1.91526
-1.81048
-1.71632
-1.68244
-1.77856
-2.0356
-1.39796
-1.882
-2.46441
-2.48638
-1.42404
-1.76632
-2.89397
-3.12331
-1.54632
-1.76515
-3.47843
-3.94818
-1.76814
-2.07867
-4.17126
-4.9127
-1.14492
-1.89459
-1.46381
-0.829614
-0.946364
-0.809258
-0.789977
-0.91764
-0.860348
-0.939085
-0.938256
-0.970957
-0.940848
-1.29977
-1.07444
-2.27115
-1.69207
-4.09005
-3.06532
-5.27035
-2.44935
-3.24967
-2.78132
-2.23418
-2.24565
-2.80431
-2.42474
-3.91454
-3.34806
-4.55888
-4.38897
-3.92593
-4.40164
-2.75387
-3.33278
-1.98546
-2.29925
-1.78153
-1.82159
-2.45678
-2.3213
-2.43874
-6.34939
-5.79463
-2.28851
-3.73765
-2.59078
-6.9482
-6.29553
-6.92045
-1.47162
-1.60305
-2.30509
-1.49514
-4.85455
-0.678554
-1.07781
-0.212315
-0.398694
-0.0730138
-0.111594
-0.0937849
-0.0762888
-0.163385
-0.1301
-0.308703
-0.218387
-0.775172
-0.481386
-1.85539
-1.22346
-3.86045
-2.7292
-5.14404
-1.91884
-2.04058
-2.1956
-1.96005
-3.31034
-2.6399
-4.9796
-4.11334
-5.89283
-5.59708
-5.03657
-5.63933
-3.33687
-4.17817
-2.10597
-2.62971
-1.55491
-1.76089
-1.47943
-2.95346
-2.64127
-3.12085
-3.13971
-2.81409
-4.062
-6.32097
-5.56645
-6.15908
-6.7471
-6.82369
-1.6596
-2.82934
-1.68938
-2.31884
-1.54644
-3.89506
-2.89972
-3.66555
-0.853782
-0.921687
-5.28859
-1.26276
-2.04838
-0.188907
-0.639534
0.328244
0.123844
0.510272
0.444111
0.511542
0.520209
0.43307
0.471279
0.249933
0.359184
-0.251959
0.049135
-1.31096
-0.698961
-3.24807
-2.16763
-4.48227
-1.37925
-1.52507
-1.39391
-1.31735
-2.06853
-1.63713
-3.62497
-2.72726
-5.7794
-4.69695
-6.94107
-6.59667
-5.90212
-6.67387
-3.72113
-4.82262
-2.07196
-2.78531
-1.23826
-1.57153
-1.03561
-3.51102
-3.00152
-3.83512
-5.9163
-4.09075
-6.27538
-1.58703
-2.64911
-5.89331
-6.02736
-4.47719
-4.24485
-2.50184
-1.63963
-0.401957
-0.25691
-2.4841
-3.20343
-5.07399
-3.93953
-4.64618
-0.798221
-5.29196
-0.88538
-1.68568
0.22984
-0.249878
0.746824
0.536095
0.925956
0.866285
0.934045
0.946399
0.875851
0.913878
0.698668
0.810318
0.236473
0.512759
-0.713153
-0.162371
-2.38506
-1.45778
-4.3551
-3.42148
-4.57638
-4.86439
-2.75229
-3.76663
-0.702121
-0.709462
-0.736626
-0.601801
-0.633456
-0.879136
-0.676332
-1.81382
-1.2535
-3.67803
-2.61908
-6.1706
-4.92888
-7.521
-7.11743
-6.33331
-7.22047
-3.81843
-5.09306
-1.88841
-2.72737
-0.8511
-1.27463
-0.578084
-3.9619
-3.2984
-4.37781
-1.40826
-0.634195
-2.77496
-1.80996
-3.7742
-5.6417
-3.73371
-0.801962
0.0816349
0.25091
-2.31774
-4.85768
-0.558418
-1.23466
-3.36979
-1.80413
-1.02137
-0.15553
-4.83538
-1.89626
-3.04742
-2.56866
-0.46968
-1.17971
0.54845
0.097789
1.03981
0.844833
1.21561
1.15607
1.2468
1.24287
1.19598
1.22948
1.038
1.13958
0.642272
0.8796
-0.124221
0.3158
-1.42413
-0.701441
-2.90922
-2.22503
-3.08372
-3.32265
-1.52557
-2.41324
-0.13308
-0.733577
-0.0262586
0.00737134
-0.00120409
0.00642821
-0.0191047
0.00980037
0.0312269
-0.403976
-0.134896
-1.45174
-0.833387
-3.42624
-2.31403
-6.03397
-4.73249
-7.47289
-7.0345
-6.22768
-7.16542
-3.59116
-4.92584
-1.55658
-2.44807
-0.452776
-0.909596
-0.135013
-0.566539
-0.0605862
-0.430767
0.309806
-0.111213
0.381102
-0.879624
-0.149247
-2.6268
-1.74256
-4.20356
-3.48876
-4.76627
-4.65692
-3.97509
-4.53025
-3.22707
-3.24242
-4.661
-1.96924
-3.65998
-1.14347
-2.32035
-0.217296
-0.684509
-1.07883
0.629413
0.0073833
-2.24035
-2.39605
-4.07875
-1.22057
-1.82863
-0.00542066
-0.600121
0.820359
0.445347
1.24565
1.0714
1.40588
1.34728
1.44058
1.43378
1.40385
1.43063
1.27287
1.35786
0.969354
1.15026
0.413452
0.734386
-0.518552
-0.00485643
-1.46319
-1.05006
-1.50565
-1.53252
-0.459916
-1.08571
0.591655
0.134816
1.13054
0.908026
0.418609
0.165828
0.322989
0.457196
0.452499
0.502074
0.473308
0.451657
0.502688
0.0324328
0.301506
-0.990118
-0.390872
-2.88491
-1.81933
-5.379
-4.13168
-6.80061
-6.35466
-5.59823
-6.50764
-3.06789
-4.34349
-1.11966
-1.97313
-0.0457499
-0.494241
0.485938
0.268452
0.786728
0.660076
0.877359
-0.958486
0.405991
-0.24044
-2.62649
-1.76412
-4.16779
-3.47026
-4.67103
-4.59645
-3.80589
-4.40349
-0.447935
-0.0432906
0.853316
1.29803
-2.21641
-3.04478
-2.68114
-3.61321
-1.72887
-2.67083
-1.19415
-1.58424
-0.924028
-0.584463
-0.324587
-0.773083
0.326369
1.41234
0.998472
0.0904161
-0.708655
-0.171183
1.51392
1.69606
1.76926
-1.41876
-1.79928
-1.10215
-3.26183
-1.40468
-1.56173
-0.554328
-1.04631
0.400013
-0.061356
1.0529
0.761282
1.39247
1.24796
1.52694
1.47267
1.56091
1.54917
1.54394
1.55906
1.44242
1.50912
1.21772
1.34951
0.836995
1.05466
0.250582
0.567013
-0.284602
-0.0601226
-0.170743
-0.300074
0.434188
0.103293
1.08388
0.769981
1.48704
1.3239
1.61043
0.462206
0.297933
0.702567
0.597733
0.786096
0.75677
0.814877
0.80144
0.788074
0.829977
0.424949
0.6582
-0.476212
0.0539601
-2.14882
-1.2123
-4.33769
-3.24015
-5.58875
-5.19737
-4.54466
-5.33326
-2.34988
-3.4558
-0.64286
-1.39553
0.319326
-0.0871519
0.81115
0.602902
1.08291
0.962236
1.16149
0.272973
0.741355
-0.926883
-0.276857
-2.45723
-1.66799
-3.8292
-3.21532
-4.20383
-4.17793
-3.32718
-3.90246
-2.58804
-2.2521
-2.75007
-1.66528
-1.98858
-1.39118
-1.10866
-1.30022
-0.243143
-1.25785
0.547053
-0.500279
-1.22676
1.11536
1.82938
1.61203
0.122459
-0.910319
-0.129691
1.84384
2.03076
2.08609
-1.23244
-0.610081
-0.702698
-0.487658
-2.60747
-0.647723
-0.783363
0.0183028
-0.348767
0.72759
0.388323
1.21916
1.00627
1.4789
1.37457
1.59163
1.54866
1.63236
1.61863
1.63125
1.63777
1.561
1.60543
1.42101
1.49869
1.20237
1.32449
0.862103
1.047
0.549964
0.673205
0.737391
0.576953
1.11621
0.94497
1.4426
1.26889
1.73129
1.60235
1.90149
1.82543
1.9669
0.518055
0.33722
0.750684
0.648865
0.922857
0.838799
1.01099
0.978845
1.06931
1.03511
1.03516
1.06575
0.756252
0.940354
0.0177878
0.454495
-1.32861
-0.577241
-3.07544
-2.20101
-4.07888
-3.75633
-3.27087
-3.89012
-1.53226
-2.41188
-0.176502
-0.78184
0.618087
0.273034
1.04616
0.864352
1.2703
1.17359
1.32556
0.902488
1.11933
0.186678
0.586435
-0.863286
-0.288328
-2.16958
-1.50657
-3.25884
-2.7852
-3.46091
-3.50034
-2.60894
-3.14557
-1.93844
-2.04033
-2.19556
-1.7932
-1.58112
-1.77491
-0.806969
-1.87792
-0.0150786
-1.98608
0.677996
-1.92552
1.19532
-0.401649
-1.43337
1.75869
2.1509
1.64056
-0.165235
-2.21819
-0.0938439
0.30289
0.0977152
-0.0338259
-0.12593
0.449199
0.19655
0.96252
0.728952
1.32672
1.17551
1.52568
1.45022
1.62697
1.58938
1.68301
1.66128
1.7036
1.69962
1.67556
1.69432
1.5934
1.63966
1.44362
1.52473
1.249
1.34555
1.13551
1.16802
1.30591
1.18662
1.56149
1.45286
1.70404
1.63282
1.8677
1.78795
1.99863
1.93838
2.09304
2.0515
2.07985
2.10525
0.553912
0.310425
0.422513
0.79557
0.680165
0.999809
0.905797
1.13483
1.0733
1.1994
1.177
1.21689
1.21063
1.19244
1.21386
1.00117
1.13179
0.447792
0.778096
-0.558505
0.0037852
-1.84345
-1.20357
-2.59398
-2.3477
-2.00305
-2.45835
-0.742651
-1.38072
0.242043
-0.203422
0.850356
0.578935
1.2048
1.05285
1.37681
1.30544
1.43021
1.41583
1.39883
0.666551
1.04316
0.890561
0.0437232
0.392861
-0.853561
-0.37438
-1.85395
-1.35977
-2.5854
-2.28358
-2.60898
-2.70823
-1.79485
-2.29013
-0.626805
-1.21104
0.309137
-0.0872154
-0.649119
0.264726
2.02748
1.99132
-2.05924
-1.92236
1.35085
-2.12566
-1.36914
0.722644
0.817869
1.04071
-2.4297
-0.642203
-2.77899
0.0884937
-3.05335
0.741159
-2.8809
1.22756
-2.05505
2.11491
0.343624
-0.751251
1.72812
1.913
1.87806
-2.09439
0.38171
0.517911
0.434991
0.368458
0.759497
0.577899
1.12356
0.947033
1.39171
1.27533
1.55143
1.48648
1.64878
1.60864
1.71048
1.68544
1.73866
1.72878
1.72512
1.73507
1.66719
1.69893
1.58971
1.62644
1.52913
1.55557
1.51803
1.51201
1.66195
1.56645
1.83643
1.76494
1.89728
1.87437
1.95909
1.92478
2.04772
2.00128
2.12322
2.0912
2.09418
2.12841
1.91269
2.01752
0.807975
0.966017
0.843013
0.877175
0.827525
0.991819
0.929496
1.13125
1.0578
1.25386
1.19898
1.31856
1.29357
1.32857
1.33084
1.29266
1.32061
1.16013
1.24816
0.779498
1.00984
0.0691502
0.464864
-0.79874
-0.371853
-1.28936
-1.13453
-0.89541
-1.1951
-0.0758185
-0.492268
0.582648
0.281214
1.01803
0.821528
1.29468
1.17545
1.43592
1.3778
1.46726
1.45978
1.41735
0.754201
0.907602
0.325304
0.550735
-0.240021
0.071049
-0.944702
-0.584723
-1.59539
-1.29125
-1.92614
-1.81928
-1.73193
-1.90299
-0.977651
-1.40961
-0.0380027
-0.50393
0.406338
0.608194
1.18702
1.75319
1.78093
-2.29792
-1.86485
0.95942
1.09079
-2.7554
-1.33086
-3.47453
-0.634419
-4.15968
0.0963001
-4.54666
0.735685
-4.07039
1.13549
-2.56277
1.90813
-0.523609
1.6061
1.50004
1.07114
1.75236
1.68852
1.88054
1.83808
0.710879
1.60586
1.62926
-2.19983
0.721042
0.831161
0.748095
0.70628
0.956045
0.834875
1.21546
1.08462
1.41904
1.32645
1.55346
1.49679
1.64419
1.60697
1.70326
1.67767
1.73092
1.71971
1.73879
1.73515
1.73369
1.73597
1.71973
1.72683
1.70529
1.71004
1.73835
1.7114
1.86341
1.78877
1.98822
1.93816
2.01496
2.00948
2.03014
2.0205
2.07144
2.04789
2.11373
2.09821
2.07269
2.10751
1.92219
2.00724
1.69574
1.8186
1.28643
1.47175
1.0778
1.14771
1.11375
1.07485
1.18298
1.15206
1.25141
1.21462
1.31307
1.28399
1.36262
1.34126
1.38179
1.37754
1.35299
1.37502
1.258
1.31908
1.00276
1.15898
0.535641
0.79195
0.0109132
0.262108
-0.242319
-0.172639
-0.0278018
-0.18879
0.421829
0.18593
0.832624
0.638283
1.13147
0.995189
1.33711
1.2462
1.43967
1.40147
1.42962
1.45274
1.34078
1.40969
1.2455
0.34147
0.558322
-0.134743
0.104595
-0.654946
-0.390155
-1.1237
-0.900857
-1.41184
-1.3001
-1.37027
-1.44372
-0.944586
-1.19891
-0.228495
-0.613238
0.526838
0.16246
1.12062
0.860152
1.20454
1.19911
-2.81263
-2.01147
1.57011
1.47818
1.19971
1.3195
1.28795
1.73482
1.63787
-3.80797
-1.49158
-5.0631
-0.767781
-6.13003
0.0522133
-6.38871
0.649704
-5.13652
1.24185
-2.52684
1.7366
0.113865
1.47886
2.02789
1.93913
1.96549
2.10089
1.62336
1.5061
2.10836
1.39244
1.07782
1.3995
-2.5463
1.05867
1.12536
0.929756
0.994842
0.932991
0.914546
1.07072
0.993539
1.26162
1.16522
1.42809
1.34839
1.54983
1.49286
1.63946
1.59781
1.70408
1.67452
1.74676
1.72704
1.7687
1.75961
1.76841
1.76996
1.76639
1.76499
1.79552
1.77581
1.86781
1.82733
1.97011
1.9179
2.05257
2.01931
2.0687
2.06638
2.07227
2.06949
2.08855
2.07914
2.10278
2.09951
2.05392
2.08895
1.92466
1.99752
1.83564
1.72865
1.85321
1.45803
1.58495
1.30582
1.36359
1.25896
1.2739
1.26746
1.25728
1.32461
1.29017
1.38776
1.36004
1.41788
1.40712
1.42072
1.42303
1.39062
1.41354
1.31059
1.35987
1.12993
1.23832
0.838894
0.992688
0.570435
0.690687
0.455744
0.489496
0.54017
0.471615
0.761503
0.636456
1.01255
0.890295
1.2076
1.11719
1.34599
1.28361
1.41689
1.39305
1.40643
1.43101
1.30113
1.37839
1.2154
0.393404
0.556413
-0.130884
0.151443
-0.725868
-0.429207
-1.18311
-0.984751
-1.3791
-1.31256
-1.28799
-1.37239
-0.912153
-1.13798
-0.287847
-0.618882
0.384098
0.0514464
0.959038
0.696712
1.2997
1.16384
1.36423
1.42735
1.3668
1.46757
1.55577
-3.71656
-2.40291
-5.4023
-1.82638
-7.28886
-0.968361
1.35759
-8.52906
-0.0213689
-8.00543
0.520135
-5.26088
1.21391
1.93062
1.80614
1.71448
1.8326
-1.65279
1.45589
2.08891
1.03335
1.3376
2.25599
2.10913
1.21579
1.42373
0.691407
0.509431
1.38124
1.48554
0.636531
-3.20186
1.20582
1.3467
1.27469
1.10736
1.14943
1.04441
1.07009
1.04842
1.03439
1.14473
1.08807
1.28907
1.21403
1.42714
1.35827
1.53698
1.48339
1.62156
1.58161
1.68478
1.65537
1.72965
1.70942
1.76263
1.74722
1.79035
1.77616
1.81867
1.8041
1.85477
1.83469
1.91932
1.88269
2.01005
1.96366
2.0767
2.0505
2.08775
2.08686
2.08556
2.0861
2.09089
2.08735
2.08844
2.09325
2.0375
2.07072
1.93082
1.9902
1.77653
1.85801
1.62899
1.69685
1.42234
1.53041
1.57376
1.84039
1.84768
1.7363
1.79594
1.55218
1.64706
1.39365
1.46263
1.3472
1.3557
1.36493
1.35615
1.38769
1.37451
1.4155
1.40254
1.43174
1.42534
1.43014
1.43337
1.40101
1.41882
1.33178
1.37309
1.19581
1.27335
1.01588
1.10526
0.895097
0.944898
0.84456
0.864352
0.869003
0.846907
0.970474
0.910327
1.11971
1.04437
1.25287
1.18985
1.34489
1.30278
1.38764
1.37336
1.36672
1.38681
1.26917
1.32699
1.06075
1.17925
0.921551
0.00376817
0.28708
-0.721645
-0.347509
-1.44348
-1.09537
-1.81916
-1.69307
-1.71758
-1.82383
-1.23286
-1.51553
-0.540298
-0.902588
0.22329
-0.159226
0.883233
0.57837
1.31253
1.13451
1.47179
1.41516
1.48334
1.49506
1.45648
-5.09056
-3.03993
1.49854
1.62678
1.61631
-7.57595
-2.23681
1.23649
-9.89983
-1.13165
-10.598
-0.119592
1.24767
1.57139
1.51126
1.35656
1.37951
-8.33855
0.394745
1.65773
-4.01364
1.15611
1.35441
1.28558
1.98769
-0.103544
1.13164
2.28321
1.91581
1.09747
2.41168
1.31494
1.39497
1.34897
1.47288
0.784309
0.665707
1.42051
-4.20601
1.21361
1.26415
1.14385
1.17409
1.10786
1.11884
1.12187
1.10632
1.1949
1.15183
1.30788
1.24939
1.42464
1.36651
1.52526
1.4761
1.60731
1.56806
1.6727
1.64264
1.72288
1.69993
1.76063
1.74336
1.79066
1.7757
1.82606
1.80656
1.87968
1.8501
1.9488
1.91315
2.01977
1.98467
2.07081
2.04984
2.08602
2.08187
2.085
2.0862
2.08235
2.0835
2.07177
2.07989
2.02519
2.05421
1.93532
1.98492
1.81427
1.87722
1.69746
1.75209
1.6547
1.70716
1.63111
1.75947
1.74718
1.69337
1.74382
1.56681
1.63472
1.46697
1.50869
1.42237
1.43974
1.4049
1.41171
1.41117
1.40439
1.43278
1.42243
1.44195
1.43911
1.43468
1.43961
1.40411
1.4265
1.34319
1.37726
1.24349
1.29718
1.13447
1.18512
1.08097
1.10055
1.05443
1.06783
1.03934
1.04542
1.09669
1.06725
1.18055
1.13976
1.26498
1.22659
1.32628
1.29822
1.34943
1.33838
1.32141
1.33252
1.22554
1.26634
1.04253
1.14128
0.932625
0.267366
0.600477
0.492517
-0.411089
-0.0441284
-1.35994
-0.860801
-2.27168
-1.85181
-2.57311
-2.52103
-2.14311
-2.43689
-1.25909
-1.73808
-0.25121
-0.751797
0.630464
0.214679
1.24981
0.981097
1.57105
1.44399
1.63371
1.62546
1.59074
1.61807
1.5388
1.46604
1.61786
-6.90803
-3.81311
0.976228
-10.0104
-2.5631
1.18379
1.21344
1.06812
1.00139
-12.0466
-1.19177
1.06487
1.1591
-11.1295
-0.225035
1.41795
-6.69579
0.277261
1.27609
1.11425
1.78291
-1.69444
1.03179
1.16783
2.20209
1.46135
0.781348
2.52483
2.50053
1.36194
0.638029
1.44116
1.62597
-5.49015
1.27819
1.31516
1.30369
1.21404
1.24601
1.16766
1.18696
1.148
1.15222
1.16875
1.1516
1.23087
1.19467
1.32283
1.27497
1.42248
1.37279
1.51388
1.46913
1.59178
1.55423
1.65585
1.62517
1.70872
1.68396
1.75319
1.73222
1.79364
1.77356
1.83461
1.81364
1.88235
1.85661
1.94494
1.91221
2.01262
1.98036
2.05669
2.0388
2.07204
2.06683
2.07396
2.07401
2.06953
2.07237
2.05506
2.06448
2.01488
2.03872
1.94204
1.98216
1.84849
1.89651
1.7602
1.80111
1.71584
1.72999
1.73919
1.71921
1.65313
1.81579
1.77077
1.47216
1.35052
1.63377
1.56809
1.68971
1.67362
1.65554
1.68185
1.58255
1.62242
1.49855
1.53952
1.44666
1.46663
1.43232
1.43625
1.43437
1.43208
1.44291
1.43905
1.44284
1.44423
1.42729
1.43732
1.3983
1.40635
1.35163
1.3779
1.28186
1.31766
1.2171
1.24468
1.18783
1.1973
1.16685
1.17597
1.14995
1.15514
1.17025
1.15744
1.21499
1.19401
1.26338
1.24389
1.29558
1.28404
1.29789
1.30008
1.25748
1.28322
1.15908
1.22376
1.01232
1.10752
0.831714
0.932183
0.720307
-0.0214016
0.252429
-0.868159
-0.403783
-2.06804
-1.42688
-3.16486
-2.68381
-3.37236
-3.40169
-2.61298
-3.09246
-1.34417
-2.00692
-0.061562
-0.681712
0.936524
0.483455
1.55041
1.29399
1.78611
1.70618
1.76516
1.79854
1.66861
1.71468
1.50982
1.60173
1.36909
1.43581
0.785227
-8.86947
-4.48371
1.31567
0.260132
0.9203
0.819413
-11.8618
-2.67702
1.87638
1.72401
0.783769
0.930084
-12.4708
-1.19207
1.45445
1.14463
-9.29841
-0.371771
1.21758
0.876491
1.49193
-3.80722
0.16788
1.04289
1.98366
0.679604
0.66247
0.945169
2.47983
2.53536
0.4254
2.74815
1.95526
2.05028
2.09967
0.785613
0.683434
-6.79042
1.278
1.24378
1.27901
1.24079
1.25945
1.20458
1.21909
1.18022
1.18916
1.17478
1.17362
1.19925
1.18207
1.2551
1.2234
1.33364
1.29308
1.42078
1.37753
1.50411
1.46347
1.57812
1.54237
1.64112
1.61109
1.69461
1.66924
1.7407
1.71866
1.78404
1.76232
1.83046
1.80639
1.88283
1.85562
1.93891
1.91038
1.99307
1.96636
2.03381
2.01613
2.0534
2.04599
2.05748
2.05682
2.0532
2.05626
2.03927
2.04785
2.00612
2.02558
1.94946
1.98043
1.87892
1.91466
1.81529
1.84386
1.79355
1.7975
1.83422
1.80575
1.92831
1.87614
1.98716
1.01164
0.810222
0.900658
1.24361
1.12615
1.44741
1.35264
1.57712
1.52296
1.62701
1.61091
1.62303
1.63183
1.56867
1.60173
1.50302
1.53333
1.46625
1.48135
1.44838
1.45594
1.44106
1.44341
1.44163
1.44105
1.43762
1.44068
1.42132
1.43101
1.3956
1.40806
1.35749
1.37835
1.30745
1.33292
1.26547
1.28346
1.24341
1.25206
1.22431
1.23346
1.20734
1.21403
1.20777
1.20535
1.22714
1.21696
1.25217
1.24101
1.26561
1.26182
1.25395
1.26379
1.20777
1.23619
1.11789
1.16936
0.990564
1.05847
0.828855
0.907769
0.61856
0.725375
-0.27626
0.032133
-1.27177
-0.712961
-2.70682
-1.94409
-3.95292
-3.4202
-4.1087
-4.19601
-3.05279
-3.70339
-1.4366
-2.26353
0.0722415
-0.643114
1.15794
0.678663
1.74132
1.50701
1.91926
1.86952
1.86134
1.91114
1.71501
1.78771
1.522
1.62953
1.36164
1.43509
1.30064
0.653461
-10.3151
-4.65751
2.03072
2.0869
2.14375
0.471763
1.18712
1.83618
0.478459
0.703428
-12.0361
-2.63377
1.53837
0.856708
-10.5853
-1.19467
1.22232
0.542231
1.14978
-6.13542
-0.642755
0.946437
1.61339
-0.895417
0.0202642
0.632571
0.751638
2.24738
2.33676
-0.000410165
2.75907
3.03997
0.776867
0.439467
0.519859
-7.68606
1.22772
1.22686
1.20964
1.21828
1.19167
1.19792
1.18262
1.18464
1.1893
1.18364
1.21835
1.20118
1.27111
1.24252
1.34107
1.30538
1.4187
1.3802
1.4952
1.45788
1.56511
1.53127
1.62677
1.5967
1.68095
1.6548
1.72878
1.70552
1.77383
1.75144
1.8193
1.79608
1.86956
1.8435
1.92268
1.8961
1.97325
1.94944
2.00894
1.99325
2.02945
2.02095
2.03809
2.03508
2.03648
2.03867
2.02437
2.03166
1.99884
2.01367
1.95724
1.97976
1.90624
1.93225
1.86577
1.88228
1.86425
1.859
1.91316
1.88181
2.00953
1.95775
2.10622
2.06102
2.05343
2.14156
2.21708
2.14974
1.07987
0.934112
0.9952
1.26894
1.17456
1.43219
1.35653
1.53267
1.49062
1.58093
1.5615
1.58537
1.58942
1.5469
1.56951
1.50365
1.52418
1.47072
1.48606
1.45009
1.45884
1.44068
1.4443
1.43708
1.43846
1.42986
1.43419
1.4141
1.42283
1.3909
1.40308
1.35918
1.37607
1.32164
1.34035
1.29131
1.3047
1.27149
1.28065
1.25067
1.26222
1.23133
1.2414
1.2233
1.22672
1.22975
1.22572
1.23815
1.23295
1.23523
1.2363
1.21082
1.22532
1.15966
1.18999
1.07552
1.12194
0.958345
1.01776
0.809062
0.88294
0.629798
0.723199
0.172524
0.361773
-0.420247
-0.079544
-1.57814
-0.921417
-3.21244
-2.36009
-4.55263
-3.99061
-4.64369
-4.78739
-3.35735
-4.13638
-1.49421
-2.43642
0.164785
-0.612143
1.31355
0.809889
1.90017
1.67107
2.01716
2.00677
1.89336
1.97064
1.71225
1.80157
1.51761
1.62118
1.34502
1.42829
1.26763
1.96718
0.053227
0.487017
-10.1829
-4.68003
1.11808
0.911388
1.68939
0.566358
-10.217
-2.46156
1.02252
2.25218
2.32434
1.31896
0.635736
0.454852
0.167055
0.779399
-7.435
-1.33884
0.933496
1.15323
-3.03133
-1.01911
0.258552
0.597101
1.78407
1.17037
-0.353283
0.381307
2.54104
3.18566
-0.691993
1.99349
2.10035
3.14741
2.20865
0.20171
0.301824
-7.43911
1.17965
1.16143
1.1808
1.18373
1.17728
1.17786
1.18076
1.17766
1.19661
1.18745
1.22971
1.21183
1.28063
1.25379
1.34527
1.31233
1.41625
1.38087
1.4871
1.45221
1.55324
1.521
1.61297
1.58374
1.66671
1.64048
1.7151
1.69136
1.76132
1.73829
1.80734
1.78417
1.85506
1.83088
1.90357
1.87927
1.94953
1.9275
1.98466
1.96884
2.00576
1.99701
2.01616
2.01197
2.01861
2.01853
2.0109
2.01603
1.99259
2.00293
1.96454
1.97968
1.93055
1.94768
1.90982
1.91663
1.92504
1.91248
1.97926
1.94595
2.07243
2.02307
2.15809
2.11848
2.2771
2.20135
0.931615
0.803394
1.04269
1.03496
1.02323
1.14521
1.08099
1.29202
1.2176
1.42116
1.36129
1.50115
1.46745
1.5407
1.52479
1.54915
1.54914
1.52683
1.54106
1.49283
1.50977
1.46505
1.47799
1.44609
1.45449
1.43494
1.43963
1.42837
1.43124
1.41907
1.42412
1.40413
1.41214
1.38337
1.39433
1.35673
1.37071
1.32751
1.34213
1.30207
1.314
1.28217
1.29217
1.26096
1.27253
1.24125
1.25173
1.22793
1.23422
1.22176
1.22367
1.21657
1.21779
1.20289
1.20958
1.17162
1.18903
1.11776
1.14768
1.0357
1.0796
0.925479
0.982141
0.789333
0.859265
0.638163
0.718315
0.509858
0.580047
0.197432
0.418226
0.366924
-0.443278
-0.0671731
-1.7392
-1.00322
-3.45482
-2.58101
-4.77807
-4.2284
-4.82853
-4.99449
-3.45935
-4.28485
-1.49012
-2.4833
0.234088
-0.5685
1.39004
0.889903
1.96457
1.73701
2.0638
2.0637
1.91095
2.00593
1.6906
1.79806
1.49491
1.59217
1.31681
1.40849
1.12596
1.21757
1.06939
1.85811
0.288138
-8.61914
-4.14423
1.06039
2.37382
0.435547
1.49645
2.01288
1.87539
0.722484
0.535397
-0.424561
0.396909
-7.44553
-2.36272
1.04058
0.672714
-4.55121
-1.76748
-0.178932
2.14624
0.565308
1.18266
-0.850152
-1.41858
0.186643
2.00669
2.37811
-1.09597
-0.0385772
2.92587
3.48771
2.39394
-0.106781
0.209547
-0.102623
2.34462
0.0419613
-6.32244
1.12805
1.09709
1.15111
1.14285
1.1606
1.15537
1.1748
1.16651
1.19879
1.18575
1.23596
1.21634
1.28609
1.26012
1.3466
1.3158
1.4126
1.37963
1.47895
1.44616
1.54197
1.51116
1.59995
1.5715
1.65282
1.62694
1.70116
1.67736
1.74706
1.72423
1.79248
1.76967
1.83862
1.81544
1.88409
1.86152
1.92566
1.90613
1.95901
1.94352
1.98205
1.97196
1.99501
1.9897
1.99985
1.99837
1.99695
1.99946
1.98658
1.99267
1.97005
1.97902
1.95091
1.96003
1.94727
1.94588
1.97282
1.95634
2.03243
1.99771
2.12306
2.07584
2.20675
2.1662
2.32724
2.25623
2.47822
2.50616
2.41235
2.44535
0.988963
0.869892
1.13517
1.17509
1.08948
1.12525
1.1179
1.20143
1.15567
1.31219
1.25585
1.41363
1.366
1.47732
1.45091
1.50765
1.49509
1.5188
1.51602
1.50385
1.51445
1.47697
1.49029
1.4549
1.46537
1.43694
1.44532
1.42491
1.42995
1.41648
1.42044
1.40623
1.41156
1.39219
1.39965
1.37385
1.38364
1.3509
1.36282
1.32629
1.33864
1.30362
1.31459
1.28388
1.29423
1.26231
1.27423
1.24044
1.25169
1.22271
1.2309
1.20864
1.21421
1.19444
1.20071
1.17221
1.18434
1.13537
1.1562
1.07941
1.10972
0.999424
1.04132
0.895331
0.94923
0.772337
0.835705
0.64384
0.710049
0.516831
0.583224
0.449612
0.355962
0.396546
0.373879
0.2153
0.331003
-0.381393
-0.0031734
-1.69603
-0.931047
-3.34495
-2.50906
-4.62147
-4.08715
-4.66707
-4.83434
-3.31789
-4.12853
-1.41094
-2.37224
0.271887
-0.514268
1.42005
0.919035
1.98543
1.77184
2.0657
2.07428
1.89971
1.99752
1.67699
1.78705
1.46941
1.57192
1.27968
1.37693
1.08747
1.17509
0.985067
1.0308
1.69969
0.316325
-0.499209
-0.329568
0.0311961
-1.35908
-0.481693
0.0214269
-6.49494
-3.64177
1.24053
0.156286
-5.08564
-2.50614
2.5892
2.60556
-1.00358
2.3029
2.53516
2.50389
1.21408
1.24768
0.362994
0.414657
0.37338
0.941447
0.947242
0.898042
0.668882
0.58791
-2.68422
-2.50177
1.70728
1.88473
0.095307
1.2202
0.507074
-2.12402
-0.590699
-0.330267
-1.01839
-0.797427
2.29968
3.14902
-2.04302
3.29167
-0.286234
-5.04738
1.0163
0.980201
1.07966
1.04957
1.11817
1.1023
1.14228
1.13071
1.16627
1.15361
1.19698
1.18067
1.23746
1.21622
1.28794
1.26192
1.34603
1.31655
1.40833
1.37717
1.47098
1.43993
1.53117
1.50158
1.58746
1.5598
1.63931
1.6139
1.68729
1.6636
1.73268
1.71018
1.77684
1.75476
1.82069
1.7988
1.86324
1.84221
1.9024
1.88299
1.93454
1.9196
1.95786
1.94723
1.97388
1.96683
1.982
1.97896
1.98372
1.98348
1.98109
1.98294
1.97437
1.9782
1.96839
1.97042
1.97888
1.97089
2.01158
1.99236
2.07521
2.0389
2.16363
2.11833
2.25323
2.20801
2.37223
2.30676
2.5315
2.4476
2.5662
0.839311
0.487967
0.674038
1.06972
0.961868
1.23038
1.15813
1.19934
1.19697
1.25396
1.2202
1.33171
1.29118
1.40848
1.37189
1.45795
1.43741
1.48181
1.47175
1.49121
1.48872
1.48042
1.48823
1.45906
1.46987
1.44051
1.44937
1.42396
1.43186
1.41176
1.41705
1.40249
1.40689
1.39208
1.39752
1.37879
1.38581
1.3622
1.3711
1.34214
1.35249
1.32095
1.33159
1.30012
1.31059
1.27956
1.29039
1.25688
1.26901
1.23402
1.24542
1.21327
1.22301
1.19344
1.20247
1.17197
1.18266
1.14334
1.15899
1.10228
1.12491
1.0446
1.07534
0.9665
1.00737
0.868695
0.919472
0.756995
0.814186
0.639101
0.69883
0.519496
0.57887
0.463886
0.315225
0.343246
0.197958
0.283653
-0.293226
0.0389245
-1.43663
-0.79639
-2.90435
-2.16384
-4.05315
-3.56887
-4.10626
-4.24733
-2.94835
-3.64536
-1.26632
-2.1227
0.272301
-0.451935
1.34728
0.875531
1.89479
1.68368
2.01691
1.99877
1.88185
1.96787
1.66487
1.77477
1.43951
1.55353
1.23755
1.33495
1.06244
1.14161
1.00064
1.48936
0.249959
-0.978482
-0.328963
-4.85626
-3.47929
2.62027
-2.16336
2.47526
1.29344
0.42234
0.376254
0.896813
0.851201
0.886077
-0.0673582
-3.68097
-3.09154
2.05516
0.165754
0.411605
-1.49158
-3.59243
1.49276
1.72178
-1.59786
-0.519502
-1.69904
-1.39605
1.25582
1.53156
-3.5376
-1.02501
2.74056
3.58309
-0.0456345
-0.430254
-0.721102
-4.28227
0.976976
0.938838
1.04094
1.01149
1.08705
1.06553
1.12239
1.10538
1.15565
1.13879
1.19256
1.17338
1.23614
1.21357
1.28692
1.26083
1.34345
1.31479
1.40317
1.37323
1.46313
1.43336
1.52092
1.49243
1.57544
1.54865
1.62615
1.60127
1.67338
1.6501
1.71801
1.69592
1.76101
1.73962
1.80283
1.78207
1.84278
1.82307
1.87975
1.86165
1.91107
1.89632
1.9349
1.92387
1.95262
1.9445
1.96413
1.95917
1.97079
1.96791
1.97491
1.9731
1.97707
1.97617
1.98286
1.97868
2.00461
1.99142
2.04457
2.02222
2.11013
2.07367
2.19761
2.15243
2.29379
2.24437
2.4107
2.34903
2.55654
2.48049
2.71222
2.72196
2.63827
2.69306
2.70404
2.671
2.69219
-3.20539
2.6445
2.65486
0.965837
0.691154
0.837169
1.16187
1.07057
1.28851
1.23802
1.34955
1.39783
1.3476
1.28078
1.30986
1.2621
1.26434
1.2954
1.2737
1.34978
1.32146
1.40485
1.37831
1.44279
1.42676
1.46031
1.45334
1.46608
1.46463
1.45761
1.46375
1.43971
1.44888
1.42355
1.4313
1.40859
1.41581
1.3964
1.40191
1.38698
1.3915
1.37658
1.38207
1.36402
1.37058
1.34939
1.35706
1.33176
1.34082
1.3125
1.32231
1.2924
1.30269
1.27159
1.28249
1.2487
1.26061
1.22465
1.23661
1.2007
1.21235
1.1764
1.18828
1.14981
1.16361
1.11673
1.13457
1.07254
1.0962
1.01332
1.04446
0.936872
0.97689
0.844589
0.892644
0.740277
0.793576
0.630036
0.685559
0.521716
0.574154
0.472201
0.332782
0.334731
0.335373
0.299916
0.32265
0.200944
0.265304
-0.154576
0.0860577
-1.0249
-0.534992
-2.21567
-1.60585
-3.20931
-2.78225
-3.32727
-3.40374
-2.44979
-2.98866
-1.07999
-1.78766
0.238495
-0.390082
1.21436
0.778497
1.74637
1.53617
1.88926
1.85574
1.80945
1.86657
1.62895
1.72602
1.40117
1.51963
1.19207
1.28871
1.03282
1.10612
0.906516
0.966374
0.802517
0.851214
1.19601
0.511891
-1.64938
-0.722959
-4.02337
-3.7351
2.23876
0.429202
-0.361685
-2.81874
-4.3928
1.91912
2.80462
2.80647
1.39886
1.44244
-2.87912
0.304202
0.334271
0.299196
0.758786
0.749463
0.704204
-0.492444
-0.874186
0.324285
-0.524052
-5.38416
1.18623
1.46967
-1.34164
-2.14118
1.71508
2.2896
-5.64377
-2.6515
-2.2529
3.00619
2.63423
2.80987
2.82068
0.292687
0.0242144
-1.28866
-4.09391
2.43764
0.855346
0.808829
0.93915
0.898637
1.00671
0.975197
1.05891
1.03474
1.10249
1.08133
1.14336
1.12299
1.18575
1.16413
1.23251
1.20858
1.28409
1.25778
1.33963
1.31154
1.39729
1.36839
1.45508
1.42634
1.51103
1.48338
1.56402
1.53794
1.61358
1.58921
1.65984
1.63709
1.70338
1.68186
1.74511
1.72441
1.78511
1.76532
1.82298
1.80432
1.85798
1.8409
1.88816
1.87379
1.91266
1.90105
1.93207
1.92302
1.94647
1.93982
1.95777
1.95235
1.96797
1.96296
1.978
1.97282
1.99422
1.98468
2.02479
2.00761
2.07177
2.046
2.13994
2.10316
2.2266
2.18144
2.32719
2.27515
2.44458
2.38366
2.58183
2.51066
2.73339
2.65669
2.80272
2.80269
2.80173
2.80553
2.80374
0.905413
0.647554
0.785543
1.10406
1.0108
1.25981
1.18579
1.36085
1.30923
1.45196
1.40889
1.33722
1.36354
1.31593
1.32119
1.33205
1.32042
1.36583
1.34778
1.40318
1.38487
1.43047
1.41884
1.44167
1.43763
1.44367
1.44364
1.43556
1.44099
1.41995
1.42804
1.40499
1.41215
1.39143
1.39803
1.37942
1.38502
1.36996
1.37452
1.36004
1.36525
1.34856
1.35451
1.3353
1.34225
1.31956
1.32776
1.30178
1.31086
1.28277
1.29258
1.26196
1.27287
1.23843
1.25055
1.21315
1.22575
1.18691
1.19993
1.15948
1.1733
1.12906
1.14494
1.0923
1.1118
1.0453
1.07008
0.985039
1.01659
0.910319
0.949398
0.822085
0.867907
0.723785
0.77379
0.61936
0.671708
0.519801
0.568689
0.423017
0.471759
0.37675
0.317979
0.310899
0.324989
0.324369
0.270261
0.305924
0.0356838
0.192303
-0.567685
-0.21977
-1.46043
-0.995802
-2.24783
-1.90484
-2.40454
-2.42082
-1.85355
-2.20436
-0.877281
-1.39267
0.145233
-0.352814
0.964459
0.590466
1.47707
1.25758
1.70263
1.62485
1.68488
1.71544
1.54307
1.62403
1.33573
1.44433
1.13752
1.23013
0.984251
1.05616
0.855064
0.91772
0.799161
0.802549
0.495711
-2.5984
-1.24604
-3.7305
-4.76977
2.12856
2.8386
2.61218
2.81049
1.49009
-4.72903
0.33189
0.292864
0.718645
0.66424
-0.230792
-0.294469
-0.713576
-2.34
-6.54469
1.69043
-1.45263
-3.32346
0.0955529
0.161396
-8.07819
-1.58569
-2.45279
1.53181
2.64345
2.87564
1.02282
0.994058
0.936297
0.6661
3.04923
3.12172
-2.07696
-4.53047
2.36838
0.818161
0.770713
0.902981
0.86213
0.975022
0.940941
1.03336
1.00561
1.08351
1.05912
1.1305
1.10721
1.17758
1.15388
1.22705
1.20196
1.27961
1.25298
1.33473
1.30694
1.39105
1.36286
1.44709
1.41921
1.50138
1.47451
1.55298
1.52753
1.60145
1.5776
1.64677
1.6245
1.6892
1.66828
1.7295
1.70958
1.76775
1.74888
1.80375
1.78601
1.83712
1.82082
1.86621
1.85225
1.89086
1.87897
1.91178
1.90182
1.92879
1.92066
1.94421
1.93653
1.96003
1.95204
1.97732
1.96825
2.00243
1.98842
2.04043
2.0198
2.0935
2.06481
2.16504
2.12711
2.25221
2.20684
2.35524
2.30164
2.47405
2.41305
2.6045
2.53755
2.74568
2.67433
2.88805
2.89017
2.81813
2.89318
2.88916
2.90326
2.89836
2.93109
2.92218
2.97036
2.94603
3.00151
1.12574
1.05882
1.24751
1.18834
1.35353
1.30326
1.43532
1.395
1.50833
1.47331
1.52454
1.57076
1.53993
1.44247
1.48161
1.38459
1.40958
1.36071
1.36785
1.36331
1.35969
1.38026
1.37055
1.40301
1.39159
1.42026
1.41296
1.42574
1.42429
1.42339
1.42529
1.41447
1.4198
1.39975
1.40744
1.38548
1.39223
1.37274
1.37903
1.361
1.36655
1.3519
1.35623
1.34283
1.34757
1.33236
1.33774
1.32047
1.32661
1.30634
1.31372
1.29011
1.29849
1.27189
1.28138
1.25103
1.26189
1.22712
1.23936
1.20094
1.21414
1.17289
1.18707
1.14292
1.15824
1.10945
1.12683
1.06972
1.09052
1.02045
1.04622
0.959624
0.991416
0.886334
0.92456
0.801386
0.845163
0.707418
0.755159
0.608984
0.658154
0.512792
0.560594
0.419342
0.465636
0.375011
-8.0363
-4.06171
-3.48555
0.281244
0.258638
0.26963
0.312
0.294935
0.35739
0.333597
0.366422
0.362812
0.263111
0.338471
-0.0826028
0.12761
-0.67382
-0.357124
-1.26395
-0.995236
-1.51109
-1.44137
-1.28741
-1.45719
-0.704051
-1.02399
0.00190558
-0.353538
0.650624
0.342326
1.12118
0.909218
1.41058
1.28956
1.49342
1.47664
1.4099
1.46784
1.24014
1.32904
1.06858
1.15209
0.918819
0.989875
0.794959
0.85439
0.691353
0.740465
0.606835
0.646887
0.20218
0.326264
-3.8889
-1.89102
-4.10127
-6.82003
1.94574
2.58942
-1.24232
-6.16171
-1.25581
-2.34413
-9.45348
1.32606
1.3485
-0.74993
1.33323
3.21722
2.92081
2.9611
2.95942
1.55852
1.60109
-2.59533
-0.19396
0.528308
-10.7813
-2.47481
0.568882
0.545389
0.506957
0.230258
0.248385
0.215857
-3.77341
2.0739
0.35202
3.47822
3.30222
3.60932
0.899659
-0.197568
-3.03992
-5.90886
2.25685
0.681385
0.626084
0.784112
0.73465
0.870838
0.828894
0.94597
0.909851
1.00964
0.979059
1.06546
1.0383
1.11748
1.09176
1.16859
1.14302
1.22055
1.1944
1.27408
1.24711
1.32897
1.30138
1.38437
1.35666
1.43914
1.41188
1.49211
1.46587
1.54248
1.51762
1.58982
1.56651
1.63407
1.61232
1.67544
1.65508
1.71436
1.69518
1.75093
1.73292
1.78519
1.76831
1.81699
1.80142
1.84512
1.83152
1.86981
1.85778
1.89154
1.88103
1.91079
1.90131
1.92996
1.92022
1.95071
1.94007
1.97481
1.96208
2.00757
1.9898
2.0521
2.02834
2.11077
2.07945
2.18581
2.1464
2.27501
2.22875
2.37941
2.32517
2.49827
2.43753
2.62531
2.56093
2.7596
2.69174
2.89664
2.82868
2.97489
2.9662
3.00267
2.98749
3.05128
3.02544
3.12658
3.08452
3.25413
3.18045
3.35587
1.34188
1.32791
1.39092
1.36432
1.44987
1.42025
1.50717
1.47836
1.56412
1.53583
1.61785
1.59062
1.48134
1.51801
1.42594
1.45036
1.39729
1.40859
1.38927
1.39137
1.39349
1.39031
1.40387
1.39841
1.41204
1.40875
1.41166
1.41293
1.40492
1.40873
1.3942
1.4001
1.37939
1.38698
1.3653
1.37198
1.3528
1.35889
1.34169
1.34694
1.33299
1.33709
1.32475
1.32894
1.3155
1.32019
1.3052
1.31046
1.29273
1.29934
1.27763
1.28548
1.26017
1.26928
1.23963
1.25029
1.2156
1.2279
1.18859
1.20233
1.15919
1.17423
1.12709
1.14356
1.0911
1.10969
1.0489
1.07085
0.997915
1.02448
0.936721
0.968547
0.864539
0.902013
0.782159
0.824422
0.691791
0.737566
0.59737
0.644732
0.50292
0.550005
0.412215
0.456669
0.325499
0.368711
0.285257
0.264878
0.246338
0.312726
0.2865
0.385975
0.345837
0.456368
0.417054
0.46809
0.475712
0.323034
0.424858
-0.0167124
0.174015
-0.427335
-0.227865
-0.713314
-0.594893
-0.754975
-0.766729
-0.562943
-0.683254
-0.212461
-0.40155
0.219846
-0.00311282
0.676009
0.446874
1.05179
0.88426
1.23714
1.16904
1.23775
1.25754
1.12432
1.18797
0.982814
1.05512
0.84276
0.909999
0.728424
0.782726
0.628892
0.677252
0.585942
-0.775987
-9.86032
-6.02414
-5.78288
-2.63822
-5.17449
-9.47508
1.40047
0.119885
1.70644
2.57028
2.96193
1.64373
-2.61604
3.71668
3.90719
-2.00966
-2.68367
-12.2089
-1.27469
0.919891
2.9179
0.531717
0.469908
0.481546
0.443801
0.20392
0.185471
0.23653
0.200664
-4.15552
-0.444538
0.107507
-12.2599
-6.68146
-0.443943
3.38978
-5.24815
-3.8313
3.80685
-1.41625
-4.38496
-7.92658
1.44231
0.873383
2.15828
0.646607
0.590822
0.751554
0.700648
0.841739
0.798221
0.919856
0.882164
0.987839
0.954946
1.04842
1.01883
1.10466
1.07686
1.1591
1.1319
1.21327
1.18609
1.26785
1.24042
1.32278
1.29523
1.37749
1.35014
1.4312
1.40448
1.4831
1.45738
1.5324
1.50806
1.57876
1.55592
1.62192
1.60071
1.66214
1.64234
1.6997
1.68121
1.7347
1.71746
1.76733
1.75123
1.79749
1.78269
1.82454
1.81133
1.84903
1.83698
1.87129
1.86037
1.89232
1.88174
1.91471
1.90318
1.93985
1.92684
1.97005
1.95401
2.00974
1.98854
2.06046
2.0337
2.12421
2.09053
2.20284
2.1618
2.2947
2.24723
2.40023
2.34569
2.51903
2.45836
2.64478
2.58142
2.77486
2.70933
2.90689
2.8413
3.02296
3.02817
2.96944
3.02713
3.02372
3.04924
3.03602
3.092
3.06884
3.16211
3.12347
3.26898
3.21004
3.43774
3.34271
3.56169
1.83088
1.94584
1.62671
1.70857
1.54406
1.57387
1.5285
1.53106
1.54437
1.53395
1.576
1.55889
1.61678
1.59564
1.66268
1.63939
1.67005
1.71001
1.68585
1.58913
1.6295
1.51676
1.55132
1.46176
1.4866
1.42783
1.44248
1.41112
1.41798
1.40523
1.40733
1.4052
1.40486
1.40488
1.40552
1.39859
1.40246
1.38784
1.3934
1.37464
1.38145
1.35911
1.36682
1.3445
1.35132
1.3322
1.33794
1.3216
1.32651
1.31322
1.31698
1.30603
1.30945
1.29827
1.3021
1.28952
1.2939
1.2787
1.28432
1.26485
1.27204
1.24834
1.25691
1.22812
1.23859
1.20419
1.21654
1.17667
1.19095
1.14612
1.16178
1.1123
1.12962
1.07427
1.09386
1.02992
1.0529
0.977475
1.00463
0.916054
0.947872
0.844789
0.881574
0.764325
0.805507
0.676638
0.72101
0.584624
0.630999
0.491701
0.538075
0.401948
0.446219
0.315528
0.358391
0.275046
0.248833
0.224489
0.308686
0.276844
0.39339
0.346649
0.501308
0.438504
0.602455
0.55449
0.645382
0.640185
0.544763
0.618251
0.281544
0.428329
-0.0480317
0.118331
-0.325289
-0.199299
-0.477532
-0.419488
-0.463829
-0.493951
-0.257837
-0.383978
0.126404
-0.0891026
0.596211
0.365227
0.927083
0.787596
1.04366
1.01011
0.997795
1.03419
0.884449
0.945048
0.761603
0.821281
0.656066
0.706696
0.562364
0.608249
0.520345
-2.20712
4.16353
-9.14807
-7.85375
-4.06504
-6.47749
-11.9715
1.66232
-0.0564143
1.52166
2.50776
0.406235
0.166514
-4.21983
-3.35711
-3.28281
-13.3727
-2.03884
0.541099
2.8181
3.07886
3.08229
1.6969
1.73572
-2.93823
-1.62108
-6.30261
-10.185
4.19285
3.62395
-1.784
4.50048
-13.7025
4.72892
4.90664
-6.15924
-9.88732
0.976754
2.05257
0.496511
0.368823
0.431667
0.615447
0.55688
0.721644
0.669582
0.815121
0.769842
0.896385
0.856956
0.967943
0.933006
1.03242
1.00064
1.09229
1.06249
1.14955
1.12081
1.20565
1.17738
1.26124
1.23321
1.31633
1.28862
1.3706
1.3434
1.42352
1.39712
1.47442
1.44916
1.5228
1.49888
1.56823
1.54583
1.61039
1.58965
1.64947
1.63023
1.68564
1.66784
1.71906
1.70259
1.7501
1.73475
1.77868
1.76463
1.80449
1.79176
1.82842
1.81653
1.85092
1.8397
1.87334
1.86188
1.89824
1.88526
1.92732
1.91211
1.96302
1.94404
2.0089
1.98457
2.06568
2.03593
2.13441
2.09844
2.21669
2.17391
2.3116
2.26273
2.41843
2.36355
2.53701
2.47649
2.66253
2.59936
2.791
2.72645
2.92024
2.85619
3.03847
2.98148
3.08723
3.08058
3.11746
3.09827
3.17219
3.14146
3.26192
3.21229
3.39752
3.32344
3.59773
3.4883
3.90314
3.73249
4.40889
4.12111
5.25965
4.7956
2.16126
2.33644
1.88391
2.00534
1.72784
1.79374
1.65669
1.68437
1.63476
1.64139
1.64146
1.6355
1.66679
1.65235
1.70397
1.68475
1.74878
1.7256
1.61802
1.65713
1.54766
1.58125
1.49224
1.51806
1.45382
1.47112
1.42973
1.44025
1.41546
1.4217
1.40657
1.41061
1.39811
1.40263
1.38604
1.39256
1.37113
1.37876
1.35506
1.3632
1.33813
1.34657
1.32272
1.33002
1.31026
1.31615
1.30003
1.30483
1.29248
1.29588
1.28664
1.28946
1.28048
1.28361
1.27345
1.27708
1.26443
1.26926
1.25215
1.2587
1.23651
1.24477
1.21682
1.22717
1.19312
1.20542
1.16545
1.18051
1.1337
1.14985
1.09842
1.11646
1.05864
1.07907
1.01265
1.03644
0.95908
0.986609
0.89743
0.929203
0.826831
0.863069
0.747844
0.788152
0.662074
0.705499
0.571776
0.617395
0.479894
0.52584
0.389281
0.434361
0.30216
0.345245
0.219636
0.260227
0.145496
0.18161
0.17844
0.134676
0.156626
0.229631
0.202047
0.294269
0.260778
0.380875
0.332575
0.508338
0.433428
0.681408
0.58814
0.855736
0.779206
0.899966
0.901081
0.759035
0.852175
0.450756
0.624596
0.0272924
0.249778
-0.420461
-0.201753
-0.741705
-0.608719
-0.760862
-0.79711
-0.430173
-0.636663
0.111848
-0.170133
0.593778
0.374819
0.844929
0.750489
0.867806
0.878425
0.781018
0.829916
0.676873
0.728185
0.579232
0.626919
0.493636
0.534818
0.41823
0.454864
0.345609
0.382206
-3.9246
-6.10838
-8.5979
-10.9389
-5.81503
-7.36723
-13.0806
1.9738
-0.28311
1.21932
2.28181
3.09119
1.77309
0.111182
0.303887
-0.396793
-5.93772
-8.81365
2.82942
3.99671
5.24038
3.36247
3.09227
-3.35097
-17.0786
-5.0158
-4.81515
-11.8613
6.2368
4.21671
4.77048
4.988
6.28859
-8.24552
-10.9698
1.07586
6.97252
7.68629
8.18013
8.26437
5.8636
7.74271
6.85584
1.68939
-12.6234
-7.30365
-13.7427
-9.36608
-4.48002
4.32692
5.88909
4.24778
3.34813
-9.93618
-5.4849
-4.51188
-3.428
-3.16875
0.249502
0.287641
0.321466
0.35499
0.388762
0.423281
0.459663
0.499515
0.54304
0.587712
0.632133
0.676663
0.715169
0.737067
0.723019
0.649019
0.4958
0.26433
-0.0329079
-0.37004
-0.710004
-1.00555
-1.20384
-1.2655
-1.18926
-0.997567
-0.721535
-0.394228
-0.0488471
0.28595
0.586936
0.834027
1.0155
1.12527
1.16442
1.14058
1.06544
0.955155
0.827294
0.695967
0.581469
0.488775
0.408237
0.352456
0.304819
0.268328
0.235754
0.205165
0.177204
0.152079
0.127982
0.103859
0.078594
0.0493223
0.083921
0.120968
0.159153
0.199124
0.24159
0.28504
0.329558
0.374682
0.420596
0.466725
0.512844
0.558653
0.60386
0.64803
0.690992
0.732467
0.772245
0.810263
0.846268
0.880358
0.912315
0.942182
0.970278
0.996529
1.02114
1.04388
1.06519
1.08516
1.10394
1.12158
1.1382
1.15356
1.16753
1.18184
1.19451
1.20593
1.21606
1.22499
1.23277
1.23951
1.24522
1.25002
1.25403
1.25729
1.25998
1.26233
1.26443
1.26644
1.26842
1.27066
1.27343
1.27701
1.28146
1.28675
1.29286
1.29981
1.30765
1.31631
1.32553
1.33499
1.34455
1.35422
1.36395
1.37356
1.38277
1.39143
1.39955
1.4074
1.41539
1.42404
1.43387
1.44535
1.45898
1.47526
1.49473
1.51776
1.54468
1.57525
1.60921
1.64597
1.68478
1.72373
1.76147
1.79764
1.83338
1.80921
1.78528
1.76258
1.74245
1.72565
1.71256
1.70439
1.70186
1.70592
1.71807
1.7399
1.77345
1.82218
1.89056
1.9831
2.10392
2.25621
2.44266
2.68038
3.11616
3.72623
4.31777
4.99937
5.76936
6.54302
7.16396
7.55127
7.53137
7.26046
6.8017
6.2208
5.68415
5.26277
4.89976
4.56897
4.30403
4.08034
3.89234
3.73743
3.61081
3.5066
3.42027
3.34862
3.28995
3.24264
3.20487
3.1756
3.15402
3.13922
3.13143
3.12868
3.13185
3.14022
3.15448
3.10632
3.05341
2.99638
2.93515
2.87123
2.80675
2.7423
2.67825
2.61488
2.55269
2.49235
2.43431
2.37874
2.32565
2.27516
2.22746
2.18282
2.14131
2.1029
2.06746
2.03487
2.00507
1.978
1.95369
1.93202
1.91277
1.89555
1.88009
1.86607
1.85332
1.84143
1.83015
1.81904
1.80794
1.79655
1.78494
1.77288
1.7604
1.74719
1.7334
1.71893
1.704
1.68838
1.67216
1.65511
1.63735
1.61876
1.59945
1.57925
1.55828
1.53641
1.51382
1.49036
1.46632
1.4414
1.41606
1.38995
1.36366
1.33668
1.3097
1.28197
1.25444
1.22602
1.19789
1.16882
1.14005
1.11012
1.08027
1.04896
1.01734
0.983948
0.949658
0.913164
0.875031
0.834167
0.790936
0.744351
0.694961
0.641787
0.585804
0.524971
0.462223
0.395565
0.33001
0.262193
0.207395
0.208858
0.167097
-8.84924
-15.5356
-12.5152
-7.99645
-6.6797
7.27177
-0.70185
2.47036
5.9652
8.93624
9.34012
8.49671
1.91837
0.238388
0.837616
7.21586
1.265
8.22153
-5.69118
-5.97476
-10.7992
-12.9856
0.135657
0.089416
-5.59627
-7.74607
-8.39783
-17.4301
-10.756
0.191839
0.238111
0.294167
0.362105
0.430898
0.49696
0.559449
0.617396
0.671817
0.722149
0.769773
0.814026
0.856085
0.895458
0.933194
0.968886
1.00348
1.03653
1.06889
1.10004
1.13077
1.16055
1.19009
1.21893
1.2475
1.27542
1.30307
1.33021
1.357
1.38326
1.40908
1.43433
1.45872
1.48243
1.5055
1.52777
1.54914
1.56963
1.58925
1.60799
1.6259
1.64297
1.65924
1.67475
1.68958
1.70376
1.71731
1.73026
1.74257
1.75435
1.76564
1.77661
1.78728
1.79787
1.80854
1.81971
1.83168
1.84494
1.85976
1.87657
1.89559
1.91715
1.94133
1.96825
1.99789
2.03035
2.06564
2.10377
2.14471
2.18848
2.23509
2.28451
2.33659
2.39106
2.44766
2.50619
2.56656
2.62858
2.69198
2.75638
2.82151
2.88711
2.95204
3.01504
3.07382
3.12739
3.17494
3.94837
10.6072
11.7007
4.88079
1.9104
-1.83517
5.72578
9.28515
-0.850255
3.25778
9.84493
7.08269
-4.90019
-7.10579
0.147675
0.189172
0.208956
0.233597
0.262183
0.291687
0.321107
0.350871
0.382274
0.416186
0.452918
0.491205
0.528899
0.565593
0.593972
0.598566
0.56185
0.458668
0.268334
-0.0103033
-0.362148
-0.75504
-1.13741
-1.44559
-1.6177
-1.62013
-1.46003
-1.16712
-0.786108
-0.360851
0.0657772
0.456609
0.785849
1.03711
1.20186
1.28084
1.28331
1.22416
1.11772
0.980693
0.830166
0.682379
0.557351
0.457324
0.373128
0.314221
0.266962
0.231865
0.201919
0.174616
0.14939
0.125306
0.100879
0.0754156
0.0491869
0.0191425
-0.0152951
0.0156669
0.0519359
0.0916932
0.132868
0.175531
0.219897
0.265503
0.311903
0.358681
0.405677
0.452547
0.499153
0.545085
0.59026
0.634225
0.67693
0.718055
0.757492
0.795147
0.830936
0.864856
0.896917
0.926906
0.954957
0.981493
1.00663
1.03022
1.05227
1.07285
1.09226
1.11036
1.12738
1.1431
1.15768
1.17132
1.18379
1.19488
1.20475
1.21338
1.22086
1.22717
1.23226
1.23624
1.23925
1.24144
1.24298
1.2441
1.24489
1.24559
1.24639
1.24764
1.24963
1.25262
1.25668
1.26185
1.26814
1.27554
1.28402
1.29343
1.30356
1.31422
1.32535
1.33691
1.34879
1.36083
1.37278
1.38453
1.39603
1.40739
1.41888
1.43089
1.44388
1.45826
1.47442
1.4928
1.51399
1.53855
1.56684
1.59871
1.63392
1.67173
1.71104
1.75044
1.78877
1.82517
1.86112
1.90056
1.87056
1.84404
1.8187
1.79576
1.77641
1.76175
1.75267
1.74995
1.75453
1.76767
1.79093
1.82635
1.87633
1.94384
2.03218
2.14487
2.28677
2.46703
2.70133
3.01387
3.41886
3.89589
4.43692
5.06232
5.68754
6.29835
6.73315
6.98911
7.04101
6.84693
6.47777
6.09645
5.74682
5.41326
5.00823
4.6652
4.40996
4.19527
4.00839
3.8477
3.71121
3.59614
3.49989
3.41993
3.35407
3.3002
3.25754
3.22458
3.2005
3.18414
3.17488
3.17279
3.17659
3.18517
3.19765
3.21775
-11.0256
-9.44185
-11.5095
-15.0133
-10.5419
0.090727
0.150871
0.206893
0.269842
0.337578
0.407231
0.474343
0.538065
0.597041
0.652375
0.703523
0.751853
0.796877
0.839737
0.880033
0.918681
0.95541
0.990934
1.02504
1.05826
1.09041
1.12184
1.15248
1.18251
1.21196
1.2408
1.26913
1.29691
1.32425
1.35106
1.37728
1.40276
1.42759
1.45185
1.47538
1.49807
1.51996
1.54092
1.56097
1.58003
1.59818
1.61537
1.63171
1.64715
1.66188
1.67583
1.68918
1.70177
1.71379
1.72513
1.73602
1.7464
1.75654
1.76632
1.77615
1.78613
1.79689
1.80868
1.82212
1.83746
1.85526
1.87572
1.89922
1.92572
1.95528
1.9877
2.02305
2.06117
2.10205
2.14553
2.1916
2.24027
2.29153
2.34528
2.4013
2.45929
2.51892
2.57998
2.64232
2.70594
2.77084
2.83708
2.9043
2.97163
3.03682
3.09804
3.15403
3.20302
3.246
3.28751
3.26073
3.23974
3.22626
3.2154
3.20997
3.21125
3.22049
3.238
3.26441
3.30061
3.34772
3.40594
3.47684
3.56303
3.66737
3.79278
3.9423
4.11645
4.31118
4.52185
4.74764
5.00816
5.29267
5.60739
6.00686
6.34178
6.55831
6.64944
6.62439
6.41316
6.06832
5.61426
5.06981
4.55645
4.07568
3.60999
3.20715
2.89058
2.63986
2.44045
2.27922
2.14794
2.04244
1.95966
1.89672
1.85067
1.81857
1.79817
1.78782
1.78617
1.7922
1.8049
1.82373
1.84789
1.8765
1.90881
1.94468
1.93775
-0.0536849
-0.0230508
0.0169205
0.0596549
0.104835
0.151204
0.198492
0.246671
0.294706
0.343255
0.391375
0.439229
0.486566
0.532869
0.578387
0.622354
0.665157
0.706055
0.745497
0.782804
0.818612
0.852235
0.884429
0.914433
0.942944
0.969415
0.994871
1.01869
1.04117
1.06203
1.08194
1.1003
1.1177
1.13361
1.14853
1.16208
1.17456
1.18549
1.1952
1.20342
1.21045
1.21609
1.22053
1.22364
1.22567
1.22663
1.22692
1.22653
1.22586
1.22491
1.22431
1.22415
1.22513
1.22718
1.2308
1.23567
1.24218
1.24991
1.25916
1.2694
1.28081
1.2929
1.3059
1.31944
1.33364
1.34811
1.36289
1.37769
1.39248
1.40718
1.42192
1.43703
1.45281
1.46969
1.48788
1.50793
1.5304
1.55617
1.5856
1.61884
1.6555
1.69489
1.73614
1.77774
1.81846
1.85786
1.89749
-0.0758604
-0.0356384
0.123205
0.156675
0.170372
0.185919
0.206934
0.22976
0.252903
0.276614
0.301644
0.328191
0.356474
0.386894
0.417612
0.445985
0.466472
0.459091
0.40484
0.28201
0.0710939
-0.231526
-0.608692
-1.02275
-1.41248
-1.71194
-1.86397
-1.83233
-1.6186
-1.25918
-0.813729
-0.337306
0.125938
0.540809
0.881162
1.13096
1.28149
1.33458
1.29959
1.19687
1.05484
0.900336
0.750081
0.612855
0.496717
0.404222
0.327481
0.270894
0.225286
0.19125
0.163445
0.140443
0.119634
0.0987734
0.0763808
0.0524765
0.026769
-0.00208831
-5.90272
8.60325
2.30116
7.42162
-0.0654933
9.25042
-4.52524
-8.47625
5.00953
0.64496
6.77481
10.5963
-0.0792574
4.13823
1.97467
-0.120285
-0.0971111
0.0433875
-0.068596
-11.712
-9.9694
2.03413
3.31564
3.33805
-7.46
3.35734
2.05957
-0.127642
-0.921253
1.87457
7.25668
3.55512
8.90601
-7.18656
-0.0109347
-0.0406013
0.0352059
0.0137279
0.0721222
0.0544454
0.103807
0.0881255
0.145216
0.121686
0.214686
0.175173
0.32724
0.26336
0.509738
0.406331
0.775856
0.634128
1.05737
0.922616
1.18788
1.15325
1.02103
1.14639
0.516853
0.810014
-0.270979
0.149856
-1.14315
-0.713992
-1.75132
-1.5094
-1.69085
-1.81184
-1.07728
-1.42748
-0.349491
-0.698253
0.135942
-0.0657303
0.318477
0.258393
0.319587
0.331479
0.277295
0.299845
0.235884
0.255224
0.199857
0.217127
0.167775
0.183308
0.13852
0.152545
0.112442
0.125678
0.0938201
1.93659
1.98127
1.84759
1.89212
1.7577
1.80267
1.67307
1.71408
1.60149
1.63544
1.54474
1.57134
1.49991
1.52119
1.46142
1.48017
1.42545
1.44329
1.3896
1.4076
1.3535
1.37149
1.31884
1.33588
1.28695
1.30249
1.25852
1.27226
1.23442
1.24582
1.21621
1.22445
1.20522
1.20974
1.20168
1.20254
1.20401
1.20226
1.2091
1.2064
1.2134
1.21151
1.2144
1.2144
1.21059
1.21313
1.2013
1.20659
1.1866
1.19458
1.16637
1.17708
1.14073
1.15406
1.11
1.12582
1.07416
1.09251
1.03311
1.05405
0.986711
1.01032
0.934324
0.961012
0.875501
0.905372
0.809668
0.842997
0.736658
0.77348
0.656397
0.696714
0.569511
0.612915
0.477163
0.523018
0.380858
0.42839
0.282255
0.330711
0.182643
0.231407
0.0826024
0.131042
-0.0159766
0.0303346
-0.0636172
3.28259
3.30945
3.24658
3.26156
3.23905
3.23884
3.26659
3.24825
3.33331
3.29487
3.44542
3.38327
3.60959
3.52017
3.84629
3.7175
4.18559
4.00158
4.59779
4.39057
5.02838
4.80274
5.61008
5.31854
6.1339
5.91046
6.36249
6.29041
6.1398
6.30696
5.48744
5.8643
4.60693
5.04776
3.75938
4.17815
3.03517
3.36219
2.55657
2.77293
2.23328
2.37888
2.02269
2.11598
1.89635
1.95055
1.83174
1.85766
1.81201
1.81714
1.82737
1.81615
1.87137
1.84597
1.94422
1.90382
1.98936
3.23031
3.27485
3.11925
3.17768
2.98771
3.05506
2.85121
2.9191
2.71977
2.78484
2.59286
2.65596
2.46967
2.53077
2.35244
2.41016
2.24381
2.29695
2.14505
2.19319
2.05592
2.0993
1.97653
2.01489
1.90866
1.94091
1.85459
1.87969
1.81458
1.83281
1.78593
1.79896
1.76451
1.77446
1.74636
1.75516
1.72829
1.73736
1.70895
1.71876
1.68767
1.69853
1.6639
1.6761
1.6372
1.65093
1.60706
1.62257
1.57302
1.59056
1.53468
1.5544
1.49219
1.51396
1.44606
1.46957
1.39709
1.42191
1.34564
1.37178
1.29178
1.31914
1.23552
1.26407
1.17678
1.20661
1.11522
1.14648
1.05045
1.08336
0.981798
1.01673
0.908154
0.945721
0.827892
0.868991
0.73887
0.784648
0.638457
0.690321
0.523692
0.583201
0.392052
0.460255
0.247393
0.320857
0.104194
0.174754
-0.0163148
0.0404587
-10.6044
-0.174906
-0.176665
3.43837
2.12858
3.44472
2.12145
-0.100905
-0.0174906
-0.07776
0.150313
0.0682888
0.313903
0.236745
0.453966
0.388
0.575996
0.517842
0.683374
0.631949
0.778393
0.732611
0.863488
0.822196
0.940943
0.903119
1.0126
0.97742
1.07978
1.04666
1.14339
1.11195
1.20395
1.17397
1.26182
1.23313
1.31726
1.28974
1.37039
1.34404
1.42101
1.39598
1.46858
1.44514
1.51245
1.49094
1.55216
1.5328
1.58733
1.57028
1.61808
1.60318
1.64481
1.63188
1.66809
1.65675
1.68873
1.67868
1.70709
1.69811
1.72362
1.71549
1.73908
1.73132
1.75591
1.747
1.77838
1.76603
1.81206
1.79338
1.86159
1.83462
1.92751
1.89259
2.00653
1.9656
2.0951
2.04971
2.19248
2.14261
2.29956
2.24478
2.41582
2.35664
2.53905
2.47676
2.6658
2.60222
2.79384
2.72962
2.92608
2.85912
3.0642
2.99483
3.19619
3.13236
3.31247
3.25477
3.37311
2.02177
2.08182
1.92342
1.96748
1.8612
1.88809
1.83212
1.84263
1.83698
1.82994
1.88431
1.85478
1.98745
1.92782
2.16656
2.06615
2.44819
2.29274
2.86191
2.63755
3.43487
3.12409
4.22806
3.81247
4.99339
4.61464
5.70874
5.38958
6.12218
5.95098
6.11671
6.15869
5.86558
6.06659
5.19832
5.53116
4.83906
5.03375
4.40689
4.62694
4.02778
4.20256
3.75158
3.87926
3.54886
3.64217
3.40708
3.47115
3.31504
3.35527
3.2668
3.28582
3.25847
3.25781
3.28853
3.26858
3.35821
3.31858
3.40194
-0.0962936
-0.140534
0.0132828
-0.0386835
0.120452
0.0702716
0.2234
0.174186
0.324068
0.275541
0.422559
0.374993
0.517675
0.471773
0.607918
0.564472
0.691977
0.651599
0.768942
0.732018
0.838545
0.805134
0.900954
0.870993
0.956679
0.92988
1.00627
0.982501
1.04999
1.02905
1.08838
1.07004
1.12169
1.10582
1.14997
1.13658
1.17306
1.16227
1.19055
1.18257
1.20221
1.19715
1.20773
1.20578
1.20719
1.20819
1.20164
1.20492
1.19356
1.19774
1.18623
1.18956
1.18364
1.18408
1.18925
1.18529
1.2039
1.19548
1.22617
1.2142
1.25395
1.23944
1.28648
1.26958
1.32399
1.30461
1.36532
1.34432
1.4074
1.38648
1.44774
1.4278
1.48754
1.4675
1.5306
1.50838
1.58207
1.55497
1.64612
1.61236
1.72574
1.6838
1.82157
1.77205
1.92281
1.8726
2.02075
1.97168
2.07107
-0.0475553
0.0520681
0.0347232
0.0767946
0.0625343
0.0952483
0.0869272
0.111478
0.103014
0.13023
0.120318
0.152889
0.140944
0.180697
0.165712
0.197616
0.191665
0.136362
0.184247
-0.11413
0.039313
-0.589245
-0.327232
-1.13598
-0.872929
-1.41057
-1.32926
-1.14065
-1.34775
-0.519625
-0.85138
0.137007
-0.18053
0.625
0.409462
0.858307
0.774235
0.833467
0.873724
0.645405
0.74976
0.434563
0.535226
0.278463
0.348534
0.180393
0.223989
0.116933
0.145077
0.0790379
0.0953159
0.0558709
0.0666369
0.0344077
0.0453859
0.00766704
0.0221934
-0.0309146
-0.00960601
-0.0600644
-10.988
-0.264955
-0.0244294
-2.22184
-0.344956
-6.29108
-4.70642
-9.64381
-8.3127
-9.64363
-11.7973
8.65947
11.7839
12.8906
12.604
10.6206
-15.5423
-17.5753
-19.0625
-15.7835
-18.7807
-12.243
-2.27924
-7.18789
1.22176
-0.191264
-0.0646854
0.0497943
0.149137
0.236589
0.315811
0.385736
0.453308
0.515212
0.574612
0.629424
0.681823
0.730392
0.776943
0.820384
0.862256
0.9017
0.939955
0.976344
1.01182
1.04585
1.07917
1.11132
1.14288
1.17343
1.20345
1.23257
1.26123
1.28907
1.31649
1.34317
1.3694
1.39484
1.41975
1.44383
1.4672
1.48959
1.51109
1.53149
1.55084
1.56896
1.58592
1.60164
1.61629
1.62983
1.6424
1.65398
1.66473
1.67473
1.68409
1.69281
1.70102
1.70872
1.71604
1.72303
1.72997
1.73726
1.74549
1.75526
1.76733
1.78242
1.80125
1.82426
1.85166
1.88331
1.91887
1.95782
1.9997
2.04413
2.09091
2.13999
2.19139
2.24511
2.30114
2.35937
2.41969
2.48184
2.54543
2.60997
2.67487
2.73972
2.80455
2.87022
2.93865
3.01223
3.09264
3.17873
3.26358
3.33561
3.38846
3.44
3.56765
2.229
2.11389
2.03938
1.97979
1.93318
1.89672
1.86936
1.85053
1.84017
1.83889
1.84729
1.86649
1.89806
1.94415
2.00677
2.08868
2.19333
2.3247
2.48769
2.68813
2.93192
3.2228
3.54224
3.83901
4.16448
4.58788
5.03265
5.33809
5.62947
5.87751
5.96949
6.03439
6.02072
5.79554
5.69777
5.65371
5.47588
5.1518
4.79401
4.52813
4.34612
4.19027
4.04063
3.89816
3.76956
3.65861
3.56307
3.48245
3.41787
3.36597
3.32514
3.29533
3.27626
3.26756
3.26875
3.28035
3.30372
3.33974
3.38981
3.45786
3.56852
3.758
-0.236916
-0.239269
-0.170666
-0.109539
-0.0442081
0.0100483
0.0675227
0.118642
0.172562
0.222115
0.274288
0.322928
0.373676
0.421292
0.470183
0.516176
0.562519
0.606118
0.649343
0.689922
0.729607
0.766755
0.802746
0.836375
0.868735
0.898902
0.927814
0.954816
0.980639
1.00469
1.02752
1.04868
1.06868
1.08713
1.10444
1.12029
1.13498
1.14825
1.16029
1.17087
1.1801
1.18785
1.19422
1.19908
1.20247
1.20427
1.20453
1.2033
1.20074
1.19702
1.19254
1.1877
1.18298
1.17887
1.17594
1.17467
1.1755
1.17867
1.18416
1.19182
1.20146
1.21286
1.2259
1.2405
1.25667
1.27444
1.29382
1.31468
1.3367
1.35944
1.3824
1.40512
1.42727
1.44879
1.46997
1.49132
1.51343
1.53686
1.56219
1.59004
1.62096
1.65538
1.69412
1.73861
1.79033
1.84912
1.91155
1.97048
2.01916
2.05799
2.1097
2.24151
2.46904
0.244383
0.0834479
0.0179913
0.00987971
0.0152171
0.0252307
0.0304563
0.0333214
0.0351815
0.0374596
0.0401681
0.04324
0.0471551
0.0520213
0.0563508
0.0626801
0.0686504
0.0714606
0.0697409
0.0497644
0.00852231
-0.0587246
-0.15475
-0.275775
-0.405435
-0.526762
-0.615131
-0.651173
-0.620426
-0.526799
-0.39182
-0.236214
-0.0804649
0.061359
0.180785
0.27469
0.341019
0.379268
0.386735
0.367432
0.32735
0.276757
0.224408
0.177878
0.139878
0.109057
0.0848344
0.0671557
0.0526548
0.0428062
0.0355853
0.0299732
0.0252913
0.0209899
0.0172668
0.0138452
0.010213
0.00513682
-0.00156618
-0.0099969
-0.0170037
-0.00800886
-0.0195228
-2.52614
-0.461922
1.96694
2.1364
)
;

boundaryField
{
    frontandback
    {
        type            empty;
    }
    walls
    {
        type            zeroGradient;
    }
    diamond
    {
        type            zeroGradient;
    }
    inlet
    {
        type            zeroGradient;
    }
    outlet
    {
        type            fixedValue;
        value           uniform 0;
    }
}


// ************************************************************************* //
