/*--------------------------------*- C++ -*----------------------------------*\
  =========                 |
  \\      /  F ield         | OpenFOAM: The Open Source CFD Toolbox
   \\    /   O peration     | Website:  https://openfoam.org
    \\  /    A nd           | Version:  10
     \\/     M anipulation  |
\*---------------------------------------------------------------------------*/
FoamFile
{
    format      ascii;
    class       volScalarField;
    location    "32";
    object      p;
}
// * * * * * * * * * * * * * * * * * * * * * * * * * * * * * * * * * * * * * //

dimensions      [0 2 -2 0 0 0 0];

internalField   nonuniform List<scalar> 
8711
(
0.0109875
0.00971619
0.0126045
-0.0024831
-0.00186181
-0.010464
0.106534
0.106595
0.701483
0.694422
0.509214
0.291109
-0.102916
-0.113993
-0.126979
-0.147497
0.0316586
0.0292083
0.0255863
0.0267357
0.0265084
0.0207585
0.0220313
0.0123667
-0.216855
-0.165922
-0.277951
-0.329142
0.00429427
0.00501046
0.00683726
-0.555249
-0.579688
-0.361483
-0.397079
0.231047
0.222259
0.192782
0.198835
0.191264
0.236309
0.209737
-0.416052
-0.415193
0.271064
0.156172
-0.493401
-0.500437
-0.49557
0.0290656
0.0310323
0.0299377
0.0276741
0.0357773
0.0403408
0.0449869
-0.171228
-0.201958
-0.137505
-0.164857
-0.0476632
-0.0435446
-0.0510343
-0.0532173
0.120093
0.11628
0.108088
0.0170274
0.0175914
0.0209374
-0.0837798
-0.0752418
-0.0963775
-0.105245
0.0840806
0.0850547
0.0771833
0.0760837
0.0182819
-0.0382067
-0.0364854
-0.0416998
-0.0314319
0.0157189
0.0150024
0.0147129
-0.120069
-0.144403
-0.0428298
-0.07164
0.0508773
0.0472696
0.0517298
0.0413122
0.0527355
0.0725885
0.0880047
0.090974
0.0773774
0.0503955
0.0547963
0.362594
0.354698
-0.0944237
-0.0827317
-0.0766445
-0.074769
-0.0767501
-0.0831794
-0.0942735
-0.109582
-0.127808
-0.14553
-0.159616
-0.166632
-0.165562
-0.155681
-0.140254
-0.123867
-0.122679
-0.109745
-0.144207
-0.136624
-0.139273
-0.145262
-0.112429
-0.127232
-0.0845639
-0.0972111
-0.0714478
-0.0758403
-0.0745574
-0.0711551
-0.0969572
-0.0826151
-0.115844
-0.079575
-0.0883737
-0.0748694
-0.0752992
-0.0871941
-0.0787421
-0.118828
-0.100759
-0.161673
-0.139791
-0.184543
-0.177176
-0.171527
-0.182697
-0.133087
-0.153808
-0.113717
-0.143628
-0.0916663
-0.0844806
-0.0971903
-0.188778
-0.124924
-0.105826
-0.094615
-0.121428
-0.115752
-0.116886
-0.122981
-0.0947586
-0.107341
-0.0722212
-0.0825212
-0.0633925
-0.066144
-0.0696142
-0.0649597
-0.0944798
-0.0793541
-0.141788
-0.115284
-0.0811544
-0.0850752
-0.0893656
-0.10414
-0.0723638
-0.0789378
-0.0712271
-0.0698157
-0.0878443
-0.0774844
-0.12424
-0.103427
-0.172305
-0.147708
-0.20057
-0.19113
-0.183715
-0.19676
-0.139809
-0.163241
-0.0997037
-0.117718
-0.0676406
-0.0746737
-0.166091
-0.0859579
-0.227618
-0.210959
-0.200192
-0.226101
-0.0612059
-0.0630208
-0.0593221
-0.159626
-0.131971
-0.0707344
-0.0643588
-0.0866186
-0.0784189
-0.0978304
-0.0939032
-0.093969
-0.0986447
-0.0754112
-0.0865191
-0.0586734
-0.0663418
-0.0537371
-0.0546384
-0.0616593
-0.0562635
-0.0876333
-0.072414
-0.13859
-0.110436
-0.170531
-0.0978614
-0.0830332
-0.0942019
-0.136252
-0.105506
-0.103058
-0.0719911
-0.0830825
-0.0610284
-0.0655916
-0.0643814
-0.0607038
-0.0843869
-0.0726861
-0.12467
-0.101938
-0.176743
-0.150612
-0.207214
-0.196727
-0.190442
-0.204412
-0.141973
-0.167403
-0.117601
-0.074904
-0.0705481
-0.0761684
-0.0769315
-0.186272
-0.245648
-0.247912
-0.249711
-0.258534
-0.0505023
-0.0723948
-0.167192
-0.225934
-0.0763525
-0.100016
-0.0707551
-0.131307
-0.248022
-0.257025
-0.246832
-0.229369
-0.219534
-0.181898
-0.0560024
-0.0524476
-0.0678084
-0.0614278
-0.0759908
-0.0728639
-0.0721353
-0.0757559
-0.0572416
-0.0655357
-0.0444329
-0.0498789
-0.0427173
-0.0424936
-0.0517369
-0.0458662
-0.0771473
-0.0620738
-0.126441
-0.0994333
-0.192703
-0.159626
-0.248647
-0.224579
-0.242845
-0.0680111
-0.074609
-0.0533357
-0.0598945
-0.0468438
-0.0487751
-0.0544823
-0.0492917
-0.0771862
-0.064114
-0.119933
-0.0960032
-0.175541
-0.147746
-0.207902
-0.197092
-0.188789
-0.203908
-0.138726
-0.164833
-0.0922464
-0.112913
-0.0655975
-0.0767593
-0.0647335
-0.0568811
-0.0721335
-0.0694649
-0.0699794
-0.0724325
-0.0579646
-0.0651185
-0.198196
-0.0881445
-0.0593233
-0.0563817
-0.0490706
-0.165126
-0.228182
-0.201451
-0.164684
-0.119662
-0.23582
-0.223524
-0.18999
-0.0393839
-0.0402508
-0.0415151
-0.0396685
-0.0490301
-0.0448387
-0.0549082
-0.0527192
-0.0513
-0.0543424
-0.03972
-0.045894
-0.0308969
-0.0343511
-0.0310641
-0.0300241
-0.0403193
-0.0345095
-0.0635892
-0.0498868
-0.108386
-0.0832987
-0.173737
-0.140384
-0.223516
-0.205399
-0.221734
-0.0325945
-0.0274018
-0.0132392
-0.0194828
-0.0472617
-0.0427671
-0.0422201
-0.0460069
-0.0330919
-0.0373851
-0.0315109
-0.0309096
-0.0426382
-0.0357094
-0.0670563
-0.0530012
-0.110909
-0.0865033
-0.167287
-0.139295
-0.199915
-0.188893
-0.180351
-0.195681
-0.13023
-0.156157
-0.0835377
-0.10455
-0.0675137
-0.0531237
-0.0672324
-0.0614555
-0.0723605
-0.0710325
-0.0668746
-0.0709616
-0.0525747
-0.0605926
-0.043279
-0.199149
-0.0403665
-0.0449771
-0.0160399
-0.0336356
-0.153013
-0.216222
-0.101897
-0.210782
-0.0291617
-0.0552835
-0.188122
-0.0266434
-0.145871
-0.0353168
-0.0331117
-0.0274249
-0.0289222
-0.0271469
-0.0266711
-0.0318376
-0.0294346
-0.0357472
-0.0343537
-0.0324208
-0.0349966
-0.0236326
-0.0281724
-0.0180212
-0.0200221
-0.0195344
-0.0179974
-0.0283693
-0.0229631
-0.048794
-0.0368882
-0.0869317
-0.0654557
-0.144761
-0.114815
-0.191912
-0.175822
-0.169243
-0.190901
-0.102033
-0.136575
-0.000843687
-0.00316514
-0.00825261
-0.000950115
-0.0185476
-0.0150864
-0.0166605
-0.0190505
-0.0129838
-0.0154779
-0.0154852
-0.0129136
-0.0290989
-0.0211239
-0.0544007
-0.0399986
-0.0973917
-0.0736953
-0.151733
-0.124764
-0.183692
-0.1727
-0.164926
-0.179852
-0.115759
-0.141299
-0.072315
-0.0927832
-0.0455025
-0.0568239
-0.0380762
-0.0940758
-0.0620888
-0.0603663
-0.0425401
-0.0506816
-0.0725778
-0.0678457
-0.0751591
-0.0752381
-0.0666399
-0.0722161
-0.0495425
-0.0588092
-0.0395315
-0.187216
-0.13362
-0.190858
-0.0262072
-0.0212699
-0.0160521
-0.0823764
-0.177322
-0.0466306
-0.14667
-0.0259309
-0.112092
-0.00444217
-0.031926
-0.0590738
-0.0329324
-0.052364
0.0683778
-0.0222537
-0.0274574
-0.0152019
-0.0176561
-0.0135234
-0.0139302
-0.0161599
-0.0151993
-0.0183663
-0.017849
-0.0157232
-0.0178071
-0.00934153
-0.0125122
-0.00625342
-0.0071444
-0.00852653
-0.00682057
-0.0165044
-0.0117168
-0.0336804
-0.0237793
-0.0645817
-0.0472616
-0.112064
-0.0867238
-0.154838
-0.137481
-0.137485
-0.154691
-0.0728317
-0.108232
-0.00134789
-0.0308797
-0.0128845
0.0292645
0.0184258
0.0129385
0.00878574
0.0108405
0.012598
0.0148564
0.00547959
0.00868792
0.00465476
0.00367033
0.00591513
0.00558263
0.000348284
0.00422737
-0.0146285
-0.00615526
-0.0395419
-0.0255951
-0.0797345
-0.0577236
-0.13033
-0.105121
-0.160904
-0.150205
-0.143634
-0.157519
-0.0987747
-0.122075
-0.0592939
-0.0774556
-0.0344581
-0.045244
-0.0260758
-0.0698335
-0.0616629
-0.0808945
-0.0769106
-0.0806263
-0.0822398
-0.0690496
-0.0761453
-0.0488723
-0.0596081
-0.0375855
-0.164545
-0.0236401
-0.0109636
-0.00619295
-0.110239
-0.159877
-0.0675764
-0.141495
-0.0392351
-0.112886
-0.0226662
0.00524183
-0.00831421
-0.0792614
-0.0380064
0.003001
0.0420711
0.070036
0.0896701
0.0787296
-0.0117589
-0.0174383
-0.00399017
-0.00699545
-0.00168172
-0.00229953
-0.00283877
-0.00209343
-0.00385731
-0.00366846
-0.00140242
-0.0030815
0.00292103
0.000905042
0.0041919
0.0040519
0.00164636
0.00331091
-0.00511738
-0.00111638
-0.0188042
-0.0109969
-0.0426053
-0.0293187
-0.0787664
-0.0594344
-0.113495
-0.0982938
-0.103333
-0.116703
-0.0449771
-0.0796657
0.0245756
-0.00580066
0.0464656
0.0204851
-0.000844986
0.0103996
0.0164453
0.0261518
0.0233905
0.0298502
0.0286527
0.0254394
0.0274175
0.0232816
0.0234197
0.022378
0.0232415
0.0151146
0.0196639
-4.96606e-05
0.00835982
-0.0233992
-0.0105197
-0.059497
-0.0398259
-0.104982
-0.0822155
-0.133354
-0.123229
-0.118436
-0.130582
-0.079135
-0.0994919
-0.045118
-0.0606513
-0.0233119
-0.0323645
-0.0160425
-0.0661757
-0.0413587
-0.05401
-0.083421
-0.075642
-0.0922104
-0.0894019
-0.0887782
-0.0921886
-0.0737839
-0.0825256
-0.0504516
-0.0627986
-0.0247749
-0.037424
-0.00343941
-0.0133968
-0.13706
-0.0894484
-0.129213
-0.0561395
-0.112703
-0.00291871
0.00547484
0.00653706
-0.0385797
-0.0241967
-0.0139953
0.00260619
-0.00932826
-0.0880651
-0.0553764
-0.0194028
0.0183733
0.0550588
-0.0294405
0.100028
0.0889777
0.111161
-0.054856
-0.0407505
-0.0142839
-0.0216676
-0.00202402
-0.00783794
0.00604166
0.00254994
0.00872549
0.00775698
0.00866323
0.00896596
0.00843925
0.00837393
0.0105504
0.00926541
0.0131665
0.0120744
0.0132171
0.0135344
0.0107265
0.012238
0.00514874
0.00840075
-0.00536181
0.000551844
-0.0226627
-0.0131001
-0.0480227
-0.0345374
-0.0726356
-0.0616771
-0.0689266
-0.0753228
-0.0202521
-0.0502388
0.0440376
0.0145513
0.0851581
0.0665666
0.110996
0.100428
0.0198045
-0.00741296
0.00408395
0.0127444
0.0299457
0.0254907
0.0366967
0.033539
0.0419299
0.0396636
0.0404848
0.0414453
0.0384783
0.0392127
0.0359524
0.0375555
0.0281558
0.0328019
0.0138439
0.0216866
-0.00703203
0.00434933
-0.0381842
-0.0212733
-0.0776253
-0.0577658
-0.103351
-0.0939016
-0.091267
-0.10133
-0.0586728
-0.0754482
-0.0308494
-0.0431897
-0.0123354
-0.019929
-0.00107956
-0.00598863
0.00285771
-0.0815375
-0.0685985
-0.0995065
-0.0915058
-0.106675
-0.104975
-0.0994363
-0.104891
-0.0804212
-0.0910832
-0.0541976
-0.0678583
-0.0259933
-0.0398012
-0.0137564
-0.11109
0.118203
0.115814
0.118961
-0.0740088
-0.104404
-0.00377533
0.00646845
-0.0521646
-0.0391232
-0.0283156
-0.0227845
-0.0209097
-0.00658858
-0.0202471
-0.0679573
-0.0383359
-0.00347518
0.0326846
0.0651811
0.0990584
-0.0675097
-0.0518365
-0.0197725
0.0147601
0.0133778
-0.0276823
-0.0901993
-0.00490797
-0.0118253
0.00687297
0.00162476
0.0142346
0.0110107
0.0175838
0.0164369
0.0182336
0.018171
0.0185917
0.0183286
0.0202519
0.019357
0.0215269
0.0211138
0.0208914
0.0214182
0.0186865
0.0199689
0.0142998
0.0168182
0.00664558
0.0108899
-0.00517898
0.00127358
-0.0214211
-0.0129112
-0.0363815
-0.0297718
-0.0335001
-0.0380868
0.00352886
-0.0191276
0.0573426
0.0309036
0.0951202
0.0786734
0.115893
0.106923
0.118052
0.123769
0.121111
0.0133249
-0.0196781
-0.0058753
0.00456975
0.0272968
0.0208481
0.0372488
0.0328261
0.0445476
0.0410522
0.0503367
0.0476496
0.0519107
0.0516174
0.0503614
0.0513114
0.0469354
0.0489376
0.0393467
0.0437095
0.0266246
0.0335343
0.00880855
0.0184252
-0.0169797
-0.00300637
-0.0503315
-0.0333662
-0.0727351
-0.0645588
-0.0640436
-0.0718123
-0.0385884
-0.0516703
-0.016093
-0.0264989
-0.00188309
-0.00815758
0.00757259
0.00346259
0.0110685
-0.0972097
-0.083149
-0.117159
-0.108484
-0.12317
-0.122404
-0.111965
-0.119554
-0.0884595
-0.101296
-0.0593765
-0.0741844
-0.0292362
-0.0439853
-0.0157998
-0.0909362
0.0150121
-0.0654157
-0.0515292
-0.0423587
-0.037037
-0.0358943
-0.0363365
-0.0531083
-0.0243675
0.0087243
0.0427281
-0.0363045
-0.0174751
-0.0349337
0.076482
0.107322
0.121079
-0.0340212
-0.0865022
0.121032
-0.0744552
0.0246781
-0.010174
-0.0174099
0.00402568
-0.00161386
0.014815
0.010271
0.0213254
0.0185032
0.0248504
0.0235338
0.0259991
0.025628
0.0267522
0.0263527
0.0278922
0.0273677
0.0282135
0.0282349
0.0273049
0.0278697
0.0254706
0.0265127
0.0221493
0.0240222
0.0168217
0.0197284
0.00924967
0.0132963
6.65239e-05
0.00470929
-0.00665998
-0.00398916
-0.00163035
-0.00621475
0.0258196
0.00958505
0.0664006
0.0458268
0.0983857
0.0847555
0.114608
0.107795
0.118583
0.118376
0.115514
0.109819
0.115983
0.0053544
-0.0297001
-0.0128035
-0.0035626
0.0209414
0.0135825
0.0336975
0.0274955
0.0429962
0.0383486
0.0504704
0.0466731
0.0562645
0.0533711
0.0597239
0.05842
0.059272
0.0598585
0.055892
0.0579075
0.0490276
0.0528775
0.0383072
0.0440832
0.0237531
0.0315468
0.00299411
0.0142939
-0.0250632
-0.0106558
-0.0444858
-0.0373217
-0.0385351
-0.0441499
-0.0198097
-0.0294768
-0.00338902
-0.0109618
0.00822663
0.00277267
0.0151477
0.0117475
0.0201208
0.0181465
0.0223387
0.0218603
-0.0787341
-0.0595792
-0.112576
-0.0964643
-0.13566
-0.125871
-0.140118
-0.140307
-0.125019
-0.134697
-0.0969756
-0.112045
-0.0644597
-0.0808
-0.032803
-0.0481995
-0.00585346
-0.0184836
0.0131893
0.00479573
0.0194686
-0.0776263
-0.0617103
-0.054084
-0.0505601
-0.0509647
-0.0533739
-0.0435371
-0.0154077
0.0174822
-0.0555147
-0.0552971
-0.0508924
0.0510061
0.0847549
0.111902
-0.0218065
-0.0417578
0.117518
0.10103
0.106823
0.0281102
-0.0190057
-0.0151459
0.0242852
-0.0745366
0.0261397
-0.0634286
-7.36084e-05
-0.00823866
0.0125508
0.0066889
0.0217523
0.017483
0.0274138
0.0248283
0.0306999
0.0292938
0.0321798
0.0315608
0.0331121
0.0326703
0.033731
0.0335191
0.0334911
0.0337283
0.0325809
0.0330869
0.0311383
0.0319439
0.0287707
0.0300766
0.0253281
0.0271702
0.0209367
0.0232151
0.0166071
0.0186373
0.0154752
0.0154057
0.0231941
0.0179156
0.0447307
0.0327938
0.0741549
0.0592213
0.0983565
0.0877454
0.110463
0.105734
0.112144
0.11277
0.102519
0.10871
0.0886055
0.0822971
0.093754
0.000401974
-0.0293271
-0.0115935
-0.00608492
0.0143759
0.00748014
0.0274898
0.0208625
0.0385413
0.0332401
0.0472521
0.043027
0.054416
0.0509738
0.0603327
0.0574384
0.064533
0.0627485
0.065448
0.0654126
0.0630135
0.0645955
0.057407
0.0605421
0.0488923
0.0534588
0.0374086
0.0435603
0.0205468
0.0298363
-0.00314174
0.00901251
-0.0194106
-0.0133537
-0.0159535
-0.0195738
-0.00334739
-0.0098911
0.0080876
0.00270062
0.0163129
0.0125279
0.0217162
0.0192623
0.0256889
0.0240589
0.0277428
0.0277626
0.0290563
-0.0871463
-0.0625342
-0.12692
-0.108238
-0.152749
-0.142324
-0.155659
-0.157033
-0.136827
-0.148482
-0.104633
-0.121746
-0.0687499
-0.0866236
-0.0355286
-0.0515759
-0.00811662
-0.0208996
0.0111677
0.00267721
0.0179899
-0.0699212
-0.0625195
-0.0616871
-0.0647501
-0.0706501
-0.0393118
-0.0113845
-0.0765269
-0.0791459
-0.0766614
0.0218912
0.0569045
0.0914509
-0.0672621
0.11278
-0.0527794
0.110082
-0.0150599
-0.034377
0.0944657
0.0687125
0.0735677
0.0297007
-0.00358599
0.00078999
0.0253262
-0.0680741
-0.0235584
-0.0426391
0.0297323
-0.058178
0.00936718
0.00503662
0.0199289
0.0146135
0.0274036
0.0236129
0.0323686
0.0299582
0.0353693
0.0339576
0.0370033
0.0362519
0.0378902
0.0375097
0.0380898
0.038088
0.0376278
0.0379189
0.036853
0.0372631
0.0357816
0.036368
0.0342199
0.0350582
0.0322258
0.0332608
0.0301354
0.0311519
0.0290266
0.0293622
0.0312253
0.0295703
0.040061
0.0347012
0.0577558
0.0477942
0.0798489
0.0688584
0.097239
0.089486
0.105299
0.102507
0.105101
0.106289
0.0946472
0.101072
0.0761293
0.0860388
0.0530792
0.0503558
0.0641448
0.00170338
-0.0167487
-0.00188164
-0.000763626
0.0106288
0.00568272
0.0217635
0.0157962
0.0329612
0.0272796
0.0424244
0.0377453
0.0504747
0.0466021
0.0572804
0.0540085
0.0630801
0.0602861
0.0674491
0.0654969
0.0693401
0.0687527
0.0681579
0.0690952
0.0641695
0.0664454
0.0578612
0.0612649
0.0489199
0.0537849
0.0347905
0.0426464
0.0151145
0.0250612
0.00201497
0.00703968
0.00301949
0.00123572
0.0104456
0.00651247
0.0177299
0.014242
0.0233177
0.0206892
0.0272815
0.0255068
0.0304137
0.028898
0.0321336
0.0317351
0.0318187
-0.0933249
-0.06679
-0.13867
-0.117942
-0.166195
-0.155443
-0.167519
-0.169968
-0.145597
-0.158894
-0.110128
-0.128836
-0.0715962
-0.0906853
-0.0369562
-0.0535685
-0.00914464
-0.0220495
0.0110389
0.00184186
0.01873
-0.0674222
-0.00808284
-0.068673
-0.0756985
-0.0864642
-0.0414429
-0.0980161
-0.10623
-0.107345
-0.0123302
0.0235502
0.0617698
-0.0999802
0.0950598
-0.0833189
0.107714
-0.0612455
0.0979286
-0.0373067
0.078247
-0.0016855
-0.0163409
0.0561792
0.0353571
0.0359431
0.03084
0.0262105
-0.0674654
0.0345081
0.0346244
-0.0595518
0.012969
0.00577171
0.00893711
0.0186326
0.0159723
0.0257958
0.0219972
0.0319321
0.0288863
0.036302
0.0341845
0.0390541
0.0377248
0.0406436
0.0399064
0.0413479
0.0410784
0.0413116
0.0414041
0.0408465
0.0411044
0.0402537
0.0405608
0.0395225
0.0399106
0.0386198
0.0390851
0.0377035
0.0381471
0.0371915
0.0373594
0.0380694
0.0373865
0.0420451
0.0395869
0.051005
0.045886
0.0655876
0.05763
0.0823724
0.0741262
0.0949551
0.0893899
0.100276
0.0985107
0.0979699
0.10018
0.0884631
0.0941271
0.0711903
0.0807007
0.0481993
0.0602695
0.0195576
0.021444
0.0352012
0.00828002
0.00876646
8.4711e-05
0.0104824
0.00905984
0.0119267
0.00981965
0.0186825
0.0145634
0.0279294
0.022871
0.0371434
0.0325872
0.0454863
0.0413912
0.0528613
0.0492978
0.0592804
0.0561726
0.0648208
0.0621601
0.0691395
0.0671614
0.0715545
0.0706205
0.0714496
0.0717931
0.0689832
0.0704563
0.0645473
0.0669903
0.0575249
0.0614396
0.0456527
0.0522322
0.0300438
0.0377761
0.0195015
0.0240063
0.0181398
0.0179445
0.0215297
0.0196014
0.0255977
0.023593
0.029064
0.0274187
0.0319189
0.0305759
0.0339442
0.0329801
0.035027
0.0348291
0.034954
-0.0123261
-0.0503641
-0.0296833
-0.0995193
-0.0737674
-0.14588
-0.124554
-0.173577
-0.162898
-0.173671
-0.176892
-0.149836
-0.164143
-0.112488
-0.13208
-0.0725199
-0.0922788
-0.0370359
-0.0539845
-0.00884541
-0.0219515
0.011866
0.00234018
0.0198161
-0.0708328
0.00256736
0.0346705
-0.0817162
-0.098173
-0.0679959
-0.117165
-0.133758
-0.142622
-0.0490923
-0.0163206
0.0248187
-0.139497
0.0670128
-0.12301
0.0956942
-0.0961022
0.097558
-0.065208
0.0814519
-0.0370484
0.0591401
-0.0139331
0.0366744
0.0121428
0.00248179
0.0177173
0.00358967
-0.00613025
-0.00144354
0.00438288
0.013484
0.0163632
-0.0738923
0.0177977
0.0191039
0.021977
0.0191787
0.0262321
0.0242607
0.031095
0.0287362
0.0357952
0.0335393
0.039445
0.0376874
0.041877
0.0407132
0.0432708
0.042641
0.0437897
0.0436077
0.043686
0.0437871
0.0433204
0.0435128
0.042911
0.0431195
0.0424829
0.0426986
0.0421004
0.0422777
0.0419685
0.0419877
0.042513
0.0421261
0.044543
0.0432954
0.0492543
0.0465193
0.0577039
0.0530298
0.0697969
0.0633645
0.0824949
0.0763243
0.091642
0.0876515
0.0950248
0.0940397
0.0919144
0.0942293
0.0824961
0.0880021
0.0670665
0.0754249
0.0470193
0.0575911
0.0243752
0.0357819
0.0138301
0.0169491
0.0170124
0.0196804
0.0178304
0.0250922
0.0218064
0.0327595
0.0288023
0.0405176
0.036666
0.0479053
0.0442704
0.054627
0.0513566
0.0606071
0.0577007
0.0658182
0.0633089
0.0700041
0.0680606
0.0726424
0.0715315
0.0732798
0.0731962
0.0719527
0.0728219
0.0688738
0.0706247
0.0633299
0.0664783
0.0536862
0.0589804
0.0417418
0.047568
0.0328604
0.0378918
0.0295569
0.0305439
0.0301046
0.0295838
0.0318606
0.0309207
0.0337571
0.0328091
0.0355941
0.0346639
0.0368935
0.0361575
0.0374533
0.0371802
0.0375861
0.0376123
0.0372745
0.0374374
0.0111645
-0.0154242
-0.000196534
-0.0562028
-0.0341139
-0.103461
-0.0792142
-0.147278
-0.126995
-0.173567
-0.163381
-0.172979
-0.176515
-0.148748
-0.163228
-0.11124
-0.130875
-0.0713042
-0.091047
-0.0359087
-0.0527955
-0.00777922
-0.0208896
0.0127789
0.0033946
0.0267817
0.020565
0.0347215
0.0313238
0.0370443
-0.0813671
0.0136079
0.0198412
-0.103368
-0.0881788
-0.130547
-0.157734
-0.177758
-0.0602537
-0.0206085
-0.183981
0.0276318
-0.171611
0.0710879
-0.142078
0.0901299
-0.103578
0.0819399
-0.0653741
0.0613406
-0.0333715
0.0373546
-0.0102351
0.0157638
0.00478259
-0.0115254
-0.000799903
0.0198775
0.00988984
0.0187595
0.0384323
0.0138438
-0.017774
-0.00632036
0.020222
0.0240226
0.0217642
0.0287568
0.0264689
0.0321834
0.0304754
0.03564
0.0339736
0.0390564
0.0373966
0.0419229
0.0405403
0.0439445
0.0429913
0.0450939
0.0445874
0.0454937
0.0453561
0.0454219
0.0454889
0.0451848
0.0453085
0.0449477
0.0450634
0.0447783
0.0448511
0.0447885
0.044753
0.0451997
0.0449302
0.0464082
0.0456814
0.0490518
0.0475211
0.0539239
0.0511923
0.0615582
0.0574228
0.0716655
0.0663768
0.0812101
0.0766044
0.0878484
0.0850031
0.0897707
0.0893895
0.0863562
0.0886819
0.0773444
0.0825523
0.0636064
0.0712128
0.0460535
0.0553096
0.0265027
0.036181
0.0080716
0.0169515
0.000765225
0.0259688
0.0291069
0.0276883
0.0236801
0.0246316
0.0234097
0.0232315
0.0257007
0.0241434
0.030394
0.027779
0.0366549
0.0334345
0.043303
0.0399705
0.0498334
0.0466062
0.0559171
0.052939
0.0614274
0.0587418
0.066284
0.0639386
0.0702676
0.0684006
0.0729661
0.0717792
0.0740655
0.0737062
0.0735122
0.0739679
0.0713662
0.0726351
0.0670054
0.0695061
0.0593394
0.0635322
0.0495828
0.0544922
0.0417681
0.0448236
0.0377537
0.0393794
0.0365212
0.0369052
0.0367026
0.0365066
0.0374549
0.0370332
0.038359
0.0378971
0.0390397
0.0387134
0.0393507
0.0392458
0.0394757
0.0395039
0.0389936
0.0392993
0.0387091
-0.0166596
-0.0015869
-0.0566559
-0.03515
-0.10151
-0.0788804
-0.141809
-0.122988
-0.165968
-0.156562
-0.165389
-0.168763
-0.142411
-0.156162
-0.106576
-0.125378
-0.0681383
-0.0871746
-0.0338265
-0.0502176
-0.00642551
-0.0192158
0.0136097
0.00448093
0.0269115
0.0210252
0.0345859
0.0313592
0.0369073
-0.100237
-0.134899
-0.173298
0.0388951
0.020853
-0.0829784
-0.206922
-0.0718078
-0.226535
-0.0221676
-0.224657
0.0324953
-0.198341
0.0711444
-0.153917
0.0771961
0.0251965
-0.10415
0.061366
0.0214265
-0.0599951
0.0374516
0.0146933
-0.0142698
-0.0289898
-0.0272513
0.0134456
0.00670938
-0.0255354
-0.00599174
-0.00606711
-0.0230102
0.0391735
-0.0102474
-0.00360156
0.0263422
0.0381956
-0.110226
0.0327405
-0.102714
0.0254795
0.0101141
0.0184426
0.0296639
0.0278648
0.0336216
0.0315609
0.0365293
0.0350857
0.0391253
0.0378592
0.0416158
0.0404015
0.0437854
0.0427423
0.0453859
0.0446396
0.046317
0.0459102
0.0466634
0.0465387
0.0466615
0.0466816
0.0465523
0.0466102
0.046471
0.0465039
0.0465139
0.0464724
0.0468124
0.0466239
0.0475843
0.0471278
0.0491734
0.0482604
0.0520644
0.0504391
0.0567632
0.0541867
0.0634799
0.0598985
0.0722718
0.0675601
0.0791027
0.0756633
0.0839364
0.0819106
0.0848222
0.0848695
0.0812495
0.0835607
0.0729872
0.077632
0.0607146
0.0672814
0.0451825
0.0533181
0.0281221
0.03648
0.0115299
0.0197337
0.00332858
0.0311812
0.0325731
0.0287946
0.0296489
0.0289243
0.0283881
0.0307156
0.0294123
0.0346816
0.0325363
0.0398477
0.0371644
0.0455834
0.0426874
0.0513462
0.048485
0.0568299
0.0541321
0.0618749
0.0594098
0.0663616
0.0641909
0.0700723
0.0683293
0.0727593
0.0715554
0.0741133
0.0735939
0.0740557
0.0742418
0.0725454
0.0734798
0.0690737
0.0710776
0.0628885
0.0662775
0.0549102
0.0589447
0.0479083
0.0514661
0.0434309
0.0453712
0.0411872
0.0421043
0.0403471
0.0406478
0.0402625
0.0402445
0.0404925
0.0403576
0.0406965
0.040611
0.0408002
0.0407499
0.0406599
0.0407186
0.0402106
0.0404732
0.0399706
-0.0152379
-0.0011109
-0.0513806
-0.0321087
-0.0925713
-0.0718407
-0.129893
-0.112468
-0.152072
-0.143379
-0.152167
-0.154912
-0.131821
-0.144095
-0.0991936
-0.116409
-0.0635017
-0.0812516
-0.0311284
-0.046647
-0.0050058
-0.0172248
0.014194
0.00543365
0.0267757
0.0212353
0.0342535
0.0310615
0.0365672
-0.128172
-0.176335
-0.0192123
0.038607
0.0377779
-0.224043
-0.123813
-0.259691
-0.079868
-0.27252
-0.0190109
-0.256216
0.0372504
-0.213183
0.063496
0.0314665
0.0258849
-0.154684
0.0571099
0.0207722
-0.0165044
-0.0309229
-0.0966268
0.0356793
0.0154733
-0.0382046
-0.0503883
0.0100742
0.00844051
-0.0398184
-0.0195884
-0.0124031
-0.13896
-0.00185161
0.0329659
0.036841
0.0385183
0.0245555
0.0300018
0.0296271
0.0332942
0.0316632
0.036882
0.0351746
0.0395582
0.0383169
0.0415966
0.0406119
0.043453
0.0425475
0.0450886
0.0443037
0.0463348
0.0457557
0.0470975
0.0467618
0.047432
0.0473023
0.0475078
0.0474843
0.0475149
0.0475125
0.0475702
0.0475317
0.0477804
0.0476513
0.0482824
0.0479885
0.0492786
0.0487097
0.0510564
0.050059
0.0539702
0.0523633
0.0583157
0.0559724
0.0640532
0.0610506
0.0699408
0.0671907
0.0765254
0.0736803
0.0801048
0.0786605
0.0803014
0.0806218
0.0766941
0.078945
0.0691832
0.0733637
0.0583526
0.0641033
0.0448179
0.0518705
0.030188
0.0373635
0.0159421
0.0230565
0.00351433
0.00913528
-0.00561778
-0.0010424
-0.0226916
0.0363314
0.0361797
0.0353402
0.0361543
0.0332912
0.0342309
0.0332626
0.033097
0.0348751
0.0338484
0.0381411
0.0363661
0.0424778
0.040209
0.0474362
0.0449192
0.0525212
0.0499852
0.0574501
0.0550158
0.0620443
0.0597946
0.0661612
0.0641667
0.0696002
0.0679763
0.0721839
0.0710121
0.0736385
0.0730447
0.0738644
0.0738917
0.0727527
0.0734739
0.0698806
0.0715473
0.0647143
0.0675521
0.0577548
0.0613659
0.0515043
0.0538698
0.047223
0.0492089
0.0444839
0.0456849
0.0430109
0.0436302
0.0423394
0.0426077
0.0420759
0.0421778
0.0419252
0.0419976
0.0417319
0.0418385
0.0413442
0.0415496
0.0409151
0.0410955
0.0399054
0.0411977
0.0238085
0.0113214
0.0188611
-0.0110857
0.00132933
-0.0426154
-0.0257852
-0.0793056
-0.0607552
-0.113285
-0.0973272
-0.133923
-0.125707
-0.135349
-0.137088
-0.118583
-0.128881
-0.0901923
-0.105309
-0.0581011
-0.0741715
-0.028237
-0.0426368
-0.00369847
-0.0152208
0.0145438
0.00620018
0.0264935
0.0212502
0.0337408
0.0305777
0.036084
-0.164655
-0.0371353
0.0263916
0.0382969
-0.224368
-0.170697
-0.02818
-0.27644
-0.141043
-0.306682
-0.0809233
-0.305024
-0.0119776
0.0406856
0.0348263
-0.0143698
-0.270378
0.0367975
0.0267393
-0.0251549
-0.211135
0.0461961
0.0201306
-0.03737
-0.14263
0.0303446
0.0151814
-0.0473279
-0.0819377
0.00504978
0.00920471
-0.0529002
-0.0379698
-0.0204327
0.00133005
-0.0545165
-0.0123506
0.0435466
0.0457146
0.028309
0.0307371
0.048875
0.0326355
0.0307515
0.0358495
0.0339921
0.039061
0.0374422
0.0414942
0.0403384
0.0432104
0.0423883
0.0446514
0.0439486
0.0459127
0.0453066
0.0468993
0.0464396
0.0475448
0.0472558
0.0478874
0.0477462
0.0480378
0.0479745
0.0481466
0.0480912
0.048318
0.04822
0.0486566
0.0484619
0.049296
0.0489331
0.0504176
0.0497896
0.0522553
0.0512402
0.0550608
0.0535352
0.0589858
0.0568966
0.0638744
0.0613475
0.069022
0.066478
0.0738735
0.0718847
0.0764736
0.0754554
0.0762183
0.0767043
0.0726997
0.0748418
0.0659147
0.0696592
0.0563974
0.0614315
0.0447321
0.0507686
0.0322268
0.0384505
0.0202217
0.0260031
0.0103556
0.0148926
0.0016814
0.00593906
0.0417688
0.043402
0.0400487
0.0405773
0.0388698
0.0395597
0.037328
0.0380361
0.0369024
0.0368103
0.0382954
0.0374435
0.0409768
0.0395055
0.0446515
0.0427201
0.0489389
0.0467524
0.053424
0.0511777
0.0578413
0.0556528
0.0620051
0.0599618
0.0657621
0.0639395
0.0689409
0.0674297
0.071354
0.0702483
0.0728011
0.0721936
0.0731548
0.0731058
0.072265
0.0728633
0.0697831
0.0712256
0.065352
0.0677849
0.0593303
0.062473
0.0537689
0.0559917
0.0496794
0.0516229
0.0467363
0.0480716
0.0448891
0.0457052
0.0438178
0.044285
0.0431929
0.0434702
0.04275
0.0429614
0.0422911
0.0425299
0.0416672
0.0419969
0.0406426
0.0412206
0.0397694
0.0395044
0.038278
0.0384497
0.0392025
0.0283719
0.0235272
0.0261302
0.0132232
0.0194549
-0.00559982
0.00478064
-0.032489
-0.0180742
-0.0644988
-0.0482455
-0.0947116
-0.0803899
-0.114051
-0.106142
-0.117206
-0.117729
-0.104454
-0.112556
-0.0807576
-0.0935455
-0.0526735
-0.0668752
-0.0255904
-0.0387565
-0.00273577
-0.0135297
0.0145631
0.00662092
0.026087
0.0210142
0.0331306
0.0300385
0.0370066
0.0353913
0.0379457
-0.205994
-0.0389986
0.0307948
-0.271874
-0.199066
-0.0502943
0.0317982
0.0315792
0.0377423
0.0376947
-0.320329
-0.148707
0.0530006
0.0472892
-0.336262
-0.0745734
0.0373986
-0.000832452
-0.0112877
-0.314521
-0.0059209
0.0277709
-0.0259776
-0.26134
0.0257484
0.0194494
-0.0405189
-0.191634
0.0194064
0.0137754
-0.0544948
-0.119873
-0.0031848
0.00874663
-0.064905
-0.0617585
-0.0304113
0.00279785
-0.0706083
-0.0252973
-0.0527721
-0.00661407
0.0284917
0.05813
0.0580942
0.0630292
0.0296943
0.0339926
0.032535
0.0372635
0.0355329
0.0402629
0.0387861
0.0425439
0.0414749
0.0441146
0.0433786
0.0453254
0.0447436
0.0463467
0.0458568
0.0471598
0.0467787
0.0477306
0.0474696
0.0480888
0.0479375
0.0483086
0.0482073
0.0485063
0.0484052
0.0487734
0.0486272
0.0492084
0.0489659
0.0499354
0.0495307
0.0511135
0.050463
0.0529294
0.0519381
0.0555564
0.0541435
0.0590526
0.0572108
0.0632114
0.0610827
0.0674225
0.0653635
0.0711274
0.0691856
0.0731063
0.072387
0.0725571
0.0731398
0.0692107
0.0712106
0.0631263
0.0664594
0.0547561
0.0591748
0.0447097
0.0498702
0.034098
0.03941
0.0240793
0.0288324
0.0160847
0.0196364
0.00867903
0.0121915
0.00665516
0.00679434
0.00327263
0.0106718
0.00788786
0.0092671
0.0167348
0.0503712
0.0537526
0.0460081
0.0479833
0.043741
0.0446417
0.0419956
0.0427928
0.0405748
0.0411568
0.0400848
0.0401441
0.0411533
0.0404755
0.0433484
0.0421337
0.0464575
0.0448159
0.0501583
0.0482623
0.0541071
0.0521216
0.0580526
0.0560924
0.0618097
0.0599626
0.06522
0.0635636
0.0681276
0.066741
0.0703511
0.069328
0.0717226
0.07114
0.072103
0.0720311
0.0713252
0.0718562
0.0691108
0.0703951
0.0652465
0.0673593
0.0600519
0.0627609
0.0550918
0.0571952
0.0511976
0.0530673
0.0482061
0.0495907
0.0461502
0.0470827
0.0448115
0.0454152
0.0439199
0.0443292
0.0432333
0.0435642
0.0425522
0.0428974
0.0417324
0.0421576
0.0406644
0.0412076
0.0395801
0.0399759
0.0382965
0.0390225
0.0243812
0.0268469
0.0155699
0.0207228
8.49135e-05
0.00869084
-0.0225447
-0.0103824
-0.0499842
-0.0359827
-0.0764941
-0.0637927
-0.0946834
-0.0869944
-0.0996613
-0.0989324
-0.0909154
-0.096832
-0.0719004
-0.0823605
-0.0478413
-0.0601648
-0.0235465
-0.0354794
-0.00231739
-0.0124207
0.0141661
0.00655428
0.0254388
0.0204445
0.0323171
0.0293124
0.0361274
0.0345275
0.037228
-0.245007
0.0678722
0.06403
-0.0718538
0.0311043
0.0304047
0.0374591
-0.308935
-0.216861
0.0523178
-0.0661228
0.0289784
0.0297427
0.0269776
0.0170379
0.0720933
0.0728688
0.0777275
-0.344698
-0.145969
0.0785177
0.0659524
0.0729644
0.0403741
-0.00696904
-0.33949
-0.0646827
0.0291632
-0.0240586
-0.297321
-0.0087366
0.019536
-0.0409054
-0.230782
0.00156278
0.0120113
-0.0586816
-0.15656
-0.01621
0.00689919
-0.0735188
-0.0895251
-0.0437852
0.00241616
-0.0850995
-0.0412521
-0.06943
-0.00334843
-0.0917955
-0.0151219
0.0298977
0.0322465
0.0328074
0.0303295
0.0317503
0.0351648
0.0341781
0.0379298
0.0364745
0.0407614
0.0393919
0.042958
0.0419398
0.0444747
0.0437735
0.0455816
0.0450581
0.0464679
0.0460447
0.0471751
0.0468412
0.0476989
0.0474563
0.0480762
0.0478876
0.0483644
0.0482275
0.0486392
0.0484989
0.0489843
0.0487995
0.0494905
0.0492137
0.0502694
0.0498419
0.0514581
0.0508089
0.0532039
0.0522599
0.055622
0.0543331
0.0587117
0.0570979
0.0622537
0.0604546
0.0657476
0.0640445
0.0686315
0.0672587
0.0700384
0.0695599
0.0692987
0.0699327
0.0661724
0.0680114
0.0607551
0.0637096
0.0534038
0.0572747
0.0447332
0.0491666
0.0356868
0.0402079
0.0272892
0.0313065
0.0206052
0.0237452
0.0152818
0.017591
0.0145407
0.0141337
0.0192225
0.0158718
0.0242599
0.0623676
0.0671029
0.0548265
0.0582539
0.0500631
0.0519267
0.0469361
0.0482892
0.0449647
0.0458318
0.0433529
0.043994
0.0428352
0.0429683
0.0435562
0.0430609
0.0453307
0.0443357
0.0479481
0.0465583
0.0511362
0.049495
0.0546046
0.0528541
0.0581175
0.0563677
0.0614927
0.0598307
0.0645724
0.0630751
0.0672096
0.0659504
0.0692345
0.0683009
0.0704932
0.0699574
0.0708437
0.0707783
0.0701186
0.0706124
0.0681047
0.0692665
0.0646943
0.0665492
0.0602171
0.062537
0.0557745
0.0578497
0.0520559
0.0538442
0.0490959
0.0504838
0.0469333
0.0479311
0.0454162
0.0461142
0.0443229
0.0448345
0.0434343
0.0438662
0.0425693
0.0430051
0.0416029
0.0420987
0.0404551
0.0410448
0.0392372
0.0398099
0.0378576
0.0386104
0.0365392
0.0361339
0.0370358
0.025739
0.0277284
0.0183297
0.0226395
0.00551809
0.0126498
-0.0134298
-0.00323199
-0.0367538
-0.0247811
-0.0600056
-0.0487313
-0.0772377
-0.0696992
-0.083958
-0.0820473
-0.0789494
-0.0828291
-0.064314
-0.0725922
-0.0440463
-0.0545991
-0.0223716
-0.0331495
-0.00260987
-0.0121039
0.0132417
0.00586726
0.0244149
0.0194248
0.0312825
0.0282955
0.0350438
0.0334642
0.0367342
0.0361923
0.0368039
-0.272778
0.0583536
-0.0860733
0.0302546
0.0243549
0.0834628
-0.326285
-0.218565
0.0675028
0.0601319
0.0452197
-0.000931608
0.0360371
0.0420196
0.0354877
0.0351611
-0.34272
-0.134233
0.0318568
-0.019448
-0.0928398
-0.315688
-0.0597311
0.0197082
-0.0388769
-0.256533
-0.0269029
0.0104233
-0.0599081
-0.183424
-0.0354644
0.0039866
-0.0798136
-0.113673
-0.0616137
-3.58947e-05
-0.0965635
-0.0580846
-0.0911577
-0.0030644
-0.109489
-0.0235586
-0.110612
-0.00861497
0.0606842
0.0801613
0.0749276
0.0690402
0.0306432
0.0294735
0.0289626
0.0297678
0.0326439
0.0316143
0.0351811
0.0336015
0.038088
0.0366467
0.0407847
0.0394854
0.0429279
0.0419297
0.0444391
0.0437422
0.0455147
0.045011
0.0463383
0.0459472
0.0469898
0.0466806
0.0474976
0.0472578
0.0478973
0.0477034
0.048239
0.0480724
0.0485796
0.0484059
0.0489891
0.0487729
0.0495476
0.0492466
0.0503545
0.0499168
0.0515259
0.0508921
0.0531768
0.0522914
0.0553805
0.054215
0.058101
0.0566904
0.0611237
0.0595986
0.0640277
0.06262
0.0662954
0.065261
0.067264
0.0669649
0.0664121
0.0670636
0.0635359
0.0652069
0.0587252
0.0613369
0.0523
0.0556724
0.0448286
0.0486393
0.0371148
0.0409532
0.0301072
0.0334644
0.0245275
0.027158
0.0211791
0.0223257
0.0207535
0.0204082
0.0260061
0.0225835
0.0305509
0.0320096
0.038553
0.0891577
0.0848916
0.0758218
0.0876904
0.0817392
0.0659008
0.0704943
0.0587176
0.062044
0.0534545
0.0558329
0.0499
0.051519
0.0475297
0.0486093
0.0458513
0.0465912
0.0451782
0.0453971
0.0455886
0.0452598
0.0469908
0.0461888
0.0491767
0.0480078
0.051912
0.0504968
0.0549466
0.0534094
0.0580613
0.0565062
0.0610791
0.0595909
0.0638468
0.0625
0.066221
0.0650872
0.0680489
0.0672038
0.0691777
0.0686986
0.0694718
0.0694267
0.0687727
0.0692426
0.066921
0.0679824
0.0638804
0.0655258
0.0599757
0.0619898
0.0559707
0.0579172
0.0524479
0.054148
0.0495599
0.050927
0.0473499
0.0483825
0.0457111
0.046476
0.0444604
0.0450533
0.0434048
0.0439203
0.0423836
0.0428969
0.0412844
0.0418462
0.0400549
0.0406817
0.0387759
0.0394115
0.0372794
0.0380784
0.0355504
0.0364486
0.029347
0.0296736
0.0269429
0.0284685
0.0209725
0.0244868
0.0103791
0.0162884
-0.00543726
0.00309728
-0.0252965
-0.0150291
-0.0458647
-0.0357622
-0.0623633
-0.0549072
-0.0706866
-0.0677029
-0.0690383
-0.0710875
-0.0583532
-0.06466
-0.0415277
-0.0504716
-0.0222175
-0.0319582
-0.00371272
-0.0126999
0.0117008
0.0044701
0.0229193
0.0178635
0.0299452
0.0268869
0.0337311
0.0321407
0.0354706
0.034856
0.0356511
-0.281495
0.0522059
0.0146542
0.0065342
0.0833356
0.0877041
0.0928427
0.0345943
-0.318844
-0.206495
0.0522943
0.0365744
-0.0129945
-0.119422
0.0286496
0.0281581
0.0407389
0.0459924
-0.314578
-0.122595
0.0215554
0.0522633
0.0615658
-0.0343302
-0.118253
0.0235893
-0.270162
-0.0686461
0.00915905
-0.0579224
-0.200392
-0.0628891
0.000465061
-0.0829546
-0.128233
-0.0861357
-0.0044569
-0.105116
-0.0687668
-0.117572
-0.00605715
-0.124561
-0.0301493
-0.142901
-0.00680672
-0.0119239
0.0778584
0.0302613
0.0283763
0.029223
0.0323851
0.0312891
0.0350114
0.0335894
0.0378668
0.0364511
0.0404901
0.0392255
0.0426002
0.0416112
0.0441257
0.0434211
0.0452066
0.0447038
0.0460103
0.0456311
0.0466389
0.0463399
0.0471464
0.0469034
0.047571
0.0473646
0.0479577
0.0477662
0.0483546
0.0481524
0.0488176
0.0485754
0.0494162
0.0490974
0.0502365
0.049796
0.0513761
0.0507647
0.0529239
0.0520999
0.054923
0.0538729
0.0573175
0.0560838
0.0599044
0.0586071
0.0623228
0.0611586
0.0641165
0.0633185
0.0647651
0.0646001
0.063859
0.0645045
0.0612337
0.0627431
0.0569756
0.0592784
0.0513803
0.054307
0.0449623
0.0482282
0.0384139
0.0416583
0.0325677
0.035365
0.0280283
0.0301209
0.0257946
0.026548
0.0260617
0.0256234
0.031301
0.0280687
0.0357522
0.0408463
0.0463216
0.0957733
0.0918962
0.0990413
0.0907403
0.0967867
0.0790614
0.0848145
0.0693397
0.0738692
0.0619863
0.0655098
0.056473
0.0590288
0.0525748
0.0543639
0.0498744
0.0511099
0.0480554
0.0488683
0.0471852
0.0475066
0.0473217
0.0471397
0.0483854
0.0477587
0.050185
0.0492134
0.0525145
0.0513025
0.0551542
0.0538119
0.0579013
0.0565263
0.0605864
0.0592601
0.063061
0.061856
0.0651863
0.0641712
0.066827
0.0660682
0.0678207
0.0674003
0.0680514
0.0680302
0.0673702
0.0678205
0.0656582
0.0666332
0.0629245
0.0643966
0.0594715
0.0612491
0.0558307
0.0576285
0.0525134
0.054123
0.0497141
0.0510499
0.0474882
0.048539
0.0457608
0.0465763
0.0443812
0.0450416
0.0431824
0.0437703
0.0420222
0.0426044
0.0408027
0.0414222
0.0394885
0.0401544
0.0380912
0.0387977
0.0366141
0.0373635
0.0348258
0.0357241
0.033554
0.0328407
0.0338664
0.0293572
0.0292031
0.027771
0.028857
0.0231615
0.0259048
0.0145363
0.0193868
0.00133797
0.00849667
-0.0157117
-0.00682334
-0.0341451
-0.0249688
-0.0501313
-0.0426907
-0.0599282
-0.0559749
-0.0612822
-0.0616967
-0.0541425
-0.058676
-0.0404321
-0.0479188
-0.0232402
-0.0320595
-0.00577815
-0.0143642
0.00940365
0.00221403
0.0208495
0.0156385
0.0282401
0.0250034
0.0321847
0.0305595
0.0340402
0.0333203
0.034355
0.034373
0.0340757
-0.271196
0.0436699
0.00414451
-0.00499567
-0.152693
0.0275364
0.0567738
0.0923948
0.0963595
0.0519109
-0.291073
-0.188396
0.0426704
0.0259096
-0.0271845
0.0281064
0.0274456
0.032441
0.0317845
-0.151127
0.044338
0.0494727
0.0336046
-0.269605
-0.121988
0.0422606
0.00961446
0.0714772
-0.0526793
0.014281
-0.212597
-0.0985542
-0.00264062
0.087918
-0.081464
-0.138896
-0.117935
-0.0101081
-0.109718
-0.14028
-0.0721004
-0.151774
-0.0121482
-0.13588
-0.0288747
-0.182641
-0.0101444
-0.010796
-0.196709
-0.00751089
0.0586261
0.0275873
0.0268627
0.0296319
0.0284963
0.0320012
0.0307784
0.0346373
0.0332676
0.0374258
0.0360396
0.0399942
0.0387549
0.042083
0.0411008
0.0436257
0.0429115
0.0447241
0.044215
0.0455286
0.0451511
0.0461519
0.0458553
0.0466657
0.0464174
0.0471144
0.0468946
0.0475406
0.0473279
0.047985
0.0477586
0.0484936
0.0482294
0.049125
0.0487919
0.0499522
0.0495121
0.0510558
0.0504684
0.0525035
0.0517381
0.0543169
0.0533704
0.0564294
0.0553475
0.0586527
0.0575443
0.0606742
0.0597084
0.0621012
0.0614796
0.062517
0.0624468
0.0615987
0.0622223
0.0592183
0.0605751
0.0554611
0.0574856
0.0505999
0.0531342
0.0450994
0.0478906
0.0395685
0.042297
0.0347146
0.0370282
0.0311262
0.0327325
0.029733
0.0301312
0.0307585
0.0298764
0.0358162
0.0327992
0.0396395
0.0594499
0.0656745
0.0628964
0.0506339
0.0550395
0.10299
0.0997852
0.105496
0.093009
0.0990745
0.0818407
0.0873606
0.07231
0.0766567
0.0647618
0.0682923
0.0591019
0.0617499
0.0549377
0.0568644
0.0519726
0.0533337
0.0499806
0.0508738
0.0489151
0.049339
0.0488007
0.0487521
0.0495528
0.0490874
0.0510024
0.050209
0.0529643
0.0519366
0.0552423
0.054079
0.0576495
0.0564413
0.0600253
0.0588498
0.0622266
0.0611538
0.0641201
0.0632158
0.065567
0.0649032
0.066452
0.0660837
0.0666244
0.0666249
0.0659627
0.0663934
0.0643774
0.0652752
0.0619031
0.0632312
0.0587839
0.0603956
0.0554747
0.0571285
0.0523545
0.0538775
0.0496458
0.0509478
0.0474167
0.0484784
0.0456169
0.0464747
0.0441241
0.0448443
0.0427956
0.0434493
0.0415076
0.0421529
0.0401788
0.0408505
0.0387749
0.0394843
0.0372999
0.0380413
0.035707
0.0365126
0.0339566
0.034884
0.0320118
0.0330022
0.0291342
0.0287453
0.0283087
0.0289747
0.0248971
0.0269766
0.01797
0.021913
0.00693246
0.012967
-0.00786813
-7.90262e-05
-0.0246408
-0.0161754
-0.040323
-0.0328318
-0.0515052
-0.0466583
-0.0555904
-0.0545184
-0.0516969
-0.0546023
-0.0408544
-0.0470004
-0.0255686
-0.0335707
-0.00892846
-0.0172257
0.00625804
-0.00101068
0.0181578
0.0126814
0.0261251
0.0226041
0.0304816
0.0286959
0.0325321
0.0317022
0.0331076
0.0330014
0.0329267
0.0674734
0.059354
-0.247206
0.0333882
-0.00787008
-0.0179921
0.0263294
0.0309476
-0.19355
0.0473712
0.0522906
0.105556
0.10249
0.0728442
0.0748079
0.0446217
-0.253449
-0.176527
0.0307547
0.0130539
0.0633504
-0.0443068
0.0246289
-0.219391
-0.142158
0.029203
-0.00400073
0.0823579
-0.0755857
0.00331454
-0.153549
-0.151991
-0.0158293
-0.109631
-0.179535
-0.0791425
-0.192961
-0.0207967
-0.143053
-0.158887
-0.023305
-0.232902
-0.0183807
6.12345e-06
-0.25282
-0.0107762
-0.00203812
0.0258488
0.0259008
0.0250962
0.0266711
0.0259894
0.0288904
0.0276941
0.031432
0.0301306
0.0341181
0.0327561
0.0368621
0.0355024
0.0393822
0.0381652
0.0414524
0.0404764
0.0430051
0.0422846
0.0441194
0.0436037
0.04493
0.044551
0.0455539
0.0452572
0.0460726
0.0458212
0.046543
0.0463115
0.0470021
0.0467717
0.0474868
0.0472397
0.0480356
0.0477518
0.0486966
0.0483505
0.0495304
0.0490904
0.0506016
0.0500358
0.0519602
0.0512468
0.0536121
0.0527552
0.0554854
0.0545315
0.0574075
0.0564549
0.0591065
0.0583011
0.0602485
0.0597612
0.0604958
0.0604919
0.0595936
0.0601854
0.0574467
0.0586613
0.0541399
0.0559151
0.049926
0.052116
0.045222
0.0476015
0.04057
0.0428547
0.0365777
0.0384661
0.033825
0.0350183
0.0329865
0.0331634
0.0347253
0.0334505
0.0395193
0.036738
0.0430884
0.0673796
0.0702225
0.0601289
0.0638257
0.11062
0.108259
0.114143
0.112466
0.11476
0.094944
0.101151
0.0840135
0.0893347
0.0746345
0.079104
0.0671396
0.0706845
0.0613584
0.064071
0.057001
0.0590312
0.0538291
0.0552915
0.0516609
0.0526386
0.0504091
0.0509309
0.0500588
0.0501347
0.0505228
0.0502062
0.0516519
0.0510215
0.0532771
0.0524185
0.0552215
0.0542235
0.0573137
0.0562602
0.0594021
0.0583666
0.0613508
0.0603998
0.0630324
0.0622291
0.0643199
0.0637278
0.0650926
0.0647723
0.0652175
0.0652344
0.0645823
0.0649904
0.0631174
0.0639436
0.0608656
0.0620714
0.0580405
0.0595015
0.0549897
0.0565206
0.0520465
0.0534917
0.0494198
0.050691
0.0471871
0.0482592
0.0453191
0.0462169
0.0437188
0.044496
0.0422672
0.0429834
0.0408599
0.0415641
0.0394282
0.04015
0.0379411
0.0386919
0.0363948
0.0371752
0.0347749
0.0355938
0.0329941
0.0339105
0.0310659
0.0320689
0.029836
0.0289004
0.0300087
0.025678
0.0276651
0.0268241
0.0289176
0.0284126
0.0287037
0.0290141
0.0262964
0.0278265
0.0207803
0.0239687
0.0115075
0.0166292
-0.00149966
0.00541884
-0.0170125
-0.00907225
-0.0325993
-0.0249817
-0.0451644
-0.0394465
-0.0518633
-0.0493696
-0.0510886
-0.0524274
-0.0429968
-0.0478609
-0.0294639
-0.036734
-0.0134124
-0.0215482
0.00207911
-0.00542584
0.0147323
0.00884687
0.0235227
0.0196004
0.0285595
0.0264699
0.0309454
0.0299803
0.0317889
0.0315359
0.0312813
0.0316934
0.030652
-0.249968
0.0242329
0.0551333
0.0245629
0.0577632
0.0235981
0.0989811
0.0251634
0.0615764
0.0638247
0.0408727
0.0687501
0.0704827
0.0554988
-0.221841
0.0203748
0.0529276
-0.0231957
-0.0342959
0.0351514
-0.219624
-0.183068
0.0156338
-0.00205717
0.0757118
-0.0661833
0.115101
0.113159
0.0286367
0.0277193
0.0153145
-0.175288
-0.187192
0.0105131
-0.0196977
0.0947019
-0.10371
-0.230188
-0.0107243
-0.10258
-0.229875
-0.0303103
-0.144342
-0.173282
-0.0311275
-0.287422
0.0304135
0.0108317
-0.0309061
-0.202842
0.0112424
-0.324353
-0.0215966
0.0129139
-0.323598
-0.00497055
0.0228103
0.0238215
0.0215915
0.0224642
0.0259046
0.0249951
0.0281447
0.0269748
0.0307607
0.0294339
0.0335066
0.0321361
0.036231
0.0348901
0.0387108
0.0375137
0.0407591
0.0397914
0.0423116
0.04159
0.0434325
0.0429138
0.0442451
0.0438659
0.0448675
0.0445715
0.0453889
0.0451359
0.0458713
0.0456321
0.0463547
0.0461106
0.046873
0.0466083
0.047458
0.0471561
0.0481487
0.0477891
0.0489932
0.0485508
0.0500414
0.0494918
0.0513275
0.0506567
0.0528451
0.0520626
0.0545201
0.0536719
0.0561949
0.0553697
0.0576333
0.0569569
0.0585528
0.0581688
0.0586785
0.0587201
0.0578098
0.0583647
0.0558799
0.0569644
0.0529745
0.0545284
0.0493282
0.0512173
0.0453147
0.0473378
0.0414159
0.0433213
0.0381668
0.0396864
0.0361135
0.0369697
0.035767
0.0357199
0.0379133
0.0364663
0.0426317
0.0398539
0.0499322
0.0460076
0.0598995
0.0545616
0.0719219
0.0658161
0.0783201
0.0831599
0.0800833
0.0817668
0.0755316
0.0778061
0.0692063
0.0728857
0.118669
0.117032
0.121595
0.120153
0.124242
0.122503
0.125414
0.109025
0.120964
0.11553
0.0960683
0.102003
0.0856171
0.0907651
0.0765623
0.0809226
0.0691254
0.0726546
0.0632783
0.0660324
0.0587905
0.0608922
0.055457
0.0570018
0.0531242
0.0541837
0.0516949
0.0523094
0.051122
0.0513148
0.0513188
0.05114
0.052151
0.0516715
0.0534645
0.0527624
0.0550989
0.0542547
0.056898
0.0559884
0.0587199
0.057814
0.0604367
0.0595972
0.0619274
0.0612143
0.0630727
0.0625455
0.0637535
0.0634724
0.0638467
0.0638724
0.0632484
0.0636297
0.061901
0.0626589
0.0598473
0.0609463
0.0572644
0.0586013
0.0544344
0.0558598
0.0516427
0.0530213
0.0490822
0.0503297
0.0468371
0.0479233
0.0448966
0.0458361
0.0431884
0.0440221
0.041617
0.0423932
0.0400971
0.0408559
0.0385708
0.0393376
0.0370118
0.0377965
0.0354124
0.0362187
0.0337537
0.0345943
0.0319821
0.0328831
0.0300206
0.0310225
0.0278436
0.0290253
0.0249598
0.0271605
0.0261559
0.0287039
0.0280445
0.0289744
0.0290095
0.0273899
0.0284667
0.0230451
0.0256069
0.0152135
0.0195937
0.00362312
0.0098621
-0.010977
-0.00339864
-0.0266858
-0.0188525
-0.0407149
-0.0340983
-0.0500468
-0.0461257
-0.0523911
-0.052165
-0.0470109
-0.0506207
-0.0350904
-0.0417145
-0.0193613
-0.0274834
-0.00321369
-0.0111362
0.0105365
0.00407776
0.0204295
0.0159763
0.0263726
0.0238652
0.0292848
0.028106
0.0303848
0.0300186
0.0300493
0.0303842
0.0294623
0.0605079
0.0460018
-0.209104
0.00445833
0.0236102
0.0589795
0.0677195
-0.0412542
-0.05405
0.11089
0.0266894
0.0273538
-0.201322
-0.214604
-0.0040414
-0.0197279
0.0896865
-0.0926144
-0.297523
0.00333977
0.0656462
-0.146351
-0.258036
-0.0378654
0.0474741
-0.138486
0.0917501
0.0859848
0.0921886
-0.0275012
-0.182619
-0.066574
-0.329864
-0.0137444
0.0115714
-0.0456245
-0.260225
-0.220697
0.000524566
-0.394996
-0.0391971
0.0283249
-0.41745
-0.0192854
0.00916384
0.124959
0.0204287
0.0225583
0.0213732
0.0249557
0.0238021
0.027367
0.0261515
0.0300466
0.0286814
0.0328494
0.0314565
0.0355677
0.0342332
0.0380153
0.0368342
0.0400387
0.0390811
0.0415802
0.0408634
0.0426949
0.0421789
0.0435003
0.043125
0.0441136
0.0438218
0.0446306
0.0443807
0.0451135
0.0448721
0.0456111
0.0453584
0.0461553
0.0458763
0.046773
0.0464542
0.0474949
0.0471202
0.0483573
0.047908
0.0493957
0.0488548
0.0506296
0.0499902
0.0520418
0.0513181
0.0535571
0.0527942
0.0550321
0.0543096
0.056261
0.0556876
0.0570061
0.056702
0.0570437
0.0571162
0.0562175
0.056734
0.0544851
0.0554523
0.0519338
0.053293
0.0487815
0.0504091
0.0453641
0.0470801
0.0421097
0.0436912
0.0394949
0.0407006
0.0380158
0.0385977
0.0381254
0.0378591
0.0404438
0.039002
0.0450651
0.0425239
0.0521082
0.0483204
0.0618064
0.05661
0.0734842
0.0675334
0.0795748
0.0898916
0.0910098
0.0871805
0.0886529
0.0839848
0.0856101
0.0787124
0.0821383
0.0794309
0.0774287
0.124915
0.123148
0.124047
0.12693
0.12593
0.128858
0.127883
0.130909
0.129901
0.121569
0.130449
0.131123
0.109646
0.115931
0.0970647
0.103122
0.0869059
0.0918689
0.0781388
0.0823879
0.0707735
0.0742808
0.0649018
0.0676767
0.060329
0.0624793
0.0568698
0.058481
0.0543907
0.0555251
0.0527938
0.0534961
0.0520116
0.0523142
0.0519586
0.0519087
0.0525128
0.0521746
0.0535345
0.0529789
0.0548789
0.0541784
0.056404
0.0556286
0.0579792
0.0571928
0.0594849
0.0587462
0.0608067
0.0601726
0.0618311
0.0613585
0.0624415
0.0621891
0.0625219
0.0625469
0.061973
0.062322
0.0607429
0.0614341
0.0588673
0.0598712
0.0564901
0.0577228
0.0538469
0.0551839
0.0511788
0.0525038
0.0486639
0.0498972
0.0463917
0.0474986
0.0443701
0.0453548
0.042551
0.0434419
0.0408625
0.0416965
0.0392374
0.0400464
0.037628
0.0384332
0.0360092
0.0368209
0.0343698
0.0351948
0.0326822
0.0335353
0.0308949
0.0318064
0.0289554
0.0299415
0.0267656
0.0279487
0.0254245
0.0243278
0.0255446
0.0241318
0.0265599
0.0254213
0.0283713
0.0275676
0.0291086
0.0288875
0.0282201
0.0289168
0.0248469
0.0268918
0.0181743
0.0219632
0.00767403
0.0133988
-0.00631659
0.00104478
-0.0223737
-0.0142216
-0.0380306
-0.0304388
-0.0501325
-0.0447182
-0.0557179
-0.0538702
-0.053098
-0.0554441
-0.0426826
-0.0487366
-0.0269929
-0.0352647
-0.0097918
-0.0183381
0.00545904
-0.0017691
0.0167867
0.0116486
0.0238524
0.0208285
0.0274804
0.0259953
0.0289133
0.0284196
0.0287196
0.0289903
0.0273553
0.0281444
0.026444
0.0398469
-0.219191
-0.0148226
0.0227796
0.0768837
0.0839222
-0.0636419
-0.0782558
-0.387134
0.0175174
-0.204061
-0.270918
-0.0277101
-0.0402891
0.0674548
-0.125781
0.0981216
0.0981077
0.0860021
0.0911581
0.122863
0.129901
-0.0120025
-0.186679
-0.134521
-0.352263
-0.0223247
-0.0395546
-0.0586479
-0.335203
0.0232093
0.021968
0.0209292
0.108337
0.0189766
0.122385
-0.0480094
0.0674829
0.0643753
0.0780253
-0.232487
-0.048092
-0.443002
-0.0611133
-0.282376
0.0138422
-0.502889
-0.043827
0.0253924
-0.499227
-0.00952004
0.0213159
0.0202698
0.0238721
0.022652
0.0265078
0.0251964
0.0293017
0.0278988
0.0321605
0.0307424
0.0348893
0.0335527
0.0373161
0.0361462
0.0393159
0.0383683
0.0408379
0.040132
0.0419337
0.0414263
0.0427211
0.0423549
0.0433147
0.0430322
0.0438141
0.0435679
0.0442869
0.044049
0.044787
0.044531
0.0453472
0.0450582
0.0459925
0.0456584
0.0467467
0.0463553
0.047635
0.0471737
0.0486787
0.0481378
0.0498829
0.0492626
0.0512196
0.0505386
0.0526123
0.0519151
0.053929
0.0532878
0.054991
0.0544995
0.0555989
0.055357
0.0555716
0.0556653
0.0547903
0.0552697
0.0532332
0.0540967
0.0509905
0.0521803
0.0482648
0.0496669
0.045359
0.0468116
0.0426538
0.0439594
0.0405746
0.0415169
0.0395638
0.0399225
0.0400491
0.0396071
0.0424839
0.0410291
0.0470852
0.04452
0.0539598
0.0501757
0.0632099
0.0582169
0.074432
0.0686811
0.0804962
0.0964094
0.0974535
0.0943608
0.095415
0.0924071
0.0933141
0.090529
0.091182
0.0909901
0.090884
0.134777
0.135423
0.134945
0.13502
0.134871
0.135921
0.1354
0.137026
0.13652
0.137043
0.137081
0.110271
0.11646
0.0980974
0.104004
0.0879159
0.0928481
0.0793595
0.083507
0.0721038
0.0755695
0.0662485
0.0690241
0.0616309
0.0638098
0.0580805
0.059742
0.0554765
0.0566767
0.0537234
0.0545079
0.0527445
0.0531502
0.0524558
0.0525275
0.0527469
0.0525423
0.0534924
0.0530752
0.0545629
0.0539978
0.0558315
0.0551813
0.0571792
0.0565022
0.0584951
0.0578461
0.0596715
0.0591043
0.0605986
0.0601685
0.0611625
0.0609269
0.0612499
0.0612648
0.0607638
0.0610744
0.0596521
0.0602777
0.0579382
0.0588573
0.0557394
0.0568825
0.0532495
0.0545144
0.0506755
0.0519608
0.0481825
0.0494124
0.0458665
0.0470013
0.0437546
0.0447878
0.0418233
0.0427708
0.0400236
0.0409114
0.0383042
0.0391571
0.0366255
0.0374618
0.03496
0.035792
0.0332938
0.0341291
0.0315884
0.0324484
0.0297925
0.0307056
0.0278466
0.0288432
0.0256299
0.0267843
0.0243859
0.0230538
0.0257563
0.0244921
0.0278216
0.0268699
0.0289848
0.0285322
0.0287118
0.0290736
0.0261715
0.0277771
0.0204456
0.0237572
0.010778
0.0161198
-0.00285625
0.00441181
-0.0194733
-0.0109021
-0.0369257
-0.0282793
-0.0519399
-0.0449626
-0.060893
-0.0573648
-0.0610915
-0.0621585
-0.0520913
-0.0576414
-0.0361733
-0.0447482
-0.0175309
-0.026905
-0.000371442
-0.0085661
0.0127187
0.0067465
0.0210948
0.0174754
0.0255589
0.0237111
0.0273903
0.0267479
0.0272996
0.0275385
0.0259737
0.026747
0.0240134
0.0250509
0.0229802
0.0326915
-0.253151
-0.0364926
-0.0622519
0.0214239
0.0290313
0.00401138
0.105309
0.101843
0.136291
0.0191747
0.0543574
0.0172252
0.121366
-0.109636
-0.0922062
-0.114232
0.0171233
0.0866777
0.0969086
0.137413
0.137271
0.022055
0.00547312
0.0462268
-0.182149
-0.22535
-0.34876
-0.0522676
-0.0652612
0.120329
0.0973397
-0.437591
0.0203987
0.0194235
-0.0292554
0.0830468
0.0623967
-0.236447
-0.13854
-0.460183
-0.0747442
-0.0821735
-0.0735438
-0.294731
-0.0462742
-0.553307
-0.0755578
-0.149244
-0.12941
-0.362657
0.0181545
0.0169936
0.103315
0.104995
0.00885269
-0.594351
-0.0424
0.0363893
-0.030695
-0.000284414
0.0200595
0.0187882
0.0227382
0.0214269
0.025591
0.0241454
0.0285181
0.0270516
0.0314473
0.029993
0.0342028
0.0328541
0.036623
0.0354572
0.0386058
0.0376649
0.040106
0.0394201
0.0411737
0.0406787
0.0419349
0.041582
0.0424997
0.0422318
0.0429662
0.0427378
0.0434159
0.0431878
0.0439042
0.0436517
0.044468
0.0441742
0.0451325
0.0447858
0.0459172
0.0455083
0.0468375
0.0463592
0.0479011
0.0473509
0.0490981
0.0484836
0.050389
0.0497341
0.051694
0.0510435
0.0528903
0.0523104
0.0538216
0.0533933
0.0543212
0.0541273
0.0542448
0.054353
0.0535053
0.0539509
0.0521001
0.0528738
0.0501223
0.0511664
0.0477613
0.0489706
0.0452912
0.0465198
0.0430518
0.0441237
0.041422
0.0421446
0.0407942
0.0409713
0.0415649
0.0409958
0.0440969
0.0426151
0.0486146
0.0461223
0.0552734
0.0516799
0.0641865
0.0594628
0.0750057
0.0695197
0.0808054
0.104312
0.104242
0.104512
0.102844
0.103668
0.10146
0.102065
0.100633
0.100967
0.10096
0.100504
0.103404
0.101969
0.104786
0.147135
0.152589
0.149467
0.144253
0.145409
0.142915
0.143442
0.142737
0.142697
0.143185
0.142918
0.143645
0.143375
0.137198
0.144286
0.144018
0.123153
0.130146
0.110227
0.116479
0.0985886
0.104284
0.0885658
0.0934333
0.0802053
0.0842464
0.0731228
0.076515
0.0673315
0.0700849
0.0627098
0.0648973
0.0591022
0.060798
0.0563951
0.0576517
0.0544986
0.0553593
0.0533339
0.0538371
0.0528203
0.0530078
0.0528594
0.0527824
0.0533409
0.0530553
0.0541515
0.0537139
0.0551799
0.0546457
0.0563196
0.0557412
0.0574687
0.0568969
0.0585248
0.0580111
0.0593805
0.0589794
0.0599228
0.0596913
0.0600378
0.0600323
0.0596275
0.059894
0.0586343
0.0591953
0.0570679
0.0579098
0.0550206
0.0560881
0.0526515
0.0538598
0.0501412
0.0514005
0.0476463
0.0488829
0.0452715
0.0464396
0.0430645
0.0441464
0.0410256
0.0420256
0.0391266
0.0400609
0.0373289
0.0382169
0.0355971
0.0364561
0.0339027
0.0347456
0.0322198
0.0330598
0.030505
0.0313681
0.0287028
0.0296165
0.0267353
0.027741
0.0245159
0.0256472
0.0232294
0.0217254
0.0199331
0.0247676
0.0233373
0.0270949
0.0260061
0.0286492
0.027987
0.028911
0.0289854
0.0270547
0.0283051
0.0220652
0.0250101
0.0130123
0.0180781
-0.000448096
0.00681306
-0.0177601
-0.00870769
-0.0371106
-0.0273598
-0.0551364
-0.0465444
-0.0675781
-0.0623096
-0.0706852
-0.07044
-0.063068
-0.0681533
-0.0467176
-0.0557196
-0.0263052
-0.0366836
-0.00688612
-0.0162202
0.00824412
0.0013099
0.0181015
0.013813
0.0234736
0.0212389
0.0257136
0.0249194
0.0257224
0.0259337
0.0244266
0.025186
0.0224563
0.0234922
0.0214152
0.0253484
-0.168156
-0.30653
-0.0624493
0.156465
0.139072
0.0840628
0.0913983
-0.558646
0.0207159
0.0186935
-0.0077079
0.0401845
-0.233431
-0.258745
-0.439617
-0.0848629
-0.0955346
0.137069
0.144425
-0.0515723
0.0883732
0.0587413
-0.297268
-0.153235
-0.564954
-0.121276
-0.108323
-0.200465
-0.177408
-0.106862
-0.470783
0.0163092
0.0157743
0.116638
0.0144212
0.105732
0.126959
0.0138426
0.132272
0.130827
0.0937355
-0.377378
-0.0599535
-0.642967
-0.0872725
0.166344
0.172171
0.111514
0.103752
0.111647
0.0735614
0.0117457
-0.0824046
-0.0153629
-0.654165
-0.0453215
0.155141
0.158013
0.118852
0.0132456
0.015614
0.0140774
0.0186875
0.0171541
0.0215939
0.0201221
0.0246096
0.0230564
0.0276877
0.0261396
0.0307074
0.0292057
0.0335078
0.0321357
0.0359382
0.0347664
0.0379147
0.0369739
0.0393973
0.038757
0.0404387
0.0399532
0.0411707
0.0408316
0.0416976
0.0414487
0.0421235
0.0419123
0.0425361
0.0423229
0.0429972
0.042753
0.043549
0.0432546
0.0442198
0.0438627
0.0450274
0.0445998
0.0459801
0.0454792
0.0470731
0.0465032
0.0482819
0.0476583
0.0495544
0.0489068
0.0508048
0.05018
0.0519158
0.0513758
0.0527487
0.0523643
0.0531643
0.0530038
0.0530498
0.0531651
0.0523462
0.0527595
0.0510684
0.0517633
0.0493132
0.050232
0.0472588
0.0483037
0.0451546
0.0461938
0.0433045
0.0441809
0.0420456
0.042588
0.0417268
0.0417598
0.0427046
0.0420488
0.0452922
0.0438012
0.0497127
0.0472831
0.0561604
0.052691
0.0648259
0.0602309
0.0755334
0.0700854
0.0877153
0.0812713
0.0955316
0.110497
0.111135
0.10913
0.109777
0.108283
0.108585
0.108532
0.108256
0.110607
0.109255
0.11476
0.112453
0.12084
0.117315
0.136176
0.126743
0.145323
0.157989
0.161592
0.153146
0.155188
0.150402
0.151479
0.149258
0.149662
0.149245
0.149147
0.150083
0.149473
0.151251
0.150733
0.122744
0.129844
0.10991
0.116094
0.0987087
0.104164
0.0889003
0.0936524
0.0807553
0.0846841
0.0738797
0.0771827
0.0681866
0.0709016
0.0635921
0.0657741
0.0599537
0.0616727
0.0571624
0.0584681
0.0551336
0.0560664
0.0537914
0.0543885
0.0530605
0.0533598
0.0528556
0.052901
0.053083
0.0529219
0.053647
0.0533274
0.0544524
0.0540218
0.0554057
0.054911
0.0564132
0.0559018
0.0573765
0.0568986
0.0581885
0.0577989
0.0587341
0.0584912
0.0588961
0.0588579
0.0585714
0.0587867
0.057694
0.0581901
0.0562587
0.0570302
0.0543345
0.0553386
0.0520535
0.0532186
0.049578
0.0508218
0.0470611
0.0483099
0.0446196
0.0458202
0.0423215
0.0434456
0.0401889
0.0412302
0.03821
0.0391776
0.0363549
0.037265
0.0345883
0.0354589
0.0328821
0.0337248
0.0311903
0.0320332
0.0294695
0.0303341
0.0276551
0.0285747
0.0256644
0.0266807
0.0234301
0.0245581
0.0221158
0.0112369
0.015078
0.013073
0.0176489
0.0164713
0.0205086
0.0189797
0.023538
0.0220895
0.026074
0.0248634
0.0279596
0.0271189
0.0286812
0.0285066
0.0274102
0.0283556
0.0230539
0.0256824
0.0145305
0.0193602
0.00118858
0.00846709
-0.0168292
-0.00729657
-0.0380301
-0.0272047
-0.0590063
-0.0488246
-0.0749152
-0.0679121
-0.0809573
-0.0793846
-0.0747169
-0.0793527
-0.0578271
-0.0673218
-0.0354668
-0.0469404
-0.0136105
-0.0241678
0.00368221
-0.00426943
0.0150851
0.010104
0.0213352
0.0187435
0.0239038
0.0229946
0.0239971
0.0241821
0.0227179
0.02347
0.0207891
0.021806
0.0187085
0.0197517
0.0169654
0.017767
0.0161445
-0.220265
-0.370614
-0.0961132
0.160739
0.140789
0.151799
-0.0253269
0.0310722
-0.292333
-0.296787
-0.528231
-0.131552
-0.13281
-0.1502
-0.589155
0.14715
0.177128
0.184603
-0.0809571
0.0566755
-0.376419
-0.172263
-0.64835
-0.136396
0.178406
0.185643
0.179254
0.118522
0.119432
0.103281
0.111886
0.0152124
0.0160592
0.0143442
0.107561
0.0588844
-0.0254832
-0.482473
-0.0859826
-0.697174
-0.105173
0.0101846
0.0086144
-0.0614747
-0.265577
0.11692
-0.243089
0.115375
0.0117404
0.0142811
0.0130168
0.0173017
0.0157885
0.0204178
0.018862
0.0236145
0.0219888
0.0268336
0.0252031
0.0299527
0.0283866
0.0328126
0.0313941
0.0352703
0.0340667
0.0372303
0.0362841
0.0387064
0.037944
0.0397606
0.0392548
0.0404686
0.0401186
0.0409569
0.0407039
0.0413367
0.0411247
0.0417011
0.0414866
0.042119
0.0418693
0.0426404
0.0423329
0.043299
0.042919
0.0441142
0.0436542
0.0450905
0.0445506
0.0462137
0.045604
0.0474462
0.0467888
0.0487226
0.0480531
0.0499487
0.0493168
0.0510079
0.050473
0.0517735
0.0513983
0.0521277
0.0519687
0.0519842
0.0520802
0.0513084
0.0516711
0.0501316
0.0507392
0.0485558
0.0493513
0.0467508
0.047644
0.0449454
0.0458176
0.0434123
0.0441236
0.042451
0.0428494
0.0423714
0.0422996
0.0434881
0.0427868
0.0460785
0.0446123
0.0503592
0.048021
0.0565371
0.0532146
0.0648586
0.0604248
0.0752502
0.0698632
0.0879628
0.0812496
0.0953363
0.116586
0.117549
0.115094
0.115714
0.114783
0.114755
0.115992
0.115166
0.119397
0.117401
0.125541
0.12212
0.135301
0.129772
0.15266
0.14303
0.163623
0.167864
0.17251
0.161253
0.164173
0.157317
0.158991
0.155429
0.156165
0.155077
0.155095
0.156068
0.155411
0.157912
0.156934
0.152293
0.160233
0.159048
0.13654
0.144365
0.121979
0.129046
0.109294
0.115354
0.0983987
0.103644
0.0889225
0.0934941
0.0810054
0.0848115
0.0743615
0.0775527
0.0688125
0.0714704
0.0642794
0.0664469
0.0606367
0.0623753
0.0577798
0.0591354
0.0556307
0.0566387
0.0541194
0.0548123
0.0531792
0.053589
0.0527399
0.0529015
0.0527263
0.052677
0.0530612
0.0528397
0.0536661
0.0533126
0.0544599
0.0540163
0.0553555
0.0548676
0.0562559
0.0557749
0.0570518
0.0566352
0.0576227
0.0573329
0.0578452
0.0577446
0.0576084
0.0577506
0.0568361
0.0572545
0.0555085
0.0562057
0.0536759
0.0546185
0.0514518
0.0525763
0.0489876
0.0502151
0.0464389
0.047692
0.0439354
0.0451527
0.0415633
0.0427067
0.0393614
0.0404168
0.0373293
0.038301
0.0354414
0.0363444
0.0336582
0.0345141
0.0319442
0.0327697
0.0302569
0.0310751
0.0285294
0.0293745
0.0266943
0.0276024
0.0246675
0.0256804
0.022356
0.0235136
0.0195294
0.0210273
0.0178281
0.01397
0.0120492
0.0167984
0.0154419
0.0194081
0.018097
0.0222387
0.020819
0.024896
0.023602
0.0270499
0.0260635
0.0281445
0.0277701
0.0273379
0.0280422
0.0235027
0.0258686
0.0154516
0.0200643
0.00226744
0.00953155
-0.0163007
-0.00637946
-0.039089
-0.0273272
-0.0627413
-0.0511041
-0.0819149
-0.0732627
-0.0908423
-0.087954
-0.0860229
-0.0901865
-0.0686727
-0.0786197
-0.0444687
-0.0569898
-0.020265
-0.0320053
-0.000859731
-0.0098112
0.0120363
0.00639007
0.0190559
0.0161672
0.0218622
0.0208714
0.0220466
0.0221908
0.0208297
0.0215481
0.0190007
0.0199566
0.0169904
0.0179959
0.0160721
0.00269687
-0.282111
-0.435696
-0.140691
-0.329217
-0.292843
-0.210766
-0.675085
-0.179144
0.19735
0.16381
-0.0500473
0.0194054
-0.367989
-0.348134
-0.329345
-0.596335
-0.194814
-0.177346
-0.119095
0.188908
0.197154
0.19469
0.120451
0.103202
0.112202
0.226506
0.229664
0.254454
0.152647
0.161426
0.0134554
0.0125787
0.0152392
0.0135772
0.0578801
0.113385
0.112139
0.0392397
-0.471699
-0.414053
-0.189449
-0.696297
-0.169639
0.00829918
0.00726267
0.0090562
0.00760555
-0.126001
-0.131003
-0.709129
-0.592002
-0.077744
0.117228
0.143257
0.167768
0.0103834
0.00936673
0.0131212
0.0118141
0.016133
0.0146395
0.0193673
0.0177591
0.0226765
0.021009
0.0259939
0.0243362
0.029193
0.0276188
0.0321096
0.030697
0.0346037
0.0334163
0.0365882
0.0356619
0.0380743
0.0373773
0.0391234
0.0386495
0.0398132
0.0395017
0.040268
0.0400587
0.0406019
0.0404399
0.0409121
0.0407517
0.0412757
0.041081
0.041751
0.041495
0.0423792
0.0420435
0.0431841
0.0427589
0.0441699
0.0436557
0.0453166
0.0447266
0.0465758
0.0459376
0.047869
0.0472252
0.0490917
0.048497
0.0501237
0.0496391
0.0508449
0.0505292
0.0511538
0.0510541
0.050986
0.0511288
0.0503293
0.0507139
0.0492317
0.0498267
0.047802
0.048546
0.0462047
0.0470093
0.0446507
0.0454056
0.043385
0.0439644
0.0426719
0.0429422
0.0427842
0.0426082
0.0439942
0.0432371
0.046546
0.0450902
0.0506463
0.0483919
0.0565054
0.053342
0.0643871
0.0601773
0.0744761
0.0691537
0.0873395
0.0804991
0.0948932
0.122332
0.125122
0.123612
0.120718
0.121351
0.120779
0.120538
0.122837
0.121541
0.127502
0.124824
0.135281
0.130993
0.14783
0.140798
0.166459
0.156436
0.192474
0.178243
0.209643
0.176652
0.18214
0.168587
0.1722
0.16364
0.165791
0.161112
0.162125
0.160548
0.16062
0.161685
0.160931
0.164262
0.162817
0.167921
0.166027
0.135718
0.144003
0.120839
0.127934
0.108256
0.114269
0.0976174
0.102727
0.0885455
0.0929201
0.0809362
0.0845743
0.0745642
0.0776103
0.069213
0.0717703
0.0647793
0.0668915
0.0611575
0.0628789
0.0582513
0.0596254
0.0559903
0.0570493
0.0543149
0.055087
0.0531711
0.053682
0.0525064
0.0527821
0.052266
0.0523337
0.0523921
0.0522811
0.0528224
0.0525648
0.0534863
0.0531189
0.0543008
0.0538673
0.0551671
0.0547195
0.0559699
0.0555683
0.0565809
0.0562913
0.0568681
0.0567567
0.0567116
0.0568362
0.0560252
0.0564239
0.0547777
0.0554585
0.0530065
0.0539421
0.050815
0.0519463
0.048351
0.0496001
0.0457751
0.0470616
0.0432284
0.0444853
0.0408103
0.0419934
0.03857
0.0396605
0.0365127
0.0375128
0.0346136
0.035538
0.0328276
0.033702
0.031117
0.0319623
0.0294263
0.0302645
0.0276843
0.028556
0.0258147
0.0267621
0.0237214
0.0247978
0.0213024
0.0225594
0.0184447
0.0199478
0.0169294
0.0123955
0.0106409
0.015324
0.013894
0.0180166
0.0167286
0.0206921
0.0193311
0.0233651
0.0220382
0.0256829
0.0245969
0.0270694
0.026532
0.0266827
0.0271568
0.0234094
0.0254798
0.0159615
0.0202802
0.00315025
0.0102811
-0.0156338
-0.00550553
-0.0395217
-0.0270813
-0.06527
-0.0524695
-0.0871932
-0.0771284
-0.0987174
-0.0946226
-0.0953089
-0.0989771
-0.0776965
-0.087952
-0.052091
-0.0654298
-0.0259973
-0.0386957
-0.00484769
-0.0146177
0.00923223
0.00307324
0.0167667
0.0136982
0.0196911
0.0186605
0.0199501
0.0200533
0.0188263
0.0194913
0.0171349
0.0180138
0.0152714
0.0162017
0.0143373
-0.0158002
-0.35973
-0.483428
-0.197448
-0.245132
-0.171267
0.207229
0.126828
0.121509
0.261072
0.286154
0.169919
0.0117008
-0.0817147
0.00880992
0.112621
-0.448178
-0.421382
-0.352321
-0.632869
-0.261043
-0.275834
-0.228009
0.00708423
0.00612534
0.00634495
0.00792706
0.0066679
-0.20628
-0.230429
-0.704669
-0.569173
0.0144015
0.0615004
0.18884
0.146941
0.205918
0.176582
0.219329
0.200627
0.151589
0.159356
0.219822
0.18715
0.201627
0.234029
0.215303
0.233952
0.222988
0.256666
0.237167
0.251915
0.128758
0.258285
0.130742
0.273028
0.282819
0.297619
0.188211
0.326781
0.313758
0.289171
-0.659683
0.136506
0.139472
0.130953
0.221402
0.323556
0.30543
-0.190415
0.504281
0.551868
0.507617
0.555454
0.00927478
0.00812594
0.0121089
0.0107254
0.015218
0.0136731
0.0185189
0.0168695
0.0219011
0.020211
0.0252723
0.023596
0.0285196
0.0269237
0.0314736
0.0300426
0.0339981
0.0327951
0.0360129
0.0350703
0.0375202
0.0368231
0.0385746
0.0380984
0.0392607
0.0389545
0.0396957
0.0395003
0.0399959
0.0398545
0.0402607
0.040126
0.040572
0.0404049
0.0409957
0.0407653
0.0415805
0.0412648
0.0423564
0.0419429
0.0433301
0.0428186
0.0444799
0.0438853
0.0457511
0.0451048
0.0470561
0.0464056
0.0482814
0.0476859
0.0493014
0.048824
0.0499978
0.0496956
0.0502785
0.0501931
0.0500945
0.0502442
0.0494512
0.0498261
0.0484113
0.048973
0.0470909
0.0477752
0.0456524
0.046373
0.0442934
0.0449478
0.0432357
0.0437107
0.0427132
0.0428912
0.0429636
0.0427255
0.0442204
0.0434509
0.0466977
0.0452933
0.0505899
0.0484543
0.056116
0.0531325
0.0635529
0.0595775
0.0732679
0.0680897
0.0860318
0.0792035
0.102589
0.0938503
0.122423
0.112189
0.131296
0.133738
0.12764
0.129265
0.12588
0.126533
0.126243
0.12581
0.129
0.127315
0.134677
0.131472
0.143991
0.13885
0.158132
0.150417
0.178363
0.167481
0.206479
0.191189
0.245778
0.224729
0.299768
0.270383
0.366738
0.372181
0.333698
0.333014
0.40411
0.398473
0.364318
0.282646
0.306301
0.244847
0.262326
0.217257
0.229872
0.197809
0.206673
0.184234
0.190423
0.175061
0.179202
0.169286
0.171817
0.166263
0.167484
0.165557
0.165661
0.166917
0.166014
0.170231
0.168332
0.175098
0.172485
0.152569
0.172089
0.162376
0.134398
0.143145
0.119181
0.126427
0.106641
0.112616
0.0963242
0.101261
0.0877274
0.0918427
0.0805389
0.0839795
0.0744898
0.0773886
0.0693731
0.0718249
0.0650711
0.0671258
0.0614922
0.0631968
0.0585517
0.0599461
0.0561902
0.0573016
0.0543622
0.0552124
0.053031
0.0536375
0.0521641
0.0525429
0.0517275
0.0518961
0.0516817
0.0516606
0.0519774
0.0517925
0.0525511
0.0522362
0.0533198
0.0529189
0.0541795
0.0537472
0.0550063
0.0546068
0.055662
0.0553656
0.0560055
0.0558825
0.0559092
0.0560208
0.0552799
0.0556671
0.0540804
0.0547537
0.0523434
0.0532773
0.0501693
0.0513059
0.0477068
0.0489673
0.0451209
0.0464228
0.0425593
0.0438327
0.0401273
0.0413256
0.0378782
0.0389814
0.0358182
0.0368282
0.0339218
0.0348543
0.0321366
0.0330201
0.0304297
0.0312753
0.0287302
0.0295865
0.026963
0.0278619
0.0250467
0.0260327
0.0228809
0.0240064
0.0203593
0.0216747
0.0174072
0.0189474
0.0141243
0.0158788
0.0105501
0.0125429
0.0107645
0.0092489
0.0136022
0.0121666
0.0163349
0.0150058
0.0189812
0.0176432
0.0216571
0.0203139
0.0240812
0.0229277
0.0256988
0.0250288
0.0256897
0.0259509
0.022971
0.0247439
0.0161912
0.0201721
0.00397896
0.0108376
-0.0145379
-0.00447613
-0.0387728
-0.0260581
-0.0656932
-0.0521942
-0.089508
-0.0784268
-0.103143
-0.0980129
-0.101237
-0.104314
-0.0837631
-0.0939908
-0.0576404
-0.0713462
-0.0304805
-0.0437514
-0.00824835
-0.0185202
0.00650731
7.02362e-05
0.0142652
0.0111307
0.017263
0.0161956
0.0176225
0.0176669
0.0166365
0.0172234
0.0151231
0.0159056
0.0134611
0.0142912
0.0117458
0.0125984
0.0100489
0.0109364
-0.0380587
0.490988
0.433563
0.465206
0.171455
0.413025
0.485677
0.452678
-0.427567
-0.511203
-0.265274
0.00525653
0.00918211
0.005522
-0.158597
0.178008
0.132898
-0.355916
-0.368768
-0.285017
-0.367426
-0.634739
-0.530124
0.419815
0.523696
0.251267
0.112495
0.530536
0.449382
-0.124717
-0.00249472
-0.470356
-0.423201
-0.485301
-0.499229
-0.618219
0.142881
0.181255
0.0619276
0.157586
0.361142
0.267261
0.334295
0.403688
-0.0199948
-0.272439
-0.265937
0.00452895
-0.68168
0.00846209
-0.4525
0.00722543
0.617921
0.613714
-0.345332
-0.515806
-0.494492
0.473409
0.189281
0.493133
-0.0657698
-0.463103
-0.673505
0.0092256
0.0100419
0.0108457
0.0115923
0.0123245
0.0130359
0.0137267
0.0143564
0.0148786
0.0152062
0.0152196
0.0147834
0.0137216
0.0118018
0.00873498
0.00415181
-0.00223414
-0.0105657
-0.0208491
-0.0328584
-0.0461032
-0.0598551
-0.0732231
-0.0851479
-0.0947125
-0.102142
-0.104445
-0.102431
-0.096577
-0.087493
-0.0760029
-0.0630374
-0.0495022
-0.0362019
-0.0237648
-0.0126218
-0.00302429
0.00492793
0.0112644
0.0161019
0.0196068
0.0219649
0.0233689
0.0240089
0.0240457
0.0236255
0.0228581
0.0218466
0.0207032
0.0194376
0.0181384
0.0168469
0.0155623
0.0142851
0.0130091
0.011696
0.0103937
0.00913565
0.00786425
0.00677214
0.00570031
0.00471316
0.00387053
-0.322692
-0.272947
-0.0401998
0.393138
0.323286
0.1994
0.0705522
0.00642063
0.00792883
0.00956233
0.0113205
0.0130352
0.0147977
0.0164346
0.0180503
0.0195214
0.0208946
0.0221522
0.0233174
0.0244015
0.0254143
0.0263768
0.0272913
0.0281811
0.029044
0.029903
0.0307514
0.0316183
0.0324892
0.0333954
0.0343164
0.0352819
0.0362816
0.0373333
0.038423
0.0395697
0.0407534
0.041988
0.0432459
0.0445354
0.0458211
0.0471066
0.0483503
0.0495538
0.0506729
0.0517113
0.0526268
0.0534295
0.0540831
0.0546067
0.0549725
0.0552092
0.0552972
0.0552735
0.0551252
0.0548947
0.0545727
0.0542041
0.0537813
0.0533497
0.0529009
0.0524791
0.0520734
0.0517256
0.051422
0.0512014
0.0510464
0.0509927
0.05102
0.0511611
0.0513938
0.0517481
0.052201
0.0527794
0.0534609
0.05427
0.0551859
0.0562319
0.0573895
0.0586818
0.060093
0.0616468
0.0633304
0.0651705
0.0671575
0.0693204
0.0716483
0.0741752
0.0768938
0.0798532
0.0830504
0.0865518
0.0903583
0.0945667
0.0991944
0.104385
0.110162
0.116704
0.124014
0.132271
0.141478
0.151673
0.162742
0.173946
0.184687
0.194553
0.189887
0.185583
0.181754
0.178452
0.175667
0.173336
0.171642
0.170539
0.170023
0.170119
0.170833
0.172208
0.174275
0.177098
0.180732
0.185275
0.190816
0.197485
0.205384
0.214694
0.225636
0.238433
0.253176
0.270035
0.289109
0.311208
0.335864
0.362617
0.391005
0.419056
0.443794
0.461985
0.471993
0.469122
0.455028
0.430629
0.399569
0.366796
0.335059
0.305835
0.279665
0.256699
0.235958
0.217254
0.201496
0.188111
0.176693
0.166792
0.158347
0.151322
0.145584
0.140913
0.137217
0.134357
0.132345
0.131059
0.130478
0.130521
0.131206
0.132493
0.134382
0.136872
0.139942
0.143352
0.147385
0.151998
0.157279
0.147114
0.135363
0.123219
0.111712
0.101275
0.0921268
0.0842116
0.0774178
0.0715889
0.0665748
0.062262
0.0585302
0.0553132
0.052538
0.0501831
0.0481893
0.0465488
0.045216
0.0441916
0.0434301
0.0429347
0.0426561
0.0425967
0.042705
0.0429823
0.0433753
0.0438859
0.0444597
0.0450997
0.0457515
0.0464207
0.0470537
0.0476605
0.04819
0.048658
0.0490171
0.0492904
0.0494356
0.049484
0.0493993
0.0492209
0.0489198
0.048541
0.0480625
0.0475322
0.0469328
0.0463131
0.0456578
0.0450134
0.0443641
0.0437521
0.0431588
0.042621
0.0421167
0.041677
0.0412762
0.0409409
0.0406418
0.0404021
0.0401898
0.0400252
0.0398745
0.0397551
0.0396321
0.0395204
0.0393844
0.0392361
0.0390413
0.0388045
0.0384918
0.038108
0.0376212
0.037037
0.036329
0.0355074
0.0345506
0.0334709
0.0322588
0.0309337
0.0294953
0.0279677
0.0263622
0.0246989
0.0230058
0.0213094
0.0196094
0.0178922
0.0162167
0.0145421
0.012943
0.0113427
0.00990571
0.00846956
0.00717247
0.0060495
0.00507829
0.00425995
0.00365645
0.00320268
0.00698607
-0.627636
-0.339334
-0.429101
-0.610363
-0.380682
-0.508603
-0.501563
-0.561094
0.570907
0.4276
0.110676
0.295299
0.462128
0.580162
-0.0214
-0.188013
-0.108381
0.521279
0.219327
0.500319
-0.511271
-0.501183
-0.399354
-0.610892
-0.421945
-0.620676
0.00758874
0.00833546
0.0089998
0.00961478
0.0102121
0.0108073
0.0113866
0.0118994
0.0123233
0.0125722
0.0125347
0.0120785
0.0110421
0.00920649
0.00630768
0.00200514
-0.00399228
-0.0118462
-0.0215699
-0.0329259
-0.0453817
-0.0582511
-0.0705625
-0.0811603
-0.0884682
-0.0981182
-0.0987758
-0.0960249
-0.0898949
-0.0808715
-0.0697058
-0.0572931
-0.0444797
-0.0320016
-0.0204366
-0.010161
-0.00139755
0.00579484
0.0114495
0.0156925
0.0186889
0.0206172
0.0216699
0.0220328
0.0218643
0.0213025
0.0204603
0.0194238
0.0182676
0.0170348
0.0157877
0.0145546
0.013342
0.0121514
0.0109962
0.00983686
0.00871535
0.00764829
0.0065732
0.00564557
0.00476251
0.00395597
0.00329559
0.00284222
0.00444199
0.113427
0.267205
0.20396
0.19809
0.192687
0.18791
0.183792
0.180412
0.177703
0.175732
0.17445
0.173852
0.173957
0.174755
0.176269
0.178546
0.181625
0.185579
0.190471
0.196399
0.203452
0.211744
0.221401
0.232589
0.245406
0.259872
0.276143
0.294511
0.314778
0.336961
0.360108
0.383875
0.407049
0.42688
0.440261
0.445842
0.443012
0.431964
0.41351
0.389541
0.362711
0.335142
0.308862
0.284767
0.262858
0.243013
0.22517
0.209415
0.19571
0.183836
0.173577
0.164768
0.157314
0.151115
0.146037
0.141994
0.138864
0.136605
0.135138
0.134476
0.134503
0.13525
0.136699
0.138852
0.141712
0.14527
0.149307
0.154254
0.159786
0.166062
0.173162
0.165532
0.152765
0.138392
0.124146
0.11109
0.0996474
0.0899729
0.0818457
0.0750449
0.0693188
0.0645262
0.060491
0.0570676
0.0541482
0.0516163
0.0494943
0.0476546
0.0461642
0.0449098
0.0439668
0.043221
0.0427521
0.042442
0.0423729
0.04242
0.0426688
0.042987
0.0434641
0.0439612
0.0445729
0.045155
0.0458072
0.0463823
0.0469863
0.047471
0.0479499
0.0482765
0.048572
0.0486944
0.0487733
0.0486717
0.0485288
0.0482134
0.047873
0.0473812
0.0468906
0.0462785
0.0456993
0.0450321
0.0444292
0.0437694
0.0431999
0.0425979
0.0421038
0.0415926
0.0411972
0.0407907
0.0404994
0.0401944
0.0399973
0.039777
0.0396521
0.0394894
0.0394054
0.0392649
0.0391826
0.0390221
0.0388949
0.0386725
0.0384565
0.0381086
0.0377446
0.0372211
0.0366592
0.0359165
0.03512
0.0341324
0.0330859
0.0318543
0.0305716
0.029121
0.0276379
0.0260239
0.0244088
0.0227034
0.0209902
0.0192389
0.0175314
0.0158468
0.0141528
0.0125007
0.0108739
0.00933493
0.00791606
0.00645275
0.00526348
0.0040541
0.00337121
0.00273988
0.00271923
0.00242882
0.00530447
-0.0555692
-0.295878
0.468078
0.641263
0.115658
0.361087
0.618688
0.400267
-0.48125
-0.561498
-0.57212
-0.392616
0.00524393
0.00653903
0.00826358
0.0101319
0.0119833
0.0138316
0.015593
0.0172637
0.0188026
0.0202237
0.02154
0.0227423
0.0238757
0.0249139
0.0259162
0.0268455
0.0277663
0.0286351
0.029518
0.0303702
0.0312516
0.0321108
0.0330218
0.0339262
0.0349094
0.0358897
0.0369469
0.038011
0.0391593
0.0403137
0.0415457
0.0427716
0.0440557
0.0453085
0.0465881
0.0478006
0.0490002
0.0500922
0.0511308
0.052025
0.0528325
0.0534703
0.0540023
0.054356
0.0546023
0.0546791
0.0546636
0.0545027
0.054277
0.0539399
0.0535738
0.0531338
0.0527039
0.0522383
0.0518201
0.0514016
0.0510635
0.0507555
0.0505546
0.0504077
0.050387
0.0504363
0.0506248
0.0508923
0.0513065
0.0518037
0.0524498
0.0531792
0.0540563
0.0550154
0.0561204
0.0573071
0.0586391
0.060055
0.0616184
0.0632724
0.0650809
0.0669929
0.0690697
0.0712667
0.0736433
0.0761673
0.0789
0.0818273
0.0850136
0.0884734
0.092288
0.096527
0.101313
0.106789
0.113107
0.120411
0.128832
0.138466
0.149547
0.161942
0.175158
0.188299
0.200511
0.211396
-0.367777
0.774918
0.182415
-0.406584
0.00322338
0.00414025
0.00501399
0.00712117
0.00904053
0.0110797
0.0130426
0.0148875
0.016615
0.0182218
0.019687
0.0210567
0.0222945
0.0234703
0.0245359
0.0255712
0.0265198
0.0274655
0.0283461
0.0292473
0.030101
0.0309986
0.031866
0.032781
0.0336889
0.0346624
0.0356353
0.0366833
0.03774
0.0388736
0.0400136
0.041225
0.0424303
0.0436899
0.0449187
0.0461729
0.0473614
0.0485387
0.0496106
0.0506337
0.0515144
0.0523156
0.0529475
0.0534824
0.0538363
0.0540923
0.0541722
0.0541697
0.0540107
0.053798
0.0534601
0.0531038
0.0526612
0.0522371
0.0517657
0.0513502
0.0509239
0.0505878
0.0502724
0.0500763
0.0499256
0.0499166
0.0499695
0.0501777
0.0504573
0.0508979
0.0514156
0.0520937
0.0528492
0.0537608
0.0547467
0.0558829
0.05709
0.0584419
0.0598626
0.0614251
0.0630577
0.0648325
0.0666832
0.0686795
0.0707606
0.0729946
0.0753297
0.0778349
0.0804727
0.0833184
0.0863637
0.0897111
0.0934148
0.0976385
0.10257
0.108452
0.115485
0.123959
0.134113
0.146107
0.160108
0.175819
0.192725
0.208882
0.795577
-0.477816
-0.496839
0.504099
0.287199
0.552025
-0.19586
0.716528
-0.490199
0.173986
0.166293
0.15999
0.154394
0.149603
0.145686
0.142498
0.140115
0.138537
0.137733
0.137701
0.138479
0.140064
0.142506
0.145868
0.150199
0.155579
0.162107
0.169872
0.178972
0.189512
0.201585
0.215382
0.231012
0.248476
0.26753
0.288082
0.310065
0.33316
0.356608
0.379225
0.39917
0.414466
0.423846
0.426655
0.422921
0.41268
0.396849
0.377725
0.357376
0.3369
0.316903
0.298061
0.2806
0.264803
0.250584
0.237837
0.226548
0.216671
0.208114
0.200779
0.19458
0.189422
0.185229
0.18196
0.179534
0.177918
0.177074
0.177002
0.177674
0.179117
0.181344
0.184429
0.188388
0.19325
0.199049
0.205759
0.213164
0.222077
0.00605042
0.00663882
0.0071335
0.00761095
0.00806486
0.00850491
0.00903464
0.00942704
0.00975822
0.00996483
0.00992879
0.00953861
0.00866144
0.00706358
0.00456076
0.000849847
-0.0043163
-0.0111174
-0.0195804
-0.0295612
-0.0403862
-0.0516371
-0.0623222
-0.0716659
-0.0788523
-0.0844534
-0.0855873
-0.0832008
-0.0776159
-0.0695438
-0.0595754
-0.0486235
-0.0373351
-0.0264402
-0.0163668
-0.00749283
3.23715e-05
0.00614441
0.0108884
0.0143878
0.0167773
0.0182483
0.0189441
0.0190668
0.0187263
0.0180911
0.0172257
0.0162469
0.0151699
0.0140717
0.012959
0.0118892
0.0108324
0.00982339
0.00884947
0.00789688
0.00697233
0.00610638
0.00524177
0.00447511
0.00377078
0.00316599
0.00261319
0.00221057
0.00295786
0.184128
0.173972
0.158992
0.141867
0.124913
0.109824
0.0971543
0.0868756
0.078541
0.071763
0.0662665
0.0618095
0.0581822
0.0551602
0.0526026
0.0504031
0.0485271
0.0469104
0.0455714
0.0444484
0.0435804
0.0428976
0.042449
0.0421543
0.042069
0.0421032
0.042315
0.0426065
0.0430381
0.0435056
0.044072
0.0446283
0.0452413
0.0457987
0.0463725
0.0468495
0.0473085
0.047637
0.047923
0.0480563
0.048135
0.0480527
0.0479179
0.0476291
0.0473023
0.0468414
0.0463681
0.0457887
0.0452282
0.0445931
0.0440089
0.043379
0.0428265
0.042251
0.0417715
0.0412829
0.0408995
0.0405118
0.0402296
0.0399397
0.0397485
0.0395395
0.0394171
0.0392613
0.0391755
0.0390377
0.0389509
0.0387906
0.0386614
0.0384257
0.0381945
0.0378398
0.0374587
0.0369321
0.0363543
0.0356145
0.0348055
0.0338271
0.0327722
0.0315623
0.0302958
0.028868
0.0274017
0.0258104
0.0242061
0.0225156
0.0208418
0.0191274
0.0174269
0.0156991
0.0139958
0.0122979
0.0106724
0.0090113
0.00752457
0.00598424
0.00467044
0.00334425
0.00238887
0.00182029
0.00187413
0.00218299
0.00340547
-0.559476
0.450256
0.217468
0.367465
0.681228
-0.403908
-0.529496
0.17176
-0.111351
0.00475844
0.00434446
0.000956739
0.000885249
0.00419035
0.0051632
-0.496483
-0.3464
-0.00670297
0.557384
0.36757
0.511777
-0.497278
0.181528
0.164768
0.172122
0.15308
0.158433
0.145252
0.148709
0.141004
0.142704
0.140149
0.140172
0.142677
0.140998
0.148796
0.145275
0.158947
0.153347
0.173728
0.165736
0.193827
0.183081
0.219948
0.206115
0.252385
0.235421
0.290519
0.270826
0.33237
0.311178
0.372801
0.353262
0.402447
0.38956
0.412889
0.410342
0.401499
0.409856
0.372404
0.388474
0.336229
0.354629
0.300183
0.317891
0.2681
0.283506
0.241398
0.254081
0.220097
0.230095
0.203882
0.211399
0.192184
0.197518
0.184453
0.18786
0.180267
0.181949
0.179369
0.179425
0.181708
0.180136
0.187555
0.184175
0.197454
0.191971
0.212097
0.204165
0.23182
0.221158
0.000360005
0.00246786
0.00149378
0.00087828
0.00424008
0.00284813
0.00732721
0.00572276
0.0106506
0.00891615
0.0140168
0.0123267
0.0174153
0.0157167
0.0208191
0.019127
0.024148
0.0225064
0.0272992
0.0257594
0.0301614
0.028779
0.0326417
0.0314653
0.0346389
0.0337039
0.0361698
0.0354673
0.0372707
0.0367768
0.0380135
0.037688
0.0384905
0.0382841
0.0387994
0.0386663
0.0390353
0.038928
0.0392815
0.0391596
0.0396106
0.0394385
0.0400817
0.0398323
0.0407326
0.0403903
0.0415753
0.0411378
0.0425902
0.0420717
0.0437222
0.0431546
0.0448837
0.0443145
0.0459632
0.0454509
0.0468394
0.046444
0.0474062
0.047178
0.0475892
0.0475606
0.0473614
0.0475391
0.0467487
0.0471124
0.0458322
0.0463352
0.0447361
0.0453118
0.0436135
0.0441826
0.0426305
0.0431093
0.0419517
0.042259
0.0417276
0.0417907
0.0420855
0.0418445
0.0431233
0.0425333
0.0449068
0.0439383
0.0474867
0.0461142
0.0509668
0.0491225
0.0556951
0.0531542
0.0627228
0.0588403
0.0741605
0.0677606
0.0930456
0.0824473
0.124332
0.106946
0.164377
0.14454
0.180927
-0.449696
0.234568
0.243016
0.241266
0.0043023
0.00485149
0.0045748
0.00548992
0.00516755
0.00614267
0.00582004
0.00677911
0.00648707
0.00714907
0.00701794
0.00678548
0.00709987
0.0048732
0.00615283
1.45069e-05
0.00291225
-0.009326
-0.0040094
-0.0237139
-0.0159494
-0.0410298
-0.0322413
-0.0567661
-0.0494548
-0.0661452
-0.0624818
-0.0649703
-0.0669986
-0.0539446
-0.0604978
-0.0372329
-0.0460087
-0.0196194
-0.0282878
-0.00463267
-0.0116584
0.00609784
0.001297
0.0124903
0.00980163
0.0153337
0.0142934
0.0157117
0.0157675
0.0146463
0.0153082
0.0129165
0.013833
0.0109807
0.0119599
0.00912157
0.0100319
0.00744107
0.00826206
0.00592694
0.00667812
0.00454051
0.00521697
0.00330507
0.0038776
0.00237498
0.00278635
0.00160082
0.002101
0.00309538
-0.00157755
0.00378247
0.00313378
0.00829659
0.00615668
0.0124775
0.0104649
0.0161901
0.0144375
0.0193491
0.0178704
0.0220218
0.0207753
0.0243153
0.0232454
0.0263405
0.025392
0.0281987
0.0273218
0.0299736
0.0291292
0.0317431
0.0308943
0.0335742
0.0326858
0.0355145
0.0345679
0.0376044
0.036581
0.0398512
0.0387504
0.0422289
0.0410683
0.0446689
0.043489
0.0470591
0.0459206
0.0492594
0.0482345
0.0511262
0.0502855
0.052539
0.0519379
0.0534259
0.0530933
0.0537747
0.0537086
0.0536344
0.0538027
0.0531062
0.0534527
0.0523264
0.0527812
0.0514439
0.051932
0.0506072
0.0510549
0.0499539
0.0502945
0.0496009
0.049779
0.0496381
0.0496125
0.0501238
0.0498694
0.0510861
0.0505933
0.0525293
0.0517984
0.0544403
0.0534796
0.056796
0.0556177
0.0595716
0.0581878
0.0627463
0.0611665
0.0663071
0.0645365
0.0702466
0.068288
0.0745621
0.0724155
0.0792671
0.0769212
0.0844462
0.0818417
0.0904379
0.0873528
0.0982363
0.0940528
0.109863
0.103432
0.128423
0.118047
0.157219
0.141374
0.196312
0.175945
0.217591
0.00194462
-0.00340011
0.224589
0.25684
0.244927
0.175024
0.200179
0.135468
0.153002
0.112178
0.122058
0.0992486
0.104704
0.0915451
0.0949196
0.0858621
0.0885035
0.080872
0.0832531
0.0762243
0.0784529
0.0718711
0.073953
0.067834
0.0697557
0.0641381
0.0658875
0.0608039
0.0623709
0.0578515
0.0592257
0.0553046
0.0564737
0.0531901
0.0541403
0.0515343
0.0522529
0.0503557
0.0508348
0.0496578
0.049898
0.0494217
0.0494355
0.0496014
0.0494152
0.0501215
0.0497767
0.0508779
0.0504299
0.0517428
0.051258
0.0525733
0.0521244
0.053222
0.0528827
0.05355
0.0533883
0.0534422
0.0535115
0.0528258
0.0531568
0.0516841
0.0522776
0.0500604
0.050887
0.0480489
0.0490553
0.0457792
0.0468979
0.0433904
0.0445524
0.0410054
0.0421523
0.0387136
0.0398055
0.0365601
0.0375796
0.0345514
0.0354996
0.0326715
0.0335599
0.0308705
0.0317246
0.0290933
0.0299426
0.0272708
0.0281504
0.0253206
0.0262764
0.0231471
0.0242275
0.0206438
0.0219033
0.0176988
0.0191933
0.0142108
0.0159871
0.0101215
0.0122034
0.0055031
0.00788165
0.00239376
0.00336699
-7.57451e-05
-0.0015012
0.000733724
0.00114402
0.00115055
0.00137102
0.00168336
0.00203944
0.0024129
0.0028474
0.00328083
0.00374621
0.00423959
0.00474159
0.00528941
0.00586917
0.00648343
0.00713956
0.00781979
0.00850631
0.00918131
0.00981465
0.0103527
0.0107299
0.0108675
0.0106833
0.0100832
0.00897551
0.00726399
0.00487354
0.00174399
-0.00214041
-0.00675649
-0.012002
-0.017714
-0.0236295
-0.0294281
-0.0347061
-0.0390582
-0.0420747
-0.0434518
-0.0429907
-0.0407352
-0.0370225
-0.0322114
-0.0266973
-0.0209478
-0.0153806
-0.0103362
-0.00605594
-0.0026301
-5.19792e-05
0.00179471
0.00303344
0.00381176
0.00421138
0.00437571
0.00437858
0.00427874
0.0041184
0.00392994
0.00372738
0.0035333
0.00334516
0.00317069
0.00302742
0.00293721
0.00313872
0.00294257
0.00337133
0.254413
0.00204712
0.206874
0.188692
0.198762
0.146037
0.170267
0.102796
0.122072
0.0774329
0.0878777
0.0639916
0.0694207
0.0565878
0.0595662
0.0518615
0.0538105
0.0483408
0.0497971
0.0456015
0.0466987
0.0435691
0.0443239
0.0422371
0.042651
0.0415781
0.0416683
0.0415263
0.0413299
0.0419795
0.0415511
0.0428061
0.0422142
0.0438538
0.043176
0.0449609
0.0442779
0.0459704
0.0453586
0.0467457
0.0462694
0.0471854
0.0468897
0.047235
0.0471406
0.0468931
0.0469942
0.0462083
0.0464748
0.0452692
0.0456525
0.0441819
0.0446278
0.0430677
0.0435171
0.042022
0.0424288
0.0411152
0.0414476
0.040385
0.0406282
0.039836
0.0399912
0.0394448
0.0395267
0.0391647
0.0391995
0.0389262
0.0389496
0.0386525
0.0387033
0.0382554
0.0383793
0.0376353
0.0378827
0.0367042
0.037119
0.035381
0.0360004
0.0336128
0.0344589
0.0313844
0.03246
0.0287371
0.0300098
0.0257584
0.0271848
0.0225469
0.0240759
0.0192069
0.0207872
0.0158212
0.017416
0.0124353
0.0140289
0.00906149
0.0106559
0.00567223
0.00728194
0.00242373
0.0039843
9.66625e-05
0.000928874
0.00201274
-0.00230766
-0.000114441
0.227564
0.240835
0.207665
0.216675
0.194346
0.200301
0.186047
0.189656
0.181751
0.183443
0.180963
0.180941
0.183535
0.181832
0.189586
0.186115
0.199441
0.194019
0.213547
0.205938
0.232401
0.22236
0.256329
0.24373
0.285289
0.270211
0.318353
0.301428
0.352747
0.335643
0.383128
0.36887
0.401599
0.394357
0.401811
0.404127
0.383082
0.394611
0.35021
0.367897
0.311408
0.33108
0.272915
0.291848
0.238155
0.25494
0.208961
0.222812
0.185738
0.196634
0.168067
0.176246
0.155391
0.161157
0.147077
0.150729
0.142641
0.144404
0.141776
0.14178
0.144417
0.142659
0.150778
0.147114
0.161425
0.155524
0.177493
0.168687
0.188562
-0.542623
-0.232999
-0.557835
0.286192
-0.834658
-0.531537
-0.743651
-0.571883
-0.552451
-0.55737
0.71744
0.827647
0.886116
0.80017
0.635103
-0.40508
-0.420725
-0.488532
-0.506542
-0.722857
-0.283547
0.102262
-0.0721975
-0.0343739
0.263402
0.237372
0.205739
0.175227
0.150338
0.1313
0.117213
0.107139
0.10012
0.0952152
0.0916348
0.0887891
0.0863247
0.0840223
0.0817877
0.0795738
0.0773799
0.0752105
0.0730815
0.0710046
0.0689915
0.0670512
0.065189
0.0634121
0.0617216
0.0601248
0.0586207
0.0572176
0.0559133
0.0547176
0.053627
0.0526525
0.0517891
0.051048
0.0504216
0.0499209
0.0495347
0.0492727
0.0491195
0.0490827
0.0491424
0.0493037
0.0495415
0.0498586
0.0502253
0.0506423
0.0510764
0.0515269
0.0519585
0.05237
0.0527259
0.0530258
0.0532355
0.0533574
0.0533608
0.0532529
0.0530085
0.0526434
0.0521373
0.0515149
0.0507618
0.0499101
0.0489528
0.0479249
0.0468242
0.0456866
0.0445106
0.0433305
0.0421424
0.0409768
0.0398254
0.038714
0.0376273
0.0365851
0.0355698
0.0346019
0.0336528
0.0327363
0.0318316
0.0309497
0.0300641
0.0291856
0.0282853
0.0273734
0.0264189
0.0254307
0.0243761
0.0232625
0.022056
0.0207627
0.0193486
0.0178193
0.0161419
0.0143224
0.0123284
0.0101688
0.00794793
0.00543551
0.00290067
0.00059278
-0.00262705
-0.000478169
0.0142721
0.00287485
0.00128672
0.00102414
0.000498263
0.000496536
0.000612152
0.000742414
0.000878335
0.00105221
0.00122337
0.00141807
0.00163152
0.00185183
0.00210098
0.00237408
0.00267973
0.0030346
0.00342248
0.00382904
0.00422617
0.00459581
0.00490786
0.00514359
0.00526875
0.00525695
0.00506493
0.00466034
0.00400013
0.00306028
0.00181654
0.000270727
-0.00156478
-0.00364624
-0.00590809
-0.00825348
-0.0105594
-0.0126843
-0.0144695
-0.0157687
-0.0164503
-0.0164447
-0.0157481
-0.0144606
-0.0127134
-0.0106673
-0.00850192
-0.00638233
-0.00444704
-0.00279893
-0.00147132
-0.000472964
0.000246275
0.000727335
0.00103859
0.0012162
0.00131199
0.00135836
0.0013599
0.00133558
0.00129839
0.00124771
0.00119026
0.00112837
0.00107134
0.00105437
0.0011654
0.00142347
0.00196418
0.00331838
0.00709948
0.0142121
0.0113904
0.246719
0.221747
0.201729
0.178053
0.149023
0.121269
0.0999205
0.0839499
0.0729961
0.0648871
0.0598604
0.0559526
0.0536081
0.0513387
0.0498779
0.0481392
0.0469894
0.0455127
0.0445959
0.0433877
0.0427455
0.0418479
0.0415129
0.0409412
0.0409134
0.0406508
0.0409011
0.0409061
0.0413838
0.0415964
0.0422352
0.0425826
0.0433059
0.0437086
0.0444364
0.0448151
0.0454714
0.0457547
0.0462756
0.0464078
0.0467486
0.046696
0.0468365
0.0465915
0.0465379
0.0461181
0.0459001
0.0453442
0.0450087
0.0443707
0.0439784
0.0433091
0.0429109
0.0422636
0.0419062
0.0413198
0.0410347
0.0405315
0.0403333
0.0399194
0.0398069
0.0394739
0.0394327
0.0391602
0.0391655
0.0389225
0.0389372
0.0386847
0.0386697
0.0383671
0.0382759
0.0378755
0.0376611
0.0371168
0.0367341
0.0360042
0.035417
0.034472
0.0336599
0.0324887
0.0314512
0.0300648
0.0288298
0.0272679
0.0258804
0.0241916
0.0227037
0.0209403
0.0194011
0.0176079
0.0160546
0.0142615
0.0127099
0.010928
0.0093685
0.00758163
0.00599212
0.00434225
0.00258324
0.000844536
-0.000684626
-0.00302898
0.000478014
-0.00100003
0.0099429
0.342417
0.272407
0.250266
0.232008
0.21925
0.209441
0.201691
0.195517
0.190667
0.186959
0.184283
0.182553
0.181716
0.181735
0.182606
0.184333
0.186941
0.190458
0.194935
0.200416
0.206964
0.214633
0.223487
0.233565
0.244905
0.257499
0.27132
0.286263
0.302153
0.318684
0.335417
0.351792
0.367064
0.380389
0.390815
0.397536
0.399888
0.39771
0.391084
0.380444
0.366382
0.349689
0.331196
0.311878
0.292538
0.273751
0.255953
0.239383
0.224137
0.210298
0.197913
0.18697
0.177428
0.169194
0.162204
0.156377
0.151653
0.147958
0.145243
0.143457
0.142574
0.142577
0.143477
0.145286
0.148056
0.15186
0.156831
0.163134
0.171042
0.181257
0.193989
0.300867
-0.485182
-0.195098
0.100813
-0.132359
-0.161972
-0.0206466
0.0558046
0.00162701
0.0259014
0.0391044
-0.0162691
0.0302529
0.024376
0.0681312
0.0263498
0.0620222
0.0196326
-0.168166
0.817555
4.94447e-05
)
;

boundaryField
{
    frontandback
    {
        type            empty;
    }
    walls
    {
        type            zeroGradient;
    }
    diamond
    {
        type            zeroGradient;
    }
    inlet
    {
        type            zeroGradient;
    }
    outlet
    {
        type            fixedValue;
        value           uniform 0;
    }
}


// ************************************************************************* //
