/*--------------------------------*- C++ -*----------------------------------*\
  =========                 |
  \\      /  F ield         | OpenFOAM: The Open Source CFD Toolbox
   \\    /   O peration     | Website:  https://openfoam.org
    \\  /    A nd           | Version:  10
     \\/     M anipulation  |
\*---------------------------------------------------------------------------*/
FoamFile
{
    format      ascii;
    class       volScalarField;
    location    "10.5";
    object      p;
}
// * * * * * * * * * * * * * * * * * * * * * * * * * * * * * * * * * * * * * //

dimensions      [0 2 -2 0 0 0 0];

internalField   nonuniform List<scalar> 
8711
(
-0.00228642
-0.00237604
-0.00175129
-0.067663
-0.0740855
-0.0828709
0.0347796
0.0362387
0.705897
0.703166
0.501797
0.262147
0.075643
0.078595
0.023128
0.0336692
-0.111904
-0.119971
-0.13139
0.00129215
0.00121272
-8.49201e-05
0.000164015
-0.0016214
-0.196736
-0.14564
-0.219654
-0.267023
-0.00480275
-0.00435823
-0.0034366
-0.391852
-0.434454
-0.279607
-0.305073
0.165835
0.156643
0.151313
0.158627
0.150819
0.195472
0.169609
-0.316803
-0.314159
0.338188
0.221417
-0.373428
-0.376994
-0.377187
0.00437827
0.00382932
0.00390034
0.00438032
-0.01096
-0.00376952
0.00346031
0.079363
0.0811315
0.0801506
0.0824133
0.0175034
0.0182791
0.0196962
0.0188985
0.0507149
0.0467829
0.0354573
-0.000788492
-0.000796451
-5.01141e-07
0.0239989
0.0237805
0.025785
0.0259047
0.0431045
0.0429556
0.0347323
0.034842
-0.000719726
0.0089683
0.00952432
0.0135892
0.0131198
-0.00125731
-0.00130699
-0.00125048
0.0828166
0.0849706
0.0984706
0.103938
0.00842052
0.00257032
0.0121097
-0.0226238
-0.013757
0.0548028
0.0723305
0.0727284
0.0579191
0.0341801
0.0345971
0.359768
0.353158
0.0735128
0.0682659
0.0636531
0.0593185
0.0553652
0.0515665
0.0482125
0.0451277
0.0423255
0.0397507
0.037449
0.0353156
0.0332657
0.0313114
0.0294948
0.0294467
0.0276967
0.0276098
0.03352
0.0314264
0.0381271
0.0357483
0.0434348
0.0406618
0.049762
0.0464221
0.0571036
0.0532562
0.0650937
0.0609417
0.0738839
0.0694546
0.0771674
0.0657483
0.0706836
0.0567893
0.0611128
0.0492861
0.0528609
0.0433391
0.0461324
0.0385497
0.0409154
0.0346785
0.0365727
0.0310056
0.0327817
0.0276684
0.0293501
0.0259971
0.081779
0.0242315
0.0254783
0.0244759
0.0849176
0.0804653
0.0292126
0.0272772
0.0334513
0.0312861
0.0383156
0.0358238
0.0439032
0.0410203
0.0502161
0.046937
0.0573647
0.0537527
0.0649022
0.0611119
0.0723577
0.0688263
0.0780258
0.0755161
0.0227692
0.0231307
0.0722335
0.0774031
0.0624805
0.0673494
0.0536294
0.0578636
0.0469114
0.0501069
0.0415491
0.0440484
0.0374529
0.0395287
0.033825
0.0355875
0.0305328
0.0321702
0.0274298
0.0289838
0.024451
0.0258139
0.0221555
0.0222913
0.0854641
0.0231277
0.0829938
0.0871016
0.073893
0.0748522
0.0203325
0.0198001
0.0220034
0.0891966
0.0881306
0.0249656
0.0231569
0.0286965
0.0266527
0.0329937
0.0307845
0.0379134
0.0353939
0.0433485
0.0406706
0.0493914
0.0463072
0.0559937
0.0526181
0.0625651
0.0593661
0.06907
0.0660968
0.0735016
0.0719006
0.0739034
0.024002
0.0227162
0.0791368
0.0929426
0.0904761
0.0848048
0.0681363
0.0734444
0.0587407
0.0637661
0.0505933
0.0543658
0.044478
0.0473748
0.0399848
0.0422212
0.0363178
0.0380951
0.032861
0.0345992
0.029888
0.031362
0.0269225
0.0284165
0.0254207
0.0214064
0.0207954
0.0218681
0.0218314
0.0888028
0.0833274
0.0772093
0.0748419
0.0721598
0.0210242
0.0215633
0.0929395
0.0883505
0.0857739
0.095361
0.0907665
0.0974328
0.0816589
0.0657515
0.0733909
0.0582127
0.05066
0.0435067
0.0241417
0.0226223
0.0278265
0.0258299
0.0320115
0.0298557
0.0367167
0.0343096
0.0418742
0.0392278
0.0472749
0.0445666
0.0531865
0.0502482
0.0588291
0.0560309
0.0642016
0.0615881
0.0673784
0.066405
0.067241
0.0678486
0.0638412
0.0660207
0.0582949
0.0743362
0.0799006
0.0641184
0.0689842
0.0549686
0.0592521
0.0477238
0.0512943
0.0424929
0.044902
0.0384888
0.0405104
0.0350188
0.0366969
0.0318584
0.0334026
0.0290016
0.0304247
0.0261624
0.0275638
0.0233477
0.0246948
0.0209867
0.022107
0.0190304
0.0182754
0.0201184
0.0195787
0.0206555
0.0205011
0.0199494
0.020455
0.0913345
0.100381
0.0956549
0.0201778
0.0191994
0.0961822
0.0877521
0.040873
0.0303704
0.101629
0.0796441
0.0659529
0.047212
0.0201831
0.0190423
0.0233322
0.0217471
0.0267724
0.0249476
0.0306863
0.0286628
0.0350401
0.032818
0.0397125
0.0373398
0.0445597
0.0421254
0.0495504
0.0470641
0.0542622
0.051953
0.0583217
0.056404
0.0607149
0.0597938
0.0597943
0.0608841
0.054094
0.0575662
0.0492795
0.0872613
0.0999402
0.0908214
0.0887298
0.0789662
0.0836858
0.0691992
0.074095
0.0597265
0.0644398
0.0516723
0.0554936
0.0453562
0.0483514
0.0407377
0.0428942
0.0369705
0.0388142
0.0336805
0.0352759
0.0307111
0.0321698
0.0279078
0.0293038
0.0252043
0.0265214
0.0224997
0.0238102
0.021267
0.0168371
0.0179692
0.0174581
0.0189099
0.0184268
0.0194441
0.0192704
0.0189394
0.019329
0.0182527
0.0925706
0.0167605
0.0162143
0.094202
0.0175243
0.0988401
0.0863927
0.104796
0.074561
0.0165001
0.107103
0.0562712
0.104542
0.0354509
0.0159141
0.0173326
0.0195462
0.018324
0.0223723
0.0209188
0.0255924
0.0239357
0.0291402
0.0273052
0.0330494
0.0310629
0.037159
0.0350866
0.0413917
0.0392686
0.0455742
0.0435042
0.0494072
0.0475536
0.052352
0.0510241
0.0537527
0.053253
0.0520461
0.0535351
0.045471
0.0497446
0.032476
0.0401582
0.0133238
0.0242756
0.0842223
0.0888465
0.0785095
0.0807279
0.0724067
0.0758019
0.0637005
0.0680779
0.0555486
0.0599686
0.0486314
0.0519042
0.0431774
0.0457555
0.0389422
0.0409516
0.0354069
0.03712
0.0322857
0.0338075
0.0294296
0.0308384
0.0267159
0.0280589
0.0240775
0.0253913
0.0215649
0.0228437
0.0192824
0.0203965
0.0182968
0.00910246
-0.00133979
0.0160554
0.0147355
0.0154538
0.0168866
0.0164712
0.0177675
0.0173332
0.0182829
0.0180813
0.0179014
0.0181983
0.0173175
0.0931856
0.100599
0.0835988
0.015726
0.0164775
0.0149907
0.107122
0.0678101
0.108845
0.0465364
0.0984361
0.0229672
0.0844357
-0.0171091
-0.00749767
0.0144336
0.0139635
-0.0837789
0.0166556
0.0155724
0.0188066
0.017705
0.021361
0.0200722
0.0242915
0.022817
0.0274679
0.025832
0.0309001
0.0291624
0.0344585
0.032668
0.0380583
0.0362609
0.0415073
0.0398144
0.0445176
0.0430864
0.046544
0.0456835
0.0469476
0.0469674
0.0446186
0.0461989
0.0377187
0.0418494
0.0253185
0.0319802
0.00569797
0.0170929
-0.0232553
-0.00839677
-0.0345213
-0.0596549
-0.0402526
0.0733505
0.0694223
0.0736544
0.0681654
0.0702542
0.0644621
0.0664647
0.0581577
0.0617708
0.0514509
0.0548225
0.0456696
0.0484245
0.0409471
0.0432017
0.0370678
0.0389273
0.0337647
0.0353668
0.030804
0.0322546
0.0280602
0.0294135
0.0254625
0.0267456
0.0229819
0.0242038
0.0206345
0.0217923
0.0184407
0.0195212
0.0174213
0.015067
0.0145541
0.0158508
0.0154763
0.0166774
0.0162659
0.0171701
0.0169935
0.0168437
0.0171193
0.0163742
0.0925664
0.0139557
0.0156189
0.0144427
0.10103
0.0793306
0.10775
0.0590517
0.107787
0.0345735
0.0992985
0.0620736
0.0782774
0.00420543
-0.0271161
-0.0547072
-0.083513
-0.061569
-0.079676
-0.10084
0.0159202
0.0149391
0.0179573
0.0169035
0.0203017
0.0190314
0.0229158
0.0215848
0.0257233
0.0242931
0.0286887
0.0271881
0.0317371
0.0302089
0.0347445
0.0332533
0.0375249
0.0361741
0.0397904
0.0387395
0.0410459
0.0405689
0.0406486
0.0410807
0.0376602
0.0395212
0.030646
0.0346938
0.0185785
0.0252689
-6.75742e-05
0.0106221
-0.0275067
-0.0130983
-0.0430437
0.054233
0.0519512
0.0368285
0.0466517
0.0611332
0.0593056
0.0584997
0.0601937
0.0568082
0.0580825
0.0525988
0.0552043
0.04734
0.0499296
0.0426287
0.0449088
0.0385671
0.0405294
0.035074
0.0367622
0.0320221
0.033509
0.0292414
0.0306082
0.0266441
0.0279246
0.0241946
0.0254029
0.0218731
0.0230163
0.0196872
0.0207504
0.0176101
0.0185748
0.0165616
0.0133164
0.0124289
0.0129058
0.0141738
0.0137849
0.0148966
0.0145354
0.0156478
0.0152695
0.0161104
0.0159445
0.0158123
0.016064
0.0148545
0.0154017
0.0134917
0.0141253
0.0907892
0.100211
0.072937
0.107168
0.048545
0.012769
0.0129798
0.0122345
0.105937
0.0918177
0.0678507
0.0235996
0.0379672
0.018519
-0.0159749
-0.0482086
-0.0786199
-0.102767
0.0119347
-0.0958137
-0.117833
-0.11058
0.0117934
0.0113516
0.0133492
0.0126005
0.0151402
0.0142295
0.0170437
0.0160807
0.0191955
0.0180914
0.0214963
0.0203296
0.0239341
0.0227087
0.0264842
0.0252009
0.0290587
0.0277744
0.0315273
0.0303138
0.0337026
0.0326615
0.0353015
0.0345897
0.0358816
0.0357388
0.0348414
0.0355905
0.031331
0.0334292
0.0242659
0.02826
0.0129097
0.0191022
-0.00478502
0.00505881
-0.0297955
-0.016604
-0.0591691
-0.0442094
-0.0903826
-0.0747984
0.0236021
0.00596847
-0.00553365
0.0106899
0.0409032
0.033543
0.0493853
0.0462378
0.0501376
0.050276
0.0496844
0.0502789
0.0469682
0.0485749
0.0431572
0.0450828
0.0394323
0.0412664
0.0360179
0.0376871
0.0329501
0.0344459
0.0301835
0.0315391
0.0276181
0.0288824
0.0252032
0.0263945
0.0229241
0.0240481
0.0207639
0.021829
0.0187192
0.0197061
0.0167007
0.0176519
0.0147288
0.0156962
0.0138201
0.0126708
0.0122609
0.0134017
0.0130718
0.0140301
0.0137058
0.0146864
0.0143567
0.0150951
0.0149487
0.0148355
0.0150598
0.0139854
0.0144542
0.0133828
0.0873365
-0.104473
-0.122548
-0.117472
0.0978713
0.0647524
0.0121274
0.0115859
0.104348
0.100228
0.0822128
0.0533264
0.0192943
-0.0252166
-0.0155442
-0.000573331
-0.0376714
-0.0715185
-0.101743
-0.122584
-0.13244
0.0111452
0.0106656
0.0113429
0.0117284
0.0124503
0.010896
0.0350483
0.0127002
0.0120145
0.014313
0.0134983
0.0161303
0.0152129
0.0180415
0.0170682
0.0200591
0.0190427
0.0221587
0.0210933
0.0243226
0.0232379
0.0264605
0.0254005
0.02844
0.0274774
0.030073
0.0293091
0.0310847
0.0306702
0.0310759
0.0312244
0.0295063
0.0305088
0.0256214
0.0278805
0.0185886
0.0225041
0.00774581
0.0136623
-0.00846983
0.00031562
-0.0307867
-0.0189459
-0.0564766
-0.0436624
-0.0837052
-0.0699287
-0.131817
-0.113261
-0.0975475
-0.01549
-0.0486
-0.0542273
-0.0333626
0.0123337
-0.000294159
0.0296004
0.0220296
0.038836
0.0351553
0.0422176
0.0409944
0.0428071
0.0427628
0.041483
0.0423351
0.0389523
0.040292
0.0361242
0.0375449
0.0333451
0.0347213
0.030724
0.0320147
0.0282735
0.0294819
0.0259545
0.0271012
0.0237478
0.0248387
0.0216532
0.0226882
0.0196582
0.0206451
0.0177055
0.0186796
0.0158391
0.0167538
0.0140173
0.0148926
0.0132087
0.0119992
0.0116062
0.0127061
0.0123857
0.0132369
0.012972
0.0137911
0.0135126
0.0141371
0.0140145
0.0138988
0.0141003
0.0131884
0.0135889
0.0126815
0.0823112
0.0110476
0.0933608
0.0979281
0.0897603
0.066315
0.0334513
-0.00429
-0.0208103
-0.0595393
-0.0944987
-0.122909
-0.0412926
-0.0778711
-0.07563
-0.139525
-0.146933
-0.12828
0.0101932
0.054106
-0.143725
0.0194286
0.00977837
0.0107861
0.0102756
0.0120436
0.011373
0.0134979
0.0127536
0.0151534
0.0143152
0.0168669
0.0160073
0.0186222
0.0177413
0.0204147
0.0195132
0.0222224
0.0213204
0.0239617
0.0231061
0.0254988
0.0247624
0.0266489
0.0261308
0.02715
0.0269924
0.0266393
0.0270352
0.0246359
0.0258425
0.0204937
0.0228518
0.013551
0.017375
0.00320114
0.0088207
-0.0114839
-0.00361343
-0.0310936
-0.0207502
-0.0533516
-0.0423021
-0.0772498
-0.065036
-0.104193
-0.0907455
-0.140867
-0.127254
-0.116511
-0.0581157
-0.103572
-0.100378
-0.0784327
-0.0230345
-0.0395794
0.00262862
-0.00900327
0.0198063
0.0126669
0.0295633
0.0258256
0.0347944
0.0328573
0.0364122
0.0358395
0.036244
0.0365074
0.03479
0.0356209
0.0327746
0.0338158
0.0306037
0.0316959
0.0284328
0.0295142
0.0263178
0.0273685
0.0242659
0.0252849
0.0222844
0.0232667
0.0203843
0.0213255
0.0185529
0.0194622
0.0167639
0.0176479
0.0149829
0.0158738
0.0133725
0.0141812
0.0118623
0.0125934
0.0105469
0.0112316
0.0105467
0.0100616
0.0113607
0.0109787
0.0120141
0.0117345
0.0124904
0.0122608
0.0129546
0.0127235
0.0132398
0.0131405
0.0130527
0.013211
0.0124273
0.0127823
0.0115166
0.011997
0.0105211
0.0110255
0.0100656
0.0749624
0.0855518
0.0874571
0.0735295
0.0455266
0.00801554
-0.0409307
-0.081376
-0.116388
-0.0326062
-0.0712992
-0.105101
-0.141662
-0.155395
-0.159701
-0.12322
-0.130289
-0.156372
-0.136829
-0.150869
0.00895205
0.00853907
0.00904905
0.00937699
0.0417355
0.00936109
0.00142689
0.0101276
0.00968825
0.0113363
0.0107593
0.0126876
0.0119925
0.0141596
0.0134151
0.0156799
0.0149164
0.0171999
0.0164415
0.0187106
0.0179561
0.0201927
0.019458
0.0215689
0.0208992
0.0227071
0.0221741
0.0234281
0.0231275
0.0234867
0.0235503
0.0225534
0.0231559
0.0202014
0.0215694
0.0158889
0.0183035
0.00907538
0.0127975
-0.000767414
0.00453973
-0.0142327
-0.00705705
-0.0315593
-0.0224933
-0.0509443
-0.0412315
-0.0719475
-0.0612266
-0.0955843
-0.0838618
-0.116012
-0.106484
-0.14434
-0.131645
-0.124344
-0.0965087
-0.146025
-0.134867
-0.115825
-0.0598074
-0.0777022
-0.0283867
-0.0433485
-0.00458569
-0.0156206
0.0118391
0.00445239
0.0220535
0.017605
0.0279216
0.0254409
0.0305318
0.0294894
0.0312905
0.0310888
0.0307307
0.031128
0.0294442
0.030141
0.0278422
0.0286662
0.0261114
0.0269857
0.024339
0.0252275
0.022565
0.0234508
0.0208184
0.0216874
0.019119
0.0199634
0.017459
0.0182853
0.0158215
0.0166355
0.0142177
0.0150009
0.0127101
0.0134331
0.0113199
0.0119649
0.0101862
0.0106566
0.00978044
0.00997176
0.009476
0.0107637
0.010406
0.0113548
0.0110972
0.0117802
0.0115762
0.0121713
0.0119801
0.0124036
0.012324
0.0122508
0.0123807
0.0117105
0.0120142
0.0109313
0.0113411
0.0101042
0.0105144
0.00971522
0.065062
0.074211
0.0712992
0.0517842
0.0180032
-0.0617434
-0.102477
-0.0235572
-0.0662789
-0.105736
-0.135527
-0.15795
-0.169095
-0.137328
-0.171025
-0.158369
-0.165605
-0.152838
-0.168414
-0.158657
-0.137931
-0.151096
0.00839056
0.00812838
0.00855521
0.0088807
0.0268791
0.00814881
0.00855557
0.00891285
-0.0168048
0.00952468
0.00902782
0.010623
0.0101047
0.0118609
0.0112315
0.0131709
0.0125129
0.0145009
0.0138377
0.0157995
0.0151554
0.0170517
0.0164311
0.0182369
0.0176548
0.0192824
0.0187817
0.0200613
0.019711
0.0204018
0.0202932
0.0200768
0.020331
0.0187898
0.0195635
0.0161648
0.0176558
0.0117516
0.0141903
0.00510772
0.00871006
-0.00419438
0.00078854
-0.0165778
-0.0100118
-0.0320242
-0.0240016
-0.0491769
-0.040492
-0.0676273
-0.058308
-0.0880675
-0.0778599
-0.106219
-0.0978175
-0.120411
-0.113759
-0.143432
-0.131089
-0.126076
-0.1241
-0.169967
-0.152711
-0.138937
-0.0918489
-0.108217
-0.0597145
-0.0757348
-0.0319429
-0.0451665
-0.0103268
-0.0203473
0.00509988
-0.00198711
0.0154217
0.0107899
0.0217511
0.0189742
0.0251468
0.0237164
0.0266461
0.026074
0.026824
0.0268575
0.0261801
0.0265697
0.0251005
0.0256759
0.0237901
0.0244646
0.022357
0.0230837
0.0208637
0.0216146
0.0193558
0.0201097
0.0178604
0.0186065
0.0163763
0.0171176
0.0148934
0.015634
0.0134348
0.0141561
0.0120461
0.0127052
0.0107603
0.0113711
0.00976001
0.0101502
0.00932893
0.00943798
0.0089878
0.0101955
0.00984978
0.0107264
0.0104946
0.0111063
0.0109257
0.0114371
0.0112782
0.0116201
0.0115601
0.0114857
0.0115969
0.0110286
0.011289
0.0103645
0.0107149
0.00966752
0.0100259
0.00928851
0.0523381
0.00775383
0.0584574
0.0497151
0.0230378
-0.0820977
-0.0161344
-0.0614047
-0.105805
-0.121871
-0.15224
-0.171693
-0.144321
-0.180656
-0.171535
-0.179761
-0.18646
-0.1735
-0.190254
-0.16512
-0.164887
-0.185363
-0.156647
-0.135896
-0.148241
0.00786255
0.00832185
0.00989258
0.0078949
0.00841902
-0.0365299
0.00806678
0.00731882
0.0076824
0.00891048
0.00847701
0.00992165
0.00942966
0.0110333
0.0104808
0.0121884
0.0116118
0.013336
0.0127675
0.0144267
0.0138896
0.015441
0.0149432
0.0163549
0.0159122
0.0170995
0.0167524
0.0175547
0.0173685
0.0175584
0.017619
0.0169019
0.0173197
0.0153199
0.0162346
0.0124851
0.0140674
0.00802346
0.0104628
0.00157502
0.00504704
-0.00718953
-0.00252194
-0.018567
-0.0125672
-0.0323997
-0.0252489
-0.0477562
-0.0399383
-0.0642791
-0.0559124
-0.0814521
-0.0729997
-0.0980046
-0.0902526
-0.110721
-0.104799
-0.120207
-0.115662
-0.140185
-0.12979
-0.125095
-0.131962
-0.13802
-0.174452
-0.154449
-0.147363
-0.113928
-0.126651
-0.086614
-0.100922
-0.0587683
-0.072686
-0.0344896
-0.0461093
-0.0150233
-0.0241905
-0.000535686
-0.00724817
0.00963718
0.00500378
0.0162622
0.0132988
0.0202235
0.0184989
0.0223153
0.0214451
0.0231006
0.0228313
0.023015
0.0231345
0.0224085
0.0227569
0.0214927
0.021978
0.0203881
0.0209572
0.0191722
0.0197894
0.0179024
0.0185413
0.0166113
0.0172587
0.015304
0.0159598
0.0139784
0.0146426
0.0126589
0.0133158
0.0113739
0.0119984
0.0102303
0.0107804
0.00927823
0.00969779
0.00880935
0.00740786
0.00819402
0.00780508
0.00895642
0.00856603
0.00964792
0.00932671
0.0101302
0.00991985
0.010468
0.0103091
0.0107461
0.0106155
0.0108848
0.0108437
0.0107621
0.0108585
0.0103738
0.010596
0.0098083
0.0101073
0.00916926
0.00949614
0.00878193
0.0363305
0.00698674
0.00746931
0.0375055
0.0209033
-0.0576768
-0.0127501
-0.0575759
-0.105948
-0.10208
-0.139468
-0.166691
-0.150972
-0.183195
-0.185714
-0.189482
-0.206709
-0.187173
-0.213743
-0.179722
-0.210232
-0.170909
-0.198169
-0.161954
-0.159885
-0.181808
-0.152356
-0.142332
-0.12675
-0.118532
-0.119271
0.0065732
0.00689627
-0.00973406
-0.138468
-0.14215
0.00758945
0.0072283
0.00836672
0.00796423
0.00924603
0.00879758
0.0102161
0.0097264
0.0112184
0.010719
0.0121907
0.0117118
0.0130857
0.0126488
0.0138797
0.0134952
0.0145452
0.0142299
0.015016
0.0148084
0.0151796
0.0151407
0.0148852
0.0150948
0.0139426
0.0145008
0.012116
0.0131461
0.00912279
0.010771
0.00465291
0.00707517
-0.00158407
0.0017527
-0.00983754
-0.00546524
-0.0202954
-0.014811
-0.0327392
-0.0263257
-0.0465337
-0.0395041
-0.0613166
-0.053836
-0.07633
-0.06889
-0.0903788
-0.0837363
-0.102342
-0.0967572
-0.111038
-0.107162
-0.117003
-0.114626
-0.117923
-0.124873
-0.132546
-0.104728
-0.115633
-0.0814884
-0.0936844
-0.0575247
-0.0693304
-0.0363762
-0.0465812
-0.0188112
-0.0271512
-0.0052499
-0.0115823
0.00462789
7.91639e-05
0.0113943
0.00832515
0.0157385
0.013805
0.0182965
0.0171882
0.0195785
0.0190596
0.0199711
0.0198565
0.0197877
0.0199313
0.0192369
0.0195461
0.0184454
0.0188634
0.0174994
0.0179861
0.0164632
0.0169891
0.0153741
0.0159239
0.0142424
0.0148132
0.0130731
0.0136616
0.0118899
0.0124825
0.010728
0.0113032
0.00969753
0.0102168
0.00877094
0.00925325
0.00788296
0.00830805
0.0071471
0.00751182
0.00627025
0.00707086
0.00667056
0.00782626
0.00746097
0.0085082
0.00816357
0.00912466
0.00883577
0.00956129
0.0093694
0.00986237
0.00972264
0.010095
0.0099881
0.0101946
0.0101693
0.0100794
0.0101648
0.00974777
0.00993742
0.00925213
0.00951757
0.0086451
0.00895976
0.00781603
0.00826738
0.00710638
0.00744336
0.00679305
0.0162267
-0.164042
-0.1451
0.0100443
-0.0323945
-0.0152912
-0.0565972
-0.10651
-0.122053
-0.155364
-0.157087
-0.17919
-0.200087
-0.192339
-0.2288
-0.196382
-0.241299
-0.193348
-0.239496
-0.185772
-0.226984
-0.176666
-0.208195
-0.166597
-0.187592
-0.142028
-0.155424
0.00585482
0.00598263
0.00557838
0.00611239
-0.168108
-0.127757
-0.115768
-0.147662
0.00646128
0.00615287
0.00711321
0.00678271
0.00780898
0.00744673
0.00857991
0.0081854
0.00941501
0.00899295
0.0102653
0.00984273
0.011069
0.0106759
0.011779
0.0114365
0.0123683
0.0120887
0.0128055
0.012607
0.0130268
0.0129461
0.012928
0.0130213
0.0123703
0.0127108
0.011182
0.0118597
0.00915468
0.0102779
0.0060465
0.00773951
0.00160137
0.00399185
-0.00441212
-0.0012134
-0.0121806
-0.00808508
-0.0218044
-0.0167827
-0.0330521
-0.027269
-0.0454595
-0.0391427
-0.0586509
-0.0519932
-0.0719158
-0.0653305
-0.0839818
-0.0782815
-0.0945849
-0.0897765
-0.102997
-0.099445
-0.106186
-0.105307
-0.10774
-0.10681
-0.10975
-0.12846
-0.122459
-0.126285
-0.124703
-0.127757
-0.113279
-0.119814
-0.0965693
-0.10573
-0.0765441
-0.0868112
-0.0561528
-0.0662205
-0.0375895
-0.0466057
-0.0217548
-0.0293205
-0.00915588
-0.0150821
0.000319336
-0.00408327
0.00708679
0.00398243
0.011669
0.00959672
0.0145809
0.0132878
0.0162638
0.0155415
0.0170612
0.0167462
0.0172525
0.0172131
0.017036
0.0171826
0.0165391
0.016814
0.0158523
0.0162133
0.0150431
0.015459
0.0141515
0.0146056
0.0131931
0.0136796
0.0121787
0.0126915
0.0111342
0.0116584
0.0101133
0.0106164
0.00916914
0.00963332
0.00830343
0.00872022
0.00748148
0.007854
0.00677186
0.00712578
0.00644122
0.00673674
0.00636106
0.00744672
0.00710216
0.00807527
0.00776543
0.00862343
0.00836683
0.00901582
0.00884142
0.00928464
0.00916129
0.00947832
0.0093919
0.00954637
0.00953393
0.00943594
0.00951343
0.00914772
0.00931228
0.00870273
0.00894369
0.00812293
0.00842792
0.00738344
0.00777661
0.00675308
0.00706406
0.00643756
-0.00883032
-0.0243271
-0.059488
0.00547032
-0.147302
-0.0800961
-0.108177
-0.141652
-0.162555
-0.169539
-0.213619
-0.188975
-0.251952
-0.199508
-0.271956
-0.202214
-0.127976
-0.273834
-0.199049
-0.144237
-0.261313
-0.191623
-0.168178
-0.114793
-0.129406
-0.240224
-0.182139
-0.191214
-0.143041
-0.215647
-0.170565
-0.113663
0.00576447
-0.0990178
-0.101019
0.005468
0.00576575
-0.0585722
-0.111586
-0.104224
0.00513646
0.00568983
0.00530835
0.00602289
0.00573747
0.0066305
0.00634399
0.00724993
0.00693212
0.00792188
0.00758053
0.00862977
0.00827376
0.00933234
0.00898517
0.00997365
0.00966316
0.0105083
0.0102551
0.0109063
0.0107244
0.0111329
0.011042
0.0111265
0.0111612
0.0107909
0.011003
0.0100006
0.0104561
0.00860143
0.00938074
0.00641089
0.00760849
0.00322348
0.00494399
-0.00117068
0.00117652
-0.00695335
-0.00389349
-0.0142598
-0.0104255
-0.023126
-0.0185198
-0.0333306
-0.0280955
-0.0445011
-0.0388245
-0.0562538
-0.0503387
-0.0679525
-0.0621583
-0.0785927
-0.0734569
-0.0878658
-0.0834207
-0.0951852
-0.091926
-0.0978466
-0.0970787
-0.100913
-0.0990246
-0.102121
-0.114308
-0.112394
-0.112451
-0.114655
-0.102821
-0.108846
-0.0890299
-0.0967093
-0.0720303
-0.080677
-0.0546153
-0.0632749
-0.0382795
-0.0462562
-0.0240404
-0.030881
-0.0124085
-0.0179176
-0.00339851
-0.00761742
0.00326716
0.000180417
0.00797871
0.00582163
0.0111496
0.00971705
0.0131524
0.0122656
0.0142904
0.0138048
0.0148112
0.0146095
0.0148986
0.0148965
0.0146769
0.0148175
0.0142367
0.0144776
0.0136458
0.0139557
0.0129461
0.0133071
0.0121576
0.0125613
0.011296
0.0117341
0.0103913
0.0108467
0.00949069
0.00993854
0.00863093
0.0090554
0.00781731
0.00821443
0.00706686
0.00745147
0.00638206
0.00673212
0.00605497
0.00639467
0.00604753
0.00705535
0.00673364
0.00764353
0.00735568
0.00813818
0.00790853
0.00849044
0.0083325
0.00873089
0.00862141
0.00889266
0.0088229
0.00893606
0.00893346
0.0088288
0.00890077
0.00857274
0.00871852
0.00817037
0.00838933
0.00763541
0.00791764
0.0069871
0.00732237
0.00639073
0.00669235
0.00608042
-0.039433
-0.0661062
-0.157449
0.00513806
0.00540206
-0.111235
-0.130045
-0.166987
-0.161085
-0.224513
-0.183086
-0.273616
-0.197679
-0.304187
-0.205897
-0.107626
-0.121032
-0.312753
-0.20782
-0.140637
-0.097621
-0.112869
-0.302048
-0.204836
-0.164022
-0.129668
-0.278882
-0.197852
-0.190897
-0.144623
-0.249058
-0.187298
-0.0886964
-0.219561
-0.0986406
-0.0952056
-0.0874042
0.00487533
0.00508499
0.00481741
0.00560521
0.00534332
0.00614603
0.00587926
0.006698
0.00642065
0.00727387
0.00698379
0.00786042
0.00756776
0.00842104
0.00814668
0.0089065
0.00867521
0.00927437
0.00910583
0.00949265
0.00940239
0.00952405
0.00953256
0.00930871
0.0094491
0.00875911
0.00907816
0.00776254
0.00831939
0.00618243
0.00704814
0.00386006
0.00511627
0.000622287
0.00235647
-0.00370113
-0.00140563
-0.00925061
-0.00632832
-0.0161189
-0.0125301
-0.0242965
-0.0200644
-0.0335802
-0.0288284
-0.0436494
-0.0385438
-0.0541228
-0.048867
-0.0644184
-0.0593353
-0.0737551
-0.0692297
-0.0817261
-0.0779105
-0.0877149
-0.0850378
-0.0902429
-0.0894675
-0.0925276
-0.0913215
-0.0901434
-0.0921053
-0.085225
-0.087735
-0.0960882
-0.101128
-0.0997485
-0.102563
-0.101863
-0.101624
-0.102713
-0.0939758
-0.0983765
-0.0822451
-0.0885652
-0.067934
-0.075241
-0.0529643
-0.0604519
-0.0385944
-0.0456437
-0.0258158
-0.0319864
-0.0151226
-0.0202189
-0.00661297
-0.0106249
-0.000122896
-0.00315266
0.00463348
0.00243421
0.00798356
0.00645023
0.0102377
0.00921949
0.01166
0.0110303
0.0124686
0.0121237
0.0128305
0.012693
0.012864
0.0128794
0.0126569
0.0127839
0.0122751
0.0124832
0.0117608
0.0120315
0.0111378
0.0114608
0.0104264
0.0107909
0.00965716
0.0100464
0.00887047
0.00926403
0.00810197
0.00848284
0.00736888
0.00773255
0.00667435
0.00702128
0.00599957
0.0063319
0.00535842
0.00566146
0.0046856
0.00538458
0.00503443
0.00604916
0.00572145
0.00666783
0.00636579
0.00721482
0.00694892
0.0076638
0.00745612
0.00798241
0.00783879
0.00819853
0.00810078
0.00833452
0.00827794
0.00835952
0.00836406
0.00825479
0.00832269
0.00802333
0.00815447
0.00765964
0.00785764
0.00717653
0.00743098
0.0065994
0.00689841
0.00602276
0.00631942
0.0057158
-0.0760655
-0.159825
0.0043533
0.00484583
-0.114852
-0.122728
-0.174203
-0.169821
-0.157486
-0.231479
-0.180534
-0.290085
-0.195749
-0.0782982
-0.0886478
-0.077105
-0.334075
-0.205903
-0.111548
-0.0914073
-0.35394
-0.211914
-0.135103
-0.110569
-0.348754
-0.214023
-0.158908
-0.128802
-0.325063
-0.211528
-0.18761
-0.145846
-0.29071
-0.204357
-0.219601
-0.16193
-0.254248
-0.0680464
-0.069491
0.00397773
0.00372521
-0.0599872
0.0046906
0.00450027
0.005183
0.00493358
0.00566886
0.00542692
0.00615355
0.00591212
0.00663698
0.00639575
0.00710748
0.00687533
0.00753223
0.00732765
0.00786855
0.00771307
0.00807753
0.00798958
0.0081262
0.00812215
0.00797534
0.00807643
0.00756741
0.00780492
0.00682329
0.00723918
0.00564328
0.00628974
0.00390761
0.00484679
0.00147967
0.00278143
-0.00178494
-4.82564e-05
-0.00602243
-0.00378488
-0.0113388
-0.00855192
-0.0177917
-0.0144338
-0.0253415
-0.0214481
-0.0338013
-0.0294816
-0.042886
-0.0382903
-0.0522279
-0.0475537
-0.061298
-0.0568312
-0.0694897
-0.065522
-0.0763327
-0.0730973
-0.0811283
-0.0790157
-0.0835823
-0.0825676
-0.0843418
-0.0844084
-0.0810578
-0.0829876
-0.0771934
-0.0791485
-0.0839589
-0.0775373
-0.0909272
-0.0886029
-0.0926702
-0.0920544
-0.0915972
-0.0927173
-0.0861136
-0.0896813
-0.0762371
-0.0815014
-0.064184
-0.0703783
-0.0512724
-0.0577593
-0.0386442
-0.0448663
-0.0271917
-0.0327492
-0.0173923
-0.0220891
-0.00940011
-0.0131912
-0.0031378
-0.00608182
0.00159757
-0.000610306
0.00506125
0.00345932
0.00750867
0.00638714
0.0091665
0.00841601
0.0102252
0.00975484
0.0108344
0.0105742
0.0111038
0.0110028
0.0111161
0.0111355
0.0109336
0.0110444
0.010598
0.0107816
0.0101357
0.0103801
0.00957037
0.00986347
0.00893202
0.00925773
0.00825695
0.00859677
0.00757808
0.00791652
0.00691376
0.00724428
0.00626488
0.00658791
0.00561442
0.00593359
0.00495371
0.0052769
0.00444299
0.00416818
0.00455311
0.00385535
0.00448909
0.0042011
0.00509489
0.00478222
0.00570073
0.0054015
0.00628093
0.00599712
0.00678914
0.006544
0.0071986
0.00700916
0.00748984
0.00735814
0.00768553
0.00759768
0.00780092
0.00775458
0.00781275
0.00782213
0.00771089
0.00777531
0.00749942
0.0076185
0.0071707
0.00734942
0.00673513
0.0069645
0.00620644
0.00648304
0.00565124
0.00593501
0.00504294
0.00535139
0.00474631
-0.118459
-0.192492
0.00356293
-0.169739
-0.160201
-0.17802
0.0039408
0.00350515
0.00410496
0.00384544
-0.233465
-0.186107
-0.0493446
-0.0570192
-0.299196
-0.199901
-0.0775168
-0.0600602
-0.0685165
-0.356032
-0.208197
-0.101497
-0.0860057
-0.391194
-0.214201
-0.12762
-0.105869
-0.398184
-0.218861
-0.152964
-0.126677
-0.378279
-0.221702
-0.182305
-0.145711
-0.341063
-0.219798
-0.216469
-0.163709
-0.296343
-0.211225
-0.254686
0.00360551
-0.0375383
-0.042153
-0.0314416
0.00329177
0.00433379
0.00414598
0.00476384
0.00453725
0.0051985
0.00498072
0.00561636
0.0054094
0.00601159
0.00581681
0.0063714
0.00619693
0.00666656
0.00652857
0.0068604
0.00677733
0.00691773
0.00690662
0.00680544
0.00688307
0.00648329
0.00667117
0.00589652
0.00622394
0.00497451
0.00547858
0.00363038
0.00435649
0.0017605
0.0027623
-0.00075133
0.000585232
-0.00402385
-0.00229357
-0.00816403
-0.00598892
-0.0132491
-0.0105949
-0.019308
-0.0161675
-0.0262817
-0.0226973
-0.0339957
-0.0300668
-0.0421906
-0.0380552
-0.0505194
-0.0463642
-0.058509
-0.0545833
-0.0656697
-0.0622095
-0.071517
-0.0687814
-0.0754116
-0.0737131
-0.0774306
-0.0765963
-0.076945
-0.0777187
-0.0735577
-0.0757787
-0.0696102
-0.0718404
-0.0596475
-0.0653909
-0.0512599
-0.0450778
-0.0530278
-0.0408231
-0.0349505
-0.0611382
-0.0523055
-0.0742786
-0.068228
-0.0811126
-0.0785583
-0.0839535
-0.0830534
-0.0833835
-0.0843107
-0.0790137
-0.0817327
-0.0708893
-0.0752558
-0.0607202
-0.0659753
-0.049587
-0.0552031
-0.0385026
-0.0439877
-0.0282524
-0.0332499
-0.0192973
-0.0236116
-0.0118271
-0.0153905
-0.00582843
-0.00866621
-0.00116446
-0.0033549
0.00235993
0.000715616
0.00495212
0.00375084
0.00680377
0.0059524
0.00807931
0.00749906
0.00891073
0.00853946
0.00939789
0.00918895
0.00961655
0.00953433
0.00962386
0.00964178
0.00945996
0.00955972
0.00915327
0.00932156
0.00872937
0.00895329
0.00821753
0.0084818
0.00765057
0.00793855
0.00705786
0.00735573
0.00645693
0.00675769
0.00584964
0.00615344
0.00522122
0.00553415
0.00457322
0.00491978
0.0039002
0.00423223
0.00422916
0.00393973
0.00479964
0.00451381
0.00536151
0.00508175
0.00589867
0.00563605
0.00636812
0.00614255
0.00674349
0.00656948
0.00701194
0.00689024
0.00719041
0.00711088
0.00728947
0.007251
0.00729233
0.0073047
0.00719418
0.00725522
0.00699967
0.00710859
0.00670101
0.00686321
0.00630341
0.00651325
0.00581317
0.00607097
0.00528149
0.00555307
0.00468233
0.00498799
0.00437964
-0.165914
-0.0213262
-0.0254582
-0.18123
0.0033845
0.00304219
0.00357352
-0.228976
-0.200044
-0.0447817
-0.197719
0.00329768
0.00298821
-0.0191498
-0.0287692
-0.0162471
-0.011259
-0.00586831
-0.299575
-0.215143
-0.000919558
-0.0186468
-0.00615242
-0.0665574
-0.059261
-0.366789
-0.219072
-0.0907511
-0.0787938
-0.417636
-0.220705
-0.117202
-0.0990032
-0.441699
-0.224117
-0.145247
-0.121867
-0.433559
-0.227262
-0.175354
-0.143507
-0.39913
-0.232566
-0.210331
-0.164089
-0.349129
-0.228635
-0.250836
-0.183689
-0.297073
-0.0197255
-0.0105954
0.00347302
0.00308322
0.00324193
0.00394354
0.0037344
0.00435152
0.00415767
0.0047338
0.00454272
0.00508708
0.0049141
0.0053984
0.00524789
0.00565278
0.00553332
0.00582466
0.00575002
0.00588246
0.00586858
0.00579474
0.00585713
0.00552885
0.00568432
0.00504443
0.00531436
0.00429014
0.00470152
0.00320403
0.00378911
0.00171185
0.00250935
-0.000274655
0.000780866
-0.00285281
-0.0014901
-0.00611844
-0.00440145
-0.0101534
-0.00804362
-0.0150108
-0.0124858
-0.0206969
-0.0177606
-0.0271402
-0.023839
-0.0341765
-0.0306024
-0.0415656
-0.0378468
-0.0489844
-0.045294
-0.0560156
-0.0525697
-0.0622391
-0.0592439
-0.0671911
-0.0648946
-0.070377
-0.0689987
-0.0717739
-0.0712866
-0.070719
-0.0715904
-0.0673908
-0.0692492
-0.0623139
-0.065183
-0.0523691
-0.0581323
-0.0381036
-0.0460387
-0.0290487
-0.0360156
-0.0261835
-0.0530977
-0.0449955
-0.0652621
-0.060251
-0.0728942
-0.0697644
-0.0759315
-0.0749392
-0.0762261
-0.0767049
-0.0727108
-0.0748428
-0.0661242
-0.0697099
-0.0575474
-0.0620042
-0.0479586
-0.0528156
-0.0382364
-0.0430683
-0.0290734
-0.033561
-0.0209094
-0.0248614
-0.0139549
-0.0172895
-0.00824223
-0.0109602
-0.00368692
-0.00584027
-0.000143664
-0.00180937
0.00255326
0.00129183
0.00456345
0.00362819
0.00602693
0.00535048
0.00705836
0.00658642
0.00774661
0.00743749
0.00815938
0.00798128
0.00834762
0.00827678
0.00834884
0.00836782
0.00819235
0.00828715
0.00790506
0.00806223
0.00751518
0.00772028
0.00705213
0.0072904
0.00654196
0.00680112
0.00600125
0.00627432
0.00543501
0.0057206
0.00484535
0.00514131
0.00421926
0.0045382
0.00359611
0.00391616
0.00326133
0.00295972
0.00327672
0.0039275
0.0036256
0.00449465
0.00421823
0.00502312
0.00476059
0.00552192
0.00527906
0.00595454
0.00574709
0.00629992
0.00613944
0.00654834
0.00643551
0.00671198
0.00663954
0.00679816
0.00676569
0.00679527
0.0068092
0.00670157
0.00675926
0.0065216
0.006622
0.00624757
0.00639631
0.0058802
0.00607454
0.00542463
0.00566436
0.00491478
0.00517722
0.00434548
0.00463653
0.00380408
0.00406405
0.00354042
-0.216908
-0.0323513
-0.218179
0.00269264
-0.0177242
0.00422949
-0.289913
-0.240734
-0.0106386
-0.0241549
-0.0538879
-0.0487859
-0.0146422
-0.0054386
0.00295288
0.002657
-0.364761
-0.243661
-0.0785931
-0.0692639
-0.202334
-0.429375
-0.237978
-0.10619
-0.0909727
-0.471205
-0.234658
-0.135145
-0.115154
-0.481334
-0.235292
-0.166408
-0.139613
-0.458281
-0.237028
-0.201931
-0.162822
-0.409526
-0.243545
-0.243414
-0.184894
-0.348239
-0.23833
-0.292267
-0.0164451
0.00631999
0.00237537
-0.00179615
0.00269287
0.00232565
0.00207173
0.00237489
0.0031217
0.00293849
0.00355853
0.00334843
0.00393955
0.00375404
0.00427608
0.00411148
0.00456707
0.00442713
0.00479835
0.00469008
0.00495277
0.00488551
0.00500731
0.004993
0.0049352
0.00498748
0.0047083
0.00484127
0.00429488
0.00452509
0.00365534
0.00400356
0.00274252
0.00323312
0.00150343
0.00216371
-0.000123817
0.000738373
-0.00221276
-0.0011107
-0.00484324
-0.00346126
-0.00809052
-0.00639208
-0.0120148
-0.00997218
-0.016649
-0.0142497
-0.0219819
-0.019238
-0.0279344
-0.0248942
-0.0343513
-0.0311008
-0.0410089
-0.0376677
-0.0476093
-0.0443359
-0.0537856
-0.0507679
-0.0591612
-0.0565881
-0.063313
-0.0614045
-0.0658677
-0.0647839
-0.0666467
-0.0664854
-0.0651603
-0.0661738
-0.0616822
-0.0636168
-0.0552693
-0.0590399
-0.0460474
-0.0512619
-0.0320971
-0.0396107
-0.0237408
-0.00676435
-0.00173773
0.0139207
0.010174
-0.0117792
0.00872507
-0.00142106
-0.0306605
-0.0216165
-0.0460538
-0.0387516
-0.0578706
-0.0524784
-0.0654861
-0.0621573
-0.0691516
-0.067718
-0.0697964
-0.0698665
-0.0671794
-0.0688216
-0.0618714
-0.0647956
-0.0546587
-0.0584301
-0.0464124
-0.0506076
-0.0378932
-0.0421452
-0.0297136
-0.0337368
-0.0222877
-0.0258986
-0.0158356
-0.0189444
-0.0104214
-0.0130111
-0.00600173
-0.00810339
-0.00247241
-0.00414285
0.000296538
-0.00100893
0.0024358
0.0014309
0.00406253
0.00330162
0.00527455
0.00471106
0.00614915
0.00574672
0.00674507
0.00647619
0.00710622
0.00695035
0.00726648
0.00720756
0.00725501
0.00727885
0.00709938
0.00719226
0.00682667
0.00697499
0.00646315
0.00665387
0.0060319
0.00625404
0.00554958
0.00579564
0.00502582
0.0052917
0.00446638
0.00475014
0.00387857
0.0041724
0.00327455
0.00358885
0.00265676
0.00296208
0.00297733
0.00263939
0.00361896
0.00331481
0.00417689
0.00390449
0.00468506
0.00443518
0.00515073
0.00492506
0.00555039
0.00535912
0.00586893
0.00572066
0.0060991
0.00599441
0.00624959
0.00618335
0.00632549
0.00629761
0.00631917
0.00633364
0.00623018
0.00628485
0.0060628
0.00615607
0.0058091
0.00594672
0.00546784
0.00564857
0.00504501
0.0052672
0.00456593
0.00481299
0.00403515
0.00430421
0.00351319
0.00377032
0.00324628
-0.269164
-0.0391085
-0.0255552
-0.0373499
0.0161764
0.0187227
0.0173933
0.00235524
-0.349353
-0.280423
-0.0318083
-0.0645281
-0.0584953
-0.224974
0.00208566
0.00181599
-0.0108274
-0.00250144
-0.425042
-0.270737
-0.0931594
-0.0235868
-0.00737705
-0.0812719
-0.206261
-0.0130548
-0.482821
-0.256863
-0.123666
-0.106414
-0.512398
-0.249388
-0.156015
-0.133741
-0.50782
-0.248277
-0.192024
-0.159836
-0.470386
-0.251092
-0.233336
-0.184893
-0.409176
-0.256205
-0.282777
-0.342343
0.0127743
0.00234362
0.00183313
0.00208275
0.00278102
0.00257631
0.00317757
0.00297934
0.00353108
0.00336058
0.00382624
0.00368514
0.00405799
0.00394968
0.00421301
0.004145
0.00427264
0.00425483
0.00421574
0.00425884
0.00401933
0.004135
0.00365825
0.00385934
0.00310201
0.00340456
0.00231265
0.00273637
0.00124801
0.00181428
-0.000135628
0.000595421
-0.0018879
-0.000966202
-0.00406831
-0.00292525
-0.00674037
-0.00534437
-0.00996079
-0.00828476
-0.013771
-0.0117965
-0.0181874
-0.0159098
-0.023185
-0.0206227
-0.0286811
-0.0258828
-0.0345286
-0.031575
-0.0405197
-0.0375218
-0.0463819
-0.0434835
-0.0517916
-0.0491581
-0.0564059
-0.0542115
-0.0598506
-0.0582838
-0.0618213
-0.0610179
-0.062056
-0.062162
-0.0602433
-0.0613836
-0.0564365
-0.0585897
-0.0497832
-0.0534645
-0.0406211
-0.0454362
-0.0272284
-0.0343434
-0.0191808
0.00493311
0.00842608
0.0244974
0.0215787
0.0270649
0.0117001
0.0215181
-0.00781694
0.00191131
-0.025475
-0.0170338
-0.0400608
-0.0329695
-0.0513565
-0.0461253
-0.0589554
-0.0555776
-0.0630364
-0.0613712
-0.0641078
-0.0639017
-0.0623124
-0.0635182
-0.0580717
-0.0604389
-0.0520385
-0.0552153
-0.0449639
-0.04858
-0.0375106
-0.0412466
-0.0302219
-0.0338221
-0.0234828
-0.026774
-0.0175149
-0.0204038
-0.0124042
-0.014861
-0.0081391
-0.0101785
-0.00464893
-0.00631114
-0.00183421
-0.0031707
0.000409892
-0.000652883
0.00217926
0.00134373
0.00355541
0.00290813
0.00460372
0.00411389
0.00537339
0.00501809
0.00590056
0.00566287
0.00621455
0.00608026
0.00634335
0.00629857
0.00631455
0.00634556
0.00615409
0.00624806
0.00588549
0.00603088
0.00552964
0.00571634
0.00510397
0.00532369
0.00462209
0.00486849
0.00409438
0.00436287
0.0035347
0.00381689
0.00295328
0.00324039
0.00233969
0.00264253
0.00207604
0.00176537
0.00204687
0.00269573
0.00237008
0.00331821
0.00302014
0.00386155
0.00359803
0.00434914
0.00411088
0.00478552
0.00457491
0.00515611
0.00497915
0.00545055
0.00531335
0.00566393
0.00556677
0.0058025
0.00574179
0.00587002
0.00584572
0.00586171
0.00587615
0.00577802
0.00582904
0.00562137
0.00570854
0.00538538
0.00551323
0.00506841
0.00523627
0.00467678
0.00488221
0.00423074
0.00446077
0.00373685
0.00398768
0.00322712
0.00348406
0.00266515
0.00295573
0.00236958
-0.319902
-0.0485633
-0.0336688
-0.0465392
-0.248083
0.00157572
0.016556
0.030137
0.0320271
0.00616029
-0.403861
-0.317118
-0.0410423
-0.0776165
-0.069631
0.00189819
0.0016134
0.00180939
0.00150515
-0.230941
-0.00791865
0.000137187
3.73057e-05
-0.475747
-0.295589
-0.0318705
-0.109851
0.00894359
-0.0956842
-0.0198065
-0.523439
-0.27554
-0.14356
0.0281812
-0.124752
-0.53884
-0.264622
-0.180111
-0.15455
-0.20865
-0.519805
-0.264535
-0.221111
-0.182999
-0.470139
-0.267569
-0.269941
-0.399512
-0.269533
-0.330041
0.0171535
0.00152835
0.00134069
0.00199494
0.00175059
0.00243478
0.00221815
0.00280966
0.00262701
0.00313183
0.0029775
0.00338612
0.00326707
0.00356175
0.00348341
0.0036441
0.00361449
0.00361424
0.0036432
0.00345153
0.00354924
0.00313587
0.00331251
0.00264461
0.00291193
0.0019488
0.0023221
0.001013
0.00151046
-0.000199013
0.000440546
-0.00172134
-0.000922627
-0.0035915
-0.00261402
-0.00585544
-0.00467543
-0.00856129
-0.0071551
-0.0117489
-0.0100979
-0.0154435
-0.0135371
-0.0196475
-0.0174879
-0.0243264
-0.0219361
-0.0293959
-0.0268231
-0.0347173
-0.0320375
-0.0400981
-0.0374139
-0.0452912
-0.0427322
-0.0500091
-0.0477222
-0.0539402
-0.0520843
-0.0567572
-0.0554943
-0.0581882
-0.0576466
-0.0579554
-0.0582815
-0.0558416
-0.0571166
-0.051706
-0.0540393
-0.0449706
-0.0486301
-0.0358919
-0.0407148
-0.0231961
-0.0299685
-0.0158347
0.0220618
0.0255458
0.0242519
0.0171707
0.0195126
0.0354203
0.0336381
0.0367724
0.0138011
0.0234719
-0.00437173
0.00469984
-0.0208951
-0.0131397
-0.034936
-0.0282868
-0.0457027
-0.0406707
-0.0532513
-0.0498529
-0.0576088
-0.0557799
-0.0591073
-0.0586626
-0.0580157
-0.058843
-0.0546835
-0.0565762
-0.0496738
-0.052333
-0.0436263
-0.0467335
-0.0371207
-0.0403958
-0.0306397
-0.0338543
-0.0245379
-0.0275306
-0.0190332
-0.0217098
-0.0142256
-0.0165479
-0.0101275
-0.0120974
-0.00669533
-0.00833948
-0.00385546
-0.00521268
-0.00152599
-0.00263719
0.000369276
-0.0005329
0.00189607
0.00117134
0.00310774
0.00253533
0.0040435
0.00360532
0.00473115
0.0044142
0.00519459
0.00498698
0.00545957
0.00534823
0.00555307
0.00552451
0.00549986
0.00554201
0.00532142
0.00542379
0.00503725
0.0051902
0.00466621
0.00486042
0.00422496
0.00445236
0.00372839
0.00398199
0.00319076
0.00346324
0.00260961
0.00290511
0.00201965
0.00232447
0.00145329
0.00173008
0.00245865
0.00216448
0.00304093
0.00275673
0.00355689
0.00330658
0.00401941
0.00379409
0.00442793
0.00423128
0.00477216
0.00460811
0.00504476
0.00491767
0.00524261
0.00515247
0.00537027
0.00531457
0.00543075
0.00540933
0.00542144
0.00543546
0.00534291
0.00539065
0.00519629
0.00527783
0.00497671
0.00509549
0.00468288
0.00483843
0.00432043
0.00451035
0.00390541
0.0041195
0.00344091
0.00367835
0.00294613
0.00319652
0.00239625
0.0026797
0.00210833
0.0260132
0.016079
-0.366296
-0.059531
-0.0425652
-0.0564396
0.0012767
0.00119015
-0.257226
-0.00560188
0.00221146
0.0453355
0.0447369
0.034242
0.0348925
0.0134339
-0.449634
-0.349051
-0.0522407
-0.0930569
0.00378223
-0.0828284
-0.00602872
-0.51431
-0.317781
-0.043005
-0.128677
0.0255799
-0.113204
-0.0277813
-0.548499
-0.293147
-0.166459
-0.14625
-0.235502
-0.548781
-0.28226
-0.207735
-0.178951
-0.209771
-0.516948
-0.283001
-0.255427
-0.457078
-0.285059
-0.313405
-0.382894
0.00102479
0.00103215
0.000885873
0.00121396
0.00107478
0.00165499
0.00142214
0.00209215
0.00187729
0.00245294
0.00227984
0.00274477
0.00260661
0.00295854
0.00286105
0.00308061
0.00303075
0.00309439
0.00310088
0.00297991
0.00305304
0.00271677
0.00286643
0.00228635
0.00252185
0.00166781
0.00200007
0.000833991
0.00127733
-0.000246824
0.000323576
-0.00160407
-0.00089244
-0.00326185
-0.00239725
-0.00524567
-0.00421466
-0.00758816
-0.0063738
-0.0103227
-0.00890889
-0.0134737
-0.0118495
-0.0170523
-0.0152139
-0.0210497
-0.0190044
-0.0254247
-0.0231977
-0.0300934
-0.0277318
-0.0349262
-0.0325001
-0.039746
-0.0373495
-0.0443299
-0.0420793
-0.0484212
-0.0464478
-0.0517389
-0.050186
-0.0539965
-0.0530049
-0.0549401
-0.0546342
-0.0543104
-0.0548203
-0.0519173
-0.0533246
-0.047531
-0.0499777
-0.040917
-0.0444643
-0.0317794
-0.0366717
-0.0199838
-0.0261811
-0.0131118
0.0320592
0.03317
0.0287024
0.0304703
0.0464576
0.0459229
0.0467295
0.046685
0.0462436
0.0157374
0.0252885
-0.00156906
0.00694962
-0.0172795
-0.00966108
-0.0304883
-0.024191
-0.0408377
-0.0359896
-0.0482823
-0.0448963
-0.0528279
-0.0508762
-0.0547124
-0.0540549
-0.0542197
-0.0547225
-0.0516713
-0.0531544
-0.0475523
-0.0497596
-0.0424087
-0.0450669
-0.0367484
-0.039611
-0.0310006
-0.0338637
-0.0254899
-0.0282041
-0.020426
-0.0228992
-0.0159172
-0.0181055
-0.0119936
-0.0138894
-0.00863309
-0.010252
-0.00578387
-0.00715392
-0.00338423
-0.00453647
-0.00137612
-0.00233874
0.000290899
-0.000506409
0.00165799
0.00100666
0.0027541
0.00223565
0.00359818
0.00320381
0.00420805
0.00392855
0.00460609
0.00442979
0.00481779
0.00473181
0.00486686
0.00485973
0.00477347
0.00483531
0.00455695
0.00467801
0.00423757
0.0044077
0.003836
0.004045
0.00336841
0.00360873
0.00284761
0.00311354
0.00228597
0.00256948
0.00169587
0.00199649
0.00113327
0.00141549
0.000948035
0.000611842
0.000862869
0.00113172
0.00171632
0.00144323
0.00224849
0.0019796
0.00278218
0.00251998
0.0032649
0.00303
0.00369861
0.00348767
0.00407931
0.00389627
0.00439867
0.00424667
0.00465104
0.00453333
0.00483439
0.00475084
0.004952
0.00490087
0.0050065
0.00498743
0.00499678
0.00501018
0.00492333
0.00496793
0.00478644
0.00486255
0.00458249
0.00469266
0.00431052
0.00445446
0.00397485
0.00415071
0.00358734
0.00378751
0.00314868
0.00337391
0.00267252
0.00291455
0.00214684
0.00241637
0.00156911
0.00186333
0.00126536
-0.282825
0.000713134
0.00831522
0.000741878
0.0101256
0.000562296
0.0439355
-0.0356572
0.016878
0.0181596
-0.0102559
0.0258807
0.026508
0.0258678
-0.405554
-0.0732962
-0.0031002
-0.0541118
-0.0689033
0.00704417
-0.484513
-0.374897
-0.0663454
-0.110761
0.0223936
-0.0992773
0.0585087
0.0590633
0.000721655
0.000390717
-0.0124632
-0.537329
-0.336854
-0.0594931
-0.150235
0.0428205
-0.134146
-0.264695
-0.0381844
-0.556839
-0.310244
-0.192701
-0.1714
-0.209135
-0.543136
-0.300034
-0.014631
-0.0432584
-0.239316
-0.238171
-0.500548
-0.302162
-0.294381
-0.435028
-0.304163
-0.361156
0.000366834
0.000513825
0.000141855
0.000290727
0.0009404
0.000751325
0.0013419
0.00113482
0.0017608
0.00155612
0.00210753
0.00194319
0.00237208
0.00224937
0.00254651
0.00247014
0.00261724
0.00259459
0.00256619
0.00260676
0.00237225
0.00248682
0.00201412
0.00221306
0.00147304
0.00176555
0.000728831
0.00112546
-0.000243257
0.000270312
-0.00146978
-0.000826161
-0.00297239
-0.00218877
-0.00476502
-0.00383499
-0.00686128
-0.00577753
-0.00928037
-0.00803282
-0.0120412
-0.010621
-0.0151539
-0.0135573
-0.0186171
-0.016846
-0.0224133
-0.0204791
-0.0264972
-0.0244263
-0.0307874
-0.0286248
-0.0351638
-0.0329742
-0.0394652
-0.037334
-0.0434917
-0.0415228
-0.0470137
-0.0453248
-0.0497802
-0.0484987
-0.0515381
-0.0507889
-0.0520507
-0.0519513
-0.0510867
-0.0517502
-0.048458
-0.0499751
-0.0439377
-0.0464287
-0.0374007
-0.0409032
-0.0283972
-0.0332235
-0.0172391
-0.0231803
-0.00379338
-0.0107157
0.011325
0.00359654
0.0270081
0.019261
0.0348282
0.04345
0.0431245
0.0433642
0.042129
0.0425314
0.0398115
0.0413818
0.057565
0.0580267
0.0569545
0.0572514
0.0575944
0.0567415
0.0579487
0.0355542
0.0511491
0.0440376
0.0167615
0.0256556
0.000534321
0.00858795
-0.0141394
-0.00698616
-0.026688
-0.0206938
-0.0366511
-0.0319709
-0.0439606
-0.0406098
-0.048634
-0.0465907
-0.05085
-0.0500068
-0.0508718
-0.0510956
-0.0490033
-0.0501308
-0.0456621
-0.0474738
-0.0413171
-0.0435775
-0.0364136
-0.0389057
-0.031333
-0.0338749
-0.0263703
-0.0288252
-0.0217249
-0.0240038
-0.0175081
-0.0195645
-0.0137625
-0.0155816
-0.0104831
-0.0120717
-0.00763616
-0.00901327
-0.00517766
-0.00636554
-0.00306626
-0.00408491
-0.00126633
-0.00213291
0.000250822
-0.000477042
0.00150352
0.000906423
0.00250172
0.0020309
0.00325645
0.00290574
0.00378562
0.00354537
0.00411199
0.00397051
0.00425828
0.00420446
0.00424451
0.00426848
0.00409112
0.00418239
0.00382129
0.00396789
0.00345727
0.0036487
0.00301678
0.00324472
0.00251306
0.00277135
0.00196054
0.00224154
0.00137894
0.00167091
0.000796144
0.00108649
0.000264414
0.000538347
0.000981954
0.00153991
0.00127439
0.00204599
0.00179172
0.00253683
0.00229547
0.00298499
0.00276637
0.00338833
0.00319236
0.00374111
0.00357158
0.00403642
0.00389596
0.00426959
0.00416078
0.00443913
0.00436187
0.00454734
0.00450044
0.00459659
0.00457952
0.00458685
0.00459949
0.00451847
0.00455996
0.00439117
0.00446194
0.00420222
0.00430419
0.00395077
0.00408386
0.0036398
0.00380277
0.00327756
0.00346497
0.0028643
0.003077
0.00240986
0.00264151
0.00190784
0.00216572
0.00134396
0.00163318
0.00104412
0.0341947
0.0189763
-0.435436
-0.0896722
0.000610486
0.0149814
0.0186208
-0.0672935
-0.0835704
0.0598283
3.92198e-05
0.00255527
-0.505292
-0.394052
-0.0842577
-0.130913
0.0415222
-0.118667
-0.294692
-0.0208334
0.0431807
-0.545031
-0.351817
-0.175087
0.00867013
-0.159175
0.0511629
0.0429782
0.0506394
-0.0500772
-0.206193
-0.549646
-0.326282
-0.0781494
-0.0302147
-0.222263
-0.270279
-0.238938
-0.52332
-0.31887
-0.274763
-0.473779
-0.322346
-0.336505
-0.407085
0.0563338
-0.000126656
0.000194613
-7.63163e-06
0.000635795
0.000414204
0.00104758
0.000845307
0.00144535
0.00124967
0.00177735
0.0016216
0.00201658
0.00190818
0.00215328
0.00209723
0.00217471
0.00217804
0.00206246
0.00213505
0.00179431
0.00194748
0.00134702
0.00159237
0.000698991
0.00104694
-0.000170577
0.000290502
-0.00128291
-0.000698032
-0.002658
-0.00193986
-0.00430847
-0.0034518
-0.00623814
-0.00524176
-0.00844886
-0.00731161
-0.0109457
-0.00966474
-0.0137332
-0.0123068
-0.0168076
-0.0152386
-0.0201571
-0.0184525
-0.0237573
-0.0219312
-0.0275609
-0.0256401
-0.031491
-0.0295175
-0.0354381
-0.0334706
-0.0392573
-0.0373723
-0.0427706
-0.0410606
-0.0457732
-0.0443432
-0.0480417
-0.0470049
-0.0493512
-0.0488192
-0.0494836
-0.0495649
-0.0482322
-0.0490274
-0.0454111
-0.0470134
-0.0408261
-0.0433295
-0.0343373
-0.0378145
-0.0256459
-0.030242
-0.0150096
-0.0204801
-0.0022819
-0.00881029
0.0123416
0.00478907
0.0277313
0.0200943
0.0352476
0.0517196
0.0515842
0.0518757
0.0518389
0.0521891
0.0520249
0.0510795
0.052255
0.0576668
0.0529162
0.0712631
0.0754242
0.0731677
0.0685621
0.0697755
0.0667934
0.0675437
0.0664092
0.0665322
0.0513528
0.0633
0.0653979
0.0353777
0.0438022
0.0177048
0.0264101
0.00234089
0.00993768
-0.0114874
-0.00472536
-0.0234612
-0.0177307
-0.0330553
-0.0285357
-0.0402142
-0.0369112
-0.0449692
-0.0428595
-0.0474622
-0.0464604
-0.0479282
-0.0479107
-0.0466507
-0.0474685
-0.0439914
-0.0454553
-0.0403553
-0.0422615
-0.0361322
-0.0382901
-0.0316605
-0.0339082
-0.0272068
-0.0294198
-0.0229579
-0.025052
-0.0190248
-0.0209523
-0.015458
-0.0171994
-0.0122656
-0.0138207
-0.00942886
-0.0108092
-0.00691929
-0.00813928
-0.00471077
-0.00578283
-0.00278202
-0.00371626
-0.0011175
-0.00192088
0.000290161
-0.000385042
0.00144198
0.000894685
0.0023417
0.00191961
0.00300122
0.00269747
0.00343941
0.00324405
0.00367759
0.00357989
0.00373757
0.00372651
0.0036425
0.00370616
0.00341893
0.00354356
0.00309119
0.00326567
0.00267652
0.00289265
0.00218868
0.00244002
0.00164142
0.00192094
0.00105446
0.00135118
0.000460557
0.000753468
-9.06135e-05
0.000189735
-0.000171088
-0.00055331
-0.000342257
0.00080949
0.00135789
0.00109872
0.00183955
0.00160073
0.0022986
0.00207415
0.00271456
0.00251167
0.00308782
0.00290668
0.00341311
0.00325684
0.00368498
0.00355572
0.00389962
0.00379939
0.00405583
0.00398464
0.00415517
0.0041122
0.00419977
0.0041844
0.00419028
0.00420208
0.0041269
0.00416532
0.00400904
0.00407456
0.0038345
0.00392863
0.00360245
0.00372529
0.00331479
0.00346559
0.00297714
0.00315206
0.00258976
0.00278946
0.00215847
0.00237914
0.00167742
0.00192493
0.00113605
0.00141423
0.000520198
0.000836897
0.000185399
0.0176043
-0.453977
-0.109011
0.000471748
0.0379122
0.0400792
-0.0832599
-0.101061
-0.32186
-0.00312397
-0.51276
-0.405648
-0.104648
-0.153705
0.0339643
-0.142379
0.0589202
0.0577955
0.0422351
0.0485041
0.052443
0.0615585
-0.0311884
-0.200337
-0.538118
-0.363268
-0.0629206
-0.0952257
-0.203198
-0.304496
-0.000960714
-0.00113761
-0.00158959
0.060646
-0.000535877
0.0780796
-0.0642943
0.0518004
0.0521374
0.0642228
-0.237424
-0.528523
-0.341487
-0.255354
-0.273296
-0.492938
-0.337632
-0.312302
-0.440233
-0.340244
-0.376929
-0.000134026
-0.000334262
0.000320119
9.31591e-05
0.000755588
0.000545513
0.00114837
0.000959027
0.00146637
0.00131858
0.00168192
0.00158678
0.00178256
0.0017459
0.00175665
0.00178478
0.00158659
0.00168926
0.00124977
0.00143836
0.000719235
0.00100817
-3.22212e-05
0.000369633
-0.00102727
-0.000501475
-0.00228351
-0.00162534
-0.00381222
-0.00301725
-0.00561562
-0.00468367
-0.00768743
-0.00662244
-0.0100179
-0.00882494
-0.0125972
-0.011281
-0.0154143
-0.0139808
-0.0184528
-0.0169108
-0.0216912
-0.0200521
-0.0251
-0.0233799
-0.0286321
-0.0268568
-0.032217
-0.0304247
-0.0357571
-0.034
-0.0391245
-0.0374699
-0.0421622
-0.0406917
-0.0446886
-0.0434955
-0.0465062
-0.0456904
-0.047414
-0.0470758
-0.0472134
-0.0474516
-0.0457175
-0.0466238
-0.0427493
-0.0444121
-0.0381426
-0.0406412
-0.031741
-0.0351607
-0.0233899
-0.0277815
-0.0131427
-0.0184773
-0.000955472
-0.00731857
0.0129337
0.00576501
0.0278044
0.0203596
0.0353686
0.0596385
0.059416
0.0605434
0.0600372
0.0620689
0.0611774
0.0646497
0.0628406
0.0702842
0.067768
0.083671
0.0904089
0.0867253
0.0789944
0.0811934
0.0760702
0.0773288
0.0743018
0.0751476
0.071756
0.0729724
0.0355993
0.043909
0.0188131
0.0270941
0.00381701
0.0111816
-0.00932472
-0.00290542
-0.0207527
-0.0152729
-0.029989
-0.0256261
-0.0369845
-0.0337391
-0.0417822
-0.0396276
-0.0445018
-0.0433668
-0.0453506
-0.0451243
-0.044588
-0.0451351
-0.0425294
-0.043686
-0.0395255
-0.0411149
-0.0359172
-0.0377724
-0.0320033
-0.0339808
-0.0280235
-0.0300108
-0.0241503
-0.0260688
-0.0204914
-0.0222941
-0.0171019
-0.0187662
-0.0139995
-0.0155199
-0.0111777
-0.0125593
-0.0086215
-0.00987197
-0.00631867
-0.00744343
-0.00426193
-0.00526402
-0.00244988
-0.00332926
-0.000886683
-0.00164066
0.000420039
-0.000204723
0.00146662
0.000972028
0.0022567
0.00188944
0.00280405
0.00255632
0.00312872
0.00298997
0.00325599
0.00321294
0.00321438
0.00325256
0.00303434
0.00313815
0.00274114
0.00289934
0.00235104
0.00255597
0.00187666
0.0021225
0.00133068
0.00161077
0.000732727
0.00103612
0.000119334
0.00042476
-0.000474734
-0.000180668
-0.000747293
0.000609448
0.00117138
0.000907591
0.00163699
0.00140866
0.0020667
0.00185715
0.00245302
0.00226493
0.00279722
0.00263044
0.00309574
0.0029524
0.00334477
0.0032264
0.00354135
0.00344951
0.00368455
0.00361927
0.00377534
0.00373613
0.00381567
0.00380182
0.00380658
0.00381751
0.00374818
0.00378354
0.00363964
0.00369997
0.00347911
0.00356565
0.00326576
0.00337871
0.00300072
0.00313969
0.00268769
0.00285004
0.00232659
0.00251305
0.00191947
0.0021286
0.00146007
0.00169674
0.000940434
0.00120854
0.000339326
0.000650114
-0.000365298
2.44621e-06
-0.000750903
0.015341
-0.463602
-0.129216
-0.092475
0.000257043
-0.0043037
-0.0232146
0.0614567
0.0622437
0.0948535
-0.000197862
0.0267779
-0.00053709
0.0809867
-0.123497
-0.10352
-0.127979
-0.00103831
0.0422686
0.0553449
0.0999359
0.070819
-0.00140788
-0.0105505
0.0343436
-0.189032
-0.507697
-0.410604
-0.123085
-0.18041
0.0840396
0.0625399
-0.336783
-0.00136481
-0.00181124
-0.0425717
0.0723196
0.0529882
-0.232053
-0.518497
-0.371577
-0.121257
-0.234882
-0.0822854
-0.272947
-0.497211
-0.354998
-0.289355
-0.151337
-0.13001
-0.31095
-0.000251121
-0.000511797
0.0887977
0.0946061
-0.455738
-0.35439
-0.346886
0.0154565
-0.0495914
-0.404025
-0.000478512
-0.000719935
2.80672e-06
-0.000227445
0.000470174
0.000243855
0.000869398
0.000680047
0.00117828
0.0010363
0.00137257
0.00128941
0.00143904
0.00142075
0.00136761
0.00141944
0.00114304
0.00127378
0.000742506
0.000964003
0.000134325
0.000463708
-0.000716156
-0.000262503
-0.00183653
-0.00124587
-0.00324138
-0.00250774
-0.00493049
-0.00405574
-0.00689389
-0.00588397
-0.00911522
-0.00797879
-0.0115739
-0.010322
-0.0142436
-0.0128896
-0.0170965
-0.0156543
-0.0201036
-0.0185878
-0.023235
-0.0216606
-0.0264571
-0.0248415
-0.029725
-0.0280922
-0.0329767
-0.0313599
-0.0361279
-0.034572
-0.0390685
-0.0376314
-0.0416619
-0.0404148
-0.0437495
-0.042774
-0.0451571
-0.0445414
-0.0457048
-0.0455393
-0.0452139
-0.0455875
-0.0435134
-0.0445105
-0.0404401
-0.0421418
-0.0358453
-0.0383238
-0.0295777
-0.0329114
-0.0215355
-0.0257596
-0.011703
-0.0168166
-5.07833e-05
-0.00609277
0.0133094
0.00645641
0.0274964
0.0205365
0.0347185
0.0663003
0.0637406
0.0654203
0.0673332
0.0668338
0.0688931
0.0679709
0.0715558
0.0700735
0.0762636
0.0734867
0.083591
0.0797145
0.0873061
0.104292
0.117082
0.110184
0.0952875
0.0993474
0.0889443
0.091857
0.0847937
0.0866182
0.0820773
0.0833148
0.0798936
0.0809118
0.0697766
0.0783654
0.0791244
0.0521828
0.061091
0.035203
0.0434906
0.0192867
0.0271707
0.00487924
0.0119642
-0.00765799
-0.00154889
-0.0185329
-0.0133085
-0.0274086
-0.0232044
-0.034224
-0.0310466
-0.0390284
-0.0368481
-0.0419285
-0.0406838
-0.0431056
-0.0426986
-0.0427929
-0.0431023
-0.0412664
-0.0421498
-0.0388297
-0.0401341
-0.0357797
-0.0373593
-0.032379
-0.0341075
-0.0288415
-0.030618
-0.0253243
-0.0270766
-0.0219295
-0.0236124
-0.0187139
-0.0203032
-0.0157015
-0.0171882
-0.0128962
-0.0142796
-0.0102946
-0.0115763
-0.00789681
-0.00907598
-0.00570962
-0.00678201
-0.00374693
-0.00470482
-0.00202541
-0.00286038
-0.000560503
-0.00126507
0.000635908
6.68858e-05
0.00155714
0.00112599
0.00221038
0.00191196
0.00261572
0.00243861
0.00280401
0.00273185
0.0028112
0.0028257
0.00267254
0.00275636
0.00241181
0.00255452
0.00204454
0.00223919
0.00158069
0.00182269
0.00103134
0.00131468
0.000415764
0.00072954
-0.000233666
9.31761e-05
-0.000870978
-0.000557327
-0.00116907
0.00042089
8.447e-05
0.000987481
0.000722284
0.00143832
0.00121938
0.00184122
0.00164563
0.00219892
0.00202514
0.00251493
0.00236206
0.00278752
0.00265669
0.00301435
0.00290653
0.00319332
0.00310965
0.00332382
0.00326424
0.00340635
0.00337071
0.00344274
0.00343025
0.00343414
0.00344417
0.00338063
0.00341296
0.00328126
0.00333645
0.00313447
0.00321353
0.00293943
0.00304266
0.00269672
0.00282398
0.00240845
0.0025581
0.00207382
0.00224689
0.00169222
0.00188888
0.00125646
0.00148148
0.000758052
0.00101582
0.000175068
0.000478553
-0.000531885
-0.000162071
-0.000933756
0.0117616
-0.171655
-0.462739
-0.152399
0.124775
0.105472
0.0606344
0.0620194
-0.357627
-0.00190299
-0.00227002
-0.018506
0.0315981
-0.222668
-0.491969
-0.41011
-0.148137
-0.2107
0.0688297
0.0776175
-0.058011
0.0825226
0.0538374
-0.268459
-0.489902
-0.37723
-0.153852
-0.267433
-0.186911
-0.163569
-0.105997
-0.346992
-0.000819336
-0.000836098
0.110037
-0.0012091
0.103512
0.123358
-0.00121615
0.131401
0.132427
0.0968635
-0.312786
-0.459614
-0.366696
-0.31928
0.132246
0.14193
0.072109
0.0623623
0.0713525
0.0567814
-0.000443642
-0.0865578
-0.415856
-0.369365
-0.368855
0.154284
0.15955
0.0872671
-0.00176062
-0.00143817
-0.00168165
-0.000846855
-0.00113294
-0.000305668
-0.000565689
0.000193443
-5.04735e-05
0.000610486
0.000413526
0.000917346
0.000777416
0.00109443
0.00102089
0.00112959
0.0011278
0.00101479
0.00108859
0.00073884
0.000894673
0.000277869
0.000529385
-0.000402607
-3.74089e-05
-0.00134626
-0.000845049
-0.00259107
-0.00193667
-0.00414597
-0.00333772
-0.00600188
-0.00504701
-0.00813252
-0.00704479
-0.0105122
-0.00930474
-0.01311
-0.0117993
-0.0158815
-0.0144905
-0.0187799
-0.0173313
-0.0217637
-0.0202773
-0.0247954
-0.0232891
-0.0278376
-0.0263295
-0.0308495
-0.0293604
-0.0337793
-0.0323363
-0.0365576
-0.0351973
-0.0390927
-0.0378635
-0.0412693
-0.0402314
-0.0429506
-0.0421747
-0.0439838
-0.0435481
-0.0442088
-0.0441939
-0.0434652
-0.0439514
-0.0415974
-0.0426624
-0.0384567
-0.0401744
-0.0339058
-0.0363443
-0.027809
-0.031036
-0.0200807
-0.0241312
-0.0106749
-0.0155699
0.000465627
-0.00531021
0.0133664
0.00672094
0.0275581
0.0205142
0.0429947
0.0348727
0.052651
0.0735457
0.0729998
0.0746773
0.07399
0.0767754
0.0755528
0.0805311
0.078423
0.0868428
0.0832896
0.0956042
0.09097
0.10726
0.100596
0.129351
0.116584
0.14146
0.116793
0.123837
0.105931
0.110836
0.0981798
0.101628
0.0929468
0.095291
0.0896033
0.0910911
0.0877452
0.0884268
0.0866755
0.0872259
0.0511477
0.0600174
0.034586
0.0426611
0.0194472
0.0269069
0.00558197
0.0123721
-0.00638363
-0.000554198
-0.0167249
-0.0117436
-0.0252491
-0.021198
-0.0318765
-0.0287695
-0.0366615
-0.0344661
-0.0397036
-0.0383649
-0.0411621
-0.0405945
-0.0412445
-0.0413407
-0.0401928
-0.0408289
-0.0382682
-0.0393131
-0.0357278
-0.0370552
-0.0328012
-0.0343004
-0.029677
-0.0312586
-0.0264964
-0.028095
-0.0233544
-0.0249271
-0.0203071
-0.0218292
-0.0173821
-0.0188417
-0.0145917
-0.0159835
-0.0119426
-0.0132626
-0.00944586
-0.0106873
-0.00712299
-0.00827342
-0.00500435
-0.00604802
-0.00311979
-0.00404169
-0.00149199
-0.00228198
-0.000142418
-0.000789423
0.000909226
0.000412907
0.00166412
0.00131587
0.00214326
0.00192981
0.00238709
0.00228719
0.00243976
0.00243153
0.00233971
0.00240426
0.00210963
0.00223714
0.00176279
0.001948
0.0013059
0.00154556
0.000748051
0.001037
0.000106777
0.000434931
-0.00058674
-0.000236681
-0.00127542
-0.000939764
-0.001605
-0.00176457
-0.000826105
-0.00124856
-0.000219134
-0.000493769
0.000314018
4.3233e-05
0.000823421
0.000579999
0.00125098
0.00104433
0.00162552
0.00144437
0.00195418
0.00179484
0.00224218
0.00210305
0.00248927
0.00237072
0.0026943
0.00259682
0.00285595
0.00278033
0.00297388
0.00291988
0.0030483
0.0030161
0.00308096
0.0030697
0.00307297
0.00308204
0.00302437
0.00305363
0.00293419
0.00298419
0.00280105
0.00287267
0.00262415
0.00271772
0.00240359
0.0025192
0.00214028
0.00227709
0.00183262
0.00199197
0.00147833
0.00166136
0.00106921
0.00128107
0.000594511
0.000840779
3.11143e-05
0.000325738
-0.000665669
-0.00029825
-0.00154546
-0.00108029
-0.00255969
-0.00203086
0.00710047
-0.206999
-0.453308
-0.180986
0.133866
0.111999
0.0862525
-0.0301638
0.0269971
-0.26043
-0.468705
-0.405475
-0.18216
-0.243541
-0.136494
-0.370884
0.15198
0.175817
0.1865
-0.0788246
0.0591292
-0.30975
-0.455562
-0.380764
-0.295222
0.145289
0.156236
0.153342
0.080061
0.0800015
0.0607796
0.0705367
-0.00267372
-0.0031015
-0.0032459
0.115396
0.0499539
-0.0249323
-0.351642
-0.419732
-0.376166
-0.337331
-0.00181426
-0.00237704
-0.377046
-0.230535
0.0906293
-0.208184
0.0945963
-0.00224847
-0.00183812
-0.00205582
-0.00122678
-0.00152788
-0.000608833
-0.00090483
-6.47982e-05
-0.000327992
0.000378125
0.00016706
0.000691058
0.000545463
0.000856951
0.000785674
0.000865289
0.000872906
0.000710208
0.000799078
0.00038443
0.00055849
-0.000132141
0.00013907
-0.000878597
-0.00048964
-0.00190727
-0.001374
-0.00326659
-0.00256791
-0.00497011
-0.00410666
-0.00699769
-0.00598216
-0.00930356
-0.00815797
-0.0118509
-0.0105959
-0.0146008
-0.0132568
-0.017488
-0.0160885
-0.0204464
-0.0190216
-0.0234205
-0.0219949
-0.026365
-0.0249576
-0.0292398
-0.027867
-0.0320083
-0.0306857
-0.0346307
-0.0333769
-0.0370535
-0.0358954
-0.0392044
-0.0381795
-0.0409898
-0.0401472
-0.0422944
-0.0416946
-0.0429845
-0.0426969
-0.0429195
-0.0430162
-0.0419571
-0.0425116
-0.0399561
-0.0410413
-0.0367814
-0.0384668
-0.0323062
-0.0346583
-0.0264119
-0.0294917
-0.0190172
-0.0228647
-0.0100641
-0.0147123
0.000522738
-0.00497162
0.0128252
0.0064485
0.0266423
0.019595
0.0426238
0.0343054
0.0515123
0.080513
0.0803004
0.0815659
0.0808371
0.0841888
0.0826612
0.0888995
0.086252
0.0963789
0.0922877
0.107045
0.101304
0.122192
0.113804
0.145452
0.132873
0.159383
0.127941
0.135877
0.115461
0.121205
0.106548
0.110601
0.100518
0.103232
0.0967326
0.0983863
0.0949372
0.095603
0.0944677
0.0945955
0.0858903
0.0949268
0.094611
0.0675378
0.0767461
0.0498739
0.05855
0.0337253
0.0415378
0.0191668
0.0262604
0.00594463
0.0123944
-0.00551678
4.5662e-05
-0.0153393
-0.0105913
-0.0235002
-0.0195868
-0.0299251
-0.0268687
-0.0346644
-0.032437
-0.037812
-0.0363669
-0.0395077
-0.0387736
-0.0399345
-0.0398192
-0.039304
-0.0397019
-0.0378405
-0.0386411
-0.0357635
-0.0368594
-0.0332718
-0.0345668
-0.03053
-0.0319452
-0.0276634
-0.0291391
-0.0247591
-0.026254
-0.0218702
-0.0233587
-0.0190262
-0.0204934
-0.0162464
-0.017681
-0.0135457
-0.014938
-0.0109447
-0.0122812
-0.0084805
-0.00973922
-0.00620182
-0.00735759
-0.00414956
-0.00518109
-0.00235776
-0.00325105
-0.00085352
-0.00159233
0.000323628
-0.000246672
0.00117308
0.000769345
0.00171963
0.00146584
0.00201371
0.001882
0.00210976
0.00207205
0.00204561
0.00208665
0.00184387
0.0019527
0.0015138
0.00168686
0.00105936
0.00129439
0.000487295
0.000779938
-0.000187384
0.000153677
-0.000933912
-0.000562959
-0.00169692
-0.00133116
-0.00242103
-0.00207768
-0.00279834
-0.00085909
-0.00129393
-0.000228505
-0.000517358
0.000249137
1.96075e-05
0.000687599
0.000473457
0.0010765
0.0008875
0.0014186
0.00125324
0.00171693
0.00157242
0.00197666
0.0018512
0.00219858
0.00209202
0.00238225
0.00229478
0.002527
0.00245908
0.0026326
0.00258396
0.00269915
0.00267011
0.0027282
0.00271802
0.0027208
0.00272884
0.00267702
0.00270314
0.00259597
0.00264068
0.00247645
0.00254051
0.00231764
0.00240145
0.00211925
0.0022231
0.00188119
0.00200488
0.00160125
0.00174635
0.00127612
0.00144435
0.000896944
0.00109375
0.000450735
0.000682997
-8.61887e-05
0.000195338
-0.000755338
-0.000401294
-0.00162526
-0.00116288
-0.0021321
-0.00141077
-0.248291
-0.438473
-0.214843
-0.264473
-0.234806
-0.178576
-0.380827
-0.187665
0.203474
0.172201
-0.0473407
0.0214892
-0.303485
-0.282168
-0.441176
-0.398282
-0.219813
-0.272945
-0.105692
0.156478
0.168253
0.169227
0.0800461
0.0598433
0.0699726
0.23553
0.233072
0.26069
0.085508
0.0953442
-0.0026468
-0.00325945
-0.00369218
-0.00386078
0.0668027
0.0987116
0.104281
0.0400364
-0.35095
-0.319673
-0.419412
-0.382472
-0.311187
-0.00301201
-0.00300521
-0.00177345
-0.00228721
-0.342546
-0.38131
-0.382418
-0.37798
-0.059458
0.129372
0.119175
0.144952
-0.00280195
-0.00292209
-0.00225506
-0.0025179
-0.00158596
-0.00191005
-0.000896418
-0.00122622
-0.000299311
-0.000585398
0.00017084
-4.90173e-05
0.000494769
0.000351555
0.000654506
0.000594971
0.000640238
0.00066848
0.00044744
0.000565379
7.21184e-05
0.000282462
-0.00050138
-0.000188191
-0.00131317
-0.000873674
-0.00242569
-0.00182713
-0.00389895
-0.00311411
-0.0057596
-0.00478071
-0.00795444
-0.0068179
-0.0104502
-0.0091697
-0.013182
-0.0117875
-0.016101
-0.0146218
-0.0191215
-0.0176029
-0.0221574
-0.0206411
-0.0251366
-0.0236564
-0.0280053
-0.0265864
-0.0307205
-0.029383
-0.0332506
-0.032009
-0.0355685
-0.0344367
-0.037638
-0.0366356
-0.0394077
-0.0385626
-0.0408071
-0.0401573
-0.0417413
-0.0413373
-0.0420967
-0.0419964
-0.0417545
-0.0420181
-0.0405901
-0.0412808
-0.0384764
-0.0396577
-0.0352916
-0.0370236
-0.0309205
-0.0332601
-0.0252596
-0.0282562
-0.0182294
-0.0219196
-0.00976104
-0.0141802
0.000234366
-0.00496103
0.0118642
0.00583642
0.0253016
0.0183364
0.0412951
0.032924
0.0502547
0.0869973
0.0874424
0.0870754
0.0879858
0.0872559
0.0909925
0.0892256
0.0965139
0.0934217
0.105154
0.100435
0.117334
0.110787
0.134953
0.125308
0.158918
0.146221
0.190341
0.173379
0.21029
0.137731
0.146374
0.123946
0.130328
0.114071
0.11859
0.107373
0.110384
0.103318
0.105057
0.101581
0.102193
0.101797
0.101469
0.103571
0.102555
0.066093
0.0756845
0.0482826
0.0568756
0.0324571
0.0401242
0.0183885
0.0252291
0.00584789
0.0119536
-0.00504907
0.00020497
-0.0143491
-0.00988532
-0.0221131
-0.0184135
-0.0283091
-0.0253898
-0.032975
-0.0308096
-0.0361968
-0.0347402
-0.0380955
-0.0372841
-0.0388284
-0.0385811
-0.0385784
-0.0388024
-0.0375375
-0.0381381
-0.0358895
-0.0367764
-0.0338028
-0.0348945
-0.0314187
-0.0326479
-0.0288469
-0.0301622
-0.0261655
-0.0275308
-0.0234235
-0.0248165
-0.0206515
-0.0220576
-0.017874
-0.0192804
-0.0151126
-0.0165077
-0.012398
-0.0137635
-0.00978394
-0.0110896
-0.00733771
-0.0085495
-0.00511047
-0.00620501
-0.00315604
-0.00410529
-0.00149912
-0.00229148
-0.00020233
-0.00081098
0.000734312
0.000305356
0.00134509
0.00107341
0.001689
0.00154343
0.00182481
0.00177707
0.00179389
0.00182584
0.00161625
0.0017203
0.00129735
0.00147179
0.000838887
0.00108295
0.000245125
0.000556214
-0.00047229
-0.000100769
-0.00128911
-0.000869982
-0.00215417
-0.00171724
-0.00299858
-0.00257944
-0.00334755
-0.000901653
-0.0013109
-0.000278351
-0.000566229
0.000184399
-3.08406e-05
0.000572012
0.000383693
0.000917762
0.000749183
0.00122362
0.00107556
0.00149004
0.00136092
0.00172091
0.00160929
0.00191742
0.00182286
0.00207976
0.00200216
0.0022075
0.00214712
0.00230076
0.00225731
0.0023595
0.00233339
0.00238516
0.00237576
0.0023786
0.00238532
0.00233984
0.00236257
0.00226801
0.00230724
0.00216209
0.00221848
0.00202132
0.00209528
0.00184514
0.00193709
0.00163283
0.00174298
0.00138177
0.00151185
0.00108798
0.00124011
0.000742482
0.000922065
0.000331324
0.000545902
-0.000168248
9.4072e-05
-0.000790769
-0.000461436
-0.00159584
-0.00116583
-0.0020968
-0.0133772
-0.294898
-0.420299
-0.248726
-0.195135
-0.142345
0.181979
0.0881579
0.0802271
0.272802
0.294747
0.104773
-0.00398734
-0.069011
0.0186797
0.112113
-0.345317
-0.329581
-0.41204
-0.389811
-0.23378
-0.254727
-0.290343
-0.00370362
-0.00370307
-0.00286744
-0.00165107
-0.0021007
-0.313563
-0.384758
-0.382329
-0.379821
0.0274458
0.0765034
0.166896
0.127868
0.184337
0.158407
0.197759
0.182947
0.137901
0.151363
0.20224
0.173739
0.193082
0.216163
0.201813
0.224404
0.218898
0.250968
0.223489
0.237635
0.089139
0.248149
0.0902745
0.262077
0.275954
0.289706
0.200606
0.321697
0.309963
0.286927
-0.388363
0.0975497
0.0996673
0.14838
0.237639
0.334022
0.319122
-0.347937
0.510209
0.559123
0.510952
0.559509
-0.00338349
-0.00358424
-0.00269935
-0.00302975
-0.00191457
-0.00229289
-0.00115546
-0.00151818
-0.000506628
-0.000811135
-1.89049e-07
-0.000232143
0.000340371
0.000192333
0.000500452
0.000443411
0.000471004
0.000509249
0.000247644
0.000383084
-0.000172192
6.20094e-05
-0.000801379
-0.000459722
-0.00167833
-0.00120615
-0.0028695
-0.00223076
-0.00444391
-0.00360674
-0.00643301
-0.00538807
-0.00881571
-0.00757933
-0.0114805
-0.0101195
-0.0143949
-0.0129152
-0.0174787
-0.0159207
-0.0206379
-0.019057
-0.023762
-0.022211
-0.0267629
-0.0252826
-0.0295769
-0.0281969
-0.032158
-0.0308991
-0.0344785
-0.0333524
-0.0365222
-0.0355367
-0.0382695
-0.0374355
-0.0396883
-0.0390237
-0.0407295
-0.0402617
-0.0413176
-0.0410874
-0.0413626
-0.0414155
-0.0407674
-0.0411536
-0.0394225
-0.0401977
-0.0372153
-0.0384355
-0.0340365
-0.0357556
-0.0297837
-0.0320517
-0.024366
-0.0272264
-0.0177076
-0.0211969
-0.0097298
-0.0138895
-0.000319486
-0.0052119
0.0106752
0.00496882
0.0236004
0.0168521
0.0393128
0.0310441
0.0584614
0.0484926
0.0803238
0.0691435
0.0942828
0.0957044
0.092928
0.0933608
0.0938137
0.0931073
0.0971416
0.0951719
0.103328
0.0998751
0.112871
0.107684
0.126493
0.119138
0.145377
0.135255
0.170522
0.157174
0.203706
0.185862
0.247804
0.224509
0.305726
0.274547
0.378777
0.380353
0.341039
0.326805
0.402974
0.396516
0.360458
0.27085
0.297429
0.226558
0.247364
0.19202
0.20811
0.165845
0.178021
0.146065
0.155287
0.131329
0.138172
0.120686
0.125564
0.113495
0.116721
0.10926
0.111053
0.10768
0.108188
0.108586
0.107829
0.111536
0.109837
0.0847799
0.10623
0.0956128
0.0642257
0.0742206
0.0462271
0.054912
0.0306048
0.0381516
0.0170586
0.0236232
0.00523573
0.0109534
-0.00500325
-6.93057e-05
-0.0137677
-0.00956309
-0.0211216
-0.017621
-0.0270664
-0.0242717
-0.0316339
-0.0295211
-0.0348987
-0.0334265
-0.0369637
-0.0360765
-0.0379602
-0.0375887
-0.0380411
-0.0381065
-0.0373702
-0.0377904
-0.0361007
-0.036801
-0.0343714
-0.0352842
-0.0323024
-0.0333706
-0.0299888
-0.031168
-0.0275003
-0.0287592
-0.0248817
-0.0262007
-0.0221641
-0.0235287
-0.0193754
-0.0207721
-0.0165434
-0.017958
-0.0137077
-0.0151178
-0.0109434
-0.0123076
-0.00832488
-0.00960581
-0.0059294
-0.00709437
-0.00379924
-0.00482157
-0.00203125
-0.00287062
-0.000633636
-0.00128219
0.00037803
-8.03153e-05
0.00104544
0.000751678
0.00143384
0.00127087
0.00160457
0.00154359
0.00159986
0.00162259
0.00143817
0.00153837
0.00112227
0.00129962
0.000652062
0.000906727
2.96221e-05
0.000360228
-0.000736738
-0.000335237
-0.00162776
-0.00116682
-0.00260386
-0.00210809
-0.00358934
-0.00310093
-0.0043885
-0.00398741
-0.0048019
-0.0045698
-0.000906529
-0.00125883
-0.000331414
-0.000602343
0.000109321
-9.5543e-05
0.000462749
0.000293315
0.000767573
0.000619351
0.00103546
0.000905585
0.00126861
0.00115539
0.0014701
0.00137241
0.00164118
0.0015584
0.00178252
0.00171445
0.00189384
0.00184064
0.00197511
0.00193668
0.00202632
0.00200299
0.00204857
0.00203997
0.00204271
0.00204818
0.0020088
0.00202817
0.00194619
0.00197983
0.00185401
0.00190253
0.00173146
0.00179535
0.00157782
0.00165759
0.00139195
0.00148808
0.00117101
0.0012853
0.000910689
0.00104547
0.000602385
0.000762727
0.000232661
0.000425889
-0.000219386
1.82604e-05
-0.000781961
-0.000484839
-0.00150134
-0.0011164
-0.00249132
-0.00195804
-0.00379574
-0.00310442
-0.0268312
0.493651
0.433163
0.466083
0.169095
0.421407
0.492728
0.460752
-0.336063
-0.400529
-0.272576
-0.0035475
-0.00455493
-0.0026316
-0.115463
0.113644
0.0916124
-0.280678
-0.282283
-0.291766
-0.384162
-0.380356
-0.377232
0.432011
0.532463
0.250974
0.119017
0.533965
0.449651
-0.0990004
0.0160777
-0.333815
-0.296361
-0.36838
-0.37043
-0.39136
0.102297
0.116178
0.0847127
0.180195
0.376064
0.286665
0.334314
0.40362
0.00756049
-0.35424
-0.322473
-0.00325033
-0.384633
-0.00352576
-0.338118
-0.00443353
0.622452
0.622183
-0.280498
-0.381252
-0.371112
0.484246
0.192522
0.494734
-0.0439258
-0.327958
-0.380419
-0.00282745
-0.0022413
-0.00175686
-0.00135692
-0.00102209
-0.000728855
-0.000468155
-0.000235468
-2.74341e-05
0.00015949
0.000328174
0.000481235
0.000620729
0.0007482
0.000865022
0.000972371
0.00107105
0.00116161
0.00124448
0.00132022
0.00138898
0.00145097
0.00150622
0.00155515
0.00159739
0.00163349
0.00166311
0.00168661
0.00170399
0.00171508
0.00172047
0.00171943
0.00171283
0.00169994
0.00168101
0.00165612
0.00162471
0.00158725
0.0015431
0.00149289
0.00143608
0.00137309
0.00130359
0.00122781
0.00114538
0.00105623
0.000960172
0.000857007
0.00074625
0.0006272
0.000499307
0.000361611
0.000210874
4.4294e-05
-0.000140546
-0.000350587
-0.000586005
-0.000843466
-0.00113486
-0.00145669
-0.00183432
-0.0022838
-0.00280105
-0.329614
-0.196052
0.00146839
0.393645
0.346284
0.226792
0.101852
-0.00516247
-0.00557899
-0.00567048
-0.00548627
-0.00515846
-0.00469434
-0.00418178
-0.00360642
-0.00303759
-0.00247914
-0.00194614
-0.00144431
-0.000975734
-0.000547452
-0.000155811
0.00019134
0.000500817
0.000764086
0.00098987
0.00116905
0.00131145
0.00140721
0.00146702
0.00147961
0.00145477
0.00137815
0.00125632
0.00107271
0.000830864
0.000511467
0.000116741
-0.000373686
-0.000955075
-0.00164501
-0.00243254
-0.00332905
-0.00431545
-0.00540062
-0.00655483
-0.00779698
-0.00910472
-0.0104801
-0.011886
-0.0133277
-0.0147857
-0.0162744
-0.0177434
-0.0192144
-0.0206529
-0.0220824
-0.023468
-0.0248373
-0.026155
-0.027449
-0.0286837
-0.0298868
-0.0310223
-0.0321154
-0.0331289
-0.0340834
-0.034941
-0.0357172
-0.0363748
-0.036924
-0.0373293
-0.0375962
-0.037691
-0.0376132
-0.03733
-0.0368383
-0.0361108
-0.0351423
-0.0339106
-0.0324101
-0.0306239
-0.0285478
-0.0261684
-0.0234843
-0.0204848
-0.0171763
-0.0135477
-0.00961014
-0.00533872
-0.000745577
0.0042122
0.00952015
0.0152547
0.0214134
0.0281265
0.0353907
0.0433763
0.0520601
0.0616141
0.0720153
0.0833033
0.0953704
0.107453
0.11896
0.129479
0.125455
0.121863
0.118844
0.116472
0.114687
0.113568
0.113163
0.113488
0.114526
0.11632
0.118885
0.122264
0.126489
0.131633
0.137754
0.14494
0.153268
0.162862
0.173802
0.186255
0.200418
0.216471
0.234444
0.254432
0.276494
0.301445
0.328703
0.357748
0.388127
0.417894
0.444102
0.463803
0.474762
0.473624
0.460589
0.436975
0.406357
0.373399
0.340733
0.310148
0.282312
0.257446
0.234688
0.213785
0.195724
0.180019
0.166286
0.15408
0.143354
0.134107
0.126236
0.119527
0.113886
0.109204
0.105437
0.102489
0.100372
0.0989712
0.0982985
0.0983013
0.0990041
0.100382
0.10245
0.104957
0.108141
0.111973
0.11654
0.10578
0.0933118
0.0803491
0.0679169
0.0564263
0.0461085
0.0369179
0.0287619
0.0214963
0.0149723
0.00907946
0.00369526
-0.00124697
-0.00581179
-0.010015
-0.013898
-0.0174649
-0.0207423
-0.0237275
-0.0264432
-0.0288843
-0.031073
-0.0330039
-0.0347024
-0.0361628
-0.0374139
-0.0384487
-0.0392991
-0.0399559
-0.040454
-0.0407812
-0.0409746
-0.0410176
-0.0409485
-0.040745
-0.0404452
-0.0400268
-0.0395264
-0.0389181
-0.0382355
-0.0374502
-0.0365943
-0.0356384
-0.0346131
-0.0334894
-0.0322976
-0.0310114
-0.0296625
-0.0282292
-0.0267445
-0.0251917
-0.0236054
-0.0219766
-0.0203371
-0.0186791
-0.017041
-0.0154234
-0.0138833
-0.0123717
-0.010904
-0.00950943
-0.00820935
-0.00699892
-0.00589805
-0.00489959
-0.00401712
-0.00323554
-0.00255977
-0.00196954
-0.00146619
-0.00102936
-0.000662732
-0.000349355
-9.72879e-05
0.000107634
0.00025313
0.0003537
0.000394932
0.000391268
0.000331305
0.000226232
6.94649e-05
-0.000132585
-0.000379714
-0.000672953
-0.00100322
-0.00137933
-0.0017779
-0.00222038
-0.00266246
-0.00313787
-0.00353943
-0.00394754
-0.00427499
-0.00447339
-0.00453008
-0.00436011
-0.00398892
-0.00336661
-0.00296256
-0.385335
-0.305842
-0.309206
-0.370031
-0.359115
-0.383552
-0.383672
-0.389061
0.581798
0.442505
0.123838
0.297851
0.462813
0.583201
0.0081782
-0.144112
-0.0727247
0.522673
0.22691
0.513865
-0.384981
-0.363019
-0.301773
-0.448063
-0.310552
-0.377317
-0.00240311
-0.00190878
-0.00151294
-0.00118396
-0.000901428
-0.000651743
-0.000430434
-0.000233788
-5.85603e-05
9.86023e-05
0.000240253
0.00036853
0.000485245
0.000591582
0.000688898
0.000777956
0.000859765
0.00093452
0.00100301
0.0010653
0.00112206
0.00117298
0.00121866
0.00125879
0.00129383
0.00132348
0.00134816
0.00136746
0.00138197
0.00139099
0.00139543
0.00139429
0.00138868
0.00137767
0.00136199
0.00134102
0.00131511
0.00128381
0.00124753
0.00120594
0.00115938
0.00110751
0.00105065
0.000988338
0.000920799
0.000847424
0.000768375
0.000683003
0.000591144
0.000491749
0.000384239
0.000267344
0.00013871
-3.28259e-06
-0.00015906
-0.000333101
-0.000525494
-0.000734291
-0.000967908
-0.0012236
-0.00151748
-0.00186633
-0.00226335
-0.00267178
-0.00316154
0.150473
0.297502
0.139378
0.134149
0.129474
0.12553
0.122367
0.120023
0.118549
0.11789
0.118052
0.119032
0.120852
0.123514
0.127032
0.131463
0.136846
0.14325
0.150734
0.159384
0.169275
0.180504
0.193179
0.207438
0.223338
0.24084
0.260082
0.281326
0.304297
0.328994
0.354407
0.380206
0.405176
0.426578
0.4414
0.448057
0.446444
0.436298
0.418324
0.394418
0.367249
0.339009
0.31168
0.286202
0.262672
0.240999
0.221135
0.203243
0.187352
0.173286
0.16084
0.149862
0.140282
0.132014
0.124947
0.119004
0.114071
0.110079
0.106983
0.104781
0.103352
0.102746
0.102923
0.10389
0.105661
0.108222
0.11136
0.115462
0.120203
0.125785
0.132242
0.124104
0.110722
0.0956576
0.0806029
0.066635
0.0541767
0.0433883
0.0340489
0.0259533
0.0188547
0.0126223
0.00708207
0.00209645
-0.00244233
-0.00665412
-0.0105079
-0.0141181
-0.0174165
-0.020496
-0.0232844
-0.0258742
-0.0281859
-0.030315
-0.0321767
-0.0338734
-0.0353162
-0.0366144
-0.0376744
-0.0386119
-0.0393282
-0.0399444
-0.0403563
-0.0406891
-0.0408333
-0.0409166
-0.0408225
-0.0406812
-0.0403698
-0.0400227
-0.0395094
-0.0389671
-0.0382586
-0.037524
-0.0366217
-0.0356942
-0.0345974
-0.0334769
-0.0321897
-0.030885
-0.0294222
-0.0279552
-0.0263462
-0.0247535
-0.0230512
-0.0214012
-0.0196634
-0.0179996
-0.0162943
-0.01466
-0.0130444
-0.0115455
-0.0100712
-0.00873859
-0.00745202
-0.0063264
-0.00526062
-0.00436041
-0.00351697
-0.00282813
-0.00218096
-0.00166994
-0.00118296
-0.000815662
-0.000460185
-0.000214791
2.40441e-05
0.000157036
0.00028504
0.000308238
0.000327195
0.000243592
0.000156723
-2.86013e-05
-0.000218127
-0.000498509
-0.000789545
-0.00115653
-0.00155415
-0.00198832
-0.00247335
-0.00298791
-0.00352015
-0.00404129
-0.0044846
-0.00498438
-0.00525555
-0.00553659
-0.00530338
-0.00496928
-0.00395495
-0.00317597
-0.00240449
-0.0111224
-0.223567
0.468488
0.642545
0.134369
0.364032
0.633282
0.424416
-0.371034
-0.380517
-0.359244
-0.33816
-0.00612676
-0.00682708
-0.0067419
-0.00646224
-0.00595899
-0.00538287
-0.00473095
-0.00408217
-0.00343331
-0.00282358
-0.00223119
-0.00169726
-0.00118354
-0.00073701
-0.00030996
4.58642e-05
0.000383712
0.000648627
0.000897149
0.00107231
0.0012324
0.00131921
0.00139145
0.00139016
0.00137266
0.00127547
0.00115753
0.000947768
0.000705854
0.000355817
-4.23229e-05
-0.000566954
-0.00115525
-0.00188401
-0.00268418
-0.00362842
-0.00463988
-0.00578698
-0.00698333
-0.00829591
-0.00963321
-0.011079
-0.0125212
-0.0140423
-0.0155589
-0.0171153
-0.0186249
-0.0201477
-0.021614
-0.0230775
-0.0244705
-0.025852
-0.0271545
-0.028438
-0.0296341
-0.0308032
-0.0318759
-0.0329118
-0.0338391
-0.0347151
-0.0354656
-0.0361459
-0.0366801
-0.0371221
-0.0373953
-0.0375522
-0.0375146
-0.0373328
-0.0369276
-0.0363528
-0.0355285
-0.0345113
-0.0332221
-0.0317199
-0.0299288
-0.0279092
-0.0255897
-0.0230303
-0.0201675
-0.0170594
-0.0136512
-0.00999196
-0.00603002
-0.00179747
0.00275709
0.00762952
0.0128847
0.0185752
0.0248058
0.0317056
0.0394064
0.0480364
0.0577079
0.0684986
0.0806483
0.0940036
0.108071
0.12197
0.134842
0.146244
-0.312183
0.784985
0.141753
-0.307774
-0.00587522
-0.00707439
-0.00829347
-0.00781573
-0.00743722
-0.00670441
-0.00598755
-0.00522482
-0.00449536
-0.00377213
-0.00311248
-0.00247107
-0.00190528
-0.00135724
-0.000889368
-0.000436725
-6.62583e-05
0.000291441
0.000566219
0.00083029
0.00101131
0.00118344
0.00127184
0.00135279
0.00134739
0.00133375
0.0012305
0.00111082
0.000892527
0.0006439
0.000282839
-0.000125224
-0.000661804
-0.00126183
-0.0020033
-0.00281787
-0.00377742
-0.00480869
-0.00597659
-0.00720389
-0.00855011
-0.00993417
-0.0114056
-0.0128957
-0.01446
-0.0160137
-0.0176036
-0.0191501
-0.0207151
-0.0222073
-0.0237045
-0.025113
-0.0265149
-0.0278189
-0.0291078
-0.0302901
-0.0314487
-0.0324914
-0.0335002
-0.0343809
-0.0352136
-0.0359021
-0.0365248
-0.0369837
-0.0373569
-0.0375447
-0.0376257
-0.0374983
-0.03724
-0.0367537
-0.036113
-0.0352264
-0.0341652
-0.0328436
-0.0313313
-0.0295493
-0.0275656
-0.0253088
-0.0228448
-0.0201109
-0.0171705
-0.0139692
-0.010564
-0.00690374
-0.00303335
0.00110255
0.00548685
0.0102011
0.0152895
0.0208922
0.0271901
0.0343963
0.0427064
0.0523953
0.0636868
0.0767179
0.0916541
0.108207
0.12587
0.142692
0.797383
-0.346619
-0.376388
0.52449
0.292919
0.553209
-0.136174
0.710571
-0.372085
0.13405
0.127084
0.121574
0.116794
0.112918
0.10998
0.107879
0.106675
0.106366
0.106917
0.108333
0.110649
0.113856
0.118008
0.123161
0.129361
0.136685
0.145219
0.155036
0.16622
0.178854
0.193013
0.208862
0.226472
0.245795
0.26657
0.288657
0.311951
0.336085
0.360229
0.383109
0.402926
0.417779
0.426379
0.428211
0.423417
0.411769
0.394316
0.373361
0.350983
0.328269
0.305834
0.284383
0.264165
0.245518
0.228393
0.212697
0.198455
0.185661
0.174249
0.164146
0.155277
0.147574
0.140977
0.135412
0.13083
0.127212
0.124502
0.122703
0.121779
0.121765
0.122657
0.124521
0.127397
0.131289
0.136229
0.142179
0.148927
0.157256
-0.00189301
-0.00152514
-0.00122877
-0.000973423
-0.000746708
-0.00054626
-0.000368243
-0.000211159
-7.11497e-05
5.4235e-05
0.000166901
0.000269184
0.000361457
0.000446119
0.000522565
0.000593382
0.000657205
0.000716651
0.000769754
0.000819346
0.000863074
0.000903894
0.000938892
0.000971242
0.000997931
0.00102218
0.00104078
0.00105693
0.00106753
0.00107557
0.00107823
0.00107822
0.00107288
0.00106503
0.00105182
0.00103613
0.00101486
0.00099121
0.000962091
0.000930522
0.000893563
0.000853985
0.000809091
0.000761244
0.000708021
0.000651329
0.000588993
0.000522461
0.000449728
0.000371466
0.000285855
0.000193165
9.11106e-05
-2.04729e-05
-0.000141545
-0.000275611
-0.000422581
-0.00058284
-0.000762666
-0.000956192
-0.00117209
-0.00140937
-0.00169921
-0.00200138
-0.00136499
0.142848
0.132089
0.116382
0.0985316
0.0807872
0.0647996
0.0511364
0.0397715
0.030272
0.0222579
0.015459
0.00963736
0.00458812
9.10862e-05
-0.0039855
-0.00776155
-0.0112639
-0.0145494
-0.0175981
-0.0204541
-0.0230806
-0.0255289
-0.027749
-0.0298023
-0.0316295
-0.033303
-0.034757
-0.0360732
-0.0371798
-0.0381661
-0.0389548
-0.039641
-0.0401419
-0.0405571
-0.0407981
-0.0409678
-0.0409718
-0.0409158
-0.0406995
-0.0404292
-0.0400012
-0.0395223
-0.0388858
-0.038199
-0.0373531
-0.0364561
-0.0353989
-0.0342913
-0.0330269
-0.0317173
-0.0302613
-0.0287725
-0.027157
-0.0255288
-0.0237982
-0.0220826
-0.0203246
-0.0186104
-0.0168627
-0.0152106
-0.0135416
-0.0120041
-0.0104854
-0.00911803
-0.00779411
-0.00663786
-0.0055382
-0.00460778
-0.00373215
-0.00301434
-0.00233883
-0.00180298
-0.00129422
-0.000908505
-0.000538862
-0.000281619
-3.52398e-05
0.00010405
0.00023401
0.000260304
0.000278043
0.000195895
0.000103956
-8.2663e-05
-0.000281267
-0.000568392
-0.000870536
-0.00125438
-0.00165256
-0.00214139
-0.00265841
-0.00323975
-0.00380905
-0.0044662
-0.00501354
-0.00562421
-0.00607001
-0.0064544
-0.00653653
-0.0060777
-0.00504385
-0.0035258
-0.00141302
-0.372249
0.450862
0.222906
0.399271
0.699772
-0.32261
-0.348921
0.214443
-0.0452385
-0.00160367
-0.00155625
-0.00334428
-0.00880369
-0.00253618
-0.00230193
-0.372431
-0.251328
0.0590874
0.554131
0.365278
0.53864
-0.367673
0.141854
0.126605
0.13318
0.116641
0.121085
0.110894
0.113269
0.109097
0.109529
0.111047
0.109625
0.116719
0.113429
0.126311
0.121013
0.140217
0.132707
0.158967
0.148972
0.183119
0.170345
0.213212
0.197416
0.249297
0.230568
0.290441
0.269342
0.334373
0.312276
0.375715
0.355874
0.404964
0.392442
0.413838
0.412183
0.399982
0.40971
0.367468
0.385349
0.327084
0.347682
0.286118
0.306366
0.248595
0.266766
0.216202
0.231748
0.189187
0.202029
0.167466
0.177699
0.150634
0.158479
0.138244
0.143924
0.129915
0.133598
0.125422
0.127208
0.124697
0.124594
0.12798
0.125822
0.135801
0.1313
0.148805
0.141648
0.167273
0.157196
-0.00703815
-0.00332795
-0.00787378
-0.00733128
-0.00681381
-0.00729011
-0.00542771
-0.00613856
-0.00399242
-0.00474311
-0.00275982
-0.00334875
-0.00173936
-0.00221612
-0.00093036
-0.00129776
-0.000330401
-0.000592708
5.9988e-05
-9.7109e-05
0.00023587
0.000186527
0.000190591
0.000252599
-8.32981e-05
9.30434e-05
-0.000598139
-0.000300612
-0.00137406
-0.000942844
-0.00244916
-0.00186258
-0.00387992
-0.00310802
-0.00572445
-0.00473949
-0.00801561
-0.00680577
-0.0107408
-0.0093192
-0.013834
-0.0122395
-0.0171967
-0.0154816
-0.0207058
-0.0189322
-0.0242166
-0.0224714
-0.0276019
-0.0259264
-0.0307287
-0.0291932
-0.0335044
-0.0321535
-0.0358724
-0.0347306
-0.0378096
-0.0368851
-0.039309
-0.0386025
-0.0403733
-0.0398834
-0.0410026
-0.0407297
-0.0411901
-0.0411385
-0.0409192
-0.0410987
-0.0401613
-0.0405883
-0.0388773
-0.0395724
-0.0370226
-0.0380086
-0.0345522
-0.0358512
-0.0314277
-0.0330576
-0.0276248
-0.0295956
-0.0231396
-0.0254502
-0.017989
-0.0206288
-0.0121899
-0.0151528
-0.00567325
-0.00901319
0.00189324
-0.00203882
0.0115625
0.00638336
0.0254191
0.0178406
0.0464939
0.0348299
0.0796502
0.0613728
0.121271
0.100667
0.138606
-0.330566
0.168584
0.177512
0.176215
-0.00219617
-0.00110351
-0.0012998
-0.00073841
-0.000917193
-0.000428166
-0.000575147
-0.000182163
-0.000297848
1.30613e-05
-7.91506e-05
0.000170775
9.60614e-05
0.000300013
0.000238673
0.000406948
0.000356153
0.00049593
0.000453718
0.000569912
0.000534914
0.000630993
0.000602232
0.000680165
0.00065729
0.000717981
0.000700806
0.000744355
0.000732962
0.00075889
0.000753537
0.00076114
0.000762011
0.000750901
0.000757981
0.000728705
0.000741695
0.00069507
0.000713605
0.000650744
0.000674552
0.000596082
0.000625022
0.000530702
0.000565105
0.000453152
0.00049385
0.000361293
0.000409385
0.000252488
0.000309408
0.000123818
0.000190893
-2.8848e-05
5.07757e-05
-0.000209395
-0.000114664
-0.000425923
-0.000313493
-0.000693763
-0.000553508
-0.000985745
-0.000844708
-0.00154729
-0.00111762
-0.000143438
-0.00369325
-0.00972594
-0.00811698
-0.00819719
-0.00879593
-0.00646599
-0.00727018
-0.00478715
-0.0055559
-0.00330784
-0.00397784
-0.002045
-0.00260761
-0.000992685
-0.00145054
-0.000143595
-0.000500033
0.000508503
0.00025028
0.000968572
0.000805932
0.00123981
0.00117132
0.00132098
0.00134792
0.00120229
0.00133163
0.000855905
0.00110504
0.000232623
0.00062734
-0.000726956
-0.000156277
-0.00208163
-0.00130703
-0.00386692
-0.00287499
-0.00607923
-0.00487709
-0.00867188
-0.00728742
-0.0115658
-0.0100414
-0.0146615
-0.0130485
-0.0178386
-0.0162006
-0.0209938
-0.0193799
-0.0240355
-0.0224978
-0.0268832
-0.0254424
-0.0295002
-0.0281787
-0.0318495
-0.0306656
-0.0338911
-0.0328655
-0.0355747
-0.0347343
-0.0368361
-0.0362147
-0.0376
-0.0372362
-0.0377848
-0.0377201
-0.0373094
-0.037583
-0.0360977
-0.0367465
-0.034084
-0.0351394
-0.0312184
-0.032703
-0.0274739
-0.0293982
-0.0228496
-0.0252109
-0.0173757
-0.0201553
-0.0111115
-0.0142774
-0.00412704
-0.00764605
0.0035615
-0.000318376
0.0121838
0.00777654
0.0226115
0.0171222
0.0367439
0.0290791
0.057599
0.0461102
0.0883606
0.0715789
0.129047
0.107932
0.151014
-0.00491825
-0.00737322
0.15774
0.191177
0.178695
0.106707
0.132634
0.0653812
0.083844
0.0400027
0.0509625
0.0247303
0.0313867
0.0145112
0.0191575
0.00627288
0.0101919
-0.00121527
0.00240257
-0.00820032
-0.00482842
-0.0146271
-0.0115461
-0.0203826
-0.01765
-0.025371
-0.0230312
-0.0295305
-0.0276103
-0.0328336
-0.0313427
-0.0352839
-0.0342169
-0.0369117
-0.0362505
-0.0377683
-0.0374848
-0.0379212
-0.0379801
-0.0374476
-0.0378093
-0.0364286
-0.0370525
-0.0349423
-0.0357901
-0.0330592
-0.034097
-0.0308375
-0.032038
-0.0283233
-0.0296646
-0.0255558
-0.027019
-0.0225725
-0.0241393
-0.0194584
-0.0210812
-0.0162652
-0.0179143
-0.0130986
-0.0147164
-0.010082
-0.0116087
-0.00732327
-0.00871007
-0.00491039
-0.00611517
-0.00290548
-0.00390116
-0.00133201
-0.00211159
-0.0001725
-0.000749721
0.000621556
0.000219648
0.00110661
0.000851711
0.0013357
0.00120217
0.00135043
0.00132087
0.00116843
0.00123596
0.000795385
0.000957974
0.000230504
0.000489266
-0.000530639
-0.000173061
-0.00149463
-0.00103458
-0.00267099
-0.00210311
-0.00407448
-0.00339091
-0.00572342
-0.00491674
-0.00761813
-0.00669239
-0.00962871
-0.00863533
-0.00931193
-0.0103779
-0.00997576
-0.0039804
-0.00123851
-0.000824916
-0.000774252
-0.0006495
-0.000523935
-0.000420445
-0.000335552
-0.00025885
-0.000191887
-0.000129338
-7.2479e-05
-2.14626e-05
2.60853e-05
6.97573e-05
0.000109865
0.000146964
0.000181173
0.000212448
0.000241217
0.000267505
0.000291696
0.000313768
0.000334162
0.000352783
0.000369996
0.000385624
0.000399909
0.000412594
0.000423839
0.00043337
0.000441346
0.000447377
0.00045166
0.000453743
0.000453996
0.000452059
0.000448354
0.000442597
0.000435188
0.000425928
0.000415096
0.000402484
0.000388283
0.000372348
0.000354871
0.000335344
0.000313927
0.000290343
0.000264584
0.000236198
0.000205131
0.000170887
0.000133251
9.16189e-05
4.56481e-05
-5.44264e-06
-6.22815e-05
-0.000125669
-0.000196467
-0.000275565
-0.000363297
-0.000458877
-0.000558927
-0.000651314
-0.000719838
-0.000748977
-0.000866981
-0.000648574
0.189435
-0.00171636
0.165689
0.145961
0.157031
0.101714
0.126717
0.0568062
0.0769426
0.0294663
0.0409534
0.0137951
0.020357
0.00397835
0.00818224
-0.00335833
-8.45011e-05
-0.00971129
-0.00681894
-0.0155087
-0.0128652
-0.0207944
-0.0184031
-0.0255118
-0.0234054
-0.0296092
-0.0278111
-0.0330622
-0.0315815
-0.035873
-0.0347058
-0.0380629
-0.0371967
-0.0396656
-0.0390826
-0.0407193
-0.0404004
-0.041261
-0.0411885
-0.0413212
-0.0414811
-0.0409214
-0.0413046
-0.0400739
-0.0406758
-0.0387826
-0.0396025
-0.0370474
-0.0380863
-0.0348683
-0.036127
-0.0322754
-0.0337348
-0.0292981
-0.0309369
-0.0260158
-0.0277937
-0.0225444
-0.0244032
-0.0190089
-0.0208787
-0.0155556
-0.0173674
-0.0123101
-0.0140035
-0.00938284
-0.0109057
-0.00685821
-0.00817357
-0.00477358
-0.00586964
-0.00311899
-0.00400437
-0.00185068
-0.0025513
-0.000913794
-0.00145719
-0.000261001
-0.000668379
0.000137551
-0.000146285
0.00029909
0.000131618
0.000234398
0.000178343
-4.92701e-05
2.54713e-06
-0.000546943
-0.000389445
-0.00125693
-0.00099378
-0.00218208
-0.0018105
-0.00333562
-0.00284524
-0.00473127
-0.00411348
-0.00639476
-0.00563958
-0.00806241
-0.00733035
-0.00854347
-0.00889324
-0.00399839
-0.0104371
-0.00368642
0.163808
0.176496
0.145347
0.153584
0.133886
0.138856
0.127913
0.130296
0.126437
0.126656
0.128979
0.127227
0.135414
0.131713
0.145856
0.140127
0.160576
0.152665
0.179957
0.169666
0.204355
0.19152
0.233907
0.2185
0.268354
0.250563
0.306539
0.287113
0.345464
0.32618
0.379637
0.363581
0.401036
0.392449
0.403196
0.40466
0.38545
0.396617
0.352399
0.370337
0.312092
0.332666
0.271073
0.291374
0.233067
0.251546
0.200166
0.215913
0.173007
0.185888
0.151376
0.161527
0.134873
0.142528
0.122964
0.128383
0.115232
0.118603
0.111398
0.112844
0.111405
0.110922
0.115491
0.112922
0.124219
0.119234
0.138687
0.130647
0.149036
-0.34534
-0.132272
-0.420178
0.220375
-0.654803
-0.405316
-0.555362
-0.411956
-0.384945
-0.34301
0.704379
0.820325
0.888138
0.816986
0.673629
-0.309243
-0.311219
-0.35395
-0.366318
-0.563713
-0.197452
0.108506
-0.0321177
0.0610177
0.19688
0.170259
0.137996
0.106763
0.0810729
0.0611632
0.0461228
0.0350088
0.0268695
0.0207834
0.0159754
0.0118753
0.00814072
0.00456857
0.0010749
-0.00237195
-0.00576168
-0.00907498
-0.0122847
-0.015366
-0.018297
-0.0210582
-0.0236362
-0.0260173
-0.0281954
-0.0301618
-0.0319162
-0.0334537
-0.0347792
-0.0358907
-0.0367975
-0.0374998
-0.0380107
-0.0383315
-0.0384783
-0.0384528
-0.0382734
-0.0379409
-0.0374759
-0.0368775
-0.0361672
-0.0353417
-0.034423
-0.0334047
-0.0323088
-0.0311257
-0.0298776
-0.0285524
-0.0271732
-0.0257267
-0.0242377
-0.0226936
-0.0211238
-0.0195169
-0.0179039
-0.0162778
-0.0146771
-0.0130864
-0.0115509
-0.0100544
-0.00864076
-0.00728999
-0.00604301
-0.00487772
-0.00383007
-0.00287456
-0.00204145
-0.00130087
-0.000677482
-0.000138042
0.000296989
0.000662274
0.000937095
0.00115312
0.00129143
0.00138584
0.0014142
0.0014038
0.00133149
0.0012231
0.00105475
0.000850965
0.000587351
0.000287599
-7.26658e-05
-0.000470479
-0.000929935
-0.00142905
-0.00199163
-0.00259718
-0.00326977
-0.00399108
-0.00478757
-0.00564334
-0.00659265
-0.00761946
-0.00859857
-0.00979238
-0.0109697
-0.0116509
-0.0134457
-0.00726451
0.0132724
0.00096069
0.000364457
7.10897e-05
-0.000272088
-0.000267253
-0.00020989
-0.000167616
-0.000136605
-0.000108077
-8.47432e-05
-6.24886e-05
-4.25169e-05
-2.52619e-05
-8.75015e-06
6.23494e-06
1.99497e-05
3.27413e-05
4.43926e-05
5.47469e-05
6.39371e-05
7.19533e-05
7.89968e-05
8.51936e-05
9.08925e-05
9.62719e-05
0.000101615
0.000107011
0.000112499
0.000117988
0.000123347
0.000128413
0.000133019
0.000136924
0.000139859
0.000141548
0.000142009
0.000141127
0.000139128
0.000136093
0.000132319
0.000127925
0.000123088
0.000117856
0.000112282
0.000106402
0.000100317
9.3715e-05
8.66609e-05
7.9046e-05
7.0726e-05
6.1445e-05
5.10957e-05
3.9468e-05
2.64791e-05
1.19219e-05
-4.24041e-06
-2.22905e-05
-4.23764e-05
-6.47068e-05
-8.93292e-05
-0.00011624
-0.000144655
-0.000173161
-0.000198729
-0.000209297
-0.000158452
1.10019e-05
0.000417988
0.00158921
0.00536409
0.0132295
0.0103956
0.205163
0.179345
0.158638
0.13423
0.104509
0.0760142
0.0538678
0.0370176
0.0251442
0.0160082
0.00986983
0.00478176
0.00120943
-0.00234997
-0.0051413
-0.00828089
-0.0108737
-0.0138682
-0.01634
-0.0191728
-0.0214637
-0.0240654
-0.02611
-0.0284266
-0.0301826
-0.0321846
-0.0336324
-0.03531
-0.0364471
-0.0378045
-0.0386395
-0.0396898
-0.0402381
-0.0409987
-0.0412782
-0.0417678
-0.041796
-0.0420312
-0.0418225
-0.0418164
-0.0413807
-0.0411416
-0.0404842
-0.0400163
-0.0391389
-0.0384438
-0.0373473
-0.0364283
-0.0351188
-0.033978
-0.0324545
-0.0311227
-0.0294178
-0.0279284
-0.0260861
-0.0244925
-0.0225736
-0.0209383
-0.0190086
-0.0174026
-0.0155334
-0.0140219
-0.0122745
-0.0109137
-0.00933855
-0.00817378
-0.00680834
-0.00586396
-0.0047184
-0.00399179
-0.00305636
-0.00252957
-0.00178144
-0.00142668
-0.000838037
-0.000631127
-0.000180464
-0.000104535
0.000221611
0.000176567
0.000386021
0.000226236
0.000324194
5.40063e-05
4.42649e-05
-0.000333075
-0.000448055
-0.00093051
-0.00115021
-0.00173764
-0.00206461
-0.00275962
-0.00320178
-0.00401012
-0.00458292
-0.00552893
-0.00626321
-0.00714031
-0.00818197
-0.00927502
-0.00991306
-0.0117575
-0.00616915
-0.00493851
0.00847072
0.277041
0.207489
0.186021
0.168342
0.156257
0.147221
0.140349
0.135164
0.131419
0.128936
0.12761
0.127357
0.128122
0.129874
0.13261
0.136334
0.141069
0.146839
0.153686
0.161646
0.170774
0.181108
0.192692
0.205545
0.219678
0.235058
0.251629
0.26926
0.287745
0.30675
0.32581
0.344345
0.361595
0.376702
0.3887
0.39676
0.400206
0.398868
0.392816
0.382462
0.368377
0.351378
0.332326
0.312195
0.291789
0.271709
0.252421
0.234195
0.217167
0.201456
0.187139
0.174235
0.162725
0.152535
0.143617
0.13591
0.129364
0.123912
0.119513
0.11612
0.113712
0.112274
0.111816
0.112352
0.113938
0.116642
0.120601
0.12598
0.133045
0.142482
0.154513
0.259749
-0.343602
-0.0803145
0.028319
0.0795363
0.0337172
0.0159449
-0.0676888
-0.126819
-0.132198
0.00517875
-0.083247
0.00434934
-0.0246351
-0.0174226
0.0010572
0.0336244
-0.00204162
-0.16851
0.820822
-0.00221074
)
;

boundaryField
{
    frontandback
    {
        type            empty;
    }
    walls
    {
        type            zeroGradient;
    }
    diamond
    {
        type            zeroGradient;
    }
    inlet
    {
        type            zeroGradient;
    }
    outlet
    {
        type            fixedValue;
        value           uniform 0;
    }
}


// ************************************************************************* //
