/*--------------------------------*- C++ -*----------------------------------*\
  =========                 |
  \\      /  F ield         | OpenFOAM: The Open Source CFD Toolbox
   \\    /   O peration     | Website:  https://openfoam.org
    \\  /    A nd           | Version:  10
     \\/     M anipulation  |
\*---------------------------------------------------------------------------*/
FoamFile
{
    format      ascii;
    class       volScalarField;
    location    "38.5";
    object      p;
}
// * * * * * * * * * * * * * * * * * * * * * * * * * * * * * * * * * * * * * //

dimensions      [0 2 -2 0 0 0 0];

internalField   nonuniform List<scalar> 
6397
(
5.26869
5.19147
-3.38631
-3.80956
-4.97314
-4.68574
8.4527
5.56253
-7.81569
-5.63219
2.91375
-0.992409
-0.244818
-0.185695
-0.244605
-20.3611
-18.0667
-18.8661
11.9602
12.1575
11.3153
-3.75689
-4.62098
-3.56152
-0.135784
-0.0986022
-0.0506816
-1.75902
-2.05231
-1.63367
-1.64039
-2.81833
-2.8362
-3.98114
-0.255908
-0.543189
-1.50564
-1.67985
1.01488
1.16126
0.644891
0.414865
-1.64574
-4.64408
-3.9117
-4.17817
-5.19214
-4.62421
1.54852
1.51922
1.56476
1.46428
1.51019
3.39373
2.67956
3.75088
3.7821
2.47036
-3.70499
-3.86898
-3.32407
-2.83379
-2.36534
-2.00413
-1.80576
-1.76659
-1.86567
-2.12013
-4.76621
-3.71098
-4.65579
-4.51572
-3.96478
-3.29549
-2.64553
-2.11396
-1.76418
-1.58244
-1.54437
-1.62372
-4.22287
-3.36927
-2.54886
-1.83404
-3.59025
-2.90793
-3.1342
-2.13898
-2.8921
-2.44843
-3.76106
-2.50084
-2.26491
-1.75253
-4.24807
-2.76956
-3.10429
-1.6225
-2.30238
-4.75555
-3.97933
-5.34058
-5.27044
-4.28048
-4.98503
-2.64773
-3.44158
-1.52155
-1.99035
-1.07947
-1.23249
-1.07898
-1.03435
-1.37709
-1.21346
-1.50742
-4.08923
-5.7711
-5.05431
-2.51009
-3.19552
-1.78814
-2.04913
-1.72714
-1.67941
-2.19332
-1.90837
-2.72992
-2.48798
-2.6963
-2.80184
-2.14646
-2.43382
-1.7092
-1.87121
-1.35579
-1.54826
-1.08982
-1.53334
-2.84943
-7.10216
-5.9752
-7.40066
-1.47837
-0.520597
-0.510984
-1.65442
-1.38056
-0.760886
-1.88673
-4.38549
-3.03235
-2.12131
-4.87006
-4.00906
-5.47861
-5.42504
-4.24362
-5.05661
-2.38045
-3.284
-1.10697
-1.64681
-0.534079
-0.752328
-0.390596
-0.420138
-0.464622
-0.420255
-0.502858
-4.87935
-6.12726
-2.76602
-3.6972
-1.67213
-2.10837
-1.31814
-1.42388
-1.46783
-1.35932
-1.72791
-1.63418
-1.67793
-1.77544
-1.39586
-1.5452
-1.34056
-1.31856
-1.46617
-1.04148
-1.37772
-0.298419
-0.660841
-6.87858
-5.58624
-2.72128
0.217553
0.20453
-0.493285
-1.35775
-7.79293
-5.80274
-6.44362
-1.70737
-2.18961
0.0521891
0.0575869
0.412498
-2.1049
-1.65026
-4.1339
-1.03835
-0.422984
-2.71858
-1.79445
-4.5597
-3.68749
-5.1418
-5.10641
-3.90029
-4.71344
-1.98193
-2.92241
-0.653297
-1.22054
-0.0262853
-0.273109
0.185697
0.109553
0.226714
0.211191
0.224619
-8.01651
-8.39765
-5.3396
-6.84069
-2.80664
-3.93077
-1.44901
-2.00762
-0.871246
-1.08948
-0.770979
-0.77966
-0.837092
-0.807923
-0.797072
-0.83865
-0.729344
-0.751972
-0.995453
-0.814735
-1.27593
-0.808086
-1.25616
-0.355239
0.183946
-4.79735
-2.4363
-4.87974
-4.56854
-0.502044
-1.24671
0.308632
0.67073
-1.85892
-2.54065
-1.55953
-2.23231
0.377835
0.705096
0.118767
-0.0176417
-0.586976
-2.65013
-3.62687
-0.626758
-0.0528963
-2.18509
-1.334
-3.9002
-3.09794
-4.40668
-4.40041
-3.2188
-3.96273
-1.46688
-2.32773
-0.220214
-0.755318
0.400651
0.153296
0.639835
0.550519
0.714427
0.688344
0.728753
0.726942
0.68988
0.722481
0.481933
0.613327
-8.03385
-4.84026
-6.59062
-8.22678
-8.65952
-5.30499
-6.94042
-2.5839
-3.79556
-1.0982
-1.71384
-0.402657
-0.681198
-0.143683
-0.235623
-0.0716042
-0.098332
-0.0371628
-0.0567952
-0.143051
-0.0542739
-0.608603
-0.317855
-1.0163
-0.652711
-1.22403
-0.135788
-3.51413
-3.26454
-0.246966
0.285728
-3.91195
-2.12536
0.949534
-3.20049
-1.3473
-2.15208
-3.48307
-1.21747
-2.09486
-2.5148
-0.794543
-0.585815
0.0038673
-2.98252
-3.04851
0.666499
1.1576
0.948806
-0.190895
0.300905
-1.5281
-0.793629
-2.98418
-2.29122
-3.40624
-3.44568
-2.34578
-2.9972
-0.852492
-1.58264
0.211957
-0.248422
0.756133
0.534328
0.984248
0.894308
1.06713
1.03625
1.10338
1.09002
1.05732
1.08973
0.881104
0.987682
0.469771
0.717152
-4.33845
-1.55037
-2.77108
-7.40793
-6.02204
-7.58269
-8.01093
-4.75319
-6.33958
-2.11656
-3.28674
-0.661732
-1.26953
0.0638609
-0.235398
0.393431
0.262286
0.538879
0.479302
0.57684
0.568526
0.399598
0.524385
-0.191417
0.164841
-0.692862
-1.32396
-0.721636
-0.415266
0.138172
-3.6939
-3.05381
-3.64735
-4.27966
-2.02508
-2.83776
-0.537453
-1.23094
0.511208
0.0413008
1.15054
0.879354
1.32861
-3.13961
-1.90916
-2.69405
-1.34065
-1.86161
-1.14289
-0.19251
-0.841136
-1.07037
-0.288179
-1.02044
1.30838
1.43548
-2.58391
0.908699
1.13846
0.219744
0.609292
-0.843554
-0.27002
-1.91807
-1.41971
-2.22451
-2.12717
-1.443
-1.9426
-0.254749
-0.83721
0.601077
0.229458
1.03849
0.857911
1.22892
1.14982
1.30818
1.27516
1.34298
1.32835
1.32376
1.34264
1.19118
1.27441
0.8932
1.06579
0.386391
0.676188
-0.868523
0.442895
-0.0853518
-3.33813
-1.9673
-5.9895
-4.79874
-6.24275
-6.56744
-3.77714
-5.14934
-1.49251
-2.50812
-0.199117
-0.745562
0.482631
0.195601
0.821034
0.680832
0.996402
0.920028
1.04972
1.04043
0.844629
0.990823
0.225012
0.592842
-1.03657
-0.317435
-2.90028
-1.90694
-3.85025
-3.99382
-5.20746
-4.74608
-2.11408
-3.07075
-0.433333
-1.21205
0.677896
0.194179
1.28803
1.03431
0.142897
0.782025
-0.872142
-0.00602251
1.52704
1.44116
-2.61967
-1.87442
-2.21819
-1.64349
-1.47744
-1.68694
-0.561205
-1.78156
0.97539
0.342568
-1.87871
-0.506717
-1.67294
1.4025
1.04252
1.45627
-1.04362
0.403306
0.1796
1.55783
1.57327
1.57431
-2.33432
1.40382
1.48493
1.08937
1.26285
0.559624
0.854323
-0.203401
0.205242
-0.961342
-0.609655
-1.17254
-1.14288
-0.621596
-0.974618
0.250474
-0.181116
0.899878
0.614314
1.23851
1.09812
1.38801
1.32336
1.47038
1.42924
1.53799
1.50335
1.551
1.55667
1.43075
1.50609
1.18101
1.32136
0.823739
1.01314
0.628638
0.972243
1.251
-0.112827
0.533249
-2.09347
-1.01101
-4.21203
-3.25483
-4.4633
-4.67589
-2.57632
-3.63893
-0.783802
-1.58259
0.247404
-0.193468
0.828891
0.576988
1.14351
1.01101
1.31723
1.23895
1.38617
1.36109
1.19611
1.33226
0.586868
0.949516
-0.653744
0.0515859
-2.50968
-1.52129
-3.44431
-5.54445
-5.53573
-4.23565
-5.05874
-2.1649
-3.21537
-0.353191
-1.18954
0.81476
0.315982
1.40027
1.1685
1.51085
-2.3784
-2.05189
-2.01342
-2.15551
-1.29711
-2.49971
-0.423927
-2.83445
0.431199
-3.00695
1.44053
1.02002
-2.5807
0.0398937
-1.42244
1.81266
1.42919
1.74388
0.137776
0.986332
1.15675
1.60307
1.58843
1.54406
1.55679
-2.32583
1.44594
1.51074
1.21203
1.34133
0.837099
1.04162
0.326613
0.590308
-0.155482
0.0557502
-0.312094
-0.30012
0.0429962
-0.194208
0.637647
0.335441
1.10432
0.894045
1.36355
1.25436
1.48693
1.43229
1.57293
1.52797
1.63839
1.60785
1.62489
1.64502
1.51601
1.57835
1.37602
1.44299
1.21952
1.30209
1.00495
1.10968
0.945661
1.68949
1.74968
1.36416
1.57522
0.539851
1.02206
-0.884797
-0.108695
-2.3401
-1.67627
-2.59086
-2.69479
-1.34717
-2.06653
-0.0825397
-0.65463
0.66771
0.344758
1.1144
0.915026
1.38041
1.26619
1.53932
1.46633
1.60848
1.60861
1.44505
1.56455
0.895681
1.22759
-0.221638
0.416665
-1.86623
-1.00626
-2.72269
-4.97395
-4.00215
-5.54027
-5.52874
-4.23874
-5.06707
-2.1555
-3.20992
-0.321106
-1.17189
0.88324
0.367906
1.47514
1.24559
1.50726
-2.38507
-2.45993
-2.0182
-2.96017
-1.28502
-3.65673
-0.401866
-4.25309
0.436012
-4.25304
0.97379
-3.26278
1.67544
1.39235
-1.38467
1.48193
0.567414
1.53042
-2.55232
1.52457
1.50317
1.53948
1.45137
1.50821
1.28222
1.38029
1.02901
1.16793
0.706319
0.866172
0.470283
0.548957
0.334229
0.350524
0.523194
0.385503
0.90536
0.703467
1.23373
1.08475
1.429
1.34695
1.53707
1.49016
1.61373
1.57935
1.66035
1.64538
1.65442
1.66382
1.62372
1.64113
1.5641
1.59866
1.46085
1.5154
1.3944
1.41107
1.51855
1.43434
1.87992
1.66305
1.85316
1.76905
1.83533
1.85814
1.88734
1.6386
1.78396
1.06028
1.39717
0.17082
0.632029
-0.66178
-0.272273
-0.931853
-0.921091
-0.27345
-0.679098
0.518259
0.148192
1.03254
0.80831
1.35271
1.2079
1.55953
1.46993
1.67922
1.62807
1.73117
1.72421
1.60475
1.70486
1.14841
1.43154
0.23579
0.756368
-1.13662
-0.415099
-2.40232
-1.84992
-2.71195
-4.60144
-2.60398
-3.74965
-5.08636
-5.0551
-3.95039
-4.69028
-2.04143
-3.01695
-0.308878
-1.11874
0.869092
0.357289
1.43888
1.22491
1.60092
1.53746
1.51541
1.54491
1.57557
1.6754
1.86552
2.13059
-2.62429
-3.14659
-1.74437
-2.21818
-4.1348
1.47301
1.45689
1.44715
-1.40882
-5.18508
-0.441931
-5.77777
0.40372
-5.14543
0.936375
-3.2181
1.31593
-0.749265
1.56284
1.4397
1.24043
2.20931
2.3258
-3.03378
1.4835
1.49258
1.43113
1.47058
1.32132
1.38123
1.15578
1.2398
0.953135
1.05222
0.748137
0.853455
0.744692
0.744876
0.840188
0.77599
1.06629
0.943885
1.30487
1.19493
1.46365
1.39694
1.56723
1.52128
1.65339
1.6132
1.71342
1.68776
1.73426
1.73107
1.69779
1.72405
1.62378
1.66038
1.58577
1.59806
1.60885
1.58102
1.76271
1.66928
2.03223
1.8929
2.26075
2.16646
1.90189
1.72478
1.82839
1.98429
1.95433
1.97632
1.98869
1.82768
1.92731
1.4431
1.66206
0.990793
1.20309
0.578537
0.794506
0.277957
0.367068
0.544689
0.347932
0.997695
0.778989
1.3269
1.18113
1.54058
1.44422
1.68913
1.62437
1.77084
1.73992
1.79843
1.79705
1.69957
1.77728
1.34589
1.56663
0.641421
1.03814
-0.406633
0.1304
-1.40323
-0.96198
-1.67788
-2.14129
-1.18737
-3.76081
-3.08136
-4.25777
-4.17611
-3.40283
-3.98095
-1.81251
-2.63739
-0.298213
-1.01486
0.783854
0.305333
1.35815
1.13263
1.53622
1.47854
1.52973
1.4309
1.59561
2.40772
2.2932
-3.10643
-4.1747
1.41229
1.38514
-2.58404
-5.64406
-1.57999
-6.8208
-0.448913
-6.81875
0.397955
-5.07028
0.888488
-2.26001
1.17587
0.309234
1.25755
1.91102
1.46343
1.29342
2.43198
1.63986
1.55123
1.33512
0.11689
2.40834
2.25993
-3.80354
1.43528
1.44609
1.40915
1.43527
1.34395
1.38377
1.2332
1.28922
1.09989
1.16087
0.997012
1.03989
0.986332
0.986188
1.03256
1.00156
1.16618
1.09094
1.3386
1.2551
1.4724
1.41345
1.56613
1.52381
1.63943
1.60686
1.68702
1.66977
1.70302
1.69884
1.7058
1.70552
1.70391
1.70549
1.69866
1.70152
1.71768
1.69887
1.83996
1.76435
2.03623
1.92852
2.15343
2.11576
2.08862
2.14272
1.81481
1.72551
1.96094
1.89986
2.03208
2.00743
2.04121
2.04965
1.9471
2.00703
1.73171
1.84983
1.55289
1.6247
1.34496
1.47425
1.08842
1.18641
1.11813
1.06127
1.32145
1.21503
1.52335
1.42768
1.67594
1.60755
1.78082
1.73627
1.83149
1.81673
1.83625
1.84303
1.74703
1.80968
1.48584
1.64715
0.963735
1.25481
0.19389
0.587821
-0.523286
-0.213017
-0.799253
-0.714066
-0.725817
-1.35906
-0.594368
-2.67263
-2.07052
-3.24428
-3.09046
-2.71335
-3.10415
-1.53676
-2.15994
-0.314215
-0.90675
0.634594
0.206064
1.19497
0.963427
1.40616
1.33548
1.39894
1.42842
1.35581
1.37553
-3.79587
-5.50483
1.99134
2.17615
1.30093
1.26735
1.25078
1.93468
1.83094
-2.98544
-7.19929
-1.64744
-7.94314
-0.399053
-6.75888
0.403761
-3.92821
0.75637
-0.903056
0.984423
1.32747
1.05383
2.37618
1.4417
1.59796
1.53282
1.32185
1.15623
2.53699
1.20093
1.21244
0.224413
1.15708
-4.83419
1.36244
1.32315
1.3984
1.37652
1.38315
1.39274
1.33505
1.36215
1.2637
1.2995
1.18892
1.22391
1.13719
1.15856
1.12912
1.12986
1.15394
1.13862
1.23635
1.18912
1.36035
1.29875
1.47284
1.42078
1.56151
1.51998
1.64032
1.60097
1.68828
1.66622
1.71425
1.70481
1.7128
1.71724
1.70156
1.70511
1.72071
1.7067
1.77956
1.74455
1.87527
1.8245
1.98428
1.92916
2.03241
2.0247
2.00141
1.73669
1.66778
1.88348
1.80885
2.01495
1.95759
2.08081
2.05615
2.08639
2.08999
2.04296
2.07051
1.95213
1.99939
1.9064
1.92069
1.78227
1.86914
1.57968
1.66411
1.49948
1.50447
1.57082
1.52919
1.66548
1.61778
1.75277
1.71231
1.82236
1.79286
1.85647
1.84848
1.85893
1.86094
1.76371
1.81663
1.57091
1.68608
1.19506
1.40489
0.650835
0.931622
0.170168
0.373931
-0.00540675
0.0158066
0.0342619
0.566759
0.916223
-0.487561
0.0888187
-1.59406
-1.06114
-2.19795
-1.99541
-2.00623
-2.18749
-1.29666
-1.69504
-0.403786
-0.852991
0.386141
0.0177046
0.938149
0.691602
1.23502
1.11989
1.32907
1.30935
1.27163
2.36738
1.12469
1.85303
1.6904
-4.51487
-6.84761
-3.22191
-8.24327
-1.58316
-7.90678
2.04827
-0.286243
-5.5413
0.316461
-2.38036
0.557527
0.297878
1.47516
1.65108
1.64271
1.43968
0.764409
2.04996
1.22589
0.847187
2.60266
1.07052
1.01086
2.55634
0.988824
1.32587
1.31355
1.66406
1.51625
1.3944
-5.88631
1.21942
1.06251
1.15779
1.29562
1.26212
1.33711
1.31448
1.34108
1.34251
1.31967
1.33487
1.28224
1.30404
1.23959
1.26062
1.2129
1.22191
1.21392
1.21037
1.23405
1.22232
1.28818
1.25699
1.37697
1.33128
1.46896
1.42445
1.54732
1.50956
1.6064
1.58054
1.66124
1.63822
1.69209
1.67876
1.70988
1.7026
1.72058
1.71553
1.73073
1.72553
1.76996
1.74323
1.85158
1.80878
1.92474
1.89091
1.91971
1.93349
1.80312
1.87682
1.56884
1.70024
1.30646
1.22664
1.41079
1.72355
1.67948
1.83879
1.78091
1.95034
1.89431
2.0544
2.00696
2.11067
2.08926
2.12429
2.12099
2.11368
2.12137
2.09341
2.10212
2.09657
2.09497
2.00507
2.07207
1.77655
1.9033
1.72992
1.75234
1.73667
1.72602
1.77579
1.75413
1.81551
1.79647
1.84637
1.83295
1.85602
1.85616
1.80769
1.84382
1.75699
1.79669
1.60729
1.69652
1.33816
1.49137
0.965682
1.1615
0.638644
0.784665
0.554749
0.554125
0.724342
0.621879
0.868804
0.992216
1.19643
0.277455
0.689643
-0.615354
-0.172377
-1.24742
-0.990436
-1.41584
-1.38664
-1.1326
-1.32413
-0.580143
-0.875664
0.0301096
-0.269264
0.553296
0.303909
0.944825
0.773847
1.1516
1.07449
1.12725
1.15184
1.05935
-4.97236
-7.72354
1.03312
1.18207
1.01913
-3.12807
-8.21221
2.28103
-1.33129
-6.64377
-0.255027
-3.77633
1.85146
1.66035
1.8237
1.87265
1.70451
0.0861159
-1.00017
1.44944
0.363669
1.19792
1.06829
1.41193
1.18246
0.514307
2.47278
0.96709
0.61039
2.70114
0.828797
1.02369
0.950635
0.936227
0.878459
1.23673
1.41581
0.85361
-6.56535
1.15052
1.09268
1.236
1.19865
1.289
1.26444
1.30566
1.30016
1.29663
1.3043
1.2777
1.28862
1.26215
1.2695
1.25458
1.25696
1.26136
1.25594
1.28057
1.26906
1.32232
1.29825
1.38911
1.35382
1.46445
1.42716
1.53337
1.49974
1.59184
1.56417
1.63894
1.61768
1.66908
1.65587
1.68648
1.6792
1.70278
1.69364
1.72815
1.71462
1.76214
1.74393
1.80483
1.78236
1.84249
1.82763
1.81895
1.84388
1.69624
1.77095
1.47924
1.59754
1.33963
1.78977
1.79288
1.83822
1.80808
1.91603
1.87597
1.99706
1.9554
2.07983
2.04029
2.13967
2.11167
2.15001
2.14355
2.15772
2.15434
2.16832
2.16179
2.18014
2.17773
2.11076
2.16091
1.95696
2.03712
1.87122
1.9086
1.8353
1.8474
1.83653
1.83163
1.85495
1.84395
1.86592
1.86086
1.85635
1.86351
1.81184
1.83814
1.74392
1.78445
1.61767
1.68939
1.41718
1.52646
1.15715
1.29131
0.934815
1.0404
0.886183
0.899111
1.0102
0.939517
1.11515
1.47748
1.47553
1.48598
1.34376
1.44485
0.854978
1.14885
0.169006
0.518282
-0.485102
-0.172568
-0.940952
-0.753303
-1.03452
-1.02922
-0.841394
-0.970498
-0.439412
-0.658236
0.0714169
-0.19418
0.569454
0.339322
0.883132
0.74934
0.936549
0.94506
0.908809
0.830923
0.860317
-4.85596
-7.67662
2.52791
-2.71825
-7.02398
1.92874
2.05929
2.11412
1.98446
-1.11072
-4.73338
2.09548
1.76682
-0.409659
-2.09213
1.49924
-0.205634
0.132245
0.80432
1.54728
1.19888
0.135155
1.90364
1.10974
0.882957
0.213645
2.75882
0.600385
0.327828
0.843426
1.45616
0.617681
0.702816
-6.47796
0.988813
0.836792
0.919422
1.09531
1.04406
1.17969
1.14047
1.23732
1.21222
1.26586
1.25365
1.2742
1.27252
1.27189
1.27469
1.27119
1.27088
1.27064
1.26873
1.28439
1.27591
1.30614
1.29351
1.34218
1.32159
1.39568
1.36713
1.45799
1.42685
1.51803
1.48851
1.57131
1.5456
1.61436
1.59433
1.64508
1.63102
1.66556
1.65661
1.68113
1.67361
1.6997
1.68931
1.73231
1.71441
1.76159
1.74914
1.76856
1.76822
1.73059
1.75848
1.60974
1.68021
1.41406
1.51992
1.16032
1.29197
0.898796
1.02496
0.545661
0.670348
0.781549
1.95113
2.00127
1.90676
1.91823
1.92799
1.91231
1.97726
1.95044
2.0374
2.00638
2.09939
2.06906
2.13501
2.12207
2.16453
2.15269
2.18174
2.1733
2.2004
2.19058
2.20909
2.20854
2.15467
2.19243
2.03859
2.09995
1.94721
1.98762
1.90171
1.91998
1.88289
1.89045
1.87461
1.87815
1.86489
1.87017
1.84278
1.85574
1.7978
1.82247
1.72761
1.7645
1.61668
1.67169
1.45613
1.53241
1.26483
1.3536
1.11212
1.17933
1.06992
1.08355
1.13583
1.10408
1.28841
1.19905
1.38034
1.63055
1.59773
1.58958
1.6352
1.30749
1.48176
0.80422
1.08326
0.103481
0.46843
-0.55154
-0.246681
-1.00594
-0.806121
-1.17977
-1.13581
-1.00981
-1.13437
-0.540851
-0.808348
0.0716936
-0.229979
0.515851
0.319879
0.692614
0.642503
0.769567
0.730208
0.762071
0.777402
2.78273
-4.23785
-6.63467
0.745279
1.62277
2.16276
2.03751
-2.24286
-5.21301
0.558563
0.407975
2.39094
1.83039
-1.10301
-2.90769
0.404162
1.56601
-0.695163
-0.747879
0.519881
1.753
1.24335
-0.537655
1.16278
0.771278
0.841146
-0.233539
2.48974
1.16131
0.367148
-0.114776
3.03882
0.0211211
0.468068
0.58338
0.497522
2.22356
2.32346
-5.62372
0.8195
0.673073
0.749392
0.948899
0.888446
1.04942
1.00168
1.13194
1.09433
1.19257
1.16673
1.22765
1.21275
1.2455
1.23857
1.25521
1.25125
1.26067
1.25911
1.27589
1.26883
1.29375
1.28365
1.31715
1.30387
1.35074
1.33192
1.39699
1.37243
1.44983
1.42337
1.5022
1.47642
1.54968
1.52694
1.58821
1.57008
1.6171
1.60383
1.63795
1.62838
1.65557
1.64707
1.67142
1.66357
1.69097
1.68044
1.70908
1.70135
1.70307
1.71036
1.65377
1.68493
1.53896
1.60525
1.3655
1.45874
1.15042
1.26154
0.938612
1.04043
0.759846
0.845154
0.67495
2.26573
2.40823
2.32018
2.16598
2.21884
2.05811
2.10861
2.00027
2.01947
2.0018
1.99578
2.02752
2.01136
2.07038
2.04713
2.11454
2.09306
2.14055
2.13105
2.17089
2.15845
2.19097
2.18121
2.20821
2.20018
2.20845
2.21229
2.1622
2.19194
2.07547
2.12165
1.99436
2.03296
1.93746
1.96301
1.90222
1.9172
1.88157
1.89068
1.86144
1.8722
1.83032
1.84782
1.78112
1.80815
1.70838
1.74754
1.60518
1.65853
1.4694
1.53711
1.32211
1.39321
1.21234
1.25987
1.17758
1.18356
1.21461
1.18708
1.3052
1.25478
1.45024
1.37633
1.76318
1.69864
1.7971
1.79784
1.66051
1.75942
1.25687
1.4965
0.568751
0.939565
-0.246009
0.17048
-1.04613
-0.661326
-1.58692
-1.3657
-1.65795
-1.68787
-1.21006
-1.4897
-0.480893
-0.852685
0.107942
-0.159191
0.456181
0.313038
0.653672
0.564034
0.686284
0.698738
0.672019
2.10473
-3.43509
-5.08019
0.420821
0.420705
0.460237
1.47002
0.59933
0.330308
2.75585
1.88913
-1.96661
-3.52254
0.237267
1.63505
-1.27413
-1.58109
0.243565
2.03762
1.29509
-1.10852
0.352667
0.422412
0.851069
-0.975919
2.14662
1.27735
0.71825
0.2564
-0.766952
2.99067
-0.234885
-0.484316
2.54674
2.36309
2.20753
-4.42901
0.789924
0.728741
0.910615
0.855076
1.00972
0.963898
1.09003
1.05314
1.15174
1.12413
1.19346
1.17505
1.22008
1.20833
1.23798
1.2296
1.25246
1.24511
1.27139
1.26128
1.29425
1.282
1.32044
1.30648
1.35245
1.33519
1.39328
1.37182
1.43927
1.4163
1.48536
1.46271
1.52772
1.50749
1.56235
1.54604
1.58912
1.57676
1.60863
1.59958
1.62456
1.61697
1.63844
1.63167
1.65085
1.645
1.6559
1.65485
1.64067
1.65178
1.58796
1.61996
1.48265
1.54214
1.32943
1.41103
1.14962
1.24113
0.978458
1.06179
0.819729
0.899581
0.66308
0.742132
0.340118
0.346195
0.538791
0.588851
2.34513
2.49065
2.40062
2.25441
2.30216
2.14603
2.20007
2.07634
2.10242
2.06228
2.06541
2.06988
2.06316
2.09756
2.08198
2.12817
2.11345
2.1506
2.14049
2.17306
2.16268
2.19011
2.18228
2.20024
2.19638
2.19503
2.20087
2.15625
2.18087
2.08505
2.1234
2.00903
2.04466
1.95276
1.97772
1.9144
1.93145
1.88437
1.89843
1.85403
1.8698
1.81595
1.83646
1.76333
1.79144
1.69091
1.72858
1.59479
1.64509
1.47742
1.53922
1.35867
1.42029
1.27217
1.31338
1.24011
1.24735
1.26105
1.23956
1.32244
1.28257
1.42541
1.37149
1.68176
1.57213
1.85934
1.77954
1.9527
1.91475
1.93549
1.9707
1.62961
1.82771
0.946305
1.33079
-0.0416406
0.483363
-1.14531
-0.596691
-2.03376
-1.64018
-2.35832
-2.28414
-1.93953
-2.23525
-1.06151
-1.52058
-0.258573
-0.635949
0.285889
0.0513393
0.54627
0.445221
0.609677
0.593798
0.608524
0.325477
3.22753
1.95306
-2.81593
-3.69095
0.595956
2.61567
0.156655
1.7024
-1.9483
-2.38987
0.52593
0.344196
0.5241
0.0389637
2.65252
2.57968
2.40903
1.35569
-1.60037
-0.662032
0.080899
0.917132
-1.68949
1.38651
1.45431
0.291496
0.320411
-1.57294
3.10408
0.763057
-0.366599
-1.46298
3.21527
0.193358
0.169995
-0.960554
0.155814
2.22663
2.05458
-3.42666
0.763629
0.690199
0.878807
0.826981
0.974514
0.929594
1.05318
1.01613
1.11506
1.08617
1.16074
1.13954
1.19364
1.17826
1.21897
1.20681
1.24086
1.22973
1.26378
1.25193
1.28874
1.27583
1.31683
1.30229
1.34901
1.33226
1.38661
1.36728
1.42726
1.407
1.46776
1.4479
1.50528
1.48733
1.53647
1.52176
1.56071
1.54943
1.57854
1.57027
1.59214
1.58585
1.60211
1.59752
1.60893
1.60602
1.60713
1.60979
1.58409
1.59881
1.53091
1.56184
1.4364
1.48912
1.30314
1.37338
1.15613
1.22938
1.01607
1.08449
0.875355
0.947251
0.742284
0.80684
0.63823
0.680028
2.75782
2.71319
2.79654
2.55908
2.67031
2.41424
2.47306
2.32306
2.36883
2.21602
2.26971
2.1401
2.17097
2.11246
2.12259
2.10646
2.10684
2.11974
2.11129
2.1395
2.12973
2.15531
2.14799
2.17025
2.16316
2.18166
2.17662
2.18653
2.18533
2.17705
2.18475
2.13946
2.16232
2.07853
2.11074
2.01437
2.04562
1.96025
1.98537
1.91629
1.93657
1.8794
1.89689
1.84328
1.86173
1.80074
1.8233
1.74614
1.77511
1.67526
1.71269
1.58679
1.63373
1.48497
1.53908
1.38665
1.43711
1.31273
1.34665
1.27864
1.28815
1.28397
1.27384
1.32559
1.29907
1.38488
1.35477
1.39541
1.39443
1.69005
1.46144
1.55706
1.91325
1.80921
2.09601
2.00862
2.14535
2.15265
1.8795
2.057
1.2044
1.59683
0.0920548
0.694628
-1.26074
-0.573779
-2.45735
-1.90909
-2.99543
-2.83617
-2.60725
-2.91102
-1.60157
-2.14273
-0.55743
-1.05828
0.1664
-0.139258
0.45623
0.35542
0.527775
0.500815
0.531183
0.539301
0.52449
0.16656
1.77674
-2.53752
-2.82332
0.59063
0.637429
1.39415
-0.0642927
-0.0579381
-0.0376472
2.85353
2.80092
3.1081
1.43173
-2.14096
-1.71043
-0.195532
1.01592
-2.20766
0.12935
1.71665
-0.0636307
-0.143438
0.471638
-2.44918
2.40531
0.177582
-0.360805
-2.38303
4.16541
0.760105
-1.52623
-2.27951
0.387873
2.05548
2.462
2.31894
0.203754
1.87906
-2.85808
0.731446
0.660739
0.848262
0.796032
0.940844
0.896876
1.01902
0.982194
1.08204
1.05254
1.13101
1.10812
1.16856
1.15084
1.19906
1.18431
1.22616
1.2125
1.25325
1.23938
1.28109
1.26698
1.31019
1.29539
1.34175
1.32562
1.37686
1.359
1.41376
1.3954
1.44992
1.43226
1.4829
1.46696
1.51064
1.49756
1.53215
1.52218
1.54789
1.54064
1.55907
1.554
1.56559
1.56294
1.56716
1.56702
1.56003
1.56523
1.53372
1.54974
1.48173
1.5112
1.39757
1.44392
1.28306
1.34304
1.16077
1.22128
1.04236
1.10162
0.922678
0.981435
0.81427
0.866201
0.737466
0.767431
0.659081
0.750915
0.732978
0.544595
2.9109
2.88809
2.82809
2.94859
2.93105
2.61699
2.716
2.47333
2.53568
2.37622
2.42366
2.27315
2.32511
2.19315
2.22765
2.15478
2.17012
2.13723
2.14401
2.13762
2.13527
2.1477
2.14261
2.15576
2.15193
2.16403
2.16016
2.17039
2.1678
2.16909
2.17125
2.15438
2.16405
2.11966
2.13972
2.06775
2.09521
2.00945
2.03794
1.9565
1.98151
1.91151
1.93282
1.87164
1.89119
1.83176
1.85216
1.78625
1.80996
1.73039
1.75955
1.6615
1.69782
1.57993
1.62332
1.49043
1.53747
1.40555
1.44803
1.33909
1.3687
1.30129
1.31446
1.2938
1.29295
1.31361
1.30218
1.34069
1.32849
1.34003
1.34229
1.33105
1.46875
1.31679
1.39429
1.68581
1.56031
1.95609
1.82003
2.18537
2.08006
2.27804
2.25633
2.08121
2.22467
1.39922
1.8103
0.189025
0.849611
-1.34862
-0.559539
-2.78907
-2.11611
-3.51033
-3.27711
-3.11934
-3.44999
-1.97836
-2.60104
-0.751166
-1.33606
0.0577505
-0.274356
0.367737
0.259827
0.447925
0.418767
0.462453
0.461787
0.465499
0.462071
-0.0602416
2.73171
2.14968
2.51669
2.63132
2.67617
1.85858
1.5228
-2.5884
-2.37651
-0.345922
1.09596
-2.64884
-1.24154
0.698329
0.783994
2.07081
-0.00615564
0.458793
0.295804
2.85681
2.96452
1.29709
1.24517
1.2182
0.4676
0.409895
0.413802
-0.499987
0.594331
-3.23106
0.760046
-0.344081
-0.345334
-0.396113
-0.26251
-3.60828
3.27448
0.861122
0.0624652
1.91808
2.355
-1.80881
-3.50888
4.75155
-3.05067
1.65292
-2.68122
0.584895
0.525444
0.706016
0.645186
0.818402
0.765714
0.91001
0.866369
0.987726
0.950772
1.05192
1.0216
1.10358
1.0791
1.14517
1.12532
1.17996
1.16317
1.21094
1.19558
1.24078
1.22573
1.27068
1.25559
1.30117
1.28579
1.33271
1.31682
1.36565
1.34909
1.39908
1.3825
1.43161
1.41568
1.46093
1.44688
1.4854
1.47391
1.50412
1.49548
1.51744
1.51138
1.52602
1.52228
1.52947
1.52842
1.52738
1.52914
1.51593
1.52332
1.4879
1.50415
1.43928
1.4665
1.36461
1.40523
1.26767
1.31801
1.16594
1.21644
1.06384
1.11545
0.963903
1.01224
0.878899
0.919569
0.823232
0.844227
0.830782
0.818361
0.591812
3.04271
2.99051
3.01663
3.05938
3.06225
3.06981
3.06401
2.66514
2.75515
2.52504
2.58849
2.42108
2.47122
2.31967
2.3703
2.23691
2.27387
2.18993
2.20988
2.16243
2.17436
2.15211
2.15518
2.15238
2.1519
2.15381
2.15298
2.15602
2.15588
2.15612
2.15667
2.1494
2.15398
2.13207
2.14247
2.09892
2.11762
2.05192
2.07648
1.99871
2.02489
1.9489
1.97283
1.9039
1.92582
1.86186
1.88283
1.8193
1.841
1.77184
1.79635
1.71568
1.74482
1.64932
1.68406
1.57377
1.61347
1.49343
1.53477
1.41696
1.45441
1.3545
1.38281
1.31307
1.33021
1.29549
1.30164
1.29662
1.29473
1.30225
1.29911
1.2883
1.29837
1.26965
1.48049
1.38844
1.69835
1.58068
1.98544
1.835
2.25261
2.12731
2.38911
2.34445
2.18937
2.32296
1.50558
1.92007
0.263402
0.947667
-1.36225
-0.523931
-2.92378
-2.18981
-3.75854
-3.47318
-3.38799
-3.73188
-2.20199
-2.85516
-0.907858
-1.52233
-0.0678512
-0.412749
0.28213
0.152784
0.376445
0.346725
0.396231
0.3897
0.403258
-0.366925
2.9457
1.57908
1.18401
-3.03293
-2.26264
0.857407
1.92952
0.111179
3.07337
1.18357
1.15092
0.464854
0.412881
-0.709649
0.688577
-3.75232
-1.11271
-0.330497
-0.890187
-0.0545299
-4.97293
0.985458
-0.734139
-0.703909
0.769296
-0.683303
1.60183
2.14027
-1.52604
-5.60549
3.58787
-0.072393
-3.41566
-5.02988
2.88535
2.8041
1.34259
-2.92995
0.574759
0.519075
0.686689
0.631306
0.791476
0.740335
0.881954
0.838484
0.95929
0.922239
1.02446
0.9934
1.07831
1.05266
1.12294
1.10154
1.16118
1.14271
1.19555
1.17866
1.22795
1.21184
1.25939
1.24367
1.29046
1.27489
1.32172
1.30604
1.35327
1.33753
1.38413
1.36892
1.41315
1.39899
1.43904
1.42662
1.46044
1.45043
1.47648
1.46913
1.48746
1.48257
1.49345
1.49107
1.49409
1.49442
1.48938
1.49245
1.47539
1.48399
1.44688
1.46293
1.4021
1.42682
1.33624
1.37175
1.25468
1.29655
1.17
1.21236
1.0826
1.12678
1.00038
1.03964
0.934647
0.965419
0.895019
0.910144
0.901234
0.892095
0.896463
0.956867
0.924153
0.752817
0.829284
0.542236
0.656663
2.86737
0.254276
0.408145
3.21613
3.22465
3.21829
3.20078
3.21185
3.18701
3.19289
3.07882
3.17932
3.18219
2.88274
2.97941
2.70661
2.7911
2.56853
2.63283
2.45895
2.51199
2.35715
2.40721
2.27324
2.31166
2.21865
2.24286
2.18303
2.19903
2.16297
2.17116
2.15475
2.15804
2.1492
2.15205
2.14486
2.14597
2.14031
2.14307
2.12989
2.13622
2.10972
2.1212
2.07725
2.09498
2.03471
2.05656
1.98583
2.01006
1.93838
1.96166
1.8937
1.91581
1.85067
1.87221
1.8066
1.82899
1.75787
1.7828
1.70214
1.73101
1.63825
1.67151
1.5675
1.60411
1.49358
1.53095
1.42288
1.45727
1.36266
1.39081
1.31798
1.33815
1.29096
1.30291
1.27698
1.28278
1.26708
1.27163
1.2384
1.25646
1.21343
1.27061
1.11416
1.18571
1.48354
1.37215
1.72329
1.60052
2.00949
1.86274
2.27312
2.15008
2.40363
2.36085
2.2491
2.37387
1.57419
1.98615
0.329991
1.01632
-1.29357
-0.455825
-2.86809
-2.12423
-3.73049
-3.43191
-3.32141
-3.73784
-2.22605
-2.84271
-0.992316
-1.58047
-0.173176
-0.516019
0.199117
0.0537115
0.308444
0.272637
0.336898
0.325276
0.359043
0.349475
0.361884
0.363249
-0.774218
3.22768
1.18554
0.791869
-4.12149
-2.71915
-0.255813
-1.20267
0.142447
-5.94784
-1.64182
-0.668614
0.944221
0.997333
3.08698
3.18112
0.632839
1.06556
1.04789
0.995931
0.356535
0.313583
0.308037
-1.38587
2.69198
-0.911114
-7.91896
0.50886
-1.24327
-1.17992
-1.02679
-0.288284
-3.22008
-8.43317
2.39063
1.18662
1.80793
-6.70955
0.0762837
0.413899
0.277174
3.22331
3.21702
0.940255
-3.85174
-0.110726
0.458603
0.407595
0.562592
0.510212
0.66803
0.615706
0.76738
0.71903
0.856336
0.813252
0.933482
0.896349
0.999432
0.96779
1.05521
1.02848
1.10245
1.07969
1.14337
1.12353
1.18023
1.16217
1.21463
1.19764
1.24751
1.23118
1.27922
1.26347
1.30992
1.29465
1.3399
1.32502
1.36858
1.35448
1.39492
1.38212
1.41771
1.4068
1.43604
1.42752
1.44937
1.44331
1.45804
1.45428
1.46164
1.46052
1.45978
1.4613
1.453
1.45708
1.43755
1.44668
1.41003
1.42525
1.36924
1.39149
1.31197
1.34258
1.24347
1.27839
1.17242
1.20818
1.09928
1.13588
1.03267
1.06439
0.982074
1.00506
0.956209
0.965111
0.964797
0.955121
1.01162
0.983721
0.815587
0.884095
0.640984
0.735202
0.532952
3.44017
3.52429
3.47978
3.37523
3.40491
3.32985
3.35008
3.29667
3.31348
3.27673
3.28519
2.90698
2.99415
2.74359
2.82312
2.60553
2.67132
2.4905
2.546
2.38835
2.43797
2.30307
2.34297
2.24198
2.26973
2.19926
2.21889
2.17085
2.1833
2.15492
2.16187
2.1428
2.14877
2.13306
2.13738
2.1242
2.12897
2.10995
2.11806
2.08771
2.09983
2.05635
2.07315
2.01539
2.03679
1.97105
1.99356
1.92599
1.94839
1.88216
1.90404
1.83888
1.86057
1.7939
1.81671
1.74465
1.76977
1.68943
1.71792
1.62778
1.65965
1.56085
1.59505
1.49164
1.5263
1.42477
1.45747
1.36548
1.39388
1.31776
1.34017
1.28263
1.29895
1.25687
1.26876
1.23106
1.24446
1.19221
1.21555
1.12998
1.16337
1.09167
1.23498
1.14696
1.4621
1.34076
1.72577
1.59263
2.00063
1.86238
2.25818
2.13581
2.39908
2.35264
2.21572
2.36154
1.54785
1.94683
0.372865
1.01722
-1.13028
-0.357254
-2.57351
-1.89142
-3.37901
-3.09561
-3.09259
-3.37837
-2.07936
-2.63887
-0.960892
-1.49527
-0.206955
-0.5241
0.147512
0.00605957
0.256881
0.216424
0.293209
0.278573
0.314815
0.306682
0.317034
-1.30164
3.58846
0.706161
0.25049
-6.37229
-4.0872
-0.578049
0.12015
-0.143364
1.04603
3.27152
0.063551
0.990077
0.936378
0.349153
0.301841
-1.8493
3.21083
-0.534226
-9.60175
-2.98834
-1.12694
-1.94291
-0.539799
-2.45463
-11.6513
-0.510064
2.49023
-1.35196
-7.16375
-10.9097
-0.054442
-1.89235
3.79405
3.90685
-1.99591
0.382234
0.28383
0.396379
-5.83783
-0.393615
0.449412
0.399409
0.549168
0.499152
0.650137
0.599881
0.746099
0.699076
0.83319
0.790822
0.910032
0.872885
0.976612
0.944529
1.03393
1.0063
1.08335
1.05947
1.1266
1.10559
1.16552
1.14651
1.20149
1.18381
1.23532
1.21863
1.26741
1.25156
1.29776
1.28278
1.3264
1.3123
1.35286
1.33993
1.37651
1.36511
1.39671
1.38712
1.41238
1.40516
1.42309
1.41831
1.42924
1.4267
1.43063
1.43058
1.42687
1.4293
1.41842
1.42332
1.40211
1.41143
1.37623
1.39031
1.3396
1.3594
1.29067
1.31651
1.23374
1.26271
1.17402
1.2042
1.11369
1.14347
1.06103
1.08598
1.02317
1.03978
1.00838
1.01256
1.01915
1.01014
1.06045
1.03616
1.08542
1.12624
1.09098
0.998498
1.04397
0.890571
0.947904
0.749944
0.824153
0.581637
0.668585
0.484216
3.63124
3.70353
3.52078
3.57084
3.44743
3.47994
3.39815
3.42095
3.36689
3.38001
3.26731
3.34838
3.35583
3.09621
3.18356
2.92746
3.0101
2.7745
2.84885
2.63692
2.70383
2.51772
2.57506
2.4146
2.46446
2.32715
2.36861
2.26055
2.29132
2.21137
2.23426
2.1758
2.19194
2.15234
2.16292
2.13485
2.14321
2.12036
2.12721
2.10714
2.11393
2.09018
2.09937
2.06681
2.07929
2.03603
2.0523
1.99772
2.01761
1.95578
1.977
1.91292
1.9344
1.8701
1.89156
1.82681
1.84853
1.78135
1.80437
1.73198
1.75718
1.67753
1.70551
1.6178
1.64844
1.55379
1.58625
1.48785
1.52084
1.42349
1.45522
1.36462
1.39326
1.31397
1.33834
1.27194
1.29202
1.23547
1.25321
1.19741
1.21693
1.14951
1.17546
1.08082
1.11815
1.03803
0.64118
0.621813
1.33317
1.00955
0.877864
0.938011
1.18812
1.09423
1.414
1.29367
1.6825
1.54749
1.95273
1.81898
2.1892
2.07993
2.28513
2.26435
2.0822
2.22825
1.45969
1.83065
0.3941
0.973271
-0.919143
-0.249353
-2.13098
-1.56488
-2.77414
-2.55234
-2.5411
-2.76561
-1.69457
-2.16135
-0.77073
-1.21098
-0.145526
-0.409339
0.13896
0.0225417
0.229434
0.191218
0.265365
0.251275
0.276946
0.274037
0.270209
0.27462
0.258008
0.264849
-2.02167
3.67275
0.159493
-0.329999
-10.0877
-6.43359
-1.0037
-0.413246
-2.73009
-1.44118
-1.66775
-13.7529
-4.71662
4.01513
4.17244
3.14993
-1.77275
0.194021
-0.243927
1.12863
1.16427
3.26906
3.34743
-2.76039
-6.01315
-14.1784
-2.04659
2.2121
0.247385
0.2177
0.204715
0.811803
0.825353
0.758463
-1.97164
-11.2398
-2.93887
0.614439
0.0947837
0.615962
4.04706
-3.17624
-0.138011
-9.02084
-0.75699
0.339171
0.292069
0.437626
0.388336
0.535716
0.486646
0.633488
0.584851
0.726717
0.6809
0.812263
0.770515
0.888752
0.851605
0.955923
0.923399
1.01448
0.986121
1.06567
1.04084
1.11082
1.08885
1.15149
1.13163
1.18879
1.17051
1.22338
1.20639
1.25554
1.23974
1.28536
1.27071
1.31282
1.29938
1.33743
1.32549
1.35871
1.3485
1.37622
1.36795
1.38921
1.38327
1.39752
1.39389
1.40126
1.39992
1.4004
1.40137
1.39517
1.39824
1.38552
1.39099
1.36898
1.37816
1.34512
1.35791
1.31269
1.33006
1.2713
1.29288
1.22478
1.24841
1.17538
1.2004
1.1263
1.15029
1.08556
1.10457
1.05844
1.06997
1.05143
1.05216
1.06701
1.05656
1.1055
1.08314
1.16493
1.13309
1.05423
1.09223
0.966854
1.01261
0.865048
0.917169
0.754847
0.810727
0.648879
0.697684
0.619742
3.79399
3.8915
3.65109
3.7162
3.5535
3.59751
3.48802
3.51754
3.44763
3.46475
3.42449
3.43276
3.1065
3.18859
2.9471
3.02574
2.79982
2.87224
2.66312
2.73007
2.54148
2.60018
2.43641
2.48718
2.3464
2.38943
2.27474
2.3083
2.21958
2.24549
2.1775
2.19699
2.14757
2.16122
2.12518
2.13583
2.10634
2.11535
2.08968
2.09796
2.07089
2.08082
2.04663
2.05938
2.0165
2.03224
1.9804
1.99901
1.94065
1.96077
1.89959
1.92021
1.85775
1.87875
1.81468
1.83632
1.76921
1.7922
1.71992
1.74507
1.66634
1.69378
1.6081
1.63781
1.54628
1.5775
1.48273
1.51457
1.42018
1.45124
1.36122
1.39021
1.30755
1.33375
1.25931
1.28285
1.21397
1.23647
1.166
1.19043
1.10948
1.13905
1.03505
1.07476
0.938749
0.98936
0.884478
0.944541
0.872392
1.12722
1.03146
1.33776
1.22808
1.59528
1.4628
1.86608
1.73262
2.07355
1.98384
2.11873
2.12395
1.87201
2.03826
1.27387
1.61569
0.376606
0.855431
-0.664841
-0.139481
-1.58763
-1.16036
-2.05716
-1.89903
-1.85823
-2.03914
-1.18176
-1.55427
-0.471277
-0.803631
-0.0207119
-0.204393
0.162732
0.0875539
0.220696
0.192607
0.246441
0.236623
0.245797
0.249068
0.233394
0.239791
0.227092
-3.17827
-1.5419
-0.255165
-0.597994
-0.942411
-14.1829
-9.15077
4.35715
3.76008
-1.56005
-0.738135
1.19956
3.41945
-4.03494
0.991124
1.10314
-3.43811
-16.3494
-6.28719
3.05703
-2.62425
-0.475727
0.232524
0.188456
0.181062
0.166208
0.737591
0.683918
0.777196
0.710092
-3.6269
-8.58054
-13.526
-3.67007
-2.56076
-4.41736
-0.00885219
0.529726
1.61054
0.659534
-4.90239
-0.694306
-12.5522
4.47944
4.18806
-1.19113
0.326491
0.279243
0.424323
0.374998
0.522079
0.473149
0.618019
0.57036
0.709159
0.664258
0.793372
0.752157
0.869446
0.832372
0.937092
0.904217
0.996726
0.967782
1.04936
1.02377
1.09614
1.07334
1.13826
1.11769
1.17661
1.15783
1.2118
1.19455
1.24395
1.22821
1.27316
1.25886
1.29937
1.28658
1.32221
1.31118
1.34136
1.33218
1.35642
1.34938
1.36672
1.36209
1.37251
1.37007
1.37403
1.37375
1.37108
1.37302
1.3644
1.36806
1.35388
1.35967
1.33776
1.34646
1.31621
1.32759
1.28809
1.30302
1.25336
1.27128
1.21575
1.2347
1.17623
1.19622
1.13751
1.15633
1.10685
1.12085
1.08888
1.09613
1.08802
1.08605
1.1081
1.09558
1.14659
1.12537
1.20271
1.17258
1.23462
1.26701
1.23449
1.17172
1.20318
1.10846
1.14003
1.04245
1.07573
0.978419
1.00954
0.929284
0.951595
0.91315
0.914564
0.934469
4.54442
4.68389
4.1873
4.35508
3.93546
4.04889
3.76669
3.84352
3.64867
3.70235
3.56888
3.60472
3.51859
3.54044
3.49143
3.50213
3.41861
3.48276
3.48491
3.27416
3.34928
3.11853
3.19624
2.966
3.04156
2.82107
2.89261
2.68472
2.75174
2.56169
2.62142
2.45432
2.50633
2.36144
2.40616
2.28502
2.32122
2.22408
2.25291
2.17614
2.19853
2.14049
2.15688
2.11342
2.12613
2.09115
2.10167
2.07195
2.08122
2.05173
2.06209
2.02726
2.03985
1.99809
2.01309
1.96379
1.98138
1.92592
1.94504
1.88638
1.90619
1.84544
1.86597
1.80271
1.82418
1.75762
1.78047
1.70866
1.73372
1.65556
1.68262
1.59862
1.62756
1.53856
1.56887
1.47681
1.50781
1.41534
1.44599
1.35579
1.38527
1.29933
1.32716
1.24578
1.27223
1.19297
1.21937
1.1368
1.16545
1.07214
1.10579
0.992217
1.03407
0.892386
0.944823
0.837373
0.869626
0.79855
1.04819
0.954324
1.24834
1.14546
1.49125
1.36571
1.73002
1.61731
1.86537
1.8157
1.81609
1.86976
1.5207
1.69636
1.00355
1.28912
0.308524
0.670387
-0.421817
-0.06152
-1.0129
-0.747475
-1.26507
-1.19018
-1.0927
-1.22802
-0.63438
-0.883888
-0.170168
-0.383838
0.103687
-0.00223755
0.196291
0.159259
0.217899
0.204842
0.227339
0.22363
0.21969
0.225848
0.202482
0.211266
0.19283
-4.76868
1.31982
-1.33171
-1.40537
-1.43591
-16.807
-11.0653
4.83554
3.91132
-2.22563
-1.1437
0.148163
0.635057
-5.23215
-4.72384
-15.4155
-7.44113
2.78735
-3.69616
-0.836695
1.26866
1.29902
3.42269
3.48572
-7.5506
-6.83265
-4.6846
-4.08
0.938559
0.0329543
-10.1477
1.67231
-2.31584
1.44107
2.13399
-0.983449
-14.7568
4.46306
-1.71617
0.214988
0.125649
0.167642
0.312424
0.262667
0.410669
0.360588
0.508583
0.459108
0.603579
0.555875
0.693439
0.648642
0.776614
0.735411
0.852244
0.814986
0.920121
0.886837
0.980548
0.951021
1.03437
1.00805
1.08259
1.05904
1.12595
1.10473
1.16518
1.14595
1.20076
1.18331
1.2328
1.21709
1.26138
1.24739
1.2864
1.27422
1.3076
1.29735
1.32462
1.3165
1.33726
1.3314
1.34505
1.34164
1.34829
1.34708
1.34744
1.34825
1.34258
1.34537
1.33457
1.33878
1.32348
1.32937
1.30827
1.31626
1.28907
1.29906
1.26516
1.27765
1.23676
1.25128
1.20668
1.2217
1.17622
1.19147
1.14718
1.16122
1.12529
1.13504
1.11503
1.11863
1.11957
1.11529
1.14296
1.12892
1.18389
1.16167
1.23914
1.20996
1.30019
1.26977
1.21246
1.24031
1.15973
1.18548
1.1155
1.13635
1.08713
1.09856
1.09114
1.08407
1.15798
1.11446
1.33922
1.22982
1.75231
1.49677
2.75785
2.18361
4.67416
4.90165
4.32766
4.49118
4.0582
4.18299
3.86793
3.95469
3.7336
3.79516
3.64085
3.68271
3.58174
3.60766
3.55093
3.56311
3.54126
3.54355
3.28075
3.35404
3.13098
3.2058
2.9831
3.05678
2.83911
2.91039
2.7027
2.76962
2.57853
2.63891
2.46843
2.52176
2.37228
2.41859
2.29124
2.32983
2.22483
2.25635
2.17144
2.19653
2.13052
2.14949
2.09948
2.11402
2.07461
2.08642
2.05356
2.06378
2.0326
2.0433
2.00849
2.02099
1.98033
1.99494
1.94767
1.96455
1.9115
1.92991
1.87333
1.89261
1.83327
1.85352
1.79108
1.81243
1.7463
1.76905
1.69779
1.72263
1.64524
1.67191
1.58935
1.61769
1.53066
1.56024
1.47018
1.50057
1.4093
1.43972
1.349
1.37899
1.28997
1.31929
1.2319
1.26083
1.17286
1.20247
1.10992
1.1421
1.03818
1.07542
0.952468
0.997217
0.850128
0.90331
0.72979
0.792119
0.589983
0.662717
0.655726
0.555333
0.602815
0.782691
0.715641
0.948375
0.860154
1.14498
1.04437
1.36469
1.2532
1.56217
1.47232
1.62256
1.61586
1.4641
1.57266
1.11819
1.30491
0.672718
0.906483
0.204966
0.433197
-0.199785
-0.00775118
-0.493359
-0.364989
-0.580442
-0.567144
-0.425838
-0.528336
-0.143235
-0.289256
0.094767
-0.00734013
0.198707
0.165544
0.213813
0.209167
0.206499
0.206974
0.202285
0.203289
0.193777
0.199395
0.17559
0.18545
0.149898
0.163688
0.115118
0.133993
-6.82686
0.560776
-0.900308
-1.73473
-1.22244
-16.0563
-11.4904
5.15595
3.99887
-3.16551
-1.71634
1.3306
3.54369
0.511731
0.0891504
-5.58397
-7.39501
-6.56732
-1.30239
0.339742
2.0484
5.68777
5.81685
2.27928
-4.23003
-11.9559
-6.15456
-5.53688
3.78295
6.22101
6.84193
6.76172
4.24423
-0.0712053
-14.5645
4.67929
5.26943
6.48045
7.5222
8.26314
7.28889
8.24948
7.81807
-2.45153
-8.5486
-8.14001
-3.3908
-0.755811
1.99097
6.78645
2.95115
0.447079
-1.32599
-8.42476
-9.71126
-10.9989
-11.0349
-9.90485
0.0645843
0.0884505
0.107486
0.124016
0.138514
0.150445
0.159148
0.165461
0.169797
0.173973
0.179445
0.189486
0.200865
0.217807
0.235328
0.255308
0.271392
0.271785
0.258442
0.227016
0.185532
0.135799
0.0843387
0.0379607
0.00267699
-0.0199593
-0.0288863
-0.0230306
0.00208389
0.0541512
0.137704
0.25472
0.402255
0.577569
0.781516
0.988137
1.16242
1.28502
1.34945
1.35465
1.31045
1.23499
1.14029
1.0359
0.932804
0.837134
0.754913
0.684999
0.622645
0.56596
0.516025
0.471173
0.427967
0.384586
0.467209
0.545596
0.617542
0.685297
0.74989
0.80993
0.865207
0.916262
0.963351
1.0069
1.04709
1.08463
1.11989
1.15352
1.18599
1.21767
1.2489
1.27968
1.31047
1.34111
1.3718
1.40233
1.43279
1.46298
1.493
1.52256
1.55166
1.58021
1.60822
1.63531
1.66153
1.68686
1.71138
1.73501
1.75771
1.77958
1.80074
1.82129
1.8412
1.86052
1.87927
1.89751
1.91519
1.93214
1.94821
1.96321
1.97724
1.99027
2.00238
2.01362
2.0242
2.03454
2.04511
2.05645
2.06898
2.08307
2.09908
2.11747
2.13869
2.16307
2.1907
2.22158
2.25565
2.29307
2.33402
2.37863
2.42684
2.47851
2.53354
2.5918
2.65318
2.71752
2.78463
2.85409
2.9253
2.99765
3.0706
3.14389
3.21752
3.29122
3.36293
3.4305
3.49246
3.54937
3.60271
3.59681
3.5939
3.59569
3.60324
3.61667
3.63772
3.66677
3.7042
3.75086
3.80776
3.87595
3.95647
4.05118
4.16284
4.29346
4.44241
4.60994
4.80011
5.01344
5.38495
5.82483
6.17443
6.57168
6.99812
7.37152
7.56256
7.50765
6.98903
6.20211
5.36968
4.43749
3.62446
3.03808
2.57988
2.17338
1.87777
1.65451
1.48678
1.36965
1.29128
1.23907
1.2061
1.18804
1.18173
1.18358
1.19285
1.20789
1.22748
1.24988
1.27446
1.30148
1.33045
1.36074
1.39414
1.36455
1.33436
1.30369
1.2727
1.24313
1.21604
1.19229
1.17252
1.15727
1.14655
1.14006
1.1372
1.1376
1.14091
1.14688
1.15499
1.16464
1.17524
1.18634
1.19772
1.2092
1.2207
1.23199
1.24294
1.25327
1.26293
1.27177
1.2799
1.28731
1.29408
1.30009
1.30547
1.31026
1.31461
1.31836
1.32142
1.32355
1.32478
1.32495
1.32412
1.32207
1.3189
1.31435
1.30866
1.30163
1.29361
1.2843
1.27404
1.26248
1.25009
1.23652
1.22219
1.20666
1.19036
1.17288
1.15458
1.13507
1.11467
1.09297
1.07021
1.04606
1.02076
0.993914
0.965882
0.936008
0.904796
0.871376
0.836709
0.79956
0.761388
0.720492
0.678903
0.634462
0.589811
0.54238
0.495308
0.445669
0.396881
0.345894
0.296064
0.244192
0.194199
0.144286
0.098526
0.0552111
0.0355431
0.0247637
0.00432265
-2.9649
-2.09052
-10.9239
-13.0011
-9.49315
5.29397
3.88716
5.56495
7.62774
8.15857
9.29773
9.20858
-2.51581
-4.89931
-3.73188
8.39716
4.96133
6.74543
-14.0947
-12.1463
-12.472
-1.62736
-0.024525
-0.0451547
-15.8045
-21.4631
-17.6664
-4.40432
-10.593
0.00611648
0.0325567
0.070165
0.119028
0.172462
0.225943
0.279445
0.331553
0.383167
0.433093
0.482486
0.530096
0.576902
0.621813
0.665581
0.70737
0.747705
0.786078
0.822904
0.857856
0.891261
0.922871
0.95299
0.981483
1.0087
1.0345
1.05915
1.08237
1.10438
1.12516
1.14476
1.1632
1.18063
1.19692
1.2122
1.22635
1.2395
1.2515
1.26241
1.27209
1.28057
1.28778
1.29372
1.29833
1.30158
1.30349
1.3041
1.30358
1.30194
1.29937
1.29588
1.29172
1.28699
1.28197
1.27663
1.27101
1.26495
1.25853
1.25167
1.24446
1.23683
1.2289
1.2207
1.21246
1.20423
1.19612
1.18812
1.18035
1.17298
1.16626
1.1605
1.15607
1.15347
1.15313
1.15544
1.1606
1.16902
1.18112
1.19749
1.21828
1.24343
1.27239
1.3043
1.33752
1.37017
1.40135
1.43032
-0.829022
10.3855
10.7708
0.966786
-3.20363
-8.02284
7.82891
10.2543
3.99424
6.26355
8.81802
4.51914
-17.4966
-12.27
0.00766272
0.0426655
0.053232
0.0688158
0.0863588
0.101706
0.114473
0.124299
0.130807
0.135331
0.139295
0.144914
0.153273
0.166069
0.182863
0.20637
0.244417
0.287575
0.340782
0.398141
0.454912
0.498773
0.524381
0.525052
0.502543
0.457731
0.3941
0.31346
0.217814
0.111311
0.00422733
-0.0868758
-0.141185
-0.141849
-0.0780108
0.0568793
0.267502
0.511105
0.739801
0.92537
1.05444
1.11761
1.12044
1.07647
0.997546
0.90106
0.804848
0.717101
0.642293
0.578057
0.521186
0.47058
0.425157
0.383155
0.343245
0.30171
0.258716
0.339507
0.421002
0.49984
0.574623
0.644519
0.710897
0.772838
0.830426
0.883594
0.932773
0.978449
1.021
1.0609
1.09874
1.13473
1.1696
1.20331
1.23646
1.26879
1.3008
1.33232
1.36363
1.3945
1.42509
1.45518
1.48495
1.51422
1.54301
1.57119
1.59861
1.62567
1.65154
1.67668
1.70097
1.72434
1.74683
1.76849
1.7894
1.80961
1.82914
1.84801
1.8663
1.88402
1.9011
1.91735
1.93268
1.94693
1.96023
1.97254
1.98398
1.99457
2.0046
2.01451
2.02485
2.03622
2.04904
2.06384
2.08102
2.10107
2.12428
2.15086
2.18082
2.21416
2.25079
2.29079
2.33421
2.38112
2.43149
2.48517
2.54204
2.60185
2.66444
2.72958
2.79711
2.86666
2.93779
3.00993
3.08278
3.15616
3.23004
3.30343
3.37467
3.44187
3.50437
3.56125
3.61512
3.6692
3.65407
3.64507
3.64014
3.64073
3.64806
3.66264
3.68544
3.71698
3.75776
3.80848
3.87009
3.94364
4.03039
4.13222
4.25052
4.38496
4.53573
4.70751
4.91266
5.17102
5.45017
5.76027
6.11382
6.47158
6.75951
6.99224
7.04838
6.95031
6.52894
5.93851
5.18002
4.47275
3.87862
3.35578
2.84508
2.40944
2.10033
1.87251
1.6919
1.55009
1.44377
1.36644
1.31187
1.27544
1.25363
1.24387
1.24361
1.25104
1.26472
1.28332
1.30589
1.33202
1.36051
1.39084
1.42205
1.4585
-11.1403
-9.45111
-5.17693
-4.54907
-10.3682
-0.0656087
-0.0300098
0.00450625
0.0484952
0.0993748
0.154423
0.209506
0.264587
0.31781
0.370253
0.420834
0.470534
0.518453
0.565251
0.610278
0.65389
0.69572
0.735918
0.774343
0.81112
0.84619
0.879669
0.911515
0.941841
0.970642
0.998049
1.02417
1.049
1.0725
1.09473
1.11572
1.13553
1.15415
1.17156
1.18785
1.20295
1.21698
1.22978
1.24147
1.25182
1.26096
1.26867
1.27511
1.28004
1.28359
1.28557
1.28619
1.28534
1.28333
1.28008
1.27593
1.27092
1.26545
1.25958
1.25369
1.24768
1.24172
1.23562
1.22954
1.22331
1.21711
1.21081
1.20464
1.19859
1.19287
1.18746
1.18248
1.17784
1.17364
1.16991
1.16685
1.16465
1.16359
1.16406
1.16643
1.17106
1.17823
1.18834
1.20185
1.21942
1.2415
1.26832
1.29949
1.33428
1.3705
1.40651
1.4407
1.47138
1.49922
1.52924
1.48955
1.45232
1.42019
1.3882
1.35857
1.33258
1.3114
1.29573
1.28689
1.2859
1.29416
1.31405
1.34691
1.39676
1.4685
1.56625
1.6975
1.86823
2.07887
2.32884
2.62582
2.98546
3.39861
3.91418
4.54823
5.1801
5.70714
6.1848
6.53668
6.68031
6.7005
6.57313
6.31063
6.07534
5.81393
5.5022
5.21558
4.9845
4.78598
4.61185
4.45541
4.31644
4.19418
4.08787
3.99669
3.91928
3.85418
3.80039
3.75713
3.72372
3.69968
3.6845
3.67792
3.67919
3.6877
3.7027
3.72407
3.69469
0.212644
0.290832
0.374573
0.45699
0.535696
0.608866
0.678315
0.741876
0.801622
0.856166
0.907343
0.954289
0.998915
1.04023
1.08022
1.11778
1.15463
1.18987
1.22466
1.25834
1.29159
1.32394
1.35599
1.38727
1.41826
1.44842
1.4783
1.5075
1.53637
1.5644
1.59163
1.61794
1.64355
1.66827
1.69217
1.71513
1.73734
1.75859
1.77916
1.79887
1.81802
1.83635
1.85421
1.87129
1.88782
1.9033
1.918
1.93144
1.94399
1.95533
1.96588
1.97544
1.98464
1.99366
2.00342
2.01425
2.02703
2.04203
2.06004
2.08125
2.10622
2.13479
2.16714
2.203
2.24246
2.28528
2.33151
2.38098
2.43371
2.48955
2.54835
2.60988
2.67389
2.74024
2.80861
2.87868
2.9499
3.022
3.09483
3.16854
3.24312
3.31704
3.38919
3.45785
3.52182
3.5816
3.63905
0.142813
0.185702
0.0140001
0.0432613
0.0468915
0.0577336
0.0703568
0.0814722
0.0903146
0.0970929
0.101938
0.106368
0.111365
0.118453
0.128608
0.142847
0.163549
0.191085
0.240881
0.292832
0.357322
0.434983
0.518864
0.601583
0.677105
0.73577
0.7643
0.750685
0.68867
0.575083
0.414513
0.217069
-0.000864629
-0.217511
-0.403226
-0.523626
-0.545321
-0.449608
-0.240607
0.0332082
0.318951
0.568521
0.75317
0.860096
0.89892
0.881664
0.819926
0.739975
0.659344
0.584846
0.519904
0.463319
0.414171
0.370621
0.331821
0.295346
0.25965
0.222847
-15.5779
6.75355
6.07266
8.95596
-5.77994
10.6979
-12.7695
-13.4401
7.65176
5.26
3.5112
9.12899
0.0843293
-0.567139
-3.73791
0.0901441
0.160613
-0.0313209
-0.141889
-6.55685
-11.6775
3.8103
1.56632
1.5704
-17.5368
1.59967
3.82708
0.0375728
-8.83657
-4.62243
9.31613
7.05535
6.44547
-16.1098
0.152672
0.122442
0.209407
0.1811
0.268678
0.237742
0.341148
0.302561
0.436194
0.385182
0.55596
0.494011
0.656811
0.613896
0.586312
0.652085
0.232175
0.447788
-0.349017
-0.0482043
-0.794836
-0.616117
-0.746289
-0.842939
-0.277816
-0.541406
0.261905
0.000557303
0.660789
0.486363
0.838165
0.779071
0.795344
0.841214
0.607914
0.711403
0.405046
0.500708
0.254848
0.316922
0.158438
0.203849
0.112183
0.132004
0.090239
0.0993132
0.0780358
0.0835115
0.0694179
0.0732116
0.060855
0.0653254
0.0481595
0.055162
0.0318571
0.0401181
0.0167315
3.66948
3.72961
3.54227
3.60685
3.40399
3.47488
3.25544
3.33028
3.10738
3.18097
2.96244
3.03467
2.81972
2.89069
2.68213
2.75004
2.55289
2.61633
2.4341
2.49205
2.32721
2.37913
2.23256
2.27831
2.15137
2.19014
2.08581
2.11649
2.03732
2.05942
2.00437
2.01913
1.98233
1.99233
1.96555
1.9736
1.94887
1.95746
1.92878
1.93931
1.90429
1.91704
1.87566
1.8904
1.84366
1.85995
1.80887
1.82654
1.77132
1.79038
1.73044
1.75126
1.68572
1.70848
1.63705
1.66173
1.58522
1.61129
1.5305
1.55804
1.47275
1.50174
1.41261
1.44264
1.34992
1.38121
1.28442
1.31711
1.21578
1.25005
1.14363
1.1796
1.06686
1.10512
0.983235
1.02496
0.889364
0.936428
0.78109
0.835784
0.654256
0.71863
0.505248
0.580773
0.333924
0.420041
0.241957
1.48649
1.52896
1.41123
1.44737
1.35319
1.37959
1.31956
1.33297
1.31828
1.31424
1.36031
1.3332
1.46273
1.40251
1.65686
1.54597
1.98828
1.80346
2.45448
2.20642
3.10866
2.74662
4.0183
3.53989
5.04709
4.53284
5.91186
5.53886
6.38699
6.21225
6.384
6.4363
6.01178
6.22379
5.51765
5.76485
5.0418
5.27511
4.66112
4.8374
4.36429
4.50464
4.13101
4.24006
3.95595
4.03664
3.83206
3.88817
3.75227
3.78703
3.71221
3.72751
3.70983
3.70645
3.74536
3.72216
3.77659
1.50829
1.53764
1.43645
1.47399
1.35757
1.39683
1.28834
1.32097
1.2377
1.26065
1.20465
1.21936
1.18444
1.19327
1.17342
1.17802
1.1686
1.17045
1.1672
1.16761
1.16801
1.1673
1.17145
1.16929
1.17791
1.17423
1.1867
1.18197
1.19675
1.19147
1.20791
1.20203
1.22041
1.21384
1.23422
1.22703
1.24849
1.2413
1.26111
1.25507
1.2697
1.26599
1.2726
1.2719
1.269
1.27163
1.25888
1.26472
1.24292
1.25162
1.22154
1.2329
1.19518
1.20898
1.16412
1.18024
1.12834
1.14686
1.08761
1.1086
1.04176
1.06537
0.99062
1.01692
0.933889
0.963032
0.871303
0.903442
0.802511
0.837823
0.727222
0.765854
0.645194
0.687243
0.556504
0.601857
0.461561
0.509934
0.360922
0.412008
0.254873
0.308606
0.143172
0.199641
0.0299252
0.0860798
-0.0715741
-0.0232623
-0.146542
-0.111943
-8.57274
-0.0260419
0.0233983
1.68509
3.89959
1.68046
3.88313
0.00607713
-0.165119
-0.200635
-0.0435431
-0.103546
0.08237
0.0226513
0.196558
0.142025
0.304481
0.252013
0.407637
0.357207
0.505595
0.457655
0.597589
0.552564
0.683049
0.641239
0.761775
0.723271
0.833882
0.798605
0.899649
0.867474
0.959367
0.930165
1.0134
0.987003
1.062
1.0383
1.10535
1.08425
1.14365
1.12506
1.17709
1.16091
1.20572
1.19193
1.22941
1.21814
1.24763
1.23916
1.25985
1.25446
1.26528
1.26341
1.2634
1.26519
1.2547
1.25976
1.24084
1.24824
1.22404
1.23257
1.20718
1.21537
1.19251
1.19945
1.18038
1.18607
1.17025
1.17502
1.16196
1.16574
1.15691
1.15881
1.15677
1.15612
1.16107
1.15845
1.16739
1.16409
1.17473
1.17084
1.18542
1.17945
1.20299
1.19312
1.23073
1.21544
1.2718
1.24935
1.33147
1.29899
1.4111
1.36922
1.49818
1.45527
1.58098
1.53874
1.62944
3.81473
3.86362
3.74678
3.77434
3.72581
3.73087
3.7464
3.73111
3.80727
3.77175
3.91128
3.85364
4.06389
3.98112
4.27302
4.16102
4.54377
4.4006
4.87897
4.7031
5.27053
5.06937
5.76448
5.50608
6.09598
5.95817
6.2658
6.23624
6.01603
6.18273
5.39679
5.73866
4.569
5.05027
3.54341
4.05601
2.86014
3.17661
2.29956
2.56722
1.87289
2.0661
1.59881
1.71876
1.43927
1.50703
1.35844
1.39171
1.33286
1.33964
1.34767
1.33587
1.39427
1.36735
1.469
1.42808
1.57156
1.5172
1.62776
0.204581
0.110975
0.396956
0.304629
0.564426
0.485877
0.705525
0.639612
0.824723
0.769178
0.927026
0.879293
1.01701
0.974625
1.09841
1.05954
1.17395
1.13749
1.24527
1.21064
1.31319
1.28013
1.37803
1.34644
1.44006
1.40974
1.49948
1.47036
1.55623
1.52839
1.61001
1.58367
1.66
1.63557
1.70603
1.6836
1.74799
1.72758
1.78614
1.76757
1.82123
1.8041
1.85338
1.83772
1.88254
1.86842
1.90777
1.89571
1.92838
1.9187
1.94432
1.93688
1.95775
1.95108
1.97356
1.96497
1.99844
1.98437
2.03937
2.01654
2.0998
2.06713
2.1781
2.13694
2.27056
2.22274
2.37512
2.32134
2.49176
2.43191
2.61987
2.55451
2.75701
2.6875
2.90003
2.82804
3.04492
2.97248
3.19011
3.11733
3.33863
3.26386
3.48885
3.41409
3.63245
3.56212
3.76343
3.69946
3.82472
-0.0948618
0.00550344
-0.0138325
0.0269571
0.0151359
0.0367393
0.0337853
0.0399837
0.0383851
0.0449501
0.0420911
0.0537633
0.0489736
0.0655049
0.0586195
0.0912842
0.0752225
0.146463
0.111457
0.231574
0.184401
0.368809
0.294662
0.543133
0.453907
0.686378
0.624916
0.686747
0.710417
0.467183
0.605794
0.0318177
0.271982
-0.503449
-0.235642
-0.854313
-0.726803
-0.704819
-0.841201
-0.233724
-0.486501
0.191279
0.00393301
0.381706
0.314074
0.379069
0.397542
0.306474
0.346506
0.237055
0.268573
0.18523
0.208992
0.144019
0.163549
0.109082
0.126185
0.0704227
0.091154
0.0419323
-12.4953
-0.318949
-8.24123
-13.073
-0.426984
-21.1165
-16.8706
-19.8891
-21.1575
-18.6848
-14.5461
10.9125
12.4751
12.3764
11.4653
8.41186
-5.77645
-4.76476
-4.95486
-4.88367
-4.68397
-1.59739
3.75547
1.14013
-5.52115
-0.305699
-0.207239
-0.117685
-0.041648
0.0254184
0.0871369
0.142326
0.198488
0.251532
0.30519
0.356455
0.407627
0.456671
0.505064
0.551386
0.596685
0.639903
0.681889
0.721819
0.760444
0.797094
0.832455
0.865961
0.898208
0.928708
0.957984
0.985637
1.01211
1.03705
1.06081
1.08309
1.10419
1.12389
1.14242
1.15961
1.17566
1.1904
1.20401
1.21627
1.22728
1.23684
1.24503
1.25166
1.25677
1.26011
1.26168
1.26129
1.25908
1.25502
1.24934
1.24224
1.23405
1.22504
1.21566
1.20625
1.1972
1.18872
1.18098
1.1739
1.16747
1.16162
1.15643
1.15197
1.14847
1.14617
1.14533
1.14604
1.14828
1.15182
1.15629
1.16129
1.1665
1.17177
1.17721
1.18318
1.19024
1.19899
1.20999
1.22368
1.2403
1.26
1.28314
1.31087
1.34525
1.38859
1.44196
1.50404
1.56816
1.62298
1.66149
1.7001
1.81615
4.00227
3.89809
3.83532
3.78958
3.75933
3.74189
3.7361
3.74097
3.75613
3.78177
3.81791
3.86485
3.92331
3.99423
4.07838
4.1766
4.29008
4.42049
4.56977
4.74037
4.93447
5.14621
5.35202
5.53731
5.70554
5.90086
6.08312
6.11771
6.13631
6.0901
5.85709
5.65142
5.27467
4.829
4.47157
4.14928
3.78359
3.36287
2.91574
2.55504
2.28266
2.07285
1.89767
1.74872
1.62626
1.53151
1.45817
1.40529
1.37137
1.35086
1.34249
1.34422
1.3553
1.37493
1.40224
1.43743
1.48188
1.53594
1.6007
1.68063
1.80218
1.999
-0.110952
-0.0451832
0.0755979
0.186485
0.294633
0.387619
0.478993
0.557233
0.633912
0.700054
0.764448
0.820715
0.875427
0.924093
0.971621
1.01481
1.05729
1.09671
1.13576
1.17259
1.20922
1.24413
1.27885
1.31214
1.34517
1.37692
1.40836
1.43875
1.4688
1.49792
1.52658
1.55438
1.58166
1.60802
1.63364
1.65823
1.68195
1.70454
1.72617
1.74667
1.76621
1.78472
1.80241
1.81923
1.83529
1.85049
1.86494
1.87849
1.89107
1.90251
1.9128
1.92182
1.92967
1.93647
1.94264
1.94873
1.95548
1.96367
1.97428
1.98823
2.00636
2.02927
2.05719
2.09004
2.12748
2.16905
2.21433
2.263
2.31491
2.37
2.42824
2.48955
2.5538
2.62071
2.6899
2.76087
2.83317
2.90631
2.9797
3.0529
3.12587
3.19904
3.27338
3.35011
3.43036
3.51409
3.59847
3.67692
3.74284
3.79622
3.85971
4.00152
4.23585
0.221645
0.060125
-0.001706
-0.00684651
-0.00116363
0.00839916
0.0127082
0.0134302
0.0135553
0.0137638
0.0144518
0.0154141
0.0168847
0.0189401
0.0203199
0.0230361
0.0267014
0.0326917
0.0390958
0.0541992
0.0696459
0.0902486
0.120207
0.159134
0.207599
0.261149
0.312594
0.353388
0.372536
0.364057
0.322556
0.247451
0.139143
0.00470802
-0.147433
-0.304993
-0.442173
-0.528522
-0.522095
-0.450587
-0.334786
-0.202761
-0.0772243
0.0196471
0.0852772
0.127873
0.140918
0.142002
0.128502
0.109194
0.0940702
0.0819285
0.0717084
0.0636046
0.0563952
0.0501072
0.0447512
0.0392167
0.0335016
0.0281284
0.0244957
0.032745
0.0138965
-11.108
-7.66552
4.88377
0.525921
)
;

boundaryField
{
    frontandback
    {
        type            empty;
    }
    walls
    {
        type            zeroGradient;
    }
    diamond
    {
        type            zeroGradient;
    }
    inlet
    {
        type            zeroGradient;
    }
    outlet
    {
        type            fixedValue;
        value           uniform 0;
    }
}


// ************************************************************************* //
