# Force coefficients
# liftDir     : (0.000000e+00 1.000000e+00 0.000000e+00)
# dragDir     : (1.000000e+00 0.000000e+00 0.000000e+00)
# pitchAxis   : (0.000000e+00 0.000000e+00 1.000000e+00)
# magUInf     : 1.000000e+00
# lRef        : 1.000000e+00
# Aref        : 2.000000e+00
# CofR        : (0.000000e+00 0.000000e+00 0.000000e+00)
# Time        	Cm            	Cd            	Cl            	Cl(f)         	Cl(r)         
0             	0.000000e+00	0.000000e+00	0.000000e+00	0.000000e+00	0.000000e+00
0.05          	-5.036080e+00	9.901470e-01	-4.580097e-02	-5.058981e+00	5.013180e+00
0.1           	-3.900024e+00	7.745579e-01	-1.602703e-02	-3.908038e+00	3.892011e+00
0.15          	-3.383950e+00	6.743051e-01	-9.136626e-03	-3.388518e+00	3.379381e+00
0.2           	-3.075396e+00	6.145258e-01	-3.966540e-03	-3.077380e+00	3.073413e+00
0.25          	-2.869783e+00	5.740677e-01	-1.607989e-03	-2.870587e+00	2.868979e+00
0.3           	-2.745565e+00	5.493739e-01	-6.401376e-04	-2.745885e+00	2.745245e+00
0.35          	-2.653794e+00	5.310652e-01	2.070746e-05	-2.653783e+00	2.653804e+00
0.4           	-2.596170e+00	5.190116e-01	-1.109702e-03	-2.596725e+00	2.595615e+00
0.45          	-2.553585e+00	5.104729e-01	-9.487021e-04	-2.554059e+00	2.553110e+00
0.5           	-2.526908e+00	5.049785e-01	-1.155725e-03	-2.527486e+00	2.526331e+00
0.55          	-2.510816e+00	5.017724e-01	-9.312434e-04	-2.511282e+00	2.510350e+00
0.6           	-2.515029e+00	5.021164e-01	-2.078549e-03	-2.516068e+00	2.513990e+00
0.65          	-2.516849e+00	5.022999e-01	-2.375716e-03	-2.518037e+00	2.515661e+00
0.7           	-2.519494e+00	5.025631e-01	-2.862669e-03	-2.520926e+00	2.518063e+00
0.75          	-2.533968e+00	5.050004e-01	-3.821184e-03	-2.535879e+00	2.532058e+00
0.8           	-2.540109e+00	5.058048e-01	-4.728582e-03	-2.542473e+00	2.537744e+00
0.85          	-2.554616e+00	5.085684e-01	-4.915466e-03	-2.557073e+00	2.552158e+00
0.9           	-2.568348e+00	5.114846e-01	-4.365089e-03	-2.570531e+00	2.566166e+00
0.95          	-2.583141e+00	5.145351e-01	-3.938785e-03	-2.585110e+00	2.581171e+00
1             	-2.597478e+00	5.172773e-01	-4.180188e-03	-2.599569e+00	2.595388e+00
1.05          	-2.609329e+00	5.200925e-01	-3.065187e-03	-2.610861e+00	2.607796e+00
1.1           	-2.623714e+00	5.230548e-01	-2.785391e-03	-2.625106e+00	2.622321e+00
1.15          	-2.638149e+00	5.261790e-01	-2.183832e-03	-2.639241e+00	2.637057e+00
1.2           	-2.644670e+00	5.278055e-01	-1.306274e-03	-2.645323e+00	2.644016e+00
1.25          	-2.655340e+00	5.301648e-01	-7.291698e-04	-2.655705e+00	2.654976e+00
1.3           	-2.668997e+00	5.328852e-01	-7.058741e-04	-2.669350e+00	2.668644e+00
1.35          	-2.676363e+00	5.346047e-01	-1.391342e-04	-2.676433e+00	2.676294e+00
1.4           	-2.683726e+00	5.366315e-01	1.226525e-03	-2.683113e+00	2.684339e+00
1.45          	-2.686802e+00	5.378172e-01	2.623546e-03	-2.685490e+00	2.688114e+00
1.5           	-2.692350e+00	5.391030e-01	3.063293e-03	-2.690819e+00	2.693882e+00
1.55          	-2.699609e+00	5.410294e-01	4.199087e-03	-2.697509e+00	2.701708e+00
1.6           	-2.702425e+00	5.419783e-01	5.144104e-03	-2.699853e+00	2.704997e+00
1.65          	-2.703938e+00	5.424460e-01	5.523770e-03	-2.701176e+00	2.706700e+00
1.7           	-2.701196e+00	5.422033e-01	6.239536e-03	-2.698076e+00	2.704315e+00
1.75          	-2.700770e+00	5.424633e-01	7.100817e-03	-2.697220e+00	2.704320e+00
1.8           	-2.697762e+00	5.423861e-01	8.359744e-03	-2.693582e+00	2.701942e+00
1.85          	-2.692996e+00	5.418116e-01	9.269809e-03	-2.688361e+00	2.697631e+00
1.9           	-2.687060e+00	5.409789e-01	1.011846e-02	-2.682001e+00	2.692119e+00
1.95          	-2.682749e+00	5.404755e-01	1.095499e-02	-2.677272e+00	2.688227e+00
2             	-2.673766e+00	5.387920e-01	1.121283e-02	-2.668160e+00	2.679372e+00
2.05          	-2.665833e+00	5.374255e-01	1.173753e-02	-2.659964e+00	2.671701e+00
2.1           	-2.657016e+00	5.360141e-01	1.257454e-02	-2.650729e+00	2.663304e+00
2.15          	-2.647798e+00	5.343953e-01	1.310493e-02	-2.641245e+00	2.654350e+00
2.2           	-2.638127e+00	5.327109e-01	1.369899e-02	-2.631278e+00	2.644977e+00
2.25          	-2.628483e+00	5.310270e-01	1.427283e-02	-2.621347e+00	2.635620e+00
2.3           	-2.618290e+00	5.293668e-01	1.519185e-02	-2.610694e+00	2.625886e+00
2.35          	-2.608859e+00	5.276752e-01	1.564737e-02	-2.601036e+00	2.616683e+00
2.4           	-2.599035e+00	5.258938e-01	1.607334e-02	-2.590999e+00	2.607072e+00
2.45          	-2.590202e+00	5.243359e-01	1.656428e-02	-2.581919e+00	2.598484e+00
2.5           	-2.581336e+00	5.227078e-01	1.689698e-02	-2.572887e+00	2.589784e+00
2.55          	-2.572313e+00	5.210951e-01	1.735472e-02	-2.563636e+00	2.580991e+00
2.6           	-2.563858e+00	5.195639e-01	1.772623e-02	-2.554995e+00	2.572721e+00
2.65          	-2.555711e+00	5.180893e-01	1.808991e-02	-2.546666e+00	2.564756e+00
2.7           	-2.547788e+00	5.166411e-01	1.840279e-02	-2.538587e+00	2.556990e+00
2.75          	-2.540300e+00	5.152637e-01	1.867937e-02	-2.530960e+00	2.549639e+00
2.8           	-2.533054e+00	5.139387e-01	1.896640e-02	-2.523570e+00	2.542537e+00
2.85          	-2.527074e+00	5.127495e-01	1.895704e-02	-2.517596e+00	2.536553e+00
2.9           	-2.520292e+00	5.114615e-01	1.910366e-02	-2.510740e+00	2.529843e+00
2.95          	-2.513543e+00	5.102484e-01	1.942252e-02	-2.503832e+00	2.523255e+00
3             	-2.507845e+00	5.091073e-01	1.939610e-02	-2.498147e+00	2.517543e+00
3.05          	-2.502107e+00	5.080116e-01	1.950443e-02	-2.492354e+00	2.511859e+00
3.1           	-2.496194e+00	5.068938e-01	1.964480e-02	-2.486372e+00	2.506017e+00
3.15          	-2.490942e+00	5.058746e-01	1.970008e-02	-2.481092e+00	2.500792e+00
3.2           	-2.486054e+00	5.049021e-01	1.968596e-02	-2.476211e+00	2.495897e+00
3.25          	-2.481017e+00	5.038917e-01	1.965606e-02	-2.471189e+00	2.490845e+00
3.3           	-2.476055e+00	5.028900e-01	1.960800e-02	-2.466251e+00	2.485859e+00
3.35          	-2.471792e+00	5.020051e-01	1.950337e-02	-2.462040e+00	2.481544e+00
3.4           	-2.467324e+00	5.010795e-01	1.939986e-02	-2.457624e+00	2.477024e+00
3.45          	-2.463185e+00	5.002065e-01	1.926312e-02	-2.453553e+00	2.472816e+00
3.5           	-2.459053e+00	4.993377e-01	1.913285e-02	-2.449487e+00	2.468619e+00
3.55          	-2.455236e+00	4.985138e-01	1.895742e-02	-2.445757e+00	2.464714e+00
3.6           	-2.451533e+00	4.976968e-01	1.874132e-02	-2.442163e+00	2.460904e+00
3.65          	-2.447911e+00	4.968860e-01	1.850064e-02	-2.438660e+00	2.457161e+00
3.7           	-2.444533e+00	4.961044e-01	1.821014e-02	-2.435428e+00	2.453638e+00
3.75          	-2.441315e+00	4.953600e-01	1.793385e-02	-2.432348e+00	2.450282e+00
3.8           	-2.438229e+00	4.946196e-01	1.760071e-02	-2.429428e+00	2.447029e+00
3.85          	-2.435256e+00	4.939017e-01	1.726787e-02	-2.426622e+00	2.443890e+00
3.9           	-2.432478e+00	4.931964e-01	1.686863e-02	-2.424044e+00	2.440912e+00
3.95          	-2.429735e+00	4.924989e-01	1.647229e-02	-2.421499e+00	2.437971e+00
4             	-2.427183e+00	4.918021e-01	1.598172e-02	-2.419192e+00	2.435174e+00
4.05          	-2.424820e+00	4.911531e-01	1.551753e-02	-2.417061e+00	2.432578e+00
4.1           	-2.422551e+00	4.905104e-01	1.502128e-02	-2.415040e+00	2.430061e+00
4.15          	-2.420263e+00	4.898645e-01	1.452910e-02	-2.412998e+00	2.427527e+00
4.2           	-2.418105e+00	4.892379e-01	1.401953e-02	-2.411096e+00	2.425115e+00
4.25          	-2.416154e+00	4.886237e-01	1.343774e-02	-2.409435e+00	2.422873e+00
4.3           	-2.414337e+00	4.880391e-01	1.286390e-02	-2.407905e+00	2.420769e+00
4.35          	-2.412546e+00	4.874500e-01	1.226664e-02	-2.406412e+00	2.418679e+00
4.4           	-2.410878e+00	4.868693e-01	1.162941e-02	-2.405063e+00	2.416692e+00
4.45          	-2.409553e+00	4.863315e-01	1.092839e-02	-2.404088e+00	2.415017e+00
4.5           	-2.408202e+00	4.857931e-01	1.023943e-02	-2.403082e+00	2.413321e+00
4.55          	-2.406892e+00	4.852579e-01	9.539101e-03	-2.402122e+00	2.411661e+00
4.6           	-2.405592e+00	4.847210e-01	8.830399e-03	-2.401177e+00	2.410007e+00
4.65          	-2.404444e+00	4.841996e-01	8.085091e-03	-2.400402e+00	2.408487e+00
4.7           	-2.403418e+00	4.836987e-01	7.330820e-03	-2.399753e+00	2.407084e+00
4.75          	-2.402359e+00	4.831917e-01	6.579255e-03	-2.399069e+00	2.405648e+00
4.8           	-2.401566e+00	4.827192e-01	5.781026e-03	-2.398676e+00	2.404457e+00
4.85          	-2.400738e+00	4.822454e-01	4.998190e-03	-2.398239e+00	2.403237e+00
4.9           	-2.399935e+00	4.817732e-01	4.208404e-03	-2.397830e+00	2.402039e+00
4.95          	-2.399301e+00	4.813230e-01	3.389226e-03	-2.397606e+00	2.400995e+00
5             	-2.398759e+00	4.808798e-01	2.542485e-03	-2.397487e+00	2.400030e+00
5.05          	-2.398068e+00	4.804262e-01	1.745531e-03	-2.397195e+00	2.398941e+00
5.1           	-2.397686e+00	4.800093e-01	8.859148e-04	-2.397244e+00	2.398129e+00
5.15          	-2.397182e+00	4.795846e-01	6.977874e-05	-2.397147e+00	2.397217e+00
5.2           	-2.396836e+00	4.791861e-01	-7.595852e-04	-2.397216e+00	2.396456e+00
5.25          	-2.396372e+00	4.787705e-01	-1.571165e-03	-2.397157e+00	2.395586e+00
5.3           	-2.396000e+00	4.783689e-01	-2.393211e-03	-2.397197e+00	2.394804e+00
5.35          	-2.395636e+00	4.779763e-01	-3.195081e-03	-2.397233e+00	2.394038e+00
5.4           	-2.395392e+00	4.776046e-01	-4.004494e-03	-2.397395e+00	2.393390e+00
5.45          	-2.395086e+00	4.772299e-01	-4.788888e-03	-2.397480e+00	2.392692e+00
5.5           	-2.394856e+00	4.768711e-01	-5.570761e-03	-2.397642e+00	2.392071e+00
5.55          	-2.394558e+00	4.765069e-01	-6.331058e-03	-2.397724e+00	2.391393e+00
5.6           	-2.394354e+00	4.761577e-01	-7.100258e-03	-2.397904e+00	2.390804e+00
5.65          	-2.394055e+00	4.758087e-01	-7.819835e-03	-2.397965e+00	2.390145e+00
5.7           	-2.393795e+00	4.754737e-01	-8.523358e-03	-2.398057e+00	2.389533e+00
5.75          	-2.393538e+00	4.751453e-01	-9.210617e-03	-2.398143e+00	2.388932e+00
5.8           	-2.393219e+00	4.748142e-01	-9.872726e-03	-2.398155e+00	2.388282e+00
5.85          	-2.392935e+00	4.744918e-01	-1.052985e-02	-2.398200e+00	2.387670e+00
5.9           	-2.392648e+00	4.741876e-01	-1.113943e-02	-2.398218e+00	2.387078e+00
5.95          	-2.392260e+00	4.738798e-01	-1.170616e-02	-2.398113e+00	2.386407e+00
6             	-2.391880e+00	4.735800e-01	-1.225622e-02	-2.398008e+00	2.385752e+00
6.05          	-2.391480e+00	4.732884e-01	-1.277422e-02	-2.397867e+00	2.385093e+00
6.1           	-2.391007e+00	4.729977e-01	-1.325313e-02	-2.397634e+00	2.384381e+00
6.15          	-2.390562e+00	4.727241e-01	-1.370208e-02	-2.397413e+00	2.383711e+00
6.2           	-2.390044e+00	4.724506e-01	-1.411377e-02	-2.397101e+00	2.382987e+00
6.25          	-2.389443e+00	4.721749e-01	-1.448767e-02	-2.396687e+00	2.382199e+00
6.3           	-2.388867e+00	4.719282e-01	-1.480258e-02	-2.396268e+00	2.381466e+00
6.35          	-2.388260e+00	4.716769e-01	-1.511331e-02	-2.395816e+00	2.380703e+00
6.4           	-2.387503e+00	4.714315e-01	-1.533213e-02	-2.395169e+00	2.379837e+00
6.45          	-2.386651e+00	4.711773e-01	-1.552456e-02	-2.394413e+00	2.378889e+00
6.5           	-2.385840e+00	4.709373e-01	-1.570182e-02	-2.393691e+00	2.377989e+00
6.55          	-2.384893e+00	4.706978e-01	-1.580917e-02	-2.392798e+00	2.376989e+00
6.6           	-2.383933e+00	4.704844e-01	-1.584380e-02	-2.391855e+00	2.376011e+00
6.65          	-2.382751e+00	4.702144e-01	-1.590878e-02	-2.390705e+00	2.374796e+00
6.7           	-2.381688e+00	4.700000e-01	-1.589283e-02	-2.389634e+00	2.373742e+00
6.75          	-2.380423e+00	4.697789e-01	-1.579688e-02	-2.388322e+00	2.372525e+00
6.8           	-2.379095e+00	4.695670e-01	-1.564245e-02	-2.386916e+00	2.371274e+00
6.85          	-2.377656e+00	4.693438e-01	-1.546087e-02	-2.385387e+00	2.369926e+00
6.9           	-2.376228e+00	4.691382e-01	-1.524043e-02	-2.383849e+00	2.368608e+00
6.95          	-2.374684e+00	4.689308e-01	-1.496587e-02	-2.382167e+00	2.367201e+00
7             	-2.373036e+00	4.687202e-01	-1.464759e-02	-2.380360e+00	2.365712e+00
7.05          	-2.371338e+00	4.685269e-01	-1.426047e-02	-2.378468e+00	2.364208e+00
7.1           	-2.369562e+00	4.683259e-01	-1.385442e-02	-2.376489e+00	2.362635e+00
7.15          	-2.367687e+00	4.681325e-01	-1.337922e-02	-2.374376e+00	2.360997e+00
7.2           	-2.365757e+00	4.679448e-01	-1.286265e-02	-2.372189e+00	2.359326e+00
7.25          	-2.363749e+00	4.677507e-01	-1.232274e-02	-2.369910e+00	2.357587e+00
7.3           	-2.361586e+00	4.675587e-01	-1.170096e-02	-2.367437e+00	2.355736e+00
7.35          	-2.359260e+00	4.673698e-01	-1.098996e-02	-2.364755e+00	2.353765e+00
7.4           	-2.357013e+00	4.671971e-01	-1.027792e-02	-2.362152e+00	2.351874e+00
7.45          	-2.354631e+00	4.670046e-01	-9.548529e-03	-2.359406e+00	2.349857e+00
7.5           	-2.352201e+00	4.668231e-01	-8.767934e-03	-2.356585e+00	2.347817e+00
7.55          	-2.349710e+00	4.666475e-01	-7.942024e-03	-2.353681e+00	2.345739e+00
7.6           	-2.347122e+00	4.664716e-01	-7.069279e-03	-2.350656e+00	2.343587e+00
7.65          	-2.344486e+00	4.662966e-01	-6.171442e-03	-2.347572e+00	2.341401e+00
7.7           	-2.341762e+00	4.661226e-01	-5.226770e-03	-2.344375e+00	2.339149e+00
7.75          	-2.339038e+00	4.659567e-01	-4.262909e-03	-2.341169e+00	2.336906e+00
7.8           	-2.336203e+00	4.657862e-01	-3.255854e-03	-2.337831e+00	2.334575e+00
7.85          	-2.333369e+00	4.656216e-01	-2.235166e-03	-2.334486e+00	2.332251e+00
7.9           	-2.330466e+00	4.654588e-01	-1.176478e-03	-2.331055e+00	2.329878e+00
7.95          	-2.327549e+00	4.652997e-01	-1.023751e-04	-2.327600e+00	2.327498e+00
8             	-2.324702e+00	4.651520e-01	9.646374e-04	-2.324220e+00	2.325184e+00
8.05          	-2.321607e+00	4.649849e-01	2.106296e-03	-2.320554e+00	2.322660e+00
8.1           	-2.318618e+00	4.648349e-01	3.236433e-03	-2.317000e+00	2.320236e+00
8.15          	-2.315545e+00	4.646771e-01	4.388400e-03	-2.313350e+00	2.317739e+00
8.2           	-2.312477e+00	4.645264e-01	5.554968e-03	-2.309700e+00	2.315255e+00
8.25          	-2.309487e+00	4.643826e-01	6.698297e-03	-2.306138e+00	2.312836e+00
8.3           	-2.306369e+00	4.642406e-01	7.906227e-03	-2.302416e+00	2.310322e+00
8.35          	-2.303330e+00	4.640935e-01	9.062955e-03	-2.298798e+00	2.307861e+00
8.4           	-2.300310e+00	4.639548e-01	1.022934e-02	-2.295196e+00	2.305425e+00
8.45          	-2.297321e+00	4.638205e-01	1.139079e-02	-2.291626e+00	2.303016e+00
8.5           	-2.294349e+00	4.636859e-01	1.254161e-02	-2.288078e+00	2.300620e+00
8.55          	-2.291398e+00	4.635547e-01	1.368904e-02	-2.284553e+00	2.298243e+00
8.6           	-2.288492e+00	4.634249e-01	1.481596e-02	-2.281084e+00	2.295900e+00
8.65          	-2.285675e+00	4.633039e-01	1.591886e-02	-2.277716e+00	2.293635e+00
8.7           	-2.282880e+00	4.631832e-01	1.701083e-02	-2.274375e+00	2.291386e+00
8.75          	-2.280136e+00	4.630652e-01	1.808211e-02	-2.271095e+00	2.289177e+00
8.8           	-2.277486e+00	4.629511e-01	1.911479e-02	-2.267928e+00	2.287043e+00
8.85          	-2.274881e+00	4.628405e-01	2.013259e-02	-2.264815e+00	2.284947e+00
8.9           	-2.272378e+00	4.627346e-01	2.110980e-02	-2.261823e+00	2.282933e+00
8.95          	-2.269944e+00	4.626251e-01	2.204184e-02	-2.258923e+00	2.280965e+00
9             	-2.267595e+00	4.625252e-01	2.295430e-02	-2.256118e+00	2.279072e+00
9.05          	-2.265405e+00	4.624318e-01	2.380187e-02	-2.253504e+00	2.277306e+00
9.1           	-2.263193e+00	4.623344e-01	2.464890e-02	-2.250869e+00	2.275518e+00
9.15          	-2.261212e+00	4.622474e-01	2.540521e-02	-2.248510e+00	2.273915e+00
9.2           	-2.259252e+00	4.621567e-01	2.614070e-02	-2.246182e+00	2.272322e+00
9.25          	-2.257412e+00	4.620671e-01	2.681775e-02	-2.244003e+00	2.270821e+00
9.3           	-2.255936e+00	4.620276e-01	2.743349e-02	-2.242219e+00	2.269652e+00
9.35          	-2.254316e+00	4.619390e-01	2.800068e-02	-2.240315e+00	2.268316e+00
9.4           	-2.252919e+00	4.618675e-01	2.849743e-02	-2.238670e+00	2.267168e+00
9.45          	-2.251637e+00	4.617988e-01	2.894168e-02	-2.237166e+00	2.266108e+00
9.5           	-2.250520e+00	4.617397e-01	2.932644e-02	-2.235857e+00	2.265184e+00
9.55          	-2.249532e+00	4.616830e-01	2.965092e-02	-2.234707e+00	2.264358e+00
9.6           	-2.248608e+00	4.616196e-01	2.992456e-02	-2.233645e+00	2.263570e+00
9.65          	-2.248185e+00	4.615754e-01	3.000446e-02	-2.233182e+00	2.263187e+00
9.7           	-2.247650e+00	4.615447e-01	3.016538e-02	-2.232567e+00	2.262733e+00
9.75          	-2.247259e+00	4.614649e-01	3.013061e-02	-2.232193e+00	2.262324e+00
9.8           	-2.246843e+00	4.613909e-01	3.012122e-02	-2.231783e+00	2.261904e+00
9.85          	-2.246908e+00	4.613707e-01	3.000623e-02	-2.231905e+00	2.261911e+00
9.9           	-2.247099e+00	4.613173e-01	2.974851e-02	-2.232225e+00	2.261974e+00
9.95          	-2.247347e+00	4.612871e-01	2.951608e-02	-2.232588e+00	2.262105e+00
10            	-2.247733e+00	4.612397e-01	2.917039e-02	-2.233148e+00	2.262318e+00
10.05         	-2.248319e+00	4.612064e-01	2.875997e-02	-2.233939e+00	2.262699e+00
10.1          	-2.249028e+00	4.611756e-01	2.829417e-02	-2.234881e+00	2.263176e+00
10.15         	-2.249934e+00	4.611374e-01	2.771096e-02	-2.236078e+00	2.263789e+00
10.2          	-2.250946e+00	4.611137e-01	2.711196e-02	-2.237391e+00	2.264502e+00
10.25         	-2.252237e+00	4.610962e-01	2.638833e-02	-2.239043e+00	2.265431e+00
10.3          	-2.253607e+00	4.610493e-01	2.555091e-02	-2.240832e+00	2.266383e+00
10.35         	-2.255057e+00	4.610104e-01	2.469423e-02	-2.242710e+00	2.267404e+00
10.4          	-2.256739e+00	4.609886e-01	2.376471e-02	-2.244857e+00	2.268621e+00
10.45         	-2.258551e+00	4.609690e-01	2.277554e-02	-2.247163e+00	2.269939e+00
10.5          	-2.260468e+00	4.609369e-01	2.170339e-02	-2.249616e+00	2.271319e+00
10.55         	-2.262604e+00	4.609205e-01	2.056089e-02	-2.252324e+00	2.272885e+00
10.6          	-2.264645e+00	4.608774e-01	1.940087e-02	-2.254945e+00	2.274346e+00
10.65         	-2.266942e+00	4.608386e-01	1.812326e-02	-2.257880e+00	2.276003e+00
10.7          	-2.269367e+00	4.608141e-01	1.681871e-02	-2.260958e+00	2.277777e+00
10.75         	-2.271878e+00	4.607836e-01	1.545768e-02	-2.264150e+00	2.279607e+00
10.8          	-2.274574e+00	4.607560e-01	1.401165e-02	-2.267568e+00	2.281580e+00
10.85         	-2.277299e+00	4.607311e-01	1.256006e-02	-2.271019e+00	2.283579e+00
10.9          	-2.280178e+00	4.607035e-01	1.102476e-02	-2.274665e+00	2.285690e+00
10.95         	-2.283081e+00	4.606779e-01	9.484552e-03	-2.278339e+00	2.287823e+00
11            	-2.286165e+00	4.606463e-01	7.838887e-03	-2.282246e+00	2.290085e+00
11.05         	-2.289299e+00	4.606386e-01	6.231526e-03	-2.286183e+00	2.292415e+00
11.1          	-2.292543e+00	4.606176e-01	4.535975e-03	-2.290275e+00	2.294811e+00
11.15         	-2.295767e+00	4.605934e-01	2.844790e-03	-2.294345e+00	2.297189e+00
11.2          	-2.299129e+00	4.605692e-01	1.086211e-03	-2.298586e+00	2.299672e+00
11.25         	-2.302465e+00	4.605554e-01	-6.310666e-04	-2.302781e+00	2.302149e+00
11.3          	-2.305886e+00	4.605418e-01	-2.388488e-03	-2.307080e+00	2.304691e+00
11.35         	-2.309340e+00	4.605217e-01	-4.178286e-03	-2.311430e+00	2.307251e+00
11.4          	-2.312837e+00	4.605151e-01	-5.952790e-03	-2.315813e+00	2.309860e+00
11.45         	-2.316375e+00	4.605074e-01	-7.748607e-03	-2.320249e+00	2.312500e+00
11.5          	-2.319979e+00	4.605016e-01	-9.566229e-03	-2.324763e+00	2.315196e+00
11.55         	-2.323500e+00	4.605030e-01	-1.132632e-02	-2.329163e+00	2.317837e+00
11.6          	-2.327041e+00	4.604979e-01	-1.311119e-02	-2.333597e+00	2.320486e+00
11.65         	-2.330549e+00	4.605026e-01	-1.485233e-02	-2.337975e+00	2.323123e+00
11.7          	-2.334058e+00	4.605147e-01	-1.657264e-02	-2.342344e+00	2.325772e+00
11.75         	-2.337476e+00	4.605283e-01	-1.824076e-02	-2.346596e+00	2.328355e+00
11.8          	-2.341003e+00	4.605566e-01	-1.992553e-02	-2.350966e+00	2.331040e+00
11.85         	-2.344369e+00	4.605791e-01	-2.154065e-02	-2.355139e+00	2.333598e+00
11.9          	-2.347870e+00	4.606048e-01	-2.321133e-02	-2.359475e+00	2.336264e+00
11.95         	-2.350814e+00	4.606403e-01	-2.458216e-02	-2.363105e+00	2.338523e+00
12            	-2.353939e+00	4.606796e-01	-2.602739e-02	-2.366953e+00	2.340926e+00
12.05         	-2.357065e+00	4.607310e-01	-2.744089e-02	-2.370786e+00	2.343345e+00
12.1          	-2.360051e+00	4.607786e-01	-2.879090e-02	-2.374447e+00	2.345656e+00
12.15         	-2.363094e+00	4.608649e-01	-3.007162e-02	-2.378130e+00	2.348059e+00
12.2          	-2.365894e+00	4.609148e-01	-3.131682e-02	-2.381552e+00	2.350235e+00
12.25         	-2.368278e+00	4.609816e-01	-3.231581e-02	-2.384436e+00	2.352120e+00
12.3          	-2.370832e+00	4.610536e-01	-3.338006e-02	-2.387522e+00	2.354142e+00
12.35         	-2.373152e+00	4.611316e-01	-3.430978e-02	-2.390307e+00	2.355997e+00
12.4          	-2.375265e+00	4.612082e-01	-3.513749e-02	-2.392834e+00	2.357696e+00
12.45         	-2.377317e+00	4.612884e-01	-3.592426e-02	-2.395279e+00	2.359355e+00
12.5          	-2.379334e+00	4.613892e-01	-3.663862e-02	-2.397653e+00	2.361014e+00
12.55         	-2.380738e+00	4.614695e-01	-3.709816e-02	-2.399287e+00	2.362189e+00
12.6          	-2.382431e+00	4.616005e-01	-3.756949e-02	-2.401216e+00	2.363646e+00
12.65         	-2.383471e+00	4.617079e-01	-3.778203e-02	-2.402362e+00	2.364580e+00
12.7          	-2.384558e+00	4.618196e-01	-3.799634e-02	-2.403556e+00	2.365560e+00
12.75         	-2.385434e+00	4.619360e-01	-3.809338e-02	-2.404481e+00	2.366388e+00
12.8          	-2.385882e+00	4.620470e-01	-3.798914e-02	-2.404876e+00	2.366887e+00
12.85         	-2.386128e+00	4.621785e-01	-3.773549e-02	-2.404996e+00	2.367260e+00
12.9          	-2.386511e+00	4.623508e-01	-3.744594e-02	-2.405234e+00	2.367788e+00
12.95         	-2.385946e+00	4.623874e-01	-3.701389e-02	-2.404453e+00	2.367439e+00
13            	-2.386190e+00	4.625853e-01	-3.658878e-02	-2.404485e+00	2.367896e+00
13.05         	-2.385450e+00	4.626972e-01	-3.588248e-02	-2.403391e+00	2.367509e+00
13.1          	-2.384601e+00	4.628435e-01	-3.503685e-02	-2.402120e+00	2.367083e+00
13.15         	-2.383383e+00	4.629465e-01	-3.411589e-02	-2.400441e+00	2.366325e+00
13.2          	-2.382141e+00	4.630901e-01	-3.308070e-02	-2.398681e+00	2.365601e+00
13.25         	-2.380351e+00	4.631968e-01	-3.186158e-02	-2.396282e+00	2.364420e+00
13.3          	-2.378535e+00	4.633175e-01	-3.059558e-02	-2.393833e+00	2.363237e+00
13.35         	-2.376543e+00	4.634570e-01	-2.919420e-02	-2.391140e+00	2.361946e+00
13.4          	-2.373929e+00	4.635491e-01	-2.759832e-02	-2.387728e+00	2.360129e+00
13.45         	-2.371915e+00	4.637773e-01	-2.597037e-02	-2.384900e+00	2.358929e+00
13.5          	-2.369108e+00	4.638942e-01	-2.422039e-02	-2.381218e+00	2.356998e+00
13.55         	-2.365742e+00	4.639617e-01	-2.231594e-02	-2.376900e+00	2.354584e+00
13.6          	-2.362505e+00	4.640887e-01	-2.032776e-02	-2.372669e+00	2.352341e+00
13.65         	-2.358980e+00	4.642036e-01	-1.822636e-02	-2.368093e+00	2.349867e+00
13.7          	-2.355314e+00	4.643207e-01	-1.605113e-02	-2.363340e+00	2.347289e+00
13.75         	-2.351272e+00	4.644110e-01	-1.375555e-02	-2.358149e+00	2.344394e+00
13.8          	-2.347165e+00	4.645158e-01	-1.139421e-02	-2.352862e+00	2.341468e+00
13.85         	-2.342947e+00	4.646456e-01	-8.916088e-03	-2.347405e+00	2.338489e+00
13.9          	-2.338546e+00	4.647601e-01	-6.385995e-03	-2.341739e+00	2.335353e+00
13.95         	-2.333690e+00	4.648328e-01	-3.736626e-03	-2.335558e+00	2.331822e+00
14            	-2.328799e+00	4.649314e-01	-1.009654e-03	-2.329304e+00	2.328294e+00
14.05         	-2.323930e+00	4.650471e-01	1.748197e-03	-2.323055e+00	2.324804e+00
14.1          	-2.318903e+00	4.651507e-01	4.551071e-03	-2.316627e+00	2.321179e+00
14.15         	-2.313561e+00	4.652306e-01	7.450609e-03	-2.309835e+00	2.317286e+00
14.2          	-2.308396e+00	4.653579e-01	1.037732e-02	-2.303207e+00	2.313584e+00
14.25         	-2.303036e+00	4.654486e-01	1.330745e-02	-2.296383e+00	2.309690e+00
14.3          	-2.297649e+00	4.655469e-01	1.626780e-02	-2.289515e+00	2.305782e+00
14.35         	-2.292344e+00	4.656549e-01	1.920678e-02	-2.282741e+00	2.301947e+00
14.4          	-2.287035e+00	4.657796e-01	2.218677e-02	-2.275942e+00	2.298129e+00
14.45         	-2.281822e+00	4.659104e-01	2.513126e-02	-2.269257e+00	2.294388e+00
14.5          	-2.276515e+00	4.660404e-01	2.811867e-02	-2.262456e+00	2.290575e+00
14.55         	-2.271931e+00	4.662490e-01	3.093057e-02	-2.256466e+00	2.287396e+00
14.6          	-2.266874e+00	4.663834e-01	3.379524e-02	-2.249977e+00	2.283772e+00
14.65         	-2.262064e+00	4.665342e-01	3.657383e-02	-2.243777e+00	2.280351e+00
14.7          	-2.257251e+00	4.667171e-01	3.942761e-02	-2.237537e+00	2.276965e+00
14.75         	-2.252821e+00	4.669299e-01	4.215996e-02	-2.231741e+00	2.273901e+00
14.8          	-2.248719e+00	4.671510e-01	4.475088e-02	-2.226343e+00	2.271094e+00
14.85         	-2.244703e+00	4.673754e-01	4.729967e-02	-2.221053e+00	2.268353e+00
14.9          	-2.240756e+00	4.675887e-01	4.977891e-02	-2.215867e+00	2.265645e+00
14.95         	-2.236851e+00	4.677741e-01	5.217004e-02	-2.210766e+00	2.262936e+00
15            	-2.233660e+00	4.680555e-01	5.443234e-02	-2.206443e+00	2.260876e+00
15.05         	-2.229875e+00	4.683141e-01	5.692048e-02	-2.201415e+00	2.258335e+00
15.1          	-2.228573e+00	4.686396e-01	5.836621e-02	-2.199390e+00	2.257756e+00
15.15         	-2.226292e+00	4.689495e-01	6.023524e-02	-2.196174e+00	2.256409e+00
15.2          	-2.224919e+00	4.693301e-01	6.182080e-02	-2.194008e+00	2.255829e+00
15.25         	-2.222971e+00	4.696098e-01	6.344689e-02	-2.191248e+00	2.254695e+00
15.3          	-2.221515e+00	4.699513e-01	6.496450e-02	-2.189033e+00	2.253998e+00
15.35         	-2.221396e+00	4.703496e-01	6.595853e-02	-2.188416e+00	2.254375e+00
15.4          	-2.221489e+00	4.707562e-01	6.687000e-02	-2.188054e+00	2.254924e+00
15.45         	-2.221968e+00	4.711886e-01	6.764542e-02	-2.188145e+00	2.255790e+00
15.5          	-2.222779e+00	4.715880e-01	6.816632e-02	-2.188696e+00	2.256862e+00
15.55         	-2.223664e+00	4.719665e-01	6.859135e-02	-2.189368e+00	2.257960e+00
15.6          	-2.225977e+00	4.723650e-01	6.836088e-02	-2.191796e+00	2.260157e+00
15.65         	-2.227498e+00	4.727840e-01	6.855700e-02	-2.193220e+00	2.261777e+00
15.7          	-2.230488e+00	4.732930e-01	6.825569e-02	-2.196360e+00	2.264616e+00
15.75         	-2.233663e+00	4.737256e-01	6.766173e-02	-2.199833e+00	2.267494e+00
15.8          	-2.237784e+00	4.742395e-01	6.680394e-02	-2.204382e+00	2.271186e+00
15.85         	-2.241849e+00	4.746526e-01	6.571462e-02	-2.208992e+00	2.274706e+00
15.9          	-2.246400e+00	4.751387e-01	6.456331e-02	-2.214118e+00	2.278681e+00
15.95         	-2.251601e+00	4.755883e-01	6.299524e-02	-2.220104e+00	2.283099e+00
16            	-2.256783e+00	4.759572e-01	6.122326e-02	-2.226171e+00	2.287395e+00
16.05         	-2.263175e+00	4.764816e-01	5.924546e-02	-2.233552e+00	2.292797e+00
16.1          	-2.269874e+00	4.769590e-01	5.699513e-02	-2.241376e+00	2.298371e+00
16.15         	-2.276930e+00	4.774292e-01	5.454708e-02	-2.249657e+00	2.304204e+00
16.2          	-2.284385e+00	4.778471e-01	5.176676e-02	-2.258502e+00	2.310268e+00
16.25         	-2.292255e+00	4.782947e-01	4.885495e-02	-2.267827e+00	2.316682e+00
16.3          	-2.300424e+00	4.786962e-01	4.567847e-02	-2.277584e+00	2.323263e+00
16.35         	-2.309060e+00	4.791383e-01	4.237139e-02	-2.287874e+00	2.330245e+00
16.4          	-2.317996e+00	4.794788e-01	3.866278e-02	-2.298665e+00	2.337328e+00
16.45         	-2.327599e+00	4.799061e-01	3.483930e-02	-2.310180e+00	2.345019e+00
16.5          	-2.337259e+00	4.802708e-01	3.083121e-02	-2.321843e+00	2.352674e+00
16.55         	-2.347394e+00	4.806617e-01	2.665633e-02	-2.334066e+00	2.360722e+00
16.6          	-2.357701e+00	4.810210e-01	2.231977e-02	-2.346541e+00	2.368861e+00
16.65         	-2.368401e+00	4.813797e-01	1.778812e-02	-2.359507e+00	2.377295e+00
16.7          	-2.379499e+00	4.817345e-01	1.305207e-02	-2.372973e+00	2.386025e+00
16.75         	-2.390581e+00	4.820766e-01	8.296636e-03	-2.386433e+00	2.394730e+00
16.8          	-2.402413e+00	4.824633e-01	3.284198e-03	-2.400771e+00	2.404056e+00
16.85         	-2.413620e+00	4.827457e-01	-1.678020e-03	-2.414459e+00	2.412781e+00
16.9          	-2.425861e+00	4.831495e-01	-6.839434e-03	-2.429281e+00	2.422441e+00
16.95         	-2.437842e+00	4.834819e-01	-1.204835e-02	-2.443866e+00	2.431818e+00
17            	-2.450171e+00	4.838389e-01	-1.736297e-02	-2.458852e+00	2.441489e+00
17.05         	-2.462354e+00	4.841996e-01	-2.258743e-02	-2.473648e+00	2.451060e+00
17.1          	-2.474356e+00	4.845540e-01	-2.774149e-02	-2.488226e+00	2.460485e+00
17.15         	-2.486841e+00	4.849673e-01	-3.296766e-02	-2.503324e+00	2.470357e+00
17.2          	-2.499145e+00	4.853403e-01	-3.820331e-02	-2.518247e+00	2.480044e+00
17.25         	-2.511554e+00	4.857232e-01	-4.346120e-02	-2.533285e+00	2.489823e+00
17.3          	-2.523867e+00	4.862215e-01	-4.836449e-02	-2.548049e+00	2.499684e+00
17.35         	-2.536277e+00	4.867227e-01	-5.330768e-02	-2.562931e+00	2.509623e+00
17.4          	-2.548018e+00	4.871161e-01	-5.817792e-02	-2.577107e+00	2.518929e+00
17.45         	-2.559588e+00	4.875812e-01	-6.277615e-02	-2.590976e+00	2.528200e+00
17.5          	-2.571622e+00	4.881244e-01	-6.739963e-02	-2.605322e+00	2.537922e+00
17.55         	-2.582696e+00	4.886676e-01	-7.154099e-02	-2.618467e+00	2.546926e+00
17.6          	-2.593846e+00	4.892713e-01	-7.555394e-02	-2.631623e+00	2.556069e+00
17.65         	-2.604534e+00	4.898590e-01	-7.936977e-02	-2.644219e+00	2.564849e+00
17.7          	-2.614708e+00	4.904247e-01	-8.297354e-02	-2.656194e+00	2.573221e+00
17.75         	-2.624380e+00	4.910943e-01	-8.607564e-02	-2.667418e+00	2.581342e+00
17.8          	-2.633943e+00	4.918341e-01	-8.892359e-02	-2.678405e+00	2.589481e+00
17.85         	-2.641637e+00	4.924564e-01	-9.115262e-02	-2.687214e+00	2.596061e+00
17.9          	-2.649524e+00	4.931200e-01	-9.334121e-02	-2.696194e+00	2.602853e+00
17.95         	-2.656473e+00	4.937817e-01	-9.506638e-02	-2.704006e+00	2.608940e+00
18            	-2.663376e+00	4.945210e-01	-9.656102e-02	-2.711656e+00	2.615095e+00
18.05         	-2.668534e+00	4.951596e-01	-9.742843e-02	-2.717248e+00	2.619820e+00
18.1          	-2.674317e+00	4.959508e-01	-9.822201e-02	-2.723428e+00	2.625206e+00
18.15         	-2.677412e+00	4.966143e-01	-9.798966e-02	-2.726406e+00	2.628417e+00
18.2          	-2.679620e+00	4.971384e-01	-9.763835e-02	-2.728439e+00	2.630801e+00
18.25         	-2.683623e+00	4.980069e-01	-9.735272e-02	-2.732299e+00	2.634946e+00
18.3          	-2.686172e+00	4.989473e-01	-9.615229e-02	-2.734248e+00	2.638095e+00
18.35         	-2.686387e+00	4.995524e-01	-9.459751e-02	-2.733686e+00	2.639088e+00
18.4          	-2.686527e+00	5.002577e-01	-9.275756e-02	-2.732906e+00	2.640149e+00
18.45         	-2.684270e+00	5.008433e-01	-9.001822e-02	-2.729279e+00	2.639261e+00
18.5          	-2.681681e+00	5.014295e-01	-8.711319e-02	-2.725238e+00	2.638125e+00
18.55         	-2.678426e+00	5.019297e-01	-8.407487e-02	-2.720463e+00	2.636388e+00
18.6          	-2.673721e+00	5.024162e-01	-8.035580e-02	-2.713898e+00	2.633543e+00
18.65         	-2.668150e+00	5.028694e-01	-7.628713e-02	-2.706294e+00	2.630007e+00
18.7          	-2.661919e+00	5.033172e-01	-7.189790e-02	-2.697868e+00	2.625971e+00
18.75         	-2.654036e+00	5.036838e-01	-6.689065e-02	-2.687482e+00	2.620591e+00
18.8          	-2.645308e+00	5.039298e-01	-6.176995e-02	-2.676193e+00	2.614423e+00
18.85         	-2.635531e+00	5.042452e-01	-5.594079e-02	-2.663502e+00	2.607561e+00
18.9          	-2.625361e+00	5.045186e-01	-5.002920e-02	-2.650376e+00	2.600346e+00
18.95         	-2.614040e+00	5.046883e-01	-4.380334e-02	-2.635942e+00	2.592138e+00
19            	-2.602171e+00	5.048498e-01	-3.732393e-02	-2.620833e+00	2.583509e+00
19.05         	-2.589006e+00	5.048781e-01	-3.053699e-02	-2.604274e+00	2.573737e+00
19.1          	-2.575935e+00	5.049892e-01	-2.359949e-02	-2.587734e+00	2.564135e+00
19.15         	-2.561855e+00	5.050955e-01	-1.617817e-02	-2.569944e+00	2.553766e+00
19.2          	-2.547177e+00	5.050500e-01	-8.841061e-03	-2.551598e+00	2.542757e+00
19.25         	-2.531653e+00	5.050019e-01	-1.096644e-03	-2.532201e+00	2.531105e+00
19.3          	-2.515932e+00	5.048395e-01	6.459266e-03	-2.512702e+00	2.519161e+00
19.35         	-2.500252e+00	5.048230e-01	1.434567e-02	-2.493079e+00	2.507425e+00
19.4          	-2.484394e+00	5.047630e-01	2.220248e-02	-2.473293e+00	2.495496e+00
19.45         	-2.468457e+00	5.047261e-01	3.015209e-02	-2.453381e+00	2.483533e+00
19.5          	-2.452740e+00	5.046923e-01	3.798198e-02	-2.433749e+00	2.471731e+00
19.55         	-2.437124e+00	5.047289e-01	4.592361e-02	-2.414163e+00	2.460086e+00
19.6          	-2.421389e+00	5.046617e-01	5.366430e-02	-2.394557e+00	2.448221e+00
19.65         	-2.405604e+00	5.047075e-01	6.169084e-02	-2.374758e+00	2.436449e+00
19.7          	-2.390845e+00	5.047022e-01	6.907034e-02	-2.356310e+00	2.425380e+00
19.75         	-2.376613e+00	5.046684e-01	7.611203e-02	-2.338557e+00	2.414669e+00
19.8          	-2.363559e+00	5.049022e-01	8.322095e-02	-2.321949e+00	2.405170e+00
19.85         	-2.350948e+00	5.050823e-01	8.996371e-02	-2.305966e+00	2.395930e+00
19.9          	-2.339050e+00	5.053549e-01	9.656582e-02	-2.290767e+00	2.387333e+00
19.95         	-2.327701e+00	5.056411e-01	1.029164e-01	-2.276243e+00	2.379159e+00
20            	-2.316932e+00	5.058748e-01	1.088212e-01	-2.262521e+00	2.371343e+00
20.05         	-2.309154e+00	5.063657e-01	1.138909e-01	-2.252209e+00	2.366100e+00
20.1          	-2.302128e+00	5.069182e-01	1.187048e-01	-2.242775e+00	2.361480e+00
20.15         	-2.293474e+00	5.072064e-01	1.236651e-01	-2.231641e+00	2.355306e+00
20.2          	-2.287757e+00	5.077574e-01	1.278101e-01	-2.223852e+00	2.351662e+00
20.25         	-2.284069e+00	5.084195e-01	1.311969e-01	-2.218471e+00	2.349668e+00
20.3          	-2.281850e+00	5.090845e-01	1.338757e-01	-2.214912e+00	2.348788e+00
20.35         	-2.279183e+00	5.095680e-01	1.362957e-01	-2.211035e+00	2.347330e+00
20.4          	-2.277526e+00	5.101796e-01	1.385032e-01	-2.208275e+00	2.346778e+00
20.45         	-2.277603e+00	5.108205e-01	1.399370e-01	-2.207634e+00	2.347571e+00
20.5          	-2.281206e+00	5.115978e-01	1.399370e-01	-2.211237e+00	2.351174e+00
20.55         	-2.283319e+00	5.121826e-01	1.401739e-01	-2.213232e+00	2.353406e+00
20.6          	-2.286758e+00	5.128112e-01	1.398572e-01	-2.216830e+00	2.356687e+00
20.65         	-2.293202e+00	5.135980e-01	1.384382e-01	-2.223982e+00	2.362421e+00
20.7          	-2.298894e+00	5.140642e-01	1.365752e-01	-2.230606e+00	2.367181e+00
20.75         	-2.307174e+00	5.146986e-01	1.338199e-01	-2.240264e+00	2.374084e+00
20.8          	-2.314886e+00	5.153546e-01	1.314134e-01	-2.249179e+00	2.380593e+00
20.85         	-2.323356e+00	5.158219e-01	1.281397e-01	-2.259286e+00	2.387426e+00
20.9          	-2.333732e+00	5.163074e-01	1.239626e-01	-2.271751e+00	2.395714e+00
20.95         	-2.344620e+00	5.167213e-01	1.193474e-01	-2.284947e+00	2.404294e+00
21            	-2.357050e+00	5.171808e-01	1.140742e-01	-2.300013e+00	2.414087e+00
21.05         	-2.369525e+00	5.174337e-01	1.082452e-01	-2.315403e+00	2.423648e+00
21.1          	-2.382747e+00	5.176996e-01	1.020930e-01	-2.331700e+00	2.433793e+00
21.15         	-2.396833e+00	5.179614e-01	9.549211e-02	-2.349087e+00	2.444579e+00
21.2          	-2.411339e+00	5.180364e-01	8.821730e-02	-2.367230e+00	2.455448e+00
21.25         	-2.426840e+00	5.181851e-01	8.063490e-02	-2.386523e+00	2.467158e+00
21.3          	-2.442561e+00	5.181990e-01	7.260925e-02	-2.406257e+00	2.478866e+00
21.35         	-2.459588e+00	5.183040e-01	6.417066e-02	-2.427502e+00	2.491673e+00
21.4          	-2.476764e+00	5.182438e-01	5.524838e-02	-2.449140e+00	2.504388e+00
21.45         	-2.494120e+00	5.181013e-01	4.603895e-02	-2.471100e+00	2.517139e+00
21.5          	-2.512067e+00	5.180087e-01	3.666896e-02	-2.493733e+00	2.530402e+00
21.55         	-2.530079e+00	5.178049e-01	2.699328e-02	-2.516582e+00	2.543575e+00
21.6          	-2.549339e+00	5.177240e-01	1.701714e-02	-2.540830e+00	2.557847e+00
21.65         	-2.567688e+00	5.174812e-01	7.101712e-03	-2.564137e+00	2.571239e+00
21.7          	-2.586819e+00	5.173407e-01	-2.935325e-03	-2.588287e+00	2.585352e+00
21.75         	-2.606917e+00	5.172299e-01	-1.336429e-02	-2.613599e+00	2.600235e+00
21.8          	-2.626592e+00	5.171185e-01	-2.357056e-02	-2.638377e+00	2.614807e+00
21.85         	-2.646579e+00	5.170129e-01	-3.390402e-02	-2.663531e+00	2.629627e+00
21.9          	-2.666836e+00	5.170400e-01	-4.403470e-02	-2.688853e+00	2.644819e+00
21.95         	-2.686600e+00	5.169961e-01	-5.406065e-02	-2.713630e+00	2.659569e+00
22            	-2.705982e+00	5.169530e-01	-6.390834e-02	-2.737936e+00	2.674028e+00
22.05         	-2.725873e+00	5.171056e-01	-7.350549e-02	-2.762625e+00	2.689120e+00
22.1          	-2.745186e+00	5.171970e-01	-8.293406e-02	-2.786653e+00	2.703719e+00
22.15         	-2.764385e+00	5.174289e-01	-9.194939e-02	-2.810360e+00	2.718411e+00
22.2          	-2.784336e+00	5.178089e-01	-1.009312e-01	-2.834801e+00	2.733870e+00
22.25         	-2.802361e+00	5.180937e-01	-1.091890e-01	-2.856956e+00	2.747767e+00
22.3          	-2.821499e+00	5.185657e-01	-1.175221e-01	-2.880260e+00	2.762738e+00
22.35         	-2.838789e+00	5.192268e-01	-1.244251e-01	-2.901002e+00	2.776577e+00
22.4          	-2.855115e+00	5.196976e-01	-1.313246e-01	-2.920778e+00	2.789453e+00
22.45         	-2.870018e+00	5.201436e-01	-1.375737e-01	-2.938805e+00	2.801231e+00
22.5          	-2.884374e+00	5.208385e-01	-1.429339e-01	-2.955841e+00	2.812907e+00
22.55         	-2.899428e+00	5.214102e-01	-1.488798e-01	-2.973868e+00	2.824988e+00
22.6          	-2.909017e+00	5.222100e-01	-1.515837e-01	-2.984809e+00	2.833225e+00
22.65         	-2.920552e+00	5.229755e-01	-1.552907e-01	-2.998198e+00	2.842907e+00
22.7          	-2.930285e+00	5.237562e-01	-1.580571e-01	-3.009313e+00	2.851256e+00
22.75         	-2.939635e+00	5.245497e-01	-1.605605e-01	-3.019916e+00	2.859355e+00
22.8          	-2.944300e+00	5.252477e-01	-1.609774e-01	-3.024788e+00	2.863811e+00
22.85         	-2.951110e+00	5.261001e-01	-1.620571e-01	-3.032138e+00	2.870081e+00
22.9          	-2.955043e+00	5.269873e-01	-1.616013e-01	-3.035843e+00	2.874242e+00
22.95         	-2.956415e+00	5.276302e-01	-1.604903e-01	-3.036660e+00	2.876170e+00
23            	-2.958992e+00	5.284855e-01	-1.594235e-01	-3.038704e+00	2.879280e+00
23.05         	-2.958191e+00	5.291634e-01	-1.571075e-01	-3.036745e+00	2.879637e+00
23.1          	-2.956297e+00	5.297704e-01	-1.544005e-01	-3.033497e+00	2.879097e+00
23.15         	-2.952120e+00	5.303089e-01	-1.507356e-01	-3.027487e+00	2.876752e+00
23.2          	-2.944946e+00	5.306391e-01	-1.461027e-01	-3.017998e+00	2.871895e+00
23.25         	-2.936821e+00	5.310368e-01	-1.407963e-01	-3.007219e+00	2.866423e+00
23.3          	-2.927727e+00	5.312918e-01	-1.353827e-01	-2.995418e+00	2.860035e+00
23.35         	-2.915626e+00	5.314302e-01	-1.287483e-01	-2.980000e+00	2.851252e+00
23.4          	-2.902104e+00	5.314337e-01	-1.217363e-01	-2.962972e+00	2.841236e+00
23.45         	-2.887070e+00	5.312815e-01	-1.143615e-01	-2.944250e+00	2.829889e+00
23.5          	-2.870737e+00	5.312279e-01	-1.060891e-01	-2.923781e+00	2.817692e+00
23.55         	-2.853864e+00	5.311725e-01	-9.755493e-02	-2.902642e+00	2.805087e+00
23.6          	-2.834528e+00	5.308407e-01	-8.849204e-02	-2.878774e+00	2.790282e+00
23.65         	-2.814003e+00	5.304465e-01	-7.898821e-02	-2.853497e+00	2.774509e+00
23.7          	-2.792525e+00	5.301109e-01	-6.887501e-02	-2.826963e+00	2.758088e+00
23.75         	-2.769580e+00	5.295579e-01	-5.858198e-02	-2.798871e+00	2.740289e+00
23.8          	-2.746072e+00	5.290197e-01	-4.798111e-02	-2.770062e+00	2.722081e+00
23.85         	-2.721276e+00	5.284971e-01	-3.669906e-02	-2.739626e+00	2.702927e+00
23.9          	-2.695797e+00	5.278271e-01	-2.546453e-02	-2.708530e+00	2.683065e+00
23.95         	-2.670082e+00	5.272564e-01	-1.387186e-02	-2.677018e+00	2.663146e+00
24            	-2.643675e+00	5.266246e-01	-2.098865e-03	-2.644725e+00	2.642626e+00
24.05         	-2.617526e+00	5.260304e-01	9.611196e-03	-2.612720e+00	2.622331e+00
24.1          	-2.590548e+00	5.253230e-01	2.144276e-02	-2.579826e+00	2.601269e+00
24.15         	-2.564156e+00	5.247457e-01	3.330694e-02	-2.547503e+00	2.580810e+00
24.2          	-2.538048e+00	5.241851e-01	4.504214e-02	-2.515527e+00	2.560569e+00
24.25         	-2.512374e+00	5.237485e-01	5.685797e-02	-2.483945e+00	2.540803e+00
24.3          	-2.488163e+00	5.234185e-01	6.819499e-02	-2.454066e+00	2.522261e+00
24.35         	-2.463252e+00	5.229927e-01	7.962734e-02	-2.423438e+00	2.503066e+00
24.4          	-2.439378e+00	5.227091e-01	9.087644e-02	-2.393940e+00	2.484816e+00
24.45         	-2.416239e+00	5.224806e-01	1.018693e-01	-2.365304e+00	2.467174e+00
24.5          	-2.394722e+00	5.224808e-01	1.126206e-01	-2.338411e+00	2.451032e+00
24.55         	-2.375815e+00	5.223141e-01	1.216591e-01	-2.314985e+00	2.436644e+00
24.6          	-2.357490e+00	5.225142e-01	1.312854e-01	-2.291847e+00	2.423132e+00
24.65         	-2.341112e+00	5.228058e-01	1.401527e-01	-2.271036e+00	2.411189e+00
24.7          	-2.323920e+00	5.231015e-01	1.493752e-01	-2.249232e+00	2.398607e+00
24.75         	-2.312900e+00	5.235428e-01	1.559781e-01	-2.234911e+00	2.390889e+00
24.8          	-2.299704e+00	5.239951e-01	1.635835e-01	-2.217912e+00	2.381496e+00
24.85         	-2.287316e+00	5.240622e-01	1.698689e-01	-2.202382e+00	2.372251e+00
24.9          	-2.281947e+00	5.251617e-01	1.751553e-01	-2.194370e+00	2.369525e+00
24.95         	-2.274834e+00	5.258756e-01	1.803795e-01	-2.184645e+00	2.365024e+00
25            	-2.272270e+00	5.266169e-01	1.833978e-01	-2.180571e+00	2.363969e+00
25.05         	-2.268784e+00	5.274368e-01	1.870117e-01	-2.175278e+00	2.362290e+00
25.1          	-2.267278e+00	5.281226e-01	1.893230e-01	-2.172616e+00	2.361939e+00
25.15         	-2.268691e+00	5.291452e-01	1.909943e-01	-2.173194e+00	2.364188e+00
25.2          	-2.267944e+00	5.294769e-01	1.919773e-01	-2.171956e+00	2.363933e+00
25.25         	-2.276789e+00	5.308170e-01	1.907116e-01	-2.181433e+00	2.372144e+00
25.3          	-2.279948e+00	5.315216e-01	1.906966e-01	-2.184600e+00	2.375297e+00
25.35         	-2.287792e+00	5.322429e-01	1.883505e-01	-2.193617e+00	2.381968e+00
25.4          	-2.296020e+00	5.329561e-01	1.857849e-01	-2.203127e+00	2.388912e+00
25.45         	-2.304130e+00	5.336138e-01	1.831145e-01	-2.212573e+00	2.395687e+00
25.5          	-2.315210e+00	5.340766e-01	1.784717e-01	-2.225974e+00	2.404446e+00
25.55         	-2.326892e+00	5.346481e-01	1.737923e-01	-2.239996e+00	2.413788e+00
25.6          	-2.340008e+00	5.350997e-01	1.680859e-01	-2.255965e+00	2.424051e+00
25.65         	-2.353708e+00	5.355359e-01	1.620455e-01	-2.272686e+00	2.434731e+00
25.7          	-2.368248e+00	5.356693e-01	1.548225e-01	-2.290837e+00	2.445660e+00
25.75         	-2.384099e+00	5.358450e-01	1.470544e-01	-2.310571e+00	2.457626e+00
25.8          	-2.400566e+00	5.358596e-01	1.385727e-01	-2.331280e+00	2.469853e+00
25.85         	-2.417141e+00	5.357706e-01	1.297826e-01	-2.352249e+00	2.482032e+00
25.9          	-2.435237e+00	5.356650e-01	1.201974e-01	-2.375139e+00	2.495336e+00
25.95         	-2.453609e+00	5.353649e-01	1.099778e-01	-2.398620e+00	2.508598e+00
26            	-2.472490e+00	5.350539e-01	9.949819e-02	-2.422741e+00	2.522240e+00
26.05         	-2.493283e+00	5.347375e-01	8.805815e-02	-2.449254e+00	2.537312e+00
26.1          	-2.513771e+00	5.342352e-01	7.631875e-02	-2.475611e+00	2.551930e+00
26.15         	-2.535012e+00	5.337419e-01	6.424144e-02	-2.502891e+00	2.567133e+00
26.2          	-2.559443e+00	5.336405e-01	5.156902e-02	-2.533658e+00	2.585227e+00
26.25         	-2.581522e+00	5.330379e-01	3.882520e-02	-2.562109e+00	2.600934e+00
26.3          	-2.604214e+00	5.324859e-01	2.592203e-02	-2.591253e+00	2.617175e+00
26.35         	-2.627883e+00	5.321000e-01	1.296465e-02	-2.621401e+00	2.634365e+00
26.4          	-2.652130e+00	5.315744e-01	-6.215490e-04	-2.652440e+00	2.651819e+00
26.45         	-2.676682e+00	5.311866e-01	-1.400014e-02	-2.683682e+00	2.669682e+00
26.5          	-2.702543e+00	5.309383e-01	-2.765709e-02	-2.716371e+00	2.688714e+00
26.55         	-2.727472e+00	5.307359e-01	-4.071435e-02	-2.747829e+00	2.707115e+00
26.6          	-2.752929e+00	5.304670e-01	-5.419290e-02	-2.780026e+00	2.725833e+00
26.65         	-2.778834e+00	5.305009e-01	-6.711729e-02	-2.812393e+00	2.745276e+00
26.7          	-2.803879e+00	5.304441e-01	-7.981069e-02	-2.843785e+00	2.763974e+00
26.75         	-2.829175e+00	5.305714e-01	-9.216721e-02	-2.875258e+00	2.783091e+00
26.8          	-2.853525e+00	5.308420e-01	-1.036978e-01	-2.905374e+00	2.801676e+00
26.85         	-2.878061e+00	5.309929e-01	-1.155642e-01	-2.935843e+00	2.820278e+00
26.9          	-2.902048e+00	5.313445e-01	-1.266383e-01	-2.965367e+00	2.838729e+00
26.95         	-2.925587e+00	5.318550e-01	-1.370798e-01	-2.994127e+00	2.857047e+00
27            	-2.947960e+00	5.324279e-01	-1.467628e-01	-3.021341e+00	2.874578e+00
27.05         	-2.971044e+00	5.330539e-01	-1.566225e-01	-3.049355e+00	2.892732e+00
27.1          	-2.990105e+00	5.340414e-01	-1.636209e-01	-3.071915e+00	2.908295e+00
27.15         	-3.008475e+00	5.346688e-01	-1.711641e-01	-3.094057e+00	2.922893e+00
27.2          	-3.025284e+00	5.352002e-01	-1.781071e-01	-3.114338e+00	2.936231e+00
27.25         	-3.041148e+00	5.361352e-01	-1.835869e-01	-3.132941e+00	2.949354e+00
27.3          	-3.055214e+00	5.371969e-01	-1.878262e-01	-3.149127e+00	2.961301e+00
27.35         	-3.065861e+00	5.378573e-01	-1.913525e-01	-3.161537e+00	2.970184e+00
27.4          	-3.079829e+00	5.390736e-01	-1.950785e-01	-3.177368e+00	2.982289e+00
27.45         	-3.092151e+00	5.401828e-01	-1.982582e-01	-3.191280e+00	2.993022e+00
27.5          	-3.097070e+00	5.410147e-01	-1.984409e-01	-3.196290e+00	2.997849e+00
27.55         	-3.100817e+00	5.417323e-01	-1.983057e-01	-3.199970e+00	3.001665e+00
27.6          	-3.106155e+00	5.428673e-01	-1.979100e-01	-3.205111e+00	3.007200e+00
27.65         	-3.105886e+00	5.436018e-01	-1.956831e-01	-3.203728e+00	3.008045e+00
27.7          	-3.106069e+00	5.447176e-01	-1.927431e-01	-3.202441e+00	3.009698e+00
27.75         	-3.105116e+00	5.451684e-01	-1.908774e-01	-3.200554e+00	3.009677e+00
27.8          	-3.101428e+00	5.459032e-01	-1.869067e-01	-3.194881e+00	3.007974e+00
27.85         	-3.092329e+00	5.461212e-01	-1.815783e-01	-3.183118e+00	3.001540e+00
27.9          	-3.082108e+00	5.462771e-01	-1.758002e-01	-3.170008e+00	2.994208e+00
27.95         	-3.069477e+00	5.463290e-01	-1.690656e-01	-3.154009e+00	2.984944e+00
28            	-3.057811e+00	5.466807e-01	-1.620601e-01	-3.138841e+00	2.976781e+00
28.05         	-3.040769e+00	5.465037e-01	-1.536821e-01	-3.117610e+00	2.963928e+00
28.1          	-3.023583e+00	5.463910e-01	-1.450812e-01	-3.096124e+00	2.951043e+00
28.15         	-3.003930e+00	5.460121e-01	-1.359144e-01	-3.071887e+00	2.935973e+00
28.2          	-2.982338e+00	5.455801e-01	-1.259026e-01	-3.045289e+00	2.919387e+00
28.25         	-2.958919e+00	5.449677e-01	-1.154463e-01	-3.016642e+00	2.901196e+00
28.3          	-2.934348e+00	5.443147e-01	-1.045244e-01	-2.986610e+00	2.882085e+00
28.35         	-2.908750e+00	5.436859e-01	-9.303167e-02	-2.955266e+00	2.862234e+00
28.4          	-2.880865e+00	5.428084e-01	-8.103109e-02	-2.921380e+00	2.840349e+00
28.45         	-2.852452e+00	5.419155e-01	-6.881961e-02	-2.886862e+00	2.818042e+00
28.5          	-2.822442e+00	5.410055e-01	-5.586215e-02	-2.850373e+00	2.794511e+00
28.55         	-2.792609e+00	5.403412e-01	-4.238844e-02	-2.813804e+00	2.771415e+00
28.6          	-2.761187e+00	5.393325e-01	-2.901153e-02	-2.775692e+00	2.746681e+00
28.65         	-2.729658e+00	5.385052e-01	-1.513205e-02	-2.737224e+00	2.722092e+00
28.7          	-2.697963e+00	5.377133e-01	-1.100358e-03	-2.698514e+00	2.697413e+00
28.75         	-2.665736e+00	5.366904e-01	1.259704e-02	-2.659437e+00	2.672034e+00
28.8          	-2.634077e+00	5.358486e-01	2.644729e-02	-2.620853e+00	2.647301e+00
28.85         	-2.601792e+00	5.348630e-01	4.023451e-02	-2.581675e+00	2.621910e+00
28.9          	-2.570346e+00	5.341277e-01	5.421019e-02	-2.543241e+00	2.597451e+00
28.95         	-2.540134e+00	5.334636e-01	6.774105e-02	-2.506264e+00	2.574005e+00
29            	-2.510703e+00	5.329188e-01	8.113352e-02	-2.470136e+00	2.551269e+00
29.05         	-2.482493e+00	5.325528e-01	9.436748e-02	-2.435309e+00	2.529677e+00
29.1          	-2.456050e+00	5.322763e-01	1.069239e-01	-2.402588e+00	2.509512e+00
29.15         	-2.429716e+00	5.320425e-01	1.194777e-01	-2.369977e+00	2.489455e+00
29.2          	-2.404014e+00	5.317768e-01	1.316831e-01	-2.338173e+00	2.469856e+00
29.25         	-2.384442e+00	5.320443e-01	1.421197e-01	-2.313382e+00	2.455502e+00
29.3          	-2.364086e+00	5.321365e-01	1.524851e-01	-2.287844e+00	2.440329e+00
29.35         	-2.343648e+00	5.323651e-01	1.631906e-01	-2.262053e+00	2.425244e+00
29.4          	-2.327324e+00	5.326319e-01	1.719610e-01	-2.241344e+00	2.413305e+00
29.45         	-2.313118e+00	5.329347e-01	1.797513e-01	-2.223243e+00	2.402994e+00
29.5          	-2.302088e+00	5.337052e-01	1.870943e-01	-2.208540e+00	2.395635e+00
29.55         	-2.289355e+00	5.340660e-01	1.942446e-01	-2.192233e+00	2.386477e+00
29.6          	-2.279234e+00	5.346771e-01	2.006911e-01	-2.178888e+00	2.379579e+00
29.65         	-2.276276e+00	5.358582e-01	2.050032e-01	-2.173775e+00	2.378778e+00
29.7          	-2.274104e+00	5.366432e-01	2.079006e-01	-2.170154e+00	2.378055e+00
29.75         	-2.273561e+00	5.377654e-01	2.108210e-01	-2.168151e+00	2.378972e+00
29.8          	-2.271120e+00	5.382445e-01	2.130399e-01	-2.164600e+00	2.377640e+00
29.85         	-2.273433e+00	5.389248e-01	2.133677e-01	-2.166749e+00	2.380117e+00
29.9          	-2.274256e+00	5.398536e-01	2.150744e-01	-2.166719e+00	2.381793e+00
29.95         	-2.282053e+00	5.408141e-01	2.133666e-01	-2.175370e+00	2.388737e+00
30            	-2.289147e+00	5.416692e-01	2.117053e-01	-2.183294e+00	2.395000e+00
30.05         	-2.298487e+00	5.423211e-01	2.084307e-01	-2.194272e+00	2.402702e+00
30.1          	-2.306028e+00	5.426469e-01	2.051896e-01	-2.203433e+00	2.408622e+00
30.15         	-2.316555e+00	5.433362e-01	2.013634e-01	-2.215873e+00	2.417237e+00
30.2          	-2.328270e+00	5.436645e-01	1.960320e-01	-2.230254e+00	2.426286e+00
30.25         	-2.342779e+00	5.442878e-01	1.900344e-01	-2.247762e+00	2.437796e+00
30.3          	-2.355982e+00	5.444550e-01	1.835423e-01	-2.264211e+00	2.447753e+00
30.35         	-2.372212e+00	5.446612e-01	1.756191e-01	-2.284403e+00	2.460022e+00
30.4          	-2.387202e+00	5.444979e-01	1.674061e-01	-2.303498e+00	2.470905e+00
30.45         	-2.404517e+00	5.444504e-01	1.583040e-01	-2.325365e+00	2.483669e+00
30.5          	-2.422491e+00	5.443606e-01	1.487803e-01	-2.348101e+00	2.496881e+00
30.55         	-2.441330e+00	5.440460e-01	1.382596e-01	-2.372201e+00	2.510460e+00
30.6          	-2.460779e+00	5.435892e-01	1.270913e-01	-2.397233e+00	2.524325e+00
30.65         	-2.479876e+00	5.430659e-01	1.159420e-01	-2.421905e+00	2.537848e+00
30.7          	-2.502158e+00	5.425628e-01	1.032389e-01	-2.450539e+00	2.553778e+00
30.75         	-2.523351e+00	5.418978e-01	9.071272e-02	-2.477994e+00	2.568707e+00
30.8          	-2.546275e+00	5.413449e-01	7.761343e-02	-2.507468e+00	2.585082e+00
30.85         	-2.569638e+00	5.406355e-01	6.390861e-02	-2.537684e+00	2.601593e+00
30.9          	-2.595617e+00	5.402040e-01	4.963120e-02	-2.570801e+00	2.620432e+00
30.95         	-2.619669e+00	5.394685e-01	3.556140e-02	-2.601888e+00	2.637449e+00
31            	-2.644652e+00	5.388409e-01	2.131677e-02	-2.633994e+00	2.655310e+00
31.05         	-2.670114e+00	5.382128e-01	6.855409e-03	-2.666686e+00	2.673542e+00
31.1          	-2.697107e+00	5.376803e-01	-8.120362e-03	-2.701167e+00	2.693047e+00
31.15         	-2.724423e+00	5.373630e-01	-2.269716e-02	-2.735771e+00	2.713074e+00
31.2          	-2.750432e+00	5.368288e-01	-3.714186e-02	-2.769003e+00	2.731862e+00
31.25         	-2.779114e+00	5.366850e-01	-5.192250e-02	-2.805075e+00	2.753153e+00
31.3          	-2.807215e+00	5.365019e-01	-6.649950e-02	-2.840465e+00	2.773966e+00
31.35         	-2.833715e+00	5.364274e-01	-7.998427e-02	-2.873707e+00	2.793723e+00
31.4          	-2.861498e+00	5.364667e-01	-9.380089e-02	-2.908399e+00	2.814598e+00
31.45         	-2.885592e+00	5.363539e-01	-1.061836e-01	-2.938684e+00	2.832500e+00
31.5          	-2.914144e+00	5.369970e-01	-1.188501e-01	-2.973569e+00	2.854719e+00
31.55         	-2.939153e+00	5.369895e-01	-1.313219e-01	-3.004814e+00	2.873492e+00
31.6          	-2.964779e+00	5.375128e-01	-1.427833e-01	-3.036171e+00	2.893387e+00
31.65         	-2.988500e+00	5.380290e-01	-1.532897e-01	-3.065145e+00	2.911855e+00
31.7          	-3.012504e+00	5.386482e-01	-1.636548e-01	-3.094331e+00	2.930676e+00
31.75         	-3.032832e+00	5.392900e-01	-1.721500e-01	-3.118907e+00	2.946757e+00
31.8          	-3.053210e+00	5.400479e-01	-1.803743e-01	-3.143397e+00	2.963023e+00
31.85         	-3.072468e+00	5.409713e-01	-1.875653e-01	-3.166251e+00	2.978686e+00
31.9          	-3.089551e+00	5.414253e-01	-1.947873e-01	-3.186945e+00	2.992157e+00
31.95         	-3.103191e+00	5.423538e-01	-1.991995e-01	-3.202791e+00	3.003591e+00
32            	-3.116978e+00	5.435983e-01	-2.028442e-01	-3.218400e+00	3.015556e+00
32.05         	-3.129841e+00	5.445613e-01	-2.066636e-01	-3.233173e+00	3.026509e+00
32.1          	-3.141903e+00	5.456058e-01	-2.098825e-01	-3.246844e+00	3.036962e+00
32.15         	-3.148847e+00	5.466825e-01	-2.104423e-01	-3.254068e+00	3.043626e+00
32.2          	-3.155002e+00	5.474022e-01	-2.114961e-01	-3.260750e+00	3.049254e+00
32.25         	-3.160002e+00	5.486228e-01	-2.107214e-01	-3.265363e+00	3.054641e+00
32.3          	-3.160047e+00	5.493307e-01	-2.087165e-01	-3.264405e+00	3.055688e+00
32.35         	-3.161916e+00	5.504776e-01	-2.065437e-01	-3.265188e+00	3.058644e+00
32.4          	-3.156143e+00	5.505402e-01	-2.032053e-01	-3.257746e+00	3.054540e+00
32.45         	-3.151259e+00	5.511529e-01	-1.989545e-01	-3.250736e+00	3.051782e+00
32.5          	-3.141154e+00	5.510790e-01	-1.938285e-01	-3.238068e+00	3.044240e+00
32.55         	-3.132527e+00	5.516472e-01	-1.877955e-01	-3.226425e+00	3.038629e+00
32.6          	-3.119932e+00	5.516362e-01	-1.812199e-01	-3.210542e+00	3.029322e+00
32.65         	-3.105540e+00	5.516255e-01	-1.737466e-01	-3.192414e+00	3.018667e+00
32.7          	-3.089559e+00	5.516067e-01	-1.654783e-01	-3.172298e+00	3.006820e+00
32.75         	-3.071210e+00	5.513279e-01	-1.566921e-01	-3.149556e+00	2.992864e+00
32.8          	-3.050645e+00	5.510025e-01	-1.469189e-01	-3.124105e+00	2.977186e+00
32.85         	-3.027468e+00	5.504250e-01	-1.364624e-01	-3.095699e+00	2.959236e+00
32.9          	-3.003376e+00	5.497635e-01	-1.257720e-01	-3.066262e+00	2.940490e+00
32.95         	-2.977009e+00	5.489865e-01	-1.142380e-01	-3.034128e+00	2.919890e+00
33            	-2.948985e+00	5.480499e-01	-1.022853e-01	-3.000128e+00	2.897842e+00
33.05         	-2.920939e+00	5.472979e-01	-8.987285e-02	-2.965876e+00	2.876003e+00
33.1          	-2.890794e+00	5.463070e-01	-7.701853e-02	-2.929303e+00	2.852284e+00
33.15         	-2.859182e+00	5.451618e-01	-6.384027e-02	-2.891102e+00	2.827262e+00
33.2          	-2.826893e+00	5.442809e-01	-4.966267e-02	-2.851724e+00	2.802061e+00
33.25         	-2.793973e+00	5.432778e-01	-3.550219e-02	-2.811724e+00	2.776222e+00
33.3          	-2.760263e+00	5.421273e-01	-2.133108e-02	-2.770929e+00	2.749598e+00
33.35         	-2.727207e+00	5.413392e-01	-6.596592e-03	-2.730505e+00	2.723909e+00
33.4          	-2.691547e+00	5.399006e-01	7.801880e-03	-2.687646e+00	2.695448e+00
33.45         	-2.659390e+00	5.392418e-01	2.236240e-02	-2.648209e+00	2.670571e+00
33.5          	-2.626495e+00	5.384897e-01	3.703748e-02	-2.607976e+00	2.645014e+00
33.55         	-2.592049e+00	5.372777e-01	5.133939e-02	-2.566379e+00	2.617719e+00
33.6          	-2.560439e+00	5.366788e-01	6.572561e-02	-2.527576e+00	2.593302e+00
33.65         	-2.529258e+00	5.360331e-01	7.976558e-02	-2.489375e+00	2.569141e+00
33.7          	-2.499381e+00	5.355461e-01	9.352713e-02	-2.452617e+00	2.546144e+00
33.75         	-2.470294e+00	5.351092e-01	1.070100e-01	-2.416789e+00	2.523799e+00
33.8          	-2.444106e+00	5.350228e-01	1.198928e-01	-2.384160e+00	2.504052e+00
33.85         	-2.417199e+00	5.345936e-01	1.322780e-01	-2.351060e+00	2.483338e+00
33.9          	-2.394265e+00	5.345985e-01	1.437542e-01	-2.322388e+00	2.466142e+00
33.95         	-2.373629e+00	5.349397e-01	1.548792e-01	-2.296190e+00	2.451069e+00
34            	-2.352208e+00	5.348604e-01	1.653294e-01	-2.269543e+00	2.434872e+00
34.05         	-2.332952e+00	5.349362e-01	1.750803e-01	-2.245412e+00	2.420492e+00
34.1          	-2.318220e+00	5.354488e-01	1.836516e-01	-2.226395e+00	2.410046e+00
34.15         	-2.306876e+00	5.363226e-01	1.914220e-01	-2.211165e+00	2.402587e+00
34.2          	-2.292145e+00	5.364716e-01	1.990572e-01	-2.192616e+00	2.391674e+00
34.25         	-2.283136e+00	5.372514e-01	2.053530e-01	-2.180459e+00	2.385812e+00
34.3          	-2.277917e+00	5.381573e-01	2.101055e-01	-2.172865e+00	2.382970e+00
34.35         	-2.275979e+00	5.391111e-01	2.133432e-01	-2.169308e+00	2.382651e+00
34.4          	-2.273091e+00	5.400410e-01	2.169261e-01	-2.164628e+00	2.381554e+00
34.45         	-2.272348e+00	5.409090e-01	2.193002e-01	-2.162698e+00	2.381999e+00
34.5          	-2.271711e+00	5.413146e-01	2.203919e-01	-2.161515e+00	2.381907e+00
34.55         	-2.274627e+00	5.423406e-01	2.213047e-01	-2.163975e+00	2.385280e+00
34.6          	-2.279808e+00	5.431170e-01	2.204408e-01	-2.169587e+00	2.390028e+00
34.65         	-2.287280e+00	5.441120e-01	2.189524e-01	-2.177804e+00	2.396756e+00
34.7          	-2.295469e+00	5.445871e-01	2.157962e-01	-2.187571e+00	2.403367e+00
34.75         	-2.304278e+00	5.452409e-01	2.127393e-01	-2.197908e+00	2.410648e+00
34.8          	-2.314469e+00	5.458664e-01	2.089156e-01	-2.210011e+00	2.418926e+00
34.85         	-2.326886e+00	5.462978e-01	2.034774e-01	-2.225147e+00	2.428625e+00
34.9          	-2.340759e+00	5.468468e-01	1.975973e-01	-2.241960e+00	2.439557e+00
34.95         	-2.353601e+00	5.468299e-01	1.908322e-01	-2.258185e+00	2.449017e+00
35            	-2.369171e+00	5.470225e-01	1.831990e-01	-2.277571e+00	2.460770e+00
35.05         	-2.383965e+00	5.468318e-01	1.749986e-01	-2.296466e+00	2.471464e+00
35.1          	-2.401428e+00	5.467592e-01	1.657567e-01	-2.318550e+00	2.484307e+00
35.15         	-2.420261e+00	5.467348e-01	1.559516e-01	-2.342286e+00	2.498237e+00
35.2          	-2.438722e+00	5.463265e-01	1.453769e-01	-2.366033e+00	2.511410e+00
35.25         	-2.457731e+00	5.458740e-01	1.344256e-01	-2.390518e+00	2.524943e+00
35.3          	-2.477721e+00	5.453128e-01	1.227203e-01	-2.416361e+00	2.539081e+00
35.35         	-2.498594e+00	5.446696e-01	1.103741e-01	-2.443407e+00	2.553781e+00
35.4          	-2.520992e+00	5.439698e-01	9.712954e-02	-2.472427e+00	2.569557e+00
35.45         	-2.543598e+00	5.433157e-01	8.392425e-02	-2.501636e+00	2.585560e+00
35.5          	-2.567123e+00	5.426205e-01	7.016695e-02	-2.532040e+00	2.602207e+00
35.55         	-2.592384e+00	5.420281e-01	5.582756e-02	-2.564470e+00	2.620298e+00
35.6          	-2.617958e+00	5.413580e-01	4.115215e-02	-2.597382e+00	2.638535e+00
35.65         	-2.643152e+00	5.406258e-01	2.653319e-02	-2.629885e+00	2.656419e+00
35.7          	-2.669169e+00	5.400138e-01	1.182396e-02	-2.663257e+00	2.675081e+00
35.75         	-2.696771e+00	5.394554e-01	-3.525575e-03	-2.698534e+00	2.695008e+00
35.8          	-2.723938e+00	5.389617e-01	-1.848083e-02	-2.733179e+00	2.714698e+00
35.85         	-2.751794e+00	5.385411e-01	-3.357180e-02	-2.768580e+00	2.735008e+00
35.9          	-2.781027e+00	5.383730e-01	-4.870016e-02	-2.805377e+00	2.756677e+00
35.95         	-2.808891e+00	5.381101e-01	-6.336139e-02	-2.840572e+00	2.777211e+00
36            	-2.835336e+00	5.378740e-01	-7.723846e-02	-2.873956e+00	2.796717e+00
36.05         	-2.864414e+00	5.379806e-01	-9.153423e-02	-2.910181e+00	2.818647e+00
36.1          	-2.890908e+00	5.378450e-01	-1.051492e-01	-2.943483e+00	2.838334e+00
36.15         	-2.918308e+00	5.383216e-01	-1.176850e-01	-2.977150e+00	2.859465e+00
36.2          	-2.943014e+00	5.383766e-01	-1.298761e-01	-3.007952e+00	2.878076e+00
36.25         	-2.970761e+00	5.389184e-01	-1.423411e-01	-3.041931e+00	2.899590e+00
36.3          	-2.995522e+00	5.394653e-01	-1.533013e-01	-3.072173e+00	2.918872e+00
36.35         	-3.020071e+00	5.400714e-01	-1.639771e-01	-3.102060e+00	2.938083e+00
36.4          	-3.041242e+00	5.406971e-01	-1.729246e-01	-3.127704e+00	2.954780e+00
36.45         	-3.062311e+00	5.416211e-01	-1.810765e-01	-3.152849e+00	2.971773e+00
36.5          	-3.081897e+00	5.422668e-01	-1.891474e-01	-3.176470e+00	2.987323e+00
36.55         	-3.100135e+00	5.430548e-01	-1.961325e-01	-3.198202e+00	3.002069e+00
36.6          	-3.115585e+00	5.439073e-01	-2.016231e-01	-3.216397e+00	3.014774e+00
36.65         	-3.128933e+00	5.450564e-01	-2.052950e-01	-3.231581e+00	3.026286e+00
36.7          	-3.142021e+00	5.459319e-01	-2.094471e-01	-3.246744e+00	3.037297e+00
36.75         	-3.154548e+00	5.470609e-01	-2.126934e-01	-3.260894e+00	3.048201e+00
36.8          	-3.161374e+00	5.478835e-01	-2.138474e-01	-3.268297e+00	3.054450e+00
36.85         	-3.167906e+00	5.487937e-01	-2.146017e-01	-3.275206e+00	3.060605e+00
36.9          	-3.170663e+00	5.494664e-01	-2.140424e-01	-3.277684e+00	3.063642e+00
36.95         	-3.173371e+00	5.506200e-01	-2.122877e-01	-3.279515e+00	3.067228e+00
37            	-3.176680e+00	5.516983e-01	-2.109961e-01	-3.282178e+00	3.071182e+00
37.05         	-3.173856e+00	5.521402e-01	-2.081962e-01	-3.277954e+00	3.069758e+00
37.1          	-3.167291e+00	5.527041e-01	-2.032200e-01	-3.268901e+00	3.065681e+00
37.15         	-3.157762e+00	5.524962e-01	-1.987192e-01	-3.257121e+00	3.058402e+00
37.2          	-3.149182e+00	5.530851e-01	-1.926572e-01	-3.245510e+00	3.052853e+00
37.25         	-3.136501e+00	5.531017e-01	-1.859617e-01	-3.229482e+00	3.043520e+00
37.3          	-3.123708e+00	5.532541e-01	-1.788759e-01	-3.213146e+00	3.034270e+00
37.35         	-3.106576e+00	5.530061e-01	-1.706159e-01	-3.191883e+00	3.021268e+00
37.4          	-3.088796e+00	5.527991e-01	-1.619145e-01	-3.169753e+00	3.007838e+00
37.45         	-3.067255e+00	5.523799e-01	-1.518719e-01	-3.143191e+00	2.991319e+00
37.5          	-3.045315e+00	5.519410e-01	-1.416877e-01	-3.116159e+00	2.974471e+00
37.55         	-3.020963e+00	5.512821e-01	-1.308568e-01	-3.086391e+00	2.955535e+00
37.6          	-2.994727e+00	5.505109e-01	-1.193665e-01	-3.054410e+00	2.935044e+00
37.65         	-2.966748e+00	5.495773e-01	-1.074231e-01	-3.020460e+00	2.913037e+00
37.7          	-2.937463e+00	5.486244e-01	-9.488725e-02	-2.984907e+00	2.890019e+00
37.75         	-2.907815e+00	5.477744e-01	-8.191552e-02	-2.948772e+00	2.866857e+00
37.8          	-2.875521e+00	5.465913e-01	-6.847797e-02	-2.909760e+00	2.841282e+00
37.85         	-2.843944e+00	5.456980e-01	-5.469374e-02	-2.871291e+00	2.816597e+00
37.9          	-2.809957e+00	5.446357e-01	-4.013073e-02	-2.830022e+00	2.789891e+00
37.95         	-2.776266e+00	5.435548e-01	-2.579114e-02	-2.789162e+00	2.763371e+00
38            	-2.742166e+00	5.426382e-01	-1.085000e-02	-2.747591e+00	2.736741e+00
38.05         	-2.707229e+00	5.412506e-01	3.320690e-03	-2.705569e+00	2.708889e+00
38.1          	-2.673707e+00	5.404479e-01	1.821221e-02	-2.664601e+00	2.682813e+00
38.15         	-2.639731e+00	5.395718e-01	3.312913e-02	-2.623166e+00	2.656295e+00
38.2          	-2.605732e+00	5.386377e-01	4.789684e-02	-2.581784e+00	2.629681e+00
38.25         	-2.572221e+00	5.376900e-01	6.237684e-02	-2.541033e+00	2.603410e+00
38.3          	-2.541275e+00	5.370406e-01	7.630474e-02	-2.503123e+00	2.579428e+00
38.35         	-2.510241e+00	5.365951e-01	9.074566e-02	-2.464868e+00	2.555613e+00
38.4          	-2.480810e+00	5.361113e-01	1.042874e-01	-2.428666e+00	2.532954e+00
38.45         	-2.453632e+00	5.359283e-01	1.174410e-01	-2.394911e+00	2.512352e+00
38.5          	-2.425531e+00	5.354317e-01	1.302501e-01	-2.360406e+00	2.490656e+00
38.55         	-2.401554e+00	5.352834e-01	1.418725e-01	-2.330618e+00	2.472490e+00
38.6          	-2.381021e+00	5.356430e-01	1.530132e-01	-2.304514e+00	2.457527e+00
38.65         	-2.358799e+00	5.354981e-01	1.636916e-01	-2.276953e+00	2.440645e+00
38.7          	-2.339939e+00	5.357769e-01	1.737608e-01	-2.253058e+00	2.426819e+00
38.75         	-2.322915e+00	5.361633e-01	1.831561e-01	-2.231337e+00	2.414493e+00
38.8          	-2.310138e+00	5.368187e-01	1.910992e-01	-2.214589e+00	2.405688e+00
38.85         	-2.297556e+00	5.373525e-01	1.986054e-01	-2.198254e+00	2.396859e+00
38.9          	-2.285707e+00	5.378466e-01	2.056402e-01	-2.182887e+00	2.388527e+00
38.95         	-2.278999e+00	5.385757e-01	2.107142e-01	-2.173642e+00	2.384356e+00
39            	-2.277333e+00	5.396974e-01	2.142163e-01	-2.170225e+00	2.384441e+00
39.05         	-2.273600e+00	5.405820e-01	2.181111e-01	-2.164544e+00	2.382655e+00
39.1          	-2.271239e+00	5.412734e-01	2.208449e-01	-2.160817e+00	2.381662e+00
39.15         	-2.270467e+00	5.419190e-01	2.226111e-01	-2.159161e+00	2.381772e+00
39.2          	-2.273974e+00	5.429675e-01	2.232987e-01	-2.162324e+00	2.385623e+00
39.25         	-2.279027e+00	5.437374e-01	2.224834e-01	-2.167785e+00	2.390268e+00
39.3          	-2.285205e+00	5.445603e-01	2.212093e-01	-2.174600e+00	2.395809e+00
39.35         	-2.295535e+00	5.454798e-01	2.180809e-01	-2.186495e+00	2.404575e+00
39.4          	-2.301491e+00	5.458144e-01	2.156747e-01	-2.193654e+00	2.409329e+00
39.45         	-2.311478e+00	5.465144e-01	2.121357e-01	-2.205411e+00	2.417546e+00
39.5          	-2.322944e+00	5.468704e-01	2.069889e-01	-2.219450e+00	2.426439e+00
39.55         	-2.337173e+00	5.473685e-01	2.008095e-01	-2.236768e+00	2.437577e+00
39.6          	-2.351018e+00	5.475654e-01	1.940687e-01	-2.253983e+00	2.448052e+00
39.65         	-2.365241e+00	5.476353e-01	1.868036e-01	-2.271839e+00	2.458643e+00
39.7          	-2.381445e+00	5.478278e-01	1.788498e-01	-2.292020e+00	2.470870e+00
39.75         	-2.397810e+00	5.475412e-01	1.696228e-01	-2.312999e+00	2.482622e+00
39.8          	-2.415942e+00	5.474102e-01	1.598980e-01	-2.335993e+00	2.495891e+00
39.85         	-2.434183e+00	5.470989e-01	1.496754e-01	-2.359346e+00	2.509021e+00
39.9          	-2.453105e+00	5.465587e-01	1.385399e-01	-2.383835e+00	2.522375e+00
39.95         	-2.473180e+00	5.460071e-01	1.268101e-01	-2.409775e+00	2.536585e+00
40            	-2.493943e+00	5.453808e-01	1.145604e-01	-2.436663e+00	2.551224e+00
