/*--------------------------------*- C++ -*----------------------------------*\
  =========                 |
  \\      /  F ield         | OpenFOAM: The Open Source CFD Toolbox
   \\    /   O peration     | Website:  https://openfoam.org
    \\  /    A nd           | Version:  10
     \\/     M anipulation  |
\*---------------------------------------------------------------------------*/
FoamFile
{
    format      ascii;
    class       volScalarField;
    location    "32";
    object      p;
}
// * * * * * * * * * * * * * * * * * * * * * * * * * * * * * * * * * * * * * //

dimensions      [0 2 -2 0 0 0 0];

internalField   nonuniform List<scalar> 
6397
(
0.228227
0.209975
-0.0358586
-0.0264233
-0.0356756
-0.0462678
0.430059
0.166437
-0.442598
-0.508355
0.360701
0.256534
-0.00177067
-0.0021531
-0.00815486
-0.309044
-0.308717
-0.31628
0.846974
0.774666
0.744668
-0.684401
-0.608698
-0.604887
-0.00182887
-0.00265711
-0.00149169
-0.15235
-0.140986
-0.178733
-0.174
0.00153377
-0.00305258
-0.0182057
0.0249904
0.023249
0.0152628
0.012774
0.0347691
0.0355514
0.0313827
0.0302582
-0.177195
-0.104206
-0.12365
-0.0590673
-0.0667634
-0.0822292
0.0392198
0.0387333
0.0392564
0.0385072
0.0386838
0.354399
0.342921
0.175669
0.187202
0.0198901
-0.0671679
-0.0692214
-0.0695654
-0.076433
-0.088173
-0.104425
-0.123827
-0.14311
-0.158165
-0.162828
-0.0652924
-0.0761915
-0.0689179
-0.0661381
-0.0712653
-0.0810215
-0.0960127
-0.116006
-0.139539
-0.163359
-0.181415
-0.187921
-0.0772512
-0.0885367
-0.154415
-0.179022
-0.089839
-0.105475
-0.13456
-0.156373
-0.104807
-0.123979
-0.109802
-0.127263
-0.118749
-0.128485
-0.0870167
-0.100418
-0.0842768
-0.104463
-0.0954399
-0.0643438
-0.0731387
-0.0585521
-0.0594546
-0.0682165
-0.0613518
-0.0969345
-0.0798586
-0.146844
-0.119777
-0.196768
-0.174875
-0.19601
-0.204291
-0.137832
-0.170351
-0.107444
-0.108542
-0.0695876
-0.0879796
-0.132476
-0.124768
-0.117934
-0.128519
-0.0879153
-0.102559
-0.0676578
-0.0754417
-0.0649773
-0.0640936
-0.0801882
-0.0699789
-0.117222
-0.0963317
-0.160476
-0.140718
-0.131462
-0.155398
-0.107199
-0.0836054
-0.0800478
-0.0506962
-0.0568351
-0.0419233
-0.0667519
-0.0796902
-0.0603171
-0.191166
-0.0822253
-0.0841383
-0.186222
-0.0700715
-0.065397
-0.0748681
-0.0506707
-0.056723
-0.0487676
-0.0480402
-0.0605786
-0.0528065
-0.0910812
-0.0730518
-0.144382
-0.115167
-0.200897
-0.175262
-0.202453
-0.213197
-0.139535
-0.174871
-0.106274
-0.0807359
-0.0646562
-0.101606
-0.0947132
-0.0920471
-0.100743
-0.0694109
-0.0811828
-0.0563844
-0.0611829
-0.0598128
-0.0562886
-0.0805172
-0.0677657
-0.123053
-0.0992883
-0.172068
-0.149032
-0.186514
-0.128049
-0.14943
-0.0815074
-0.105355
-0.0383009
-0.0504154
-0.066282
-0.0680844
-0.0472143
-0.0464964
-0.055665
-0.0251179
-0.0388193
-0.0269282
-0.163017
-0.172547
-0.0774401
-0.0615432
-0.0572476
-0.187746
-0.194599
-0.0601507
-0.0605609
-0.0634525
-0.0470224
-0.0544154
-0.0363104
-0.040301
-0.0372165
-0.0354557
-0.0499218
-0.0420396
-0.0797909
-0.0623496
-0.132332
-0.103504
-0.190606
-0.163853
-0.195555
-0.203857
-0.131715
-0.168117
-0.0965006
-0.0320205
-0.0266824
-0.053608
-0.0414946
-0.0710094
-0.0649773
-0.0662871
-0.071799
-0.0506147
-0.0583801
-0.0439523
-0.0455343
-0.0520411
-0.0462835
-0.0761115
-0.0617918
-0.120972
-0.0963053
-0.172101
-0.14794
-0.188223
-0.121535
-0.142933
-0.0995623
-0.0312581
-0.0491861
-0.0588
-0.0325869
-0.044273
-0.0373741
-0.0501618
-0.0710119
-0.0522818
-0.145163
-0.153623
-0.182511
-0.175466
-0.0415713
-0.039244
-0.0190905
-0.0115207
-0.0336318
-0.172418
-0.0562819
-0.0403283
-0.0429229
-0.0293627
-0.0353321
-0.0226324
-0.0251085
-0.0251141
-0.0227766
-0.0373466
-0.0298557
-0.0647527
-0.0487266
-0.113259
-0.0864053
-0.16943
-0.14304
-0.176534
-0.182964
-0.114538
-0.150398
-0.0509082
-0.0792184
-0.0120119
-0.0290362
0.0120305
0.00187056
-0.011979
-0.0200166
-0.0144515
-0.0144926
-0.0118839
-0.0283937
-0.0202634
-0.0428362
-0.0372709
-0.0410721
-0.0440262
-0.0314222
-0.0360911
-0.0298396
-0.0290878
-0.041019
-0.0339232
-0.0663908
-0.0516062
-0.111556
-0.0865937
-0.163096
-0.138692
-0.179026
-0.111241
-0.130226
-0.0911224
-0.0437366
-0.0299398
-0.00965356
0.017634
-0.0532416
-0.0571304
-0.0353946
-0.153033
-0.165332
-0.158498
-0.0559291
-0.0511165
-0.0453451
-0.0620157
-0.0367754
-0.0134542
0.018498
-0.160828
-0.0580719
-0.0244388
-0.0202578
-0.022777
-0.0219403
-0.0242634
-0.0139542
-0.017996
-0.00988501
-0.0110997
-0.0130654
-0.0106436
-0.0239118
-0.0173622
-0.0472009
-0.0336309
-0.0885321
-0.0655148
-0.138892
-0.114706
-0.148119
-0.152406
-0.0902532
-0.124337
-0.028821
-0.0563407
0.008461
-0.00832743
0.0339585
0.0223985
0.0460466
0.0419139
-0.00762714
-0.0285069
-0.0161034
0.000264936
-0.00248332
0.000894409
0.00128958
-0.00703586
-0.00205456
-0.0175712
-0.0130296
-0.0177164
-0.0190589
-0.0125079
-0.014901
-0.0145476
-0.0122027
-0.0274884
-0.0197334
-0.0529206
-0.03835
-0.0960437
-0.0724622
-0.146006
-0.122416
-0.161667
-0.0676872
-0.0458342
0.0163462
0.0478647
-0.142417
-0.142403
-0.130968
-0.121748
-0.12469
-0.131698
-0.098346
-0.113461
-0.0636051
-0.081265
-0.0311227
-0.0467302
-0.0172532
-0.064244
-0.0624878
-0.0757005
-0.0596464
-0.0887559
-0.0457554
-0.0692526
-0.0983176
-0.0197509
0.0476609
0.0147036
-0.00689917
-0.00512887
-0.06693
-0.00892615
-0.00836113
-0.00590386
-0.00820356
-0.000541931
-0.00324078
0.00151204
0.00116506
-0.00174648
0.00046106
-0.0106747
-0.00534209
-0.0291795
-0.0184661
-0.0616093
-0.0435164
-0.102889
-0.0826124
-0.113698
-0.115464
-0.0616572
-0.0929134
-0.0033222
-0.029536
0.0311401
0.0160823
0.0554489
0.0440016
0.0705045
0.0643524
0.0794693
0.0751457
-0.0130259
-0.0426504
-0.0260851
0.00375563
-0.00331625
0.0113157
0.00837645
0.0134468
0.0127375
0.0104019
0.012751
0.0036974
0.00691387
0.00258554
0.00229498
0.00472553
0.00391593
0.000319611
0.00366009
-0.0133426
-0.00542596
-0.0374917
-0.0238736
-0.0766119
-0.055205
-0.121623
-0.100357
-0.140986
-0.137028
-0.116984
-0.132593
-0.098509
-0.108541
-0.0861056
-0.100459
-0.105586
-0.109543
-0.085741
-0.0973962
-0.0568818
-0.0718987
-0.0279485
-0.0420585
-0.0987329
-0.0627475
0.0516635
0.0766701
-0.00428141
-0.0152573
-0.0839237
-0.0760134
-0.105299
-0.0748526
-0.125799
-0.0581971
-0.137336
-0.0254083
-0.0854148
-0.132539
0.0168099
0.0717361
0.0524199
-0.0479434
-0.107795
-0.060522
0.0636922
0.0790588
0.0695384
0.00498886
-0.00428448
0.00444331
-0.0843537
0.00438608
0.00524339
0.00412782
0.00414498
0.00690016
0.00515162
0.0106287
0.00894366
0.0113621
0.0114787
0.00850526
0.0103181
0.00161817
0.00570116
-0.0120192
-0.00419869
-0.0352501
-0.022317
-0.0654704
-0.050398
-0.0743752
-0.0755079
-0.0324487
-0.059114
0.0226845
-0.00282346
0.0556286
0.0416517
0.0762333
0.0667614
0.0888876
0.0836754
0.0912959
0.0916708
0.0868219
-0.0204879
-0.0337371
0.000599512
-0.00908406
0.0138701
0.00798897
0.0206102
0.0178588
0.0236095
0.0223666
0.0238613
0.024223
0.0205439
0.0224247
0.0189367
0.0192369
0.0189746
0.0191974
0.0134863
0.0171791
0.00035118
0.00780115
-0.0210787
-0.00915371
-0.0543405
-0.036184
-0.0931986
-0.0744399
-0.109451
-0.106551
-0.089493
-0.103267
-0.0729829
-0.0696294
-0.0532793
-0.0881989
-0.0807192
-0.0896051
-0.0910293
-0.0756417
-0.0842716
-0.0519703
-0.0645246
-0.0263746
-0.0389923
-0.0146522
-0.113467
-0.0974172
-0.145717
-0.0941361
-0.171771
-0.0692782
-0.180557
-0.0261914
-0.164553
0.0209402
-0.0687311
-0.123596
0.0496102
0.057986
0.0529013
-0.0291124
-0.0685159
-0.0262729
0.0444638
0.060686
0.0476505
-0.00579905
0.0026178
0.0130915
0.0120571
-0.110948
0.0139048
0.0140794
0.0147821
0.0143146
0.017235
0.015846
0.019625
0.0186033
0.0196334
0.0199239
0.0174305
0.0187728
0.0124828
0.0153947
0.00321624
0.00845932
-0.0117433
-0.00349523
-0.0307625
-0.021264
-0.0367769
-0.0372926
-0.00507246
-0.025861
0.0437549
0.0201858
0.0751304
0.062033
0.0914717
0.0844867
0.0988126
0.0962782
0.0958486
0.0986399
0.0819474
0.0901367
0.0720814
-0.0194753
-0.0263404
-0.00268998
-0.0112182
0.0119538
0.00495697
0.0222128
0.0176316
0.028301
0.0257039
0.0316397
0.0301703
0.0336184
0.0328367
0.0331057
0.0336888
0.0316276
0.0322901
0.0301576
0.031085
0.0245398
0.028071
0.0129655
0.0194369
-0.00476877
0.00495824
-0.0311284
-0.0167926
-0.0631349
-0.0473393
-0.0785654
-0.0747142
-0.0623855
-0.0734494
-0.0490125
-0.0266019
-0.0116018
-0.0540451
-0.0410462
-0.0721762
-0.06451
-0.0771702
-0.0764565
-0.0683661
-0.0743635
-0.0493658
-0.0597386
-0.0267474
-0.0380948
-0.0158726
-0.153207
-0.124864
-0.194188
-0.113265
-0.219913
-0.0742114
-0.217965
-0.0205328
-0.183736
0.0240893
-0.124455
0.0415137
-0.0163279
-0.0567633
0.0394851
0.0328015
0.0285526
0.00882455
-0.14592
0.0201452
0.0160344
0.0185108
0.0216315
0.0209857
0.0230843
0.0221528
0.0251707
0.0241172
0.0266122
0.0260264
0.0264165
0.0266699
0.024947
0.0258355
0.0217019
0.0235966
0.0160268
0.0191846
0.00761414
0.0121538
-0.00188385
0.00268225
-0.00298766
-0.00452075
0.0203014
0.00527102
0.05876
0.0395579
0.0859662
0.0745312
0.0985178
0.0935962
0.101574
0.101084
0.095815
0.0998197
0.08153
0.0895227
0.0610542
0.0719119
0.0355724
0.0490031
-0.00279035
0.00844208
0.00064384
0.000758754
-0.00221549
0.0109385
0.00550218
0.0210726
0.0161462
0.0289747
0.0253564
0.0343561
0.0319468
0.0378351
0.0362602
0.0404711
0.0392287
0.041779
0.0413745
0.0411495
0.041693
0.0390221
0.0402969
0.0338218
0.0369292
0.0242292
0.0295344
0.0105791
0.0179048
-0.00858687
0.00187533
-0.0341337
-0.0211236
-0.0477925
-0.0442291
-0.0366759
-0.0449308
-0.0162429
-0.0262126
-0.00852647
-0.0182897
0.00552004
-0.00591387
-0.0415254
-0.0301102
-0.0599471
-0.0517893
-0.068055
-0.0654814
-0.0638939
-0.0674915
-0.0491869
-0.0575791
-0.0289272
-0.0393598
-0.00857832
-0.0185863
0.00694743
0.00056062
0.00183947
0.0197786
0.0158945
0.020841
-0.198943
-0.153801
0.00950331
-0.241527
-0.125782
0.0199331
0.00619605
0.0163718
-0.257112
-0.0701964
-0.234841
-0.0119985
-0.17903
0.021909
-0.106248
0.028882
-0.036495
0.0226797
0.0319519
0.0190899
0.00977486
-0.00290304
0.00506305
-0.184552
0.0252379
0.0228707
0.0274421
0.0261136
0.0292635
0.0280558
0.0310476
0.0300669
0.0319326
0.0316129
0.0318645
0.0319803
0.0310856
0.0315805
0.0292669
0.0303235
0.0263359
0.0279301
0.0226139
0.0245236
0.0198731
0.020898
0.0236856
0.0204323
0.0420194
0.031015
0.0698675
0.0558552
0.0906939
0.0817893
0.0999571
0.0965346
0.100668
0.101251
0.0937529
0.0981447
0.0801115
0.0877011
0.0611876
0.0711956
0.0379501
0.0500741
0.0115751
0.025096
0.0228718
0.0385231
0.0303616
0.014121
0.0172728
0.0150502
0.0133847
0.0210885
0.0176487
0.0282231
0.0247041
0.0343333
0.0314546
0.039018
0.0368413
0.0424772
0.04087
0.0453054
0.0439345
0.0474117
0.0465082
0.0478193
0.0478921
0.0461105
0.0472291
0.0418546
0.0443378
0.0345454
0.0385429
0.0250022
0.0299943
0.0117313
0.0191966
-0.00891588
0.00191192
-0.0210234
-0.0175387
-0.013837
-0.0196787
-0.000298842
-0.00709343
0.00508401
0.00920584
0.0176738
-0.0107057
-0.000497641
-0.0319581
-0.0212574
-0.0508681
-0.0420899
-0.0619793
-0.0576613
-0.0620791
-0.0634766
-0.0512727
-0.0578813
-0.0329937
-0.0427327
-0.0127615
-0.0228623
-0.00289561
0.0442517
0.0458057
-0.0115013
-0.00223223
-0.240333
-0.175733
0.0253815
0.023306
-0.273511
-0.125219
-0.267717
-0.0578459
-0.220282
-0.00674917
-0.147006
0.0123192
-0.0695072
0.0116396
-0.00258495
0.00173861
0.0392911
-0.0122102
0.0512041
0.0544743
-0.0233916
0.0481562
0.048299
0.0533511
0.0267265
-0.028119
-0.0155627
-0.216841
0.0290623
0.0266129
0.031813
0.0301549
0.033775
0.0326357
0.0352027
0.0345003
0.0359451
0.0356641
0.0361596
0.0361072
0.0359705
0.0361343
0.0352912
0.035691
0.0343423
0.0348286
0.0337245
0.0339283
0.0350823
0.0339981
0.041813
0.0375165
0.0573326
0.0485044
0.077553
0.0675257
0.0924727
0.0860654
0.0987896
0.0966065
0.0979381
0.0991753
0.0907058
0.0950532
0.0780417
0.0849486
0.0609597
0.0699827
0.0403947
0.0510361
0.0176774
0.0291841
-0.00469555
0.00628784
0.0412291
0.04557
0.0313011
0.0362163
0.0251916
0.027441
0.0248678
0.0243912
0.0285327
0.026307
0.0336405
0.0310633
0.0384597
0.0361293
0.0425334
0.0405919
0.0458672
0.0442809
0.0487065
0.0473308
0.0510664
0.0499729
0.0521949
0.0518305
0.0514367
0.0520476
0.0487246
0.050325
0.044059
0.0465967
0.0381202
0.0412363
0.0283999
0.0341543
0.0113947
0.020323
0.000937038
0.0042959
0.00441454
0.00140256
0.0128584
0.0085617
0.0191703
0.0166418
0.0214307
0.0129456
0.0204236
-0.00445193
0.00467275
-0.0247547
-0.0143682
-0.0446407
-0.035067
-0.0588033
-0.0527551
-0.0630146
-0.0623024
-0.0559493
-0.0608377
-0.0396155
-0.0486872
-0.018781
-0.0293076
0.00278848
-0.00739119
0.0201261
0.0105031
-0.263781
-0.181056
-0.0146682
-0.0281692
0.0278639
0.0177168
0.0232179
0.00457472
-0.00334672
-0.276383
-0.110897
-0.243386
-0.0448304
-0.174416
-0.0105067
-0.0941533
-0.00429494
-0.0221606
-0.0107794
0.0309939
-0.0242031
0.0573815
-0.0372423
0.0453516
0.0416649
0.0362581
0.0392005
0.0603573
-0.0448538
0.0512866
0.0113797
0.0293439
0.0142718
-0.230915
0.0304227
0.0288122
0.0324831
0.0310621
0.0350261
0.033637
0.0369227
0.0359768
0.0381784
0.0376193
0.0389594
0.0386304
0.0394671
0.0392552
0.0397659
0.0396516
0.0399526
0.0398628
0.0403656
0.040104
0.0416743
0.0408479
0.0452167
0.0430595
0.0529962
0.0484645
0.066187
0.0589454
0.0813529
0.0739611
0.0920913
0.0875165
0.0962139
0.0949344
0.0943919
0.0959871
0.0873023
0.0914435
0.0757626
0.0820268
0.0605421
0.0685503
0.0425097
0.0517928
0.0230963
0.0327981
0.0135883
0.0456985
0.0448128
0.0424563
0.0447893
0.03639
0.0394427
0.0320118
0.033792
0.0315133
0.0313336
0.0338994
0.0324288
0.0376675
0.0357179
0.0415511
0.0396338
0.0451076
0.0433796
0.048248
0.0467271
0.0510303
0.0496773
0.0534386
0.0522978
0.0549695
0.0543398
0.0551419
0.0552273
0.0540181
0.0547201
0.0518588
0.0530503
0.0485084
0.0504183
0.0407186
0.0454785
0.0270329
0.0341002
0.018236
0.0213876
0.0186462
0.0176452
0.0228056
0.0205851
0.0265214
0.0247369
0.0279175
0.0284488
0.0325647
0.0166405
0.0231467
0.000511027
0.00915762
-0.0197359
-0.00922628
-0.0411544
-0.0305897
-0.0585622
-0.0506974
-0.0670333
-0.0641451
-0.0637763
-0.0669192
-0.0493305
-0.0577603
-0.0277017
-0.0389276
-0.00425385
-0.0158551
0.00444466
-0.0445628
0.0191473
-0.0233814
-0.0100591
-0.258694
-0.167241
-0.245705
-0.090725
-0.190406
-0.0402695
-0.0395507
-0.110371
-0.024703
-0.0322403
-0.0274115
0.0269217
-0.040242
0.0287417
0.0288982
0.0218234
0.0196491
0.0610334
-0.0555051
0.029979
0.069726
-0.0648665
0.0445919
0.0603897
-0.0666204
0.0168681
0.0377022
0.0360874
-0.0306192
-0.0155515
0.0376345
-0.219812
0.0309144
0.0245089
0.0274482
0.0340697
0.0327397
0.0355427
0.0347554
0.0374179
0.0364695
0.0390914
0.03833
0.0402989
0.0397708
0.0411986
0.0407949
0.0419489
0.0416006
0.0426382
0.0423009
0.0434546
0.0430166
0.0447602
0.0440191
0.0471768
0.0457804
0.0517001
0.0491079
0.0594462
0.055133
0.0705235
0.064608
0.0821312
0.0765459
0.0900724
0.0867237
0.0927599
0.0920519
0.0904998
0.0922069
0.0838279
0.0876628
0.0734618
0.0790428
0.0600818
0.0671011
0.0444775
0.0524819
0.0279757
0.0361977
0.0126632
0.0199821
0.00109263
0.00623541
-0.0193095
-0.00562089
-0.00295209
0.0395206
0.0349316
0.0438788
0.0424884
0.0428438
0.0438913
0.0392583
0.0411573
0.036412
0.0375833
0.0360152
0.0359259
0.0376972
0.036651
0.0405752
0.0390523
0.0437952
0.0421779
0.0469368
0.0453886
0.0498595
0.0484271
0.0525435
0.0512318
0.0549269
0.0537857
0.0566746
0.0558985
0.0575163
0.0572059
0.0575925
0.0576244
0.0571407
0.0574417
0.0553096
0.0565348
0.049073
0.0529038
0.038496
0.0439253
0.0308755
0.0339469
0.0289835
0.0293821
0.0300217
0.0293132
0.0318132
0.0309439
0.0334365
0.0327743
0.0342557
0.0302281
0.0338749
0.0196855
0.0255484
0.00408817
0.0125988
-0.0167842
-0.00581398
-0.0401815
-0.0284358
-0.0612104
-0.0513388
-0.074312
-0.0690726
-0.0750767
-0.0763914
-0.0624911
-0.0703095
-0.0399931
-0.0519977
-0.0146643
-0.0275189
0.00322195
-0.00443356
0.00986051
-0.226392
-0.140953
-0.00618691
0.0058928
0.00605476
-0.193409
-0.0765138
-0.0602554
-0.125119
-0.0493783
-0.0420235
-0.0483474
-0.0494709
0.014298
0.0189388
0.0137388
0.00708197
0.0285914
-0.0592862
0.00966874
0.0706078
-0.0777559
-0.0209324
-0.0359384
0.018396
0.0830325
-0.091786
0.0335325
0.0736382
-0.0939246
0.0536402
0.0294432
0.0232174
0.0280799
0.014693
0.0373716
0.0379346
0.0220565
-0.189162
0.0333759
0.031377
0.0363993
0.0350565
0.0377707
0.0371069
0.0391927
0.03852
0.0406102
0.0399567
0.0417954
0.0412537
0.0428131
0.0423356
0.0437563
0.0432966
0.0447445
0.0442392
0.0459954
0.0453225
0.0478527
0.0468234
0.0508423
0.0491689
0.0556587
0.0529832
0.0628631
0.0589611
0.0720995
0.067279
0.0811438
0.0768332
0.0871717
0.0846502
0.0889521
0.0885881
0.0865873
0.0882561
0.0805039
0.0839677
0.0713001
0.0762366
0.0596478
0.0657321
0.0462692
0.0531182
0.0324174
0.0392544
0.0197287
0.0257437
0.0105019
0.0145856
0.00749533
0.0298581
0.0244628
0.0383997
0.0346017
0.0425964
0.0410619
0.0427756
0.0430942
0.0408705
0.0419312
0.03918
0.0399009
0.0389654
0.0388451
0.0403016
0.0394804
0.0426218
0.0413781
0.0453657
0.0439707
0.0481693
0.0467736
0.0508789
0.0495392
0.0534368
0.052181
0.0557603
0.0546375
0.0576159
0.0567601
0.0588797
0.0583178
0.0596714
0.0593157
0.0600862
0.0599489
0.0590796
0.0598901
0.0542969
0.0572412
0.0461414
0.0503748
0.03931
0.0423006
0.036021
0.0372749
0.0351456
0.0353855
0.035572
0.0353337
0.0363174
0.0359571
0.0368721
0.0369206
0.0385484
0.0383348
0.0317139
0.0348479
0.021984
0.0275138
0.0063099
0.0149653
-0.0155594
-0.00395772
-0.0412745
-0.0281664
-0.0663097
-0.0542437
-0.0843761
-0.0766254
-0.0894218
-0.0887972
-0.0786439
-0.0859462
-0.0548433
-0.0679182
-0.0273654
-0.0411516
-0.00502823
-0.0151134
0.00470526
-0.0051492
0.00797697
-0.181317
-0.116412
-0.0877805
-0.137928
-0.0774715
0.00943407
0.0168614
0.0151451
0.00626705
-0.0636501
-0.0719275
-0.0742621
0.000849636
0.0194819
-0.0835555
-0.000218162
0.0810311
-0.103304
-0.020938
-0.0571295
0.00530888
0.102586
-0.123003
-0.0391929
0.0188712
0.0931244
-0.131316
0.0405268
0.067792
0.0269119
0.0388324
-0.00268497
0.0111207
-0.154134
0.0329144
0.0298374
0.0315267
0.0355965
0.0344713
0.037736
0.0367511
0.0391086
0.038444
0.0403757
0.0397693
0.0416364
0.0410315
0.0428143
0.042252
0.0439205
0.0433836
0.0450154
0.044469
0.0462243
0.0455975
0.0477586
0.0469363
0.0499282
0.0487428
0.0531533
0.0513824
0.0578946
0.0553143
0.0643807
0.0609341
0.0720855
0.0681415
0.0792425
0.0758551
0.0839252
0.0819796
0.0851369
0.0849696
0.0828537
0.0844076
0.0774193
0.0804948
0.0693345
0.0736641
0.0592552
0.0644955
0.0478761
0.0536813
0.036267
0.0419914
0.0259869
0.0308666
0.0186555
0.0218351
0.0157033
0.0164835
0.018724
0.0164217
0.015325
0.0272903
0.0222855
0.0231696
0.0195703
0.0313261
0.0272558
0.0380011
0.0349928
0.0417205
0.0402586
0.0425485
0.0424402
0.0417209
0.0422434
0.0408473
0.0411891
0.0408784
0.0407043
0.0420455
0.0413456
0.0440062
0.042951
0.0463983
0.0451714
0.0489269
0.0476583
0.0514395
0.0501907
0.0538575
0.0526646
0.0560881
0.0550066
0.0579822
0.0570508
0.0594848
0.0587839
0.060636
0.060094
0.0613929
0.0610929
0.0607771
0.0613577
0.0570592
0.0593559
0.05059
0.0539862
0.0444751
0.0473092
0.0405531
0.0422237
0.0387068
0.0394041
0.0381537
0.0382387
0.038194
0.038037
0.0386989
0.0382819
0.0385553
0.0376791
0.03902
0.032863
0.0356813
0.0235063
0.0289285
0.00751685
0.0164004
-0.0154588
-0.00316956
-0.0436598
-0.0291032
-0.0728034
-0.0585009
-0.0959347
-0.0856053
-0.105466
-0.102802
-0.0965772
-0.103367
-0.0713051
-0.0855426
-0.0402083
-0.0557432
-0.0114427
-0.0250563
0.0118281
0.000568835
0.0257608
0.0199576
-0.122701
-0.14223
-0.106513
0.0265012
0.0395077
0.0140486
0.00411378
-0.0954431
-0.0954318
0.0341237
0.0218048
-0.106482
-0.00407501
-0.0157436
-0.109449
0.000935967
-0.00912577
0.0681775
-0.135278
-0.0195017
-0.0852562
-0.00819341
0.120325
-0.160979
-0.0404933
0.00172015
0.118227
-0.174749
-0.062321
0.0220267
0.0891667
-0.171035
0.0524744
0.0416884
0.0513802
0.0571015
0.0138321
0.0155013
-0.131167
0.0320701
0.028372
0.0307989
0.0349093
0.0338184
0.0370646
0.0363219
0.0386231
0.0379343
0.0398614
0.039265
0.0410532
0.0404659
0.0422549
0.0416625
0.043442
0.0428566
0.044618
0.0440353
0.0458293
0.0452163
0.0471931
0.0464836
0.0489016
0.047991
0.0512226
0.0499682
0.0544812
0.0527169
0.0589677
0.0565629
0.0647184
0.0617052
0.0711774
0.0679179
0.0769341
0.074218
0.0806477
0.0791138
0.0814984
0.0814402
0.0793954
0.0807975
0.0746057
0.0773068
0.0675765
0.0713309
0.058916
0.0634058
0.0493042
0.0541809
0.0396766
0.0444145
0.0314666
0.0352758
0.0257228
0.0281694
0.0240577
0.024285
0.0278914
0.0252971
0.0374324
0.0317638
0.0440015
0.0225326
0.0243228
0.0227854
0.0232349
0.0225788
0.0271054
0.0247143
0.0329032
0.0299046
0.0380509
0.0356763
0.0411719
0.039885
0.0422951
0.041952
0.0421438
0.0423091
0.041812
0.0419348
0.0420742
0.0418478
0.0431472
0.0425183
0.0448732
0.0439453
0.0470037
0.0459054
0.0493068
0.0481452
0.0516384
0.0504754
0.0539137
0.0527876
0.0560433
0.055003
0.0579339
0.0570178
0.0595135
0.0587612
0.0607911
0.0601894
0.061598
0.0612836
0.0610892
0.0615825
0.0580422
0.05991
0.0527698
0.0555598
0.0473494
0.0499562
0.0432984
0.0451139
0.0408873
0.0419085
0.0396959
0.0401635
0.0392328
0.0393921
0.0390453
0.0391272
0.0389985
0.0390263
0.0381675
0.0392397
0.0338073
0.0364236
0.0245428
0.0299665
0.00820609
0.0173175
-0.0157995
-0.0028697
-0.0462858
-0.030409
-0.0791415
-0.0628144
-0.107038
-0.0942513
-0.120986
-0.116278
-0.11418
-0.120344
-0.0873819
-0.102865
-0.0509782
-0.069334
-0.0161488
-0.0325917
0.00904003
-0.00251577
0.0235033
0.0174342
0.0246986
0.00319775
-0.122152
-0.115754
0.0492537
0.0567991
0.0642219
0.0377354
0.0269188
0.0306809
-0.148971
-0.00757052
-0.0718568
-0.131173
0.0071505
-0.0163463
0.0164884
-0.166939
-0.0162188
-0.121621
-0.0204243
0.101906
-0.206711
-0.040009
-0.0169738
0.143067
-0.231706
-0.0924235
-0.064951
0.000117635
0.115617
-0.229515
0.028787
0.0711534
0.0291781
0.00811
0.00418577
-0.128295
0.0328052
0.0315453
0.0359002
0.0346624
0.0378612
0.0370804
0.0391192
0.0385389
0.040224
0.0396649
0.041354
0.0407788
0.0425353
0.0419398
0.0437417
0.0431365
0.0449764
0.044356
0.0462776
0.0456152
0.0477477
0.0469836
0.0495555
0.0485979
0.051926
0.0506567
0.0551053
0.0534029
0.059265
0.0570618
0.0643304
0.0617073
0.0697386
0.0670515
0.0744996
0.0722793
0.0775049
0.0762692
0.0781252
0.0781235
0.0762461
0.0774849
0.0720757
0.0744196
0.066024
0.0692497
0.0586327
0.062455
0.0505638
0.0546349
0.0426743
0.0465347
0.0360901
0.0391446
0.0319224
0.033608
0.031337
0.0310546
0.0355701
0.0328685
0.0446933
0.0395022
0.0572585
0.0508644
0.052825
0.0642085
0.0708177
0.0635625
0.0290166
0.0326007
0.0299811
0.0287088
0.0286547
0.0306754
0.0293835
0.034546
0.0324672
0.0383764
0.0365783
0.0409277
0.0398324
0.0420871
0.0416588
0.0423112
0.0422722
0.0423336
0.0423014
0.0427537
0.0424766
0.0437776
0.0431918
0.0453416
0.044504
0.0472705
0.0462738
0.0493828
0.0483139
0.0515481
0.0504651
0.0536801
0.0526229
0.0557039
0.05471
0.0575379
0.0566492
0.0591052
0.058354
0.0603663
0.0597797
0.0610776
0.060819
0.0605414
0.0610177
0.057932
0.0595074
0.0535206
0.0558639
0.0487445
0.0510973
0.0448096
0.0466308
0.0421529
0.0433335
0.0405776
0.0412568
0.0397041
0.0400786
0.0391433
0.0394101
0.0387057
0.0390027
0.0394629
0.0386223
0.0386517
0.0394183
0.0347008
0.0371896
0.0253954
0.0308505
0.0088739
0.01811
-0.0158343
-0.00245241
-0.0479665
-0.0311267
-0.0836562
-0.0657623
-0.115413
-0.10062
-0.13316
-0.12665
-0.128353
-0.133857
-0.100158
-0.116825
-0.0587018
-0.0796584
-0.0199998
-0.0380353
0.00663191
-0.00519018
0.0208464
0.014927
0.0231759
0.0424457
-0.207061
-0.00992044
-0.122766
-0.144048
0.0281713
0.0375179
0.0178635
-0.0214963
-0.0651205
-0.188714
0.0264316
0.0755061
0.0810399
-0.00905943
0.0276823
0.0173638
-0.170292
-0.0309204
0.0346366
-0.247143
-0.036733
-0.0332703
0.120044
-0.29589
-0.131912
-0.0653606
-0.0221266
0.146276
-0.309345
-0.096014
-0.000288364
0.0943652
-0.282148
0.0463819
0.0592754
0.0407093
0.0710667
-0.00624467
-0.0102231
-0.145126
0.0331331
0.0302565
0.036102
0.0346821
0.0379637
0.0371296
0.0392004
0.0386237
0.0402579
0.039724
0.0413546
0.0407923
0.042531
0.0419336
0.0437616
0.0431381
0.0450489
0.0443983
0.0464215
0.0457211
0.047966
0.0471654
0.0498264
0.0488471
0.0521882
0.0509341
0.0552338
0.0536184
0.0590548
0.0570508
0.0635189
0.061229
0.0681375
0.0658551
0.0720974
0.0702597
0.0745715
0.073557
0.075048
0.0750699
0.0734043
0.0744816
0.0698183
0.0718322
0.0646454
0.0673989
0.0583827
0.061613
0.0516501
0.0550294
0.0452438
0.0483523
0.0400823
0.0424525
0.0371261
0.0382696
0.0375051
0.036799
0.0419415
0.039153
0.0506366
0.0457372
0.0622055
0.0563188
0.0760069
0.0682182
0.0444196
0.0370848
0.0506239
0.03923
0.0441598
0.0346415
0.0362542
0.0332929
0.0337191
0.033811
0.0332572
0.0361828
0.0348559
0.0388857
0.0375812
0.0408697
0.0399931
0.0419187
0.0414982
0.0423171
0.04217
0.0425532
0.042423
0.0430741
0.0427624
0.0440646
0.0435101
0.0455039
0.0447364
0.0472675
0.0463556
0.0492122
0.048226
0.0512221
0.050215
0.0532149
0.0522248
0.0551238
0.0541837
0.0568693
0.0560221
0.0583725
0.0576519
0.0595457
0.05901
0.0601153
0.0599306
0.059522
0.06
0.0572171
0.0585862
0.0534402
0.0554495
0.0492181
0.051342
0.0454962
0.0472555
0.042755
0.0440074
0.0409302
0.0417482
0.0397439
0.0402776
0.0389083
0.0392892
0.0381242
0.0385392
0.0368198
0.0374594
0.0390133
0.0369058
0.037907
0.0389703
0.0393749
0.0353376
0.0377197
0.0262232
0.0315714
0.0098859
0.0190467
-0.014966
-0.00143973
-0.0478046
-0.0305247
-0.0850264
-0.0662476
-0.119067
-0.10306
-0.139314
-0.131597
-0.136117
-0.14099
-0.107559
-0.12471
-0.0632512
-0.0851998
-0.0232513
-0.0419461
0.00420624
-0.00781165
0.0185139
0.0125236
0.0254736
0.0226069
0.0263847
0.0317316
-0.0249088
-0.140747
-0.193888
0.0285307
0.0854957
0.0360755
0.00290017
0.0505975
0.035787
0.0390853
0.0294875
-0.236015
-0.0393668
-0.0711452
-0.2689
-0.0289894
-0.0480537
0.0408161
-0.345576
-0.184567
0.0644841
-0.0623117
-0.0461284
0.12173
-0.392278
-0.0965154
-0.0311333
0.128009
-0.382459
-0.136363
0.00423714
0.0533214
0.0884363
-0.0242757
0.00311543
-0.0142121
0.0838158
-0.02709
-0.181262
0.0325735
0.0305638
0.0357477
0.0343845
0.037653
0.036816
0.0389379
0.0383389
0.0400142
0.0394768
0.0411028
0.0405458
0.0422835
0.0416712
0.043541
0.0429017
0.0448758
0.0441988
0.046308
0.0455766
0.0479091
0.0470818
0.0497979
0.0488096
0.0521241
0.0508984
0.0550201
0.0534969
0.0585233
0.0567015
0.0624771
0.0604648
0.0664576
0.0645003
0.0698087
0.0682557
0.0718794
0.0710311
0.0722663
0.0722931
0.0708631
0.0717797
0.0678029
0.0695188
0.0634128
0.0657459
0.0581456
0.0608548
0.0525715
0.0553552
0.0474135
0.0498928
0.0434642
0.045242
0.0415481
0.0422034
0.0425592
0.0416408
0.0471274
0.0443768
0.0555008
0.0508512
0.0661973
0.0606599
0.0798679
0.0724167
0.095469
0.09775
0.0884749
0.0924835
0.0531964
0.0468668
0.055629
0.0628858
0.0584699
0.0448398
0.0495885
0.0393156
0.041496
0.0369738
0.0378872
0.0365394
0.0365253
0.0377195
0.0369873
0.0394754
0.038595
0.0409228
0.0402656
0.0417896
0.0414238
0.0422328
0.0420445
0.0425789
0.0423959
0.0431492
0.0428231
0.0440999
0.0435759
0.0454288
0.044723
0.0470461
0.0462096
0.048837
0.0479274
0.0506998
0.049765
0.0525572
0.0516332
0.0543457
0.0534635
0.0559872
0.0551923
0.0574079
0.0567317
0.0584709
0.0579947
0.0589077
0.0587883
0.0582725
0.0587487
0.0561995
0.0574139
0.0528951
0.0546566
0.0491259
0.0510124
0.0456433
0.0473165
0.0428898
0.0441722
0.0408859
0.0418052
0.0394368
0.0401066
0.0382903
0.0388441
0.0371722
0.0377765
0.0355931
0.036415
0.0346971
0.0364277
0.0337161
0.0352185
0.0386503
0.0376352
0.0391024
0.0392078
0.035852
0.0380499
0.0272201
0.0323122
0.0114303
0.0203133
-0.0129647
0.000425164
-0.0454084
-0.0283022
-0.082546
-0.0637568
-0.116899
-0.100675
-0.137858
-0.129756
-0.135772
-0.140002
-0.109351
-0.125184
-0.0639791
-0.0839833
-0.0253824
-0.0437044
0.00192243
-0.0101156
0.0168465
0.0105231
0.0232546
0.0210218
0.0242749
0.0241749
0.0186492
0.0175351
-0.0357718
-0.0164876
0.00232546
-0.325554
-0.0460024
-0.0454188
-0.172802
-0.265137
-0.0157001
-0.061026
-0.0855685
-0.365607
0.106027
0.107519
-0.255568
0.0792701
0.101126
0.09807
0.0597476
0.0664918
0.032725
0.0321282
0.0310408
0.024185
0.0220901
0.0220511
-0.0541474
-0.0680327
0.035677
-0.447713
0.0217562
0.0387949
-0.0932634
-0.0628893
0.104608
-0.477542
-0.190353
-0.136155
-0.0636081
-0.040546
-0.0386718
0.0888871
-0.438068
0.00983569
-0.0483785
-0.235541
0.0283525
0.0262721
0.0320933
0.0303544
0.0351248
0.0337496
0.0370821
0.0362028
0.0384269
0.0377987
0.0395398
0.03899
0.0406429
0.0400818
0.0418291
0.0412194
0.0431114
0.0424585
0.0444874
0.0437871
0.0459732
0.0452145
0.0476237
0.0467734
0.0495338
0.04854
0.0518201
0.0506242
0.0545745
0.0531371
0.057798
0.0561344
0.0613267
0.059543
0.0647914
0.0630968
0.0676661
0.0663363
0.0694319
0.0687087
0.0697687
0.0697864
0.0685803
0.0693575
0.0659928
0.0674435
0.0622953
0.0642572
0.0579014
0.0601544
0.0533324
0.0556016
0.0492301
0.0511813
0.0462953
0.0475761
0.0452476
0.0454948
0.0467911
0.0456644
0.0514812
0.0487204
0.0594509
0.0551064
0.0697559
0.064345
0.0830678
0.0759694
0.0995985
0.0909779
0.103879
0.051613
0.0347383
0.0436935
0.0631336
0.0579627
0.0709666
0.0673562
0.0492893
0.0539467
0.043215
0.0457662
0.0400495
0.041351
0.0388436
0.0392376
0.039107
0.038836
0.040082
0.03956
0.0410425
0.040592
0.0416937
0.0414074
0.0421007
0.041915
0.0424788
0.0422786
0.0430521
0.0427311
0.0439455
0.0434575
0.0451645
0.0445186
0.046643
0.0458779
0.0482872
0.0474509
0.0500083
0.0491433
0.0517354
0.0508749
0.0534084
0.0525821
0.0549574
0.0542033
0.0562827
0.0556548
0.0572432
0.0568192
0.0575795
0.0575071
0.0569345
0.0573964
0.0550586
0.0561464
0.05213
0.0536928
0.0487199
0.0504371
0.0454482
0.0470394
0.0426999
0.0440011
0.040545
0.041554
0.038851
0.0396522
0.0374244
0.0381115
0.0360234
0.0367295
0.0342201
0.0351561
0.0331707
0.0359291
0.034379
0.038372
0.0373566
0.0390747
0.0389473
0.0363431
0.0382571
0.0283993
0.0331328
0.0134057
0.0218776
-0.00990187
0.00282802
-0.0409934
-0.0246169
-0.0764487
-0.0585286
-0.1091
-0.0937013
-0.128884
-0.121251
-0.126783
-0.130885
-0.101124
-0.116582
-0.0612687
-0.081053
-0.0251722
-0.0422056
0.000533601
-0.0109013
0.0148368
0.00893079
0.0204294
0.0184813
0.0218531
0.00258988
0.0231803
-0.0742759
-0.0708859
-0.21333
-0.350601
0.108647
-0.351934
0.0950373
0.0738791
0.0304163
0.0292687
0.0237617
0.0216414
-0.0394619
-0.0862429
-0.104412
-0.464609
0.0554346
-0.0850083
-0.092436
0.0173863
-0.533618
0.00373539
0.0243631
-0.263176
-0.132365
-0.100011
-0.0714598
-0.0818333
0.0676539
-0.53345
-0.188465
-0.0453439
0.0213717
0.00893238
-0.00921821
-0.0756796
-0.301185
0.0278321
0.025826
0.0314715
0.0297575
0.0343415
0.0330075
0.0363348
0.0354329
0.0377385
0.0370859
0.0388874
0.0383257
0.0400053
0.0394399
0.0411974
0.0405873
0.0424974
0.0418337
0.0439091
0.0431888
0.045445
0.0446601
0.0471452
0.0462712
0.0490815
0.0480793
0.051339
0.0501663
0.0539753
0.0526098
0.056965
0.0554332
0.0601456
0.0585481
0.0631971
0.061712
0.0656922
0.06454
0.0672206
0.0665948
0.0675219
0.06753
0.0665274
0.06718
0.0643529
0.0655714
0.061261
0.0628985
0.0576278
0.059484
0.0539264
0.0557525
0.0507227
0.0522264
0.0486335
0.0495026
0.0482908
0.04821
0.0502726
0.0489656
0.0550501
0.0522954
0.0626981
0.0585535
0.0727264
0.0674229
0.0855151
0.0787714
0.101143
0.0930276
0.117869
0.118536
0.109748
0.116336
0.117215
0.113431
0.11519
-0.4663
0.110552
0.111839
0.0646656
0.052824
0.0590593
0.073305
0.0693402
0.0793044
0.0766068
0.0763303
0.0838271
0.0817644
0.0629942
0.0693588
0.0527552
0.0574187
0.0462943
0.0491033
0.0425714
0.0441717
0.0407476
0.0414589
0.0403152
0.0403967
0.0406598
0.0404336
0.0411917
0.0409285
0.0416193
0.041423
0.0419419
0.0417863
0.0422948
0.0421049
0.0428309
0.0425328
0.0436454
0.0432021
0.0447469
0.0441634
0.0460852
0.0453917
0.0475839
0.0468199
0.0491669
0.0483693
0.0507705
0.0499696
0.0523373
0.0515619
0.0537997
0.0530859
0.0550482
0.0544572
0.0559318
0.0555455
0.0562105
0.0561619
0.0555912
0.0560247
0.0538958
0.0548739
0.0512704
0.0526718
0.0481484
0.0497362
0.0450409
0.0465679
0.0422865
0.0436101
0.0399819
0.0410804
0.0380514
0.0389792
0.0363322
0.0371786
0.0346728
0.0355077
0.0326273
0.0336828
0.0315202
0.0317897
0.0280823
0.0299491
0.0353541
0.0335991
0.0380889
0.0369228
0.0390469
0.03882
0.0368998
0.0384856
0.0296991
0.0340518
0.0156155
0.023597
-0.00628549
0.00564161
-0.0351946
-0.0200141
-0.0676494
-0.0513207
-0.0969626
-0.0832241
-0.114135
-0.107621
-0.111539
-0.115556
-0.088374
-0.10218
-0.053921
-0.0714483
-0.022136
-0.0370542
0.000580637
-0.00957857
0.0130538
0.00796896
0.017604
0.0161063
0.0200146
0.0200746
0.0194771
0.0198941
-0.0194263
0.0454401
-0.111481
-0.100665
-0.252842
-0.436175
0.0730189
-0.0695471
-0.118254
-0.122751
-0.543765
0.0436708
0.127084
0.127386
0.0784036
0.0857417
-0.357918
0.026768
0.0261643
0.0248431
0.0189327
0.0173551
0.0167836
-0.123631
-0.031701
-0.122344
-0.0155897
-0.582581
-0.0198969
0.00511567
-0.181308
-0.257573
-0.103853
0.00518325
-0.551448
-0.147912
-0.11184
-0.0527217
0.109559
0.125686
0.126514
0.0362113
0.025
-0.10985
-0.365634
0.091519
0.0231981
0.0210873
0.0272008
0.0252454
0.030715
0.0290414
0.0334986
0.0322218
0.0354949
0.0345809
0.0369344
0.0362644
0.0381059
0.0375364
0.0392287
0.038663
0.0404189
0.0398101
0.0417265
0.0410565
0.0431653
0.042429
0.0447474
0.0439374
0.0465007
0.0456003
0.0484745
0.0474569
0.0507239
0.0495626
0.0532751
0.0519631
0.0560809
0.0546535
0.0589827
0.0575343
0.0617029
0.0603854
0.0638924
0.062884
0.0652261
0.0646797
0.0654999
0.0654989
0.0646706
0.0652164
0.0628508
0.0638695
0.0602822
0.0616391
0.0573065
0.0588199
0.0543508
0.0557969
0.0519131
0.0530362
0.0505327
0.0510593
0.0507586
0.0504165
0.0530854
0.051637
0.0579068
0.0551745
0.0652848
0.0612973
0.0750311
0.0698648
0.087369
0.0808773
0.102336
0.0945624
0.119132
0.110605
0.126429
0.126741
0.125507
0.126053
0.125401
0.071332
0.0632135
0.0676134
0.0779039
0.074725
0.0835335
0.080809
0.0878715
0.0857907
0.0916231
0.0898395
0.0655078
0.0715906
0.0554449
0.0600841
0.0487043
0.0516982
0.0445747
0.0463816
0.0422859
0.0432384
0.0413283
0.0416767
0.0411755
0.0411866
0.0413433
0.0412429
0.0415558
0.0414509
0.0417669
0.041658
0.0420537
0.0418946
0.0425181
0.0422586
0.0432305
0.042842
0.0442009
0.0436857
0.0453914
0.0447726
0.0467416
0.0460508
0.0481891
0.0474568
0.0496779
0.0489312
0.0511535
0.0504205
0.0525461
0.0518645
0.0537451
0.0531776
0.0545873
0.0542203
0.0548524
0.0548047
0.0542918
0.0546842
0.0527659
0.0536446
0.0503888
0.0516637
0.0474941
0.048978
0.0445023
0.0459879
0.0417141
0.0430718
0.0392484
0.0404399
0.0370778
0.0381313
0.0350943
0.0360676
0.0331179
0.0341174
0.0309782
0.032112
0.0286544
0.0298113
0.0274278
0.0307823
0.0288404
0.0344687
0.0326612
0.0374682
0.0361354
0.0388972
0.0384166
0.0373978
0.0386364
0.0309349
0.0349111
0.0178089
0.0252613
-0.00249477
0.00852141
-0.0287699
-0.0150497
-0.0574626
-0.043139
-0.0824635
-0.0708799
-0.0961796
-0.0911717
-0.0927646
-0.0967663
-0.0724565
-0.0843676
-0.0435423
-0.0582782
-0.0169619
-0.0293824
0.00196326
-0.00649192
0.0122261
0.00802734
0.0164513
0.0148383
0.0178997
0.0176688
0.0177707
-0.046922
0.0587593
-0.161211
-0.139252
-0.283276
-0.503565
0.0642763
0.127839
0.10794
0.127717
0.0932534
-0.463266
0.024292
0.022964
0.0182261
0.0160872
-0.107518
0.011124
-0.157963
-0.148633
-0.585982
0.0279911
-0.170759
-0.343446
-0.159465
-0.0697774
-0.587489
-0.0640063
-0.243471
-0.131154
-0.0789687
0.129779
-0.0222346
0.0895273
0.0908233
-0.0526719
0.146119
0.151173
-0.154521
-0.415416
0.0864216
0.0225364
0.0204142
0.0264686
0.0245587
0.0299206
0.0282816
0.0326408
0.0313828
0.0346204
0.033713
0.0360701
0.0353949
0.0372463
0.0366768
0.0383596
0.0378
0.0395345
0.0389336
0.040834
0.0401659
0.0422868
0.0415402
0.0439069
0.0430749
0.0457136
0.0447853
0.0477366
0.0466962
0.0500021
0.0488384
0.0525055
0.0512265
0.0551787
0.0538281
0.057865
0.0565327
0.0603215
0.0591379
0.062262
0.0613714
0.0634308
0.0629523
0.0636754
0.0636697
0.062979
0.0634374
0.0614565
0.0623067
0.0593336
0.0604507
0.0569217
0.0581408
0.0546039
0.0557252
0.052818
0.0536175
0.0520335
0.0522737
0.052722
0.0521697
0.0553131
0.0537604
0.0601385
0.05744
0.0672824
0.0634297
0.0767423
0.0717198
0.0886858
0.0824076
0.103103
0.0955747
0.119507
0.111157
0.136375
0.13663
0.128047
0.136064
0.13614
0.136255
0.136103
0.137295
0.136652
0.140049
0.138316
0.142453
0.089483
0.0891453
0.0909956
0.0900627
0.0935826
0.0922139
0.0964529
0.0949736
0.099426
0.0979401
0.0944677
0.102017
0.100778
0.079932
0.0871315
0.0672039
0.0732423
0.0573697
0.0618962
0.0505167
0.0536111
0.0461068
0.0480589
0.0434841
0.0446112
0.0421413
0.0426864
0.0416096
0.0418042
0.0414794
0.0415155
0.041495
0.0414774
0.0415806
0.0415281
0.0417714
0.0416587
0.0421339
0.0419272
0.04272
0.0423974
0.0435411
0.0431021
0.0445722
0.0440327
0.04577
0.0451529
0.0470861
0.0464156
0.048473
0.0477728
0.049878
0.049176
0.0512275
0.0505644
0.0524066
0.0518455
0.0532491
0.0528789
0.0535418
0.0534735
0.0530666
0.0534076
0.0517013
0.05249
0.0495252
0.0506989
0.0468005
0.0482071
0.0438735
0.0453417
0.0410183
0.0424244
0.0383775
0.039667
0.03597
0.0371464
0.0337299
0.0348329
0.0315363
0.0326268
0.0292811
0.0304279
0.0268252
0.0280701
0.0255662
-0.532359
-0.216041
-0.173845
0.0255081
0.021647
0.0235524
0.0295859
0.0275436
0.0333897
0.0315348
0.0366529
0.0351532
0.0386139
0.0378567
0.0376854
0.0386398
0.031824
0.035483
0.0196282
0.026552
0.000984819
0.011053
-0.0224989
-0.0103335
-0.0471556
-0.0349856
-0.0675204
-0.0582502
-0.0775682
-0.0741512
-0.0733265
-0.0772922
-0.0559239
-0.0659321
-0.0324161
-0.0443438
-0.0110932
-0.0210372
0.0039543
-0.00273618
0.0120403
0.00873074
0.0153284
0.0140935
0.0160717
0.0159638
0.0153648
0.015815
0.0140173
0.0147632
-0.0827379
0.0541869
-0.224639
-0.187586
-0.302376
-0.538065
0.0522264
0.105696
-0.154575
-0.436437
-0.207781
-0.183021
-0.586974
0.113549
0.120286
-0.00856011
0.00640443
0.158188
0.131669
0.144657
0.145056
0.0955815
0.103407
-0.22696
-0.209031
-0.145724
-0.555491
-0.107868
0.0131252
0.0120216
0.0110219
0.0202589
0.0198409
0.0184461
-0.317698
-0.177408
-0.0600891
0.180514
0.167321
0.193646
0.0938263
-0.0972675
-0.211016
-0.440445
0.0787589
0.0174195
0.0152202
0.0217564
0.0196091
0.0257204
0.0238016
0.029125
0.0275082
0.0317987
0.0305596
0.0337589
0.0328577
0.0352022
0.0345287
0.0363667
0.035804
0.0374564
0.0369092
0.0385983
0.0380145
0.0398714
0.0392136
0.0413194
0.0405715
0.0429609
0.0421141
0.0448128
0.0438588
0.0468893
0.0458217
0.0491905
0.0480121
0.051682
0.0504157
0.0542726
0.052972
0.0568027
0.0555559
0.0590547
0.0579759
0.060792
0.0599984
0.0618174
0.0613992
0.0620256
0.0620219
0.0614275
0.0618186
0.0601455
0.0608576
0.0583944
0.0593102
0.05646
0.0574289
0.0546846
0.0555295
0.0534518
0.0539769
0.0531675
0.0531683
0.0542343
0.0535119
0.0570229
0.0553971
0.0618193
0.0591642
0.0687471
0.0650175
0.0779161
0.0730459
0.0894373
0.0833888
0.10337
0.0960927
0.119594
0.111279
0.13702
0.128273
0.144493
0.144445
0.145521
0.144856
0.148332
0.146651
0.153791
0.150685
0.163253
0.157807
0.170671
0.106325
0.109222
0.103512
0.104529
0.103267
0.103156
0.104593
0.103778
0.106947
0.105643
0.109656
0.108192
0.0808555
0.088056
0.0682021
0.0742057
0.0585913
0.0630301
0.0517603
0.0548699
0.0471969
0.0492356
0.0443619
0.0456017
0.0427589
0.0434389
0.0419544
0.0422838
0.0415909
0.0417365
0.0414328
0.041495
0.0413871
0.0413966
0.0414593
0.0414053
0.0416921
0.0415518
0.0421254
0.0418808
0.0427761
0.0424221
0.0436353
0.043179
0.0446783
0.0441334
0.0458719
0.0452559
0.0471762
0.0465102
0.0485382
0.0478511
0.0498781
0.0492141
0.0510741
0.0505007
0.0519492
0.0515524
0.0523059
0.0521954
0.0519346
0.0522183
0.0507133
0.051425
0.0486933
0.049789
0.0460818
0.0474403
0.0431699
0.0446431
0.0402205
0.0416851
0.0374023
0.0387873
0.034777
0.0360636
0.0323215
0.0335279
0.0299465
0.031118
0.0275617
0.0287519
0.0250441
0.0263137
0.0224777
0.0237629
0.0211745
0.0241694
0.0221776
0.0282255
0.0261996
0.0320515
0.0301874
0.0355068
0.0338746
0.0379639
0.0369321
0.0376598
0.0382984
0.0324495
0.0357715
0.0211474
0.0275739
0.00405577
0.0132354
-0.0167627
-0.00608618
-0.0375553
-0.0274428
-0.0535303
-0.0464408
-0.0601801
-0.0582201
-0.0552737
-0.0591454
-0.0406302
-0.0488607
-0.0220397
-0.0313948
-0.00553318
-0.0132105
0.00593069
0.000869601
0.0119796
0.00952416
0.0142731
0.013464
0.0144476
0.0145585
0.0135231
0.0140734
0.0128798
-0.130551
-0.485046
-0.31168
-0.308442
-0.247747
-0.317839
-0.537419
0.129919
0.0491722
0.0353256
0.101478
0.145646
0.111154
-0.210344
0.200172
0.216191
-0.27778
-0.235197
-0.552509
-0.0351861
-0.0239879
0.134617
0.0120585
0.00991156
0.0101637
0.0090786
0.0187574
0.0169771
0.0181593
0.0167499
-0.289075
-0.275546
-0.237745
-0.497263
-0.390754
-0.112321
0.179928
-0.266915
-0.171594
0.213213
-0.155627
-0.281533
-0.444052
0.139712
0.0981511
0.0683557
0.0165042
0.0143098
0.0209005
0.018716
0.0249443
0.0229946
0.0283431
0.026735
0.0309943
0.0297633
0.0329455
0.0320463
0.0343822
0.0337117
0.03553
0.0349767
0.0365864
0.0360575
0.0376811
0.0371213
0.0389114
0.0382728
0.0403303
0.0395931
0.0419682
0.0411184
0.0438442
0.0428735
0.0459641
0.0448719
0.0483076
0.0471083
0.050813
0.0495435
0.0533644
0.0520896
0.0557929
0.054603
0.0578952
0.056894
0.0594714
0.0587555
0.0603719
0.0600073
0.0605347
0.0605402
0.0599999
0.0603432
0.0589022
0.0595056
0.0574516
0.0582023
0.0559134
0.0566731
0.0545943
0.0552056
0.0538278
0.0541213
0.0539608
0.0537625
0.0553331
0.0544751
0.0582591
0.0565883
0.0629877
0.0603914
0.0696797
0.0660829
0.0785153
0.0738204
0.089649
0.0837931
0.103204
0.0961107
0.119336
0.110963
0.137297
0.128204
0.153941
0.155213
0.146371
0.152356
0.153085
0.152273
0.15212
0.154087
0.152925
0.158514
0.155939
0.166415
0.161977
0.179314
0.172108
0.188431
0.15768
0.172181
0.134279
0.144445
0.121549
0.126874
0.115094
0.117764
0.112397
0.113378
0.112238
0.112067
0.113951
0.112894
0.116887
0.115292
0.112601
0.120575
0.118683
0.096349
0.104501
0.0811483
0.088462
0.0685859
0.0744953
0.0591652
0.0635022
0.0524291
0.0554996
0.0478519
0.049907
0.0449325
0.0462218
0.0431863
0.0439444
0.0422051
0.0426247
0.04167
0.0418989
0.0413645
0.0414971
0.0411868
0.0412605
0.0411228
0.0411367
0.0412004
0.0411379
0.0414565
0.041299
0.0419188
0.0416541
0.0425987
0.0422231
0.0434919
0.0430096
0.0445798
0.0440022
0.0458281
0.045175
0.0471796
0.0464833
0.048544
0.0478548
0.0497862
0.0491785
0.0507313
0.0503019
0.0511707
0.0510193
0.0509017
0.051129
0.0497987
0.0504491
0.0478875
0.0489303
0.0453347
0.0466707
0.0424005
0.0438935
0.0393482
0.0408711
0.0363728
0.0378391
0.0335703
0.0349444
0.0309487
0.0322326
0.0284424
0.0296791
0.0259537
0.0271905
0.0234113
0.0246858
0.0207825
0.0220876
0.0194705
0.0226259
0.0206484
0.0266191
0.0246373
0.0304776
0.0285699
0.0341825
0.0323902
0.0370064
0.0357931
0.0370307
0.0375063
0.0322325
0.0353198
0.021744
0.0276927
0.00623246
0.0145066
-0.0119678
-0.0027362
-0.0291615
-0.0209426
-0.0412455
-0.0360632
-0.0450677
-0.0442884
-0.0398061
-0.0434831
-0.0276808
-0.0343313
-0.0132855
-0.02045
-0.000878061
-0.00661751
0.00751553
0.00384719
0.0117884
0.0100871
0.0132165
0.0127674
0.0130009
0.0132584
0.0118834
0.0125254
0.011086
-0.187748
0.238229
-0.431765
-0.409632
-0.332725
-0.335781
-0.510462
0.161143
0.0452373
0.0120621
0.0957797
0.00784888
0.0153035
-0.264734
-0.362998
-0.302938
-0.497619
-0.0699211
-0.0686867
0.138684
0.161714
0.163572
0.113867
0.122611
-0.220791
-0.187557
-0.341437
-0.423698
0.23971
0.198368
-0.334914
0.264768
-0.541474
0.273862
0.29936
-0.375074
-0.433229
0.109193
0.0529365
0.0110651
0.00684358
0.00871626
0.015582
0.0132591
0.0200637
0.0178387
0.0241519
0.022174
0.0275751
0.0259549
0.0302393
0.0289998
0.0322052
0.0312974
0.033651
0.0329765
0.0347917
0.0342432
0.0358138
0.0353052
0.0368646
0.0363267
0.0380399
0.0374281
0.0394087
0.0386935
0.0410142
0.0401761
0.042883
0.0419109
0.0450194
0.0439148
0.0473916
0.0461759
0.0499167
0.0486383
0.0524563
0.051191
0.0548272
0.0536707
0.0568293
0.0558812
0.0582858
0.0576289
0.0590827
0.0587643
0.0591951
0.0592157
0.0586923
0.0590063
0.0577257
0.058249
0.056507
0.0571279
0.0552875
0.0558768
0.0543439
0.0547612
0.0539656
0.0540654
0.0544438
0.0540808
0.0560597
0.0550951
0.0590724
0.0573798
0.0636964
0.0611749
0.070114
0.0666706
0.0785571
0.0740667
0.0892814
0.0836186
0.102535
0.0955712
0.118645
0.110208
0.137362
0.127787
0.156739
0.14713
0.159543
0.160377
0.159396
0.159142
0.161897
0.16031
0.167659
0.164337
0.177625
0.172066
0.193311
0.18467
0.217691
0.204024
0.257002
0.235143
0.316609
0.28386
0.178556
0.196095
0.151613
0.163755
0.134995
0.142212
0.125549
0.1296
0.120759
0.122686
0.119326
0.119695
0.120473
0.119626
0.123623
0.121839
0.128279
0.125791
0.0963695
0.105035
0.0807496
0.0882183
0.0682634
0.0740686
0.0590531
0.0632689
0.0525195
0.0554913
0.0480738
0.0500683
0.0451991
0.0464718
0.0434176
0.0441983
0.042345
0.0428128
0.0416933
0.041981
0.041264
0.0414593
0.0409539
0.0410968
0.0407389
0.0408334
0.0406419
0.0406727
0.0407059
0.04065
0.0409762
0.0408117
0.0414869
0.0411986
0.0422538
0.0418363
0.0432693
0.0427297
0.0444989
0.0438581
0.0458763
0.0451718
0.0472964
0.0465859
0.0486113
0.0479738
0.0496347
0.049169
0.0501529
0.0499642
0.0499623
0.0501469
0.0489395
0.0495494
0.0470888
0.0481034
0.0445563
0.0458866
0.0415889
0.0431033
0.0384547
0.0400216
0.0353679
0.0368904
0.0324464
0.0338787
0.029715
0.0310547
0.0271279
0.0284003
0.0245638
0.0258268
0.0219752
0.0232681
0.0193005
0.0206256
0.0165806
0.0179223
0.0137681
0.0151659
0.0171992
0.013804
0.0154621
0.020934
0.0190285
0.024781
0.0228706
0.0285809
0.0266849
0.0323536
0.0304902
0.0354817
0.0340966
0.0359063
0.0361739
0.0316342
0.0344324
0.021956
0.0274522
0.00784238
0.0153183
-0.00802105
-8.40327e-05
-0.0220265
-0.0154755
-0.030809
-0.0272204
-0.0324152
-0.0325274
-0.0270848
-0.0304865
-0.0172021
-0.0224824
-0.00631227
-0.0116567
0.00269465
-0.00143345
0.00853878
0.00602109
0.0113265
0.0102555
0.0120374
0.0118779
0.0115375
0.0118992
0.0102808
0.0109909
0.00844525
0.00940141
0.0060144
0.00733596
-0.244143
-0.276172
-0.421371
-0.509252
-0.433082
-0.364721
-0.46995
0.190222
0.044493
-0.0249654
0.0883582
0.165904
0.131078
0.012316
0.0043424
-0.144973
-0.300299
-0.362606
0.146655
0.225374
0.317153
0.273698
0.261063
-0.118397
-0.667382
-0.379603
-0.423932
-0.430262
0.398984
0.321822
0.360161
0.363077
0.400058
-0.480187
-0.422729
0.125827
0.451189
0.501691
0.542172
0.554719
0.421837
0.531875
0.481896
0.0287914
-0.439115
-0.451589
-0.645089
-0.446224
-0.15955
0.333115
0.372951
0.267715
0.161621
-0.36842
-0.280441
-0.275868
-0.271593
-0.259529
0.00313787
0.00463701
0.0058173
0.00692021
0.00790767
0.00878874
0.00950567
0.0100854
0.0105294
0.0108077
0.0108789
0.010662
0.0100792
0.00902949
0.00740894
0.00519562
0.00234995
-0.00108648
-0.00497217
-0.00911109
-0.0132313
-0.0169919
-0.020051
-0.0220945
-0.0228536
-0.0221615
-0.0199489
-0.0162815
-0.0113316
-0.00538119
0.001209
0.00803372
0.0146721
0.0207279
0.0258562
0.0298101
0.0324688
0.033835
0.034017
0.0332347
0.0317742
0.0299539
0.0280561
0.0261752
0.0243379
0.0225156
0.0207026
0.0188968
0.0171045
0.0153805
0.013764
0.0122465
0.0108084
0.00942642
0.0108827
0.0123062
0.0137268
0.0151921
0.0166108
0.0180441
0.0194315
0.0207951
0.0221205
0.023436
0.0247265
0.0260113
0.027352
0.0286987
0.0300755
0.0314954
0.0329607
0.0344739
0.0360276
0.03761
0.0392022
0.0407786
0.0423092
0.0437601
0.0450965
0.0462859
0.0472986
0.0481142
0.0487167
0.0491043
0.0492783
0.0492566
0.0490523
0.0486932
0.0482013
0.0476082
0.0469377
0.0462198
0.0454746
0.0447274
0.043994
0.0432942
0.0426389
0.0420425
0.0415109
0.0410536
0.0406719
0.0403698
0.0401441
0.039994
0.0399127
0.0398956
0.0399333
0.0400187
0.040142
0.0402962
0.0404736
0.0406699
0.040882
0.041111
0.0413611
0.0416425
0.0419691
0.0423616
0.0428441
0.0434471
0.0442051
0.0451596
0.0463583
0.0478572
0.0497187
0.0520126
0.0548117
0.0581956
0.0622521
0.0670913
0.0728128
0.0794874
0.0871258
0.0957175
0.104998
0.11471
0.124493
0.134009
0.143051
0.139108
0.135508
0.132391
0.129826
0.127805
0.126411
0.1257
0.125712
0.126526
0.128221
0.130917
0.134751
0.139909
0.146625
0.155226
0.165997
0.178928
0.194323
0.214848
0.245386
0.282793
0.321307
0.362649
0.407962
0.452499
0.488493
0.505708
0.499464
0.474125
0.438326
0.39877
0.36051
0.325585
0.295784
0.270282
0.249123
0.231512
0.216835
0.204854
0.195116
0.187168
0.180745
0.175639
0.17171
0.168817
0.166855
0.165762
0.165491
0.165918
0.167053
0.168809
0.171309
0.174437
0.178376
0.168679
0.158264
0.147612
0.136989
0.126769
0.117401
0.108886
0.101232
0.0943862
0.0882827
0.0828566
0.0780487
0.0738043
0.0700726
0.0668107
0.0639797
0.0615515
0.0595002
0.0578069
0.0564487
0.0554046
0.054648
0.0541539
0.0538937
0.0538393
0.0539608
0.0542272
0.0546083
0.0550706
0.0555845
0.0561154
0.0566351
0.05711
0.0575152
0.0578204
0.0580063
0.0580495
0.0579391
0.0576623
0.0572187
0.0566084
0.0558428
0.0549342
0.0539036
0.0527727
0.0515679
0.0503146
0.0490393
0.0477652
0.0465141
0.0453029
0.0441462
0.0430525
0.0420291
0.0410773
0.0401985
0.0393888
0.0386458
0.0379626
0.0373349
0.0367534
0.0362113
0.0356961
0.0351969
0.034698
0.0341838
0.0336344
0.0330285
0.0323428
0.0315484
0.030625
0.0295403
0.0282884
0.0268377
0.0252135
0.0233792
0.0214166
0.0192516
0.0170565
0.0146726
0.0124573
0.0100115
0.00808918
0.00551434
0.00433645
0.000971198
0.00145181
0.00133849
-0.495513
-0.571534
-0.434345
-0.404404
-0.312421
0.464108
0.0364283
0.228184
0.435836
0.593638
0.623047
0.591972
0.0793552
-0.0878003
-0.00357392
0.506898
0.153208
0.53401
-0.291738
-0.28746
-0.420296
-0.541836
-0.000492492
-0.00142495
-0.303388
-0.351095
-0.360543
-0.582302
-0.389737
0.000382739
0.00331481
0.0050785
0.00736506
0.00936528
0.0117953
0.0140505
0.016409
0.0185942
0.0207408
0.0227085
0.0245493
0.0261839
0.0276538
0.028927
0.0300403
0.0309912
0.0318156
0.0325261
0.033155
0.03372
0.0342468
0.0347483
0.0352449
0.0357505
0.0362799
0.0368426
0.0374491
0.0381065
0.0388237
0.0396055
0.040458
0.0413827
0.0423817
0.0434511
0.044587
0.0457774
0.0470107
0.0482663
0.0495252
0.0507596
0.0519466
0.0530558
0.0540652
0.0549484
0.0556903
0.0562735
0.0566944
0.0569479
0.0570432
0.0569878
0.0568022
0.056504
0.0561218
0.0556798
0.0552108
0.054742
0.0543073
0.0539344
0.0536558
0.0534974
0.0534892
0.0536546
0.05402
0.0546057
0.0554346
0.0565242
0.0578943
0.0595591
0.0615368
0.0638421
0.0664997
0.0695352
0.0729933
0.0769217
0.0813961
0.0864919
0.0923157
0.0989646
0.106566
0.115214
0.124989
0.135719
0.147344
0.159429
0.171414
0.182605
0.202586
0.70777
0.770361
0.333566
0.0604118
-0.157287
0.425228
0.649973
0.0183964
0.282622
0.655151
0.451204
-0.285713
-0.32152
0.000603424
0.000359784
0.00229397
0.00337236
0.00438492
0.00543465
0.00639137
0.00720703
0.0078939
0.00847848
0.00896125
0.00932408
0.00954441
0.00956348
0.00933945
0.00880011
0.0078779
0.00653997
0.00472609
0.00244868
-0.000230913
-0.00319813
-0.00629136
-0.00928149
-0.0119321
-0.0139787
-0.0151808
-0.0153246
-0.0142712
-0.0119657
-0.00845082
-0.00388678
0.00146261
0.00724865
0.0130818
0.018551
0.0232859
0.026999
0.0295383
0.0308719
0.0310779
0.0303254
0.0288748
0.0270666
0.0252366
0.0234915
0.0218044
0.0201105
0.0184022
0.016725
0.0150797
0.0135144
0.0120384
0.0106491
0.00936533
0.00811325
0.00683366
0.00805075
0.00943631
0.0109267
0.0124874
0.0140915
0.0155941
0.0170917
0.0185107
0.0199135
0.021265
0.0226076
0.0239255
0.0252472
0.0265746
0.027948
0.0293415
0.0307782
0.0322538
0.0337738
0.035329
0.0369098
0.0384957
0.0400642
0.0415842
0.0430246
0.0443506
0.0455316
0.0465382
0.0473503
0.0479519
0.0483395
0.0485149
0.0484915
0.0482847
0.0479183
0.0474157
0.0468057
0.0461135
0.0453679
0.0445918
0.0438109
0.0430439
0.042312
0.0416291
0.0410114
0.0404672
0.0400072
0.0396343
0.0393529
0.0391607
0.0390564
0.0390322
0.0390815
0.0391931
0.0393572
0.0395619
0.039797
0.040053
0.0403229
0.0406026
0.0408909
0.0411917
0.0415122
0.0418657
0.0422683
0.0427424
0.0433129
0.0440116
0.0448741
0.0459441
0.0472731
0.0489219
0.0509642
0.0534825
0.0565765
0.0603545
0.0649517
0.0705096
0.0771696
0.0850116
0.0940323
0.104094
0.114852
0.126034
0.137008
0.14746
0.15736
0.15155
0.146551
0.142108
0.138352
0.13533
0.133061
0.131599
0.130982
0.131235
0.13242
0.134631
0.137973
0.14259
0.148653
0.156397
0.166072
0.177872
0.192124
0.209457
0.231339
0.258697
0.289613
0.322443
0.359333
0.397342
0.432036
0.456288
0.46861
0.465989
0.448006
0.421397
0.389748
0.359314
0.330019
0.303351
0.279505
0.259059
0.241478
0.22655
0.214017
0.203585
0.194957
0.187913
0.182269
0.177892
0.174664
0.172441
0.171244
0.170968
0.171553
0.172965
0.175219
0.178311
0.182184
0.186783
0.192316
-0.409609
-0.44756
-0.513769
-0.547855
-0.425575
-0.00173524
-0.000433317
0.0021745
0.00446551
0.00675021
0.00899368
0.0113377
0.0136259
0.0159212
0.0181008
0.0202143
0.0221724
0.024001
0.0256433
0.0271233
0.0284192
0.0295583
0.0305414
0.0313981
0.0321413
0.0327995
0.0333894
0.033935
0.0344516
0.0349585
0.0354698
0.0359983
0.0365546
0.0371503
0.0377931
0.0384922
0.039253
0.0400818
0.0409808
0.0419519
0.042992
0.0440964
0.0452548
0.0464545
0.0476768
0.0489015
0.0501036
0.0512582
0.0523383
0.0533198
0.0541791
0.0548989
0.0554649
0.0558708
0.0561148
0.0562035
0.0561476
0.0559655
0.0556782
0.0553125
0.0548956
0.0544587
0.0540313
0.0536454
0.0533297
0.0531139
0.0530237
0.0530849
0.0533187
0.053746
0.0543833
0.0552462
0.0563468
0.0576959
0.0593024
0.0611751
0.0633238
0.0657653
0.0685221
0.0716381
0.0751697
0.0792126
0.0838739
0.089307
0.0956604
0.10313
0.111877
0.122021
0.13354
0.146375
0.160191
0.174582
0.1883
0.200168
0.209652
0.200692
0.194401
0.189155
0.184496
0.180751
0.177994
0.176232
0.17547
0.175721
0.177011
0.179394
0.182899
0.187618
0.193659
0.201147
0.21023
0.221102
0.233964
0.24894
0.266108
0.285584
0.307509
0.331707
0.357502
0.383814
0.407879
0.427611
0.439676
0.441814
0.432626
0.413289
0.38705
0.356797
0.325115
0.295128
0.267418
0.242016
0.220111
0.202027
0.187032
0.174495
0.164092
0.155613
0.148869
0.143662
0.139828
0.137229
0.135759
0.135341
0.135924
0.137477
0.139988
0.143455
0.147901
0.153313
0.159571
0.166876
0.164708
0.00546891
0.00653386
0.00813702
0.00981416
0.0116085
0.0132666
0.014885
0.0164223
0.0179002
0.0193315
0.0207193
0.0220843
0.02343
0.0247757
0.0261283
0.0275021
0.0289075
0.0303463
0.0318226
0.0333344
0.0348771
0.0364378
0.0380003
0.0395395
0.0410305
0.0424399
0.0437402
0.0448972
0.0458893
0.0466905
0.0472922
0.0476824
0.0478689
0.0478554
0.0476627
0.0473053
0.0468117
0.0462037
0.0455118
0.0447574
0.0439704
0.0431701
0.0423832
0.0416252
0.0409188
0.0402745
0.0397103
0.0392308
0.0388485
0.0385614
0.0383759
0.0382828
0.0382826
0.0383603
0.0385126
0.0387205
0.0389788
0.0392676
0.0395832
0.0399088
0.0402453
0.0405824
0.0409282
0.0412806
0.0416556
0.0420593
0.0425157
0.0430376
0.0436585
0.0443984
0.0453047
0.0464083
0.0477825
0.0494804
0.0516214
0.0542918
0.0576681
0.0618677
0.0671404
0.0736439
0.0816616
0.0910885
0.10196
0.114033
0.126821
0.139876
0.152737
0.00437238
0.00562611
-0.000292784
7.8372e-06
0.00160598
0.00232388
0.00321741
0.00414328
0.00497575
0.00568693
0.00630995
0.00686092
0.00734084
0.00774024
0.00805078
0.00823063
0.00825904
0.00808567
0.00767098
0.00698
0.00595179
0.00457337
0.00285655
0.000853363
-0.00135003
-0.00362187
-0.00581622
-0.00774532
-0.00921513
-0.0100166
-0.00997094
-0.00892652
-0.00681124
-0.0036541
0.000411922
0.00513638
0.0101761
0.0151074
0.019506
0.0230188
0.0254291
0.0266757
0.0268224
0.0260438
0.0246136
0.0229038
0.0212659
0.0197877
0.018372
0.0169206
0.0154274
0.0139635
0.012548
0.0111996
0.00996415
0.00880157
0.0077395
0.00670967
-0.290435
0.552852
0.209704
0.536112
-0.0501496
0.6662
-0.255297
-0.352454
0.390609
0.114177
0.43141
0.711406
0.00422148
0.253518
0.0233581
0.00192638
0.00414713
-0.00159442
-0.00253009
-0.486775
-0.395098
0.187031
0.219508
0.218968
-0.317395
0.22656
0.19706
0.00610972
-0.14996
0.0932257
0.517512
0.286747
0.566212
-0.329951
0.00546692
0.00484165
0.00697051
0.00615899
0.00886783
0.00786588
0.0111543
0.00996766
0.0136939
0.0124051
0.0160834
0.0149207
0.0185686
0.0172403
0.0210782
0.0199441
0.0211942
0.0215617
0.0173714
0.0197899
0.0100324
0.0140128
0.00169008
0.00577024
-0.00461598
-0.00187019
-0.00726373
-0.00641854
-0.00648051
-0.00722407
-0.00365022
-0.00521294
-0.000238594
-0.00193561
0.00278259
0.00136206
0.00493884
0.00398467
0.00608028
0.00562643
0.00639465
0.00630839
0.00620766
0.0063458
0.00569118
0.00598098
0.0049409
0.00533769
0.00398663
0.00448374
0.00280675
0.00342725
0.00140148
0.00210068
-0.000107243
0.000928489
-0.000136965
0.158591
0.174115
0.126959
0.142638
0.0987644
0.112206
0.0771678
0.087012
0.0630531
0.0692502
0.0545638
0.0582593
0.0495287
0.051718
0.046495
0.0478308
0.0445442
0.0454229
0.0431856
0.0438105
0.0421636
0.0426441
0.0413224
0.0417283
0.0405595
0.0409362
0.0398202
0.0401887
0.0391028
0.0394571
0.0384571
0.0387665
0.0379699
0.0381878
0.0377402
0.0378171
0.037854
0.0377501
0.0383612
0.0380574
0.0392616
0.0387645
0.0405039
0.0398454
0.0419893
0.0412243
0.0435802
0.0427818
0.0451067
0.0443636
0.0463769
0.0457867
0.0471901
0.0468537
0.0473639
0.0473668
0.0467791
0.0471722
0.0454
0.0461872
0.0433057
0.044434
0.0406689
0.0420423
0.0377107
0.0392164
0.0346424
0.0361795
0.0316171
0.0331181
0.028713
0.0301486
0.0259212
0.0273061
0.0231923
0.0245544
0.0204423
0.0218278
0.0175707
0.0190294
0.0144733
0.0160525
0.0110536
0.0127758
0.00733019
0.0090666
0.00506103
0.201969
0.20928
0.18958
0.195225
0.181884
0.185127
0.178901
0.179824
0.180473
0.179133
0.186682
0.182987
0.197993
0.191665
0.215211
0.205814
0.239331
0.226361
0.271102
0.254246
0.310407
0.289906
0.354734
0.332269
0.39636
0.376757
0.420761
0.411773
0.414497
0.421834
0.377535
0.398969
0.324801
0.352171
0.272476
0.297984
0.227682
0.248867
0.193731
0.209317
0.169712
0.180651
0.153514
0.160739
0.143708
0.147899
0.139176
0.140844
0.139236
0.138667
0.143646
0.140898
0.1526
0.147541
0.166945
0.158989
0.176237
0.19449
0.208945
0.160233
0.177221
0.130378
0.144358
0.107618
0.118043
0.0917424
0.098878
0.0808893
0.0857951
0.0731739
0.0767156
0.0673163
0.0700573
0.0626362
0.0648441
0.0588967
0.0606493
0.0560541
0.0573609
0.0540975
0.0549646
0.0529831
0.0534379
0.0526154
0.0527121
0.0528463
0.0526652
0.0534813
0.0531248
0.0542921
0.0538775
0.0550361
0.0546849
0.0554832
0.0553071
0.0554478
0.0555322
0.0548182
0.0552082
0.0535767
0.054269
0.0518014
0.0527459
0.0496453
0.0507581
0.0473007
0.0484835
0.0449556
0.0461174
0.0427579
0.0438312
0.0407968
0.0417446
0.0391035
0.0399168
0.0376636
0.0383543
0.036431
0.0370251
0.0353392
0.035871
0.0342978
0.0348194
0.0331961
0.033762
0.0318975
0.0325807
0.0302441
0.031125
0.02808
0.0292347
0.0252888
0.0267684
0.0218393
0.0236468
0.0178182
0.0198965
0.013415
0.0156607
0.00886293
0.0111691
0.00407186
0.00656012
-0.00113287
0.00144943
-0.00465903
-0.00326691
-0.434255
0.00115209
0.000699721
0.24389
0.209901
0.241298
0.21291
-0.0028768
-0.00452114
-0.00780794
0.00130615
-0.00154977
0.00646667
0.00396786
0.0111183
0.00884725
0.0155876
0.0133754
0.0197676
0.0177221
0.0234761
0.0216879
0.0265866
0.0251083
0.0290697
0.0279029
0.0309933
0.0300934
0.0324874
0.0317842
0.0337038
0.0331207
0.0347877
0.034254
0.0358636
0.0353199
0.0370233
0.0364263
0.0383518
0.0376635
0.0399026
0.0390963
0.0417066
0.0407723
0.0437535
0.0427017
0.0459828
0.0448509
0.0482775
0.0471306
0.0504734
0.0493982
0.052386
0.0514751
0.053848
0.0531804
0.054748
0.0543705
0.0550573
0.0549729
0.05484
0.0550054
0.0542427
0.0545756
0.0534708
0.053863
0.0527581
0.053091
0.0523384
0.0524969
0.052421
0.0523046
0.0531739
0.0527047
0.054712
0.0538395
0.0570898
0.0557945
0.060302
0.0585933
0.0643045
0.0622058
0.0690948
0.0665925
0.0749185
0.0718374
0.0826711
0.0784472
0.0944115
0.0878479
0.113138
0.102695
0.140568
0.125844
0.177616
0.158026
0.216686
0.198028
0.231889
0.183615
0.197421
0.163125
0.172146
0.150305
0.155922
0.143183
0.146113
0.14087
0.141451
0.143236
0.141458
0.150694
0.14629
0.164108
0.156593
0.184658
0.173416
0.213784
0.198051
0.252685
0.232008
0.299466
0.275364
0.34885
0.324451
0.389282
0.370957
0.409247
0.40262
0.401854
0.408737
0.372665
0.389316
0.332349
0.353064
0.292234
0.311778
0.257582
0.274107
0.229715
0.242774
0.208832
0.218431
0.194309
0.200834
0.185349
0.189183
0.181388
0.18277
0.182226
0.181209
0.188133
0.184509
0.199905
0.193212
0.21868
0.208406
0.230863
0.00468195
0.00335371
0.00874138
0.00692831
0.0125842
0.0107877
0.0159265
0.0143148
0.0189393
0.0174644
0.0217614
0.0203656
0.0245044
0.0231356
0.027264
0.0258762
0.0301125
0.0286744
0.033062
0.0315734
0.0360797
0.0345672
0.0390568
0.0375828
0.041817
0.0404766
0.0441508
0.0430498
0.0458671
0.0450954
0.0468429
0.0464512
0.0470494
0.0470362
0.0465684
0.0468879
0.0455394
0.0461099
0.0441512
0.0448782
0.0425932
0.0433817
0.0410437
0.0418072
0.0396563
0.040321
0.0385542
0.0390638
0.0378136
0.0381359
0.0374621
0.0375895
0.037479
0.0374277
0.037802
0.0376074
0.0383437
0.0380513
0.0390146
0.0386679
0.0397473
0.0393759
0.0405139
0.0401262
0.0413317
0.0409136
0.0422561
0.0417757
0.0433714
0.0427833
0.0447989
0.0440355
0.0467612
0.0456904
0.0497681
0.04808
0.0550001
0.0519866
0.0647529
0.0591214
0.0820441
0.0722668
0.108854
0.0942431
0.144229
0.12564
0.182889
0.163427
0.200345
-0.00015499
0.000130619
9.78619e-05
0.000464484
-0.00026286
0.00118873
0.000731091
0.00203149
0.00163232
0.0027423
0.00240104
0.00333579
0.00305206
0.00383517
0.00359141
0.00424525
0.00405008
0.00450278
0.00440345
0.00441764
0.00452535
0.00374662
0.00417088
0.00238017
0.00315862
0.000288074
0.00142828
-0.00232106
-0.00097739
-0.00465399
-0.00358984
-0.00530887
-0.00528171
-0.00301218
-0.00456877
0.00218311
-0.000702619
0.00837762
0.00531783
0.0128974
0.0109594
0.0143446
0.0139882
0.0131757
0.0139805
0.0113204
0.0121702
0.00987491
0.010585
0.00819427
0.00904709
0.00653076
0.0073227
0.00513798
0.00578562
0.00409796
0.00457362
0.00328113
0.0037026
0.00223623
-0.4011
-0.00528938
-0.0971086
-0.361614
-0.012892
-0.608151
-0.381769
-0.465095
-0.364607
-0.362765
-0.374002
0.643219
0.807307
0.891805
0.82426
0.681508
-0.548733
-0.617186
-0.735975
-0.672346
-0.927557
-0.455722
-0.0215402
-0.211056
0.0971474
-0.0104986
-0.00539562
-0.00170458
0.0015373
0.00413422
0.00663048
0.00890733
0.0111632
0.0133966
0.0155855
0.0177021
0.0197296
0.0216397
0.02342
0.0250524
0.0265336
0.0278603
0.0290397
0.0300795
0.0309946
0.0318003
0.0325158
0.0331588
0.0337486
0.0343022
0.0348361
0.0353647
0.0359015
0.0364583
0.0370463
0.0376732
0.03835
0.0390807
0.0398693
0.0407193
0.0416307
0.0426017
0.0436261
0.0446956
0.0457968
0.0469148
0.0480299
0.049122
0.0501675
0.051145
0.0520313
0.0528082
0.0534581
0.0539704
0.0543369
0.0545578
0.054636
0.0545833
0.0544134
0.054148
0.053809
0.0534249
0.0530221
0.0526323
0.0522826
0.0520044
0.0518221
0.051764
0.0518493
0.0521007
0.0525305
0.0531541
0.0539749
0.0549999
0.0562224
0.0576399
0.0592358
0.0610011
0.0629159
0.0649773
0.0671852
0.0695795
0.0722342
0.0753038
0.0790211
0.0837362
0.0898873
0.0979873
0.108523
0.121802
0.137887
0.157457
0.180379
0.206783
0.234028
0.25746
0.278146
0.227974
0.205788
0.188493
0.175155
0.165278
0.157589
0.151687
0.147322
0.144301
0.142529
0.141955
0.142576
0.144421
0.147563
0.152088
0.158121
0.165797
0.175282
0.186744
0.200372
0.216297
0.234522
0.254777
0.276758
0.300012
0.323625
0.346737
0.367671
0.384911
0.396889
0.402907
0.402667
0.396246
0.384377
0.36874
0.350768
0.331713
0.312388
0.29345
0.275543
0.259088
0.244339
0.231304
0.21997
0.210287
0.202191
0.195582
0.190379
0.186497
0.183884
0.182497
0.182334
0.183421
0.185832
0.189669
0.195118
0.202571
0.212493
0.225688
0.24287
0.265059
0.319767
-0.000570437
-0.00171309
0.00124585
0.00389022
0.0066453
0.00879972
0.0108406
0.0126745
0.0143981
0.0160122
0.017545
0.0190141
0.0204334
0.0218204
0.0231858
0.0245446
0.0259059
0.0272792
0.0286699
0.0300851
0.0315285
0.0329934
0.0344757
0.0359642
0.0374432
0.0388932
0.0402911
0.041612
0.0428301
0.0439207
0.0448614
0.0456342
0.046226
0.0466308
0.0468521
0.0468818
0.0467364
0.0464343
0.0459944
0.0454349
0.044781
0.0440566
0.0432859
0.0424916
0.0416962
0.0409201
0.0401818
0.0394958
0.0388767
0.0383357
0.0378821
0.0375206
0.0372547
0.0370827
0.0370022
0.0370059
0.0370867
0.0372334
0.0374366
0.0376837
0.0379659
0.0382725
0.0385978
0.0389353
0.0392844
0.0396433
0.0400162
0.0404053
0.0408179
0.0412575
0.0417323
0.0422464
0.0428095
0.0434306
0.0441318
0.0449472
0.0459441
0.0472318
0.0489916
0.0514894
0.0550967
0.0602765
0.0675519
0.0774146
0.0902473
0.106205
0.125166
0.146703
0.170326
0.194215
0.215666
0.239765
0.290863
0.0247936
0.014848
0.00428711
0.0012265
6.18528e-05
6.66882e-05
2.90249e-05
0.000173431
0.000300899
0.000424116
0.000548956
0.000659533
0.000763205
0.000851826
0.000935629
0.00101291
0.00108459
0.00114132
0.00119818
0.00123941
0.00129222
0.00132196
0.0013367
0.00129446
0.00119772
0.00100491
0.000704904
0.000256161
-0.000340159
-0.0010937
-0.00194166
-0.00281358
-0.00355656
-0.00403357
-0.00407283
-0.00359299
-0.00257085
-0.00108735
0.000664946
0.00245744
0.00403253
0.00525135
0.00599265
0.00631063
0.00622275
0.00590518
0.00551965
0.005254
0.00500025
0.0046833
0.00425309
0.00379601
0.00333542
0.00293816
0.00257961
0.00228388
0.00205788
0.00193886
0.00210376
0.00318833
0.00671278
0.0143369
0.0115708
-0.302964
-0.042637
0.180939
0.061966
)
;

boundaryField
{
    frontandback
    {
        type            empty;
    }
    walls
    {
        type            zeroGradient;
    }
    diamond
    {
        type            zeroGradient;
    }
    inlet
    {
        type            zeroGradient;
    }
    outlet
    {
        type            fixedValue;
        value           uniform 0;
    }
}


// ************************************************************************* //
