/*--------------------------------*- C++ -*----------------------------------*\
  =========                 |
  \\      /  F ield         | OpenFOAM: The Open Source CFD Toolbox
   \\    /   O peration     | Website:  https://openfoam.org
    \\  /    A nd           | Version:  10
     \\/     M anipulation  |
\*---------------------------------------------------------------------------*/
FoamFile
{
    format      ascii;
    class       volScalarField;
    location    "7";
    object      p;
}
// * * * * * * * * * * * * * * * * * * * * * * * * * * * * * * * * * * * * * //

dimensions      [0 2 -2 0 0 0 0];

internalField   nonuniform List<scalar> 
6397
(
2.90867
2.55557
0.913541
0.869125
0.680429
0.789538
5.88819
2.55399
-10.6806
-11.0261
4.96199
2.33464
-0.205588
-0.13869
-0.201474
-9.04135
-10.7804
-9.88736
11.9104
11.3569
10.7762
-15.7815
-15.5605
-14.934
-0.0886252
-0.0408681
-0.00574354
-2.50638
-2.37002
-2.0294
-1.99701
0.713332
0.812679
0.785368
0.498587
0.629969
0.622241
0.748181
0.403028
0.324609
0.372178
0.505316
-2.06939
0.401469
0.385162
0.833232
0.618407
0.670914
0.189862
0.25072
0.171547
0.279543
0.264646
4.83012
4.40457
2.0253
2.06323
0.748375
-3.74672
-3.20184
-4.29157
-4.71761
-4.84539
-4.6489
-4.17132
-3.59535
-3.0724
-2.70062
-2.56116
-2.77573
-2.34224
-2.85649
-3.16254
-3.37512
-3.43375
-3.3008
-3.0328
-2.70336
-2.43443
-2.28542
-2.23506
-2.47982
-2.53299
-2.32562
-2.24746
-2.32922
-2.56631
-2.53449
-2.37065
-2.29994
-2.76786
-2.91101
-2.58914
-2.85632
-3.14662
-3.48894
-2.24078
-3.00992
-2.5861
-1.85171
-1.99485
-1.8507
-1.80529
-2.08662
-1.95913
-2.19221
-2.18293
-1.99506
-2.12613
-1.76456
-1.85407
-1.96615
-1.79271
-2.8078
-2.29503
-3.54899
-2.44156
-2.6443
-2.44919
-3.0154
-2.61312
-4.45186
-3.65071
-5.98348
-5.32859
-6.01331
-6.26909
-4.58426
-5.4046
-3.10882
-3.77887
-2.26634
-2.60121
-1.99529
-2.06962
-3.15332
-2.65744
-3.49566
-4.52737
-4.25559
-2.06082
-3.01448
-2.23745
-5.64018
-4.42465
-5.66462
-1.37287
-2.99923
-3.67332
-1.32134
-3.71631
-1.94102
-2.42224
-1.32951
-1.57931
-1.11371
-1.17979
-1.14338
-1.11504
-1.1864
-1.17454
-1.11953
-1.16641
-1.107
-1.0859
-1.48497
-1.23504
-2.47758
-1.88251
-3.31726
-2.22538
-2.05073
-3.23131
-2.60614
-5.17722
-4.09286
-7.11652
-6.24691
-7.17483
-7.42092
-5.31594
-6.36244
-3.32918
-4.2449
-2.11545
-2.62645
-1.54823
-1.77313
-1.44393
-3.4852
-2.82531
-4.2737
-3.99164
-2.5105
-3.48201
-5.15853
-3.91553
-5.11494
-6.71801
-6.59693
-1.57973
-2.7704
-1.70761
-2.11521
-1.28645
-4.63282
-4.28605
-4.66782
-0.673993
-0.771527
-4.39952
-2.8671
-3.63984
-1.54044
-2.14577
-0.777837
-1.08976
-0.449477
-0.576123
-0.392215
-0.404039
-0.419725
-0.412285
-0.413711
-0.424974
-0.514715
-0.436965
-0.966689
-0.693822
-1.98137
-1.38642
-2.82904
-1.45535
-1.46666
-1.94131
-1.60632
-3.26233
-2.48262
-5.56442
-4.30486
-7.80325
-6.82094
-7.88628
-8.18863
-5.7226
-6.96498
-3.34194
-4.44697
-1.85248
-2.48879
-1.11084
-1.41913
-0.906938
-3.71089
-2.95471
-4.29794
-6.11474
-3.92145
-5.95236
-1.72137
-2.94415
-7.21107
-7.01385
-4.67667
-4.71764
-2.10389
-1.27268
-0.2939
-0.15658
-4.03728
-4.42897
-6.54152
-6.12379
-6.82351
-0.583036
-5.01679
-2.59067
-3.39976
-1.15701
-1.82318
-0.302237
-0.657592
0.0699428
-0.0675797
0.159321
0.139738
0.145069
0.153468
0.128916
0.139275
-0.0185721
0.0832892
-0.458296
-0.193641
-1.38564
-0.848654
-3.04396
-2.1161
-4.9655
-4.08032
-4.89169
-5.40188
-0.80057
-0.909462
-0.857193
-0.900516
-0.794309
-1.58557
-1.16011
-3.06867
-2.21537
-5.5251
-4.19502
-7.89322
-6.85712
-7.98847
-8.30056
-5.68582
-7.01407
-3.1218
-4.31599
-1.51633
-2.20045
-0.6807
-1.02488
-0.451892
-3.75527
-2.94188
-4.34558
-1.79612
-0.948615
-5.14891
-3.96312
-4.16481
-6.31335
-4.44577
-0.546899
0.104961
0.235775
-2.88588
-6.74026
-0.915386
-1.71444
-5.81742
-3.95406
-2.88813
-0.0483384
-5.34626
-3.5307
-3.91064
-3.91693
-2.14962
-2.91073
-0.777683
-1.4185
0.075267
-0.279039
0.452743
0.312685
0.5575
0.529177
0.556968
0.561575
0.529467
0.550121
0.38237
0.479279
-0.00935001
0.225047
-0.754739
-0.330531
-2.02403
-1.32258
-3.47248
-2.84013
-3.33341
-3.58662
-1.69941
-2.58419
-0.260087
-0.27906
-0.286562
-0.216352
-0.22327
-0.429357
-0.274649
-1.18115
-0.731968
-2.65261
-1.80942
-5.02364
-3.7477
-7.33446
-6.31495
-7.45776
-7.74797
-5.19516
-6.49971
-2.69164
-3.85602
-1.1221
-1.79511
-0.301005
-0.642054
-0.0664799
-0.861852
-0.276248
-1.93288
-0.902774
0.00687414
0.336251
-0.577988
-0.0261728
-2.02726
-1.26743
-3.55473
-2.82192
-4.40408
-4.1096
-4.09762
-4.41309
-3.54793
-4.03918
-6.11954
-2.65579
-5.82399
-1.56391
-4.52121
-0.324255
-0.8506
-2.80403
-0.307783
-1.18113
-3.18033
-2.85709
-5.1698
-2.80509
-3.17859
-1.55664
-2.23706
-0.368466
-0.935163
0.38991
0.0683765
0.730937
0.603465
0.83272
0.80347
0.833701
0.842242
0.802966
0.826723
0.675112
0.759005
0.371672
0.548878
-0.183212
0.135088
-1.11729
-0.605785
-2.05947
-1.66027
-1.77613
-2.09373
-0.626693
-1.23471
0.375064
-0.0608174
0.182269
0.0927012
0.163225
0.195987
0.1834
0.20248
0.209374
-0.0457799
0.119837
-0.727811
-0.322897
-2.0591
-1.29784
-4.17353
-3.03502
-6.24993
-5.33036
-6.38549
-6.64343
-4.33947
-5.51316
-2.10306
-3.14174
-0.699082
-1.2994
0.0430559
-0.26895
0.408425
0.255184
0.614255
0.526264
0.66314
-0.647681
0.319899
-0.130603
-1.90442
-1.2411
-3.19646
-2.58637
-3.85464
-3.64899
-3.44569
-3.79518
-0.43779
-0.0316762
0.092092
0.676604
-2.27752
-2.91543
-3.6558
-5.36817
-2.35179
-4.63369
-1.46097
-3.31206
-0.930755
-1.92608
-0.205515
-0.614845
-0.649269
0.854553
0.325322
0.0936655
-0.438531
-0.0854373
0.977939
1.22029
1.31484
-1.59545
-1.62111
-1.08016
-4.60185
-2.34444
-2.07406
-1.97385
-2.29965
-0.956922
-1.50099
0.0272681
-0.438751
0.650359
0.381474
0.931098
0.824089
1.01237
0.989968
1.01694
1.03283
0.991639
1.01415
0.882665
0.954999
0.653656
0.784143
0.276151
0.489206
-0.300275
0.0101253
-0.848809
-0.625834
-0.51464
-0.798775
0.241501
-0.135058
0.861564
0.582543
1.07988
0.367747
0.244017
0.492467
0.452978
0.507086
0.497525
0.491746
0.51153
0.288098
0.423871
-0.27117
0.0620233
-1.38133
-0.74851
-3.12061
-2.18771
-4.80691
-4.06126
-4.93692
-5.13859
-3.29054
-4.23987
-1.46542
-2.31629
-0.297457
-0.800135
0.329492
0.0648387
0.638747
0.507657
0.809355
0.734807
0.856513
0.158796
0.471793
-0.674569
-0.227248
-1.73938
-1.18456
-2.75102
-2.28404
-3.16548
-3.06502
-2.67884
-3.02885
-2.18359
-3.14532
-4.38058
-2.1012
-3.54117
-1.46525
-2.41696
-1.11212
-1.33375
-0.874749
-0.292345
-0.309884
-0.758414
0.486863
1.38474
1.08273
0.137567
-0.579524
-0.045089
1.44691
1.585
1.64089
-0.955971
-0.518534
-0.942892
-0.557381
-3.85543
-1.45028
-1.27656
-1.17237
-1.41617
-0.406392
-0.809424
0.353102
0.00474666
0.838374
0.638423
1.05613
0.977078
1.11694
1.10226
1.12982
1.12122
1.11426
1.13204
1.03188
1.08321
0.894418
0.968621
0.690402
0.80509
0.354614
0.539437
0.0407339
0.15877
0.344145
0.120063
0.880933
0.635898
1.23254
1.06355
1.47533
1.37398
1.534
0.39386
0.281839
0.563478
0.47834
0.684868
0.635978
0.708503
0.703392
0.702056
0.719675
0.561063
0.656124
0.139041
0.39521
-0.723393
-0.233916
-2.03514
-1.33654
-3.30488
-2.73899
-3.42458
-3.56398
-2.20579
-2.91172
-0.84411
-1.48329
0.048546
-0.341383
0.547041
0.333368
0.799353
0.697539
0.919422
0.873636
0.952078
0.499311
0.647306
-0.00998825
0.272274
-0.715792
-0.333374
-1.57369
-1.14054
-2.27248
-1.96664
-2.43885
-2.44478
-1.89453
-2.24556
-1.4424
-2.69563
-3.48595
-2.00248
-2.76156
-1.60539
-1.85321
-1.4144
-0.938488
-1.26774
-0.0612382
-1.18566
0.602933
-0.260174
-0.917928
1.17437
1.67369
1.50114
-0.194409
-3.1756
-0.366318
0.178455
-0.0654883
-0.715012
-0.586744
-0.504426
-0.669905
0.0458254
-0.235756
0.604464
0.350204
0.964652
0.818306
1.1302
1.06914
1.19279
1.16875
1.22288
1.21028
1.22556
1.22796
1.18574
1.21092
1.09677
1.14807
0.949529
1.03019
0.769581
0.859098
0.676281
0.697193
0.916464
0.745427
1.29015
1.12351
1.48307
1.40045
1.60945
1.55436
1.67929
1.647
1.69381
1.70407
0.452714
0.210117
0.336541
0.643112
0.555019
0.777424
0.715923
0.860145
0.827448
0.865339
0.872162
0.842393
0.84865
0.750741
0.81225
0.459038
0.63833
-0.161533
0.1918
-1.09518
-0.60191
-1.98041
-1.58498
-2.05436
-2.16009
-1.21341
-1.69543
-0.298618
-0.729814
0.326877
0.0490989
0.703712
0.540603
0.902428
0.826076
0.959477
0.949607
0.930023
0.926999
0.88835
0.229822
0.539267
0.412748
-0.24079
0.0112893
-0.842445
-0.520844
-1.47092
-1.17023
-1.84978
-1.7094
-1.78322
-1.88108
-1.20185
-1.55071
-0.395547
-0.795936
0.254086
-0.0235796
-0.486194
0.102486
1.66551
1.62887
-2.44785
-2.86464
0.82828
-2.07581
-2.28659
0.55153
0.673197
0.824349
-1.91869
-1.50408
-1.8999
-0.682462
-1.85944
0.0854853
-1.75772
0.682233
-1.35183
1.30036
0.0488503
-0.681778
1.46197
1.57521
1.51941
-2.73216
0.110914
0.301172
-0.105733
-0.0427803
0.017265
-0.0927971
0.386778
0.182011
0.777918
0.596039
1.04276
0.931167
1.1753
1.1185
1.24223
1.20691
1.27756
1.27648
1.28248
1.28022
1.25357
1.2732
1.18589
1.22355
1.11738
1.1497
1.07389
1.09286
1.08795
1.0662
1.29027
1.17044
1.53679
1.429
1.63189
1.60025
1.6713
1.64932
1.71377
1.69273
1.69682
1.7209
1.53039
1.63514
0.558968
0.562744
0.541681
0.661312
0.603309
0.780694
0.716416
0.910057
0.847225
0.984347
0.957912
0.991095
0.995576
0.959252
0.976606
0.880167
0.927462
0.683596
0.801927
0.265586
0.504261
-0.346932
-0.0288039
-0.883928
-0.652019
-0.906744
-0.97733
-0.421601
-0.700997
0.131778
-0.132655
0.540548
0.356977
0.809341
0.69271
0.958059
0.901798
0.999414
0.990625
0.953508
0.983088
0.902711
0.280336
0.432355
-0.117727
0.0909872
-0.601888
-0.346837
-1.10802
-0.854356
-1.48199
-1.32507
-1.54137
-1.56367
-1.22187
-1.42317
-0.610571
-0.945923
0.0814958
-0.253816
0.390027
0.0891078
0.630508
1.37881
1.39054
-2.4283
-2.53099
0.756033
0.912615
-2.34623
-2.01794
-2.47845
-1.30222
-2.66261
-0.551282
-2.73196
0.168298
-2.51876
0.718137
-1.8431
1.48665
-0.78757
1.36773
0.757126
0.263389
1.44383
1.04458
1.19089
0.923729
0.303625
1.20806
1.21865
-2.56698
0.466773
0.593675
0.313718
0.355513
0.379579
0.320302
0.60917
0.477431
0.878583
0.750701
1.07578
0.991569
1.18546
1.13793
1.23841
1.21461
1.27108
1.2343
1.28714
1.28041
1.28499
1.28619
1.27849
1.28218
1.26672
1.27445
1.25894
1.2605
1.31004
1.2728
1.48307
1.36803
1.66263
1.58725
1.71022
1.70064
1.70218
1.70647
1.70608
1.70392
1.66291
1.69735
1.50272
1.5942
1.23955
1.3826
0.811033
0.91084
0.777107
0.767758
0.864904
0.818219
0.923756
0.897526
0.981204
0.952112
1.02677
1.00659
1.0449
1.04112
1.02576
1.04084
0.965812
1.00225
0.832439
0.910999
0.564642
0.715806
0.203275
0.385729
-0.0667684
0.0418467
-0.0802753
-0.106382
0.136995
0.00862155
0.436714
0.286947
0.693238
0.575148
0.874979
0.794342
0.982014
0.939052
1.00452
1.00128
0.970556
0.990888
0.832917
0.914309
0.7481
-0.0866642
0.144923
-0.577619
-0.332371
-1.11244
-0.846376
-1.49249
-1.32301
-1.60269
-1.59329
-1.35896
-1.52879
-0.795779
-1.10518
-0.127321
-0.46121
0.491058
0.199273
0.930661
0.73719
1.03243
1.00335
-2.61811
-2.41905
1.08198
1.02633
1.00618
1.12304
1.07116
1.24865
1.11742
-2.89724
-1.93486
-3.39338
-1.25909
-3.8153
-0.517149
-3.97474
0.168189
-3.5073
0.661823
-2.26388
1.46796
-0.644656
1.15749
1.36278
1.39209
1.49131
1.52645
0.563966
1.22851
1.26951
1.17916
0.612674
1.16243
-2.63299
0.827444
0.926534
0.643425
0.746226
0.566599
0.597532
0.607477
0.574738
0.748515
0.663331
0.934716
0.836225
1.08865
1.01527
1.18621
1.14065
1.24424
1.21691
1.2873
1.26148
1.31964
1.30529
1.33066
1.32835
1.32304
1.3298
1.32232
1.32071
1.36135
1.33702
1.44493
1.39816
1.58129
1.50221
1.70322
1.6516
1.73354
1.72856
1.71472
1.72621
1.69103
1.70332
1.62663
1.66771
1.4816
1.56466
1.37455
1.15933
1.26359
1.01936
1.07728
0.95843
0.980475
0.955678
0.950426
0.994194
0.971876
1.05389
1.02328
1.09111
1.07698
1.09558
1.09733
1.07244
1.08743
1.01995
1.05097
0.917413
0.977473
0.738631
0.836552
0.544777
0.635392
0.43563
0.478038
0.4136
0.412924
0.493831
0.443944
0.650825
0.567749
0.802994
0.731446
0.91349
0.862926
0.978625
0.950876
0.987016
0.988398
0.953337
0.975994
0.810284
0.892176
0.72988
0.0559828
0.211378
-0.465938
-0.176856
-1.11508
-0.782154
-1.73853
-1.455
-1.97971
-1.90486
-1.80465
-1.95241
-1.25491
-1.56771
-0.489373
-0.885198
0.248366
-0.0966509
0.796542
0.548785
1.0887
0.970196
1.15939
1.01029
1.13149
0.934263
0.996714
-3.07942
-2.52315
-3.84392
-2.07038
-4.79066
-1.38171
0.84835
-5.49071
-0.550365
-5.60701
0.0693316
-4.53257
0.658391
1.54578
1.47259
1.46338
1.55048
-2.29636
1.35561
1.63893
-0.172185
0.961066
1.55882
1.07599
0.90307
1.18742
0.355968
0.220671
0.806088
0.889504
0.324734
-2.94089
0.995077
1.11826
1.06241
0.883573
0.9366
0.758149
0.818815
0.71889
0.731991
0.746419
0.724014
0.838026
0.78108
0.968001
0.895873
1.0891
1.02963
1.17634
1.13633
1.23512
1.2091
1.27877
1.25773
1.31161
1.29663
1.33526
1.32439
1.35901
1.34774
1.38569
1.37318
1.42419
1.40317
1.49837
1.45514
1.61463
1.55168
1.70537
1.66758
1.7242
1.7226
1.70245
1.71521
1.66793
1.68724
1.59452
1.63836
1.46159
1.53324
1.26609
1.37138
1.05246
1.15566
0.788258
0.881999
0.961656
1.38033
1.43802
1.25263
1.31485
1.11615
1.18438
1.03801
1.06477
1.04953
1.03659
1.07457
1.06454
1.09722
1.0845
1.11548
1.1081
1.1153
1.1174
1.09321
1.10763
1.04757
1.07411
0.966748
1.01324
0.845778
0.909717
0.749458
0.788991
0.710405
0.726927
0.688059
0.695938
0.707995
0.691552
0.783378
0.74126
0.872243
0.829042
0.938824
0.907881
0.970894
0.956393
0.958599
0.968585
0.872928
0.929626
0.791287
0.847767
0.617157
0.713727
0.508828
-0.21383
0.0330977
-0.920077
-0.538267
-1.78634
-1.34206
-2.49893
-2.19883
-2.58947
-2.62185
-2.10082
-2.41497
-1.228
-1.69243
-0.270692
-0.74177
0.535614
0.16793
1.03947
0.820832
1.22918
1.16741
1.25348
1.25922
1.22791
-3.92741
-2.91022
0.812895
0.968536
0.922882
-5.31253
-2.42613
0.783696
-6.80031
-1.58782
-7.71067
-0.609219
0.694556
1.40412
1.35297
1.26165
1.29144
-7.25921
-0.113978
1.48754
-4.93983
0.5921
0.683311
0.674677
1.67508
-1.54213
1.06466
1.74831
0.612873
0.745872
1.53568
1.08247
1.14952
1.10243
1.21846
0.418928
0.349983
1.16265
-3.5797
0.989994
1.04303
0.906456
0.942439
0.818494
0.862863
0.809479
0.811915
0.832513
0.81711
0.898342
0.859232
0.993638
0.941674
1.09052
1.0425
1.16961
1.13282
1.22977
1.20238
1.27751
1.25519
1.31499
1.29734
1.3426
1.32967
1.36573
1.35423
1.3994
1.38076
1.45658
1.42562
1.5315
1.49208
1.61596
1.57284
1.6807
1.65269
1.69923
1.69616
1.67783
1.69142
1.6384
1.66037
1.56711
1.6085
1.44654
1.51246
1.28263
1.36909
1.10643
1.19276
1.0305
1.41155
1.40187
1.36998
1.39873
1.27031
1.32453
1.17209
1.21614
1.12274
1.14269
1.1056
1.111
1.10543
1.10387
1.11918
1.11041
1.13232
1.12734
1.1283
1.13207
1.10679
1.11989
1.0653
1.0883
1.00289
1.03723
0.926063
0.964613
0.879989
0.896972
0.862792
0.872022
0.837227
0.849985
0.832398
0.82352
0.862803
0.844871
0.906197
0.884405
0.941639
0.925389
0.953762
0.949374
0.929424
0.943444
0.861938
0.895329
0.771203
0.811131
0.621342
0.692598
0.527534
0.0536999
0.30437
0.224196
-0.501994
-0.191091
-1.41177
-0.913337
-2.53665
-1.96834
-3.35275
-3.02718
-3.30635
-3.44356
-2.48275
-2.97355
-1.27833
-1.89818
-0.122529
-0.672199
0.733972
0.351612
1.19421
1.00513
1.33517
1.30171
1.33654
1.34072
1.29872
0.743357
0.889495
-5.24972
-3.59319
0.558688
-7.41379
-2.88233
1.14287
1.16171
1.0578
1.00832
-9.3856
-1.75594
0.552629
1.13701
-9.91586
-0.660189
1.34432
-7.94093
-0.278619
0.563512
0.523127
1.60669
-4.08602
0.524269
0.514985
1.83371
-0.422057
0.603621
1.86613
1.38485
1.1125
0.330048
0.677184
0.862286
-4.60168
1.04224
1.06613
1.05848
0.982792
1.01426
0.922453
0.949562
0.872523
0.892696
0.865601
0.862635
0.888792
0.873816
0.939698
0.910392
1.01327
0.974191
1.09225
1.05354
1.16256
1.13
1.22033
1.19409
1.26841
1.24618
1.3084
1.28906
1.34299
1.32534
1.37656
1.35897
1.41244
1.39338
1.45931
1.43362
1.52834
1.49139
1.60271
1.56781
1.65144
1.63099
1.66466
1.66267
1.64681
1.65886
1.60793
1.63001
1.54152
1.57931
1.43643
1.49366
1.3004
1.37095
1.15747
1.22723
1.05082
1.0965
1.01073
1.02219
0.851323
1.02398
1.01121
1.32036
1.25196
1.37211
1.35936
1.34294
1.36663
1.28063
1.31255
1.21554
1.24959
1.15685
1.18277
1.1346
1.14062
1.13424
1.13328
1.13801
1.13559
1.14153
1.14068
1.13336
1.13923
1.11215
1.12467
1.07686
1.09631
1.03056
1.05524
0.982939
1.00565
0.957852
0.966781
0.944615
0.951691
0.919854
0.932182
0.904543
0.90669
0.908981
0.903569
0.924401
0.916387
0.934312
0.931333
0.927168
0.933992
0.89318
0.914218
0.828949
0.865179
0.735031
0.788937
0.609137
0.680162
0.471783
0.539583
0.391062
-0.137539
0.0571504
-0.800944
-0.425513
-1.93563
-1.30036
-3.34926
-2.64831
-4.26177
-3.91803
-4.0663
-4.31192
-2.90359
-3.57107
-1.3884
-2.15204
-0.0389784
-0.670245
0.882356
0.479188
1.32758
1.15852
1.43888
1.4201
1.38982
1.41931
1.2273
1.32983
1.1056
1.15839
0.436253
-7.09644
-4.46803
1.05472
0.0710827
0.947379
0.867621
-9.99872
-3.25487
1.05133
0.884049
0.295846
0.959768
-11.914
-1.8211
0.641713
1.1439
-10.8059
-0.736269
0.451101
0.326161
1.43127
-6.7991
-0.468166
0.336457
1.798
-2.09536
0.400887
0.310736
2.06142
0.909486
0.0987093
1.94804
1.10252
1.21227
1.24189
0.846902
0.77635
-5.97656
1.02866
0.980178
1.01888
1.00238
1.01612
0.964386
0.981006
0.92748
0.943334
0.900678
0.910213
0.899368
0.895488
0.922991
0.908639
0.966829
0.943023
1.02702
0.996099
1.09387
1.06187
1.15697
1.1282
1.21217
1.18722
1.2597
1.2377
1.30019
1.28042
1.33584
1.31713
1.37157
1.35171
1.41277
1.38989
1.46209
1.43598
1.51863
1.48945
1.57522
1.549
1.61746
1.59944
1.62975
1.62819
1.6134
1.62478
1.57725
1.5977
1.51827
1.55156
1.42903
1.47736
1.31759
1.37489
1.20308
1.25836
1.12492
1.15728
1.10631
1.10792
1.14384
1.11884
1.17605
1.01986
0.882084
0.941149
1.18473
1.10372
1.30138
1.25174
1.34036
1.33064
1.3225
1.33557
1.2843
1.30638
1.22459
1.25581
1.17895
1.19786
1.15849
1.16655
1.149
1.15307
1.14451
1.14584
1.14281
1.14399
1.13263
1.13918
1.11317
1.1241
1.08341
1.09926
1.04891
1.06684
1.01667
1.03178
0.998558
1.00564
0.985099
0.992387
0.961415
0.973485
0.941
0.949991
0.928487
0.93379
0.925408
0.926971
0.921051
0.924957
0.903246
0.915355
0.863907
0.887569
0.800475
0.836031
0.711791
0.759599
0.600466
0.657357
0.473968
0.534081
0.318716
0.394435
-0.301972
-0.0828217
-1.08554
-0.635449
-2.433
-1.67733
-4.06815
-3.2718
-5.05655
-4.69715
-4.73266
-5.07106
-3.28095
-4.09791
-1.51119
-2.39078
-0.0114884
-0.70536
0.95768
0.542499
1.39603
1.23974
1.48026
1.46927
1.40479
1.45161
1.23754
1.33531
1.08923
1.15783
1.03094
0.738288
-9.28979
-5.34475
1.16447
1.22102
1.28188
0.212959
0.924862
0.968914
0.0932542
0.776262
-12.3319
-3.33276
0.681397
0.914739
-13.1129
-1.7632
0.398126
0.0402929
1.17831
-9.57929
-0.923813
0.181719
1.60046
-4.06807
-0.657417
0.0505314
0.0715151
2.08047
0.200591
-0.00957665
2.27444
1.93442
0.87433
0.590104
0.639455
-7.51828
0.977462
0.970242
0.967645
0.974084
0.946379
0.953064
0.925022
0.933556
0.912411
0.916513
0.918475
0.91324
0.943419
0.929656
0.983991
0.963019
1.03613
1.01032
1.09428
1.06699
1.15145
1.12554
1.20386
1.17984
1.25029
1.22813
1.29128
1.27058
1.32842
1.30837
1.36441
1.34432
1.40327
1.38156
1.44908
1.42441
1.50102
1.47478
1.54878
1.5273
1.58104
1.56787
1.59291
1.59029
1.58158
1.59064
1.54873
1.56757
1.49671
1.52581
1.42391
1.46337
1.33422
1.3803
1.24602
1.28757
1.19333
1.21334
1.18811
1.18486
1.23198
1.20501
1.28452
1.2607
1.17742
1.25597
1.35957
1.31045
1.07692
0.987167
1.02037
1.20426
1.14147
1.29261
1.25648
1.31579
1.31073
1.30613
1.31363
1.27485
1.29362
1.2288
1.25205
1.19219
1.20873
1.16836
1.17895
1.15434
1.16026
1.14659
1.14967
1.14067
1.14376
1.1287
1.13559
1.108
1.11968
1.08523
1.09772
1.05835
1.07189
1.03418
1.04533
1.01848
1.025
1.00299
1.01127
0.978331
0.991095
0.954655
0.966223
0.934615
0.944542
0.921746
0.929117
0.906107
0.915452
0.879403
0.894529
0.835227
0.859781
0.771835
0.806152
0.68772
0.731893
0.584453
0.637383
0.465234
0.526075
0.328467
0.401205
0.0103127
0.135321
-0.396628
-0.155665
-1.29708
-0.774126
-2.80938
-1.97182
-4.5825
-3.72499
-5.62293
-5.25229
-5.19928
-5.6111
-3.53765
-4.45587
-1.61076
-2.56018
-0.0152601
-0.750119
0.992229
0.565992
1.44328
1.28455
1.4891
1.4981
1.36804
1.436
1.22354
1.29879
1.07268
1.15086
0.998334
1.09117
-0.326414
0.600275
-11.1365
-5.93724
0.867659
0.987917
0.805542
0.673595
-13.2269
-3.40256
0.780899
1.34981
1.44759
0.446562
0.777621
0.62479
-0.255855
0.879166
-11.6551
-1.74733
0.102755
1.25148
-6.4789
-1.36296
-0.297594
-0.158788
1.83959
-0.976948
-0.819404
-0.279365
2.36326
1.97365
-0.732081
1.09516
1.1835
2.53582
1.27518
0.386678
0.455706
-8.71415
0.930182
0.911932
0.934374
0.934252
0.926016
0.926684
0.917956
0.920131
0.916811
0.916462
0.929198
0.922008
0.95542
0.941614
0.993787
0.974276
1.04139
1.0181
1.09373
1.06921
1.1461
1.12207
1.19556
1.17237
1.24019
1.21852
1.28025
1.25965
1.31762
1.29734
1.35417
1.33392
1.39228
1.37128
1.43338
1.41159
1.4776
1.45522
1.51925
1.4993
1.54785
1.53649
1.55749
1.55566
1.54925
1.55598
1.52298
1.53854
1.48063
1.5036
1.42061
1.45216
1.34962
1.386
1.28427
1.31426
1.25311
1.26334
1.25834
1.25042
1.30362
1.27675
1.35088
1.32985
1.43109
1.37488
1.02526
0.917865
1.11677
1.07211
1.0815
1.12993
1.09228
1.22214
1.17557
1.2882
1.26086
1.30068
1.29937
1.28812
1.29597
1.26436
1.27793
1.22788
1.24726
1.19406
1.20949
1.17086
1.18148
1.1547
1.16182
1.14394
1.14864
1.13472
1.13937
1.12184
1.12884
1.10284
1.11307
1.08312
1.09348
1.06119
1.07213
1.04073
1.05044
1.02431
1.03189
1.00628
1.01587
0.982209
0.994741
0.9582
0.969845
0.932615
0.945031
0.911161
0.922122
0.887713
0.900012
0.855351
0.872725
0.808637
0.833658
0.745729
0.77894
0.665125
0.707016
0.568403
0.618381
0.458751
0.51545
0.34256
0.40363
0.246579
0.300581
0.0255524
0.174775
0.13812
-0.411824
-0.145441
-1.41776
-0.834283
-3.02131
-2.15355
-4.79282
-3.94109
-5.80441
-5.44825
-5.34832
-5.79439
-3.59989
-4.533
-1.66366
-2.61511
-0.0671352
-0.800757
0.946718
0.516815
1.40575
1.23814
1.46955
1.46928
1.34414
1.41774
1.19346
1.2672
1.04517
1.12372
0.870135
0.952671
0.820334
0.966044
0.440454
-11.6189
-5.83814
0.817409
1.51308
0.191762
0.590754
1.06373
0.945819
0.870438
0.715416
-0.748088
0.548132
-11.7996
-3.21648
0.145093
0.835394
-8.47203
-1.97178
-0.64895
1.18043
-0.286466
1.36079
-3.02414
-1.9012
-0.57514
2.1327
1.41101
-1.2204
-0.665995
2.78899
3.00366
1.48114
0.121687
0.412901
0.143312
1.40258
0.231951
-8.83561
0.881108
0.852603
0.901977
0.89404
0.905444
0.903511
0.907605
0.905302
0.915463
0.910731
0.933458
0.923769
0.961986
0.947421
0.999456
0.980517
1.04377
1.02164
1.09182
1.0685
1.1402
1.11736
1.18661
1.16474
1.22957
1.20933
1.26842
1.24898
1.30516
1.28591
1.341
1.32162
1.37765
1.35768
1.41602
1.39573
1.45476
1.43524
1.48972
1.47322
1.51486
1.50461
1.52505
1.52253
1.51882
1.52434
1.49791
1.51026
1.46355
1.48242
1.4169
1.4415
1.3625
1.39008
1.31741
1.33723
1.30031
1.30507
1.31478
1.30301
1.36298
1.33591
1.41125
1.38803
1.4952
1.44201
1.60585
1.64884
1.56615
1.5547
1.09326
0.994566
1.19196
1.24354
1.17454
1.14723
1.15942
1.17705
1.15483
1.23762
1.20656
1.28215
1.26459
1.28842
1.2904
1.27351
1.2815
1.25368
1.26492
1.22161
1.23877
1.19092
1.20503
1.16843
1.17895
1.15054
1.15876
1.13744
1.14335
1.12621
1.13181
1.11278
1.1199
1.0959
1.1047
1.07798
1.08722
1.05837
1.06818
1.03938
1.04849
1.02244
1.03074
1.00322
1.01353
0.977803
0.991432
0.94734
0.963819
0.923421
0.936284
0.898009
0.910562
0.869504
0.884033
0.832573
0.852024
0.783906
0.809827
0.721527
0.754198
0.644165
0.684177
0.553391
0.600218
0.453693
0.504555
0.354328
0.404796
0.256715
0.308512
0.206899
0.125618
0.166353
0.143127
0.0300883
0.108158
-0.387393
-0.117668
-1.3836
-0.810401
-2.93208
-2.09973
-4.60646
-3.79714
-5.57723
-5.23575
-5.1351
-5.55188
-3.51028
-4.39811
-1.67161
-2.57506
-0.148763
-0.850457
0.840694
0.415989
1.30888
1.13183
1.40008
1.38601
1.30571
1.36711
1.15386
1.23121
1.00334
1.08006
0.837452
0.913581
0.746484
0.786542
0.780853
0.526182
-0.19684
-0.0286939
0.280687
-1.47791
-0.195405
0.226985
-10.2947
-5.21513
0.303496
0.390992
-8.93142
-3.11859
1.70895
1.73973
-1.30762
1.32836
1.6154
1.55846
1.25608
1.30211
0.141493
0.186224
0.155772
0.707928
0.70836
0.666781
-0.251196
0.812901
-5.16637
-2.56807
0.740117
0.901039
-0.758218
1.54136
-0.376723
-2.42498
-1.12643
-1.04917
-0.645812
-0.433832
2.62238
2.89305
-2.08569
3.44259
-0.0369141
-7.77136
0.778619
0.744293
0.835032
0.80819
0.867039
0.855047
0.883887
0.876387
0.895949
0.889149
0.911062
0.902793
0.933401
0.921759
0.963959
0.948347
1.00151
0.982232
1.04402
1.02224
1.08887
1.06637
1.13388
1.11204
1.17747
1.15678
1.21854
1.20003
1.2563
1.23804
1.29219
1.27416
1.32684
1.30869
1.36144
1.343
1.39654
1.37804
1.43123
1.41361
1.4621
1.44738
1.4836
1.47541
1.49367
1.49041
1.49074
1.49434
1.47463
1.48431
1.44857
1.46287
1.41345
1.43208
1.37374
1.3934
1.34585
1.35722
1.33936
1.34001
1.36046
1.34549
1.41067
1.38364
1.46688
1.43812
1.55299
1.50332
1.68759
1.61486
1.66699
0.987272
0.694072
0.851429
1.17871
1.09317
1.30857
1.24933
1.20841
1.22398
1.2199
1.20861
1.2536
1.23575
1.2804
1.26967
1.27918
1.28341
1.26231
1.27117
1.24192
1.25298
1.21303
1.22837
1.18381
1.19754
1.16177
1.17211
1.14289
1.15189
1.12817
1.13491
1.11591
1.12201
1.10221
1.10935
1.08657
1.09463
1.06967
1.07832
1.05175
1.0607
1.03416
1.04283
1.01622
1.0254
0.995167
1.00633
0.968956
0.982774
0.940048
0.954789
0.912596
0.926464
0.883536
0.898063
0.850769
0.86752
0.810908
0.831755
0.760937
0.787315
0.699275
0.731398
0.624921
0.66332
0.539868
0.583559
0.448576
0.494784
0.356112
0.402801
0.264247
0.310181
0.222901
0.0917031
0.119012
0.00857792
0.0660399
-0.333098
-0.102134
-1.21982
-0.712175
-2.59596
-1.86259
-4.10328
-3.3713
-4.97504
-4.66973
-4.59969
-4.95118
-3.23019
-3.98631
-1.63168
-2.42161
-0.281662
-0.907939
0.628992
0.23085
1.10876
0.914255
1.27881
1.2243
1.2517
1.28536
1.10863
1.18814
0.949495
1.02617
0.808126
0.872746
0.75473
0.534548
0.488677
-0.622074
-0.052815
-8.02053
-4.59644
1.76743
-2.19889
1.50057
1.35797
0.197085
0.162905
0.669158
0.628497
-0.0813044
0.243554
-6.25774
-3.39531
1.05307
-0.788349
0.810328
-2.84026
-3.48377
0.480698
0.691486
-1.96865
-1.38306
-1.23535
-0.962113
1.92631
1.27821
-3.30674
-1.68824
3.34492
3.82644
0.248226
-0.0771714
-0.412305
-6.30812
0.742731
0.707409
0.798757
0.772827
0.836198
0.819614
0.861862
0.849964
0.882463
0.872081
0.90432
0.892919
0.930983
0.917178
0.963263
0.946739
1.00057
0.981534
1.04169
1.02066
1.08465
1.06284
1.12738
1.10611
1.16827
1.14846
1.20722
1.18807
1.24398
1.22657
1.27868
1.26181
1.31194
1.29518
1.34455
1.32773
1.37662
1.36001
1.40752
1.39186
1.43443
1.42157
1.45397
1.4445
1.4644
1.46069
1.46388
1.46578
1.45308
1.45973
1.43435
1.44465
1.40933
1.42255
1.383
1.39555
1.36897
1.37377
1.37241
1.36856
1.39887
1.38201
1.45049
1.42257
1.515
1.48112
1.60237
1.55497
1.72408
1.65928
1.85266
1.873
1.79672
1.81129
1.83298
1.74772
1.78404
-3.07838
1.6742
1.71028
1.11396
0.891849
1.00941
1.27065
1.19988
1.37788
1.32975
1.40158
1.4579
1.42039
1.31013
1.35164
1.26052
1.27933
1.25538
1.25358
1.269
1.26156
1.27938
1.27559
1.27239
1.2784
1.25229
1.2629
1.23014
1.24154
1.20249
1.21708
1.17425
1.18763
1.1522
1.16267
1.1327
1.14212
1.11697
1.12429
1.10393
1.11041
1.09002
1.09719
1.07517
1.08263
1.05965
1.06756
1.04303
1.05141
1.0256
1.03446
1.00669
1.01644
0.98486
0.996327
0.958634
0.972333
0.929405
0.94418
0.899676
0.914562
0.867958
0.883937
0.832548
0.850763
0.790726
0.812621
0.739929
0.766495
0.678724
0.710476
0.60725
0.644152
0.526982
0.568181
0.441184
0.484562
0.353947
0.397745
0.270888
0.311123
0.234074
0.121329
0.132473
0.128744
0.0811566
0.106553
-0.000856321
0.0488135
-0.253193
-0.0778467
-0.947102
-0.547469
-2.06102
-1.46171
-3.32754
-2.70983
-4.08826
-3.81256
-3.85869
-4.10063
-2.83235
-3.409
-1.5672
-2.19912
-0.455432
-0.978593
0.346283
-0.0131467
0.821979
0.619406
1.06209
0.966791
1.12815
1.11608
1.03938
1.09935
0.892344
0.964319
0.76942
0.826877
0.665031
0.714694
0.58444
0.62163
0.189797
0.744459
-1.18817
-0.348734
-6.16673
-4.4392
1.22794
-0.60982
0.0561526
-4.68787
-4.20796
0.871615
1.93998
1.95161
1.43998
1.49209
-3.1497
0.110863
0.135867
0.111237
0.549636
0.535957
0.501269
-1.497
-0.455526
0.954574
-1.44114
-4.79888
0.107726
0.380943
-2.19094
-2.64362
2.61808
2.29694
-4.87163
-2.07574
-1.71093
4.014
1.63429
1.84568
1.83203
0.565473
0.343463
-0.858439
-5.363
1.42883
0.633951
0.593471
0.707819
0.672029
0.766314
0.738903
0.808581
0.789628
0.84071
0.825638
0.868518
0.855004
0.895879
0.881894
0.926197
0.910595
0.960275
0.942955
0.99793
0.979026
1.03805
1.01786
1.0794
1.05843
1.12038
1.0996
1.15958
1.13999
1.19681
1.17819
1.23204
1.21525
1.26512
1.2493
1.29678
1.28133
1.32732
1.31208
1.35671
1.34186
1.38448
1.37055
1.40841
1.3969
1.42627
1.41789
1.43713
1.43281
1.43879
1.43925
1.4325
1.43655
1.42065
1.42727
1.40444
1.41292
1.39001
1.3963
1.38726
1.38686
1.39945
1.3913
1.43182
1.4128
1.48481
1.45613
1.55496
1.51773
1.64521
1.59735
1.75941
1.699
1.89398
1.82502
1.91465
1.92732
1.87763
1.89735
1.86079
1.09792
0.901083
1.00635
1.24908
1.178
1.3657
1.31132
1.45059
1.4106
1.51749
1.48575
1.35598
1.39406
1.3059
1.32651
1.2871
1.29356
1.28289
1.28416
1.27986
1.28196
1.26665
1.27499
1.24327
1.25547
1.21858
1.23105
1.1909
1.20516
1.16313
1.17654
1.1403
1.15114
1.12066
1.13019
1.104
1.1119
1.09026
1.09697
1.07663
1.08354
1.06261
1.06962
1.04807
1.0554
1.03217
1.04029
1.01501
1.02376
0.996034
1.00588
0.973529
0.985343
0.946823
0.960595
0.917344
0.932262
0.886153
0.901836
0.852725
0.869701
0.815412
0.834641
0.771985
0.7946
0.720566
0.747308
0.660042
0.691336
0.590958
0.626546
0.514268
0.553551
0.43297
0.474023
0.350161
0.391444
0.273608
0.310901
0.201326
0.237712
0.167007
0.110479
0.110873
0.0977957
0.107719
0.0405399
0.0748164
-0.133353
-0.0176755
-0.625389
-0.335695
-1.47676
-1.01032
-2.48078
-1.99214
-3.10298
-2.86886
-3.0223
-3.1508
-2.36379
-2.74375
-1.48816
-1.93109
-0.67943
-1.06671
-0.0385273
-0.337764
0.442321
0.21964
0.773253
0.629768
0.929908
0.872955
0.917332
0.942175
0.815111
0.869963
0.70886
0.760318
0.612311
0.659544
0.572365
-0.267472
0.784664
-2.03126
-0.722727
-5.33861
-4.89899
1.0752
1.82167
1.57716
1.96464
1.5461
-4.24609
0.137208
0.109696
0.516807
0.469921
-1.34372
0.0828629
-0.01177
-3.94824
-5.7721
0.592545
-2.47522
-3.9662
1.30659
-0.531434
-6.88145
-1.07013
-3.32794
2.74317
2.83464
1.82257
-0.129233
1.2262
1.198
-0.498211
2.04555
2.09081
-1.52184
-5.21177
1.31975
0.602104
0.561283
0.675199
0.640155
0.736385
0.70734
0.783411
0.761323
0.821063
0.803282
0.854504
0.838217
0.886618
0.870541
0.920118
0.903085
0.955806
0.937756
0.993808
0.9748
1.03337
1.01369
1.07355
1.05338
1.11309
1.09302
1.15094
1.13165
1.18672
1.16867
1.22043
1.20401
1.25192
1.23688
1.28181
1.26748
1.3102
1.29641
1.33708
1.32382
1.36216
1.34977
1.38369
1.37336
1.40011
1.39237
1.41105
1.40633
1.41478
1.41382
1.4126
1.41428
1.40685
1.41012
1.39886
1.40296
1.39467
1.39571
1.40134
1.39652
1.42138
1.40941
1.45943
1.43805
1.51507
1.48519
1.58885
1.54952
1.68206
1.63336
1.79063
1.7341
1.91459
1.85124
2.03682
2.04676
1.98027
2.02519
2.03001
2.01608
2.02082
2.00699
2.01108
2.01186
2.00619
2.02187
1.30509
1.26278
1.38751
1.34696
1.46214
1.42638
1.52426
1.49456
1.57721
1.5518
1.57166
1.62273
1.60012
1.47424
1.52209
1.39443
1.43104
1.34374
1.36501
1.31424
1.32735
1.29574
1.30399
1.28141
1.28868
1.26194
1.27272
1.23521
1.24909
1.20716
1.22112
1.1787
1.19306
1.15041
1.16422
1.12683
1.13797
1.10675
1.11655
1.08932
1.09758
1.07543
1.08207
1.06225
1.06887
1.04885
1.05552
1.0352
1.04207
1.02023
1.02792
1.00358
1.01214
0.984394
0.994375
0.961489
0.973434
0.934696
0.948437
0.905103
0.92009
0.872813
0.889146
0.837938
0.855725
0.799141
0.819117
0.754626
0.777669
0.702752
0.72961
0.643025
0.673792
0.575801
0.610336
0.502054
0.539634
0.424201
0.463492
0.345824
0.384754
0.271662
0.308251
0.20133
0.236098
0.168592
-7.03096
-3.27209
-2.76345
0.0970004
0.0869184
0.0923667
0.10854
0.101947
0.12448
0.117261
0.107159
0.118308
0.00673044
0.0730814
-0.308621
-0.116129
-0.891174
-0.568946
-1.58721
-1.24716
-2.08873
-1.87799
-2.1844
-2.19248
-1.88901
-2.07315
-1.42014
-1.66259
-0.940389
-1.17822
-0.489909
-0.712811
-0.0474167
-0.269718
0.37566
0.174301
0.663423
0.541606
0.755149
0.732314
0.715504
0.746153
0.630618
0.673072
0.553022
0.590483
0.483989
0.518268
0.421111
0.451142
-0.974751
0.655702
-3.14295
-1.17618
-5.16368
-6.17762
0.840282
1.51013
-2.44945
-5.83863
-0.405007
-3.54603
-8.18356
1.52822
1.5717
-0.286801
0.167117
2.15742
1.82467
2.10621
2.11165
1.59778
1.64603
-3.78705
0.728885
0.0437826
-9.79529
-1.82766
0.391883
0.370067
0.341452
0.0695353
0.0809435
0.0602807
-4.5142
2.75853
-0.908602
2.44134
2.21161
2.55227
1.19503
-1.47567
-2.3363
-5.75221
1.16187
0.485933
0.439362
0.572629
0.530666
0.646301
0.610788
0.709125
0.678972
0.760245
0.735868
0.802801
0.782481
0.840644
0.822249
0.876838
0.858949
0.913179
0.894881
0.950524
0.931681
0.988872
0.969688
1.02792
1.00855
1.06712
1.04761
1.10554
1.08615
1.14228
1.12349
1.17677
1.15921
1.209
1.19302
1.23899
1.22455
1.26712
1.25373
1.29345
1.28089
1.31796
1.3061
1.34059
1.32957
1.36003
1.35073
1.3753
1.36803
1.38609
1.38122
1.39142
1.38929
1.39303
1.39251
1.39265
1.393
1.39217
1.39218
1.39699
1.39352
1.4117
1.40303
1.4389
1.42346
1.48239
1.45861
1.54163
1.5101
1.61809
1.57753
1.71241
1.66343
1.81872
1.76431
1.93583
1.87604
2.05998
1.99785
2.10444
2.10384
2.11146
2.10733
2.13079
2.11891
2.1757
2.14947
2.26411
2.21147
2.34156
1.50663
1.51062
1.52471
1.51293
1.55812
1.54048
1.59537
1.57657
1.63475
1.61483
1.67339
1.65331
1.5051
1.55035
1.42855
1.46415
1.37475
1.39917
1.33679
1.35443
1.30782
1.32145
1.28381
1.2956
1.25825
1.27162
1.22748
1.24333
1.19609
1.21154
1.1658
1.18092
1.13653
1.15077
1.11192
1.12357
1.09111
1.10115
1.07344
1.08179
1.05939
1.06604
1.0467
1.05296
1.03423
1.04038
1.02166
1.028
1.00767
1.01491
0.991396
0.999814
0.97233
0.982237
0.949548
0.961352
0.922745
0.93648
0.892496
0.907938
0.859879
0.876587
0.823911
0.842306
0.783925
0.804467
0.738518
0.761953
0.686379
0.713277
0.627337
0.657694
0.561599
0.595281
0.490233
0.526513
0.415311
0.453012
0.33989
0.377472
0.266686
0.302976
0.198069
0.231555
0.134554
0.165951
0.105985
0.0887012
0.078904
0.111732
0.0992473
0.146339
0.128035
0.165686
0.155395
0.136646
0.158397
-0.0176308
0.0843457
-0.359436
-0.16354
-0.824787
-0.588567
-1.23695
-1.04878
-1.44066
-1.36785
-1.44779
-1.46195
-1.3605
-1.40967
-1.23051
-1.30279
-0.995889
-1.13321
-0.597832
-0.817957
-0.0908642
-0.347522
0.344954
0.145618
0.570882
0.486949
0.602486
0.606202
0.547784
0.577369
0.48911
0.517477
0.428395
0.460277
0.398796
-2.06714
-9.41622
-5.03662
-4.80621
-1.76314
-5.59783
-8.38188
1.65087
0.495186
0.531825
1.43758
2.12064
1.693
-3.91912
2.71899
2.89624
-0.770248
-3.49976
-11.2873
-0.705037
-0.348419
1.7739
0.36192
0.311953
0.318849
0.29126
0.0556129
0.0428738
0.0728469
0.0493683
-5.25034
1.48324
0.0142702
-12.4757
-7.24927
-1.88886
2.25273
-4.28071
-3.04267
2.72204
-2.9634
-3.33487
-7.19883
1.69739
1.19
1.00161
0.456743
0.410342
0.544514
0.501705
0.620089
0.583644
0.684736
0.653663
0.739154
0.712957
0.78574
0.763263
0.827463
0.807152
0.866967
0.847435
0.905712
0.886261
0.944516
0.924919
0.983401
0.963863
1.02216
1.00286
1.06048
1.04145
1.09776
1.07908
1.13345
1.11537
1.16686
1.14994
1.19782
1.18243
1.22637
1.21254
1.25278
1.24021
1.27714
1.26555
1.2995
1.28875
1.31979
1.30997
1.33717
1.32881
1.35132
1.34448
1.36191
1.35696
1.36859
1.36549
1.37338
1.37098
1.37778
1.3755
1.38392
1.38032
1.39676
1.38924
1.41899
1.40667
1.45273
1.43418
1.50133
1.47516
1.56454
1.5312
1.64322
1.60184
1.73825
1.68898
1.84416
1.79032
1.9573
1.89988
2.07623
2.01662
2.17791
2.18846
2.13379
2.16976
2.17261
2.17687
2.17142
2.20015
2.18667
2.24625
2.21964
2.32815
2.28202
2.46956
2.3886
2.57891
2.03496
2.13902
1.80278
1.89875
1.69502
1.73723
1.65567
1.66988
1.6504
1.65011
1.66365
1.65532
1.68834
1.67492
1.72082
1.70382
1.71351
1.75708
1.73824
1.62203
1.66837
1.53371
1.57676
1.45868
1.49406
1.40078
1.42789
1.35579
1.37725
1.31866
1.33658
1.28653
1.30225
1.25468
1.27094
1.21976
1.23744
1.18515
1.20212
1.1524
1.16851
1.12173
1.13654
1.09569
1.10792
1.07427
1.08438
1.05634
1.06471
1.04218
1.04868
1.03029
1.03594
1.01894
1.02445
1.00754
1.01318
0.994648
1.00127
0.979057
0.987086
0.960434
0.970058
0.93781
0.949489
0.911198
0.924935
0.88095
0.896478
0.84768
0.864692
0.810872
0.829691
0.769944
0.790929
0.723669
0.747491
0.671235
0.698172
0.612804
0.642795
0.548348
0.581271
0.478843
0.514142
0.406123
0.44267
0.332404
0.369287
0.259966
0.295949
0.191793
0.22522
0.128268
0.159491
0.0993632
0.0830349
0.0687258
0.114638
0.0984148
0.156274
0.133587
0.199984
0.174226
0.228788
0.216889
0.197025
0.227283
0.058597
0.144971
-0.18627
-0.0538557
-0.491531
-0.335058
-0.787432
-0.642682
-1.05369
-0.922803
-1.31102
-1.18223
-1.52305
-1.4299
-1.53387
-1.56635
-1.19259
-1.41173
-0.573075
-0.900137
0.0260247
-0.256312
0.38725
0.243251
0.487561
0.464412
0.468954
0.48376
0.424246
0.447154
0.371321
0.399166
0.344812
-3.67652
3.14771
-7.77734
-6.74571
-2.70933
-6.78243
-11.1586
1.9387
0.39145
0.251205
1.3206
0.261928
0.0285381
-5.83876
-1.70309
-3.66502
-13.8932
-1.35838
-0.854806
1.61056
2.23078
2.23931
1.73522
1.778
-4.8877
-3.39743
-7.93932
-11.1744
3.09452
2.43497
-1.40479
3.48943
-11.8822
3.62935
3.91354
-4.88916
-9.3585
1.32954
0.820222
0.332276
0.230691
0.279845
0.430059
0.381832
0.518443
0.475175
0.596047
0.558788
0.662779
0.630793
0.719999
0.692362
0.769924
0.74561
0.815003
0.792778
0.857317
0.836133
0.898176
0.877446
0.938245
0.917792
0.977625
0.957572
1.01621
0.996725
1.05382
1.035
1.09006
1.07202
1.12463
1.1074
1.157
1.14092
1.18685
1.17219
1.21412
1.20094
1.23895
1.22711
1.26135
1.25065
1.28164
1.27181
1.29978
1.29096
1.31517
1.30768
1.32805
1.3217
1.33829
1.33332
1.34607
1.34217
1.3534
1.34948
1.36198
1.35732
1.37408
1.36725
1.39391
1.3828
1.42326
1.40738
1.46335
1.44182
1.51679
1.48834
1.58413
1.54885
1.66511
1.62293
1.76049
1.71115
1.86667
1.81274
1.97872
1.92208
2.09478
2.03684
2.20345
2.15083
2.2279
2.22703
2.24298
2.2325
2.28039
2.25868
2.35079
2.3111
2.46588
2.40207
2.64569
2.54617
2.94035
2.77324
3.43453
3.15376
4.32073
3.82986
2.32349
2.50713
2.03702
2.16346
1.86571
1.93962
1.77691
1.81361
1.73738
1.75262
1.72814
1.72996
1.73892
1.73158
1.7643
1.75026
1.79866
1.78039
1.64516
1.69051
1.55916
1.60104
1.4846
1.52041
1.42307
1.45239
1.37204
1.39645
1.32826
1.34944
1.28905
1.30828
1.25085
1.27005
1.21162
1.2313
1.17341
1.19221
1.13789
1.15532
1.10533
1.12113
1.07776
1.0908
1.05548
1.06603
1.03747
1.0459
1.0238
1.03008
1.01295
1.01814
1.0029
1.00784
0.99287
0.997918
0.981344
0.987396
0.966746
0.974421
0.948747
0.958157
0.926627
0.938193
0.900369
0.91419
0.870042
0.88566
0.836165
0.853455
0.798591
0.817769
0.756885
0.778222
0.710022
0.734073
0.657271
0.68425
0.59936
0.628851
0.535954
0.568233
0.467907
0.50239
0.396744
0.432525
0.324152
0.360571
0.252176
0.288012
0.183027
0.217223
0.118581
0.150153
0.0600518
0.0884231
0.0114192
0.0343936
0.0436464
0.0107566
0.0278796
0.0764618
0.0594556
0.110392
0.0939242
0.150109
0.127995
0.205886
0.171672
0.283564
0.241016
0.361872
0.328669
0.374602
0.38265
0.262199
0.335748
0.0265918
0.157571
-0.297254
-0.122643
-0.726763
-0.497318
-1.25357
-0.980593
-1.77024
-1.5269
-2.01068
-1.94459
-1.73243
-1.94319
-1.01664
-1.40748
-0.254931
-0.619184
0.228053
0.0318091
0.385454
0.339413
0.394985
0.399469
0.360428
0.379478
0.316183
0.338613
0.269833
0.293724
0.215747
0.243739
-5.7789
-5.07165
-7.19781
-8.93665
-4.63762
-8.41414
-13.4991
2.27808
0.241937
-0.171309
1.02108
2.25261
1.81865
-0.00902023
0.181805
-2.01547
-8.02994
-11.3611
1.5076
2.8115
4.16646
3.51618
3.29573
-2.47973
-14.7241
-4.95214
-3.7855
-13.884
5.30551
4.29304
4.85583
5.01203
5.45185
-6.59245
-11.4707
1.46683
6.20039
7.01795
7.63974
7.89217
5.82224
7.49032
6.72186
0.37653
-14.8798
-6.70506
-11.9288
-7.83225
-3.36242
4.49871
4.84509
3.02369
1.97493
-13.3064
-7.95965
-7.06362
-5.84986
-5.34039
0.145098
0.173881
0.198968
0.222927
0.245035
0.264429
0.282572
0.300306
0.314891
0.324445
0.323015
0.296752
0.230201
0.0909414
-0.147633
-0.48607
-0.907212
-1.36579
-1.80141
-2.15346
-2.35957
-2.38641
-2.23744
-1.94892
-1.57672
-1.17738
-0.791777
-0.4433
-0.141623
0.107672
0.30101
0.436116
0.519663
0.558989
0.563924
0.541529
0.49817
0.439193
0.373046
0.304383
0.246619
0.201844
0.16238
0.138333
0.11651
0.100502
0.0849206
0.0677803
0.0503852
0.0331166
0.0150341
-0.00438834
-0.0259723
-0.0522261
-0.0326815
-0.00943104
0.0157503
0.0434152
0.0736305
0.105207
0.138187
0.172144
0.207232
0.242839
0.278956
0.315126
0.35134
0.38717
0.422584
0.457256
0.491199
0.524119
0.556038
0.58676
0.616148
0.644384
0.671252
0.697063
0.721453
0.744429
0.766255
0.786896
0.806501
0.825089
0.84268
0.859297
0.874923
0.889544
0.903029
0.915798
0.927189
0.937412
0.94648
0.954504
0.961522
0.967741
0.973186
0.977952
0.982243
0.98633
0.990385
0.994576
0.999019
1.00398
1.00976
1.01672
1.02495
1.03452
1.04547
1.05783
1.07173
1.08715
1.10394
1.12183
1.14068
1.16042
1.18109
1.20251
1.22441
1.24647
1.26856
1.29074
1.31323
1.33634
1.36041
1.38578
1.41271
1.44154
1.47264
1.50634
1.54297
1.58239
1.62438
1.66838
1.7134
1.75756
1.79958
1.83932
1.87793
1.85735
1.83737
1.81915
1.80404
1.79247
1.78535
1.78353
1.78755
1.79834
1.81727
1.84587
1.88615
1.94139
2.01596
2.11385
2.23732
2.38938
2.57616
2.80613
3.21893
3.80883
4.35727
4.981
5.67634
6.36622
6.88534
7.17881
7.0216
6.63747
6.09589
5.43637
4.83749
4.38772
4.00445
3.64825
3.36669
3.13807
2.95196
2.80211
2.68211
2.58491
2.50604
2.44214
2.39178
2.35289
2.32236
2.30093
2.28674
2.2783
2.27594
2.27841
2.28625
2.29867
2.31672
2.27166
2.22253
2.16999
2.11407
2.05636
1.99879
1.94194
1.88617
1.83191
1.77976
1.73038
1.68401
1.64069
1.60034
1.56304
1.52895
1.49816
1.4706
1.44606
1.42432
1.40519
1.38856
1.37433
1.36247
1.35268
1.34472
1.33801
1.33246
1.32753
1.32327
1.31904
1.31494
1.3103
1.30538
1.29978
1.2939
1.28735
1.28034
1.27256
1.26427
1.25546
1.24608
1.23625
1.22555
1.21442
1.20229
1.18978
1.1763
1.16236
1.14754
1.13225
1.11616
1.09972
1.08255
1.06505
1.04712
1.02853
1.01006
0.990589
0.971576
0.95138
0.931768
0.9108
0.890528
0.868918
0.847805
0.825409
0.803048
0.779435
0.755184
0.729545
0.702522
0.673822
0.642962
0.61015
0.574392
0.536349
0.495154
0.451222
0.404654
0.354417
0.302611
0.248091
0.195859
0.142765
0.111332
0.10441
0.0759639
-6.48176
-13.4525
-14.0752
-8.93174
-10.0303
6.43652
-0.0950265
2.75828
5.9723
8.34454
8.99711
8.2781
0.507621
-1.3921
-0.64683
7.13495
1.67797
7.48292
-9.11242
-9.22508
-12.24
-9.89819
0.0444913
0.0133929
-8.81506
-11.0245
-11.2217
-14.39
-14.0957
0.0838784
0.118
0.162275
0.217981
0.274974
0.32989
0.381898
0.429936
0.475121
0.516611
0.555762
0.591795
0.62579
0.657218
0.687128
0.715043
0.741887
0.767257
0.791957
0.815488
0.838679
0.860907
0.882895
0.904095
0.92507
0.945356
0.965309
0.984675
1.00385
1.02242
1.04068
1.05845
1.07554
1.09233
1.1083
1.124
1.13885
1.15308
1.16653
1.17917
1.19114
1.20223
1.21267
1.22228
1.23132
1.23969
1.2475
1.25475
1.26139
1.26752
1.27308
1.27826
1.28296
1.28733
1.29136
1.29537
1.29957
1.30435
1.31
1.31692
1.32542
1.33582
1.34835
1.36315
1.3803
1.3999
1.42205
1.44683
1.47431
1.50457
1.53774
1.57391
1.61308
1.65506
1.69972
1.74688
1.79657
1.84866
1.90302
1.95923
2.01692
2.07575
2.13464
2.19231
2.24651
2.2962
2.34047
2.60973
10.185
11.1094
3.58263
0.336548
-3.89345
5.85081
9.14639
-0.0879858
3.56073
9.18866
6.09819
-7.91845
-10.7166
0.0666208
0.10264
0.118463
0.137131
0.158209
0.17918
0.198613
0.215442
0.229878
0.242465
0.250786
0.252716
0.2455
0.213609
0.135049
-0.0207437
-0.281305
-0.645835
-1.09204
-1.57713
-2.03273
-2.39004
-2.57674
-2.55921
-2.34549
-1.98076
-1.53024
-1.06
-0.617302
-0.229466
0.0923553
0.346109
0.533181
0.656059
0.720397
0.733336
0.701636
0.63908
0.557457
0.468997
0.382658
0.303107
0.239015
0.189459
0.147276
0.121292
0.0998169
0.0846675
0.0706905
0.0558271
0.0403956
0.0236806
0.00512593
-0.0157184
-0.0387633
-0.0662441
-0.0985604
-0.0829371
-0.0610655
-0.0349719
-0.00688992
0.0232896
0.0555033
0.0892567
0.124092
0.159721
0.195842
0.232296
0.2689
0.305324
0.341614
0.377288
0.41252
0.446825
0.480431
0.512913
0.544551
0.574975
0.60433
0.632148
0.659066
0.684647
0.709506
0.73286
0.755086
0.776077
0.796009
0.814819
0.832601
0.849313
0.86496
0.879562
0.89306
0.905486
0.916558
0.926466
0.935171
0.942784
0.949253
0.954748
0.959336
0.963199
0.966504
0.9695
0.972371
0.975343
0.978649
0.982634
0.98766
0.994057
1.002
1.01155
1.02282
1.03582
1.05059
1.06701
1.08494
1.10416
1.1246
1.14619
1.16888
1.19247
1.21672
1.24139
1.26634
1.2915
1.31694
1.34285
1.36954
1.39726
1.42624
1.45673
1.48918
1.52407
1.56182
1.60235
1.64543
1.69027
1.73574
1.78042
1.82324
1.86338
1.90245
1.9442
1.9172
1.89403
1.87242
1.85374
1.83911
1.82955
1.82592
1.82893
1.83934
1.8582
1.88712
1.9278
1.98236
2.05359
2.14477
2.25893
2.40027
2.57802
2.80675
3.1089
3.4941
3.9372
4.43418
5.00156
5.55708
6.0825
6.43206
6.60587
6.53806
6.25749
5.80089
5.34912
4.94883
4.56909
4.13282
3.77017
3.50496
3.28398
3.092
2.92874
2.79353
2.68275
2.59214
2.51867
2.45947
2.41232
2.37604
2.34993
2.33233
2.32189
2.31809
2.32081
2.32889
2.34141
2.35732
2.38062
-13.4499
-9.67867
-9.33689
-12.1295
-11.7186
0.000688231
0.04552
0.0885457
0.139196
0.195559
0.253597
0.309791
0.362979
0.412137
0.458134
0.500274
0.539996
0.576482
0.611136
0.643148
0.673797
0.702451
0.730103
0.756317
0.781808
0.806265
0.830043
0.853186
0.875525
0.897517
0.918628
0.93945
0.959494
0.97917
0.998292
1.01695
1.03479
1.05235
1.06925
1.08574
1.10145
1.11664
1.13112
1.14472
1.15773
1.16956
1.18092
1.19103
1.20068
1.20923
1.2173
1.22463
1.23131
1.23747
1.2429
1.24805
1.25251
1.25685
1.26057
1.26422
1.26749
1.27112
1.27509
1.28012
1.2863
1.29426
1.30421
1.31663
1.33156
1.34916
1.36931
1.39204
1.41733
1.44518
1.47554
1.50844
1.54397
1.58225
1.62327
1.66694
1.71311
1.76154
1.81211
1.86471
1.91941
1.9762
2.03508
2.09564
2.15703
2.21695
2.27363
2.32563
2.37123
2.41138
2.45078
2.42149
2.39754
2.38082
2.36622
2.35664
2.35329
2.35735
2.36934
2.38989
2.42006
2.46145
2.51413
2.57987
2.66166
2.76225
2.88478
3.03291
3.2083
3.40942
3.63382
3.88173
4.17407
4.48915
4.85217
5.29329
5.69447
5.97744
6.148
6.2341
6.09256
5.8228
5.43977
4.9691
4.51134
4.06814
3.63418
3.26555
2.96817
2.72731
2.53588
2.37994
2.25114
2.14544
2.06059
1.99434
1.94409
1.9073
1.88185
1.86633
1.85954
1.8605
1.8684
1.8828
1.90284
1.92777
1.9568
1.98983
1.97897
-0.135176
-0.118953
-0.0927781
-0.0642021
-0.0315403
0.00183334
0.0373033
0.0734491
0.110042
0.147431
0.184603
0.222102
0.259353
0.296233
0.332896
0.368607
0.40397
0.438035
0.471615
0.503723
0.535293
0.565322
0.594726
0.6224
0.649261
0.674855
0.699831
0.723239
0.745593
0.766645
0.786789
0.805669
0.823619
0.840351
0.856054
0.87056
0.883973
0.896146
0.907059
0.91662
0.924987
0.93207
0.938037
0.942762
0.946523
0.949286
0.951485
0.953096
0.954606
0.955991
0.957932
0.96051
0.96453
0.969959
0.977458
0.98674
0.998323
1.01178
1.0275
1.04495
1.06435
1.08514
1.10756
1.13118
1.15613
1.18201
1.20879
1.23615
1.26398
1.29206
1.32034
1.34894
1.37802
1.40787
1.43851
1.47034
1.50371
1.5395
1.57812
1.61981
1.66421
1.71046
1.75772
1.80459
1.84984
1.89317
1.93607
-0.14319
-0.103298
0.0557406
0.0836138
0.0943774
0.107296
0.123523
0.139574
0.154329
0.167111
0.177058
0.184115
0.186901
0.182754
0.170648
0.137643
0.0594159
-0.095807
-0.351082
-0.70942
-1.14756
-1.61512
-2.04958
-2.37812
-2.53383
-2.48767
-2.24738
-1.86052
-1.39169
-0.906365
-0.453248
-0.0608315
0.258103
0.500411
0.665016
0.755558
0.781208
0.759067
0.697426
0.616088
0.526607
0.437809
0.35579
0.282474
0.220544
0.1732
0.133553
0.107298
0.0850413
0.0691672
0.0557424
0.043366
0.0308005
0.0164645
-0.000712816
-0.0206517
-0.0435197
-0.0702919
-8.60715
7.75418
2.78732
7.43774
-1.80891
9.30607
-6.86244
-11.4408
5.25829
1.44847
5.57346
9.79375
-0.130494
2.72131
0.368155
-0.186842
-0.176998
-9.39543e-05
-0.106554
-10.4673
-12.0268
2.07825
2.48098
2.49979
-9.8155
2.52123
2.10193
-0.18139
-2.8561
0.124899
7.42882
4.04789
7.90676
-9.48034
-0.0614542
-0.0911096
-0.0188635
-0.0380621
0.011096
-0.00247445
0.0308809
0.0218299
0.052337
0.0405255
0.0868397
0.0670177
0.140275
0.108966
0.230094
0.178424
0.368916
0.292991
0.55248
0.457296
0.717781
0.644284
0.728848
0.743487
0.516399
0.654078
0.0393188
0.312573
-0.697624
-0.30073
-1.54594
-1.12641
-2.12193
-1.89797
-2.05188
-2.1737
-1.41022
-1.77518
-0.634487
-1.0097
-0.11981
-0.333085
0.0804187
0.0146743
0.122224
0.109612
0.12694
0.127341
0.118149
0.123627
0.101671
0.110432
0.0797144
0.0912686
0.0573039
0.0683442
0.0429116
1.97312
2.02056
1.87658
1.92514
1.77701
1.82712
1.67978
1.72751
1.59247
1.63466
1.51708
1.55339
1.45017
1.48293
1.38669
1.4182
1.3243
1.35545
1.26208
1.29317
1.20102
1.23126
1.14336
1.17165
1.09056
1.11628
1.04361
1.06626
1.00391
1.02271
0.973298
0.987335
0.952903
0.961771
0.94222
0.946411
0.938774
0.939768
0.938854
0.938573
0.938679
0.93895
0.935665
0.937597
0.928269
0.932528
0.915918
0.922664
0.898596
0.907851
0.876102
0.887945
0.848726
0.862952
0.81665
0.833203
0.779957
0.798781
0.738703
0.759744
0.692943
0.716212
0.642576
0.66806
0.587768
0.615331
0.528572
0.558215
0.465178
0.496764
0.397744
0.43117
0.326604
0.361652
0.252558
0.288816
0.176633
0.213668
0.100001
0.137268
0.02369
0.0605292
-0.0517724
-0.0161304
-0.123863
-0.0914862
-0.157445
2.43931
2.46886
2.39645
2.41503
2.38025
2.38458
2.3976
2.38452
2.45337
2.42039
2.55564
2.49814
2.71262
2.62632
2.94949
2.8194
3.29753
3.10847
3.72344
3.5082
4.21425
3.94538
4.87377
4.54202
5.50604
5.2155
5.88064
5.73968
5.81864
5.91221
5.30654
5.61327
4.53615
4.92456
3.76285
4.14717
3.09642
3.39774
2.64287
2.84878
2.33018
2.47221
2.11931
2.2137
1.98746
2.04485
1.91448
1.94481
1.88545
1.89522
1.89132
1.88453
1.9272
1.90571
1.99315
1.95599
2.03564
2.40061
2.44232
2.29709
2.35151
2.17528
2.23748
2.05117
2.11255
1.93486
1.99201
1.82625
1.87978
1.72459
1.77455
1.63146
1.67688
1.54839
1.58865
1.47555
1.51075
1.41189
1.44261
1.35733
1.38334
1.31358
1.33388
1.28228
1.29623
1.26264
1.27106
1.25139
1.25611
1.24472
1.24763
1.23937
1.24203
1.23326
1.23644
1.22588
1.22977
1.21679
1.22157
1.20533
1.21132
1.19092
1.19838
1.17291
1.18214
1.15098
1.16222
1.12509
1.13835
1.09578
1.11079
1.06365
1.08011
1.02934
1.0468
0.993201
1.01174
0.954727
0.974407
0.913725
0.934721
0.870083
0.892502
0.823717
0.847512
0.774417
0.799637
0.7216
0.748555
0.664196
0.693554
0.600559
0.633228
0.528594
0.565669
0.445972
0.488705
0.350334
0.399975
0.239895
0.297168
0.118903
0.180373
0.00165602
0.0591581
-0.0909013
-0.0478611
-11.2429
-0.223885
-0.240648
2.60334
2.17173
2.60756
2.16256
-0.136923
-0.103087
-0.148528
0.0364405
-0.0319363
0.173964
0.109405
0.291563
0.236626
0.393666
0.34528
0.482633
0.440195
0.560194
0.523007
0.628382
0.595455
0.689302
0.659661
0.744832
0.717627
0.796314
0.770939
0.844514
0.820685
0.88979
0.867423
0.932339
0.911349
0.972371
0.952603
1.01017
0.991437
1.04584
1.02824
1.07899
1.06262
1.10937
1.09452
1.13635
1.12333
1.15931
1.14842
1.17793
1.16922
1.1924
1.18571
1.20317
1.19814
1.21133
1.20749
1.21736
1.21446
1.22185
1.21965
1.22519
1.22353
1.22856
1.22658
1.23516
1.23109
1.24967
1.24098
1.27714
1.26147
1.31958
1.29649
1.3747
1.34576
1.4388
1.40576
1.51072
1.47369
1.59193
1.55007
1.68311
1.6363
1.78342
1.73225
1.8904
1.83628
2.0021
1.94564
2.12099
2.06037
2.24824
2.184
2.37161
2.31185
2.48151
2.42668
2.53991
2.06902
2.12703
1.97625
2.01729
1.92143
1.94445
1.90083
1.90699
1.91483
1.90327
1.97042
1.93691
2.07957
2.01734
2.26009
2.15975
2.53513
2.38416
2.93066
2.71704
3.45798
3.17462
4.19479
3.81548
4.85222
4.53197
5.44545
5.18871
5.71442
5.61264
5.56529
5.68239
5.20404
5.45732
4.43322
4.81112
4.00472
4.23086
3.54105
3.77397
3.14023
3.32448
2.85645
2.9862
2.65676
2.74759
2.52281
2.58271
2.44074
2.47582
2.40272
2.41667
2.40368
2.39853
2.44145
2.41789
2.51703
2.47478
2.56293
-0.189101
-0.219695
-0.107306
-0.146064
-0.0253373
-0.0631928
0.0539865
0.0163609
0.132091
0.0945895
0.209327
0.172175
0.285011
0.248624
0.358201
0.322992
0.427968
0.394357
0.493692
0.461932
0.555151
0.525378
0.612224
0.584507
0.664959
0.639316
0.713161
0.689788
0.756556
0.735563
0.795291
0.776591
0.829416
0.813001
0.858982
0.844842
0.883856
0.872084
0.903672
0.894472
0.91823
0.911658
0.927286
0.923507
0.930744
0.929705
0.929663
0.930681
0.926412
0.928133
0.924447
0.925025
0.928091
0.925277
0.941697
0.933443
0.967313
0.952987
1.00406
0.984421
1.04948
1.02581
1.10191
1.07483
1.16103
1.13064
1.22582
1.19284
1.29334
1.25947
1.36021
1.32698
1.42578
1.39307
1.49215
1.45866
1.56346
1.52687
1.64423
1.60245
1.73767
1.68921
1.84437
1.78974
1.95432
1.89999
2.05849
2.00674
2.11067
-0.069263
0.0205211
0.00643181
0.0414515
0.0295741
0.05743
0.0503952
0.0661743
0.0623706
0.0718203
0.0692583
0.0736662
0.0729214
0.0621566
0.0704547
-0.00213882
0.0419216
-0.23365
-0.0883076
-0.696897
-0.43806
-1.23689
-0.974351
-1.52152
-1.43204
-1.31274
-1.47878
-0.747716
-1.05213
-0.153587
-0.437541
0.2764
0.0870222
0.498163
0.411761
0.542615
0.53921
0.462807
0.51429
0.325289
0.39567
0.203394
0.259805
0.124961
0.160099
0.0772469
0.0985402
0.0459791
0.0607278
0.0266451
0.0351472
0.0141037
0.0200768
-0.00107324
0.00732942
-0.0249677
-0.0116103
-0.0632308
-0.0417058
-0.0931818
-13.1966
-0.287158
-2.09479
-4.43819
-0.386415
-9.07927
-7.15936
-13.0091
-12.331
-12.479
-15.7592
8.99409
11.7474
12.4449
11.8286
9.55481
-12.5085
-14.3826
-16.273
-13.452
-16.053
-10.0666
-1.04262
-5.51158
-0.84121
-0.254893
-0.145857
-0.0478405
0.0365387
0.110431
0.176721
0.235115
0.291564
0.343047
0.392692
0.438018
0.481364
0.521103
0.558986
0.593922
0.627372
0.6585
0.688517
0.716796
0.744238
0.77038
0.795859
0.820299
0.844165
0.867103
0.8895
0.911019
0.932026
0.952191
0.971904
0.990858
1.00947
1.02741
1.04493
1.06166
1.07791
1.09338
1.10818
1.12209
1.1351
1.14709
1.15795
1.16768
1.17623
1.18373
1.19012
1.19551
1.19998
1.2037
1.20679
1.20923
1.21125
1.21279
1.21405
1.21495
1.21571
1.21643
1.2176
1.21968
1.22335
1.22923
1.23809
1.25044
1.26669
1.28688
1.3108
1.33801
1.36803
1.40043
1.43493
1.47146
1.51005
1.55082
1.5939
1.63937
1.6873
1.73763
1.79012
1.84439
1.89991
1.95625
2.0134
2.07217
2.13439
2.20236
2.27763
2.35912
2.44003
2.50873
2.55866
2.60752
2.73291
2.27259
2.15956
2.08718
2.03009
1.98643
1.95341
1.92989
1.91516
1.90908
1.91224
1.92504
1.94838
1.98371
2.03293
2.09785
2.18079
2.2848
2.41344
2.57108
2.76315
2.99423
3.26498
3.56003
3.8239
4.11192
4.49008
4.88
5.12198
5.34995
5.53282
5.55875
5.55801
5.47365
5.18905
5.02835
4.93033
4.71347
4.35886
3.96518
3.67207
3.47239
3.30655
3.15094
3.00558
2.87612
2.76597
2.6722
2.59471
2.53446
2.48699
2.45096
2.42611
2.41197
2.40803
2.41369
2.42938
2.45647
2.49574
2.54847
2.61861
2.73118
2.92179
-0.275767
-0.299373
-0.24819
-0.202362
-0.150961
-0.110224
-0.065596
-0.0266831
0.0149428
0.0531503
0.0936206
0.131452
0.17125
0.208664
0.247558
0.284246
0.321744
0.357224
0.392914
0.426753
0.46035
0.492281
0.523712
0.553613
0.58283
0.610619
0.637642
0.663341
0.688197
0.711715
0.734199
0.755317
0.775386
0.794137
0.81181
0.828183
0.843464
0.857471
0.870344
0.881897
0.892202
0.901142
0.908819
0.915123
0.920097
0.923633
0.925847
0.92671
0.926384
0.92502
0.922983
0.920663
0.91859
0.917284
0.917371
0.919434
0.924048
0.93159
0.94222
0.955871
0.972367
0.99146
1.01293
1.0366
1.06238
1.09023
1.12009
1.15187
1.1853
1.21998
1.25541
1.29105
1.32643
1.36126
1.39553
1.42952
1.46362
1.49825
1.53388
1.57111
1.61059
1.65287
1.69877
1.74967
1.80707
1.87092
1.93782
2.0007
2.0528
2.09449
2.14854
2.28243
2.5114
0.231881
0.0726029
0.00694523
-0.000612918
0.00492402
0.0133714
0.0181467
0.0204507
0.0212586
0.0219728
0.0226242
0.0234235
0.0239219
0.0248714
0.0248632
0.0218022
0.0177466
0.00177062
-0.0240234
-0.0804478
-0.155368
-0.253235
-0.370367
-0.478945
-0.561682
-0.600712
-0.583189
-0.51384
-0.406673
-0.281084
-0.153127
-0.0348263
0.0656833
0.145578
0.20175
0.234736
0.246756
0.24228
0.224506
0.198663
0.16755
0.135701
0.107051
0.0823303
0.0634961
0.0483604
0.0369655
0.0290853
0.0221164
0.0170457
0.0137565
0.0108192
0.00839553
0.00605002
0.00377628
0.00128956
-0.00183103
-0.00663322
-0.0133632
-0.0222013
-0.0302595
-0.0211238
-0.0379712
-4.90275
-2.70999
2.18382
1.28526
)
;

boundaryField
{
    frontandback
    {
        type            empty;
    }
    walls
    {
        type            zeroGradient;
    }
    diamond
    {
        type            zeroGradient;
    }
    inlet
    {
        type            zeroGradient;
    }
    outlet
    {
        type            fixedValue;
        value           uniform 0;
    }
}


// ************************************************************************* //
