/*--------------------------------*- C++ -*----------------------------------*\
  =========                 |
  \\      /  F ield         | OpenFOAM: The Open Source CFD Toolbox
   \\    /   O peration     | Website:  https://openfoam.org
    \\  /    A nd           | Version:  10
     \\/     M anipulation  |
\*---------------------------------------------------------------------------*/
FoamFile
{
    format      ascii;
    class       volScalarField;
    location    "8.5";
    object      p;
}
// * * * * * * * * * * * * * * * * * * * * * * * * * * * * * * * * * * * * * //

dimensions      [0 2 -2 0 0 0 0];

internalField   nonuniform List<scalar> 
6397
(
4.00673
3.65385
-1.24844
-0.651269
-0.729792
-1.3627
6.3549
2.26601
-18.1347
-14.9743
6.87398
3.47829
-0.184076
-0.107589
-0.169694
-9.44203
-7.66337
-8.37795
12.5081
12.2079
11.621
-16.8869
-17.7096
-18.0785
-0.0610995
-0.00638406
0.0257467
-2.57798
-2.43529
-3.81123
-3.76505
0.653963
0.360742
-0.140742
1.38488
1.2709
1.13509
0.952533
1.47399
1.50972
1.49439
1.41463
-3.69375
-3.51843
-4.48184
-2.11579
-2.04278
-2.9094
1.43292
1.37931
1.35488
1.24281
1.32073
5.26568
4.88026
2.48524
2.52041
0.848058
-2.14074
-1.86357
-2.55826
-3.05876
-3.56958
-3.9587
-4.08103
-4.07955
-3.7412
-3.20818
-1.84536
-1.74317
-1.54051
-2.32175
-2.94915
-3.68531
-4.41403
-5.00349
-5.37491
-5.0635
-4.48584
-3.74028
-1.39037
-1.78572
-2.664
-2.99954
-1.35534
-1.95085
-2.26546
-2.42947
-1.40042
-2.19098
-2.05847
-2.07804
-1.47461
-1.52627
-2.05074
-1.91865
-0.70759
-0.699105
-0.680735
-0.944608
-0.788525
-1.66543
-1.22703
-3.06019
-2.2783
-4.87262
-3.97422
-5.85314
-5.56644
-4.86908
-5.57622
-3.03342
-3.94001
-1.86072
-2.32675
-1.58799
-1.91872
-2.01589
-1.86651
-2.47455
-2.13485
-3.00383
-2.79919
-2.85952
-2.93794
-2.28338
-2.58275
-1.80908
-1.99008
-1.86105
-1.75548
-2.54764
-2.13989
-3.49293
-3.06019
-1.49732
-2.58228
-0.645957
-1.46354
-1.92735
-1.84727
-2.36988
-2.32425
-1.47665
-0.899583
-0.818926
-5.02428
-0.0427478
0.0266898
-4.86686
-2.23602
-0.131201
-0.0726278
-0.484311
-0.255012
-1.3369
-0.838865
-2.89643
-2.02133
-4.90038
-3.90824
-5.90892
-5.63823
-4.82016
-5.60398
-2.7918
-3.79132
-1.44504
-1.99933
-1.09693
-1.48143
-1.57439
-1.70066
-1.54349
-1.96908
-1.88426
-1.83233
-1.96037
-1.50794
-1.68596
-1.44335
-1.43138
-1.94271
-1.61384
-3.09596
-2.43534
-4.51966
-3.8398
-4.90556
-1.37924
-2.48846
0.114414
-0.551507
-3.06958
-2.96785
-2.10549
-0.303251
-0.176167
-0.831068
-1.62707
-2.87449
-4.16442
-4.0722
-3.39563
-4.45777
0.139117
0.615888
0.626139
-5.79178
-5.99883
-2.62702
0.480854
0.524411
0.347528
0.428272
-0.054828
0.199495
-0.925194
-0.419849
-2.49265
-1.61728
-4.50081
-3.51705
-5.45559
-5.22283
-4.35739
-5.14018
-2.32366
-3.33315
-0.923831
-1.51469
-0.542183
-1.53742
-2.06282
-1.02098
-1.20502
-0.986712
-0.968948
-1.06243
-1.05199
-0.963067
-1.03106
-0.867715
-0.895703
-1.10791
-0.930524
-1.93425
-1.44118
-3.47168
-2.61944
-5.25292
-4.39963
-5.82389
-1.29842
-2.29254
-0.494349
-0.108893
-3.85286
-2.46266
-5.67681
-5.59905
-0.915707
-1.88924
0.113075
0.558802
-2.97739
-3.86536
-6.45792
-6.19915
0.999253
0.953871
-0.0934643
-0.120689
-1.04036
-5.27175
-3.24151
0.884142
0.924648
0.736432
0.822038
0.336936
0.568645
-0.466125
-0.00349789
-1.89977
-1.09935
-3.74252
-2.83768
-4.59008
-4.39586
-3.57063
-4.27824
-1.71722
-2.64098
-0.386169
-0.952347
0.237022
-0.000788915
0.487843
0.392852
0.558271
0.537833
-2.43995
-5.20676
-3.60618
-1.11333
-1.64183
-0.542127
-0.77003
-0.369689
-0.42716
-0.306613
-0.341514
-0.228637
-0.265863
-0.29609
-0.230623
-0.739731
-0.457589
-1.7818
-1.17603
-3.5666
-2.58977
-5.60946
-4.64624
-6.25891
-1.1956
-2.06772
-0.466004
-7.54444
-7.10616
-0.145872
0.580963
-5.01098
-2.9752
0.889297
-4.53818
-6.43845
-6.13577
-7.2307
-2.20087
-8.83116
-9.22157
-1.15698
-0.140556
0.615078
-5.57506
-4.06484
1.19336
1.1171
1.17947
1.1742
1.2026
1.03139
1.12316
0.67905
0.883625
-0.00228778
0.385183
-1.20153
-0.53523
-2.73741
-1.98758
-3.41965
-3.2695
-2.54978
-3.1448
-1.03006
-1.79029
0.103293
-0.387003
0.682532
0.448023
0.930607
0.827905
1.04963
0.995443
1.10538
1.09695
-4.29309
-7.5214
-5.98198
-1.83365
-2.87728
-0.627391
-1.12129
-0.0834537
-0.306744
0.149777
0.0585358
0.282608
0.219694
0.358429
0.33136
0.216833
0.324796
-0.327953
0.00493802
-1.47807
-0.817701
-3.37035
-2.3437
-5.51604
-4.50419
-6.21448
-9.71252
-8.29454
0.645065
1.10638
-4.75202
-5.40455
-3.6846
-3.81273
-2.50039
-3.19262
-1.09284
-1.78583
0.033896
-0.477046
0.764797
0.439435
1.01465
-6.29554
-3.5501
-8.64492
-2.4663
-10.0602
-1.18266
-7.70849
-9.08121
-0.0722236
1.08577
0.64913
1.27711
1.17993
-4.97998
1.32978
1.33297
1.37356
1.38202
1.25527
1.33502
0.967467
1.13622
0.415757
0.729368
-0.530223
-0.0098172
-1.68176
-1.12791
-2.15852
-2.0634
-1.48546
-1.94096
-0.346583
-0.916337
0.529635
0.143306
1.00975
0.812846
1.22915
1.1414
1.34737
1.29428
1.38677
1.40946
1.341
1.37384
-5.59325
-5.61183
-6.18778
-3.05087
-4.38274
-1.10659
-1.94169
-0.137522
-0.542409
0.346703
0.144453
0.580336
0.485074
0.722704
0.653557
0.807875
0.78028
0.655059
0.771342
0.0940697
0.433646
-1.05899
-0.402389
-2.91268
-1.91214
-4.96897
-3.9995
-5.89513
-5.66636
-4.77321
-5.53865
-3.8081
-2.83504
-2.58821
-2.87017
-2.08596
-2.53
-1.06055
-1.57963
-0.113734
-0.560549
0.581485
0.267206
-6.2108
-4.39367
1.01945
1.27309
1.01183
0.832158
-7.38348
-4.02948
-9.30927
-2.56786
-9.4729
-1.11192
-7.45066
0.00416869
-2.98422
-4.41931
0.602352
1.19109
0.895535
-1.40944
-1.71369
-0.581413
1.10665
1.54428
1.45575
1.10643
0.782474
0.945057
-5.7452
1.37076
1.30261
1.47019
1.46613
1.50018
1.51121
1.41609
1.47744
1.19007
1.32335
0.759538
1.00267
0.0731232
0.445148
-0.706734
-0.335387
-1.00944
-0.954535
-0.550239
-0.857428
0.236721
-0.161882
0.871885
0.588763
1.23746
1.08573
1.41987
1.34546
1.52266
1.48153
1.60365
1.52983
1.62901
1.63612
1.59741
-3.14317
-2.31803
-3.40248
-3.40677
-1.75657
-2.68002
-0.423046
-1.00712
0.315299
0.000208321
0.721639
0.54726
0.929441
0.844762
1.04623
0.989116
1.124
1.10145
0.992385
1.09429
0.479065
0.791547
-0.578113
0.0235305
-2.25102
-1.34621
-4.09355
-3.21831
-4.87485
-4.7011
-3.85323
-4.56237
-2.93832
-1.75201
-1.28001
-2.09296
-2.00933
-1.7906
-2.005
-1.12375
-1.48237
-0.361041
-0.740549
0.294761
-0.0129056
0.562587
-7.8772
-4.23184
-8.85828
-2.44395
-7.88967
-0.958171
-5.4721
0.0346099
-2.79001
0.488931
0.094688
-0.713702
0.717102
1.3143
1.02134
0.900174
0.632393
1.22822
1.12797
1.47828
1.40576
0.430364
0.653482
1.20269
1.02883
-6.07698
1.44922
1.36969
1.55224
1.52678
1.57633
1.5745
1.51928
1.55692
1.34871
1.44683
1.03577
1.20866
0.574361
0.820921
0.0913569
0.316679
-0.056551
-0.0309826
0.219424
0.0442238
0.695058
0.448153
1.13105
0.932556
1.40235
1.2881
1.56199
1.49105
1.68863
1.6285
1.79835
1.75041
1.80181
1.82032
1.66722
1.7465
1.56753
0.0651259
0.516878
-1.18695
-0.530686
-1.60232
-1.58392
-0.670653
-1.19497
0.160314
-0.214093
0.681853
0.451631
1.00548
0.860809
1.1845
1.11071
1.26996
1.22963
1.32595
1.30656
1.22589
1.30468
0.797515
1.05999
-0.0992258
0.413056
-1.51073
-0.745799
-3.02857
-2.30576
-3.67149
-3.51123
-2.80831
-3.40257
-2.03439
-0.175658
0.279203
-0.983868
-0.601448
-1.51159
-1.29792
-1.57276
-1.59978
-1.25919
-1.45039
-0.728914
-1.01272
-0.120048
-0.424434
0.167297
-7.53581
-4.05602
-7.49599
-2.1562
-5.9322
-0.792706
-3.68363
-0.033314
-1.53388
0.315476
0.0335938
0.499055
1.47283
1.03215
0.873471
1.32398
0.948298
0.80686
-5.81742
1.2916
0.928221
1.10347
1.49819
1.38961
1.58657
1.52933
1.61598
1.59631
1.57235
1.59868
1.44386
1.51782
1.22531
1.34659
0.929579
1.08474
0.671728
0.78589
0.641532
0.61776
0.7895
0.705343
1.03371
0.90175
1.31898
1.18072
1.52502
1.43516
1.65306
1.59318
1.75351
1.70685
1.8035
1.77703
1.79043
1.80352
1.75737
1.77523
1.67529
1.72325
1.55545
1.62116
1.56118
1.80138
1.70744
1.11832
1.38597
0.220072
0.710269
-0.210264
-0.115261
0.206976
-0.043447
0.635707
0.434752
0.963566
0.809488
1.19993
1.08855
1.35448
1.28734
1.41708
1.3911
1.44815
1.43551
1.37316
1.43262
1.03978
1.24601
0.328527
0.736292
-0.777577
-0.181754
-1.93559
-1.38708
-2.40646
-2.29906
-1.75489
-2.21413
-0.503979
-1.13148
-0.00484937
0.322876
0.928288
0.655763
-0.388829
-0.0263918
-1.03762
-0.744684
-1.39659
-1.25261
-1.45881
-1.46691
-1.19671
-1.36898
-0.633827
-0.941377
0.0228161
-0.304577
0.564496
0.319975
1.63427
1.83697
1.18483
1.48675
-6.47093
-3.56654
0.740077
-5.78145
-1.82579
1.02157
0.395155
0.791041
-4.16133
-0.714474
-2.32511
-0.215333
-0.630445
0.0524715
0.583009
0.26783
1.30191
0.631701
1.81841
1.69363
0.791168
1.04058
1.43016
-5.06563
1.31901
1.15581
1.49012
1.39835
1.57381
1.5314
1.60445
1.59607
1.57276
1.59995
1.49007
1.53937
1.36316
1.43221
1.19983
1.28441
1.06136
1.12091
1.07153
1.04496
1.1621
1.12004
1.26497
1.20587
1.44216
1.34694
1.60486
1.52844
1.72138
1.66394
1.82438
1.77252
1.89467
1.86969
1.9057
1.90784
1.84911
1.88698
1.7363
1.78994
1.67292
1.70233
1.61122
1.64026
1.98909
1.89067
1.95078
1.96471
1.9929
1.75586
1.89066
1.15815
1.49582
0.738623
0.892959
0.8461
0.752476
1.04977
0.94955
1.21553
1.13603
1.34574
1.2804
1.4559
1.40392
1.50693
1.48886
1.5186
1.51639
1.45927
1.50478
1.21464
1.36852
0.683763
0.989369
-0.128884
0.306898
-0.965132
-0.571113
-1.28849
-1.22216
-0.808636
-1.15701
0.0779507
-0.372611
0.445957
1.16844
1.29986
0.739203
0.98246
0.0993755
0.436202
-0.62243
-0.26071
-1.29333
-0.972659
-1.73366
-1.55596
-1.75113
-1.80577
-1.25533
-1.56301
-0.439383
-0.862864
-0.0145064
1.75437
1.80141
1.39934
1.62165
-5.1264
-2.96546
1.11588
1.04134
-4.22679
-1.58005
-2.84332
-0.804108
-1.37719
-0.499808
0.0130286
-0.318306
0.957931
-0.0186334
1.44626
0.279632
1.67423
0.642993
1.66831
1.62147
0.978654
1.67736
1.52268
1.49342
1.4974
1.42163
1.68225
-4.12836
1.31847
1.19334
1.46764
1.38423
1.55208
1.51033
1.58423
1.5766
1.57806
1.5905
1.53913
1.5652
1.46723
1.50722
1.36908
1.41825
1.30254
1.32672
1.32779
1.30406
1.39052
1.36414
1.43417
1.41013
1.53183
1.47533
1.6495
1.59083
1.7523
1.70077
1.83767
1.7971
1.89131
1.87002
1.89946
1.89946
1.88831
1.89636
1.845
1.87043
1.77849
1.81315
1.7277
1.74548
1.78221
1.73977
1.92045
1.81345
2.05983
1.99924
2.14238
2.10897
2.09133
2.15022
1.69039
1.92371
1.3235
1.48846
1.25053
1.25716
1.31341
1.27329
1.40861
1.3591
1.48665
1.44952
1.54469
1.51735
1.57208
1.56449
1.55859
1.57231
1.50622
1.54431
1.33062
1.44085
0.952785
1.17119
0.377841
0.685479
-0.190569
0.0742426
-0.398183
-0.353273
-0.0765881
-0.295458
0.520594
0.213899
0.986583
0.781268
1.13762
1.38973
1.46682
1.06051
1.25854
0.497301
0.804974
-0.331027
0.114987
-1.28043
-0.806422
-2.07181
-1.71657
-2.36599
-2.3025
-1.92315
-2.23912
-0.914531
-1.45049
0.22935
-0.324568
0.898942
0.611864
-3.92428
-2.46449
1.85056
1.7722
1.04568
0.766114
0.866684
1.85389
1.89493
-3.09621
-1.51646
-1.97802
-1.08414
-0.732699
-0.910058
0.447107
-0.828432
1.1573
-0.441664
1.47912
-0.158982
1.58959
0.472722
1.34963
1.38879
1.21841
1.15593
1.43992
1.04956
1.28798
0.546907
1.33912
0.618535
-3.30425
1.19393
1.14162
1.31072
1.24501
1.43805
1.37621
1.52424
1.48661
1.56745
1.55417
1.5768
1.58159
1.55388
1.5741
1.50925
1.53504
1.46809
1.48659
1.45678
1.45674
1.48554
1.46622
1.52751
1.50824
1.55072
1.53906
1.60358
1.57127
1.68586
1.64234
1.77304
1.72859
1.85442
1.81464
1.90524
1.8842
1.91852
1.91595
1.90064
1.91409
1.86881
1.88311
1.85055
1.86046
1.82231
1.83384
1.82832
1.6849
1.54351
1.92124
1.81184
2.08651
2.00942
2.212
2.156
2.21608
2.24244
1.93018
2.10487
1.6357
1.72064
1.51897
1.56286
1.49145
1.49739
1.51799
1.49931
1.56717
1.54186
1.60392
1.5885
1.61457
1.61377
1.59026
1.60826
1.53236
1.56904
1.39755
1.47897
1.13044
1.28404
0.741008
0.947802
0.380548
0.545642
0.264939
0.284727
0.466057
0.331155
0.821431
0.637527
1.12427
0.981395
1.23769
1.59327
1.56605
1.54286
1.58951
1.31066
1.45423
0.790625
1.09907
-0.150842
0.363108
-1.32177
-0.720659
-2.4247
-1.9088
-2.97811
-2.80219
-2.59047
-2.90999
-1.39846
-2.05614
-0.0111443
-0.673509
0.402164
1.53103
0.729866
1.92047
1.93693
-3.08702
-2.20181
-2.40444
-1.69358
-1.45102
-1.55594
1.88038
-0.321916
-1.53675
0.674935
-1.49424
1.21643
-1.07344
1.03726
1.12913
0.979294
0.859572
1.39181
-0.600352
0.940348
1.39647
0.346366
1.06211
1.20872
1.21584
0.6816
1.46942
1.54384
1.962
1.96489
1.47396
-2.76948
1.04245
0.823372
0.920277
1.2017
1.13737
1.30689
1.2638
1.40919
1.36131
1.48633
1.45161
1.53373
1.51521
1.5539
1.54822
1.55595
1.55944
1.54621
1.55358
1.53336
1.5389
1.53932
1.53083
1.57109
1.55067
1.60558
1.58994
1.62185
1.61484
1.65463
1.63457
1.71412
1.68202
1.78402
1.74848
1.85117
1.81884
1.89972
1.8798
1.92101
1.91277
1.92182
1.92498
1.9011
1.9128
1.87967
1.8893
1.87676
1.87483
1.90142
1.88489
1.95261
1.92659
1.96213
1.96953
1.96901
1.42802
1.28174
1.68817
1.56252
1.91003
1.80456
2.0821
2.00104
2.20749
2.15138
2.22829
2.23881
2.04172
2.15786
1.80487
1.90782
1.67227
1.72622
1.6235
1.64184
1.61257
1.61565
1.61832
1.61493
1.625
1.62278
1.62303
1.62585
1.59891
1.61348
1.53937
1.57251
1.42668
1.4905
1.23389
1.34087
0.97642
1.10817
0.758779
0.853627
0.696307
0.70427
0.804361
0.739436
0.996064
0.901543
1.1957
1.10495
1.35598
1.2818
1.41983
1.66849
1.62106
1.67833
1.68844
1.50953
1.62784
0.964066
1.29544
-0.0320464
0.513977
-1.36467
-0.668402
-2.70918
-2.06734
-3.46207
-3.20058
-3.12542
-3.4391
-1.83753
-2.55873
-0.386929
-1.06979
0.261332
0.0566215
0.479012
-2.63543
-2.22253
1.95114
1.98215
1.97653
-2.06353
-2.14218
1.69681
-1.19533
-2.26773
-0.142506
-2.49075
1.92796
0.834817
0.966855
0.862098
0.703261
0.707108
-2.38937
0.68527
1.17684
-1.89045
1.92495
1.95138
0.721957
1.1941
-0.870521
0.801081
1.14953
0.439448
0.964821
0.892396
0.788731
0.847981
0.656046
1.43617
1.4328
0.769197
-2.56694
1.03619
0.959207
1.17928
1.11325
1.29103
1.24208
1.38442
1.34124
1.46004
1.4244
1.51116
1.48764
1.53997
1.52751
1.54961
1.54731
1.55049
1.55094
1.55852
1.55294
1.58145
1.56815
1.61544
1.59824
1.64393
1.63091
1.66093
1.65326
1.68745
1.67199
1.73473
1.70925
1.79205
1.76284
1.84853
1.82107
1.89262
1.87377
1.91521
1.9059
1.92228
1.92076
1.92033
1.92169
1.91089
1.91686
1.90826
1.90595
1.93178
1.91748
1.96329
1.94787
1.97652
1.20839
1.08454
1.45797
1.33393
1.6861
1.57517
1.8895
1.79148
2.05262
1.97635
2.16734
2.11609
2.19068
2.19595
2.06823
2.14444
1.89769
1.9782
1.77231
1.82857
1.69241
1.728
1.6576
1.6703
1.65302
1.65441
1.6487
1.65264
1.63275
1.64249
1.59993
1.61772
1.53787
1.57097
1.43722
1.49045
1.28722
1.36515
1.1101
1.1943
0.976335
1.03111
0.938654
0.945326
0.999383
0.96249
1.10785
1.05185
1.23314
1.17103
1.34187
1.29287
1.40102
1.58484
1.42479
1.49007
1.70206
1.65586
1.75113
1.73655
1.62523
1.72666
1.09086
1.4174
0.0748434
0.642718
-1.35996
-0.606318
-2.85462
-2.13424
-3.73952
-3.42033
-3.43961
-3.74642
-2.1431
-2.86554
-0.769326
-1.40035
0.0711455
-0.256843
0.372221
1.9154
1.96364
-2.51751
-2.53601
1.43624
-2.02159
-2.91318
0.774814
0.93099
0.871956
0.698397
-1.20476
-3.34554
1.8594
0.59215
-0.191457
-3.83616
0.520191
0.619342
-3.59035
1.86419
1.94188
0.507176
1.00691
-2.63481
1.90028
0.532968
0.906705
-0.709404
0.683235
0.870542
0.828116
1.38682
1.87721
1.95095
-2.68005
0.929106
0.863895
0.886083
1.04088
0.985858
1.15733
1.09977
1.26549
1.21546
1.35609
1.31438
1.42753
1.39432
1.48138
1.45612
1.5177
1.50005
1.54049
1.52976
1.55637
1.54893
1.57235
1.56405
1.59837
1.58331
1.63173
1.61366
1.66234
1.64831
1.68185
1.67286
1.70611
1.69263
1.74601
1.72473
1.79496
1.76995
1.84423
1.8201
1.88395
1.86579
1.90901
1.898
1.92081
1.91634
1.92589
1.9237
1.92777
1.92703
1.93341
1.92934
1.95163
1.94093
1.97555
1.96373
1.99848
1.98784
2.0059
2.00329
1.9433
2.02414
2.01206
1.07803
0.997106
1.27468
1.17277
1.48426
1.37926
1.68186
1.58472
1.86397
1.77583
2.01146
1.94302
2.11004
2.0682
2.13541
2.13496
2.05864
2.10787
1.92329
1.99467
1.80627
1.85962
1.73647
1.76656
1.69746
1.71461
1.67395
1.68492
1.65395
1.66451
1.62831
1.64241
1.59078
1.61135
1.52869
1.56248
1.43775
1.48645
1.31599
1.3798
1.18701
1.24945
1.09802
1.13579
1.07384
1.07769
1.10662
1.07994
1.17284
1.12613
1.24964
1.20059
1.32013
1.28585
1.36726
1.35818
1.38497
1.59469
1.51226
1.7203
1.65571
1.83045
1.78649
1.70226
1.81289
1.17463
1.49386
0.153551
0.727274
-1.28564
-0.529983
-2.7992
-2.06648
-3.71484
-3.37969
-3.46708
-3.74568
-2.26851
-2.93818
-0.953982
-1.51828
0.0772552
-0.319718
0.636202
0.385911
0.814583
0.752382
0.851658
-2.69931
-3.19991
0.848723
1.42718
0.814564
0.628138
-2.26254
-4.07163
2.03332
1.94127
1.69018
0.493427
-1.43814
-4.91963
1.84629
0.372131
-0.374125
-5.47316
1.79627
1.92478
0.295228
0.475288
-4.78024
1.81626
0.278181
0.692511
-2.74565
1.8901
0.367896
0.590604
0.0161863
0.52032
2.03255
2.09529
2.07149
0.773656
0.77773
-3.1122
0.881659
0.851265
0.867973
0.943653
0.907053
1.04335
0.994173
1.14309
1.09415
1.2425
1.19443
1.33003
1.28826
1.40112
1.36683
1.45546
1.4292
1.49537
1.47578
1.52349
1.50959
1.547
1.53507
1.57302
1.55977
1.60183
1.58762
1.63643
1.61964
1.66591
1.65197
1.68936
1.67818
1.71501
1.70145
1.75094
1.73214
1.79324
1.77165
1.83695
1.81535
1.87337
1.8562
1.89958
1.88751
1.91598
1.90866
1.9274
1.92204
1.93579
1.93171
1.94776
1.94079
1.96736
1.9568
1.98954
1.97828
2.01676
2.00235
2.04435
2.03091
2.07995
2.0604
2.09553
0.974827
0.938446
0.938747
1.06205
1.01765
1.17356
1.11064
1.33203
1.24794
1.50494
1.41791
1.67664
1.59096
1.83577
1.75991
1.96453
1.90449
2.05161
2.01418
2.07698
2.07363
2.02118
2.05784
1.92168
1.97452
1.82975
1.87295
1.75939
1.79255
1.7095
1.7317
1.67878
1.69259
1.6528
1.66605
1.62214
1.63824
1.58064
1.6033
1.51995
1.55285
1.43791
1.4816
1.33842
1.39004
1.2401
1.28737
1.17317
1.20182
1.14913
1.15631
1.16106
1.15048
1.19563
1.17479
1.24447
1.21944
1.2928
1.27342
1.32686
1.3128
1.34107
1.33264
1.5729
1.50712
1.73175
1.64857
1.83204
1.79771
1.69763
1.80384
1.19665
1.50266
0.207226
0.761106
-1.15636
-0.443713
-2.5647
-1.88613
-3.40041
-3.09669
-3.14096
-3.41379
-2.02101
-2.64577
-0.740999
-1.3505
0.225051
-0.18154
0.677711
0.489409
0.812506
0.760946
0.836682
0.576971
-3.18744
-4.30488
2.02134
2.01976
2.04987
1.19213
0.834052
1.94303
1.40823
0.403752
-2.73348
-5.62626
1.8287
0.239826
-1.74067
-6.81992
1.73655
1.88081
0.102194
-0.571636
-6.79793
1.71188
0.0247446
0.28318
-4.94643
1.8991
1.77993
0.0405021
0.345003
-1.9108
0.0682691
0.247978
1.00958
0.641169
0.569914
-3.92684
0.887139
0.869873
0.950948
0.915964
1.03948
0.993914
1.13217
1.08583
1.22244
1.17736
1.30519
1.26445
1.374
1.34041
1.43016
1.40296
1.47401
1.45262
1.50807
1.49151
1.53687
1.52276
1.56557
1.55128
1.5976
1.58172
1.63298
1.6158
1.66428
1.64948
1.68974
1.67758
1.71617
1.70236
1.75003
1.73242
1.78864
1.76907
1.82778
1.80847
1.86206
1.84549
1.8891
1.87636
1.90892
1.89959
1.92512
1.91715
1.94039
1.93285
1.95588
1.94775
1.97803
1.96615
2.00278
1.99035
2.03478
2.01702
2.07822
2.05617
2.11684
2.09956
2.11612
2.12455
1.97549
2.02228
2.1192
2.10201
1.10271
1.08843
1.07697
1.17202
1.13804
1.25515
1.20854
1.38124
1.31407
1.52259
1.45092
1.66873
1.596
1.80786
1.7411
1.92076
1.86802
1.99351
1.96288
2.01512
2.01102
1.9803
2.0039
1.90601
1.95204
1.82476
1.86413
1.76002
1.79022
1.71342
1.73477
1.67932
1.69557
1.648
1.66372
1.61328
1.63114
1.56941
1.59247
1.51144
1.54208
1.43798
1.47651
1.35517
1.39767
1.27652
1.31425
1.22096
1.24478
1.19405
1.20331
1.19147
1.18976
1.20745
1.19846
1.23533
1.22419
1.26453
1.25477
1.28495
1.2753
1.27934
1.28242
1.38003
1.28467
1.52241
1.45559
1.6961
1.60589
1.79435
1.76613
1.64466
1.75743
1.13996
1.44311
0.215979
0.725757
-0.989363
-0.367463
-2.17107
-1.60907
-2.83037
-2.59884
-2.5546
-2.81713
-1.52345
-2.09451
-0.359349
-0.920352
0.443786
0.116244
0.764231
0.636474
0.823676
0.799629
0.832412
1.95753
0.80858
0.329031
-3.94415
-5.74612
0.818873
1.15273
1.83337
0.12234
-3.23181
-7.3627
0.762657
2.08393
2.17267
1.69968
0.987768
0.820978
1.81503
-0.0718563
-1.91312
-8.17132
1.6166
-0.218043
-0.685599
-6.73449
1.9569
1.63614
-0.29967
-0.0129788
-3.46108
1.79184
-0.377721
-0.0320478
-0.173898
1.9089
1.95072
-0.189585
1.998
0.378239
0.298764
-5.05869
0.886458
0.855461
0.952497
0.916911
1.03236
0.990279
1.11906
1.07489
1.20382
1.16167
1.28228
1.24349
1.34979
1.31679
1.40614
1.37897
1.4522
1.43012
1.49025
1.47199
1.52415
1.50763
1.55709
1.54095
1.5906
1.57415
1.62449
1.60796
1.65641
1.64089
1.68523
1.67124
1.71345
1.69906
1.74528
1.72896
1.78094
1.76277
1.81717
1.79939
1.84995
1.83391
1.87769
1.86442
1.89997
1.88923
1.9199
1.90992
1.94031
1.93008
1.96027
1.95019
1.98563
1.97205
2.01439
2.00002
2.05095
2.03072
2.10378
2.076
2.14321
2.12919
2.14636
2.1467
2.18301
2.15329
1.25857
1.14097
1.36369
1.21395
1.27202
1.21278
1.19849
1.26406
1.23767
1.32466
1.29002
1.42376
1.37037
1.54007
1.48089
1.66406
1.60121
1.78305
1.72487
1.87746
1.83427
1.93812
1.91192
1.95939
1.95436
1.93144
1.95142
1.87287
1.89835
1.81022
1.84151
1.7551
1.78167
1.70934
1.73109
1.67249
1.69016
1.63873
1.65556
1.6017
1.62062
1.55793
1.58044
1.5032
1.53175
1.43737
1.47137
1.36628
1.4021
1.29981
1.33158
1.2497
1.27204
1.21966
1.23227
1.20758
1.21252
1.2101
1.20945
1.22178
1.21835
1.23556
1.23014
1.24087
1.23716
1.21357
1.23087
1.1338
1.17526
1.28828
1.13262
1.20015
1.45677
1.37267
1.62505
1.54762
1.65679
1.66578
1.47185
1.59347
0.9921
1.27509
0.175188
0.619739
-0.821869
-0.31668
-1.71207
-1.30178
-2.11632
-1.99775
-1.77798
-2.0418
-0.874892
-1.36135
0.0588474
-0.384311
0.645133
0.41921
0.842825
0.768555
0.839996
0.84283
0.810815
0.828919
0.783682
1.86377
0.0272791
-4.6893
-7.14605
0.798319
2.23382
1.0898
1.69927
1.83653
1.7902
1.18524
1.03654
1.5941
-0.239577
-3.41503
-8.49735
1.55254
-0.457947
-1.89966
-7.88992
2.05437
1.89086
1.49252
-0.641744
-0.815328
-4.78528
1.6055
-0.789397
-0.460708
-0.951623
1.89382
-0.711527
-0.558706
2.16524
0.0401912
0.578196
0.274081
2.07656
-0.0285829
-6.06989
0.875142
0.837831
0.946997
0.911569
1.02311
0.984031
1.1049
1.06334
1.18591
1.14549
1.26111
1.22385
1.32753
1.29494
1.38425
1.3568
1.43218
1.40915
1.47285
1.45329
1.50943
1.49162
1.54465
1.5273
1.5801
1.56262
1.61482
1.59798
1.64703
1.63144
1.67666
1.66211
1.7064
1.69131
1.73807
1.72208
1.77144
1.75458
1.80514
1.78815
1.83685
1.82126
1.86517
1.85139
1.8896
1.8777
1.91293
1.9011
1.93691
1.92496
1.96106
1.94867
1.99066
1.97511
2.02392
2.00702
2.06534
2.04296
2.12022
2.09213
2.15977
2.14341
2.17967
2.1693
2.23502
2.20103
2.29827
2.342
2.2824
2.24437
1.39908
1.30358
1.45278
1.55157
1.48102
1.32371
1.37498
1.30684
1.30278
1.33981
1.32206
1.38324
1.35842
1.46077
1.41822
1.55511
1.50712
1.65718
1.60514
1.75778
1.70895
1.83682
1.80046
1.88905
1.86644
1.90681
1.90276
1.88592
1.90067
1.84224
1.86461
1.79112
1.81728
1.74155
1.7658
1.69858
1.71924
1.66212
1.67976
1.62723
1.64466
1.58956
1.6086
1.54621
1.56846
1.4945
1.52128
1.43484
1.46548
1.37238
1.40348
1.31425
1.34202
1.26706
1.28868
1.23405
1.24912
1.21457
1.22367
1.20655
1.2108
1.20596
1.20701
1.20595
1.20634
1.19404
1.20063
1.15783
1.18061
1.08462
1.12485
1.03927
1.08643
0.985825
1.0417
1.20766
1.13933
1.37267
1.28913
1.4877
1.44437
1.45576
1.49161
1.23667
1.37473
0.763781
1.03203
0.0734238
0.438233
-0.672981
-0.306073
-1.24328
-0.995911
-1.39057
-1.38241
-1.003
-1.25887
-0.253864
-0.647672
0.427842
0.116597
0.794155
0.663149
0.89
0.859297
0.851025
0.875179
0.783016
0.817315
0.735787
0.755158
1.73584
0.85721
-0.109996
0.307966
0.614737
1.431
-0.367238
-0.381482
-4.93677
-7.97388
1.53369
-0.713303
-3.19901
-8.01039
2.37285
2.40928
2.1574
1.97678
2.25903
2.18151
1.53043
1.61356
0.919184
0.934655
0.875887
0.718229
0.714673
0.688715
1.37941
-0.978375
-1.8746
-5.96752
1.62641
1.67915
1.38057
-1.19036
-1.11677
-2.16714
2.09016
1.6588
-0.621881
-0.0909373
-1.25229
-1.07969
1.29196
-1.24
-0.443172
-6.28075
0.783334
0.748909
0.859754
0.820989
0.935981
0.898517
1.01199
0.973565
1.09064
1.05091
1.16844
1.1297
1.24131
1.20547
1.30672
1.27472
1.36378
1.33607
1.41321
1.3893
1.45613
1.43533
1.49506
1.47604
1.53183
1.51379
1.5679
1.55014
1.60296
1.58577
1.63634
1.62003
1.66712
1.65206
1.69704
1.68201
1.72817
1.71243
1.76048
1.74426
1.79266
1.7766
1.82346
1.8083
1.85198
1.83791
1.87843
1.86539
1.90478
1.89137
1.93167
1.91832
1.95959
1.94504
1.99354
1.97597
2.03099
2.01173
2.07775
2.05275
2.13434
2.10603
2.17752
2.15842
2.21713
2.19567
2.27849
2.24355
2.37808
2.32325
2.32401
1.39158
1.15517
1.27566
1.55348
1.48049
1.66241
1.61113
1.41624
1.46279
1.3888
1.39284
1.4027
1.39376
1.43258
1.41464
1.49201
1.45902
1.56794
1.52902
1.6505
1.60843
1.73378
1.69297
1.80102
1.77015
1.84341
1.82538
1.8587
1.85456
1.84475
1.85512
1.80956
1.82852
1.76681
1.78872
1.7239
1.7451
1.68467
1.70381
1.6492
1.66657
1.61413
1.63163
1.57661
1.59559
1.53422
1.55597
1.48538
1.51059
1.43103
1.45879
1.37487
1.4028
1.32174
1.34742
1.27612
1.29763
1.24091
1.25758
1.21596
1.22796
1.19964
1.20766
1.18811
1.19398
1.17494
1.18197
1.15168
1.16423
1.10958
1.13336
1.03736
1.07782
0.988327
1.03113
0.974987
1.14814
1.08857
1.26763
1.21079
1.3005
1.30327
1.16729
1.25528
0.856047
1.03292
0.412793
0.646877
-0.115084
0.153502
-0.579662
-0.365931
-0.817139
-0.735808
-0.706442
-0.809537
-0.258044
-0.51435
0.31708
0.0294198
0.752394
0.564184
0.934881
0.879704
0.937216
0.947272
0.863044
0.906968
0.766857
0.809722
0.738484
1.56955
0.982384
-0.911055
-0.917344
-4.5674
-7.18776
2.44003
2.49682
2.09339
1.70723
0.891673
0.837574
0.696638
0.660738
1.32536
-1.28599
-2.89624
-6.29189
1.74516
1.18184
-1.55203
-2.1057
-3.81967
1.41113
1.47406
2.41136
1.30306
-1.2926
-0.614296
-1.79781
-1.6256
-0.0698843
1.81769
-2.05804
-1.88793
0.791236
0.520117
-0.985004
-5.87294
0.769294
0.732997
0.844598
0.806471
0.922017
0.883213
0.998842
0.960331
1.07593
1.03736
1.15152
1.11407
1.22279
1.18783
1.28744
1.25586
1.34475
1.31691
1.39521
1.37072
1.43981
1.4181
1.48041
1.46052
1.5187
1.49986
1.5556
1.5374
1.59079
1.57349
1.62439
1.60787
1.65602
1.64047
1.68652
1.67133
1.71709
1.70175
1.74803
1.73257
1.77895
1.76347
1.80945
1.79435
1.83821
1.82401
1.86615
1.85213
1.89527
1.88048
1.92499
1.91016
1.95691
1.94022
1.99496
1.97541
2.03649
2.01506
2.08748
2.06051
2.14544
2.11664
2.1955
2.1716
2.24759
2.22018
2.31452
2.2785
2.4098
2.35858
2.50714
2.53028
2.46817
2.45076
2.48058
2.35588
2.40966
2.78458
2.22773
2.29597
1.59572
1.44715
1.52379
1.70407
1.65393
1.77526
1.74136
1.75046
1.83916
1.80821
1.59798
1.6691
1.4952
1.53928
1.45737
1.46884
1.45587
1.45431
1.47419
1.46217
1.51807
1.4932
1.57806
1.54703
1.6441
1.61043
1.7121
1.67852
1.76748
1.74222
1.80205
1.78727
1.81543
1.81154
1.80472
1.81304
1.77656
1.79205
1.74145
1.75956
1.7042
1.72287
1.66833
1.68599
1.63433
1.65112
1.59998
1.6172
1.56317
1.58186
1.52222
1.54322
1.47617
1.49989
1.42591
1.45145
1.37411
1.39985
1.32442
1.34863
1.28014
1.30152
1.24316
1.26105
1.21339
1.22782
1.18965
1.20119
1.16887
1.17931
1.14586
1.1579
1.11323
1.13108
1.06652
1.09244
0.991038
1.03284
0.942469
0.851088
0.775436
0.813196
0.962173
0.900897
1.07952
1.02512
1.12982
1.11646
1.0427
1.11015
0.785724
0.933185
0.390837
0.601457
-0.0370386
0.172196
-0.392065
-0.229715
-0.553752
-0.502676
-0.466715
-0.542169
-0.142161
-0.331749
0.337995
0.0869122
0.792997
0.580715
1.03801
0.948761
1.07404
1.07778
0.992099
1.04252
0.883038
0.94401
0.76918
0.820364
0.695273
0.73001
0.625204
0.659036
1.34529
1.35223
-1.6753
-1.55073
-3.91763
-5.7752
1.8446
1.05834
-1.96315
-3.03708
-4.72787
1.54469
2.57577
2.59414
1.79076
1.8698
2.98984
0.704996
0.7383
0.671491
0.595317
0.59081
0.555943
0.955698
0.174293
-2.3553
-2.58179
-2.44622
1.11127
1.18496
1.27362
2.16051
-2.93083
-2.30021
1.10798
-2.26541
-1.36457
-2.96066
2.14647
2.37179
2.31917
1.23832
1.09504
-1.72971
-4.88885
1.98161
0.674263
0.634896
0.752641
0.713664
0.829019
0.790742
0.906843
0.867932
0.984575
0.945697
1.0612
1.02306
1.13533
1.09866
1.2053
1.17094
1.26945
1.23812
1.32703
1.29898
1.37836
1.35342
1.4243
1.4019
1.46617
1.44565
1.5054
1.48605
1.54283
1.5244
1.57854
1.56099
1.61235
1.59573
1.64412
1.62848
1.67462
1.65944
1.70494
1.68977
1.73494
1.72005
1.76463
1.74976
1.79455
1.77959
1.82382
1.8093
1.85301
1.83824
1.88434
1.86841
1.91681
1.90047
1.95278
1.93402
1.99474
1.97319
2.04093
2.01712
2.09528
2.06692
2.15468
2.12503
2.21204
2.18343
2.27337
2.24184
2.34664
2.30793
2.43975
2.39033
2.55155
2.49384
2.53127
2.5542
2.46015
2.49821
2.41871
1.72966
1.65521
1.69588
1.791
1.7605
1.84764
1.81974
1.8893
1.868
1.9307
1.91019
1.65699
1.71891
1.56279
1.60456
1.51532
1.53349
1.50137
1.50553
1.50917
1.50257
1.53984
1.5219
1.58578
1.56169
1.63782
1.61128
1.69164
1.66498
1.73653
1.71591
1.76494
1.75286
1.77568
1.77255
1.7676
1.77391
1.74496
1.75752
1.71548
1.73079
1.68307
1.69946
1.65046
1.66665
1.61837
1.63434
1.58535
1.60202
1.54961
1.5678
1.51021
1.53044
1.46656
1.48891
1.41955
1.44335
1.37124
1.39529
1.3242
1.34736
1.28048
1.30195
1.24167
1.26063
1.20793
1.22435
1.1782
1.19274
1.14991
1.16418
1.11877
1.13496
1.07927
1.10033
1.02493
1.05459
0.949302
0.991162
0.853887
0.902786
0.799903
0.78475
0.74646
0.873281
0.824573
0.966842
0.92649
0.948962
0.97929
0.735969
0.871286
0.32435
0.551937
-0.222657
0.0564288
-0.640896
-0.466268
-0.772495
-0.741784
-0.606645
-0.726854
-0.195322
-0.425534
0.340906
0.0657145
0.848767
0.608056
1.18216
1.04294
1.28837
1.2666
1.21405
1.26567
1.05358
1.14246
0.909041
0.981506
0.780109
0.841462
0.675788
0.725521
0.630005
1.04295
1.61963
-2.77037
-2.44696
-3.75282
-4.73058
1.661
2.26205
2.04247
2.61112
1.95076
3.84851
0.704654
0.642426
0.567422
0.525073
0.70725
0.919662
-2.98173
-3.70092
-4.10168
1.26465
0.702201
2.75075
-3.65141
-3.3816
-1.99597
-0.34634
1.36525
-4.13182
-3.43226
2.20443
0.750453
2.0389
2.09266
0.65593
2.48055
2.47543
-2.78121
-4.30471
1.83136
0.652326
0.610745
0.733315
0.693134
0.812843
0.773296
0.891569
0.852146
0.969818
0.930775
1.04637
1.00833
1.11979
1.08352
1.1889
1.15497
1.25268
1.22149
1.31051
1.28232
1.36256
1.33724
1.40959
1.38664
1.45257
1.4315
1.49258
1.47287
1.5304
1.51176
1.56627
1.54859
1.60019
1.58349
1.632
1.61633
1.6622
1.64721
1.69177
1.67702
1.72083
1.70633
1.74985
1.73531
1.77901
1.7644
1.80845
1.79367
1.83907
1.82348
1.87227
1.85539
1.90745
1.88957
1.94722
1.92657
1.99265
1.96932
2.04376
2.01733
2.10179
2.07197
2.16328
2.13239
2.22664
2.19443
2.29592
2.26041
2.37479
2.33399
2.46568
2.4184
2.5715
2.51719
2.67154
2.68464
2.62788
2.6448
2.65828
2.61317
2.63017
2.57028
2.59337
2.52278
2.54595
2.49802
1.9913
2.00777
1.97607
1.98021
1.98321
1.97814
1.99941
1.98986
2.02042
2.00946
1.97035
2.04485
2.03126
1.82764
1.89797
1.70686
1.76336
1.61906
1.65814
1.56446
1.5878
1.54018
1.54919
1.53862
1.53685
1.55768
1.54583
1.59128
1.57332
1.63082
1.61063
1.67241
1.65163
1.70846
1.69175
1.73091
1.7214
1.73931
1.73681
1.73309
1.73799
1.71442
1.72488
1.68941
1.70238
1.66134
1.67566
1.63188
1.64663
1.602
1.61697
1.57043
1.58649
1.53593
1.55353
1.49818
1.51753
1.45681
1.47782
1.41251
1.43492
1.3668
1.38964
1.32153
1.34402
1.27817
1.29963
1.23795
1.25772
1.20086
1.21908
1.166
1.18327
1.1314
1.14895
1.09346
1.11308
1.04743
1.07182
0.988007
1.01964
0.912072
0.952069
0.817152
0.866975
0.76322
1.60126
-3.70225
-2.40589
0.635182
0.579049
0.605197
0.711564
0.672592
0.771932
0.743565
0.818612
0.801514
0.730545
0.80256
0.378568
0.592537
-0.23445
0.0969894
-0.924953
-0.591567
-1.31063
-1.17475
-1.22157
-1.32439
-0.722202
-1.01418
-0.0156976
-0.380034
0.683702
0.346724
1.21232
0.976025
1.47354
1.38088
1.47665
1.50278
1.32331
1.41016
1.10434
1.22174
0.923951
1.01138
0.779659
0.849053
0.654124
0.715009
0.55561
0.60004
0.48286
0.517175
0.609833
1.5926
-4.33204
-3.58784
-4.40733
-4.65389
1.40919
1.91792
0.256937
4.28854
-4.21531
-4.91149
-4.40253
2.37182
2.49453
0.65844
0.869924
2.48743
2.13592
2.72922
2.73986
1.99365
2.06235
0.453454
-5.14781
-5.02128
-2.25742
-1.04769
0.450286
0.439937
0.403674
0.513057
0.552709
0.487846
1.76138
-5.4545
0.103696
2.80078
2.50689
2.89029
2.1802
-0.0306824
-4.12328
-4.6377
1.635
0.540802
0.495308
0.63043
0.586519
0.713864
0.672371
0.79611
0.755104
0.876466
0.836417
0.955248
0.916
1.03171
0.993735
1.10475
1.06868
1.17343
1.1397
1.23706
1.20591
1.29522
1.26683
1.34784
1.3222
1.39569
1.37232
1.43957
1.41805
1.4803
1.46025
1.51843
1.49963
1.55432
1.53661
1.58811
1.57146
1.61967
1.60412
1.64949
1.6347
1.67822
1.66394
1.70611
1.69221
1.73416
1.72004
1.76276
1.74841
1.79216
1.77726
1.824
1.80764
1.85901
1.84117
1.8969
1.87746
1.94039
1.91785
1.98942
1.96429
2.04472
2.01609
2.10694
2.07518
2.17177
2.13916
2.24011
2.20515
2.31544
2.27691
2.39799
2.35582
2.48934
2.4425
2.59141
2.53913
2.6994
2.64552
2.71128
2.71977
2.69563
2.70356
2.6818
2.68766
2.6771
2.67825
2.69748
2.68082
2.73664
2.22482
2.28695
2.14763
2.18014
2.11126
2.12568
2.10005
2.10336
2.10413
2.10038
2.11776
2.10858
1.86187
1.92621
1.75033
1.80315
1.66496
1.70448
1.60564
1.63212
1.57331
1.58641
1.56324
1.56593
1.57201
1.56552
1.59447
1.58212
1.62309
1.60832
1.6542
1.63855
1.68196
1.66899
1.69949
1.69209
1.70587
1.70395
1.70084
1.70475
1.68525
1.69399
1.66401
1.67501
1.63959
1.6521
1.61307
1.62643
1.58531
1.5993
1.55536
1.57064
1.5224
1.53925
1.48635
1.50477
1.44703
1.4669
1.40484
1.42616
1.36117
1.38307
1.31731
1.33921
1.27424
1.29569
1.23268
1.25327
1.19266
1.2125
1.15349
1.17307
1.11359
1.13387
1.07001
1.09246
1.01853
1.04552
0.954976
0.988216
0.877648
0.917861
0.782463
0.832153
0.67295
0.729096
0.614412
0.565065
0.538862
0.630236
0.596385
0.675262
0.657978
0.666633
0.681511
0.489113
0.610762
-0.0115846
0.285223
-0.83086
-0.393399
-1.68464
-1.28165
-2.07028
-1.96465
-1.73319
-1.9878
-0.885941
-1.35065
0.107242
-0.385856
0.96139
0.565248
1.49501
1.2748
1.67056
1.62425
1.5843
1.65041
1.37203
1.48479
1.12994
1.25473
0.922295
1.02398
0.761863
0.83755
0.628597
0.693268
0.520528
0.569865
0.478415
-0.00122081
1.39129
-5.54947
-6.36989
-4.975
-5.93283
-5.54836
2.65293
1.55994
1.07631
1.76325
2.75197
2.12826
-0.26974
3.09381
3.26105
-5.97281
-7.10049
-5.65144
0.319874
0.339282
2.03567
0.418217
0.36896
0.395267
0.357028
0.446334
0.421909
0.525627
0.462057
0.470612
-7.89688
-8.04959
-2.9428
2.98155
-0.794566
2.56849
-4.04536
-2.25534
3.06355
-1.03865
-5.84702
-5.99801
2.77497
2.27017
1.40369
0.514387
0.466835
0.607673
0.561781
0.694749
0.651647
0.779277
0.737215
0.861405
0.820588
0.940949
0.901437
1.01753
0.979585
1.09041
1.05442
1.15888
1.12523
1.22249
1.1913
1.28095
1.25237
1.33417
1.30812
1.3828
1.359
1.42737
1.40548
1.4686
1.44828
1.50696
1.48803
1.54281
1.52511
1.5763
1.5598
1.60735
1.59207
1.63648
1.62204
1.66423
1.65047
1.69094
1.67762
1.71778
1.70425
1.74557
1.73151
1.77496
1.75994
1.80766
1.79075
1.8443
1.82549
1.88507
1.864
1.93217
1.90777
1.98515
1.95799
2.04429
2.01381
2.11029
2.07659
2.17959
2.14469
2.25256
2.21532
2.33245
2.29168
2.41821
2.3747
2.51084
2.46358
2.61125
2.56031
2.71629
2.66379
2.8016
2.81485
2.76688
2.78283
2.79186
2.77354
2.77736
2.77383
2.77248
2.7893
2.77993
2.82781
2.80456
2.91174
2.86177
2.98506
3.00498
3.11554
2.65511
2.81856
2.43248
2.52812
2.30374
2.36017
2.22968
2.26125
2.19184
2.20728
2.17922
2.18306
2.18362
2.17971
2.14198
2.20084
2.19049
2.01628
2.08022
1.89444
1.95368
1.78836
1.83903
1.70285
1.7431
1.64
1.66873
1.60143
1.61807
1.5836
1.59043
1.58306
1.58149
1.59537
1.5881
1.61434
1.6043
1.63627
1.62501
1.65688
1.64697
1.67018
1.66439
1.67487
1.67329
1.67061
1.67366
1.6577
1.66478
1.63962
1.6489
1.61825
1.62911
1.59433
1.60636
1.56859
1.58154
1.54044
1.55475
1.50918
1.52512
1.47472
1.49221
1.43733
1.45634
1.39684
1.41728
1.35489
1.37601
1.31208
1.33354
1.26909
1.2906
1.22634
1.24764
1.18394
1.20511
1.14122
1.1627
1.09679
1.11934
1.04833
1.07324
0.992182
1.02129
0.925449
0.960161
0.845536
0.88717
0.750457
0.799544
0.642797
0.697944
0.585825
0.495133
0.471068
0.547305
0.520172
0.588351
0.572741
0.534431
0.580466
0.249945
0.429792
-0.402813
-0.0233336
-1.43332
-0.88478
-2.44849
-1.98306
-2.78879
-2.73851
-2.20539
-2.59976
-1.05988
-1.67086
0.160161
-0.432204
1.11992
0.685254
1.67319
1.45149
1.80713
1.78649
1.66107
1.75574
1.39565
1.53467
1.11867
1.25689
0.893566
1.00225
0.721854
0.801207
0.590619
0.653099
0.482031
0.533318
0.43619
-0.813644
3.52421
-9.5494
-9.28681
-6.86589
-8.51297
-7.70018
3.10306
1.54563
0.676388
1.56646
0.320079
0.396911
-0.81583
-9.77986
-10.5691
-7.55466
-0.343129
-0.286041
1.87235
2.84747
2.85957
2.15927
2.21542
-2.35855
-2.05961
0.236231
0.0272592
3.4087
2.75664
-11.7864
3.87551
-14.8437
3.91122
4.2992
-8.00922
-8.64346
2.45633
1.1016
0.387503
0.28343
0.333305
0.489498
0.437871
0.585389
0.536888
0.676259
0.63061
0.763053
0.719386
0.846728
0.804826
0.927114
0.88709
1.00401
0.96589
1.07691
1.04088
1.14536
1.11165
1.20899
1.17768
1.26772
1.23878
1.32161
1.29507
1.3709
1.34663
1.41606
1.39377
1.4577
1.43712
1.49617
1.47714
1.53185
1.5142
1.5649
1.5486
1.59527
1.58031
1.62345
1.6095
1.64994
1.63681
1.67531
1.66261
1.70085
1.68792
1.72754
1.71393
1.75664
1.7416
1.78997
1.77259
1.8282
1.80837
1.87204
1.84923
1.92272
1.89649
1.97964
1.95042
2.04286
2.01041
2.1125
2.07697
2.18642
2.14908
2.26403
2.22464
2.3475
2.30504
2.43613
2.39133
2.53009
2.48235
2.63074
2.57977
2.73463
2.68282
2.8314
2.78462
2.8326
2.8387
2.83108
2.82983
2.84739
2.83684
2.88873
2.86398
2.96809
2.92338
3.106
3.02819
3.35427
3.21069
3.83193
3.55146
4.71397
4.22222
3.26189
3.49237
2.88628
3.06523
2.61438
2.73595
2.44316
2.51926
2.33624
2.38323
2.27513
2.30108
2.24698
2.25764
2.24196
2.24312
2.25587
2.24705
2.03872
2.09961
1.92352
1.97958
1.82081
1.87062
1.73452
1.77539
1.66882
1.69892
1.62486
1.64429
1.59992
1.61027
1.5909
1.59362
1.59402
1.59129
1.60411
1.59845
1.61807
1.61072
1.63245
1.62553
1.64222
1.63807
1.64554
1.64466
1.64188
1.64459
1.63127
1.63731
1.61579
1.62396
1.59711
1.60679
1.57568
1.58667
1.55199
1.5641
1.52563
1.53919
1.49595
1.51119
1.46332
1.47995
1.42799
1.44593
1.38858
1.40842
1.34797
1.3684
1.30605
1.3271
1.26313
1.28467
1.21945
1.24131
1.175
1.19732
1.12928
1.15236
1.08104
1.10544
1.02847
1.05542
0.968512
0.999363
0.898974
0.935162
0.816725
0.859479
0.72111
0.770443
0.613849
0.66871
0.495537
0.555859
0.370304
0.433721
0.379912
0.33233
0.356612
0.425561
0.403454
0.469028
0.446886
0.505726
0.491077
0.427111
0.491892
0.0461559
0.283539
-0.757469
-0.298151
-1.95826
-1.32625
-3.07117
-2.57349
-3.37981
-3.36234
-2.60841
-3.11602
-1.21006
-1.94375
0.186689
-0.481617
1.22155
0.762454
1.76164
1.55393
1.84621
1.85238
1.65116
1.76811
1.3679
1.51281
1.08081
1.22299
0.84828
0.959345
0.66947
0.751817
0.540753
0.600323
0.438816
0.487711
0.351207
0.392769
0.274976
0.312783
-1.91594
-4.16591
-7.72223
-12.5699
-10.5895
-11.9486
-10.6205
3.52457
1.45701
0.142857
1.29261
2.87529
2.26811
0.306279
0.232747
-1.28633
-2.20241
-1.50039
1.77607
3.0589
4.51262
4.61719
4.43655
-1.29775
-15.9625
-14.3373
-14.4816
-3.80603
5.81771
5.29283
5.86061
5.97743
5.97283
-10.8699
-11.9919
2.64082
6.80299
7.67887
8.37141
8.64821
6.77317
8.38808
7.63233
0.621986
-9.33829
-16.445
-12.0428
-6.26836
-1.45676
5.63039
5.36603
3.29936
2.02575
-4.98044
-3.03359
-3.57333
-3.75865
-3.83494
0.193412
0.233178
0.269435
0.306391
0.345597
0.387692
0.431908
0.480124
0.536466
0.603333
0.683424
0.777538
0.887033
1.0131
1.16258
1.32074
1.48352
1.63802
1.76766
1.85144
1.86145
1.77208
1.56291
1.23022
0.764439
0.172966
-0.520978
-1.29132
-2.08468
-2.82931
-3.42189
-3.75193
-3.7633
-3.47531
-2.95649
-2.30326
-1.62527
-1.00633
-0.497597
-0.107893
0.165036
0.326013
0.400161
0.420428
0.411722
0.39531
0.376841
0.357424
0.336508
0.314501
0.292552
0.26918
0.242192
0.211457
0.275714
0.340702
0.403762
0.465516
0.526479
0.585334
0.641111
0.69413
0.743973
0.790728
0.834332
0.874784
0.912333
0.947054
0.979592
1.01007
1.03888
1.06611
1.0922
1.11749
1.1421
1.16593
1.1893
1.21216
1.23461
1.25667
1.27831
1.29954
1.32034
1.34072
1.36065
1.38017
1.39933
1.41701
1.43495
1.45175
1.4678
1.48308
1.49753
1.5111
1.5238
1.53566
1.54683
1.55735
1.56727
1.57649
1.58497
1.59272
1.59976
1.60597
1.61106
1.61476
1.61695
1.6177
1.61712
1.61528
1.61225
1.6083
1.60381
1.59934
1.59538
1.59237
1.59057
1.59025
1.5917
1.59542
1.60202
1.612
1.62571
1.64348
1.66564
1.69243
1.72406
1.76062
1.80199
1.8478
1.89734
1.94977
2.00484
2.06245
2.12126
2.17866
2.23246
2.28278
2.33122
2.3175
2.30616
2.29816
2.29497
2.29792
2.30706
2.32381
2.34915
2.38436
2.43077
2.4903
2.56518
2.65811
2.77244
2.91259
3.07922
3.26672
3.47708
3.75616
4.23162
4.80944
5.32927
5.93744
6.60933
7.26065
7.72332
7.91042
7.72417
7.27893
6.67602
5.97285
5.3619
4.85941
4.44897
4.09017
3.80813
3.58586
3.41207
3.27738
3.17212
3.08931
3.02474
2.97629
2.94013
2.91262
2.89421
2.88272
2.8773
2.87658
2.88102
2.88909
2.90117
2.91668
2.93647
2.89532
2.85101
2.80366
2.7531
2.7008
2.64857
2.5972
2.54727
2.49893
2.45191
2.40591
2.36089
2.31699
2.27433
2.23278
2.19219
2.15249
2.11375
2.0762
2.03999
2.00538
1.97241
1.94114
1.91153
1.88357
1.8574
1.83304
1.81059
1.78978
1.77063
1.75298
1.7369
1.72215
1.70849
1.69559
1.68322
1.67118
1.65936
1.64753
1.6356
1.62329
1.61053
1.59722
1.5834
1.56893
1.55384
1.53794
1.52141
1.50399
1.48601
1.46704
1.44751
1.42685
1.40557
1.38306
1.35988
1.33536
1.31013
1.28332
1.25553
1.22635
1.19643
1.16509
1.13277
1.09904
1.0643
1.02825
0.991281
0.952993
0.913923
0.873453
0.832497
0.789831
0.74716
0.702371
0.657869
0.610561
0.563636
0.513371
0.463597
0.409327
0.355932
0.299337
0.246003
0.190555
0.153155
0.148226
0.114504
-14.3107
-15.2491
-13.051
-15.3529
-2.51794
7.01599
1.21472
4.02107
6.95528
9.136
9.72693
9.2597
0.920363
-0.803558
-0.247854
8.10766
2.99008
8.1625
-5.23758
-4.08266
-14.8413
-12.491
0.0839994
0.0477168
-6.49388
-11.0904
-10.4139
-13.9035
-10.0196
0.12949
0.165541
0.210754
0.266987
0.325813
0.383189
0.438838
0.491847
0.543093
0.592273
0.640184
0.686571
0.73185
0.775834
0.818875
0.860647
0.901454
0.940943
0.97945
1.01658
1.05274
1.08753
1.12133
1.15374
1.1852
1.21537
1.24462
1.27273
1.29963
1.32524
1.34986
1.37333
1.39586
1.41737
1.43796
1.45761
1.4764
1.49436
1.51149
1.52781
1.54328
1.558
1.57194
1.58524
1.59786
1.60989
1.62134
1.63237
1.64316
1.65391
1.66481
1.67612
1.68808
1.70106
1.71536
1.73135
1.74915
1.76892
1.79065
1.81444
1.84023
1.86805
1.89777
1.92942
1.9629
1.99822
2.03515
2.07362
2.11339
2.15437
2.19635
2.23921
2.28286
2.32725
2.37251
2.41856
2.46546
2.51319
2.56214
2.61259
2.66474
2.71829
2.7721
2.82478
2.87432
2.91984
2.96094
2.59696
11.0307
12.0937
4.19859
0.534528
-2.85656
6.87289
10.1551
1.29926
4.82111
10.0553
6.75876
-7.05718
-5.48772
0.106095
0.147967
0.167984
0.195108
0.226776
0.259615
0.293479
0.329546
0.368792
0.413349
0.466441
0.529466
0.605215
0.69582
0.80319
0.928589
1.07302
1.2247
1.3781
1.52177
1.64459
1.72751
1.74249
1.66253
1.47053
1.15799
0.717881
0.153668
-0.516401
-1.27827
-2.05551
-2.79486
-3.39263
-3.74637
-3.79619
-3.54856
-3.0606
-2.40781
-1.73258
-1.11412
-0.603932
-0.209263
0.0657622
0.223962
0.303829
0.331156
0.330264
0.3209
0.306745
0.289735
0.270803
0.25116
0.230426
0.207651
0.182028
0.151322
0.115924
0.175983
0.240868
0.306879
0.372506
0.436117
0.498304
0.558262
0.615407
0.669367
0.720175
0.767519
0.811935
0.85313
0.891698
0.927589
0.961351
0.993144
1.02338
1.05214
1.07963
1.10608
1.13192
1.15695
1.18115
1.20464
1.22762
1.24994
1.2717
1.29286
1.31347
1.33351
1.3531
1.37199
1.38998
1.40765
1.42473
1.44102
1.45639
1.47087
1.4845
1.49718
1.50893
1.51979
1.52995
1.53943
1.54829
1.55642
1.56384
1.57051
1.5765
1.58166
1.58582
1.58874
1.59035
1.59074
1.59008
1.58855
1.58632
1.58375
1.58126
1.57938
1.57844
1.57872
1.58042
1.58379
1.58908
1.59664
1.60691
1.62032
1.63723
1.65793
1.68259
1.71138
1.74448
1.78202
1.824
1.87012
1.91987
1.97264
2.02817
2.08566
2.14364
2.20003
2.25349
2.30295
2.35092
2.40121
2.37954
2.36344
2.35072
2.34275
2.34069
2.34578
2.35884
2.38083
2.41275
2.45582
2.51171
2.58222
2.66929
2.77542
2.90413
3.05869
3.23951
3.44965
3.70571
4.04497
4.46273
4.90591
5.37776
5.93127
6.46718
6.95356
7.25517
7.35431
7.24425
6.90354
6.41646
5.89581
5.43716
5.02775
4.61278
4.24655
3.97156
3.75112
3.56574
3.41142
3.28707
3.18873
3.11182
3.05135
3.00484
2.97026
2.94452
2.92744
2.91814
2.9152
2.91807
2.92642
2.93919
2.95543
2.97414
2.99896
-13.7935
-17.2362
-15.4624
-12.7746
-16.9607
0.0413842
0.0899277
0.134302
0.186192
0.242736
0.302653
0.361145
0.418289
0.472504
0.524944
0.57522
0.624082
0.671446
0.717579
0.762417
0.806141
0.848539
0.88986
0.929779
0.96863
1.00605
1.0424
1.07736
1.11127
1.14386
1.17541
1.20581
1.23515
1.26315
1.2902
1.31609
1.34077
1.36442
1.38696
1.4086
1.42912
1.44881
1.46742
1.48526
1.5021
1.51816
1.53323
1.54754
1.56095
1.57365
1.58553
1.59674
1.60724
1.61724
1.62683
1.63631
1.6458
1.65577
1.66648
1.67847
1.69199
1.70758
1.72526
1.74541
1.7679
1.79296
1.8203
1.84999
1.88175
1.91567
1.95151
1.98926
2.02862
2.0695
2.11166
2.15502
2.19937
2.24457
2.29042
2.33676
2.38356
2.43075
2.47845
2.52679
2.57632
2.62757
2.68099
2.73627
2.79262
2.84797
2.90061
2.94933
2.99242
3.03067
3.06843
3.03781
3.01152
2.99124
2.97259
2.95822
2.94935
2.94711
2.95194
2.96467
2.98619
3.01746
3.05999
3.11458
3.18418
3.27231
3.38126
3.5179
3.68775
3.89012
4.11823
4.37165
4.66579
5.00774
5.40255
5.84778
6.29532
6.63401
6.8591
6.97176
6.90139
6.6859
6.34433
5.8925
5.44454
5.00251
4.57871
4.18941
3.85448
3.58431
3.36329
3.1743
3.01025
2.87018
2.75278
2.65565
2.57658
2.51333
2.464
2.427
2.4011
2.3852
2.3783
2.37981
2.38879
2.40465
2.42647
2.45391
2.43194
0.0753341
0.134358
0.203184
0.272309
0.341933
0.408533
0.473886
0.535094
0.594211
0.64862
0.700817
0.74843
0.793806
0.835417
0.874804
0.911414
0.946066
0.978728
1.00998
1.03976
1.06848
1.09586
1.12254
1.14829
1.17348
1.19758
1.22123
1.24369
1.26576
1.28688
1.30745
1.32712
1.34635
1.3648
1.38273
1.39979
1.41623
1.43176
1.44649
1.46012
1.47289
1.48453
1.49534
1.50507
1.51422
1.52248
1.53022
1.53708
1.54348
1.54904
1.5541
1.55818
1.56147
1.56345
1.56447
1.56429
1.56346
1.56191
1.5603
1.5587
1.55788
1.55801
1.55969
1.5629
1.56798
1.57491
1.58397
1.59528
1.60916
1.62591
1.64581
1.66917
1.69605
1.72673
1.7613
1.80006
1.84283
1.88949
1.93959
1.99299
2.04943
2.10773
2.16675
2.22441
2.27902
2.33051
2.38119
0.0250714
0.0661777
0.096612
0.131137
0.144501
0.161683
0.18461
0.210048
0.236476
0.265198
0.29822
0.337334
0.384034
0.439124
0.505445
0.586465
0.684366
0.800218
0.932366
1.07444
1.22167
1.36308
1.48267
1.5576
1.56508
1.48586
1.30685
1.02047
0.624265
0.119907
-0.481199
-1.15672
-1.86117
-2.53609
-3.08788
-3.42087
-3.4781
-3.27246
-2.85889
-2.22999
-1.64188
-1.08639
-0.622094
-0.260604
-0.00947399
0.134663
0.215386
0.2435
0.247727
0.243946
0.234788
0.221932
0.206898
0.190149
0.171954
0.151298
0.127594
0.0994122
-6.39736
8.53119
4.17314
8.34437
-1.56817
10.06
-6.54081
-9.58506
6.31161
2.66418
6.44697
10.8875
-0.00779639
3.06335
0.102501
-0.0238159
0.0279325
0.0257129
-0.0877706
-15.04
-12.447
2.54278
3.09815
3.11529
-7.78437
3.1368
2.56325
-0.0564177
-3.42588
0.0746929
8.21664
5.20558
8.78265
-9.40259
0.0594229
0.031007
0.101432
0.0820571
0.132272
0.117837
0.154908
0.144487
0.167773
0.162627
0.163782
0.168505
0.0730061
0.143295
-0.254511
-0.0479975
-0.919529
-0.547336
-1.84671
-1.36544
-2.65528
-2.31282
-2.73134
-2.80687
-1.97238
-2.42903
-0.895547
-1.43962
0.0849107
-0.376532
0.780184
0.471814
1.15817
1.00842
1.24058
1.23049
1.11074
1.19669
0.872083
0.996135
0.634698
0.748304
0.454096
0.535315
0.333816
0.387285
0.252632
0.289469
0.196131
0.221356
0.156464
0.174806
0.125623
0.139794
0.0990997
0.113001
0.079482
2.41639
2.47116
2.30589
2.36149
2.18801
2.24816
2.06755
2.12712
1.95692
2.0107
1.85902
1.90636
1.77499
1.81514
1.70628
1.73873
1.65187
1.67739
1.60992
1.62948
1.57794
1.59283
1.55449
1.56514
1.53993
1.54607
1.53418
1.53603
1.53497
1.534
1.53814
1.53652
1.54006
1.53941
1.53858
1.53983
1.53309
1.53625
1.52473
1.52918
1.51413
1.51966
1.50094
1.50784
1.48454
1.49312
1.46406
1.47477
1.43896
1.45201
1.40947
1.42464
1.37625
1.39319
1.34016
1.35843
1.30134
1.32091
1.25984
1.28074
1.21535
1.23781
1.16753
1.19163
1.11591
1.14176
1.06046
1.08824
1.00061
1.0306
0.935405
0.96826
0.862935
0.89964
0.780878
0.822479
0.686831
0.734296
0.57873
0.632923
0.455288
0.516945
0.316771
0.385773
0.167394
0.240749
0.0908787
3.04989
3.08238
2.99965
3.02233
2.97335
2.98304
2.97785
2.97154
3.01818
2.99325
3.10078
3.05397
3.23987
3.16206
3.45567
3.33672
3.77777
3.60198
4.20528
3.98152
4.72028
4.44683
5.38632
5.03346
6.13451
5.78002
6.59554
6.41779
6.63502
6.68123
6.18289
6.46217
5.44818
5.82593
4.67438
5.0662
3.97293
4.29694
3.46544
3.69955
3.08921
3.26389
2.81399
2.93975
2.62469
2.70995
2.50236
2.55625
2.43293
2.46175
2.4069
2.41502
2.41895
2.40845
2.46797
2.43835
2.50454
3.02181
3.06155
2.92288
2.97481
2.8087
2.86667
2.69463
2.75078
2.58959
2.64098
2.49131
2.54004
2.39476
2.44307
2.29825
2.34654
2.20266
2.25027
2.10991
2.15581
2.02201
2.06522
1.94043
1.98032
1.86608
1.90222
1.80019
1.83189
1.7447
1.77092
1.7011
1.72126
1.66902
1.68361
1.64599
1.65648
1.6283
1.63662
1.6122
1.6202
1.59485
1.60374
1.57477
1.58516
1.55133
1.56345
1.52455
1.53835
1.49422
1.50987
1.4602
1.47772
1.42231
1.44182
1.3802
1.40186
1.3338
1.3576
1.28308
1.30909
1.22794
1.25611
1.16813
1.19867
1.10372
1.13654
1.03458
1.06979
0.960447
0.998189
0.88112
0.921476
0.796583
0.839573
0.706936
0.752538
0.612209
0.660452
0.511945
0.563097
0.404685
0.459535
0.288066
0.347713
0.164106
0.226384
0.045768
0.103186
-0.0537645
-0.00646539
-14.3953
-0.112556
-0.0844702
3.21832
2.63408
3.22153
2.62195
-0.0582804
-0.0622002
-0.111399
0.0806484
0.0112884
0.221007
0.154788
0.342637
0.285031
0.453388
0.400043
0.55694
0.506559
0.6547
0.606847
0.747292
0.701838
0.834818
0.791797
0.917171
0.87667
0.994284
0.956353
1.06624
1.03084
1.1333
1.10031
1.19571
1.16502
1.25353
1.22514
1.30677
1.28065
1.35537
1.3316
1.39931
1.37783
1.43887
1.41954
1.47439
1.45704
1.5061
1.49065
1.53397
1.52045
1.55819
1.54649
1.57849
1.56878
1.59516
1.58718
1.60914
1.60233
1.62266
1.61571
1.63943
1.63031
1.66419
1.65044
1.70138
1.68098
1.75261
1.72521
1.81623
1.78297
1.88946
1.85172
1.97075
1.92907
2.05973
2.01426
2.15523
2.1068
2.25416
2.20447
2.35356
2.30393
2.45183
2.40286
2.54926
2.50055
2.64874
2.59844
2.75658
2.70119
2.87546
2.81504
2.99353
2.93605
3.09943
3.04667
3.15607
2.54096
2.5939
2.46226
2.49558
2.4278
2.43978
2.43497
2.42627
2.48518
2.45444
2.58537
2.52848
2.74705
2.65768
2.98651
2.85594
3.32284
3.14143
3.77795
3.53471
4.37532
4.05432
5.08613
4.72868
5.77336
5.4369
6.30771
6.09426
6.47996
6.43679
6.26634
6.38759
5.74561
6.06396
4.98989
5.38699
4.48622
4.72219
4.03722
4.25824
3.65075
3.83054
3.3762
3.50007
3.19322
3.27495
3.07731
3.12832
3.01201
3.03917
2.98799
2.99527
3.00004
2.98971
3.04608
3.01876
3.12743
3.08247
3.17559
0.0562533
-0.0193264
0.220729
0.140456
0.372324
0.30063
0.506447
0.443612
0.624221
0.569232
0.726739
0.678649
0.815757
0.77372
0.893655
0.856665
0.962967
0.929893
1.02587
0.995719
1.08403
1.05602
1.13813
1.11203
1.18837
1.16405
1.23499
1.21234
1.27835
1.25719
1.319
1.29918
1.3567
1.3383
1.39127
1.37447
1.42215
1.4073
1.44852
1.43602
1.46982
1.45986
1.48629
1.47869
1.49874
1.49295
1.50838
1.5039
1.51565
1.5123
1.52054
1.51842
1.52205
1.52179
1.51963
1.52125
1.51489
1.51735
1.51172
1.51273
1.51572
1.51247
1.53067
1.52174
1.55607
1.54221
1.58942
1.57185
1.63038
1.60881
1.68187
1.6546
1.74658
1.71247
1.82584
1.78438
1.91871
1.87074
2.02309
1.96951
2.13979
2.07981
2.26664
2.20269
2.39092
2.32991
2.50896
2.45022
2.5668
-0.060291
0.044336
0.0234637
0.0710964
0.0563376
0.0890414
0.0812123
0.108566
0.0976749
0.138087
0.121816
0.182137
0.15782
0.247387
0.210883
0.348515
0.292775
0.499884
0.417504
0.675354
0.587735
0.80985
0.752362
0.821848
0.833679
0.656456
0.763883
0.28514
0.494648
-0.273765
0.0272924
-0.955622
-0.607563
-1.57565
-1.28727
-1.84035
-1.77135
-1.5435
-1.75556
-0.928886
-1.2452
-0.381173
-0.628287
-0.0402196
-0.181088
0.0856959
0.0370417
0.0974206
0.0940912
0.0941555
0.0964692
0.0847038
0.0899711
0.0689371
0.0777002
0.0462767
0.058549
0.0111376
0.0310897
-0.0180781
-13.7093
-0.278504
-2.22256
-6.41634
-0.364219
-12.9188
-8.62199
-12.1505
-10.7488
-9.27938
-10.6353
9.49592
11.9869
13.3489
13.5112
11.0951
-16.34
-16.4753
-16.7273
-13.7748
-9.57309
-5.61003
0.155003
-2.65252
0.348204
-0.221346
-0.107885
-0.00560036
0.0812796
0.156198
0.224562
0.284437
0.343806
0.398982
0.453686
0.505555
0.556785
0.605875
0.654275
0.700836
0.746657
0.790729
0.833981
0.875525
0.916153
0.955128
0.993113
1.02953
1.06494
1.09892
1.13191
1.16357
1.19426
1.22365
1.25206
1.27919
1.30534
1.33022
1.35405
1.37661
1.39813
1.41841
1.43767
1.45578
1.47295
1.48904
1.50421
1.51831
1.53147
1.5436
1.55486
1.56513
1.57446
1.58282
1.59032
1.59703
1.60321
1.60917
1.61542
1.62244
1.63088
1.64134
1.65451
1.67088
1.69083
1.71438
1.74145
1.77172
1.80491
1.84073
1.87901
1.91961
1.96252
2.00764
2.05482
2.10375
2.15402
2.20507
2.25636
2.30746
2.35816
2.40842
2.45832
2.50803
2.55771
2.60764
2.65827
2.71088
2.76771
2.83138
2.90321
2.98178
3.06005
3.12684
3.17571
3.22388
3.34827
2.73595
2.62756
2.56058
2.51002
2.47423
2.45054
2.43812
2.43641
2.4453
2.4655
2.49742
2.54195
2.6006
2.67507
2.76699
2.87856
3.01197
3.16997
3.35658
3.57622
3.83395
4.13241
4.4391
4.72607
5.03255
5.40196
5.75889
5.97112
6.19451
6.31964
6.30367
6.2971
6.10334
5.84983
5.673
5.50557
5.2617
4.91578
4.54327
4.24104
4.01382
3.82995
3.66752
3.52259
3.39749
3.29424
3.20915
3.14071
3.08818
3.04926
3.02162
3.00409
2.99648
2.99833
3.00902
3.02907
3.05976
3.10198
3.15717
3.22948
3.34399
3.53652
-0.179428
-0.146589
-0.0503036
0.0401995
0.133306
0.213348
0.295404
0.366981
0.438878
0.502323
0.564877
0.620672
0.674876
0.7236
0.770561
0.813087
0.85407
0.891514
0.92781
0.961318
0.994048
1.0246
1.05464
1.08298
1.11083
1.13723
1.16303
1.18752
1.21138
1.23413
1.25623
1.27736
1.29795
1.31766
1.33678
1.35507
1.37271
1.38947
1.40541
1.42029
1.43412
1.44666
1.45792
1.4678
1.47645
1.48386
1.49015
1.49543
1.49991
1.50362
1.50669
1.50913
1.51097
1.51209
1.51239
1.51172
1.51006
1.50762
1.50474
1.5019
1.49975
1.49901
1.50038
1.50442
1.51142
1.52139
1.53411
1.5492
1.56633
1.58533
1.60627
1.62938
1.65505
1.68372
1.71572
1.75123
1.79026
1.83278
1.8787
1.92769
1.97937
2.03376
2.09154
2.1539
2.22183
2.2948
2.36943
2.43906
2.49749
2.54478
2.60331
2.7406
2.97188
0.238568
0.0753645
0.0126458
0.00643078
0.0121762
0.02303
0.0286767
0.0316402
0.0343664
0.0379364
0.0426656
0.0484991
0.0552731
0.0642515
0.0748019
0.0889104
0.108301
0.13215
0.161784
0.197182
0.233594
0.267995
0.298335
0.317173
0.317926
0.299388
0.263149
0.214397
0.152717
0.081159
-0.0016714
-0.0979299
-0.208621
-0.334131
-0.46245
-0.572643
-0.645358
-0.671272
-0.64478
-0.571399
-0.463074
-0.345938
-0.228571
-0.13534
-0.0583976
-0.00732767
0.0160704
0.0324344
0.0320357
0.0325621
0.0316082
0.0308971
0.0293978
0.0281666
0.0264096
0.0239329
0.0209944
0.0170034
0.0116271
0.00517196
-0.000337833
0.00916475
-0.0119553
-4.42848
-1.47385
3.22535
2.07909
)
;

boundaryField
{
    frontandback
    {
        type            empty;
    }
    walls
    {
        type            zeroGradient;
    }
    diamond
    {
        type            zeroGradient;
    }
    inlet
    {
        type            zeroGradient;
    }
    outlet
    {
        type            fixedValue;
        value           uniform 0;
    }
}


// ************************************************************************* //
