/*--------------------------------*- C++ -*----------------------------------*\
  =========                 |
  \\      /  F ield         | OpenFOAM: The Open Source CFD Toolbox
   \\    /   O peration     | Website:  https://openfoam.org
    \\  /    A nd           | Version:  10
     \\/     M anipulation  |
\*---------------------------------------------------------------------------*/
FoamFile
{
    format      ascii;
    class       volScalarField;
    location    "12";
    object      p;
}
// * * * * * * * * * * * * * * * * * * * * * * * * * * * * * * * * * * * * * //

dimensions      [0 2 -2 0 0 0 0];

internalField   nonuniform List<scalar> 
6397
(
5.24314
5.1517
-2.28241
-2.94906
-4.28707
-3.59647
8.58527
5.9924
-6.43817
-5.30184
2.32596
-1.49971
-0.255917
-0.201928
-0.259705
-20.9996
-18.5879
-19.5896
11.8414
12.1336
11.2148
-4.23542
-4.08925
-2.97622
-0.151522
-0.119061
-0.0675446
-2.38092
-2.76976
-1.82679
-1.92222
-2.89677
-2.55701
-3.4925
-0.948678
-1.02826
-2.01129
-1.85925
0.549184
0.702125
0.0176939
-0.135457
-1.74834
-3.22622
-2.48268
-2.84174
-3.94557
-3.14361
1.29253
1.28065
1.34398
1.27916
1.29882
3.21643
2.4866
3.73629
3.76729
2.51766
-3.11842
-3.54301
-2.66701
-2.27359
-2.00485
-1.88876
-1.92541
-2.10776
-2.42274
-2.89712
-4.28319
-3.77162
-4.66132
-3.68185
-3.03586
-2.46915
-2.04047
-1.77366
-1.67209
-1.69914
-1.84079
-2.0778
-4.68701
-3.73324
-3.48079
-2.39398
-4.45165
-3.52933
-4.0311
-2.68968
-3.94317
-3.18638
-4.35172
-2.89479
-3.31599
-2.69719
-4.32036
-2.86394
-4.43398
-2.81041
-3.63867
-5.26987
-5.04111
-4.71819
-5.21786
-3.13868
-3.95384
-1.87057
-2.42539
-1.26438
-1.4862
-1.17864
-1.17445
-1.38762
-1.26203
-1.63396
-1.54196
-1.62295
-5.39198
-5.82738
-5.89868
-3.68172
-4.57553
-2.38717
-2.93049
-1.83453
-2.02549
-1.90716
-1.79575
-2.39541
-2.12081
-2.7834
-2.64386
-2.56744
-2.7146
-2.09164
-2.3115
-2.1533
-2.06255
-2.0794
-1.53479
-2.65771
-7.17611
-5.22118
-6.36896
-1.44007
-0.640438
-0.650693
-1.50662
-2.71502
-1.85186
-1.62264
-3.92854
-4.55092
-3.63359
-5.67593
-5.26529
-4.78068
-5.40541
-2.95486
-3.8967
-1.50446
-2.1401
-0.760226
-1.05434
-0.51827
-0.593818
-0.568768
-0.516807
-0.657301
-0.633174
-0.649333
-6.63282
-7.25744
-4.35585
-5.54294
-2.54325
-3.3253
-1.65041
-2.0063
-1.41992
-1.46996
-1.59862
-1.4966
-1.7746
-1.73701
-1.64003
-1.75237
-1.42221
-1.51051
-1.43733
-1.69601
-1.79106
-1.17605
-1.4637
-5.18263
-4.3628
-2.38225
0.0427027
-0.00527328
-0.708181
-1.38776
-5.71782
-4.03421
-4.23904
-1.70725
-1.80058
-0.650377
-0.836967
-0.301338
-1.48592
-1.19233
-3.38747
-2.42041
-1.55087
-4.28857
-3.36023
-5.30355
-4.98051
-4.45986
-5.09185
-2.60486
-3.57524
-1.07486
-1.74887
-0.275041
-0.599276
0.0338787
-0.0777514
0.0735065
0.0702109
0.06341
0.0589456
0.0575312
-8.1553
-7.18734
-7.48624
-8.2629
-4.73377
-6.1677
-2.52458
-3.486
-1.38368
-1.85436
-0.917593
-1.08492
-0.858316
-0.860277
-0.88729
-0.879917
-0.810633
-0.868969
-0.86126
-0.81038
-0.982871
-1.31779
-1.56672
-0.99394
-0.0975369
-3.55073
-2.14075
-3.07491
-3.13682
-0.848589
-1.43888
-0.257171
0.0967904
-1.74958
-2.06275
-0.883319
-1.32516
-0.482259
0.0181386
-0.271822
-0.545706
-1.10873
-1.86794
-2.89776
-1.95162
-1.13718
-3.68165
-2.83443
-4.59393
-4.33568
-3.78573
-4.37436
-2.09019
-2.96325
-0.652579
-1.29022
0.130142
-0.18923
0.463303
0.339099
0.553495
0.526387
0.566158
0.561528
0.5441
0.563618
0.400986
0.498257
-0.00736283
0.239235
-5.82006
-2.80143
-4.1692
-8.47235
-7.41775
-7.71066
-8.59686
-4.68261
-6.25554
-2.28015
-3.32635
-1.01078
-1.5378
-0.418575
-0.653096
-0.203001
-0.281906
-0.121634
-0.154464
-0.117413
-0.10283
-0.319112
-0.175985
-0.545403
-1.05059
-1.42264
-0.645462
-2.28193
-1.85056
-0.957812
-0.369768
-2.94467
-2.02532
0.402382
-2.33082
-0.527955
-1.06869
-2.5365
-1.63208
-1.24216
-1.79069
-1.53432
-1.56051
-0.894008
-1.87719
-2.56081
-0.127426
0.659477
0.317393
-1.37636
-0.690196
-2.86006
-2.12193
-3.62716
-3.40425
-2.90496
-3.42342
-1.43096
-2.17827
-0.204581
-0.74945
0.479502
0.196756
0.790562
0.66936
0.901149
0.859403
0.929744
0.920198
0.918192
0.929514
0.777946
0.865809
0.429543
0.634762
-0.257898
0.138368
-2.34685
-0.656068
-1.32938
-5.34522
-3.72834
-7.93239
-6.89189
-7.19285
-8.10329
-4.19377
-5.73633
-1.84623
-2.86956
-0.578579
-1.11024
0.0537097
-0.205619
0.341724
0.224447
0.47982
0.42454
0.478968
0.499189
0.186399
0.37768
-0.11377
-0.866336
-0.232214
-1.62338
-0.761183
-2.4958
-1.73846
-2.79761
-3.10517
-1.87675
-2.36383
-0.855725
-1.35429
0.0510919
-0.378121
0.710213
0.417802
0.926019
-2.59149
-2.08265
-2.20918
-2.01191
-1.5125
-2.18203
0.0253154
-0.655786
-2.42725
-1.42737
-2.58174
0.862287
1.07392
-2.43375
0.210782
0.571053
-0.773441
-0.244342
-1.94283
-1.3704
-2.52945
-2.35933
-1.95865
-2.36677
-0.769094
-1.3757
0.222306
-0.216235
0.77527
0.546516
1.03052
0.928062
1.13626
1.09108
1.17721
1.16078
1.17573
1.18218
1.07508
1.14201
0.817221
0.964107
0.356767
0.620366
-0.457027
0.00719899
-0.0673653
0.632172
0.357992
-1.64782
-0.71829
-4.26209
-2.86872
-6.58037
-5.63257
-5.96164
-6.73511
-3.34657
-4.69334
-1.28158
-2.18548
-0.141775
-0.624972
0.459186
0.206456
0.761305
0.632242
0.927643
0.858696
0.929473
0.958631
0.632235
0.824973
-0.160321
0.30193
-1.50042
-0.75222
-2.32473
-3.26156
-3.97994
-3.73595
-1.99492
-2.66195
-0.702658
-1.31802
0.28835
-0.166209
0.935682
0.65394
0.16327
0.778179
-2.28931
-0.997974
1.24739
1.12819
-2.47618
-2.34765
-2.10075
-2.63102
-1.40911
-3.1389
-0.58313
-3.62874
0.819345
0.205325
-3.75016
-1.45741
-3.11386
1.23703
0.786573
1.23929
-1.60753
-0.130041
-0.163025
1.30281
1.35487
1.37973
-2.52469
1.00579
1.16709
0.502458
0.769975
-0.222443
0.16167
-1.06476
-0.652422
-1.48555
-1.36194
-1.07054
-1.3653
-0.189529
-0.640658
0.564924
0.230352
0.992936
0.815424
1.19121
1.11021
1.28995
1.24233
1.35839
1.32827
1.38509
1.37791
1.29988
1.35849
1.08523
1.20562
0.742358
0.92657
0.310772
0.540211
0.0786966
1.09043
1.20421
0.516076
0.87102
-0.778901
-0.0297342
-2.89928
-1.77501
-4.7403
-3.98089
-4.31703
-4.8376
-2.28724
-3.34814
-0.643964
-1.36513
0.274555
-0.118868
0.793374
0.569155
1.07241
0.951604
1.23969
1.16663
1.25952
1.27664
0.971329
1.16321
0.200339
0.654403
-1.17309
-0.404865
-2.02313
-4.72466
-4.72181
-3.78358
-4.40384
-2.12807
-2.97824
-0.58486
-1.30864
0.486983
0.0152705
1.10443
0.846081
1.26748
-2.57358
-2.85339
-2.18596
-3.57172
-1.45697
-4.4507
-0.60874
-5.10811
0.185962
-4.85319
1.22155
0.745178
-3.39032
0.128508
-1.22981
1.52143
1.19402
1.46548
0.684973
1.09433
1.44542
1.44892
1.44911
1.3176
1.38649
-2.8434
1.09596
1.23153
0.734885
0.930871
0.234608
0.502046
-0.325592
-0.0553007
-0.604913
-0.530343
-0.334123
-0.53822
0.274975
-0.0476222
0.813172
0.567065
1.13315
0.995778
1.2896
1.2228
1.38602
1.33597
1.45529
1.44875
1.4577
1.46422
1.37374
1.42479
1.2383
1.30866
1.09641
1.16557
0.874461
0.997533
0.743207
0.762113
0.837962
1.52767
1.53647
1.41183
1.4943
0.983014
1.24707
0.0189233
0.585119
-1.52517
-0.713269
-2.8151
-2.29241
-2.58263
-2.82845
-1.20523
-1.94225
-0.0189345
-0.546468
0.662804
0.369525
1.068
0.890112
1.3002
1.20163
1.44428
1.38266
1.47286
1.48346
1.22325
1.39345
0.526618
0.941632
-0.724967
-0.0354048
-1.5182
-4.8699
-3.9802
-5.35269
-5.34874
-4.21129
-4.94623
-2.28292
-3.26897
-0.536257
-1.34978
0.624014
0.126912
1.21983
0.977169
1.37224
-2.89414
-3.66224
-2.44688
-4.86795
-1.61447
-6.02604
-0.672633
-6.45367
0.155191
-5.29441
0.720855
-2.92369
1.37296
1.12922
-0.444195
1.79217
1.26744
1.40671
-3.42692
1.31834
1.3888
1.37875
1.14953
1.25591
0.89592
1.0378
0.56852
0.746496
0.235448
0.390482
0.0697782
0.111919
0.212537
0.0916363
0.603457
0.382134
0.979274
0.80129
1.21132
1.10824
1.33737
1.28272
1.41635
1.38177
1.47356
1.42749
1.48864
1.48884
1.4638
1.47976
1.41462
1.44476
1.32099
1.3717
1.22534
1.26754
1.26731
1.21744
1.57516
1.39357
2.02427
1.81242
1.6463
1.49885
1.58323
1.69297
1.68566
1.62412
1.67571
1.32925
1.51194
0.658723
1.04761
-0.321446
0.179848
-1.09258
-0.774145
-1.0568
-1.18252
-0.25722
-0.698065
0.511779
0.160169
0.993851
0.785573
1.29154
1.16064
1.47063
1.39799
1.57487
1.53464
1.59702
1.60841
1.39735
1.53847
0.832007
1.16553
-0.225808
0.357402
-1.55546
-0.896981
-2.12065
-5.16964
-3.13577
-4.3019
-5.63469
-5.62387
-4.40156
-5.19439
-2.36114
-3.4044
-0.524941
-1.37759
0.696459
0.170248
1.28359
1.05748
1.4742
1.41095
1.44095
1.47897
1.25045
1.40744
2.02936
2.14974
-3.44082
-4.79228
-1.61493
-2.82294
-6.38571
1.37549
1.41993
1.38857
-1.77622
-7.46619
-0.673078
-7.0346
0.161603
-4.79472
0.687909
-1.89471
1.00602
0.387753
1.299
1.09586
1.71542
2.16685
2.18489
-4.27899
1.29679
1.35348
1.17493
1.25065
1.0083
1.10019
0.796999
0.902324
0.604195
0.687918
0.513444
0.539252
0.578832
0.521405
0.805522
0.676004
1.06931
0.943728
1.25118
1.17246
1.3644
1.31553
1.45068
1.4104
1.518
1.50722
1.55427
1.542
1.53915
1.55544
1.47528
1.5113
1.42663
1.44457
1.43082
1.42082
1.53855
1.46257
1.78798
1.64558
2.04963
1.93557
2.10326
2.10464
1.67401
1.47295
1.58892
1.78422
1.73954
1.81784
1.80691
1.77169
1.80649
1.56867
1.69467
1.1257
1.37302
0.622698
0.859624
0.218875
0.412911
0.0844021
0.0852733
0.478664
0.243839
0.935804
0.721413
1.25348
1.11484
1.46093
1.36947
1.59292
1.54037
1.65776
1.63619
1.66309
1.67494
1.51121
1.61602
1.07771
1.32901
0.264231
0.705705
-0.799283
-0.268767
-1.27492
-3.14886
-2.00234
-5.00007
-4.25189
-5.44651
-5.42648
-4.26272
-5.02927
-2.28747
-3.29695
-0.503328
-1.33464
0.704411
0.177707
1.30925
1.07635
1.49033
1.43399
1.4837
1.17552
1.34933
2.15838
2.05654
-4.11489
-6.10509
1.31962
1.30599
-3.15068
-7.73586
-1.80714
-8.1317
-0.581491
-6.4884
0.177145
-3.54195
0.592183
-0.826614
0.834177
1.04536
0.91686
2.01485
1.23827
1.05371
2.21611
1.46282
1.38167
1.13147
-0.728069
2.11364
1.97324
-5.28166
1.27339
1.31283
1.19012
1.24526
1.07331
1.14206
0.930925
1.00244
0.817822
0.863341
0.772936
0.786047
0.800829
0.773915
0.9302
0.854097
1.11315
1.0232
1.26293
1.1965
1.36367
1.31974
1.42932
1.4023
1.48266
1.43428
1.52086
1.50836
1.53087
1.5282
1.53691
1.53527
1.53734
1.53714
1.55088
1.54086
1.64367
1.58086
1.83853
1.73261
1.99546
1.9341
1.97825
2.00931
1.8197
1.91376
1.60798
1.53421
1.75163
1.68716
1.84696
1.80387
1.88513
1.87572
1.85326
1.87504
1.71914
1.8037
1.45481
1.5918
1.26188
1.34061
1.04577
1.17252
0.870007
0.923355
1.00019
0.908859
1.22651
1.11322
1.43076
1.33709
1.57949
1.5141
1.67498
1.63807
1.70931
1.70204
1.69334
1.70919
1.57754
1.65061
1.25356
1.43718
0.651119
0.976411
-0.131688
0.25879
-0.792908
-0.489235
-0.968708
-2.69905
-1.69476
-4.31103
-3.6029
-4.82458
-4.75317
-3.83508
-4.49437
-2.0874
-2.98558
-0.467195
-1.22984
0.668476
0.169047
1.26391
1.02958
1.44337
1.38995
1.38954
1.44124
1.30835
1.35842
-4.69145
-7.23684
1.68969
1.85914
1.21959
1.23495
1.20124
1.67706
1.54423
-3.23379
-8.36693
-1.63094
-7.56982
-0.450519
-5.04075
0.108491
-2.14957
0.43355
0.0359999
0.625062
1.55539
0.733947
2.17802
1.28031
1.48275
1.43858
1.1883
0.930719
2.23406
1.02453
1.20421
-0.197188
1.15604
-6.1449
1.25803
1.237
1.24917
1.25254
1.18494
1.21543
1.10038
1.14267
1.01398
1.0551
0.949035
0.976843
0.922181
0.930728
0.937043
0.923657
1.01453
0.968412
1.14243
1.07837
1.26449
1.20853
1.35834
1.31623
1.42711
1.3961
1.48591
1.45282
1.5312
1.51276
1.545
1.54199
1.53801
1.54289
1.54988
1.53885
1.60407
1.57249
1.70026
1.64623
1.82086
1.76094
1.90287
1.87355
1.85293
1.89659
1.77835
1.58013
1.53064
1.69495
1.63452
1.82298
1.7626
1.90143
1.86852
1.931
1.92308
1.91181
1.92589
1.83068
1.88102
1.70479
1.76322
1.65861
1.67293
1.5274
1.61511
1.35894
1.42655
1.36298
1.34109
1.45414
1.40569
1.55725
1.50803
1.64484
1.6052
1.71048
1.68374
1.7311
1.72792
1.70308
1.72116
1.60345
1.66119
1.36501
1.49941
0.93808
1.16871
0.38826
0.656832
-0.0810386
0.108249
-0.208148
-0.330413
0.273283
-1.88819
-1.0645
-3.3532
-2.67528
-3.91579
-3.79664
-3.19598
-3.69155
-1.82698
-2.54115
-0.462418
-1.11827
0.564545
0.104901
1.15564
0.910967
1.36814
1.30156
1.35754
1.38783
1.27865
2.04702
1.1154
1.51887
1.37601
-4.88302
-7.72476
-2.98091
-7.80715
-1.33592
-6.02498
1.69669
-0.421025
-3.3064
-0.0764062
-0.940648
0.25452
0.771508
1.40599
1.6029
1.62598
1.41705
0.375413
1.95316
1.14776
0.520955
2.28638
0.937612
0.78089
2.22919
0.999088
0.985108
0.884403
1.29883
1.17917
1.06662
-6.48942
1.14646
1.03997
1.10832
1.18443
1.1701
1.19597
1.19108
1.16574
1.18158
1.11443
1.14192
1.06037
1.08855
1.02166
1.04044
1.01063
1.01329
1.02492
1.0144
1.07651
1.04546
1.16623
1.11966
1.26313
1.21689
1.34585
1.30744
1.41139
1.38097
1.46536
1.43852
1.5067
1.48801
1.53426
1.52158
1.55362
1.54513
1.57099
1.56188
1.6015
1.5827
1.68199
1.63554
1.77364
1.7304
1.80695
1.80042
1.73483
1.78495
1.55623
1.65828
1.27395
1.42818
0.96194
0.905756
1.09777
1.61879
1.60213
1.69776
1.65392
1.78656
1.74166
1.87994
1.83506
1.93937
1.91483
1.96531
1.95637
1.95714
1.96482
1.91718
1.94086
1.87908
1.89314
1.8815
1.88068
1.78943
1.85267
1.65293
1.71412
1.58841
1.60531
1.6086
1.59184
1.65624
1.63164
1.69854
1.67872
1.7287
1.71542
1.7313
1.73392
1.69407
1.71877
1.60166
1.65696
1.42187
1.52619
1.1201
1.28679
0.737245
0.928621
0.437041
0.556
0.37489
0.375017
0.435991
0.174337
0.603516
-1.01065
-0.35842
-2.27182
-1.67967
-2.86219
-2.689
-2.50671
-2.78204
-1.58406
-2.08965
-0.517193
-1.04429
0.368562
-0.0377821
0.930236
0.687983
1.20134
1.10082
1.26284
1.2583
1.17039
1.21547
1.09167
-4.5481
-7.24746
0.714922
0.880254
0.714125
-2.49927
-6.34807
1.91638
-1.12969
-4.15429
-0.570794
-1.76057
1.45301
1.67587
1.83441
1.905
1.75283
-0.317541
0.0565162
1.48207
0.0106668
1.42047
0.727578
1.03016
1.17161
0.0973198
2.24723
0.871298
0.273457
2.38242
0.585108
0.986273
0.94611
0.915436
0.901812
0.901338
1.13545
0.857619
-6.08366
1.08107
1.03802
1.12922
1.111
1.15259
1.14451
1.13946
1.14739
1.10831
1.12443
1.07984
1.09403
1.06354
1.06959
1.06179
1.061
1.07739
1.0673
1.11724
1.09326
1.18432
1.1483
1.26233
1.2237
1.33448
1.30004
1.39698
1.36694
1.44805
1.42336
1.48639
1.46886
1.51218
1.5004
1.53225
1.5223
1.5621
1.54543
1.60153
1.5811
1.65136
1.62502
1.70279
1.67858
1.71267
1.71683
1.63066
1.68468
1.45605
1.55477
1.2002
1.33685
1.04591
1.74269
1.77648
1.74548
1.7348
1.79319
1.76663
1.84932
1.82005
1.91769
1.88317
1.96753
1.94643
1.98967
1.98139
1.98976
1.99219
1.97825
1.98477
1.97719
1.97539
1.98733
1.98598
1.91898
1.96602
1.8186
1.86286
1.72337
1.75692
1.69989
1.70483
1.71143
1.70163
1.73197
1.72116
1.74101
1.73787
1.72733
1.7376
1.68123
1.71015
1.59181
1.64298
1.44278
1.52736
1.21813
1.3452
0.95077
1.09445
0.76541
0.850069
0.750884
0.733304
0.810393
1.07336
1.20974
1.1709
0.65847
0.918852
-0.228831
0.276066
-1.25566
-0.766407
-1.86937
-1.63806
-1.88289
-1.94687
-1.37688
-1.68067
-0.64054
-1.01892
0.0742967
-0.267394
0.617221
0.369105
0.957434
0.818349
1.09171
1.04599
1.04168
1.08446
0.979751
0.512674
0.556054
-3.81434
-5.98519
2.16026
-2.06165
-4.58944
1.97789
2.09267
2.15494
2.04458
-1.16006
-2.53633
1.65682
1.84072
-0.837636
-0.611403
1.57359
-0.619834
0.924074
0.470969
1.11435
1.24738
-0.372057
1.93297
0.730309
0.829306
-0.198321
2.50176
0.359401
0.0098827
0.832223
1.20833
0.293763
0.398012
-5.06727
0.940748
0.813716
0.885551
1.02208
0.983052
1.07623
1.05172
1.10595
1.0946
1.11171
1.11095
1.10093
1.10729
1.08738
1.09441
1.0816
1.08375
1.08815
1.08414
1.10713
1.09605
1.14215
1.12164
1.1956
1.16642
1.25956
1.22693
1.32206
1.2917
1.378
1.35099
1.42607
1.4031
1.46349
1.44596
1.49168
1.47841
1.51321
1.50303
1.53588
1.524
1.56896
1.55057
1.61271
1.59113
1.63727
1.62875
1.62231
1.63664
1.54036
1.59162
1.37637
1.46697
1.14679
1.26847
0.874921
1.01293
0.608331
0.734414
0.242448
0.387552
0.493941
1.95241
2.02161
1.86107
1.89634
1.84567
1.84663
1.86491
1.85216
1.90238
1.88202
1.95126
1.92575
1.98928
1.97243
2.00709
1.99981
2.01315
2.01149
2.01482
2.01396
2.024
2.01827
2.03071
2.03157
1.97277
2.0123
1.84686
1.91823
1.79637
1.82434
1.76269
1.77585
1.75034
1.75454
1.74523
1.74763
1.73558
1.74111
1.71163
1.72483
1.66292
1.68857
1.57757
1.61867
1.44661
1.51261
1.26891
1.36402
1.079
1.17975
0.950772
1.01205
0.935001
0.930705
1.04294
0.970201
1.13261
1.26649
1.30141
1.01952
1.17939
0.404278
0.756403
-0.358271
0.0196947
-1.01761
-0.714469
-1.33621
-1.23446
-1.21952
-1.3215
-0.836831
-1.05329
-0.32741
-0.586029
0.170656
-0.0742594
0.596233
0.403991
0.825592
0.732372
0.847586
0.86408
0.806407
0.825634
0.753633
0.784228
2.40554
-3.06649
-4.47686
0.725215
1.38154
2.20966
2.1053
-1.87735
-3.10564
0.278084
0.112895
1.91593
1.91584
-1.36694
-1.43403
0.0865962
1.6639
-1.22351
0.243233
0.188247
1.25232
1.33356
-1.05968
1.70205
0.394355
0.854806
-0.8954
2.31499
0.732706
0.227903
-0.541726
2.70639
-0.220237
0.192224
0.315068
0.237634
2.2762
2.37618
-3.92484
0.788704
0.642383
0.720169
0.895852
0.847551
0.972392
0.936776
1.03071
1.00498
1.06537
1.05225
1.08014
1.07508
1.08295
1.0826
1.08307
1.08352
1.08958
1.08647
1.10139
1.09471
1.12207
1.11037
1.1547
1.13599
1.20073
1.17565
1.25484
1.22694
1.30924
1.2825
1.35892
1.33489
1.40261
1.3819
1.43725
1.4209
1.46439
1.45161
1.48716
1.47601
1.50984
1.49869
1.53249
1.5209
1.5592
1.54578
1.57133
1.569
1.54329
1.56245
1.46103
1.50985
1.31101
1.39407
1.10858
1.21559
0.873946
0.993408
0.658818
0.760846
0.487879
0.567653
0.402698
2.29974
2.44786
2.35831
2.18578
2.24616
2.05147
2.11734
1.95653
1.99487
1.92527
1.93434
1.92405
1.9208
1.94586
1.93218
1.97762
1.96092
2.0042
1.99228
2.01858
2.01283
2.02682
2.02336
2.03297
2.02992
2.04153
2.03718
2.03886
2.04399
1.99034
2.02135
1.90263
1.94815
1.84072
1.87037
1.79344
1.81458
1.76582
1.77737
1.74888
1.7571
1.72876
1.74009
1.69529
1.71384
1.64001
1.66992
1.55679
1.60008
1.44047
1.50075
1.29734
1.37205
1.15483
1.22409
1.0562
1.09683
1.03563
1.03606
1.0948
1.06141
1.22928
1.1556
1.43233
1.4213
1.31243
1.39876
0.939584
1.16261
0.344997
0.663784
-0.348701
-0.00498122
-0.870245
-0.643006
-1.1283
-1.03163
-1.10954
-1.15589
-0.824553
-0.993715
-0.361121
-0.609768
0.146666
-0.0969665
0.482175
0.337258
0.626713
0.57671
0.698335
0.664453
0.685818
0.710994
0.653403
2.17652
-2.59542
-3.27189
0.15576
0.165776
0.211657
1.30414
0.563771
0.0461277
2.17364
1.98027
-1.93719
-2.16981
-0.0757177
1.74542
-1.72346
-0.727328
-0.0887844
1.46137
1.42179
-1.79468
1.02893
0.0360992
0.968713
-1.67623
2.42523
0.759781
0.312549
0.301933
-1.5404
2.49468
-0.367669
-1.00388
2.58326
2.42469
2.27646
-3.09605
0.748926
0.69219
0.852531
0.805714
0.929776
0.89507
0.988819
0.962494
1.02934
1.0126
1.05277
1.04328
1.06555
1.06023
1.07578
1.07043
1.0873
1.08065
1.10462
1.09492
1.12863
1.11556
1.15995
1.14282
1.20051
1.17869
1.24751
1.22334
1.29528
1.27167
1.33938
1.31821
1.37914
1.36045
1.41103
1.39601
1.4363
1.42449
1.45693
1.4469
1.47654
1.4669
1.49487
1.48598
1.50841
1.50272
1.50712
1.51046
1.47366
1.49517
1.39335
1.43979
1.25892
1.33253
1.08132
1.17439
0.884851
0.982862
0.707841
0.793141
0.545408
0.627104
0.404236
0.475907
0.0849403
0.0983793
0.29219
0.336447
2.36591
2.52006
2.42704
2.2628
2.31668
2.13404
2.20009
2.03231
2.0752
1.99006
2.00593
1.97363
1.97904
1.98118
1.97478
1.99946
1.99
2.01565
2.00821
2.02627
2.02172
2.03317
2.03009
2.03768
2.03589
2.04109
2.03995
2.03317
2.04004
1.99147
2.01733
1.92007
1.95702
1.85644
1.88603
1.80881
1.83014
1.77556
1.79098
1.74824
1.76191
1.71829
1.73395
1.67747
1.69904
1.61912
1.65026
1.53739
1.58159
1.43289
1.49029
1.31339
1.37741
1.20051
1.25455
1.12149
1.15083
1.09968
1.09899
1.13721
1.11178
1.23267
1.17771
1.45773
1.37966
1.57238
1.52784
1.55016
1.58178
1.35111
1.48144
0.898054
1.15785
0.218723
0.575639
-0.50319
-0.14469
-1.12221
-0.836218
-1.46741
-1.33929
-1.43558
-1.49996
-1.00771
-1.2668
-0.37047
-0.692685
0.137824
-0.0922527
0.441145
0.313674
0.58655
0.529556
0.609009
0.612987
0.586672
0.0576158
2.76161
2.04626
-2.43533
-2.58518
0.552932
2.64383
-0.137147
1.82152
-2.18756
-1.64109
0.478687
0.10117
0.283082
-0.285599
2.69174
2.62839
1.59681
1.51401
-2.34951
-0.125778
-0.302409
1.11863
-2.59019
1.85417
0.799906
-0.131678
0.530928
-2.51773
3.22062
0.239081
-0.401254
-2.29168
2.20767
-0.0648707
-0.0803213
-1.56579
-0.0878788
2.30769
2.144
-2.68736
0.715419
0.646212
0.815269
0.771919
0.892498
0.857627
0.952096
0.924973
0.99562
0.976024
1.02544
1.01198
1.04625
1.03646
1.06378
1.05507
1.08152
1.0722
1.10218
1.09112
1.12777
1.1141
1.1593
1.14269
1.19671
1.17714
1.23855
1.21729
1.28061
1.25983
1.32028
1.30107
1.35549
1.33885
1.38446
1.37085
1.40737
1.39664
1.42564
1.4169
1.44104
1.43373
1.45327
1.44761
1.45961
1.45763
1.44968
1.45751
1.41094
1.43428
1.33539
1.37819
1.21637
1.28112
1.06262
1.14225
0.900695
0.981053
0.753961
0.824746
0.612306
0.682945
0.489607
0.548856
0.392807
0.430408
2.78216
2.74313
2.81414
2.57893
2.6903
2.42536
2.48955
2.32259
2.3741
2.19869
2.26235
2.09522
2.14051
2.04313
2.06456
2.01547
2.0268
2.01021
2.01036
2.01702
2.01311
2.02424
2.02102
2.02929
2.0271
2.03274
2.03135
2.03434
2.03396
2.03341
2.03475
2.01979
2.02933
1.97972
2.00301
1.92061
1.95081
1.86388
1.89099
1.81506
1.83813
1.7752
1.79411
1.74099
1.75801
1.70488
1.72367
1.65961
1.68367
1.59984
1.63221
1.52213
1.56465
1.42811
1.47939
1.32598
1.37885
1.2304
1.27503
1.16162
1.18843
1.13646
1.14159
1.15908
1.14123
1.21407
1.18319
1.23702
1.22994
1.49555
1.30473
1.38397
1.66623
1.5937
1.75394
1.72054
1.69105
1.75638
1.3157
1.54403
0.638149
1.00858
-0.255239
0.210946
-1.18411
-0.729625
-1.88243
-1.57988
-2.092
-2.06006
-1.70935
-1.96846
-0.950991
-1.35204
-0.217103
-0.566088
0.289277
0.073234
0.486156
0.420056
0.52023
0.510854
0.492839
0.514119
0.479827
-0.106648
1.90066
-2.53504
-2.26834
0.541566
0.397365
1.24352
-0.368322
-0.313027
-0.303067
2.88148
2.83473
2.14219
1.60484
-2.73538
-1.28014
-0.548849
1.23723
-3.37848
0.44622
0.924956
-0.309078
-0.563776
0.766502
-3.79975
2.68982
-0.311918
-0.262356
-3.71884
3.77466
0.176185
-1.89355
-3.04799
0.151741
2.16062
2.52537
2.40113
-0.0328703
2.00205
-2.59816
0.677019
0.609629
0.780836
0.735722
0.857526
0.822067
0.918663
0.890602
0.965205
0.944
0.999867
0.983961
1.02634
1.01383
1.04936
1.03789
1.07213
1.06044
1.0968
1.08396
1.1239
1.10981
1.15483
1.1388
1.1897
1.17175
1.22771
1.20849
1.26553
1.2469
1.30095
1.28378
1.33205
1.31732
1.35784
1.34574
1.378
1.36863
1.3935
1.38625
1.40521
1.39985
1.41194
1.4093
1.41152
1.41284
1.39666
1.40666
1.3561
1.37985
1.28545
1.32472
1.1807
1.23729
1.04851
1.11674
0.913912
0.980046
0.788218
0.85043
0.669181
0.726825
0.566638
0.616077
0.494272
0.521544
0.423531
0.515876
0.493844
0.309367
2.92993
2.9097
2.83938
2.95703
2.94438
2.62847
2.7284
2.47684
2.54423
2.36845
2.42147
2.25065
2.31113
2.1476
2.19418
2.08713
2.11297
2.05074
2.0669
2.03354
2.03969
2.03079
2.0314
2.02945
2.03033
2.02852
2.02899
2.0287
2.0289
2.0267
2.02832
2.01969
2.02417
2.00164
2.01256
1.96506
1.98547
1.914
1.94015
1.86
1.88637
1.81127
1.83469
1.76987
1.78996
1.73193
1.75085
1.69142
1.71223
1.64293
1.66857
1.58257
1.61524
1.50908
1.54901
1.42385
1.46902
1.33398
1.37901
1.24985
1.28867
1.18664
1.21342
1.15671
1.16753
1.16316
1.15653
1.18569
1.17328
1.19204
1.18981
1.19243
1.31971
1.18856
1.25435
1.51564
1.40041
1.7438
1.63308
1.91281
1.84089
1.90927
1.94272
1.62837
1.80751
0.965658
1.34913
-0.0760135
0.4806
-1.28167
-0.67505
-2.31808
-1.84604
-2.7658
-2.63799
-2.40248
-2.67976
-1.48123
-1.98016
-0.512731
-0.977604
0.144036
-0.130262
0.379667
0.302774
0.426906
0.409508
0.42431
0.43133
0.41975
0.418654
-0.343315
2.77377
2.25198
2.58363
2.68415
1.76131
1.99486
1.69026
-2.97785
-2.22166
-0.666088
1.33744
-3.82396
-1.11939
0.467688
0.553009
1.00118
-0.241268
0.229696
0.067737
2.86256
2.96894
1.18019
1.12555
1.10768
0.418853
0.362846
0.364327
-0.891802
0.941984
-5.09488
0.846978
-0.619747
-0.605066
-0.871499
0.0806345
-5.82742
3.19665
0.143545
-0.494424
2.04922
2.43686
-1.59111
-5.3731
2.50531
-3.55563
1.81048
-2.85642
0.532691
0.475808
0.646776
0.589732
0.747716
0.701304
0.825313
0.788986
0.887932
0.858661
0.937308
0.91438
0.976116
0.957909
1.00746
0.992578
1.03482
1.02137
1.06108
1.04786
1.08826
1.07435
1.11712
1.10232
1.14815
1.13229
1.18121
1.16443
1.21569
1.19837
1.24979
1.23296
1.28152
1.26616
1.30913
1.296
1.33171
1.32117
1.34894
1.34102
1.36146
1.35574
1.36955
1.36609
1.37188
1.37151
1.36663
1.37041
1.34749
1.35933
1.30737
1.33019
1.24256
1.27826
1.15045
1.19974
1.0383
1.09573
0.925454
0.981119
0.816457
0.870787
0.716841
0.764241
0.635279
0.674319
0.583308
0.602237
0.596719
0.581135
0.361999
3.05841
3.01356
3.03617
3.07643
3.0715
3.07536
3.07275
2.66972
2.76105
2.52226
2.59019
2.40755
2.46312
2.29307
2.35097
2.19053
2.23805
2.12371
2.15309
2.07926
2.09968
2.05257
2.06353
2.0406
2.04571
2.03211
2.03618
2.02625
2.02896
2.02177
2.02419
2.01486
2.01893
2.00368
2.00996
1.98326
1.99494
1.94787
1.96721
1.90112
1.925
1.85117
1.87592
1.80446
1.82736
1.76185
1.78289
1.72099
1.74144
1.67746
1.69971
1.62712
1.65358
1.56721
1.59915
1.49752
1.53459
1.41918
1.45961
1.33749
1.37787
1.26122
1.29717
1.2013
1.22839
1.16712
1.18128
1.15742
1.15967
1.15898
1.15674
1.15253
1.1577
1.14158
1.34688
1.26282
1.54923
1.43751
1.80924
1.67563
2.02688
1.92922
2.09723
2.0893
1.86744
2.0306
1.184
1.58663
0.0455814
0.662459
-1.37199
-0.646394
-2.6798
-2.07294
-3.33486
-3.11815
-3.00982
-3.2935
-1.95142
-2.53503
-0.794808
-1.34682
-0.0322915
-0.347511
0.267645
0.161782
0.341707
0.318555
0.354981
0.351468
0.358778
-0.663815
2.97248
1.75203
1.43054
-3.97951
-2.58558
0.626611
0.714368
-0.114172
3.07596
1.07087
1.04616
0.413235
0.362401
-1.06601
1.05258
-5.90474
-1.34682
-0.575961
-1.33744
0.476513
-7.97037
0.845997
-1.02164
-0.96751
-0.0516815
-1.24793
1.77704
2.23176
-0.846503
-8.67558
2.64475
-0.722219
-3.45299
-6.9709
2.9192
2.83904
1.56601
-3.64626
0.519744
0.466213
0.624184
0.573007
0.718303
0.672789
0.796089
0.759196
0.859882
0.829653
0.911688
0.887254
0.953685
0.933774
0.988824
0.971759
1.02005
1.00478
1.04955
1.0349
1.07878
1.06409
1.10854
1.09348
1.13933
1.12373
1.17115
1.15511
1.20317
1.18723
1.23393
1.21881
1.26208
1.24849
1.28639
1.27479
1.30592
1.29686
1.32029
1.31376
1.3299
1.32567
1.33459
1.33291
1.33323
1.33469
1.32468
1.33004
1.30306
1.31594
1.2639
1.28562
1.20515
1.23723
1.12425
1.16718
1.02968
1.07768
0.934721
0.981953
0.840786
0.887462
0.758272
0.79719
0.694424
0.724055
0.658062
0.671451
0.668536
0.657149
0.668976
0.729383
0.693994
0.527025
0.602288
0.319297
0.432458
0.3595
0.0369298
0.187463
3.22324
3.23456
3.22746
3.2077
3.21676
3.18931
3.19737
3.07845
3.17715
3.1821
2.88353
2.97998
2.70534
2.79136
2.56052
2.62883
2.441
2.49913
2.32712
2.38381
2.22585
2.27344
2.15364
2.18638
2.10234
2.12611
2.0675
2.08285
2.04717
2.05611
2.0328
2.03969
2.02126
2.0267
2.0121
2.01666
2.00162
2.00727
1.98691
1.99493
1.96391
1.97657
1.92949
1.94789
1.88642
1.90854
1.84001
1.86326
1.79464
1.81717
1.75155
1.77285
1.70903
1.73034
1.6636
1.68684
1.61241
1.63918
1.55324
1.58439
1.48675
1.52142
1.41338
1.4507
1.33781
1.37514
1.26699
1.30112
1.20889
1.23618
1.16948
1.18711
1.14665
1.1558
1.13406
1.13919
1.11286
1.12645
1.09353
1.1699
1.01964
1.08764
1.37273
1.26681
1.59891
1.48173
1.86689
1.72919
2.10589
1.99536
2.20305
2.18064
2.01938
2.15707
1.35283
1.75666
0.149186
0.81054
-1.42255
-0.609217
-2.92142
-2.21871
-3.71679
-3.44513
-3.40577
-3.69671
-2.27908
-2.90222
-1.04947
-1.6336
-0.223535
-0.569714
0.148322
0.00741413
0.259848
0.224748
0.288429
0.276859
0.30867
0.300128
0.312308
0.312758
-1.09256
3.23785
1.43381
1.14144
-6.0067
-3.59544
-0.48911
-1.60023
0.677007
-9.38517
-2.14958
-0.915733
0.720239
0.772644
3.08367
3.17691
-0.26314
0.984401
0.957101
0.916333
0.307238
0.263641
0.259312
-1.89792
2.73181
-0.128648
-11.654
0.329468
-1.54595
-1.45156
-1.62024
-0.95582
-2.39275
-11.0676
1.36295
1.386
1.91719
-7.32018
-0.136908
0.202646
0.0699155
3.23394
3.22945
1.23751
-5.2896
-0.332626
0.405624
0.356758
0.504855
0.454921
0.603063
0.554857
0.692309
0.649293
0.769609
0.732542
0.834392
0.803478
0.888221
0.862558
0.933057
0.911634
0.971312
0.952775
1.00545
0.988748
1.03742
1.02162
1.06844
1.05298
1.09916
1.0838
1.12967
1.11442
1.16005
1.14485
1.18989
1.1751
1.21794
1.20422
1.24307
1.23092
1.26423
1.25419
1.2807
1.27312
1.29222
1.28706
1.29907
1.29623
1.30061
1.30056
1.29619
1.29909
1.28511
1.29168
1.2624
1.2755
1.22517
1.24555
1.17215
1.2008
1.10176
1.13884
1.02191
1.0622
0.941521
0.981717
0.862356
0.901368
0.794359
0.826342
0.744863
0.767064
0.721637
0.729094
0.733613
0.722147
0.784467
0.754526
0.594131
0.661219
0.423361
0.515397
0.318195
3.43986
3.52136
3.4789
3.3755
3.40519
3.33013
3.34992
3.29486
3.31323
3.27225
3.28187
2.90351
2.99096
2.73757
2.81877
2.59332
2.66272
2.46904
2.5294
2.35525
2.41111
2.25491
2.3027
2.17782
2.21345
2.12066
2.14735
2.07864
2.09778
2.05117
2.06348
2.03074
2.04059
2.01409
2.02187
2.00117
2.00749
1.98728
1.99461
1.96919
1.97876
1.94489
1.95792
1.91152
1.92922
1.87047
1.89172
1.82698
1.849
1.78314
1.80502
1.74019
1.76152
1.69673
1.7186
1.65023
1.674
1.5987
1.62545
1.54057
1.57075
1.47637
1.50934
1.40687
1.44197
1.33588
1.37116
1.26868
1.3015
1.2109
1.23852
1.16616
1.18688
1.13371
1.14824
1.1072
1.1203
1.07454
1.09389
1.02342
1.05058
0.992191
1.15203
1.06417
1.37606
1.25691
1.63365
1.50251
1.90597
1.76816
2.15963
2.03866
2.30153
2.25301
2.13642
2.2755
1.44715
1.86138
0.224969
0.896503
-1.39939
-0.545216
-2.96049
-2.22346
-3.85019
-3.53443
-3.59348
-3.86262
-2.47873
-3.09935
-1.2321
-1.82743
-0.366902
-0.733076
0.0446018
-0.117794
0.184526
0.136424
0.231513
0.212511
0.259594
0.248494
0.264868
-1.64871
3.58091
1.04775
0.758636
-9.47387
-5.4546
-0.811522
-0.0823165
-0.352508
0.820976
3.26586
-0.862673
0.902908
0.858218
0.299755
0.254103
-2.28924
3.22215
0.251015
-13.506
-3.4045
-1.37951
-2.53503
-1.34253
-1.31674
-14.2595
-0.747198
2.52833
-2.17961
-5.97486
-11.0967
-0.252109
-2.18083
3.78036
3.88739
-2.32627
0.185116
0.0921115
0.864395
-8.12097
-0.613052
0.395565
0.347943
0.489545
0.442569
0.583249
0.536957
0.669605
0.627626
0.745799
0.709018
0.81123
0.779821
0.86667
0.840062
0.913905
0.891182
0.954846
0.934969
0.99146
0.973545
1.02539
1.00867
1.05771
1.04171
1.08905
1.07348
1.11941
1.10436
1.14865
1.13416
1.17646
1.16277
1.20198
1.18955
1.22425
1.21354
1.24268
1.23399
1.25631
1.25012
1.26496
1.26121
1.26901
1.26754
1.26785
1.26914
1.261
1.26505
1.24795
1.25545
1.22472
1.23774
1.19
1.20878
1.14249
1.16792
1.08203
1.1136
1.01487
1.04873
0.946591
0.980797
0.880866
0.912873
0.825984
0.851727
0.788461
0.804618
0.775783
0.778751
0.789372
0.778874
0.833835
0.807958
0.86265
0.903175
0.866054
0.777784
0.822008
0.673257
0.728765
0.536557
0.608401
0.374896
0.458402
0.28178
3.62244
3.6928
3.51487
3.56375
3.44268
3.47492
3.39263
3.41605
3.36002
3.37364
3.26023
3.33992
3.34836
3.0903
3.17736
2.92042
3.00386
2.76461
2.84068
2.62131
2.6915
2.49327
2.55536
2.37917
2.43477
2.2783
2.32681
2.19706
2.23508
2.1345
2.16394
2.08636
2.10867
2.05204
2.06776
2.02628
2.03851
2.00548
2.0153
1.9887
1.99682
1.97181
1.98051
1.9517
1.96216
1.92643
1.93979
1.89376
1.91099
1.85498
1.87499
1.81349
1.83447
1.77109
1.79232
1.72836
1.7497
1.68435
1.70658
1.63733
1.66136
1.58582
1.61237
1.52873
1.55804
1.4663
1.4981
1.39975
1.43336
1.33201
1.36582
1.26707
1.29905
1.2088
1.237
1.1596
1.18295
1.11857
1.13809
1.08061
1.09964
1.03812
1.06057
0.979581
1.01127
0.943321
-0.756374
0.855774
1.47287
0.942593
0.809873
0.870706
1.12266
1.02718
1.3564
1.23188
1.63002
1.49263
1.90549
1.76838
2.16553
2.04004
2.31214
2.26416
2.13728
2.27782
1.47668
1.87445
0.281814
0.939798
-1.28289
-0.471919
-2.79563
-2.07998
-3.66219
-3.34968
-3.45871
-3.69269
-2.44306
-3.01138
-1.27247
-1.83293
-0.420978
-0.774966
-0.0141086
-0.177643
0.131219
0.0763539
0.190312
0.166816
0.217209
0.20714
0.219514
0.220445
0.211863
0.216575
-2.40456
3.65768
0.583319
0.435282
-13.5386
-7.75571
-1.23901
-0.615984
-3.32102
-1.82378
-0.239575
-16.2701
-4.75431
3.99351
4.14546
3.15485
-2.02972
0.00482518
-0.43707
0.908228
0.94312
3.26037
3.3379
-3.58406
-3.11236
-13.6889
-2.2542
2.26698
0.202908
0.173206
0.162565
0.754726
0.757724
0.700726
-2.84489
-8.26172
-3.25317
0.431092
-0.0991055
0.441539
4.01855
-3.54716
0.487086
-11.4742
-0.974364
0.289823
0.245219
0.383029
0.336407
0.47491
0.429141
0.565076
0.520433
0.649144
0.608106
0.724401
0.687912
0.790246
0.758449
0.84705
0.81963
0.896218
0.872422
0.939322
0.918333
0.978048
0.959086
1.01366
0.996153
1.04709
1.03061
1.07878
1.06315
1.10879
1.094
1.13699
1.12312
1.16311
1.15033
1.18637
1.17512
1.206
1.19662
1.22165
1.21433
1.23254
1.22767
1.23858
1.23611
1.23988
1.23977
1.23621
1.23864
1.22753
1.23243
1.213
1.22115
1.18986
1.20251
1.15781
1.17493
1.11555
1.13798
1.06401
1.09062
1.0081
1.03629
0.950739
0.979485
0.896609
0.922719
0.853346
0.873381
0.825842
0.83728
0.82051
0.82021
0.83845
0.826806
0.879452
0.855815
0.941821
0.908463
0.836302
0.872849
0.752367
0.79612
0.654813
0.704584
0.551687
0.603625
0.454776
0.498916
0.430397
3.77946
3.87398
3.64061
3.70394
3.54479
3.58815
3.47977
3.50907
3.43862
3.45612
3.41453
3.4234
3.09821
3.18037
2.93717
3.01682
2.78688
2.86104
2.64469
2.71474
2.51465
2.57786
2.39923
2.45538
2.29695
2.34637
2.21188
2.25212
2.14419
2.17623
2.09043
2.11566
2.05009
2.06872
2.01973
2.03407
1.99501
2.00674
1.97493
1.98452
1.95597
1.96555
1.93438
1.94554
1.90849
1.92199
1.87672
1.89335
1.83976
1.85869
1.8
1.82008
1.75874
1.77945
1.71637
1.7376
1.6723
1.69454
1.625
1.64916
1.57366
1.59997
1.51734
1.54611
1.45642
1.48738
1.39211
1.42459
1.3268
1.35948
1.26319
1.29469
1.20388
1.2329
1.15046
1.17639
1.10204
1.1257
1.05466
1.0784
1.00324
1.02964
0.938214
0.972714
0.854816
0.898731
0.807997
0.891467
0.81687
1.07923
0.9801
1.30592
1.18725
1.57854
1.4391
1.87637
1.72598
2.15461
2.02333
2.29174
2.25092
2.10922
2.25195
1.44994
1.84329
0.324751
0.937333
-1.0953
-0.365076
-2.45656
-1.81203
-3.24122
-2.95552
-3.06977
-3.27446
-2.16433
-2.6727
-1.11969
-1.62229
-0.381445
-0.696099
-0.0280753
-0.170552
0.101208
0.0470863
0.161688
0.137961
0.181831
0.17576
0.181938
0.183268
0.179505
-3.64604
-3.11755
0.107439
0.0105676
0.168499
-16.3377
-9.65348
4.32164
3.73762
-1.79201
-0.933733
0.978004
3.40894
-4.70943
0.802134
0.917164
-0.693955
-15.6744
-5.83639
3.07656
-2.87639
-0.664915
0.189193
0.148034
0.138799
0.126753
0.691017
0.635975
0.710421
0.652252
-4.38569
-4.28125
-10.2796
-4.19084
-3.67992
-4.76161
-0.209068
0.739385
1.67767
0.49192
-5.38598
0.139189
-13.8796
4.43258
4.13764
-1.40624
0.27735
0.233026
0.369258
0.322986
0.460472
0.414976
0.54855
0.504972
0.630749
0.590425
0.705175
0.668919
0.771234
0.739166
0.829157
0.801075
0.879907
0.855264
0.924835
0.902925
0.965349
0.945512
1.00236
0.984194
1.03667
1.0198
1.06864
1.05292
1.09825
1.08371
1.12541
1.1121
1.14991
1.13796
1.17106
1.16089
1.18839
1.18016
1.20137
1.1954
1.20947
1.20595
1.21291
1.21167
1.21174
1.21285
1.2057
1.20923
1.19535
1.20096
1.17982
1.18831
1.15735
1.16936
1.12808
1.14352
1.09088
1.11045
1.04702
1.06943
1.0009
1.02405
0.953935
0.977425
0.910256
0.931214
0.876951
0.892053
0.858096
0.86556
0.858393
0.855623
0.880626
0.867025
0.921134
0.898881
0.979737
0.948301
1.01456
1.04665
1.01283
0.953471
0.983803
0.892783
0.922979
0.830569
0.86169
0.770802
0.799706
0.727675
0.746802
0.718695
0.716608
0.742665
4.5086
4.65766
4.16225
4.32372
3.91747
4.02812
3.75266
3.82756
3.63718
3.68989
3.55817
3.59387
3.50783
3.52981
3.48025
3.49115
3.40744
3.47086
3.47344
3.26407
3.33877
3.10806
3.18616
2.95378
3.03038
2.80571
2.87902
2.66397
2.734
2.53296
2.59696
2.41573
2.47283
2.31153
2.36209
2.22275
2.26514
2.15003
2.18465
2.09103
2.11889
2.04551
2.06665
2.01068
2.02703
1.98269
1.99585
1.96015
1.97075
1.93963
1.94979
1.91718
1.92859
1.89135
1.90462
1.86061
1.87649
1.82512
1.84319
1.78677
1.80607
1.74651
1.76672
1.70453
1.72559
1.66067
1.68287
1.61349
1.63764
1.56209
1.58831
1.50656
1.53479
1.44679
1.47708
1.38428
1.41583
1.32059
1.3525
1.25753
1.28887
1.19694
1.22683
1.13966
1.16784
1.08498
1.11201
1.02988
1.05761
0.970024
1.00074
0.898912
0.935929
0.810997
0.857286
0.762755
0.829529
0.754229
1.01843
0.919259
1.23707
1.12338
1.50923
1.36773
1.80708
1.65873
2.05708
1.94329
2.15238
2.13327
1.93856
2.09121
1.32544
1.68429
0.334985
0.869246
-0.860156
-0.252256
-1.9612
-1.44502
-2.57804
-2.35342
-2.44703
-2.60595
-1.72236
-2.13311
-0.874823
-1.28186
-0.285117
-0.534571
-0.00880111
-0.121035
0.0900782
0.0446758
0.139946
0.120046
0.154424
0.15092
0.151539
0.15404
0.146834
-5.3292
1.13717
-0.778836
-0.481337
0.288315
-15.8404
-10.2335
4.8006
3.89333
-2.45417
-1.33731
0.110916
0.586017
-6.12256
-1.02807
-12.385
-7.01727
2.80472
-3.97791
-1.02137
1.05006
1.07989
3.41071
3.47332
-8.13434
-7.2442
-6.16811
-5.26227
0.760937
-0.156919
-5.93546
1.49283
-1.94544
1.24008
1.96006
0.0143041
-14.0389
4.42082
-1.93468
0.172374
0.0898477
0.128598
0.26351
0.217163
0.355374
0.308736
0.446353
0.400556
0.533411
0.489876
0.614411
0.574134
0.688172
0.651697
0.754268
0.721713
0.812945
0.784144
0.864912
0.839432
0.911434
0.888607
0.953467
0.932845
0.991696
0.97293
1.02668
1.00949
1.05877
1.043
1.08798
1.07365
1.1142
1.10136
1.13716
1.12599
1.15635
1.14713
1.17141
1.16428
1.18187
1.17713
1.18733
1.1851
1.18809
1.18814
1.18445
1.1867
1.17633
1.18079
1.16446
1.1707
1.14833
1.1569
1.12688
1.13812
1.10026
1.11411
1.06792
1.0847
1.03104
1.04974
0.993193
1.01202
0.955836
0.974371
0.921871
0.938088
0.897194
0.908109
0.885823
0.889779
0.891013
0.886185
0.916305
0.901257
0.95907
0.935961
1.01642
0.986141
1.07968
1.04817
0.995994
1.02256
0.945871
0.970302
0.905528
0.924509
0.882539
0.891359
0.892272
0.882159
0.966263
0.918822
1.16125
1.0441
1.57512
1.32225
2.58235
2.00741
4.64444
4.86919
4.29998
4.46102
4.0373
4.15886
3.85139
3.93622
3.71985
3.78026
3.62832
3.66971
3.5696
3.59544
3.53875
3.55096
3.52864
3.53121
3.26926
3.34241
3.11875
3.19413
2.96901
3.04373
2.82184
2.89492
2.68008
2.74997
2.54826
2.61273
2.42879
2.48698
2.32198
2.37378
2.22947
2.27382
2.15192
2.18893
2.08804
2.1183
2.03763
2.06119
1.9989
2.01702
1.96846
1.98279
1.94416
1.95566
1.92264
1.9333
1.90012
1.91164
1.87472
1.88788
1.84502
1.86048
1.8109
1.82841
1.77384
1.79263
1.73453
1.75443
1.69312
1.71406
1.64933
1.67157
1.6022
1.6263
1.55107
1.57702
1.49629
1.52405
1.43736
1.46709
1.37619
1.40704
1.31352
1.34492
1.25061
1.28198
1.18862
1.21942
1.12802
1.15806
1.06801
1.09787
1.00639
1.03755
0.939301
0.973744
0.8618
0.902058
0.770649
0.817963
0.664079
0.719136
0.540336
0.604942
0.619563
0.514858
0.56416
0.754752
0.682509
0.934783
0.839526
1.14966
1.03815
1.41433
1.27649
1.70226
1.55981
1.92686
1.82828
1.97201
1.98151
1.72377
1.88488
1.1605
1.48323
0.321977
0.764504
-0.616993
-0.145773
-1.4436
-1.06058
-1.87528
-1.724
-1.74762
-1.87886
-1.19924
-1.50672
-0.588764
-0.87753
-0.179313
-0.34926
0.00893265
-0.0706304
0.0792464
0.0456822
0.116788
0.100604
0.13067
0.12682
0.126608
0.130116
0.110317
0.120005
0.0812168
0.0975142
-7.71259
0.59275
-0.797071
-0.753252
1.12298
-12.9681
-9.96818
5.13865
3.95234
-3.3978
-1.92328
1.11114
3.53082
0.470272
0.0576119
-5.96345
-8.55628
-7.99224
-1.48082
0.150575
1.84165
5.66863
5.76596
2.29767
-4.88736
-7.99557
-2.74673
-6.84159
3.58984
6.18881
6.80417
6.71337
4.07132
0.952479
-11.885
4.63025
5.09739
6.31727
7.37093
8.10133
7.24633
8.17545
7.78248
-2.69272
-8.96653
-4.73114
-3.63042
-0.827286
1.97921
6.75096
2.73189
0.254773
-1.5352
-10.4318
-10.5577
-11.85
-11.741
-10.4136
0.0370759
0.0583244
0.0746987
0.0880919
0.098559
0.105506
0.108481
0.107624
0.102576
0.0936562
0.0817533
0.0691567
0.0470573
0.0261809
-0.0231778
-0.0860828
-0.187354
-0.336147
-0.518872
-0.724856
-0.919976
-1.06868
-1.15064
-1.14934
-1.06033
-0.890722
-0.655834
-0.374902
-0.0655872
0.25703
0.57909
0.881894
1.1484
1.37037
1.54637
1.66861
1.72696
1.72196
1.66449
1.56529
1.44048
1.30771
1.17698
1.05161
0.93701
0.83294
0.7429
0.666452
0.599401
0.539026
0.485868
0.438712
0.394523
0.350463
0.425348
0.495656
0.559936
0.620321
0.678017
0.731701
0.781306
0.827372
0.870318
0.910425
0.947997
0.983708
1.01785
1.05105
1.08352
1.1156
1.14747
1.17921
1.21105
1.24272
1.27439
1.3058
1.337
1.36782
1.39825
1.42803
1.45735
1.48612
1.51359
1.5402
1.56593
1.59092
1.61499
1.6381
1.66032
1.68179
1.70263
1.72283
1.74238
1.7613
1.77957
1.7972
1.81406
1.82998
1.84482
1.85853
1.8713
1.8832
1.89445
1.90521
1.91585
1.92683
1.9387
1.95197
1.96701
1.98415
2.00374
2.0262
2.0519
2.08105
2.11363
2.14958
2.18888
2.23167
2.27807
2.32807
2.3815
2.43814
2.49783
2.56038
2.62565
2.69342
2.76347
2.83529
2.90832
2.98203
3.05604
3.13019
3.20444
3.27845
3.3502
3.41767
3.47949
3.53617
3.58919
3.58349
3.5807
3.58258
3.59019
3.60357
3.62447
3.65323
3.6902
3.73613
3.79202
3.85889
3.93786
4.03078
4.14006
4.26726
4.41241
4.57709
4.76658
4.98284
5.35396
5.78237
6.13536
6.52644
6.93335
7.29993
7.47749
7.37531
6.84607
6.05401
5.21698
4.27318
3.44751
2.86741
2.40877
1.99456
1.69723
1.47112
1.29988
1.17958
1.09833
1.04296
1.00665
0.985213
0.975924
0.975476
0.982744
0.995842
1.0138
1.03474
1.05825
1.08426
1.11247
1.14221
1.17536
1.145
1.1139
1.08227
1.05032
1.01982
0.991844
0.967188
0.946458
0.930309
0.918907
0.912066
0.909249
0.910065
0.914186
0.921365
0.931172
0.943019
0.956283
0.970433
0.985162
1.00022
1.01549
1.0307
1.04563
1.05995
1.07351
1.0861
1.09776
1.10841
1.11815
1.12687
1.13467
1.14157
1.14778
1.15322
1.15786
1.16147
1.16409
1.16557
1.16601
1.16517
1.16319
1.1598
1.15525
1.14932
1.14237
1.13414
1.12498
1.1146
1.1034
1.09109
1.07809
1.06406
1.04934
1.03364
1.01723
0.999867
0.981729
0.962557
0.942465
0.921245
0.899124
0.875606
0.851179
0.825167
0.798177
0.769038
0.738883
0.706242
0.672726
0.636415
0.59942
0.559475
0.519151
0.475935
0.432731
0.38698
0.341658
0.294332
0.247633
0.19933
0.152356
0.106049
0.0634274
0.0238289
0.00975769
-0.0029312
-0.0202564
-1.15388
-1.76119
-10.2403
-9.21021
-11.3179
5.11121
3.86356
5.5663
7.58008
7.97467
9.13076
9.06519
-2.74746
-5.16374
-4.01441
8.37928
4.94746
6.5612
-15.3283
-13.8533
-9.97493
-1.06328
-0.0488895
-0.06587
-16.5345
-22.0468
-18.1506
-3.73401
-11.9059
-0.022312
0.00111571
0.0357703
0.0813205
0.131485
0.181557
0.231659
0.280279
0.328248
0.37442
0.41987
0.463405
0.505992
0.546514
0.585826
0.623061
0.658888
0.692765
0.725185
0.75584
0.785069
0.812684
0.839037
0.864098
0.888129
0.910789
0.932451
0.953128
0.972481
0.990869
1.00832
1.02482
1.04041
1.05501
1.06871
1.08142
1.09322
1.10395
1.11361
1.12209
1.12939
1.13542
1.14018
1.14358
1.14559
1.14626
1.14562
1.14383
1.14088
1.13693
1.13198
1.12626
1.11985
1.11296
1.10546
1.09739
1.08857
1.07912
1.06899
1.05829
1.04699
1.03529
1.02332
1.01133
0.999413
0.987709
0.976264
0.965285
0.955009
0.945735
0.937801
0.931637
0.927775
0.926604
0.928453
0.933507
0.942168
0.954828
0.97197
0.993663
1.01972
1.04958
1.08235
1.11644
1.14993
1.1819
1.21149
-1.06938
10.2412
10.5593
0.661891
-3.44703
-8.41231
7.81063
10.1547
4.05758
6.26227
8.62448
4.28879
-18.2848
-14.2366
-0.0143685
0.0193332
0.029134
0.0428471
0.0580384
0.070589
0.0798516
0.0852901
0.0865036
0.0841609
0.0788958
0.0719772
0.0639137
0.056716
0.043908
0.0334298
0.0118974
-0.0126389
-0.0525282
-0.116123
-0.196287
-0.292585
-0.388759
-0.47259
-0.529792
-0.547247
-0.518182
-0.4432
-0.328858
-0.183792
-0.0165042
0.169499
0.370891
0.578092
0.783997
0.980538
1.16348
1.31143
1.405
1.44302
1.43229
1.37747
1.2874
1.17597
1.05512
0.932762
0.819687
0.719823
0.63643
0.566973
0.5061
0.45172
0.403212
0.358732
0.317273
0.275052
0.231804
0.305218
0.378909
0.45006
0.517141
0.579846
0.63951
0.695272
0.747415
0.795799
0.841072
0.883568
0.923669
0.961872
0.998561
1.03402
1.06875
1.10264
1.13615
1.16903
1.20175
1.23397
1.26596
1.29745
1.32859
1.35912
1.38919
1.41867
1.44748
1.47508
1.50313
1.52981
1.55561
1.58048
1.60438
1.62739
1.64953
1.67087
1.6915
1.71143
1.73066
1.74919
1.76704
1.78417
1.80046
1.81575
1.82994
1.84301
1.85515
1.86643
1.87705
1.88719
1.89729
1.90787
1.91954
1.93284
1.94822
1.96613
1.98695
2.01107
2.03868
2.06991
2.10468
2.14295
2.18462
2.22976
2.27838
2.33045
2.38582
2.44429
2.50564
2.56959
2.63591
2.70436
2.77474
2.84661
2.91953
2.99301
3.06692
3.14117
3.2157
3.28947
3.36088
3.42817
3.49072
3.54757
3.60126
3.65504
3.64014
3.63131
3.62645
3.62703
3.63429
3.64873
3.67129
3.70243
3.74258
3.79245
3.85287
3.92484
4.00979
4.10963
4.22557
4.35783
4.50679
4.67602
4.88014
5.13637
5.40366
5.71174
6.06076
6.41203
6.69673
6.92048
6.9804
6.81493
6.39369
5.79439
5.02802
4.31451
3.71351
3.19148
2.66989
2.22363
1.91623
1.69058
1.50805
1.36246
1.25184
1.17053
1.11259
1.07333
1.04893
1.03694
1.03475
1.0403
1.05231
1.06941
1.0908
1.11591
1.14351
1.17312
1.20385
1.24009
-11.6174
-6.44333
-3.13144
-4.1293
-8.92823
-0.0898135
-0.0579625
-0.0264867
0.0144945
0.0622413
0.113996
0.165698
0.217291
0.266964
0.315691
0.362415
0.408095
0.451831
0.494342
0.534933
0.574066
0.611372
0.647075
0.68109
0.713516
0.744407
0.773815
0.801834
0.828495
0.853824
0.877887
0.900968
0.922893
0.943563
0.963499
0.982212
0.999859
1.01646
1.03202
1.04658
1.06008
1.07259
1.08398
1.0943
1.10333
1.11118
1.11764
1.12282
1.12647
1.12874
1.1294
1.12872
1.12658
1.12329
1.11872
1.11323
1.10682
1.09985
1.09234
1.0846
1.07645
1.06803
1.05914
1.04998
1.04043
1.03071
1.02076
1.01089
1.00114
0.991778
0.982821
0.974419
0.966511
0.959245
0.9527
0.947138
0.942767
0.939952
0.939085
0.940557
0.944697
0.951748
0.962086
0.976125
0.994434
1.01735
1.04504
1.07709
1.11275
1.14977
1.18652
1.22132
1.25246
1.28067
1.31101
1.27153
1.23469
1.20322
1.172
1.1433
1.11836
1.09839
1.08424
1.07698
1.07789
1.08831
1.11052
1.14602
1.19867
1.27324
1.3742
1.50915
1.68431
1.89872
2.15065
2.45019
2.81824
3.23423
3.75168
4.3989
5.0345
5.56511
6.05602
6.41162
6.58686
6.61897
6.50397
6.25243
6.02342
5.76601
5.46001
5.17864
4.95215
4.7519
4.57902
4.42555
4.28944
4.17013
4.06639
3.97709
3.90116
3.83727
3.78442
3.74184
3.70891
3.68519
3.67022
3.66377
3.6651
3.67355
3.68843
3.70963
3.68032
0.186122
0.257087
0.332616
0.407508
0.478218
0.544402
0.607015
0.664578
0.718948
0.768922
0.816266
0.86029
0.902573
0.942347
0.981268
1.01825
1.05496
1.09023
1.12532
1.1593
1.19299
1.22582
1.25835
1.29007
1.32144
1.3519
1.38203
1.41146
1.44035
1.468
1.49526
1.52155
1.54708
1.57157
1.59529
1.61802
1.63998
1.66102
1.6814
1.70093
1.71984
1.73791
1.75538
1.77195
1.78774
1.80233
1.81594
1.82823
1.83963
1.84992
1.85966
1.86874
1.87799
1.88765
1.89873
1.91152
1.92691
1.94509
1.96682
1.99217
2.02156
2.05474
2.09186
2.13258
2.17697
2.22476
2.27597
2.33038
2.38793
2.44842
2.51158
2.57715
2.64483
2.71441
2.78551
2.85778
2.93069
3.00406
3.07791
3.15247
3.22769
3.302
3.37438
3.44323
3.50744
3.5674
3.62485
0.123266
0.165946
-0.00455737
0.02293
0.0271708
0.0364007
0.0472481
0.0561382
0.0622176
0.0652934
0.0652482
0.0631497
0.0597151
0.0560849
0.0521716
0.0497398
0.0464021
0.0467881
0.0491706
0.0521838
0.0518657
0.0411893
0.0225361
-0.00730384
-0.0384843
-0.0643641
-0.0770023
-0.075424
-0.0626671
-0.0446775
-0.0250031
-0.00257943
0.0273856
0.0736051
0.142578
0.241684
0.374494
0.537192
0.72674
0.910782
1.05386
1.14035
1.1717
1.15111
1.08726
0.995352
0.888135
0.778654
0.679125
0.592315
0.519317
0.45799
0.404999
0.358254
0.316919
0.278327
0.240937
0.203263
-16.9739
6.53218
6.00878
8.93708
-6.05386
10.6788
-13.1878
-15.334
7.66083
5.39044
3.17724
8.84144
0.0714997
-0.868717
-4.00346
0.0715949
0.135347
-0.0441092
-0.152858
-4.61352
-13.1131
3.79556
1.34819
1.35258
-18.4712
1.38187
3.81221
0.0250607
-9.07043
-4.97173
9.33433
7.05727
6.15308
-17.3898
0.139685
0.109541
0.198991
0.169282
0.262035
0.22905
0.341089
0.298688
0.448988
0.390234
0.597283
0.51779
0.772491
0.685782
0.870293
0.837299
0.777298
0.852186
0.474141
0.646195
0.116899
0.284295
-0.0537626
0.00188969
-0.0202044
-0.0570565
0.0995681
0.0368408
0.203238
0.158248
0.240435
0.231592
0.218482
0.235594
0.167706
0.194678
0.118473
0.142731
0.0791957
0.0978302
0.0481538
0.0631663
0.0412283
0.0431202
0.0423407
0.0410322
0.0447407
0.0435545
0.0454994
0.045293
0.0420044
0.044398
0.0320136
0.0379429
0.0168292
0.0246811
0.00229037
3.65494
3.71494
3.52723
3.59218
3.38825
3.45943
3.23907
3.3143
3.08966
3.16402
2.94268
3.01605
2.7964
2.86941
2.65306
2.72412
2.51615
2.58363
2.38835
2.45094
2.27193
2.32864
2.16773
2.21825
2.07702
2.12055
2.00199
2.03738
1.94464
1.97103
1.90456
1.92259
1.87798
1.88988
1.85939
1.86801
1.84329
1.85132
1.82517
1.83463
1.80293
1.81458
1.77605
1.79001
1.745
1.76092
1.71072
1.72819
1.67343
1.69238
1.63296
1.65357
1.58877
1.61127
1.54058
1.56507
1.48869
1.51487
1.43403
1.46149
1.37633
1.40533
1.31556
1.34592
1.25226
1.28387
1.18613
1.21916
1.11697
1.15148
1.04465
1.08059
0.968659
1.00629
0.88752
0.927699
0.798725
0.842942
0.698732
0.748958
0.58333
0.641621
0.448315
0.516579
0.29267
0.370907
0.208845
1.26956
1.31148
1.19569
1.23103
1.13967
1.16498
1.10869
1.12067
1.11076
1.10494
1.15753
1.1278
1.26548
1.20237
1.46654
1.35212
1.80505
1.61687
2.27597
2.0257
2.9448
2.57219
3.86545
3.3863
4.90168
4.38098
5.78261
5.40431
6.28455
6.09539
6.3028
6.34933
5.94865
6.15162
5.45323
5.70121
4.99797
5.22218
4.62647
4.79854
4.33782
4.47459
4.10909
4.2161
3.93719
4.01643
3.81547
3.87062
3.73701
3.7712
3.69761
3.71266
3.69542
3.69199
3.73083
3.70771
3.76197
1.28943
1.31911
1.21677
1.25477
1.1365
1.17651
1.06557
1.09907
1.01316
1.037
0.978737
0.994039
0.958292
0.967057
0.948715
0.952372
0.947145
0.947156
0.950523
0.948397
0.957006
0.953375
0.966738
0.961358
0.980128
0.972892
0.99637
0.987871
1.01382
1.0049
1.03152
1.02251
1.04925
1.04025
1.06689
1.05794
1.08413
1.07552
1.09941
1.09205
1.11068
1.10562
1.11635
1.11425
1.11556
1.11679
1.10815
1.11267
1.09479
1.10218
1.07614
1.08611
1.05274
1.06501
1.02502
1.0394
0.993071
1.00958
0.956907
0.975576
0.916177
0.937103
0.870982
0.894224
0.820922
0.846657
0.765737
0.794095
0.705068
0.736256
0.638443
0.672703
0.565397
0.602939
0.485662
0.52655
0.399293
0.443417
0.306634
0.353794
0.207921
0.258052
0.103082
0.156197
-0.00355102
0.0494002
-0.0987068
-0.0534998
-0.16702
-0.135775
-7.82047
-0.0363763
0.00604072
1.46745
3.88478
1.46296
3.86815
-0.000528881
-0.187501
-0.219067
-0.0731333
-0.129587
0.045717
-0.0105461
0.153162
0.102021
0.254029
0.205139
0.349534
0.302987
0.439175
0.395452
0.522368
0.481782
0.598842
0.561522
0.668734
0.634603
0.73246
0.701302
0.790463
0.762084
0.843161
0.81736
0.890957
0.867581
0.934004
0.912988
0.97259
0.953782
1.00674
0.990175
1.03658
1.02214
1.06208
1.04982
1.08291
1.07305
1.09841
1.0913
1.10789
1.1039
1.11037
1.10999
1.10556
1.10881
1.0941
1.10051
1.07762
1.08632
1.05817
1.06804
1.03815
1.04802
1.019
1.02838
1.00073
1.00968
0.983212
0.991777
0.967278
0.974833
0.955312
0.960556
0.949075
0.951403
0.947599
0.947855
0.948441
0.947808
0.951476
0.949525
0.959763
0.954737
0.976899
0.967024
1.0057
0.989737
1.04857
1.02517
1.11008
1.07672
1.19119
1.14863
1.27926
1.23592
1.36274
1.32014
1.41156
3.80003
3.84889
3.73215
3.75969
3.71114
3.71626
3.73129
3.71628
3.79114
3.75622
3.89331
3.8367
4.04311
3.96186
4.24852
4.13844
4.51477
4.37399
4.84445
4.67178
5.21759
5.02885
5.71424
5.45548
6.01761
5.89424
6.17808
6.15673
5.9031
6.08196
5.25648
5.61976
4.42709
4.91317
3.37706
3.89452
2.69121
3.0123
2.12207
2.39441
1.68638
1.88375
1.40493
1.52848
1.23932
1.30996
1.15356
1.18909
1.12407
1.13267
1.13583
1.12546
1.18014
1.15427
1.25324
1.21305
1.35473
1.30084
1.41049
0.172127
0.0870843
0.348411
0.264362
0.500745
0.429687
0.629043
0.569259
0.738383
0.687287
0.833957
0.789107
0.920116
0.879317
0.999922
0.961662
1.07521
1.03876
1.14694
1.11203
1.21545
1.18207
1.28082
1.24893
1.34334
1.3128
1.40305
1.37383
1.45988
1.43205
1.51334
1.48721
1.56294
1.53873
1.60848
1.58628
1.65002
1.62979
1.68798
1.66946
1.72288
1.70586
1.75455
1.73915
1.78249
1.7691
1.80578
1.79477
1.82415
1.81558
1.83849
1.83168
1.85229
1.84513
1.8712
1.86068
1.90231
1.88476
1.95182
1.9245
2.02162
1.98425
2.10908
2.06338
2.21061
2.15823
2.32461
2.26606
2.45076
2.3862
2.5874
2.51796
2.73123
2.65863
2.87861
2.80474
3.02583
2.95241
3.17243
3.09901
3.32184
3.2467
3.47275
3.39759
3.61728
3.54653
3.74839
3.68446
3.80966
-0.10214
-0.00391928
-0.0225474
0.0173158
0.00558764
0.0261697
0.0238482
0.0268325
0.0267179
0.0271756
0.0269532
0.0284648
0.0279289
0.02872
0.0283986
0.0357095
0.0304604
0.0606409
0.0423712
0.101317
0.0788993
0.162344
0.129902
0.232054
0.197576
0.293295
0.264705
0.321671
0.314182
0.254938
0.304121
0.0740679
0.175878
-0.139632
-0.0367349
-0.218012
-0.209086
-0.0215312
-0.152417
0.296838
0.137768
0.511715
0.426428
0.53396
0.543106
0.437703
0.495129
0.327485
0.379263
0.24411
0.281245
0.185214
0.212068
0.140176
0.161351
0.103038
0.121122
0.0632413
0.0842983
0.0349244
-14.0642
-0.323749
-8.66419
-13.2369
-0.435994
-21.1504
-16.9075
-20.3368
-21.9244
-19.5659
-16.11
11.0257
12.5674
12.173
11.0594
7.94614
-4.68198
-4.17568
-5.22571
-5.05318
-4.8416
-1.56668
3.88748
1.22089
-6.13898
-0.321468
-0.228064
-0.143235
-0.0711661
-0.00781719
0.0503919
0.102243
0.154953
0.204557
0.254593
0.302125
0.349391
0.394378
0.438557
0.480557
0.521432
0.560196
0.597709
0.633215
0.667483
0.699898
0.731156
0.760717
0.789178
0.816079
0.841949
0.866397
0.889839
0.911928
0.932987
0.952761
0.971541
0.98908
1.00558
1.0209
1.03521
1.04833
1.0604
1.0712
1.0808
1.08901
1.09588
1.10119
1.10492
1.10684
1.10694
1.10506
1.10136
1.09584
1.08879
1.08034
1.07082
1.06048
1.04972
1.0388
1.02801
1.01747
1.00725
0.997262
0.987551
0.97815
0.969243
0.961045
0.953915
0.948154
0.944054
0.94168
0.940947
0.941539
0.943091
0.945225
0.947725
0.950575
0.954012
0.958486
0.964595
0.972927
0.983988
0.998135
1.01549
1.0361
1.06024
1.08897
1.12428
1.16839
1.2224
1.28503
1.34965
1.40485
1.44355
1.48222
1.5984
3.98749
3.88337
3.82062
3.77488
3.74463
3.72718
3.72132
3.726
3.74085
3.76605
3.80158
3.84771
3.90512
3.97475
4.05734
4.15367
4.26493
4.39292
4.53979
4.7081
4.8995
5.10731
5.31076
5.48925
5.64541
5.83844
6.01721
6.04152
6.04343
5.98886
5.74274
5.52136
5.14643
4.68028
4.31341
3.99244
3.62208
3.19204
2.73527
2.36974
2.09688
1.88578
1.70827
1.55681
1.43176
1.33442
1.25839
1.2029
1.1669
1.14428
1.13395
1.13403
1.14369
1.16207
1.18834
1.22266
1.2664
1.3199
1.38421
1.46372
1.58494
1.78136
-0.119704
-0.0618354
0.0516184
0.154769
0.254599
0.339825
0.423293
0.494336
0.564227
0.624269
0.6833
0.734963
0.785891
0.831521
0.87676
0.918282
0.95966
0.998425
1.03715
1.07393
1.11063
1.14576
1.1807
1.21426
1.2475
1.2795
1.3112
1.34182
1.37203
1.40125
1.43004
1.4579
1.48516
1.51142
1.5369
1.56128
1.58474
1.60707
1.62843
1.6487
1.66805
1.68644
1.704
1.72066
1.73647
1.75132
1.76529
1.77816
1.78988
1.80035
1.80961
1.81763
1.82463
1.83091
1.83704
1.84368
1.85165
1.8618
1.87513
1.8925
1.91462
1.94189
1.97436
2.01177
2.05372
2.09976
2.14954
2.20279
2.25941
2.3193
2.38236
2.4484
2.51714
2.58818
2.66098
2.73501
2.80978
2.88478
2.95949
3.03358
3.10719
3.18089
3.25567
3.33275
3.41334
3.4975
3.58237
3.66123
3.7274
3.78095
3.8446
3.98659
4.22104
0.215138
0.0563658
-0.00496678
-0.0100427
-0.00443826
0.0050702
0.00932392
0.00981025
0.00947273
0.00907572
0.00905779
0.00907935
0.00955579
0.0101866
0.00979478
0.0102025
0.0109984
0.0142065
0.0154904
0.0251629
0.0330877
0.0434281
0.0594933
0.0803606
0.108562
0.141579
0.177623
0.211354
0.234066
0.246092
0.234805
0.191541
0.125858
0.0417792
-0.0539884
-0.151842
-0.228461
-0.260445
-0.234011
-0.163479
-0.0712822
0.0237553
0.105156
0.159381
0.183941
0.192166
0.181806
0.162912
0.140793
0.117907
0.0994325
0.0857429
0.0740052
0.0646894
0.0565018
0.0494653
0.0436084
0.0376893
0.0315493
0.0256682
0.0219141
0.0301531
0.0132274
-11.6667
-8.34228
4.84204
0.272553
)
;

boundaryField
{
    frontandback
    {
        type            empty;
    }
    walls
    {
        type            zeroGradient;
    }
    diamond
    {
        type            zeroGradient;
    }
    inlet
    {
        type            zeroGradient;
    }
    outlet
    {
        type            fixedValue;
        value           uniform 0;
    }
}


// ************************************************************************* //
