/*--------------------------------*- C++ -*----------------------------------*\
  =========                 |
  \\      /  F ield         | OpenFOAM: The Open Source CFD Toolbox
   \\    /   O peration     | Website:  https://openfoam.org
    \\  /    A nd           | Version:  10
     \\/     M anipulation  |
\*---------------------------------------------------------------------------*/
FoamFile
{
    format      ascii;
    class       volScalarField;
    location    "26";
    object      p;
}
// * * * * * * * * * * * * * * * * * * * * * * * * * * * * * * * * * * * * * //

dimensions      [0 2 -2 0 0 0 0];

internalField   nonuniform List<scalar> 
6397
(
0.293379
0.281641
0.0104924
0.0106619
0.000222904
0.00153593
0.520096
0.302012
-0.372036
-0.361408
0.24555
0.133601
4.18787e-05
0.000133975
-0.00629306
-0.550916
-0.550105
-0.528265
0.839562
0.796058
0.753284
-0.401736
-0.348001
-0.330873
0.000764595
0.0003773
0.00141066
-0.0783298
-0.0899716
-0.0691169
-0.0777658
0.017332
0.018024
0.0102259
0.0268107
0.0275496
0.0233652
0.0240167
0.0333851
0.033523
0.0308022
0.0311089
-0.0631897
-0.0196938
-0.0206498
0.00145618
-0.0090574
-0.00858136
0.0345149
0.0347061
0.0344009
0.0349148
0.0350899
0.299578
0.279803
0.221287
0.232493
0.0733309
-0.16343
-0.168335
-0.146967
-0.12447
-0.101171
-0.0821813
-0.0692057
-0.0618322
-0.0592195
-0.0614457
-0.14664
-0.160762
-0.141902
-0.140764
-0.126072
-0.106362
-0.0872237
-0.0722186
-0.0630134
-0.0587012
-0.0588781
-0.0637825
-0.129314
-0.144169
-0.0693175
-0.0744468
-0.113476
-0.12443
-0.0827833
-0.0910341
-0.0978926
-0.105459
-0.101039
-0.113198
-0.0845764
-0.0741223
-0.122214
-0.13995
-0.0857242
-0.0659155
-0.0745882
-0.110347
-0.0985225
-0.120642
-0.118684
-0.102443
-0.114921
-0.0713371
-0.0864981
-0.0542104
-0.0603209
-0.0542193
-0.0522657
-0.0731311
-0.0608359
-0.116805
-0.0917492
-0.147665
-0.0685461
-0.0988479
-0.0820997
-0.0547397
-0.0587953
-0.0615796
-0.05582
-0.0888443
-0.072076
-0.139065
-0.112239
-0.181696
-0.165093
-0.173675
-0.185373
-0.129342
-0.152819
-0.090515
-0.107549
-0.0669243
-0.070119
-0.0601531
-0.180118
-0.166914
-0.0730543
-0.115258
-0.0843483
-0.206066
-0.179193
-0.209108
-0.0640699
-0.0553685
-0.0508663
-0.0577595
-0.143949
-0.0701355
-0.0617104
-0.0875792
-0.0792559
-0.0940789
-0.0933477
-0.0787541
-0.0891063
-0.0548179
-0.0662548
-0.0429988
-0.0469553
-0.0456717
-0.042616
-0.0658671
-0.0530803
-0.111296
-0.0850946
-0.143884
-0.0509149
-0.0610007
-0.0448367
-0.0452474
-0.0579316
-0.0492832
-0.0913126
-0.0716273
-0.146569
-0.1171
-0.190279
-0.173004
-0.178105
-0.191465
-0.128886
-0.155095
-0.0865011
-0.10533
-0.0732947
-0.0626402
-0.0649097
-0.0494939
-0.0571203
-0.0906298
-0.125813
-0.187558
-0.164333
-0.196251
-0.2239
-0.216908
-0.0569793
-0.0868777
-0.050991
-0.0596172
-0.0535177
-0.0512819
-0.0402288
-0.0432379
-0.0491879
-0.0554404
-0.159435
-0.0424751
-0.0404642
-0.0524101
-0.0464337
-0.0655251
-0.0590286
-0.0689919
-0.0695145
-0.0559135
-0.0646207
-0.0377475
-0.0462671
-0.0305066
-0.0326197
-0.0348791
-0.0314035
-0.0543196
-0.042303
-0.0972424
-0.0725433
-0.129086
-0.045431
-0.0525826
-0.0315034
-0.0375117
-0.0325711
-0.029775
-0.0505841
-0.0398488
-0.0870707
-0.0660654
-0.144072
-0.11396
-0.188067
-0.171184
-0.17421
-0.188634
-0.122642
-0.149616
-0.0790339
-0.0986278
-0.0648831
-0.0611705
-0.0621751
-0.0573889
-0.214541
-0.12513
-0.19306
-0.040447
-0.0752958
-0.215653
-0.205294
-0.0560349
-0.0491004
-0.0583959
-0.0515962
-0.044943
-0.0383876
-0.0303047
-0.0342256
-0.209581
-0.181427
-0.185862
-0.0446887
-0.161744
-0.029004
-0.0289367
-0.0347133
-0.0309483
-0.0438249
-0.0397452
-0.045583
-0.0462219
-0.0346034
-0.0413719
-0.0217947
-0.027416
-0.0180525
-0.0187711
-0.0229301
-0.0194133
-0.0402148
-0.0295863
-0.0773976
-0.0559497
-0.137332
-0.105176
-0.188601
-0.168304
-0.16263
-0.1878
-0.0187738
-0.00993901
-0.0168601
-0.0173682
-0.0203342
-0.011163
-0.0135716
-0.0182036
-0.0128068
-0.0389139
-0.0270387
-0.0758955
-0.054849
-0.13281
-0.102815
-0.176142
-0.159778
-0.161159
-0.176007
-0.110327
-0.136742
-0.0677434
-0.0863474
-0.0542218
-0.0628737
-0.0621889
-0.0607749
-0.0286213
-0.00279553
-0.138172
-0.120191
-0.11224
-0.181424
-0.040149
-0.0422375
-0.0327845
-0.0269568
-0.0590712
-0.17543
0.00128246
-0.0199112
-0.143942
-0.0934718
-0.0726142
-0.034094
-0.149059
-0.0195145
-0.0300811
-0.0239315
-0.0154843
-0.0167563
-0.0181292
-0.0159255
-0.024151
-0.02129
-0.0244831
-0.02549
-0.0157656
-0.0208794
-0.00742148
-0.0108215
-0.00614024
-0.00598381
-0.0109168
-0.00770638
-0.0252545
-0.0165574
-0.0548802
-0.0378087
-0.102895
-0.0771768
-0.150113
-0.130306
-0.133767
-0.153771
-0.0465373
-0.0940792
0.0150886
0.0180259
0.017913
0.00799595
0.0110095
0.00763287
0.00641017
0.00820681
0.00874303
-0.00229665
0.00449427
-0.0237957
-0.0117866
-0.0596273
-0.0393694
-0.113984
-0.0853801
-0.154873
-0.139574
-0.139947
-0.154267
-0.092432
-0.116964
-0.0540279
-0.0710039
-0.0415976
0.00132492
0.0154605
-0.0310472
-0.00102288
-0.0316278
-0.0228132
-0.0424813
-0.0313631
-0.0605635
-0.0525555
-0.068172
-0.0658879
-0.0637407
-0.0674347
-0.0484309
-0.0573368
-0.0379002
-0.0918081
-0.153817
-0.044444
-0.136803
-0.0161388
-0.102756
0.0109236
-0.00173491
-0.0564818
0.0354287
0.000675149
-0.0191784
-0.0267479
-0.124677
-0.00817391
-0.0131459
-0.00256351
-0.00478011
-0.00317663
-0.00235114
-0.00667018
-0.00499288
-0.00612871
-0.0072594
0.000221516
-0.00329867
0.00488333
0.00320507
0.00467045
0.00525259
0.000432651
0.00317256
-0.0108243
-0.00412133
-0.0325746
-0.0201578
-0.0676076
-0.0485695
-0.105322
-0.0881157
-0.098573
-0.111207
-0.0216164
-0.0645949
0.0604679
0.0224895
0.030313
0.0210451
0.0262534
0.0335758
0.0329427
0.0306542
0.0323567
0.027921
0.0286825
0.0250356
0.0271815
0.0131381
0.0203146
-0.00749471
0.00382943
-0.040019
-0.0217605
-0.0890804
-0.0631525
-0.126593
-0.112528
-0.112798
-0.125806
-0.0717429
-0.0927259
-0.0387
-0.0533747
-0.0207663
-0.0281853
-0.0118156
-0.0154079
-0.00949959
-0.0458381
-0.0209964
-0.0335163
-0.0666213
-0.0570634
-0.0775501
-0.0736527
-0.0748828
-0.0778728
-0.0596326
-0.0685943
0.00407317
0.0138768
0.063591
0.0909324
-0.0357134
-0.0483914
-0.0710323
-0.120363
-0.0357487
-0.10121
-0.0170496
-0.0708583
-0.00794337
-0.0299222
0.00377813
-0.00642244
0.0241007
0.113553
0.0854617
0.0124341
-0.00959757
0.000851203
0.130563
0.121248
0.135251
-0.022742
-0.0468884
-0.0306823
-0.0973756
-0.0080562
-0.0150915
0.00276681
-0.00220747
0.00872563
0.00628824
0.00963961
0.00968703
0.0079187
0.00874829
0.0089667
0.00784422
0.0131074
0.0109933
0.0150872
0.0145594
0.0141593
0.0148753
0.0106105
0.0128402
0.00224877
0.00712323
-0.0126285
-0.00426531
-0.0352342
-0.0230471
-0.059275
-0.0482516
-0.0521053
-0.0624805
0.00201488
-0.0309375
0.0732098
0.0391136
0.10103
0.0290874
0.0218445
0.039294
0.0346006
0.0460411
0.0430918
0.047139
0.0472356
0.0442289
0.0458116
0.039115
0.042197
0.0273653
0.0341587
0.00909817
0.0189594
-0.0181458
-0.00290235
-0.0607048
-0.0379157
-0.0944014
-0.0816462
-0.0826369
-0.0935622
-0.0495502
-0.066301
-0.0236208
-0.0350834
-0.00894692
-0.0151632
-0.00155123
-0.00458356
0.000586247
-0.0245676
-0.0116199
-0.0512509
-0.0377059
-0.0756175
-0.0641908
-0.0901439
-0.0845126
-0.0895513
-0.0918851
-0.0737565
-0.0834068
-0.0613017
-0.0559993
-0.091285
-0.0333129
-0.0750744
-0.0220079
-0.0489956
-0.0184709
-0.0108247
-0.0215275
0.0428503
-0.0133347
-0.0266468
0.10356
0.142538
0.14276
-0.00215487
-0.0302732
-0.0156992
0.143384
0.132537
0.130904
-0.0600571
-0.0414439
-0.00913811
-0.0165323
-0.0753959
0.0030745
-0.00356098
0.0127211
0.00809148
0.0183319
0.0159454
0.0199888
0.0195629
0.0196145
0.0197821
0.0208683
0.01993
0.023059
0.0220973
0.0233398
0.0234562
0.0222329
0.0229106
0.0193996
0.0211358
0.0135196
0.016867
0.00398411
0.00924094
-0.0090231
-0.00221884
-0.0204844
-0.0156583
-0.0135074
-0.0206385
0.0261973
0.00222783
0.0799521
0.0535583
0.118231
0.102105
0.128429
0.0198196
0.00964793
0.0354076
0.0283285
0.0459266
0.0410289
0.053796
0.0501466
0.058121
0.0564759
0.0569692
0.0581153
0.0515194
0.054737
0.0412905
0.0470242
0.0265425
0.0344209
0.00455815
0.0170254
-0.0323076
-0.0123835
-0.0606634
-0.0503984
-0.052386
-0.0605803
-0.0281
-0.0402995
-0.00922134
-0.0176285
0.0018821
-0.00276616
0.00767907
0.00527732
0.00932393
-0.00212261
0.00882608
-0.0284127
-0.014897
-0.0576789
-0.0426797
-0.0858791
-0.0724462
-0.104441
-0.0968111
-0.106432
-0.107809
-0.0896711
-0.100228
-0.0759546
-0.0488527
-0.071786
-0.0363611
-0.058715
-0.032194
-0.0340784
-0.0351352
0.0039732
-0.0419248
0.058258
-0.048013
0.118354
-0.0307954
-0.0500981
0.148535
0.123537
0.137963
-0.018876
-0.0623974
0.00352713
-0.00724436
-0.00408403
0.0132389
0.00770075
0.0211642
0.0172635
0.0260764
0.0240197
0.0281226
0.0274082
0.0287056
0.0284299
0.0297858
0.0292008
0.0304582
0.0302913
0.0299376
0.0302965
0.0288916
0.0294878
0.0267237
0.0280054
0.0228542
0.0250009
0.0172532
0.0202543
0.0108527
0.0140027
0.00782197
0.00845425
0.01752
0.0104338
0.0467672
0.0302279
0.0846478
0.0659888
0.112194
0.100502
0.120397
0.118834
0.109304
0.117126
0.00716784
-0.0156431
-0.00378059
0.0259146
0.0171541
0.0401855
0.0335324
0.0506291
0.0457483
0.0587149
0.0549146
0.0641844
0.0618912
0.0655691
0.0655417
0.0621687
0.0643806
0.0548748
0.0589578
0.0439703
0.0499108
0.0254175
0.0362374
-0.00678143
0.010415
-0.0298451
-0.0216824
-0.0246538
-0.0300008
-0.00886502
-0.0167868
0.00362767
-0.00198959
0.0114532
0.00807033
0.0156119
0.0138554
0.0179182
0.0169371
0.0183214
-0.00445156
0.016153
0.00684724
-0.0312928
-0.0171262
-0.0636342
-0.0469587
-0.0954397
-0.0801666
-0.117801
-0.108308
-0.122357
-0.122713
-0.104894
-0.116271
-0.0714017
-0.0893851
-0.0219983
-0.0528567
-0.0469384
-0.0275699
0.111223
0.0972334
-0.0486513
-0.0614715
0.0243476
-0.0457261
-0.0496043
0.001714
-0.0242482
-0.00123146
-0.050067
-0.024914
-0.0595062
0.0140921
-0.068782
0.071485
-0.0742241
0.13009
-0.0724814
0.14668
-0.0387627
-0.0628365
0.125738
0.0942628
0.0815065
-0.0576388
0.0140149
0.00956598
0.0218336
0.0182779
0.0281631
0.0251837
0.0324407
0.0305592
0.0345666
0.0337406
0.0355676
0.0351471
0.0361192
0.0359337
0.035883
0.0361162
0.0351422
0.035534
0.0342201
0.0347295
0.0326572
0.0335398
0.0303143
0.0315731
0.0274486
0.0289069
0.025246
0.0261282
0.026887
0.0252977
0.0376277
0.0308329
0.0599983
0.0474052
0.0866265
0.0736702
0.105046
0.0974773
0.108786
0.10902
0.0964622
0.10443
0.070603
0.0849914
-0.00313869
-0.0206188
-0.0122663
0.0150854
0.00609496
0.0309764
0.0233165
0.0437305
0.0376767
0.0537318
0.0490214
0.0617058
0.0579287
0.0676827
0.0650089
0.0706111
0.06963
0.0696663
0.0705699
0.0656978
0.068013
0.0581305
0.0625354
0.0418623
0.0515231
0.0149799
0.0289128
-0.00281071
0.00359704
-0.00124029
-0.00374194
0.00724895
0.00288956
0.0145251
0.0111861
0.0194957
0.0172679
0.0223903
0.0210426
0.0240034
0.0232877
0.0242431
0.0149478
0.0225842
-0.00538834
0.00554021
-0.0331771
-0.0182052
-0.0678867
-0.0500009
-0.102266
-0.0856468
-0.127425
-0.116572
-0.134041
-0.133556
-0.116197
-0.128184
-0.078497
-0.0989918
-0.0560313
-0.0482654
-0.0274983
0.0625684
0.0542813
-0.0558589
-0.058982
0.0193167
0.0151738
-0.0641896
-0.0483074
-0.0782139
-0.0231313
-0.0935432
0.0198732
-0.103715
0.08407
-0.104742
0.13794
-0.0954123
0.136018
-0.0769514
0.106768
-0.0322967
-0.0554038
0.0727873
-0.015199
-0.0173405
-0.0348096
0.0268083
0.0408476
0.0358508
-0.0608438
0.0248961
0.0226657
0.0298347
0.0277821
0.0342786
0.032303
0.0376717
0.0362613
0.0396061
0.0388647
0.0404389
0.0401579
0.0404766
0.0405642
0.0398848
0.0402403
0.0391531
0.0395162
0.0383792
0.0387907
0.0373397
0.037895
0.0361023
0.0367312
0.0350558
0.035509
0.0353345
0.0349214
0.0392019
0.0366454
0.0495037
0.0434446
0.0667282
0.0573138
0.0854352
0.0764759
0.0974617
0.0926469
0.0979806
0.0993757
0.0859254
0.0936235
0.0626291
0.0754445
0.0326442
0.0483259
-0.00654693
-0.0116545
0.00680264
-0.000181086
0.0216102
0.0141783
0.0350394
0.0285549
0.0464121
0.040943
0.0557496
0.0513178
0.0634186
0.0597632
0.0694435
0.0666713
0.0731402
0.0716368
0.073944
0.0738723
0.0723482
0.0734306
0.0670943
0.0704035
0.0535965
0.0615888
0.0330691
0.0434454
0.0191491
0.0247759
0.0169769
0.0169624
0.0199581
0.0182358
0.0233702
0.0217273
0.0260104
0.0248015
0.0276944
0.0269625
0.0287374
0.0282802
0.0288055
0.029041
0.0283515
0.0145699
0.0216764
-0.00522259
0.0055859
-0.0338234
-0.0183732
-0.069294
-0.0510638
-0.104673
-0.0874974
-0.131
-0.119566
-0.138453
-0.137647
-0.120415
-0.132634
-0.0793061
-0.102146
-0.0238201
-0.053006
0.0103776
-0.000410163
-0.0733886
-0.0663704
0.0162292
0.0161575
0.0225178
0.00749508
0.0227191
0.0309932
0.0173039
-0.0947574
-0.0573838
-0.11928
-0.0284951
-0.139337
0.0238801
-0.146904
0.0966531
-0.137863
0.135925
-0.116044
0.121376
-0.0870312
0.0834531
-0.0179336
-0.00437319
-0.00357826
-0.0168611
-0.0589052
0.0471296
-0.035275
0.000985353
0.0316339
0.014514
-0.0747784
0.0315821
0.0282716
0.0352783
0.0344989
0.0375277
0.036714
0.0399537
0.0388982
0.0420874
0.0412045
0.043368
0.0428903
0.0437894
0.0436966
0.0434862
0.0437161
0.0428272
0.0431774
0.0421721
0.0424922
0.0415524
0.0418645
0.0409311
0.0412373
0.040456
0.0406582
0.0405542
0.0403907
0.0421764
0.0410956
0.046852
0.0440326
0.0560466
0.0508591
0.0693053
0.0622852
0.0823714
0.0762105
0.0899366
0.0870925
0.0885887
0.0904784
0.0771335
0.0841271
0.0568946
0.0679808
0.0444436
-0.00225736
-0.00398063
0.00448954
0.000608169
0.0150214
0.0093852
0.0269411
0.020969
0.0383339
0.0327602
0.048394
0.0435318
0.0569668
0.0528603
0.0641993
0.0607348
0.0700611
0.0673274
0.0740712
0.0723249
0.0758555
0.07523
0.0755344
0.0759625
0.0718711
0.0743025
0.0616701
0.0676663
0.0467913
0.0542643
0.0350939
0.0409802
0.0300908
0.0317771
0.0294844
0.0294872
0.0302564
0.0298005
0.0312148
0.0307408
0.0319464
0.0316213
0.0323952
0.0322036
0.0322951
0.0324189
0.0319579
0.0267684
0.0306379
0.0153068
0.0213579
-0.00431491
0.00650942
-0.0327786
-0.0174941
-0.0673945
-0.0496373
-0.101959
-0.0851767
-0.127497
-0.116462
-0.134244
-0.13375
-0.115881
-0.128236
-0.0746816
-0.0976022
-0.0268615
-0.0505022
-0.00485305
0.0171925
0.0245223
-6.6985e-05
0.00382768
-0.103987
-0.0860218
-0.140099
-0.0758333
-0.174817
-0.0370419
-0.0038126
-0.196091
0.0291591
-0.194948
0.104317
-0.16938
0.121244
-0.00176048
0.00902899
0.0114331
0.000958852
-0.131083
0.0944784
-0.014509
-0.0920992
0.0536855
-0.0335124
-0.058845
0.0178544
0.0258934
0.0343464
0.0332023
-0.0159799
-0.00914854
0.0343623
-0.101913
0.0339442
0.0320676
0.0323417
0.0393501
0.036625
0.0429907
0.0418698
0.0439256
0.0436506
0.044715
0.0443805
0.0455289
0.0451844
0.0460363
0.0458639
0.0460425
0.0461147
0.0455785
0.0458586
0.0449468
0.0452658
0.0443752
0.0446493
0.0439075
0.0441274
0.0435991
0.0437264
0.0436292
0.0435547
0.044398
0.0438857
0.0466447
0.0452821
0.0513525
0.0486382
0.0591936
0.0548896
0.0693711
0.0641114
0.0784775
0.0742442
0.0830317
0.0815176
0.0804944
0.082714
0.0700035
0.0762197
0.0525634
0.0619509
0.0305922
0.0419687
0.00778711
0.0190384
-0.0213664
-0.012923
-0.00297281
0.00643641
0.00728165
0.00808648
0.00675698
0.013355
0.0102948
0.0216136
0.0172244
0.0313174
0.0263961
0.0410103
0.0362177
0.0498497
0.0455491
0.0576345
0.0538756
0.0643548
0.0611215
0.0699201
0.0672996
0.0739657
0.0721444
0.0762291
0.0753203
0.0765973
0.0766645
0.0740697
0.0758155
0.0665469
0.0709762
0.0552191
0.0610156
0.0450428
0.0501041
0.0389372
0.0414273
0.036336
0.0373341
0.0354377
0.0357516
0.0352259
0.0352777
0.0352025
0.0352117
0.035099
0.0351809
0.0348042
0.0350171
0.0342384
0.0346411
0.0339547
0.0268668
0.0305477
0.0158225
0.0219863
-0.00295978
0.00755124
-0.0301827
-0.0156566
-0.0627168
-0.046078
-0.0947816
-0.0792883
-0.117696
-0.107961
-0.122465
-0.122798
-0.104056
-0.116132
-0.0668477
-0.0870194
-0.0266037
-0.0465263
0.00276757
-0.00893557
0.0148601
-0.149194
-0.116669
-0.021287
-0.00523702
-0.011764
-0.200727
-0.0985792
-0.00779396
-0.241159
-0.0428764
-0.257009
0.0413295
-0.0237521
0.0145045
0.0235335
0.0274252
0.018349
-0.239296
0.104033
0.00424348
-0.192842
0.0955253
-0.0321354
-0.0312295
-0.0114999
-0.13803
0.0598873
-0.0303122
-0.0909751
0.0184627
-0.0553487
0.0373633
0.0326377
0.0372081
0.0275635
0.0349541
0.0342672
0.0334834
-0.141984
0.0400965
0.0383382
0.0441725
0.041953
0.0474395
0.0461332
0.0481818
0.0481111
0.0480412
0.0481697
0.0479273
0.0479934
0.0478194
0.0478985
0.047525
0.0477066
0.0469991
0.0472863
0.046416
0.0467025
0.0459234
0.0461544
0.0455884
0.0457325
0.0454984
0.0455047
0.04584
0.0455996
0.0469599
0.0462753
0.0494013
0.0479799
0.0537606
0.0513172
0.0602458
0.0567643
0.0678921
0.0640525
0.0743317
0.0714529
0.0768799
0.0762252
0.0736989
0.0760542
0.0642358
0.0697161
0.04926
0.0573336
0.0307887
0.0402999
0.0116643
0.0211098
0.00273058
0.0179012
0.0202734
0.015453
0.016264
0.0165055
0.0155256
0.0204927
0.0181864
0.0269532
0.0234435
0.0349594
0.0308668
0.0431587
0.0390377
0.0509152
0.0471191
0.0579198
0.0545165
0.0640781
0.0611054
0.06927
0.0668078
0.0731728
0.0713836
0.0755949
0.0745762
0.0762908
0.0761771
0.0744485
0.0757675
0.0686146
0.0720608
0.0594493
0.0642328
0.0506679
0.0549062
0.0445982
0.0472793
0.0410761
0.0425774
0.0391989
0.0399857
0.0382055
0.0386266
0.037615
0.0378928
0.03711
0.0373951
0.036615
0.036886
0.0359434
0.0362584
0.0355773
0.0328221
0.0346591
0.0342815
0.0268965
0.0302413
0.0164764
0.0224586
-0.00149848
0.00852628
-0.0269062
-0.0134275
-0.0565746
-0.0414944
-0.0848888
-0.0713552
-0.103864
-0.0960577
-0.105886
-0.107331
-0.0878077
-0.0992338
-0.0552119
-0.072554
-0.0208766
-0.0377727
0.00804547
-0.00501408
0.018111
-0.0281251
-0.0165428
-0.208078
-0.153842
-0.013831
-0.270089
-0.118903
0.0319188
0.0397949
0.0451054
0.0369593
-0.307519
-0.0403817
-0.0335061
0.02282
-0.308665
0.0509399
0.00793368
-0.268673
0.0873262
-0.0415316
-0.0432871
-0.00773014
-0.202437
0.0578626
-0.045266
-0.0266537
-0.135916
0.0173757
-0.0496921
-0.0846755
0.0372892
0.0357126
-0.033304
-0.0198212
-0.192214
0.040362
0.0393074
0.0397407
0.0422806
0.0413723
0.0469722
0.0448607
0.0497036
0.0485797
0.050428
0.050341
0.0499656
0.0502742
0.0493851
0.049668
0.048913
0.0491445
0.0484413
0.0486838
0.0478967
0.0481772
0.0473634
0.0476187
0.0469473
0.0471378
0.0467171
0.0468043
0.0467714
0.0467008
0.0472848
0.0469571
0.0485442
0.0478009
0.0509336
0.0495759
0.0547865
0.0526703
0.0600507
0.0572766
0.0658272
0.0629738
0.0702919
0.0683612
0.0714798
0.0713883
0.0680271
0.0703721
0.0595828
0.06439
0.0468042
0.0536449
0.0313319
0.0392301
0.0154438
0.0232645
0.00175798
0.00809121
-0.00683108
-0.00334529
-0.0217985
-0.00885459
-0.00877875
0.0311415
0.0350982
0.0255937
0.028026
0.0229812
0.023881
0.0233404
0.0228099
0.0262783
0.0245257
0.0314036
0.0285499
0.0379479
0.0345039
0.0449061
0.0413878
0.0516874
0.0483509
0.0579393
0.0548868
0.0635189
0.0608193
0.0682261
0.0660025
0.0719348
0.0702354
0.0743025
0.0732918
0.0750713
0.0749065
0.0735677
0.0746589
0.0687947
0.0716091
0.0609049
0.0651549
0.0534056
0.0558535
0.0480458
0.0505967
0.0442228
0.0459336
0.0418204
0.0428815
0.0403313
0.0409995
0.039339
0.0398097
0.0385677
0.0389434
0.0378405
0.0381506
0.0370373
0.0373515
0.0365563
0.0365694
0.0360332
0.0321434
0.0337505
0.0268218
0.0297972
0.0168101
0.0226348
-0.000402724
0.00911279
-0.0239153
-0.0115313
-0.0504288
-0.0370925
-0.0743847
-0.0631451
-0.0887671
-0.0831927
-0.087672
-0.0903643
-0.0697804
-0.0806362
-0.040654
-0.055993
-0.0104824
-0.0252122
0.0150075
0.00339448
0.0303414
0.0234019
0.0380184
0.0350972
-0.0207321
-0.272726
-0.190596
0.0395041
0.0341561
0.0506053
0.0423929
-0.334504
-0.129848
-0.00749494
-0.0214012
-0.0464636
0.0276164
-0.35767
-0.0330546
-0.0370717
0.011979
-0.335997
0.0487303
-0.0494708
-0.0589181
-0.00400042
-0.275448
0.0502733
-0.0579996
-0.0214959
-0.195429
0.00921872
-0.0617062
-0.0426415
-0.124353
-0.031112
-0.0753178
-0.00453247
0.00656052
0.00875705
0.0564637
0.0637815
-0.24506
0.0402057
0.0398389
0.0401076
0.0419235
0.0409183
0.0446478
0.0432031
0.0481774
0.046425
0.0506051
0.049592
0.0512945
0.0511596
0.0508255
0.0511396
0.0500997
0.0504588
0.0494643
0.0497676
0.0489113
0.0491809
0.0483704
0.0486394
0.0478913
0.0481174
0.0475448
0.0476987
0.0473936
0.0474405
0.0475353
0.0474206
0.0481261
0.0477633
0.049394
0.0486608
0.0516011
0.0503681
0.054908
0.0531199
0.0591318
0.0569405
0.0634727
0.0613637
0.0665238
0.0652565
0.0667991
0.0670732
0.0633125
0.0655553
0.0558585
0.0600577
0.0449852
0.0507759
0.0320837
0.0386492
0.0189498
0.025403
0.00791886
0.013014
0.00154559
0.00406702
0.00088665
0.000302678
0.00326753
0.0576168
0.0700654
0.0632332
0.0465701
0.0520055
0.0378181
0.0417032
0.0321853
0.0345835
0.0293575
0.0303952
0.0289282
0.0287559
0.0310623
0.0296424
0.0350585
0.0328158
0.0404283
0.0376227
0.0463344
0.0433505
0.0522248
0.0493085
0.0577682
0.0550509
0.062778
0.0603486
0.0670614
0.0650225
0.0704309
0.0688767
0.0726148
0.0716809
0.073315
0.0731698
0.0719788
0.0729374
0.0679625
0.0703121
0.0614899
0.0649587
0.0550566
0.057754
0.0500467
0.0524473
0.0462064
0.0479697
0.0435578
0.0447576
0.0417696
0.0425872
0.0404995
0.0410986
0.0394896
0.0399726
0.0385469
0.038986
0.0376255
0.0380281
0.036899
0.0372004
0.035816
0.0364404
0.0314246
0.033095
0.0264863
0.0293118
0.0164687
0.0222972
-0.000177161
0.00892675
-0.0220182
-0.0106219
-0.0454729
-0.0338528
-0.0650255
-0.0561159
-0.074704
-0.0714179
-0.0703656
-0.074378
-0.0522903
-0.0628155
-0.0257978
-0.0395741
0.000643369
-0.0121489
0.0216114
0.0122092
0.0334562
0.0283149
0.0387176
0.0369935
0.0392697
0.0485123
-0.328625
-0.217647
-0.00012264
0.00613496
0.0135634
0.0341407
0.0397534
-0.0174274
-0.0617231
0.0329177
-0.377593
-0.130896
-0.0376785
0.0164646
-0.376798
-0.0289712
-0.0551707
-0.0788849
-0.000318253
-0.331936
0.0232504
-0.0691155
-0.017334
-0.259152
-0.00436054
-0.0827256
-0.0785243
-0.0371335
-0.173158
-0.047922
-0.0645133
-0.107703
0.0794326
0.0650938
0.0557032
-0.287928
0.040449
0.0395948
0.0425039
0.041278
0.0452582
0.0437682
0.0483154
0.046785
0.0505229
0.0495707
0.0512615
0.0510627
0.050931
0.0511776
0.0502463
0.0505986
0.0495818
0.0499027
0.0490135
0.0492854
0.0484988
0.0487484
0.0480756
0.0482729
0.04779
0.047913
0.0476981
0.0477163
0.0478878
0.0477515
0.0484947
0.0481301
0.0496963
0.0490111
0.0516644
0.0505789
0.0544493
0.0529628
0.0578097
0.0560904
0.0610512
0.0595059
0.0630832
0.0622906
0.0627822
0.0632723
0.059441
0.0615073
0.0528902
0.0565376
0.0436702
0.0485536
0.0329205
0.0383843
0.0222268
0.0274475
0.0134437
0.01742
0.00871286
0.0105397
0.00894654
0.00811532
0.0141867
0.0112943
0.000278573
0.0102101
0.0211486
0.0171616
0.0628652
0.0758816
0.0686631
0.0524558
0.057611
0.043637
0.0477542
0.0377381
0.0402751
0.0345745
0.03587
0.0336613
0.0338284
0.0350271
0.034079
0.0381456
0.0364003
0.0425029
0.0402113
0.0474755
0.04495
0.0525661
0.0500297
0.057451
0.0550483
0.0619122
0.0597446
0.0657603
0.0639222
0.0687791
0.0673879
0.0707228
0.0698958
0.0712968
0.0711984
0.0700626
0.0709286
0.0666277
0.0686162
0.0613123
0.0641359
0.0557565
0.0583516
0.0510803
0.0533243
0.0473528
0.0490915
0.044617
0.0458767
0.0426553
0.0435623
0.0411919
0.0418805
0.0399908
0.040563
0.0388662
0.0394076
0.0377667
0.0383246
0.0367532
0.0372959
0.0354926
0.0363546
0.033317
0.0336302
0.0306317
0.0322276
0.0255716
0.0285594
0.0152263
0.0211798
-0.00113463
0.00772097
-0.0216725
-0.0110815
-0.0423779
-0.0323254
-0.0578186
-0.0510947
-0.0630165
-0.0619182
-0.0555163
-0.0608409
-0.0370148
-0.0473646
-0.012815
-0.025184
0.0100192
-0.000888175
0.0269616
0.0195006
0.036132
0.0322733
0.0394684
0.0385257
0.03977
-0.00878599
-0.0833552
0.0386538
-0.361412
-0.227741
0.0384597
0.0848893
-0.0327073
0.021515
-0.387793
-0.126707
0.0360767
0.0193044
0.0287775
-0.0563214
0.0850972
0.0783692
-0.102846
0.00343694
-0.361246
-0.0421075
-0.0770689
-0.014021
-0.30035
-0.0308586
-0.109438
-0.0932942
-0.0322123
-0.225837
-0.0717018
-0.104247
-0.0552096
-0.145945
-0.111696
-0.0094907
0.00116948
-0.0892358
0.0107322
0.0552252
0.0453746
-0.3091
0.0402002
0.0394678
0.0423851
0.041214
0.0450569
0.0438151
0.0477721
0.0464312
0.0498248
0.0489293
0.0506613
0.0503911
0.0505235
0.0506764
0.0499662
0.0502676
0.0493506
0.0496542
0.0488115
0.0490676
0.0483365
0.0485621
0.0479702
0.048139
0.04774
0.0478363
0.0476935
0.0476906
0.0479079
0.0477627
0.0484969
0.0481484
0.0495961
0.048976
0.0513124
0.0503755
0.0536296
0.0524064
0.0562876
0.0549455
0.0586936
0.0575703
0.0599936
0.0595354
0.059338
0.059948
0.0561933
0.0580867
0.0504865
0.0536365
0.0426966
0.0467981
0.0337932
0.0383073
0.0250735
0.0293156
0.018218
0.0212761
0.0148184
0.0159682
0.0157349
0.0146567
0.0206965
0.017961
0.0283855
0.0235853
0.0949556
0.0906173
0.0983757
0.0805329
0.0890313
0.0675153
0.073385
0.0573153
0.0622591
0.0485447
0.0526395
0.0424892
0.0451692
0.0390065
0.0404706
0.0376745
0.0380853
0.0383723
0.037792
0.0407119
0.0393741
0.04421
0.0423497
0.0483695
0.0462402
0.0527455
0.0505529
0.0570203
0.0549108
0.0609634
0.0590442
0.0643805
0.0627477
0.0670558
0.0658194
0.068752
0.0680371
0.0691923
0.0691439
0.0680379
0.0688278
0.0650677
0.0667699
0.0606206
0.0629701
0.055785
0.0581456
0.051465
0.0535479
0.0479046
0.049584
0.0451649
0.046442
0.0431014
0.0440655
0.0414931
0.0422559
0.0401299
0.0407884
0.0388559
0.0394863
0.0376124
0.0382602
0.0363756
0.0370403
0.0351058
0.0356922
0.0340732
0.0346289
0.0324001
0.033375
0.0331232
0.0295478
0.0311601
0.0238491
0.0272405
0.0128397
0.0190725
-0.00362756
0.00519353
-0.0232666
-0.0132923
-0.0415383
-0.0329034
-0.0531607
-0.0484738
-0.0541515
-0.0551133
-0.0436391
-0.0502274
-0.024537
-0.0348418
-0.00226219
-0.0134187
0.017352
0.00813908
0.0311439
0.0251188
0.0381068
0.0353061
0.0400728
0.0396689
0.0390018
0.0398886
0.0375413
-0.0223629
0.0269902
-0.364198
-0.224166
0.0370374
0.0355387
0.0333486
-0.0510113
-0.0122416
-0.0247142
0.0986408
0.0929739
-0.136884
0.00742911
-0.365202
-0.130994
-0.0792863
-0.011258
-0.318521
-0.0842993
-0.142588
-0.000407811
-0.10419
-0.0289755
-0.249514
-0.109662
-0.123151
-0.0483682
-0.177963
-0.150561
-0.136724
-0.0742555
-0.116689
0.0308536
0.0430795
0.0688351
0.0575812
0.0223746
0.033402
-0.30722
0.0394454
0.0382161
0.0417163
0.0405449
0.0442539
0.0427982
0.0468573
0.0455918
0.0488083
0.0479404
0.0497333
0.049396
0.0497816
0.049839
0.049374
0.0496091
0.0488417
0.0491106
0.0483258
0.0485817
0.0479266
0.0481214
0.0476162
0.0477574
0.0474371
0.0475089
0.0474288
0.0474089
0.0476572
0.047509
0.0482151
0.0478895
0.0492034
0.0486512
0.0506828
0.0498827
0.0525982
0.0515974
0.054694
0.0536493
0.0564686
0.0556599
0.0572485
0.0570237
0.0563855
0.0570507
0.0534819
0.0551941
0.0485282
0.0512403
0.0419554
0.0453968
0.034601
0.0383123
0.0275564
0.030963
0.0221872
0.0245729
0.0198069
0.0205573
0.0213682
0.0200588
0.0260153
0.0233978
0.0342769
0.0294048
0.0437589
0.0481738
0.0406682
0.038268
0.105955
0.102664
0.100981
0.110419
0.108435
0.0842691
0.092237
0.0713458
0.0773243
0.0612016
0.066081
0.0526846
0.0567084
0.0465236
0.0492915
0.0427707
0.0443794
0.0410588
0.0416813
0.0411844
0.0409118
0.0428434
0.0418543
0.0456084
0.0441172
0.0490549
0.0472751
0.0527855
0.0509064
0.0564962
0.0546586
0.0599559
0.0582689
0.0629651
0.0615272
0.0653174
0.0642333
0.0667798
0.0661699
0.0671041
0.0670962
0.0660276
0.0667484
0.0634316
0.0649072
0.0596376
0.0616399
0.0553872
0.0575048
0.0514194
0.0533457
0.0480397
0.049649
0.0453314
0.0466073
0.0432016
0.0442066
0.0414745
0.0423006
0.0399718
0.0407043
0.0385676
0.0392688
0.0372125
0.0379078
0.0359156
0.0365691
0.0346975
0.0352886
0.0335303
0.0341117
0.0328405
0.0326859
0.0320879
0.0325807
0.0313986
0.0324425
0.0279855
0.0299166
0.0212399
0.0251889
0.00919801
0.0159186
-0.00788672
0.0011644
-0.0270825
-0.0175161
-0.0432243
-0.035872
-0.0512131
-0.0484813
-0.0481529
-0.0510991
-0.0347108
-0.0425359
-0.0148482
-0.0252361
0.00597747
-0.00423539
0.0230055
0.0151632
0.0342898
0.0294159
0.0394665
0.0374982
0.0402873
0.0404021
0.0381236
0.0394992
0.0351288
0.0366808
-0.0394558
0.0856727
0.043427
0.0646263
0.0762083
-0.178817
0.0283803
0.0120127
-0.340922
-0.217585
-0.0740685
-0.00877663
-0.320343
-0.159706
0.0529722
0.0565271
-0.188932
0.0133594
0.0428317
0.0362528
0.103124
0.111997
0.0313151
0.0313282
0.0305789
0.0334306
0.0342473
0.0323077
-0.1084
-0.0275932
-0.260202
-0.159187
-0.044473
-0.0296475
-0.137723
-0.0449878
-0.190758
-0.206177
-0.17836
-0.160384
0.0245581
0.0492164
-0.0641212
-0.131639
-0.238526
-0.0920651
0.0184494
-0.290032
0.0356412
0.0345543
0.0381573
0.0368445
0.0406689
0.0394153
0.0432575
0.041927
0.0457512
0.0445467
0.0476356
0.0467894
0.0486299
0.0482427
0.0488296
0.0488076
0.0485592
0.0487308
0.048117
0.048346
0.0476711
0.0478898
0.0473074
0.0474796
0.0470457
0.0471621
0.0469134
0.0469625
0.0469415
0.0469052
0.0471834
0.0470322
0.047712
0.0474078
0.0485993
0.0481084
0.049873
0.0491905
0.0514559
0.050637
0.0531081
0.0522955
0.0544078
0.0538328
0.0548206
0.0547562
0.0538496
0.0545289
0.051205
0.0527385
0.0469179
0.0492473
0.041379
0.0442639
0.0353112
0.0383565
0.0296587
0.0323682
0.0255356
0.0273398
0.024026
0.0243975
0.025901
0.0245431
0.0306993
0.0279747
0.039106
0.0343353
0.0518322
0.0449587
0.048436
0.112177
0.103598
0.108216
0.117294
0.115118
0.120188
0.118829
0.0872503
0.0948001
0.0745819
0.0805154
0.064454
0.069285
0.0561384
0.06007
0.0499422
0.0527615
0.0459618
0.0476991
0.0439059
0.0447167
0.0435417
0.043531
0.0446093
0.0439235
0.0467374
0.0455678
0.0495497
0.0480832
0.0526941
0.0511007
0.0558864
0.0542992
0.0588995
0.057427
0.0615343
0.0602747
0.0635888
0.0626445
0.0648512
0.0643313
0.0650882
0.065107
0.0640947
0.0647491
0.0618131
0.0631019
0.058505
0.0602604
0.0547428
0.0566392
0.051098
0.0528817
0.0478871
0.0494297
0.0452147
0.0464864
0.0430278
0.04407
0.041191
0.0420766
0.0395609
0.0403597
0.0380366
0.038797
0.0365871
0.0373166
0.03524
0.0359022
0.0340094
0.034586
0.032741
0.0333808
0.0320551
0.0317063
0.0317337
0.0299084
0.0312006
0.0257212
0.028122
0.0176273
0.0223053
0.00397431
0.0115055
-0.0144341
-0.00480636
-0.0337257
-0.0243297
-0.0479724
-0.0418256
-0.0523073
-0.0515643
-0.045067
-0.0500664
-0.0285086
-0.0376742
-0.00756095
-0.0182244
0.0123851
0.00281011
0.0275322
0.0207
0.0367982
0.0328895
0.0404478
0.0391871
0.0402629
0.0408088
0.0376325
0.0391483
0.0360151
-0.0609137
0.0972825
0.00890622
-0.00582082
-0.304119
-0.224387
0.0594368
-0.244617
0.0291971
0.121106
0.0303331
0.0295829
0.0315803
0.0302927
-0.103643
-0.0270373
-0.266244
-0.219426
-0.0147399
-0.145081
-0.0451208
-0.199339
-0.261135
-0.0694939
-0.0508323
-0.235554
-0.179655
0.00057621
0.0290244
-0.0601842
-0.136142
-0.313603
-0.208356
-0.075872
-0.095066
0.0894334
0.0789211
-0.000267192
-0.27208
0.0341682
0.0328977
0.0368229
0.0355016
0.0395176
0.0381628
0.0421469
0.0408221
0.044572
0.0434073
0.0464093
0.0455797
0.0474463
0.0470264
0.0477534
0.0476742
0.0475903
0.047711
0.0472231
0.0474182
0.0468311
0.0470242
0.0465043
0.046657
0.0462833
0.0463791
0.0461936
0.0462212
0.0462599
0.0462057
0.0465223
0.0463639
0.0470344
0.0467444
0.0478432
0.0474007
0.0489513
0.0483634
0.0502695
0.0495948
0.051578
0.0509438
0.0525229
0.0521205
0.0526787
0.0527233
0.051665
0.052333
0.0492763
0.0506421
0.0455716
0.0475703
0.0409057
0.0433234
0.0359032
0.0383993
0.0313834
0.0335276
0.0282784
0.0296004
0.0274879
0.0275478
0.0296165
0.0281892
0.0345873
0.0317505
0.0428972
0.0382957
0.0548844
0.0484802
0.0675488
0.0696959
0.0620677
0.062378
0.0651911
0.0547505
0.0590568
-0.327937
0.0453481
0.0501381
0.125612
0.121345
0.123599
0.128288
0.127136
0.129784
0.129178
0.121824
0.130733
0.130343
0.104721
0.113133
0.0894954
0.0967933
0.0771431
0.0829916
0.0671487
0.0719187
0.0589964
0.0628471
0.0528106
0.0556534
0.048649
0.0504944
0.0462919
0.0472672
0.0455071
0.0457213
0.0460575
0.0456388
0.0476209
0.0467371
0.0498635
0.0486795
0.0524754
0.0511419
0.0551932
0.0538355
0.0577989
0.0565216
0.0600978
0.0589969
0.0618956
0.0610691
0.0629902
0.06254
0.0631723
0.0632032
0.0622729
0.0628597
0.0602598
0.061394
0.0573453
0.0588852
0.0539746
0.0556843
0.0506071
0.0522684
0.0475373
0.0490252
0.0448861
0.0461597
0.0426343
0.043717
0.0406857
0.0416309
0.0389309
0.0397925
0.0372946
0.0381064
0.0357571
0.0365216
0.0343296
0.0350268
0.0330513
0.0336844
0.0317094
0.0323919
0.0310379
0.0305378
0.0287092
0.0298034
0.0305678
0.0308361
0.0279754
0.0296328
0.0228231
0.0257655
0.0130232
0.0186537
-0.00292085
0.00578996
-0.0234542
-0.012854
-0.0434677
-0.0339638
-0.0560775
-0.0510591
-0.0566596
-0.0579901
-0.0449486
-0.0521591
-0.024925
-0.0356127
-0.00248641
-0.0136417
0.017115
0.00790035
0.0309961
0.0248547
0.038751
0.0355874
0.0411373
0.0404792
0.0401002
0.0409871
0.0371082
0.0387756
0.0332158
0.0352197
0.0289002
0.0310275
-0.0897931
0.118602
-0.0161542
-0.0260874
-0.268377
-0.257018
0.00208391
-0.141423
-0.0475787
-0.216477
-0.306041
-0.0328033
0.0759201
0.077621
0.122457
0.131253
-0.305755
0.0275928
0.0274291
0.0263359
0.02673
0.0275106
0.0251777
-0.190773
0.065207
-0.0625105
-0.14752
-0.376445
-0.102135
-0.0785253
-0.232059
-0.273369
-0.0711376
-0.0961047
-0.421652
-0.0323682
0.00106315
-0.0745932
0.0403533
0.0613955
0.0588957
0.114784
0.109864
-0.0234165
-0.268323
0.0210271
0.0297127
0.0282726
0.0326198
0.0311693
0.0354897
0.0340713
0.0382924
0.0369125
0.0409962
0.0396585
0.043386
0.0422451
0.0451874
0.0443718
0.0462425
0.0458064
0.0466145
0.0464998
0.0465213
0.0466085
0.0462034
0.0463762
0.0458455
0.0460203
0.0455421
0.0456827
0.045351
0.0454305
0.0452988
0.0453066
0.0454058
0.0453311
0.0456999
0.0455276
0.0462157
0.0459285
0.0469767
0.0465657
0.0479645
0.0474463
0.0490825
0.0485169
0.0501313
0.0496314
0.0508144
0.0505381
0.0507925
0.0509095
0.0497767
0.0504191
0.0476274
0.0488413
0.044424
0.0461405
0.0404895
0.0425173
0.0363662
0.0384107
0.0327616
0.0344522
0.0304682
0.0314055
0.0302443
0.0300614
0.0325861
0.0310893
0.0376466
0.0347678
0.0458512
0.0413335
0.0573861
0.0512186
0.071582
0.0642403
0.0719256
0.074003
0.0667581
0.0695327
0.064038
0.138926
0.139246
0.139204
0.138749
0.138761
0.138978
0.138804
0.139208
0.139137
0.139644
0.13942
0.105889
0.1139
0.0912056
0.0982739
0.0791349
0.0848727
0.0693174
0.0739927
0.0613318
0.0651062
0.0551868
0.0580315
0.0508928
0.0528227
0.0482791
0.0493961
0.0471285
0.0475389
0.0472204
0.0470397
0.0482764
0.0476497
0.0500043
0.049076
0.0521311
0.0510347
0.0544161
0.0532673
0.0566542
0.055552
0.058658
0.0576951
0.060241
0.0595115
0.061209
0.0608107
0.0613699
0.061397
0.0605765
0.0610932
0.0588021
0.0598017
0.0562126
0.0575866
0.0531586
0.054717
0.0500154
0.0515783
0.0470492
0.0484996
0.0443928
0.0456803
0.0420598
0.0431899
0.0399923
0.0409994
0.0381144
0.0390363
0.0363736
0.037233
0.0347558
0.0355536
0.0332718
0.0339951
0.0318983
0.0325761
0.0305697
0.0312753
0.0291841
0.0298895
0.0283698
0.029602
0.028802
0.0292591
0.0298036
0.0257908
0.0279371
0.0193524
0.0230564
0.00730271
0.0141876
-0.0117475
-0.00141875
-0.0353088
-0.0232938
-0.056686
-0.0468095
-0.0677922
-0.0639027
-0.0643357
-0.0679197
-0.0477062
-0.057363
-0.0237491
-0.0361947
0.000645153
-0.0112342
0.0204015
0.0112971
0.0334605
0.0277907
0.0400904
0.0374936
0.0415214
0.0413219
0.0398142
0.0409717
0.0364516
0.0382936
0.0321034
0.0343646
0.0297841
-0.126042
0.139728
-0.0488434
-0.0502652
-0.245331
-0.315411
-0.0126706
0.0564609
0.0340795
0.0791872
0.139939
-0.409174
0.0261091
0.0250235
0.0245565
0.0229314
-0.189577
0.103199
-0.0696073
-0.180976
-0.409635
-0.0562612
-0.248557
-0.357015
-0.0777871
-0.113978
-0.488397
0.0442793
-0.301941
-0.0728911
-0.0762856
0.0541228
-0.117322
0.162567
0.167618
-0.147356
0.0771378
0.0789287
-0.0516898
-0.286106
0.0104309
0.0278634
0.0262678
0.0309991
0.0294501
0.034097
0.0325649
0.0370725
0.0356014
0.039845
0.0384902
0.0422304
0.0410986
0.0440049
0.0432009
0.0450602
0.0446194
0.0454609
0.0453295
0.0454006
0.0454722
0.0451065
0.0452681
0.0447531
0.0449279
0.0444528
0.0445901
0.0442756
0.0443462
0.0442513
0.0442428
0.044399
0.0443024
0.0447361
0.0445426
0.0452785
0.0449809
0.0460267
0.0456279
0.0469419
0.0464678
0.047921
0.0474322
0.048782
0.0483793
0.0492759
0.04909
0.0491332
0.0492972
0.0481378
0.0487483
0.0462028
0.0472835
0.0434234
0.0449025
0.0400947
0.0418006
0.0366909
0.038367
0.0338227
0.0351501
0.0321674
0.0328045
0.0323725
0.0320077
0.0348833
0.0333287
0.0399794
0.0370922
0.048057
0.043635
0.0592161
0.0532391
0.0730518
0.0658906
0.0870374
0.0883375
0.0805834
0.0843292
0.0856863
0.0814872
0.0829443
0.0787225
0.0800888
0.0768174
0.0775287
0.0764858
0.155667
0.158649
0.151404
0.153224
0.149253
0.150121
0.148309
0.14869
0.148277
0.148208
0.139921
0.148416
0.148364
0.122759
0.131411
0.106486
0.114397
0.0923665
0.0991397
0.0806363
0.0862359
0.0710146
0.0755911
0.063205
0.066899
0.0571278
0.0599572
0.0527456
0.0547378
0.0499155
0.0511546
0.0484416
0.0490263
0.0481212
0.0481554
0.0487167
0.0483235
0.0499755
0.0492804
0.0516586
0.0507788
0.0535511
0.0525908
0.0554629
0.0545146
0.0572159
0.0563683
0.0586292
0.0579737
0.0595144
0.0591458
0.0596886
0.0596961
0.0590133
0.0594574
0.0574562
0.0583369
0.0551395
0.0563731
0.0523363
0.0537759
0.0493613
0.0508522
0.0464554
0.047888
0.0437642
0.0450784
0.041334
0.0425173
0.0391443
0.0402128
0.0371508
0.0381274
0.0353178
0.0362183
0.0336332
0.0344596
0.0320974
0.0328542
0.0306925
0.0313828
0.0293556
0.0300285
0.0278931
0.0286557
0.0270565
-0.516669
-0.0798986
-0.0428157
0.0264174
0.0237937
0.0251511
0.0283534
0.0275349
0.0279209
0.0285659
0.023808
0.0263552
0.0156783
0.0203772
0.000798076
0.00923635
-0.022069
-0.00974211
-0.0493472
-0.0355982
-0.0724866
-0.0620868
-0.0821055
-0.0793837
-0.0743609
-0.0803422
-0.0525414
-0.0647714
-0.0244449
-0.0387481
0.00213517
-0.0105838
0.0223909
0.0132051
0.0350235
0.029627
0.0408824
0.0386949
0.0415376
0.0417256
0.0391298
0.0406034
0.0353096
0.0373499
0.0307009
0.0330871
0.0258845
0.028259
0.0211726
0.0234882
-0.173976
0.140704
-0.0900783
-0.0782456
-0.239297
-0.39298
-0.0319261
0.0264332
-0.252373
-0.473763
-0.092962
-0.163857
-0.510763
0.183354
0.192832
0.092576
-0.0880111
0.0824078
0.0511855
0.094752
0.0960984
0.139951
0.148807
-0.322629
-0.089213
-0.100853
-0.580323
0.0149852
0.0189323
0.0194624
0.0171435
0.0222591
0.0224224
0.0209239
-0.392202
-0.0776637
-0.170925
0.109103
0.0878627
0.120016
0.174502
-0.209812
-0.0863086
-0.320134
-0.00360881
0.02248
0.0207293
0.0260977
0.0242844
0.0293916
0.0277373
0.0326914
0.0310485
0.0358412
0.0342888
0.0387104
0.0373174
0.0411194
0.0399807
0.0428819
0.0420837
0.0439298
0.0434903
0.0443351
0.0442
0.0442799
0.0443491
0.0439788
0.0441464
0.0436028
0.0437909
0.0432829
0.0434282
0.0430965
0.0431688
0.0430837
0.0430657
0.0432649
0.0431481
0.0436505
0.0434308
0.0442393
0.0439192
0.0450086
0.0446029
0.0458986
0.0454429
0.0467967
0.0463542
0.0475331
0.0471955
0.0478966
0.0477726
0.0476744
0.0478674
0.0467097
0.0472874
0.0449587
0.0459264
0.04253
0.0438134
0.0396951
0.041139
0.0368714
0.0382511
0.0345874
0.0356279
0.0334247
0.0338327
0.0339414
0.0334472
0.0365648
0.034974
0.0416461
0.0387802
0.0495195
0.0452281
0.0603664
0.0545638
0.0740775
0.0669362
0.0896088
0.0817232
0.0923976
0.0934955
0.0906884
0.0914558
0.0901596
0.0902287
0.0916806
0.0906137
0.0966454
0.0934992
0.101666
0.170802
0.176293
0.163252
0.166561
0.158919
0.160765
0.156794
0.157639
0.156379
0.156383
0.156821
0.156434
0.122642
0.131244
0.106599
0.114391
0.0930037
0.0995083
0.081655
0.0870793
0.0722741
0.0767364
0.064665
0.0682664
0.058686
0.0614838
0.0542545
0.0562901
0.0512429
0.0525879
0.0494786
0.0502212
0.0487816
0.0490127
0.0489524
0.0487746
0.049778
0.0492976
0.0510546
0.0503718
0.0525944
0.0518011
0.0542241
0.0534058
0.0557739
0.0550161
0.057066
0.0564591
0.0579134
0.0575516
0.058134
0.0581061
0.0575872
0.0579556
0.0562276
0.0569995
0.0541374
0.0552517
0.0515257
0.0528752
0.048662
0.0501084
0.0457727
0.0472065
0.0430222
0.0443724
0.0404883
0.0417253
0.0381854
0.0393082
0.0360946
0.0371153
0.0341907
0.0351215
0.0324577
0.0333036
0.0308954
0.0316556
0.0294567
0.0301586
0.0280808
0.0287659
0.0265658
0.02735
0.0247632
0.0257162
0.0236877
0.0248439
0.0235825
0.0267591
0.0259533
0.0264689
0.0270423
0.0219241
0.0248201
0.011839
0.0177049
-0.00628623
0.00391921
-0.0333971
-0.0188616
-0.0647668
-0.0491326
-0.089737
-0.0788244
-0.0976759
-0.0962436
-0.0853932
-0.0938837
-0.0582932
-0.0731166
-0.0261337
-0.0422368
0.00255658
-0.0109737
0.0233098
0.0140304
0.0355717
0.0304193
0.040825
0.0389478
0.0409703
0.0414048
0.0381088
0.0397938
0.0339444
0.0361383
0.0292471
0.0316388
0.0243007
0.0267663
0.0218734
-0.239554
-0.584572
-0.144079
-0.142672
-0.110758
-0.248045
-0.469586
0.205039
0.142269
-0.0577983
0.0160051
0.0975437
0.157379
-0.332305
0.132797
0.147704
-0.116714
-0.162806
-0.589707
0.0773446
-0.131579
0.0487124
0.0168622
0.0150228
0.0175284
0.0152204
0.0204805
0.0191902
0.0210607
0.019559
-0.412857
-0.0989676
-0.108817
-0.637981
-0.513709
-0.245
0.0968514
-0.109759
-0.029134
0.137885
-0.294564
-0.12824
-0.360983
0.217379
0.183232
-0.021556
0.0205448
0.0187707
0.024152
0.0223864
0.0278239
0.0260318
0.0313147
0.0295866
0.0346206
0.0329955
0.0375933
0.036156
0.0400446
0.0388917
0.0418285
0.0410227
0.0428744
0.0424342
0.0432774
0.0431429
0.0432128
0.0432868
0.042881
0.0430657
0.0424623
0.0426693
0.0420977
0.042264
0.0418759
0.0419623
0.0418496
0.0418333
0.0420462
0.0419162
0.0424735
0.0422285
0.0431172
0.0427674
0.0439333
0.0435049
0.0448395
0.044379
0.0457094
0.0452853
0.046378
0.0460766
0.0466615
0.0465753
0.0463917
0.0466001
0.0454606
0.0460077
0.0438611
0.0447361
0.0417136
0.0428399
0.0392711
0.0405066
0.036904
0.0380508
0.0350699
0.0358907
0.0342695
0.0345117
0.034988
0.034415
0.0376435
0.0360538
0.0426306
0.0398255
0.0502953
0.0461168
0.0608991
0.0552159
0.07459
0.0673789
0.0906573
0.0824307
0.105288
0.107262
0.0990078
0.102051
0.103625
0.0999399
0.100839
0.0993099
0.0994057
0.100877
0.0997829
0.10559
0.102783
0.115107
0.109597
0.122562
0.227522
0.24361
0.200807
0.212763
0.184245
0.191503
0.17402
0.178548
0.167857
0.170522
0.164645
0.165944
0.163788
0.163961
0.164625
0.16403
0.157977
0.166623
0.165539
0.139863
0.14905
0.12206
0.130742
0.106301
0.11389
0.0931284
0.0994008
0.0821641
0.0873933
0.0731045
0.0774136
0.0657452
0.0692336
0.0599015
0.0626523
0.0554569
0.0575215
0.0522943
0.0537343
0.0502668
0.0511566
0.0492217
0.049637
0.0489972
0.04902
0.0494219
0.0491379
0.0503289
0.0498206
0.0515584
0.0509053
0.0529532
0.0522346
0.0543495
0.0536493
0.0555688
0.0549791
0.0564192
0.0560376
0.0567124
0.0566315
0.0562973
0.056586
0.0551043
0.0557845
0.0531934
0.0542238
0.0507219
0.0520107
0.0479184
0.0493428
0.0450151
0.0464618
0.0421971
0.0435837
0.0395716
0.0408531
0.0371812
0.0383436
0.0350238
0.0360721
0.0330766
0.0340239
0.0313274
0.0321733
0.0297437
0.0305112
0.0282796
0.0289975
0.0268536
0.0275679
0.0253001
0.0260983
0.0234292
0.024407
0.022319
0.022966
0.0217448
0.0248765
0.0240646
0.0248114
0.0252324
0.0201685
0.023234
0.00834055
0.0153091
-0.0130367
-0.00105795
-0.0443039
-0.0276297
-0.0794559
-0.0621151
-0.105778
-0.0945964
-0.111688
-0.111677
-0.0949461
-0.105842
-0.0631385
-0.080222
-0.0276126
-0.0451675
0.0026762
-0.0114536
0.0237634
0.0144352
0.0356958
0.0307629
0.0403466
0.0387929
0.0398134
0.0405955
0.0364199
0.0383146
0.0319968
0.034288
0.0273058
0.0296589
0.0224034
0.0248853
0.0199201
-0.322836
0.169443
-0.217067
-0.202023
-0.148574
-0.264973
-0.526132
0.240041
0.14598
-0.0921524
0.00307337
0.0130339
0.0178669
-0.423122
-0.135359
-0.177928
-0.634093
0.0570625
-0.193557
0.0468442
0.11262
0.115144
0.158501
0.167944
-0.399008
-0.355503
-0.52701
-0.618649
0.163739
0.112017
-0.1356
0.196509
-0.286422
0.198012
0.232787
-0.178323
-0.394944
0.198839
-0.0463194
0.0151582
0.0113239
0.0130881
0.018925
0.0170061
0.0226748
0.0207918
0.026404
0.0245375
0.0300296
0.0282281
0.0334528
0.0317705
0.0365153
0.0350361
0.0390269
0.0378455
0.0408352
0.04002
0.0419091
0.0414581
0.0423208
0.0421825
0.0422436
0.0423255
0.0418794
0.0420802
0.0414102
0.0416425
0.0409832
0.0411793
0.0407013
0.0408142
0.0406324
0.0406321
0.0408154
0.0406859
0.0412618
0.041001
0.0419506
0.0415736
0.0428214
0.0423637
0.0437704
0.0432894
0.0446539
0.0442256
0.0453037
0.0450139
0.0455516
0.0454823
0.0452619
0.0454748
0.0443652
0.0448849
0.0428859
0.0436877
0.0409563
0.0419605
0.0388159
0.0398906
0.0367959
0.0377656
0.0352937
0.0359535
0.0347398
0.0348723
0.0355591
0.0349545
0.0381555
0.0366117
0.0429531
0.0402536
0.0503673
0.0463101
0.0607747
0.0551729
0.0745256
0.067214
0.0913706
0.0826641
0.109389
0.100402
0.10891
0.110567
0.106906
0.107633
0.107259
0.106777
0.11062
0.108523
0.118091
0.113779
0.131454
0.123933
0.154182
0.141189
0.193839
0.171429
0.257691
0.222218
0.243598
0.26174
0.21513
0.228178
0.19596
0.204536
0.183604
0.189122
0.175922
0.179277
0.171816
0.173482
0.170612
0.170899
0.1718
0.170952
0.174861
0.173137
0.139113
0.148817
0.120982
0.129774
0.105447
0.11284
0.0926689
0.098722
0.0821543
0.0871577
0.0735054
0.0776143
0.0664552
0.069797
0.0607849
0.0634592
0.0563593
0.0584248
0.0530722
0.0545825
0.0508056
0.0518205
0.0494396
0.0500186
0.0488527
0.0490571
0.0489166
0.0488111
0.0495014
0.049151
0.0504732
0.0499457
0.0516877
0.0510572
0.0529825
0.052333
0.0541725
0.0535995
0.0550553
0.0546615
0.0554308
0.0553143
0.055134
0.0553705
0.0540803
0.0546989
0.0522923
0.0532684
0.0499046
0.0511566
0.0471314
0.0485444
0.0442105
0.0456691
0.0413433
0.0427545
0.0386607
0.039968
0.0362232
0.0374046
0.0340365
0.0350945
0.0320732
0.033025
0.0303108
0.031166
0.0287247
0.0295016
0.0272361
0.027971
0.0257595
0.0265024
0.024137
0.0249721
0.0221707
0.0231935
0.01966
0.0209717
0.01647
0.0181358
0.0183677
0.0159004
0.0171743
0.020683
0.0195455
0.0225027
0.0217228
0.0224902
0.022849
0.0179115
0.0209858
0.00503988
0.0127434
-0.0189499
-0.00552182
-0.0535059
-0.0351698
-0.0912583
-0.0728176
-0.117906
-0.106909
-0.121502
-0.122959
-0.10087
-0.11378
-0.0656058
-0.0842719
-0.028056
-0.0464163
0.00281664
-0.0114563
0.0236456
0.0145357
0.0349627
0.0303535
0.0391011
0.0377762
0.0380862
0.0391636
0.0344228
0.0363238
0.0299708
0.0322869
0.0252163
0.0275934
0.020453
0.0228358
0.0157396
0.0180522
0.0113
0.0135149
-0.421269
-0.106195
-0.221737
-0.264807
-0.183528
-0.284332
-0.557998
0.269979
0.153055
-0.143724
-0.0129245
0.118048
0.176987
0.0145667
0.00889294
-0.297713
-0.522002
-0.620095
0.048738
0.13668
0.242692
0.336025
0.330505
0.0264167
-0.390815
-0.203196
-0.17554
-0.656209
0.3421
0.375712
0.414766
0.410612
0.351371
-0.232188
-0.419402
0.220393
0.411318
0.473425
0.527751
0.555619
0.461691
0.548365
0.510018
-0.0826092
-0.641564
-0.236797
-0.395084
-0.237278
0.00186394
0.397627
0.301875
0.177596
0.0577735
-0.639666
-0.518064
-0.513983
-0.494194
-0.459616
0.0076292
0.00971269
0.0116657
0.0137429
0.0159072
0.0181152
0.0203123
0.0225521
0.0248544
0.0271753
0.0294317
0.031474
0.0331374
0.0355473
0.0373285
0.0374665
0.0364524
0.0340266
0.0298371
0.0235432
0.0148901
0.00346205
-0.0104193
-0.0267276
-0.0449998
-0.0643398
-0.0835364
-0.101025
-0.115127
-0.124334
-0.127026
-0.122988
-0.11269
-0.0973247
-0.0787081
-0.0589083
-0.0398455
-0.0228741
-0.00874843
0.00226874
0.0101502
0.0152558
0.0182359
0.0196877
0.0200738
0.0197813
0.019068
0.0181201
0.0170881
0.0160292
0.0149502
0.0138247
0.0125317
0.0111494
0.01313
0.01499
0.0167104
0.0183096
0.0197242
0.0210037
0.0221245
0.0231194
0.0240132
0.0248394
0.0256205
0.0263805
0.0271368
0.0279035
0.0286917
0.0295087
0.0303651
0.0312639
0.0322164
0.0332209
0.0342808
0.0354036
0.036591
0.0378449
0.0391619
0.0405371
0.0419591
0.0434132
0.0448782
0.0463297
0.0477387
0.0490765
0.050313
0.051418
0.0523648
0.0531362
0.0537171
0.0541055
0.0543013
0.054317
0.0541652
0.05387
0.0534521
0.0529417
0.0523628
0.0517466
0.0511165
0.0505015
0.0499223
0.049404
0.0489636
0.048622
0.048393
0.0482936
0.0483355
0.0485325
0.0488951
0.049435
0.0501621
0.0510865
0.0522179
0.0535655
0.0551401
0.0569514
0.0590109
0.0613277
0.0639143
0.0667837
0.0699563
0.0734581
0.0773242
0.0815957
0.0863204
0.0915549
0.097367
0.103853
0.1111
0.119173
0.128085
0.137834
0.148126
0.158706
0.16921
0.17932
0.18885
0.185479
0.182519
0.180122
0.178347
0.177199
0.176776
0.177102
0.178211
0.180171
0.18305
0.186944
0.191958
0.198244
0.205995
0.215473
0.226871
0.240151
0.255602
0.275786
0.304717
0.337927
0.370823
0.405578
0.442945
0.477371
0.502113
0.507551
0.487938
0.450899
0.405051
0.357196
0.312418
0.272626
0.239531
0.211881
0.189534
0.171412
0.156736
0.145138
0.136034
0.128881
0.123363
0.119223
0.116287
0.114371
0.113381
0.113214
0.113822
0.115067
0.11695
0.119392
0.122504
0.126168
0.130588
0.121314
0.111426
0.1014
0.0915162
0.0821634
0.0737691
0.0663421
0.0598903
0.0543639
0.0496925
0.0458037
0.0426258
0.0400905
0.038131
0.0366853
0.0356944
0.0351066
0.0348728
0.0349478
0.0352852
0.0358384
0.036561
0.0374063
0.0383308
0.0392907
0.0402484
0.0411661
0.0420147
0.0427652
0.0433993
0.0438993
0.0442585
0.0444715
0.0445433
0.0444798
0.0442956
0.044006
0.0436319
0.0431939
0.0427156
0.0422182
0.0417238
0.0412506
0.0408161
0.0404328
0.0401121
0.0398594
0.0396805
0.0395744
0.0395417
0.0395765
0.0396755
0.0398285
0.0400289
0.0402625
0.040519
0.0407799
0.0410302
0.0412469
0.0414111
0.041496
0.0414792
0.0413346
0.0410416
0.0405798
0.039936
0.0391051
0.0380846
0.0368846
0.0355231
0.0340265
0.0324065
0.0307047
0.028919
0.0271042
0.0252281
0.023364
0.0214334
0.0195575
0.0175641
0.0157006
0.013635
0.0119068
0.00964886
0.00828926
0.00535381
0.00559892
0.00497679
-0.220283
-0.298494
-0.562829
-0.303053
-0.597405
0.416465
0.154778
0.30849
0.482467
0.57497
0.62306
0.611615
-0.0321915
-0.228866
-0.131209
0.540743
0.250479
0.498815
-0.561417
-0.571914
-0.425118
-0.26456
0.00323969
0.00192851
-0.552808
-0.618929
-0.61198
-0.330647
-0.618761
0.00429627
0.0071298
0.0087464
0.0109049
0.0126464
0.0147637
0.0166462
0.0186659
0.0205466
0.022497
0.0243655
0.026255
0.0280732
0.0298648
0.0315683
0.0331943
0.034695
0.0360635
0.0372781
0.0383103
0.0391547
0.039818
0.0403002
0.040617
0.0407823
0.0408193
0.0407477
0.0405947
0.0403795
0.0401257
0.0398517
0.0395778
0.0393186
0.0390905
0.0389042
0.0387727
0.038703
0.0387043
0.0387795
0.0389337
0.0391641
0.0394702
0.0398423
0.040273
0.0407453
0.041245
0.0417484
0.0422368
0.0426831
0.0430677
0.0433645
0.0435581
0.0436283
0.0435677
0.0433658
0.0430256
0.0425486
0.0419492
0.0412406
0.0404473
0.0395926
0.0387093
0.037828
0.0369866
0.0362202
0.0355696
0.0350721
0.0347694
0.0346987
0.0349018
0.0354168
0.0362909
0.0375704
0.0393193
0.0416028
0.0445101
0.048128
0.0525704
0.057941
0.0643701
0.0719547
0.0807729
0.0906669
0.101562
0.113019
0.124477
0.135232
0.0968536
0.702195
0.751965
0.246521
-0.0645452
-0.328956
0.482688
0.677095
0.153081
0.362433
0.629052
0.388907
-0.538443
-0.601833
0.00407907
0.00450814
0.0067627
0.00829879
0.00990233
0.0117409
0.0136706
0.0156603
0.0176931
0.019811
0.0220176
0.0242682
0.0264976
0.028626
0.0306303
0.0326286
0.0341275
0.0346299
0.0339852
0.0319582
0.028267
0.0226038
0.0147032
0.00434055
-0.0084562
-0.0235659
-0.0406102
-0.0588421
-0.0772001
-0.0942401
-0.108359
-0.118712
-0.122046
-0.119173
-0.110233
-0.0961945
-0.0787048
-0.0597961
-0.0414043
-0.024904
-0.0111391
-0.000483618
0.00706206
0.0119299
0.0148207
0.016285
0.0167501
0.0165587
0.0159729
0.0151675
0.0142975
0.0134089
0.0124757
0.0114909
0.0104099
0.00918327
0.00785464
0.00966687
0.0115686
0.0134808
0.0153589
0.0171231
0.0186556
0.0200311
0.0212219
0.0222906
0.0232414
0.0241212
0.0249426
0.0257383
0.0265185
0.0273052
0.0281048
0.0289325
0.0297903
0.0306903
0.0316327
0.0326315
0.0336838
0.0347974
0.0359737
0.0372159
0.0385195
0.0398807
0.0412871
0.0427252
0.0441727
0.0456062
0.0469959
0.0483134
0.0495271
0.0506096
0.0515344
0.0522834
0.0528426
0.0532086
0.0533823
0.0533753
0.053202
0.0528855
0.0524489
0.0519219
0.0513315
0.0507091
0.0500815
0.0494784
0.0489234
0.0484423
0.048054
0.0477795
0.0476331
0.0476305
0.0477817
0.0480977
0.0485857
0.0492527
0.0501039
0.0511438
0.0523767
0.0538061
0.0554373
0.0572737
0.059322
0.0615866
0.0640768
0.0668024
0.0697819
0.0730396
0.076611
0.0805446
0.0849014
0.089762
0.0952191
0.101395
0.10842
0.116433
0.12551
0.135645
0.146696
0.158311
0.170222
0.181797
0.192756
0.203062
0.197734
0.193278
0.18945
0.186384
0.184123
0.182675
0.182126
0.182463
0.183708
0.185907
0.189137
0.193477
0.199031
0.205934
0.214367
0.224509
0.236481
0.250541
0.267269
0.287954
0.312799
0.339957
0.367905
0.398334
0.428561
0.453696
0.468079
0.470511
0.455703
0.427809
0.39195
0.352359
0.315813
0.281693
0.251401
0.22498
0.202833
0.184208
0.168774
0.156157
0.145955
0.137785
0.131361
0.126447
0.122862
0.120443
0.119086
0.118704
0.119217
0.120553
0.122664
0.125555
0.129217
0.133607
0.138653
0.144606
-0.544044
-0.322509
-0.273713
-0.306289
-0.422669
0.00167225
0.00311732
0.00576827
0.00796316
0.0101182
0.0121019
0.0141591
0.0161116
0.0180998
0.0200084
0.0219421
0.0238173
0.0256916
0.0275044
0.0292794
0.0309699
0.0325773
0.034064
0.0354218
0.0366117
0.0376485
0.0385088
0.0391936
0.0397031
0.0400503
0.0402469
0.0403128
0.0402639
0.0401332
0.0399335
0.0396891
0.0394181
0.0391405
0.0388715
0.0386276
0.038421
0.0382647
0.0381677
0.0381392
0.0381841
0.0383073
0.0385081
0.0387852
0.039131
0.0395371
0.0399881
0.0404684
0.0409566
0.0414317
0.0418692
0.0422469
0.0425419
0.0427355
0.042811
0.0427578
0.0425694
0.0422458
0.0417924
0.0412209
0.0405477
0.0397944
0.0389862
0.0381517
0.0373219
0.0365291
0.0358067
0.0351881
0.0347062
0.0343937
0.034282
0.0344038
0.0347913
0.0354835
0.0365228
0.0379722
0.0399038
0.0424264
0.0456551
0.0497482
0.0548577
0.0611839
0.0688922
0.0781058
0.0888039
0.100925
0.114129
0.128001
0.141289
0.152802
0.162012
0.152719
0.14602
0.140345
0.135197
0.130906
0.127548
0.125131
0.123674
0.123204
0.123757
0.125399
0.128212
0.132301
0.137807
0.144905
0.153799
0.16475
0.178042
0.193897
0.212495
0.234065
0.25891
0.286969
0.317748
0.350263
0.381582
0.409604
0.430787
0.443114
0.442852
0.432889
0.415018
0.392172
0.366645
0.341588
0.317771
0.295242
0.275205
0.258226
0.243809
0.231449
0.220893
0.212002
0.204652
0.198703
0.194036
0.190555
0.188174
0.186852
0.18655
0.187253
0.188976
0.191714
0.19549
0.200303
0.206033
0.212875
0.209989
0.00639827
0.00798645
0.0101082
0.0122021
0.0143287
0.0161549
0.0178268
0.0192705
0.0205514
0.0216813
0.0226962
0.0236249
0.0244915
0.0253218
0.0261318
0.02694
0.0277572
0.028596
0.0294635
0.030367
0.0313106
0.0323029
0.0333489
0.0344521
0.0356159
0.0368404
0.0381238
0.0394593
0.0408378
0.042243
0.0436571
0.045054
0.0464097
0.0476917
0.0488752
0.0499275
0.0508299
0.0515575
0.0521038
0.0524566
0.0526247
0.0526098
0.0524343
0.0521118
0.0516737
0.0511413
0.0505504
0.0499245
0.0493002
0.0486998
0.0481572
0.0476911
0.0473306
0.0470894
0.0469904
0.0470416
0.0472602
0.0476489
0.0482196
0.0489706
0.0499092
0.0510305
0.0523391
0.0538286
0.0555026
0.0573546
0.0593887
0.0615986
0.0639927
0.0665677
0.0693443
0.0723292
0.0755704
0.0790983
0.083013
0.0873837
0.092376
0.0980951
0.104785
0.112596
0.121814
0.132316
0.144143
0.157053
0.170556
0.184218
0.197586
0.00480208
0.00611075
0.00282254
0.0035041
0.00562524
0.00667441
0.00798787
0.00950937
0.0111079
0.0127743
0.0145217
0.0163685
0.018303
0.0202946
0.0223166
0.024347
0.0263604
0.0282753
0.0298036
0.0306148
0.0304278
0.0289819
0.0259976
0.0212133
0.0144179
0.00547404
-0.00562482
-0.018744
-0.0335689
-0.0495044
-0.065683
-0.0809222
-0.0938151
-0.103038
-0.106987
-0.105341
-0.0982037
-0.0864548
-0.0713035
-0.054816
-0.0386481
-0.0240026
-0.011738
-0.00226813
0.00443799
0.00881564
0.0114653
0.0128342
0.0132927
0.0131625
0.0126955
0.0120482
0.0113557
0.0106393
0.00990334
0.00909595
0.00822507
0.00722533
-0.550982
0.505903
0.306372
0.579214
-0.198578
0.711821
-0.465759
-0.580235
0.463546
0.243709
0.352924
0.669255
0.00422536
0.14381
-0.119986
0.00218959
0.00494784
0.000875082
-0.000352711
-0.338278
-0.51512
0.232863
0.172147
0.171118
-0.530083
0.179014
0.242584
0.00599152
-0.327175
-0.0505379
0.580131
0.382369
0.50378
-0.528273
0.00533107
0.0047438
0.00657972
0.0059396
0.00770418
0.00715386
0.00871895
0.00821514
0.0094954
0.00916075
0.00911819
0.00953475
0.00570921
0.00794001
-0.00331277
0.00210963
-0.0206126
-0.010866
-0.0448535
-0.0321655
-0.0691464
-0.0575913
-0.0829728
-0.0778968
-0.0798994
-0.0835595
-0.0619553
-0.0722733
-0.0372103
-0.0498593
-0.0131619
-0.0247283
0.005867
-0.00286358
0.0183374
0.0129367
0.0244907
0.0221321
0.025588
0.025553
0.0233719
0.0247584
0.0197983
0.0216282
0.0161554
0.0179411
0.0127568
0.0144011
0.00978067
0.011199
0.00722173
0.00845197
0.0050593
0.00605504
0.00284171
0.00427218
0.00257019
0.203095
0.219058
0.170351
0.186624
0.140653
0.154903
0.117075
0.127968
0.100533
0.107999
0.0891848
0.0943613
0.0809164
0.0847651
0.0743567
0.0774854
0.0687212
0.0714516
0.0637012
0.0661415
0.059241
0.0614001
0.055377
0.0572312
0.0521662
0.0536866
0.0496593
0.0508223
0.0478893
0.0486812
0.0468611
0.0472836
0.046541
0.0466163
0.0468495
0.0466237
0.047656
0.0472007
0.0487829
0.0481923
0.0500157
0.0494008
0.0511194
0.0505989
0.0518609
0.0515495
0.0520413
0.0520319
0.0515303
0.0518775
0.0502933
0.0510012
0.0484016
0.0494216
0.046016
0.0472585
0.0433461
0.0447035
0.0405996
0.0419712
0.03794
0.0392514
0.035467
0.0366768
0.0332191
0.0343147
0.0311864
0.032177
0.0293314
0.03024
0.0276077
0.0284571
0.0259486
0.0267762
0.0242539
0.0251147
0.0223796
0.0233517
0.0201307
0.0213163
0.0172765
0.0187862
0.013615
0.0155133
0.00915804
0.0112972
0.00635051
0.153422
0.161122
0.14014
0.146259
0.131335
0.135157
0.127074
0.128651
0.127301
0.126631
0.132262
0.129166
0.142672
0.136735
0.159684
0.150276
0.184802
0.171146
0.219446
0.200877
0.26425
0.240626
0.31748
0.290085
0.372105
0.34551
0.412776
0.395341
0.423945
0.422749
0.403285
0.416945
0.36362
0.384925
0.320218
0.341769
0.280676
0.29966
0.249112
0.263795
0.22562
0.236475
0.208779
0.216437
0.197667
0.202567
0.191523
0.194019
0.189913
0.190173
0.19276
0.190775
0.200363
0.195949
0.213589
0.20616
0.222435
0.147751
0.161857
0.114425
0.13091
0.0858624
0.0991491
0.0648092
0.0743302
0.051061
0.0570798
0.042743
0.0463342
0.0379287
0.0399762
0.0352884
0.0363867
0.0340331
0.0345112
0.0337722
0.0337891
0.0342839
0.0339397
0.035375
0.0347667
0.0368334
0.0360697
0.0384265
0.037625
0.0399225
0.0391973
0.0411189
0.0405658
0.0418707
0.0415535
0.0421129
0.0420533
0.041869
0.0420444
0.0412424
0.0415925
0.0403908
0.040832
0.0394918
0.0399352
0.0387056
0.0390752
0.0381481
0.0383925
0.0378792
0.0379755
0.0379049
0.0378563
0.0381856
0.0380169
0.0386459
0.0383988
0.0391832
0.0389117
0.0396708
0.0394412
0.0399627
0.0398494
0.0398882
0.0399779
0.0393039
0.0396675
0.0380892
0.0387789
0.0362005
0.0372272
0.033678
0.0350144
0.0306269
0.0322093
0.0272044
0.0289546
0.023551
0.025404
0.0197599
0.021677
0.0158694
0.0178397
0.0118643
0.0139108
0.00740784
0.00976981
0.00211802
0.0048255
-0.00200386
-0.000219614
-0.408173
0.0010335
0.000932963
0.196465
0.255506
0.193601
0.258206
-0.00299174
-0.00173972
-0.00544527
0.00453691
0.00151751
0.00963248
0.00722195
0.0138599
0.011829
0.0178145
0.0158537
0.0216427
0.0197394
0.0253421
0.0235084
0.0288505
0.0271245
0.0320551
0.030498
0.0348156
0.0334987
0.0370039
0.0359861
0.0385506
0.0378584
0.0394564
0.0390797
0.0397981
0.0396899
0.0397039
0.0397963
0.0393258
0.0395398
0.0388177
0.0390788
0.0383175
0.038557
0.0379385
0.0381064
0.037766
0.0378219
0.0378585
0.0377762
0.0382346
0.0380116
0.0388609
0.0385201
0.0396504
0.0392419
0.0404684
0.0400647
0.0411516
0.0408361
0.0415383
0.0413895
0.041503
0.0415772
0.0409856
0.0413033
0.0400078
0.0405477
0.0386729
0.0393738
0.0371506
0.037921
0.0356509
0.0363826
0.0343947
0.0349779
0.0335847
0.0339216
0.0333875
0.0333997
0.0339388
0.0335598
0.0354085
0.0345404
0.0381871
0.0365872
0.0432639
0.040329
0.0527225
0.0472529
0.0695546
0.0600075
0.0955226
0.081476
0.131502
0.112404
0.169804
0.151499
0.184711
0.229947
0.243395
0.210414
0.218935
0.198807
0.203788
0.193122
0.195312
0.192373
0.192162
0.196307
0.193756
0.205115
0.200079
0.21935
0.211514
0.23975
0.228736
0.267157
0.252526
0.301971
0.283681
0.34151
0.321473
0.380018
0.361504
0.406239
0.395367
0.410048
0.411582
0.386437
0.401292
0.34312
0.366511
0.291905
0.317617
0.244407
0.267239
0.205299
0.223728
0.175247
0.189159
0.153765
0.163508
0.139641
0.145875
0.131647
0.13495
0.128905
0.12966
0.131011
0.129364
0.138088
0.133897
0.150849
0.143688
0.170412
0.159767
0.182905
0.00590538
0.00410119
0.0108446
0.00864009
0.0151911
0.0132083
0.018558
0.016996
0.0211645
0.0199409
0.0232606
0.0222604
0.0250668
0.024187
0.0267553
0.0259164
0.0284501
0.0275955
0.0302374
0.0293278
0.0321777
0.0311852
0.0343092
0.0332209
0.0366499
0.0354527
0.0391879
0.0378971
0.0418542
0.0405116
0.0445198
0.0431972
0.0470038
0.0457968
0.0491034
0.0481136
0.0506381
0.04995
0.0514941
0.0511541
0.0516522
0.0516572
0.0511916
0.0514905
0.0502724
0.0507767
0.0491056
0.0497055
0.0479222
0.0485015
0.0469468
0.0473954
0.0463771
0.0466005
0.0463697
0.0462953
0.0470336
0.0466131
0.0484286
0.047638
0.0505703
0.0494069
0.0534373
0.0519158
0.0569795
0.0551283
0.0611235
0.0589817
0.065781
0.0633936
0.0708763
0.068276
0.0764334
0.0735859
0.0827911
0.0794666
0.0910162
0.0865549
0.103363
0.0964841
0.12282
0.112017
0.151326
0.135928
0.187964
0.168789
0.227582
0.207682
0.24538
0.00146416
0.00199087
0.00184043
0.00263024
0.00178228
0.00382864
0.00314754
0.00540073
0.00458806
0.00723412
0.00627081
0.00940095
0.00827184
0.0118721
0.0105869
0.0146564
0.0132277
0.0171227
0.0159869
0.0179799
0.01782
0.0159191
0.0173713
0.00986546
0.0134235
-0.000633054
0.00515395
-0.014987
-0.00740797
-0.0312613
-0.0230486
-0.0457714
-0.0389984
-0.053426
-0.0507234
-0.0503905
-0.0532527
-0.0377388
-0.0449146
-0.0214332
-0.029559
-0.00760199
-0.0139165
0.000908327
-0.00266192
0.00478846
0.00329853
0.00581615
0.00553459
0.0055796
0.00579631
0.00498617
0.00528201
0.00435675
0.00467842
0.00364822
0.00400752
0.00293132
0.0033205
0.00200912
-0.52669
-0.00423742
-0.273681
-0.585831
-0.0118805
-0.879934
-0.620244
-0.731745
-0.613784
-0.563091
-0.552543
0.712177
0.837846
0.887872
0.791398
0.6118
-0.348133
-0.370962
-0.46049
-0.418033
-0.63034
-0.221493
0.135323
-0.0221633
-0.0595822
-0.00859816
-0.00272265
0.00139394
0.00486496
0.00749633
0.00991253
0.0120138
0.0140438
0.0160264
0.0179711
0.0198773
0.0217567
0.0235994
0.0254072
0.0271655
0.0288668
0.0304925
0.0320289
0.0334564
0.03476
0.0359239
0.0369383
0.037795
0.0384921
0.0390307
0.0394179
0.039664
0.0397836
0.0397931
0.0397104
0.0395546
0.039345
0.0390999
0.0388372
0.0385728
0.0383187
0.038095
0.0379117
0.037779
0.0377046
0.0376939
0.0377486
0.0378717
0.0380606
0.0383111
0.0386133
0.0389562
0.0393235
0.039699
0.0400617
0.0403927
0.0406699
0.0408759
0.0409914
0.0410046
0.0409035
0.0406849
0.0403465
0.0398956
0.03934
0.0386972
0.0379835
0.0372242
0.0364412
0.035664
0.034916
0.034227
0.0336175
0.0331132
0.0327284
0.0324819
0.0323797
0.0324346
0.0326491
0.0330407
0.0336287
0.0344689
0.0356482
0.0373297
0.039751
0.0432641
0.0483078
0.0553982
0.0650299
0.0775202
0.092926
0.111922
0.134362
0.160363
0.187274
0.210413
0.230806
0.273649
0.251827
0.234905
0.222009
0.212628
0.205507
0.200239
0.196563
0.194271
0.193257
0.193458
0.194851
0.197441
0.201268
0.206385
0.212872
0.220814
0.230314
0.241476
0.254403
0.269127
0.285553
0.303317
0.322022
0.341172
0.359811
0.377085
0.39141
0.401386
0.405646
0.403672
0.395465
0.381199
0.362196
0.33993
0.316133
0.292068
0.26858
0.246286
0.225759
0.207339
0.191172
0.177203
0.165341
0.155455
0.147411
0.141049
0.136242
0.132859
0.130811
0.130028
0.130485
0.132188
0.135192
0.13959
0.145555
0.153481
0.16382
0.177377
0.194853
0.217319
0.272242
-0.000784834
-0.00164701
0.00183457
0.0049802
0.00822792
0.0107882
0.0131491
0.0151866
0.017002
0.0185913
0.0199934
0.021236
0.0223466
0.0233566
0.0242889
0.0251697
0.0260169
0.0268498
0.0276815
0.0285255
0.0293913
0.0302876
0.0312202
0.0321939
0.0332102
0.0342874
0.0354146
0.0365925
0.0378183
0.0390856
0.0403846
0.0417015
0.0430189
0.0443161
0.0455701
0.046756
0.0478493
0.0488261
0.0496656
0.0503505
0.0508689
0.0512144
0.0513869
0.051392
0.0512417
0.0509526
0.0505464
0.0500472
0.0494825
0.0488801
0.0482695
0.0476783
0.0471348
0.0466641
0.0462911
0.046036
0.0459186
0.0459535
0.0461544
0.0465295
0.0470869
0.0478287
0.0487578
0.0498711
0.0511669
0.0526375
0.0542775
0.0560746
0.0580193
0.0600949
0.0622877
0.0645775
0.0669499
0.0693886
0.071892
0.0744714
0.0771749
0.0800958
0.0834037
0.0873569
0.0923221
0.098758
0.107181
0.118075
0.131815
0.148556
0.168184
0.190293
0.214409
0.238712
0.260517
0.284976
0.336295
0.0277561
0.0165644
0.00537352
0.00216576
0.00110698
0.00119782
0.00126838
0.00155179
0.0018611
0.00218789
0.00255872
0.00298235
0.00346737
0.00403469
0.0046728
0.00537477
0.00610068
0.0068256
0.00747579
0.00800094
0.00830418
0.0083415
0.00803124
0.00734952
0.00624942
0.00473847
0.00280639
0.000499956
-0.00213757
-0.00501816
-0.00804
-0.011071
-0.0139321
-0.0164403
-0.0183527
-0.0194885
-0.0196514
-0.0188252
-0.0170335
-0.0145459
-0.0116117
-0.00861782
-0.00579662
-0.00340449
-0.00150938
-0.000134788
0.000794335
0.00137326
0.00168665
0.00180864
0.00193933
0.00186671
0.00178952
0.00170591
0.00160796
0.00149571
0.00139596
0.00136248
0.00160892
0.00274379
0.00636278
0.0141688
0.0114429
-0.511945
-0.22064
0.254625
0.0138207
)
;

boundaryField
{
    frontandback
    {
        type            empty;
    }
    walls
    {
        type            zeroGradient;
    }
    diamond
    {
        type            zeroGradient;
    }
    inlet
    {
        type            zeroGradient;
    }
    outlet
    {
        type            fixedValue;
        value           uniform 0;
    }
}


// ************************************************************************* //
