/*--------------------------------*- C++ -*----------------------------------*\
  =========                 |
  \\      /  F ield         | OpenFOAM: The Open Source CFD Toolbox
   \\    /   O peration     | Website:  https://openfoam.org
    \\  /    A nd           | Version:  10
     \\/     M anipulation  |
\*---------------------------------------------------------------------------*/
FoamFile
{
    format      ascii;
    class       volScalarField;
    location    "6";
    object      p;
}
// * * * * * * * * * * * * * * * * * * * * * * * * * * * * * * * * * * * * * //

dimensions      [0 2 -2 0 0 0 0];

internalField   nonuniform List<scalar> 
6397
(
0.247857
0.234606
0.0164873
0.0158065
0.0155034
0.0161674
0.460832
0.219452
-0.35587
-0.387394
0.337898
0.22883
-0.011483
-0.0137896
-0.022839
-0.346966
-0.343441
-0.348002
0.841634
0.778711
0.745249
-0.442461
-0.395842
-0.394338
-0.0102937
-0.0119049
-0.00754629
0.0231628
0.024252
0.0219895
0.0229445
0.0142021
0.0147957
0.0151614
0.0122676
0.0128473
0.0132544
0.0138132
0.0109002
0.0103752
0.0113049
0.0118592
0.0210897
0.0175756
0.0183111
0.0168624
0.0165267
0.0172256
0.00824362
0.00810731
0.00745687
0.00734821
0.00776423
0.326606
0.313486
0.15117
0.162179
-0.00990055
0.0330056
0.03127
0.0348639
0.0368084
0.0388964
0.0411728
0.0436781
0.0463966
0.049393
0.0526745
0.0314534
0.0296618
0.0298124
0.0332264
0.035088
0.0370745
0.0392014
0.0414975
0.0440045
0.0467349
0.0496999
0.0529489
0.0283238
0.0281703
0.0563411
0.0565774
0.026937
0.0267627
0.0603876
0.0606662
0.0256346
0.0254515
0.0648594
0.0651051
0.0244294
0.023316
0.0697497
0.0699787
0.0257472
0.0233876
0.0245429
0.0284524
0.0270463
0.031557
0.0299586
0.0351421
0.0332885
0.0391883
0.0370914
0.0439214
0.0414554
0.0495442
0.0466082
0.0563073
0.0527704
0.0643193
0.0601385
0.0689416
0.0594259
0.0684597
0.0636739
0.051858
0.0554163
0.0457768
0.0486469
0.0406217
0.0430333
0.0363288
0.03836
0.0326068
0.0343735
0.0293659
0.0309344
0.026502
0.0278623
0.0240222
0.0252043
0.0222987
0.0221801
0.0223038
0.0741072
0.075322
0.0662291
0.0739287
0.0712486
0.0798024
0.0719687
0.0772986
0.0217409
0.0233522
0.0221818
0.0208492
0.0753137
0.0257131
0.0245007
0.02837
0.0269987
0.0314242
0.0298506
0.0348886
0.0330962
0.0388358
0.0367925
0.0434084
0.0410347
0.0487918
0.0459794
0.0552365
0.0518578
0.0628276
0.0588931
0.0671451
0.0576523
0.0617301
0.0506347
0.0539877
0.0447441
0.0476209
0.0399184
0.0422864
0.0357978
0.0378161
0.0322231
0.0339749
0.0290497
0.0306147
0.0262389
0.0276003
0.0237864
0.0249751
0.0227156
0.0213419
0.0212594
0.0210913
0.0212342
0.0767631
0.0799825
0.0813212
0.0691444
0.073929
0.0832337
0.0862553
0.0721769
0.0825209
0.0770621
0.0202168
0.0199769
0.0200597
0.0209014
0.019883
0.0205783
0.0214913
0.081498
0.0231759
0.0220267
0.0255624
0.024347
0.0281717
0.0268253
0.0311244
0.0296002
0.0344717
0.032746
0.0382765
0.0363164
0.0426419
0.0403885
0.0477229
0.045086
0.0537525
0.0506227
0.0607957
0.0571651
0.064807
0.063207
0.067503
0.0556259
0.0592538
0.0492516
0.052332
0.043838
0.0464654
0.0392681
0.0414761
0.0353128
0.0372275
0.0318468
0.0335298
0.0287643
0.0302641
0.0260118
0.0273456
0.0235691
0.0247582
0.0224742
0.0203365
0.0203388
0.0202209
0.0790787
0.0865089
0.0880653
0.0819685
0.0885864
0.0897535
0.093448
0.0190908
0.0189351
0.0192907
0.0191074
0.0212421
0.0202757
0.0207235
0.0197293
0.0845916
0.0904219
0.0968475
0.0197117
0.0882472
0.0229579
0.0218184
0.0253053
0.0241149
0.0278802
0.026566
0.0307351
0.0292644
0.0339487
0.0322952
0.0375766
0.0357083
0.0416958
0.039571
0.0464252
0.0439759
0.0519528
0.0490831
0.0583361
0.0550432
0.0657023
0.0618828
0.0740689
0.0697621
0.0830811
0.0785364
0.0671713
0.0748504
0.0709901
0.0598718
0.0634385
0.0533284
0.0565244
0.0476758
0.0504283
0.0427357
0.0451243
0.0384564
0.0405254
0.0347025
0.0365216
0.0313809
0.0329945
0.0284132
0.029858
0.0257433
0.0270397
0.0233335
0.0244964
0.022249
0.0193378
0.0193852
0.0192359
0.0868756
0.0785501
0.0965036
0.0874808
0.0932965
0.0954689
0.0187784
0.0188979
0.0209447
0.0199975
0.0947968
0.101336
0.0817724
0.0916237
0.104501
0.10271
0.0915456
0.0194092
0.0955159
0.0205425
0.0185821
0.0195475
0.0226887
0.0215964
0.0249882
0.0238099
0.0274936
0.026213
0.03025
0.0288371
0.0333168
0.0317426
0.0367466
0.0349837
0.0405987
0.038617
0.0449539
0.0427081
0.0499214
0.0473575
0.055553
0.0526551
0.0617782
0.0586249
0.0686046
0.0651984
0.0753284
0.0721347
0.0807059
0.0782265
0.0681781
0.0727468
0.0707482
0.0623902
0.0653426
0.0564581
0.0594435
0.0509432
0.0536697
0.0459381
0.0483769
0.0414697
0.0436398
0.0375069
0.0394308
0.033982
0.0356954
0.0308291
0.0323642
0.027989
0.0293742
0.025405
0.0266667
0.0230579
0.0241975
0.0219753
0.0843352
0.0740009
0.095055
0.0822917
0.0186335
0.0191024
0.0180766
0.0178803
0.0183099
0.0182264
0.0183636
0.0183809
0.018158
0.0182881
0.0178479
0.0180159
0.0176556
0.100455
0.10354
0.100876
0.109836
0.09568
0.112272
0.0741851
0.0858211
0.108295
0.0825511
0.0974057
0.0183634
0.0174467
0.10332
0.0203161
0.019327
0.0223903
0.0213406
0.0246255
0.0234859
0.0270433
0.0258092
0.0296859
0.0283349
0.0325931
0.0311047
0.0358074
0.03416
0.0393724
0.0375443
0.0433358
0.0413021
0.0477383
0.0454823
0.0525735
0.0501059
0.0577427
0.0551286
0.0630894
0.0604158
0.0677038
0.0656389
0.0704924
0.0693785
0.0692762
0.0705804
0.0646523
0.0638734
0.0648711
0.0619964
0.0636303
0.0577271
0.0599989
0.0531023
0.0554811
0.0484509
0.050755
0.0440832
0.0462247
0.040081
0.0420365
0.036452
0.038222
0.0331726
0.0347723
0.0302018
0.0316524
0.0274962
0.0288195
0.025021
0.0262311
0.0227459
0.0238561
0.020669
0.0216831
0.0187873
0.0197013
0.0179481
0.0172367
0.0168449
0.017096
0.0173782
0.0173139
0.017411
0.0174207
0.0172548
0.017367
0.0169487
0.0171278
0.0727871
0.06139
0.0813063
0.0663627
0.0165706
0.0167654
0.107783
0.112137
0.106658
0.118623
0.0988545
0.119971
0.0858209
0.113064
0.0570493
0.0693476
0.0980472
0.0614373
0.0779102
0.0468634
0.0504587
0.039948
0.0538267
0.0476233
0.0393717
0.0163552
0.015715
0.0155535
0.111488
0.0181353
0.0172203
0.0200442
0.0190798
0.0220591
0.0210319
0.0242178
0.0231197
0.0265412
0.0253581
0.0290573
0.027774
0.0317949
0.0303974
0.0347828
0.0332567
0.0380468
0.0363796
0.0416064
0.0397899
0.0454531
0.0434972
0.0495155
0.0474658
0.0536347
0.0515806
0.0575384
0.0556435
0.0604001
0.0591762
0.0611769
0.0612034
0.0576022
0.0600134
0.0534577
0.0548273
0.0516692
0.0571828
0.0566078
0.0560712
0.056992
0.0532795
0.0548535
0.0497068
0.0515513
0.0458887
0.0478027
0.0421427
0.0439959
0.0386016
0.0403433
0.0353146
0.0369259
0.0322901
0.0337712
0.0295106
0.0308722
0.0269504
0.0282055
0.0245852
0.0257457
0.0223986
0.0234686
0.0203547
0.021357
0.0184733
0.01939
0.0176107
0.0160951
0.0158201
0.0163634
0.0162686
0.0164826
0.0164287
0.016505
0.0165104
0.0163739
0.0164669
0.0160771
0.0162469
0.0158931
0.114977
0.120975
0.111573
0.127328
0.100436
0.126931
0.0835561
0.116148
0.0632397
0.0963142
0.0306574
0.0411294
0.0709058
0.028056
0.0424497
0.0223867
0.018671
0.0112833
0.0132466
0.0165968
0.00275816
0.0148699
0.0147197
0.0161119
0.0153157
0.119727
0.017876
0.0169743
0.0197379
0.0188019
0.0216905
0.0206943
0.0237713
0.0227157
0.025993
0.024864
0.028375
0.0271633
0.0309362
0.0296328
0.0336921
0.0322897
0.0366512
0.0351466
0.0398078
0.0382067
0.0431187
0.0414495
0.0464685
0.0447997
0.0496477
0.0480958
0.0522948
0.0510704
0.0537584
0.053218
0.0527954
0.053738
0.0478047
0.0509781
0.0362356
0.0430439
0.0276579
0.0381908
0.0313467
0.0468844
0.0433028
0.0504279
0.0492397
0.0505768
0.0507934
0.0489538
0.0499292
0.0463498
0.0477315
0.0433056
0.044857
0.0401512
0.0417285
0.0370598
0.0385915
0.0341144
0.0355665
0.031349
0.0327093
0.0287669
0.0300362
0.0263585
0.0275425
0.02411
0.0252158
0.0220069
0.0230422
0.0200217
0.0209908
0.018167
0.0190736
0.017302
0.0148267
0.0145293
0.0152854
0.0150763
0.0154978
0.0154181
0.0156129
0.0155643
0.0156242
0.0156333
0.0155021
0.0155851
0.0152441
0.0153902
0.0150601
0.121489
0.129643
0.114926
0.135365
0.0996033
0.132085
0.0782155
0.116272
0.0538033
0.0909028
0.0283598
0.0597713
-0.00222595
0.00356331
0.0266798
-0.0142926
-0.00580204
0.0146092
0.127556
0.0158486
0.0142312
0.0150038
0.0175945
0.0167154
0.0194073
0.0184957
0.0212943
0.0203294
0.0232903
0.022277
0.025406
0.0243332
0.0276493
0.0265114
0.03003
0.0288226
0.0325519
0.0312739
0.0352079
0.0338645
0.0379706
0.0365792
0.0407707
0.0393729
0.0434663
0.0421436
0.0458171
0.0447039
0.0474239
0.0467443
0.0476901
0.0477671
0.0455778
0.0470146
0.0395421
0.0431649
0.027621
0.0344247
0.00841493
0.0189413
-0.0192925
-0.00425672
0.0160431
-0.00631002
0.00584179
0.0311401
0.0243853
0.0400508
0.0362594
0.0443876
0.0427025
0.0455571
0.0452589
0.0448854
0.0453924
0.0431125
0.0440966
0.0407553
0.041981
0.0381473
0.0394673
0.0354842
0.0368145
0.0328721
0.0341678
0.0303644
0.0316038
0.0279818
0.0291575
0.0257284
0.0268396
0.0235996
0.0246493
0.0215862
0.0225797
0.0196697
0.0206101
0.0178541
0.018751
0.0161663
0.0169915
0.0154279
0.0141016
0.0135899
0.013868
0.0144624
0.0142995
0.0146571
0.0145811
0.0147658
0.014722
0.0147692
0.0147815
0.0146599
0.0147306
0.0144372
0.0145673
0.0140681
0.014261
0.0137711
0.013865
-0.0182193
-0.0201463
-0.0343263
-0.036395
0.126656
0.137535
0.014431
0.115855
0.141758
0.0137334
0.0128305
0.0126583
0.0954138
0.134389
0.0689419
0.112399
0.0402504
0.0804365
0.0115749
0.0431871
-0.0148856
0.0053167
-0.0355845
-0.0365187
-0.0294736
-0.0569782
-0.0549403
0.134338
0.0155806
0.0147203
0.0172915
0.0164298
0.0190368
0.0181613
0.0208686
0.0199468
0.0227808
0.0218115
0.0247879
0.0237729
0.0268904
0.0258272
0.0290898
0.0279785
0.0313798
0.0302246
0.0337404
0.0325535
0.0361269
0.0349346
0.0384512
0.0373046
0.0405566
0.0395437
0.0421894
0.0414517
0.0429502
0.0427074
0.0422739
0.0428319
0.0393072
0.0411366
0.0326748
0.0365624
0.0209822
0.0276045
0.00309839
0.0128999
-0.0217081
-0.00849183
-0.0516458
-0.0361947
-0.00870232
-0.0339355
-0.0207488
0.0112637
0.00196449
0.0253733
0.0190921
0.0342683
0.0304118
0.0390453
0.0370663
0.0409844
0.040293
0.0410792
0.0412075
0.040013
0.0406545
0.0382634
0.0391983
0.036156
0.0372384
0.0338961
0.0350358
0.0316046
0.0327492
0.0293496
0.03047
0.0271657
0.0282478
0.0250682
0.0261061
0.0230608
0.0240536
0.0211407
0.0220904
0.0192993
0.0202085
0.017533
0.0184148
0.0158652
0.0166781
0.015114
0.0129404
0.0126577
0.0133501
0.0131688
0.0136559
0.0135137
0.0138409
0.0137646
0.0139414
0.0139026
0.0139402
0.0139537
0.0138407
0.0139033
0.0136347
0.0137525
0.0133017
0.0134854
0.0130877
-0.052318
-0.0478698
-0.0745728
-0.0676143
0.129598
0.143785
0.0133542
0.0125106
0.113358
0.145358
0.0868353
0.132355
0.0547832
0.102912
0.0217273
0.0632707
-0.00966136
0.0196301
-0.0366269
-0.0225333
-0.0567885
-0.057584
-0.0621842
-0.0699576
-0.0817572
-0.0551385
-0.0670738
-0.0767411
0.0116684
-0.0945084
-0.0833204
0.139179
0.015256
0.014328
0.0169479
0.0161071
0.0186531
0.0177947
0.0204206
0.019529
0.0222499
0.021327
0.0241465
0.02319
0.0261077
0.0251194
0.0281277
0.0271113
0.0301911
0.0291556
0.0322676
0.0312305
0.0343001
0.0332942
0.0361883
0.0352703
0.0377688
0.0370294
0.0387883
0.0383676
0.0388681
0.0389718
0.0374887
0.0383959
0.0339253
0.0360309
0.0271186
0.0309915
0.0159842
0.0221451
-0.000418382
0.00848943
-0.022151
-0.0106651
-0.0474905
-0.0345525
-0.0732057
-0.0605072
-0.0315894
-0.0432747
-0.00997103
-0.020346
0.00774383
-0.000563927
0.0206903
0.0147696
0.0293234
0.0255211
0.0343602
0.0322034
0.0368481
0.0358645
0.0375527
0.0373757
0.0370771
0.0374286
0.035857
0.0365361
0.0342014
0.0350677
0.0323155
0.0332772
0.0303281
0.0313284
0.0283174
0.0293222
0.0263288
0.0273187
0.0243861
0.025351
0.0225008
0.0234362
0.020676
0.021581
0.0189138
0.0197865
0.0172114
0.0180564
0.0155645
0.0163751
0.0140923
0.0147859
0.0134384
0.012251
0.0119976
0.0126058
0.012441
0.0128719
0.0127457
0.013048
0.0129727
0.0131402
0.0131057
0.013136
0.0131501
0.0130384
0.0130996
0.0128381
0.0129516
0.0125185
0.0126998
0.01198
0.0122958
0.0117313
0.0117564
0.129267
0.147278
-0.0848621
-0.0983253
0.0117315
0.0111034
0.0111098
-0.0640638
-0.0732196
0.106306
0.144504
0.072776
0.124049
0.0347233
0.0857053
-0.00245628
0.0376309
-0.0353309
-0.0122896
-0.0611882
-0.0570678
-0.0783845
-0.089548
-0.0787345
-0.0678626
-0.0762841
-0.0894091
-0.087909
-0.107833
-0.0911447
0.010783
0.0124332
0.010546
0.140948
0.0131502
0.0123728
0.0148883
0.0140022
0.0165897
0.0157457
0.0182533
0.0174171
0.0199569
0.0190998
0.0217028
0.0208247
0.0234892
0.0225911
0.0253107
0.0243962
0.027155
0.0262312
0.0289997
0.0280793
0.0308063
0.029911
0.0325092
0.0316758
0.0340018
0.0332899
0.0351199
0.0346197
0.0356197
0.0354646
0.0351526
0.0355304
0.0332542
0.0344124
0.0293071
0.0315781
0.0225107
0.0263089
0.0120783
0.017785
-0.00267404
0.00525857
-0.0216225
-0.0117143
-0.042977
-0.0321997
-0.0537416
-0.0486786
-0.058513
-0.0289679
-0.0387528
-0.0104916
-0.0194562
0.00510916
-0.00226759
0.0168854
0.011425
0.0251077
0.0214079
0.0302666
0.0280111
0.0331251
0.0319347
0.0343039
0.0338845
0.0343162
0.0344252
0.0335533
0.0340093
0.0323012
0.0329729
0.0307585
0.0315559
0.0290565
0.0299209
0.0272796
0.0281734
0.0254804
0.0263805
0.0236899
0.0245829
0.0219261
0.0228041
0.0201981
0.0210573
0.0185119
0.0193499
0.016868
0.017685
0.015272
0.016059
0.01377
0.0145054
0.0130845
0.0110235
0.0107248
0.011537
0.0113013
0.0118673
0.0117119
0.0121111
0.0119954
0.0122773
0.0122053
0.012362
0.0123309
0.0123551
0.01237
0.0122568
0.012318
0.0120591
0.0121712
0.0117315
0.0119143
0.0112801
0.0115141
0.0110336
-0.114238
0.0104304
-0.0951227
-0.0810184
0.124464
0.146212
0.0934795
0.137165
0.0521728
0.107057
-0.111913
0.00796543
0.0583608
-0.032401
0.00140367
-0.0648939
-0.0537781
-0.0833585
-0.0703421
-0.0742037
-0.0885424
-0.0877199
-0.0977611
-0.0984957
-0.10078
-0.124215
-0.104588
-0.105716
-0.134221
0.00978153
0.00994035
0.0097983
-0.103729
-0.0874686
0.00950345
0.13852
0.0116046
0.0102112
0.010923
0.012983
0.0122813
0.0145627
0.0137515
0.0162096
0.0153876
0.0178418
0.0170257
0.0194837
0.0186605
0.0211453
0.020312
0.0228232
0.0219826
0.0245078
0.0236655
0.026182
0.0253477
0.0278179
0.027007
0.0293708
0.0286081
0.0307702
0.0300949
0.0319077
0.0313795
0.0326234
0.0323296
0.0326884
0.032753
0.0317883
0.0323794
0.0295163
0.0308493
0.0253559
0.0277043
0.0187038
0.0223717
0.00901382
0.0142609
-0.00413276
0.00287836
-0.0204999
-0.0119957
-0.0385089
-0.0294581
-0.0557574
-0.047461
-0.0690906
-0.0631145
-0.092088
-0.0770883
-0.0738658
-0.0584463
-0.0649979
-0.042787
-0.0508761
-0.0263225
-0.0345473
-0.0105825
-0.0182528
0.00310294
-0.00340768
0.0137893
0.00878562
0.0215264
0.0179954
0.026685
0.0243899
0.0297837
0.0284519
0.0313244
0.0307154
0.0317361
0.0316442
0.0313643
0.0316278
0.0304694
0.0309676
0.0292388
0.0298859
0.0278021
0.0285394
0.0262465
0.0270347
0.0246293
0.0254429
0.022987
0.0238096
0.0213426
0.0221641
0.0197103
0.0205243
0.018099
0.0189019
0.0165145
0.0173035
0.0149692
0.0157358
0.0134611
0.0142006
0.0120861
0.0127465
0.0114575
0.010356
0.0100997
0.0108216
0.0106038
0.0111374
0.0109881
0.0113706
0.0112605
0.011528
0.0114598
0.0116059
0.0115776
0.0115967
0.0116123
0.0114985
0.0115592
0.0113036
0.0114141
0.0109915
0.0111624
0.0106346
0.0108078
0.0102941
0.0104541
0.0100771
0.113761
0.138903
-0.0780056
-0.0644286
-0.0644335
0.0737058
0.120795
-0.13287
0.0242282
0.0786631
-0.0255782
0.0183015
-0.123663
-0.0762172
-0.0629342
-0.0619272
-0.0758923
-0.0674287
-0.047194
-0.0916574
-0.0973361
-0.104331
-0.0942575
-0.110238
-0.105606
-0.115181
-0.142919
-0.116458
-0.122846
-0.159681
-0.122585
0.00996109
0.00951989
0.00926946
0.00916113
0.0104144
0.00935243
0.00885299
0.130049
0.0113452
0.0106504
0.0127531
0.0120465
0.0142779
0.0134959
0.0158478
0.01506
0.0174267
0.0166373
0.0190052
0.0182159
0.0205835
0.0197945
0.0221553
0.0213708
0.0237072
0.0229348
0.0252183
0.0244696
0.0266565
0.0259489
0.0279731
0.0273335
0.0290953
0.0285637
0.0299166
0.029551
0.0302852
0.0301679
0.0299909
0.030235
0.0287547
0.0295081
0.0262269
0.0276735
0.0219852
0.0243444
0.0155808
0.0190739
0.00665084
0.0114426
-0.00499589
0.0011611
-0.0190582
-0.011787
-0.0341352
-0.0266316
-0.048305
-0.0415507
-0.0588875
-0.0541526
-0.0624506
-0.0593462
-0.0620423
-0.0501504
-0.0553097
-0.0374932
-0.0441174
-0.0237759
-0.0306575
-0.0104006
-0.0169889
0.00157157
-0.00415902
0.0112451
0.00668448
0.0184857
0.0151456
0.0235526
0.0212649
0.0267935
0.0253701
0.0286028
0.0278491
0.0293376
0.0290809
0.0292974
0.029396
0.028716
0.0290607
0.027767
0.0282776
0.0265751
0.0271946
0.0252273
0.025916
0.0237835
0.0245143
0.022284
0.0230387
0.0207559
0.0215223
0.019217
0.0199869
0.0176798
0.0184477
0.0161546
0.0169154
0.0146528
0.0153978
0.0131636
0.0138982
0.0117402
0.0124493
0.0110682
0.00922778
0.00883378
0.00902044
0.00969088
0.00946623
0.0101176
0.00991801
0.0104218
0.0102781
0.0106486
0.0105421
0.0107986
0.0107339
0.0108711
0.0108451
0.0108605
0.0108763
0.0107643
0.0108234
0.0105793
0.0106831
0.0103047
0.0104517
0.0100163
0.010153
0.00969064
0.00987616
0.0094619
-0.0769639
-0.0623696
0.0957442
0.122966
-0.159607
0.0460758
0.0926696
-0.0590989
-0.0472322
-0.0424365
-0.0545679
-0.0111658
0.0362143
-0.14934
-0.0732652
-0.0651111
-0.0365093
-0.0923997
-0.106261
-0.108266
-0.0944294
-0.132604
-0.110221
-0.131299
-0.162178
-0.114195
-0.126025
-0.142582
-0.189904
-0.137788
-0.143833
0.00858436
0.00862462
-0.0740667
-0.0587669
0.113794
0.00969091
0.00838789
0.00903971
0.0110589
0.0103626
0.0124801
0.0117624
0.0139679
0.0132111
0.0154886
0.0147267
0.0170124
0.0162512
0.0185265
0.0177711
0.0200232
0.0192774
0.0214919
0.0207618
0.0229165
0.022211
0.0242726
0.0236049
0.025525
0.0249143
0.0266231
0.0260969
0.0274939
0.0270919
0.0280351
0.0278126
0.028106
0.0281387
0.0275169
0.0279061
0.0260242
0.0268983
0.0233317
0.0248452
0.0191018
0.0214265
0.0130087
0.0163011
0.00482873
0.0091823
-0.00546198
-6.79765e-05
-0.0174961
-0.0113106
-0.0301457
-0.0238617
-0.0416002
-0.0361377
-0.049979
-0.0463055
-0.0535949
-0.0525712
-0.0504451
-0.0529318
-0.0538569
-0.0405432
-0.0464332
-0.0519219
-0.0505115
-0.0498534
-0.0516039
-0.0428841
-0.046898
-0.0328342
-0.0381288
-0.0214552
-0.0272167
-0.0100232
-0.0157182
0.000427385
-0.00461168
0.00916772
0.00502698
0.0159128
0.012776
0.0208189
0.0185765
0.0241236
0.0226481
0.0261249
0.0252639
0.027117
0.0267269
0.0273559
0.0273143
0.0270481
0.0272578
0.0263518
0.0267392
0.0253841
0.0258951
0.0242301
0.0248255
0.0229502
0.0236025
0.0215874
0.0222769
0.0201713
0.0208844
0.018723
0.0194499
0.0172579
0.0179915
0.0157894
0.0165233
0.0143208
0.0150538
0.0128703
0.0135959
0.0114626
0.0121585
0.0100361
0.0107574
0.00928712
0.0086329
0.00840931
0.00904793
0.00885018
0.00943187
0.00925406
0.00972477
0.00958694
0.00994477
0.00984233
0.0100884
0.0100264
0.0101565
0.0101322
0.0101454
0.0101609
0.0100536
0.0101098
0.0098826
0.00997753
0.00964227
0.00976974
0.00937702
0.00950806
0.00903137
0.00923397
0.00851396
0.00878962
0.00791056
0.0082108
-0.193528
0.0691722
0.0959989
0.0076624
0.00757553
-0.0368416
-0.0487483
0.0102992
0.050314
-0.0334289
-0.0467468
-0.181813
-0.0688372
-0.0532834
-0.022149
-0.0696606
-0.0907562
-0.109273
-0.106229
-0.092591
-0.162266
-0.112276
-0.147254
-0.179917
-0.11579
-0.132552
-0.165417
-0.224039
-0.138769
-0.150503
-0.168812
-0.235412
-0.162999
-0.0250272
-0.0143607
-0.0080227
-0.0303
-0.0215579
0.0878602
0.00815893
0.00675937
0.00752596
0.00940458
0.00876749
0.0107634
0.0100682
0.012189
0.0114731
0.013649
0.0129122
0.0151285
0.0143884
0.016601
0.0158662
0.018052
0.0173299
0.0194694
0.0187655
0.0208393
0.0201612
0.0221424
0.0215005
0.0233522
0.0227609
0.0244315
0.0239107
0.0253287
0.0249063
0.0259727
0.025687
0.0262672
0.0261699
0.0260839
0.0262436
0.025255
0.0257606
0.0235711
0.0245323
0.0207851
0.0223295
0.0166324
0.0188919
0.0108857
0.0139653
0.00342808
0.00736767
-0.00565422
-0.000930447
-0.0159352
-0.0106905
-0.0264767
-0.0212589
-0.0356451
-0.0313701
-0.0422161
-0.0393876
-0.0443291
-0.0439483
-0.0404022
-0.043084
-0.0304605
-0.0363161
-0.0227377
-0.0267155
-0.0130908
-0.0207483
-0.0371989
-0.0323132
-0.0424575
-0.0407273
-0.0417401
-0.0428415
-0.0365838
-0.0396511
-0.0287672
-0.0330157
-0.0192967
-0.0241881
-0.00952655
-0.0144141
-0.000370084
-0.00481885
0.00747149
0.00373197
0.0137262
0.0107945
0.0184311
0.0162588
0.0217408
0.0202432
0.0238736
0.0229352
0.0250681
0.0245709
0.0255404
0.0253802
0.0254703
0.0255618
0.0249994
0.0252763
0.0242362
0.0246478
0.0232618
0.0237705
0.022136
0.0227143
0.0209028
0.0215304
0.0195938
0.020256
0.0182325
0.0189182
0.0168366
0.0175377
0.01542
0.0161301
0.0139958
0.0147068
0.0125786
0.0132852
0.0111713
0.0118696
0.0097833
0.0104685
0.0084004
0.00909515
0.00801227
0.00777423
0.00842291
0.00823561
0.008771
0.00860669
0.00904771
0.00891635
0.00925902
0.00916131
0.00939652
0.00933714
0.00946118
0.00943825
0.0094504
0.00946517
0.00936396
0.0094166
0.00920574
0.00929322
0.00898482
0.00910243
0.00871833
0.00885587
0.008355
0.00856251
0.00786577
0.00812046
0.00727009
0.00757321
0.00697799
-0.0414325
0.0336105
0.0560293
-0.0167094
-0.00838318
-6.74209e-06
0.00647403
0.00595757
-0.0370153
-0.223304
-0.0626841
-0.0332687
-0.00775846
-0.0624045
-0.0864842
-0.100822
-0.096247
-0.0883907
-0.199513
-0.111391
-0.156364
-0.188595
-0.114914
-0.13599
-0.188655
-0.257515
-0.170718
-0.141832
-0.159722
-0.198337
-0.285242
-0.179526
-0.192993
-0.00205187
-0.0204455
-0.0324035
0.0503953
0.00776154
0.00714383
0.00910512
0.00842589
0.0104706
0.00977945
0.0118881
0.0111736
0.0133277
0.0126059
0.01477
0.0140497
0.0161945
0.0154854
0.0175855
0.0168953
0.018927
0.0182632
0.0202026
0.019574
0.0213909
0.020809
0.0224634
0.0219435
0.023382
0.0229444
0.0240954
0.0237676
0.0245357
0.024354
0.0246139
0.0246257
0.0242149
0.0244812
0.0231925
0.0237903
0.0213699
0.0223913
0.0185441
0.0200929
0.0145122
0.0166871
0.00912457
0.0119902
0.0023477
0.00590243
-0.00566012
-0.001525
-0.014445
-0.00999907
-0.0231696
-0.0188829
-0.0305761
-0.0271219
-0.0353879
-0.0334162
-0.0362781
-0.0364653
-0.0317784
-0.0346858
-0.0220775
-0.0276353
-0.00793408
-0.0151477
-0.0127802
0.000172056
0.00747778
-0.000799011
-0.019032
-0.00519314
-0.0131053
-0.0286498
-0.0241141
-0.034405
-0.0321387
-0.034907
-0.0353193
-0.0313346
-0.0335019
-0.0251528
-0.0285226
-0.0172967
-0.0213542
-0.00895125
-0.0131317
-0.000961582
-0.00486864
0.0060677
0.00269299
0.0118519
0.00911882
0.0163386
0.0142495
0.0196123
0.0181145
0.0218301
0.0208379
0.0231823
0.0225998
0.0238491
0.0235889
0.0239849
0.0239733
0.0237148
0.0238926
0.0231373
0.0234582
0.0223285
0.022757
0.0213466
0.0218557
0.0202356
0.0208047
0.0190284
0.019642
0.0177499
0.0183964
0.0164196
0.0170899
0.0150537
0.0157402
0.0136673
0.0143621
0.0122719
0.01297
0.010885
0.0115757
0.00952627
0.0101955
0.00812814
0.00884719
0.00692772
0.0066631
0.00738212
0.0071468
0.00779429
0.00760517
0.00812375
0.00796718
0.00838947
0.00826354
0.00859139
0.00849849
0.00872284
0.00866593
0.00878444
0.00876264
0.00877429
0.00878823
0.00869284
0.00874239
0.00854307
0.0086261
0.00832893
0.00844392
0.00805482
0.00819895
0.00768139
0.00788774
0.00721382
0.00746081
0.00666214
0.00694137
0.00634032
-0.0242364
-0.275966
-0.0553174
-0.011409
0.00257305
0.00568681
0.00509129
-0.0507258
-0.0799417
-0.0833939
-0.0814505
0.00469861
0.0130518
0.0189857
-0.0801502
0.00448172
-0.00369953
-0.247145
-0.107778
-0.152085
-0.18299
-0.110798
-0.136152
-0.20445
-0.277854
-0.211293
-0.142063
-0.164851
-0.2288
-0.334543
-0.174907
-0.192291
-0.228749
-0.340316
-0.0196142
-0.00499664
-0.214273
0.00845519
-0.0330153
-0.0463193
0.00145446
0.00740529
0.0066072
0.00879304
0.00811247
0.0101732
0.00947949
0.011582
0.0108742
0.0130049
0.0122938
0.014416
0.0137131
0.0157967
0.0151112
0.0171308
0.0164709
0.0184004
0.0177746
0.0195869
0.0190051
0.0206671
0.0201417
0.0216114
0.0211581
0.0223815
0.0220206
0.0229274
0.0226855
0.0231853
0.0230962
0.0230742
0.0231808
0.0224924
0.0228482
0.0213148
0.0219852
0.0193941
0.0204554
0.0165671
0.0181019
0.0126812
0.0147616
0.00764732
0.0103065
0.00149655
0.00470099
-0.00556333
-0.00194307
-0.0130776
-0.00930443
-0.020282
-0.0167763
-0.026168
-0.0234518
-0.0296479
-0.0282759
-0.0294567
-0.0301183
-0.02476
-0.0277502
-0.0154058
-0.0206841
-0.00253
-0.00914739
0.0130437
0.00432286
0.0167872
0.0113034
0.0212292
0.00113575
0.0106013
-0.0123818
-0.00647405
-0.021619
-0.0173485
-0.0276821
-0.0252152
-0.0290799
-0.0289226
-0.0267791
-0.0282931
-0.0219529
-0.0246222
-0.0155011
-0.0188621
-0.0084026
-0.0119786
-0.00142354
-0.0048602
0.00489163
0.00183854
0.0102365
0.0076926
0.0144996
0.0124999
0.0177097
0.0162271
0.0199768
0.0189489
0.0214504
0.0208006
0.0222789
0.0219345
0.0225928
0.0224912
0.0225011
0.0225904
0.0220917
0.0223303
0.0214352
0.0217897
0.0205872
0.0210316
0.0195907
0.0201048
0.0184793
0.0190472
0.0172791
0.0178885
0.0160109
0.016652
0.0146926
0.015357
0.0133397
0.0140196
0.0119662
0.0126543
0.0105909
0.011278
0.00922598
0.00990166
0.00778594
0.00853742
0.00623266
0.00698997
0.00624449
0.00570779
0.00593938
0.00674671
0.00649656
0.00716178
0.00696914
0.0074892
0.00733474
0.00774787
0.00762607
0.00794112
0.0078526
0.00806676
0.00801233
0.0081253
0.00810462
0.00811548
0.00812882
0.00803772
0.00808502
0.00789296
0.00797357
0.00768074
0.00779546
0.00740019
0.00754878
0.00703102
0.00723053
0.006561
0.00680833
0.00602455
0.0063063
0.00522863
0.00565085
0.00494775
-0.0357142
-0.0718623
-0.0649163
-0.067016
0.00540357
0.0236195
0.00552447
-0.0669463
-0.0141265
-0.0308589
0.0209548
0.0143643
-0.308721
-0.101718
-0.138266
-0.166651
-0.101717
-0.133145
-0.205099
-0.277008
-0.263356
0.00169382
-0.138135
-0.165995
-0.251142
-0.366099
-0.175231
-0.200105
-0.265929
-0.403213
-0.216423
-0.231471
-0.255374
0.0275714
-0.0480962
-0.0152348
-0.0285377
0.022861
-0.0620886
-0.0588275
0.00697687
0.0061659
0.00845763
0.00774142
0.00986058
0.00915777
0.0112748
0.0105679
0.0126845
0.0119817
0.0140691
0.0133812
0.01541
0.0147462
0.0166911
0.0160585
0.0178937
0.0173034
0.0189967
0.0184587
0.0199759
0.0195031
0.0208012
0.0204095
0.0214345
0.0211441
0.0218282
0.021664
0.0219229
0.0219163
0.0216459
0.021835
0.0209089
0.0213399
0.0196067
0.0203342
0.0176189
0.0187047
0.0148167
0.0163254
0.0110884
0.0130709
0.00639175
0.00885725
0.000807536
0.00369766
-0.00542144
-0.00224968
-0.0118532
-0.008649
-0.0178007
-0.014937
-0.0224129
-0.0203252
-0.0247615
-0.0239253
-0.0238592
-0.024766
-0.0190181
-0.0219563
-0.00996542
-0.0150038
0.00184429
-0.00431488
0.0171392
0.00882841
0.0346997
0.0369656
0.0266966
0.0317777
0.0296946
0.0256787
0.0247174
0.0353486
0.0327864
0.00633854
0.0149982
-0.00688317
-0.000938433
-0.0160271
-0.0118111
-0.0220566
-0.0194845
-0.0241613
-0.0235815
-0.0228824
-0.0238689
-0.0191972
-0.0212809
-0.0139326
-0.0167064
-0.00789981
-0.0109633
-0.0017886
-0.0048188
0.00389613
0.00112915
0.00883528
0.006469
0.0128767
0.0109684
0.0160058
0.0145488
0.0182959
0.017246
0.0198623
0.0191594
0.0208253
0.0204101
0.0212937
0.0211135
0.0213604
0.0213707
0.0211032
0.0212668
0.0205863
0.0208728
0.0198621
0.0202467
0.0189725
0.0194352
0.0179508
0.0184759
0.0168239
0.0173986
0.0156138
0.0162277
0.0143393
0.0149835
0.0130166
0.013683
0.0116619
0.0123422
0.0102891
0.0109773
0.00889776
0.00959415
0.00747462
0.00820542
0.00600851
0.00672896
0.0053008
0.00509681
0.00460965
0.00487042
0.00558312
0.00532551
0.00612148
0.00585844
0.00654194
0.00634765
0.00686913
0.00671549
0.00712208
0.0070038
0.00730762
0.00722291
0.00742754
0.00737567
0.00748287
0.00746339
0.00747311
0.00748602
0.00739825
0.0074438
0.00725756
0.00733613
0.00704844
0.00716183
0.00676895
0.00691714
0.00640567
0.00660123
0.00593735
0.00618424
0.00537317
0.00566913
0.00463806
0.00499958
0.00405652
0.00434618
-0.0497535
0.00596773
-0.0450015
-0.0172107
-0.00481249
-0.383513
-0.0663517
-0.093507
-0.124863
-0.144273
-0.0869665
-0.127703
-0.195854
-0.258086
0.0464165
0.0477606
-0.330579
0.0184243
0.0417336
0.0387699
0.0276371
0.0374484
0.0039654
0.00431034
0.00365203
0.00372113
0.00345717
0.00307405
-0.128532
-0.163913
-0.256814
-0.369036
-0.0456797
-0.026448
-0.171196
-0.202742
-0.294101
-0.443952
-0.270435
-0.216319
-0.0663815
-0.0339809
-0.242296
-0.298513
-0.456143
-0.276779
-0.0821245
-0.126699
0.00510657
0.00439868
0.00659404
0.0058345
0.00810271
0.00736092
0.00954389
0.00882599
0.0109686
0.0102588
0.0123701
0.0116732
0.0137326
0.0130573
0.0150385
0.0143937
0.0162705
0.0156646
0.0174107
0.0168532
0.0184361
0.0179389
0.0193214
0.0188976
0.0200367
0.019702
0.0205447
0.0203187
0.0208001
0.0207064
0.0207487
0.0208156
0.020326
0.0205871
0.0194564
0.019951
0.0180532
0.0188259
0.01602
0.0171199
0.0132577
0.014734
0.00968776
0.0115744
0.0053034
0.00759152
0.000223765
0.00283573
-0.0052823
-0.00249905
-0.0107902
-0.00806911
-0.0156936
-0.0133594
-0.0192586
-0.0176882
-0.0206838
-0.0202845
-0.0191946
-0.0203365
-0.0142029
-0.0171586
-0.00557946
-0.0102953
0.00576296
-0.000214651
0.0205065
0.0126451
0.0387763
0.0292558
0.0444646
0.037201
0.0278919
0.0328342
0.0430348
0.0404688
0.0464303
0.0447703
0.0105088
0.0185588
-0.0022705
0.00356994
-0.0113948
-0.00721568
-0.0174218
-0.0148012
-0.0200418
-0.0191464
-0.0195917
-0.0201422
-0.0168609
-0.0184567
-0.0125869
-0.0148686
-0.0074617
-0.0100874
-0.00209911
-0.00477729
0.00303136
0.000517321
0.00760347
0.00539961
0.0114336
0.00961411
0.0144742
0.0130483
0.0167697
0.0157074
0.0184075
0.0176624
0.0194834
0.0190079
0.0200861
0.019837
0.0202939
0.0202335
0.0201744
0.02027
0.0197853
0.0200093
0.0191754
0.0195045
0.018385
0.0188
0.0174468
0.017932
0.016388
0.0169304
0.0152317
0.0158204
0.0139971
0.014623
0.0127015
0.0133557
0.0113609
0.0120359
0.00998632
0.0106774
0.0085897
0.00928665
0.00717548
0.0078817
0.00573078
0.00645267
0.00500765
0.0045337
0.0042626
0.0050106
0.00477991
0.00552699
0.00526853
0.00594355
0.00575114
0.00626566
0.00611472
0.00651161
0.00639711
0.00668981
0.00660863
0.00680408
0.00675475
0.00685621
0.00683792
0.00684638
0.00685893
0.00677421
0.00681811
0.00663815
0.00671421
0.00643498
0.00654523
0.00616178
0.00630689
0.00580725
0.00599748
0.0053465
0.00559127
0.00477216
0.0050723
0.00411202
0.00443432
0.00380068
-0.0668721
0.0211718
-0.0901011
-0.119686
-0.188017
-0.227177
0.0487586
-0.410102
0.0360035
0.0476037
0.00398717
0.00331882
0.00331754
0.002648
-0.11224
-0.158663
-0.252503
-0.348267
-0.00755745
-0.16162
-0.201004
-0.304659
-0.44972
-0.064537
-0.0413742
-0.338533
-0.211996
-0.0932314
-0.0552311
-0.246496
-0.331733
-0.501286
-0.26919
-0.291555
-0.324584
0.0132059
0.00250052
-0.107084
-0.198705
0.00475099
0.00402211
0.00625377
0.00549881
0.00776117
0.00700597
0.00922952
0.00849812
0.0106673
0.00995276
0.0120651
0.0113718
0.0134097
0.0127448
0.0146848
0.0140568
0.0158727
0.0152905
0.0169551
0.0164278
0.0179089
0.0174495
0.0187077
0.0183289
0.0193218
0.0190394
0.019715
0.0195479
0.019845
0.019815
0.0196624
0.0197952
0.0191109
0.0194355
0.0181267
0.0186759
0.0166396
0.0174491
0.014575
0.0156826
0.0118587
0.0133008
0.00843899
0.0102361
0.0043358
0.00646547
-0.000302333
0.00206739
-0.00518612
-0.00273638
-0.0099086
-0.00759693
-0.0139393
-0.0120457
-0.0166462
-0.0154971
-0.0173352
-0.0172806
-0.0153782
-0.0167139
-0.0102842
-0.013239
-0.00199728
-0.00650052
0.00900159
0.00317231
0.0230607
0.0156482
0.0402337
0.0313166
0.058896
0.0592797
0.0496678
0.0579113
0.0584469
0.0554181
0.0569694
-0.487635
0.0532683
0.054119
0.0531349
0.0491
0.0511769
0.0558288
0.0546391
0.0573474
0.0567076
0.0485655
0.0583964
0.0579488
0.0298881
0.0390326
0.0137181
0.021387
0.00138174
0.007092
-0.0076023
-0.00346175
-0.0136482
-0.0109909
-0.0166416
-0.0155114
-0.0168568
-0.0170517
-0.0149143
-0.0161068
-0.0114664
-0.0133355
-0.00711382
-0.00936536
-0.0023944
-0.00476975
0.00225549
-3.84928e-05
0.00650303
0.00444387
0.010139
0.00840227
0.013091
0.0116978
0.0153816
0.0143128
0.0170757
0.0162962
0.0182475
0.0177203
0.0189681
0.0186583
0.0193022
0.0191782
0.0193075
0.0193413
0.0190352
0.019202
0.0185305
0.0188085
0.0178318
0.0182026
0.0169707
0.017419
0.0159748
0.0164875
0.0148677
0.0154335
0.0136691
0.0142785
0.012397
0.0130407
0.0110669
0.011738
0.00969173
0.0103839
0.00828187
0.00898927
0.00686576
0.0075718
0.00540621
0.00613395
0.00468724
0.00338621
0.00267852
0.00304354
0.00400721
0.00371024
0.00450164
0.00426987
0.00497405
0.00473508
0.00537106
0.00518588
0.00568165
0.00553613
0.00591784
0.00580812
0.00608775
0.00601051
0.00619597
0.00614929
0.00624493
0.00622778
0.00623517
0.00624729
0.00616601
0.00620804
0.00603565
0.00610851
0.00584103
0.00594662
0.0055777
0.00571793
0.00523467
0.00541824
0.00479038
0.00502658
0.00424015
0.00452569
0.00361089
0.00392836
0.00289855
0.00327465
0.00201925
0.00247282
-0.0901017
0.0466764
-0.120394
-0.150176
-0.250874
-0.308083
0.0122963
-0.143961
-0.196355
-0.305681
-0.426861
-0.0194842
0.0689757
0.0689236
0.0494156
0.0589855
-0.419045
0.00207803
0.00227997
0.00165341
0.00151806
0.00143026
0.000885821
-0.201783
-0.0112051
-0.245522
-0.34601
-0.508382
-0.0889016
-0.06105
-0.262017
-0.334563
-0.29889
-0.36208
-0.533759
-0.129067
-0.0840483
-0.344338
0.0528945
0.0700861
0.0716886
0.0433007
0.0390001
-0.138038
-0.269304
0.032894
0.00288719
0.0021881
0.00436129
0.00360932
0.00589822
0.00512688
0.00742855
0.00666982
0.00892314
0.008179
0.0103752
0.00965506
0.0117727
0.0110811
0.0131033
0.0124469
0.0143518
0.0137386
0.0155005
0.0149394
0.0165304
0.0160311
0.0174186
0.0169942
0.0181381
0.0178005
0.0186596
0.018425
0.0189482
0.0188346
0.0189642
0.018992
0.0186634
0.0188553
0.0179969
0.0183779
0.0169117
0.0175087
0.0153525
0.0161934
0.0132633
0.0143759
0.0105914
0.0120012
0.00730672
0.00902379
0.00344961
0.00544123
-0.000809237
0.00135301
-0.00516385
-0.00299734
-0.00922345
-0.00725662
-0.0125247
-0.0109985
-0.0145274
-0.0137215
-0.0146332
-0.0148489
-0.0123143
-0.0137983
-0.00717499
-0.0101067
0.000830145
-0.00350651
0.0114859
0.00583137
0.0249798
0.0178841
0.0413188
0.0328368
0.059602
0.0503297
0.0691472
0.06893
0.0688157
0.068951
0.0692063
0.0697908
0.0718068
0.0708487
0.0685589
0.0690227
0.0682077
0.068272
0.0680496
0.0681707
0.0682495
0.0681266
0.0315855
0.0401684
0.0162008
0.0235347
0.00423677
0.00980977
-0.00458352
-0.000515744
-0.0106241
-0.00794219
-0.0138914
-0.0125868
-0.0146315
-0.0145419
-0.0133358
-0.0141956
-0.0105765
-0.0121005
-0.00687702
-0.00881135
-0.00270467
-0.00482246
0.00153499
-0.000570885
0.00550168
0.00356835
0.00896502
0.00730248
0.0118345
0.0104724
0.0141165
0.0130439
0.015857
0.0150485
0.0171123
0.0165396
0.0179377
0.0175734
0.0183855
0.018204
0.0185041
0.0184816
0.0183387
0.0184529
0.0179306
0.0181616
0.0173161
0.0176463
0.0165259
0.0169403
0.0155875
0.0160729
0.0145248
0.0150699
0.0133581
0.013953
0.0121062
0.0127414
0.0107832
0.0114522
0.00940361
0.0100995
0.00798364
0.00869656
0.00652774
0.00725822
0.0050678
0.00580364
0.00364339
0.00434499
0.00295289
0.00286491
0.00249976
0.00349985
0.00319433
0.00400575
0.00377148
0.0044531
0.004235
0.00482244
0.00464845
0.00511612
0.00497833
0.00533972
0.00523587
0.00550022
0.0054273
0.00560209
0.00555815
0.00564781
0.00563182
0.00563815
0.0056498
0.0055725
0.0056123
0.00544928
0.00551809
0.00526515
0.00536507
0.00501386
0.00514804
0.00468514
0.00486063
0.00426367
0.00448704
0.00374291
0.00401418
0.00311713
0.00344225
0.00236067
0.00276874
0.00191678
-0.118744
0.0734878
-0.159181
-0.188165
-0.308891
-0.379728
0.0037589
0.0740002
0.0520651
0.0689119
0.0684694
-0.495567
0.00184552
0.00119668
0.000960466
0.000297245
-0.183234
0.0331191
-0.241253
-0.351488
-0.485387
-0.0352294
-0.250251
-0.411895
-0.299491
-0.379061
-0.540357
-0.0318152
-0.322763
-0.356242
-0.384403
0.0772188
-0.0885251
0.0986663
0.10534
-0.122098
0.0942325
0.10072
-0.176149
-0.333491
0.0283443
0.00242943
0.00168744
0.00395148
0.00317958
0.00553836
0.00474264
0.00710683
0.00632642
0.0086288
0.0078732
0.0100961
0.00936969
0.0114963
0.0108049
0.0128167
0.0121668
0.0140427
0.0134421
0.0151569
0.0146145
0.0161391
0.0156654
0.0169675
0.0165723
0.0176159
0.0173156
0.0180531
0.017862
0.0182463
0.0181815
0.0181587
0.0182389
0.0177507
0.0179961
0.0169802
0.017412
0.0158041
0.016444
0.0141797
0.0150488
0.0120664
0.0131846
0.00943002
0.0108133
0.00625897
0.00790836
0.00260994
0.00448471
-0.00132943
0.00065814
-0.00524023
-0.00331125
-0.00874595
-0.00706709
-0.0114409
-0.0102195
-0.0128659
-0.01234
-0.0125067
-0.0129359
-0.0099149
-0.0115068
-0.00477544
-0.00766975
0.0029788
-0.00121232
0.0132993
0.007818
0.0263025
0.0194739
0.0419533
0.033785
0.0597102
0.0506824
0.0782658
0.0781168
0.0689091
0.0787412
0.0784121
0.0799331
0.0792035
0.081908
0.0807026
0.0860864
0.0835875
0.0894072
0.0892901
0.093393
0.0832987
0.0858913
0.0800469
0.0814047
0.0783755
0.0790875
0.0777976
0.0779699
0.0683546
0.0775185
0.0776719
0.0498912
0.0591834
0.0325913
0.0409631
0.0179613
0.0249095
0.00639871
0.0118201
-0.00225409
0.00173995
-0.00826434
-0.0055738
-0.0117284
-0.0102953
-0.0128778
-0.012563
-0.0121103
-0.0126967
-0.00992284
-0.0111597
-0.00676981
-0.00843863
-0.00305588
-0.00495824
0.000840157
-0.00110832
0.00457002
0.00274281
0.00788639
0.00628687
0.0106854
0.00934947
0.0129604
0.0118839
0.0147426
0.0139078
0.0160727
0.015459
0.0169927
0.016579
0.0175441
0.0173099
0.0177663
0.0176923
0.0176983
0.0177641
0.0173787
0.0175662
0.0168413
0.0171344
0.0161152
0.0164989
0.0152289
0.0156898
0.0142055
0.0147324
0.0130674
0.0136488
0.0118316
0.0124602
0.0105128
0.0111812
0.00912593
0.00982663
0.00768551
0.00841138
0.00620395
0.0069463
0.00471561
0.00545805
0.00324646
0.0039753
0.00253531
-0.539223
-0.17888
-0.128125
0.00156987
0.000626884
0.00111516
0.00238074
0.00199382
0.00301568
0.00271369
0.00352544
0.00328681
0.00395228
0.0037473
0.00429574
0.00413373
0.0045695
0.00444094
0.00477807
0.00468116
0.00492762
0.00485964
0.00502233
0.00498146
0.0050644
0.0050496
0.00505518
0.00506604
0.00499406
0.00503104
0.0048791
0.0049433
0.00470635
0.00480013
0.00446928
0.00459599
0.00415883
0.00432425
0.00376274
0.00397234
0.00326755
0.00352754
0.00265121
0.00297438
0.00188124
0.00229236
0.000914446
0.00142067
-0.000290966
0.000344547
-0.15537
0.0758747
-0.206846
-0.233482
-0.357731
-0.435048
-0.0079987
0.0508665
-0.231283
-0.482624
-0.295126
-0.387471
-0.518883
0.122461
0.133996
0.0234891
-0.0566261
0.109566
0.0806747
0.0871501
0.0871177
0.0682987
0.0777478
-0.306936
-0.360167
-0.402459
-0.544838
-0.0602746
-0.00101512
-0.000805418
-0.00160491
0.000122843
6.90437e-05
-0.000482555
-0.39312
-0.398564
-0.12573
0.133985
0.120808
0.149375
0.114018
-0.166271
-0.222461
-0.385124
0.021342
0.000356321
-0.000367359
0.00193563
0.00113229
0.00354539
0.00273411
0.00518378
0.00436271
0.00679502
0.00599442
0.00834882
0.00757913
0.00983379
0.00909985
0.0112392
0.0105466
0.0125529
0.0119078
0.0137605
0.0131704
0.0148449
0.0143187
0.0157859
0.015334
0.0165609
0.0161946
0.017144
0.0168773
0.0175049
0.0173532
0.0176113
0.0175907
0.0174292
0.017557
0.0169233
0.0172174
0.0160576
0.0165358
0.0147976
0.015477
0.0131107
0.0140073
0.0109687
0.0120958
0.00835218
0.009718
0.00526657
0.00686361
0.00178472
0.00356444
-0.00189204
-4.86941e-05
-0.00543695
-0.0037041
-0.00848634
-0.00704505
-0.0106817
-0.00971173
-0.0116326
-0.011336
-0.0108998
-0.0114989
-0.00810807
-0.00977421
-0.00300222
-0.00584954
0.00451714
0.000460643
0.0145083
0.0092012
0.0270191
0.0204602
0.0420662
0.0342157
0.0595161
0.0505841
0.078134
0.0688095
0.0878874
0.0873873
0.0900697
0.088811
0.0941696
0.0917924
0.101381
0.0973415
0.113196
0.10647
0.122198
0.106769
0.113698
0.0970004
0.101324
0.0911302
0.0936748
0.0879414
0.0892739
0.086743
0.0871028
0.0865778
0.0864719
0.0498919
0.0590258
0.0330126
0.041176
0.0190364
0.025668
0.00789736
0.0131348
-0.000557676
0.00335355
-0.00650454
-0.00382551
-0.0100973
-0.00857418
-0.0115622
-0.0110706
-0.0112247
-0.0115866
-0.00950968
-0.0105091
-0.00680867
-0.00825851
-0.00347304
-0.00519856
0.000140364
-0.00167967
0.00367746
0.00193525
0.0068777
0.00532637
0.00962488
0.00830638
0.0119005
0.0108167
0.0137237
0.012863
0.0151235
0.014471
0.0161308
0.0156709
0.0167776
0.0164943
0.0170964
0.0169736
0.0171176
0.0171368
0.0168776
0.0170244
0.0164106
0.01667
0.0157418
0.0160977
0.0149017
0.0153409
0.0139138
0.0144238
0.0127999
0.0133707
0.0115761
0.0121999
0.010258
0.0109273
0.00885995
0.00956768
0.00739739
0.00813468
0.00588332
0.0066425
0.00434787
0.00511421
0.00281672
0.00357453
0.00135564
0.00207164
0.000682767
0.0011349
0.000658226
0.00194293
0.00156397
0.00256584
0.0022718
0.00306146
0.00282857
0.00346634
0.00327372
0.00378572
0.00363523
0.00403818
0.00391963
0.00422998
0.00414071
0.00436749
0.00430477
0.00445465
0.00441681
0.00449317
0.00447926
0.00448465
0.0044945
0.00442815
0.00446219
0.00432176
0.00438103
0.00416172
0.00424845
0.00394154
0.00405918
0.00365218
0.00380624
0.00328182
0.00347787
0.00281281
0.00306013
0.0022186
0.00253172
0.00146572
0.00186651
0.000482206
0.00100775
-0.00011218
-0.203465
-0.520295
-0.24345
-0.265324
-0.287564
-0.394993
-0.46952
0.148345
0.0790517
-0.0243826
0.0478556
0.0872797
0.0868878
-0.287461
0.155481
0.173867
-0.357252
-0.41267
-0.526459
0.00959691
-0.0862853
0.0856445
-0.0018328
-0.00251563
-0.00119708
-0.00203837
-0.000288715
-0.000927575
-0.000571344
-0.00117059
-0.368462
-0.405112
-0.416272
-0.523998
-0.454736
-0.175546
0.135923
-0.193676
-0.103086
0.171692
-0.22257
-0.277789
-0.422225
0.162914
0.124723
0.0118481
-0.000294593
-0.00109054
0.00141172
0.000541535
0.00313527
0.0022713
0.0048405
0.00398992
0.00649848
0.00567581
0.00808612
0.00730081
0.00959143
0.00884867
0.0110049
0.0103095
0.0123151
0.0116729
0.0135083
0.0129265
0.0145676
0.014055
0.0154728
0.0150399
0.016201
0.0158594
0.0167258
0.0164893
0.0170175
0.0169013
0.0170451
0.0170647
0.0167768
0.016948
0.0161811
0.0165199
0.0152271
0.0157482
0.0138878
0.0146045
0.0121386
0.0130629
0.00995934
0.0111006
0.00734086
0.00870152
0.00430457
0.00586844
0.000943023
0.00265163
-0.0025271
-0.000799288
-0.00577613
-0.00420286
-0.00845649
-0.00720791
-0.010246
-0.00948136
-0.0108087
-0.0107003
-0.00977787
-0.0105107
-0.00684973
-0.00856076
-0.00181633
-0.00460139
0.00544726
0.0015356
0.0150724
0.00995772
0.0271464
0.0208082
0.0417281
0.03411
0.0589771
0.0500368
0.078039
0.0684129
0.0960412
0.096877
0.0876006
0.0953767
0.0956511
0.096351
0.0956584
0.0994588
0.0976192
0.105464
0.10206
0.115412
0.109882
0.131007
0.122361
0.141786
0.173578
0.192542
0.14235
0.15656
0.122205
0.131108
0.109384
0.115112
0.101337
0.104868
0.0967586
0.09869
0.0948978
0.0955354
0.0949674
0.0947315
0.0872579
0.0963644
0.0955684
0.0681371
0.0778385
0.0493803
0.058515
0.0329291
0.0408217
0.0194619
0.0258273
0.00872647
0.0137688
0.000534622
0.0043314
-0.00529649
-0.00265381
-0.00895345
-0.00737288
-0.0106558
-0.0100254
-0.0106663
-0.0108439
-0.00933634
-0.0101425
-0.00700149
-0.00827551
-0.00397337
-0.00555754
-0.000588035
-0.00230798
0.00280057
0.00111914
0.00592048
0.0043971
0.0086399
0.00732453
0.0109277
0.00982821
0.0127941
0.0119033
0.0142606
0.0135676
0.0153501
0.0148436
0.0160858
0.0157541
0.0164909
0.0163224
0.0165969
0.0165771
0.0164307
0.0165432
0.0160261
0.0162547
0.0154079
0.0157394
0.0146094
0.015028
0.0136526
0.0141483
0.0125575
0.0131201
0.0113421
0.0119628
0.0100215
0.0106932
0.00860877
0.00932526
0.00711969
0.00787057
0.00556645
0.0063485
0.00396924
0.00477107
0.00236511
0.00316168
0.000806435
0.00157294
9.13869e-05
0.000764985
0.000273994
0.00155602
0.00119084
0.00215235
0.00187203
0.00262125
0.00240103
0.00299773
0.00281917
0.00329189
0.00315323
0.00352231
0.003414
0.00369663
0.00361519
0.0038214
0.00376417
0.00390026
0.00386565
0.00393454
0.00392171
0.00392642
0.00393514
0.00387512
0.00390562
0.00377857
0.00383206
0.00363293
0.00371162
0.0034318
0.00353913
0.00316646
0.00330756
0.00282484
0.00300579
0.00238775
0.00261865
0.00182814
0.00212382
0.0011098
0.00149309
0.000140371
0.00066592
-0.000477485
-0.259954
0.198723
-0.310281
-0.325693
-0.350385
-0.419568
-0.481773
0.188398
0.0846263
-0.0465291
0.0437954
-0.00302305
-0.00167601
-0.34266
-0.404336
-0.426468
-0.51046
-0.00884853
-0.128892
0.0920692
0.104231
0.105624
0.0875694
0.0974259
-0.283479
-0.245044
-0.419116
-0.485482
0.20112
0.157458
-0.421316
0.228317
-0.364369
0.238557
0.266354
-0.339832
-0.441508
0.142787
-0.00212659
-0.00273427
-0.00416986
-0.00357742
-0.000965123
-0.00188705
0.000886592
-5.28495e-05
0.00272793
0.00180881
0.0045118
0.00362601
0.00622164
0.00537511
0.00784504
0.00704335
0.00937288
0.00862021
0.0107969
0.0100974
0.0121068
0.0114658
0.0132894
0.012714
0.0143282
0.0138269
0.0152029
0.0147863
0.0158903
0.0155703
0.0163639
0.0161541
0.0165941
0.0165096
0.0165503
0.0166063
0.016203
0.0164138
0.0155244
0.0159048
0.0144883
0.0150494
0.0130732
0.0138258
0.0112615
0.0122143
0.00903609
0.0101974
0.00639053
0.00776087
0.00335827
0.00491371
5.86267e-05
0.00172572
-0.00326399
-0.00162294
-0.00627856
-0.00483355
-0.00866518
-0.00757041
-0.0101317
-0.00953217
-0.0103767
-0.0104245
-0.0091022
-0.00994351
-0.00608641
-0.00781926
-0.00116593
-0.00387106
0.00580598
0.00205695
0.0150121
0.010116
0.0266386
0.0205136
0.0408617
0.0334047
0.058
0.0490425
0.0777297
0.0676596
0.0979923
0.087961
0.103064
0.10336
0.104091
0.103204
0.108032
0.105689
0.115591
0.111323
0.127851
0.121074
0.146507
0.136288
0.174813
0.159035
0.219189
0.194667
0.28514
0.249049
0.191835
0.212879
0.15863
0.173982
0.135605
0.145978
0.120354
0.127219
0.110505
0.114866
0.104787
0.107202
0.102386
0.103229
0.102661
0.102238
0.105019
0.103629
0.0672857
0.0774442
0.0483281
0.0575119
0.0321994
0.0398517
0.0191816
0.0253055
0.00888919
0.0137155
0.0010349
0.00467292
-0.00461619
-0.00205089
-0.00827916
-0.00668086
-0.0101575
-0.0094291
-0.0104446
-0.010483
-0.00941661
-0.0100751
-0.00736894
-0.00850273
-0.00458381
-0.00605101
-0.00136842
-0.003009
0.00192878
0.00029018
0.0050148
0.00350991
0.00773407
0.00642319
0.0100445
0.00893872
0.0119551
0.011047
0.0134854
0.0127652
0.014652
0.0141118
0.015471
0.015103
0.0159589
0.0157534
0.0161404
0.0160855
0.0160395
0.0161219
0.0156874
0.01589
0.0151184
0.0154268
0.0143554
0.0147575
0.0134234
0.0139077
0.012343
0.0128991
0.0111324
0.0117516
0.00980624
0.0104817
0.00837649
0.00910285
0.00685706
0.00762613
0.00525692
0.00606704
0.00359153
0.00443211
0.00189129
0.00274502
0.000214765
0.001047
-0.00133327
-0.000583258
-0.00255794
-0.00199317
-0.000593629
-0.00203491
-0.00125561
0.000455223
-2.75967e-05
0.00120922
0.000863968
0.00177042
0.00150767
0.00220348
0.00200058
0.00254572
0.00238349
0.00281189
0.0026862
0.00301874
0.00292132
0.00317418
0.00310128
0.00328476
0.00323369
0.00335457
0.00332336
0.00338524
0.00337313
0.00337825
0.0033854
0.00333278
0.00335943
0.00324673
0.003294
0.0031166
0.00318652
0.00293669
0.00303237
0.00269814
0.00282488
0.00238849
0.0025525
0.00198985
0.00220043
0.00147522
0.00174775
0.000803228
0.00116318
-0.000109673
0.00038548
-0.00142817
-0.000710111
-0.00333258
-0.00228428
-0.315405
-0.177015
-0.301071
-0.380272
-0.398831
-0.430856
-0.47486
0.220938
0.0934529
-0.0816103
0.0384858
0.107532
0.106852
-0.00295186
-0.00467606
-0.200536
-0.383542
-0.443454
0.102997
0.187898
0.285528
0.294901
0.287422
-0.037086
-0.443809
-0.429752
-0.417748
-0.487486
0.373537
0.339713
0.380244
0.378693
0.376551
-0.390879
-0.445282
0.166794
0.432199
0.487586
0.533505
0.552616
0.435215
0.535566
0.490913
-0.0241259
-0.478587
-0.423415
-0.455534
-0.29642
-0.0569946
0.358899
0.345598
0.233952
0.12122
-0.444166
-0.354329
-0.332939
-0.318238
-0.304117
-0.00449136
-0.00330659
-0.00231404
-0.00149079
-0.000815487
-0.000266931
0.000181322
0.000558942
0.000885522
0.00116621
0.00141043
0.00162478
0.00181166
0.00197665
0.00212132
0.00224818
0.00235975
0.00245671
0.00254101
0.00261366
0.00267521
0.00272657
0.00276821
0.0028008
0.00282465
0.00284016
0.00284754
0.00284678
0.00283754
0.00282011
0.002794
0.00275946
0.0027159
0.00266321
0.00260066
0.00252799
0.00244396
0.00234763
0.00223821
0.00211403
0.00197191
0.00181196
0.00163146
0.00142411
0.00118576
0.000912515
0.000595473
0.000219376
-0.000232721
-0.000777052
-0.001432
-0.00221671
-0.00314544
-0.00431947
-0.00406151
-0.00362131
-0.00294532
-0.00218458
-0.00131161
-0.000426775
0.000497779
0.00140428
0.00232093
0.00321212
0.00409544
0.00495194
0.00579205
0.00660433
0.00739533
0.00815814
0.00889694
0.00960719
0.0102897
0.0109421
0.0115637
0.012152
0.012706
0.0132228
0.0137006
0.0141367
0.014528
0.0148721
0.015165
0.0154038
0.0155853
0.0157066
0.0157624
0.0157504
0.015667
0.0155073
0.0152671
0.0149477
0.0145434
0.0140526
0.0134779
0.0128169
0.0120672
0.0112289
0.0102991
0.00927664
0.00815691
0.00693766
0.0056153
0.00419271
0.0026766
0.00108586
-0.000551932
-0.00219588
-0.00380071
-0.00531825
-0.00670773
-0.0079329
-0.00896423
-0.00977032
-0.010319
-0.0105739
-0.0105009
-0.0100707
-0.00926389
-0.00806999
-0.00647785
-0.00446732
-0.00200818
0.000928794
0.0043736
0.0083608
0.0129311
0.0181281
0.0240048
0.0306455
0.0381256
0.0464956
0.0557552
0.0658929
0.0765908
0.0875738
0.0984573
0.108919
0.118762
0.115683
0.113046
0.111021
0.109661
0.108993
0.109129
0.110089
0.111928
0.114733
0.118582
0.123591
0.129884
0.137635
0.147058
0.158439
0.171965
0.187549
0.205501
0.228686
0.261197
0.298621
0.336015
0.37556
0.418257
0.459152
0.490437
0.503039
0.491034
0.460754
0.420247
0.376256
0.334168
0.295614
0.262513
0.233947
0.210082
0.190054
0.173203
0.159302
0.147874
0.138429
0.130682
0.124404
0.119433
0.115604
0.112837
0.110967
0.110022
0.109842
0.110423
0.111671
0.113701
0.116398
0.119919
0.109907
0.0991276
0.0880702
0.0770041
0.0663122
0.0564671
0.0474696
0.0393346
0.0320146
0.0254485
0.0195754
0.0143433
0.0097079
0.00562704
0.00206317
-0.00101399
-0.00362156
-0.00578117
-0.0075137
-0.00884105
-0.00977257
-0.0103198
-0.0104969
-0.0103321
-0.00985854
-0.0091153
-0.00813895
-0.0069615
-0.00561175
-0.00412085
-0.0025266
-0.000872237
0.000796322
0.00243844
0.00401902
0.00551642
0.00691495
0.00821044
0.00939952
0.0104856
0.0114692
0.0123556
0.0131456
0.0138419
0.0144444
0.0149525
0.0153726
0.0157087
0.0159593
0.0161288
0.0162194
0.0162359
0.0161811
0.0160597
0.0158748
0.0156308
0.0153306
0.0149784
0.0145766
0.0141291
0.0136379
0.0131065
0.0125366
0.011931
0.0112908
0.0106186
0.00991506
0.00918197
0.00842001
0.00763006
0.00681324
0.005969
0.00510004
0.00420309
0.00328485
0.00233576
0.00137222
0.000372557
-0.000626348
-0.00167774
-0.00269335
-0.00377451
-0.00467632
-0.00565144
-0.00615782
-0.00578001
-0.00684015
-0.00705774
-0.408626
-0.386829
-0.453779
-0.430348
-0.402371
0.443308
0.0957761
0.261778
0.453271
0.584042
0.621394
0.597378
0.0326523
-0.141228
-0.0530076
0.519047
0.199011
0.518506
-0.349719
-0.369405
-0.434647
-0.393713
-0.00883308
-0.0087379
-0.342883
-0.37973
-0.383343
-0.396477
-0.439815
-0.00880635
-0.00795679
-0.00719954
-0.00590066
-0.00476244
-0.00347999
-0.00234074
-0.00117668
-0.000102144
0.000967019
0.0019787
0.00297328
0.00392503
0.00485295
0.00574505
0.00661043
0.00744294
0.00824688
0.00901893
0.00976044
0.0104693
0.0111453
0.0117865
0.0123917
0.0129587
0.0134857
0.01397
0.0144092
0.0148002
0.01514
0.0154252
0.0156526
0.0158182
0.0159186
0.0159496
0.015908
0.0157893
0.0155908
0.0153083
0.0149402
0.0144839
0.0139373
0.0133031
0.0125776
0.0117594
0.0108506
0.00984497
0.00873936
0.0075296
0.00621275
0.00478579
0.00325401
0.00163005
-5.74025e-05
-0.00176932
-0.00345156
-0.00505099
-0.00651296
-0.00780453
-0.0088985
-0.00978204
-0.0104285
-0.0108079
-0.010877
-0.0106049
-0.00997037
-0.00897518
-0.00762196
-0.00591205
-0.00382549
-0.00134172
0.00156276
0.00489947
0.008701
0.0130078
0.0178919
0.0234213
0.0296957
0.0368033
0.0448652
0.0539716
0.0642007
0.0753683
0.0874154
0.0999002
0.112244
0.12375
0.165507
0.703397
0.761236
0.303068
0.0186003
-0.202474
0.448097
0.658616
0.0935334
0.318477
0.644289
0.428594
-0.344767
-0.403332
-0.00640284
-0.0051064
-0.00392035
-0.00297731
-0.0021255
-0.00140711
-0.000825605
-0.000355241
3.17353e-05
0.000360853
0.00064475
0.000887635
0.00109799
0.00128147
0.00144107
0.00158117
0.00170389
0.00181085
0.00190499
0.00198637
0.00205745
0.00211846
0.00217057
0.00221377
0.00224912
0.00227626
0.00229618
0.00230847
0.0023143
0.00231307
0.00230552
0.0022909
0.00226968
0.00224103
0.00220518
0.0021611
0.00210888
0.00204752
0.00197675
0.00189506
0.00180247
0.00169692
0.00157629
0.00143957
0.0012846
0.00110551
0.000898384
0.00065928
0.000379813
4.7823e-05
-0.000350669
-0.000840026
-0.00143702
-0.00217168
-0.00305838
-0.004134
-0.0055169
-0.00581081
-0.0054451
-0.00489
-0.0039924
-0.00309256
-0.00206654
-0.00108065
-5.31323e-05
0.000925676
0.0019091
0.00284857
0.0037752
0.00466427
0.00553268
0.00636718
0.00717763
0.00795606
0.00870711
0.00942715
0.0101167
0.0107741
0.0113984
0.0119876
0.0125404
0.0130542
0.0135269
0.0139562
0.0143388
0.0146722
0.0149524
0.0151768
0.0153411
0.0154423
0.0154758
0.0154394
0.0153291
0.0151423
0.0148756
0.0145239
0.0140849
0.0135544
0.0129531
0.0122634
0.0114856
0.0106231
0.00967397
0.00863663
0.007505
0.00627399
0.00493654
0.00349251
0.00194659
0.000319173
-0.0013578
-0.00303433
-0.00465646
-0.006167
-0.00752097
-0.00868428
-0.00963708
-0.0103581
-0.0108218
-0.0109923
-0.0108366
-0.0103305
-0.00946789
-0.00825299
-0.0066881
-0.00475875
-0.00243625
0.000312011
0.00351498
0.00721029
0.0114453
0.0162877
0.0218166
0.0281449
0.0353924
0.0436822
0.0530796
0.0635702
0.0749959
0.0869836
0.0992536
0.111153
0.122409
0.132971
0.127915
0.123765
0.120287
0.117624
0.115823
0.114911
0.114973
0.11601
0.118059
0.12118
0.125467
0.131011
0.13794
0.146406
0.156612
0.168751
0.18294
0.19945
0.218909
0.242672
0.271122
0.302233
0.334413
0.369647
0.405248
0.436506
0.456855
0.465267
0.457173
0.43493
0.403998
0.368184
0.333932
0.301039
0.271096
0.244272
0.221154
0.201132
0.183986
0.169461
0.157256
0.147053
0.138605
0.13171
0.126216
0.121987
0.118917
0.116878
0.115879
0.115819
0.116645
0.118371
0.120988
0.124415
0.128606
0.133727
-0.425453
-0.421107
-0.412614
-0.39284
-0.413968
-0.0118805
-0.0113419
-0.00998968
-0.00855002
-0.00701934
-0.00558266
-0.00419113
-0.00290986
-0.00167724
-0.000522532
0.000598362
0.00166105
0.00269287
0.00367814
0.00463268
0.00554737
0.0064316
0.00727952
0.00809644
0.00887879
0.00962876
0.0103439
0.0110247
0.0116686
0.0122753
0.0128419
0.0133674
0.0138484
0.014283
0.0146676
0.0149993
0.0152747
0.0154901
0.0156422
0.0157268
0.0157402
0.0156788
0.0155387
0.0153169
0.0150102
0.0146169
0.0141348
0.0135637
0.0129042
0.0121568
0.0113202
0.0103911
0.00936837
0.00824895
0.0070302
0.00570303
0.00426014
0.00270201
0.00103816
-0.000704291
-0.00248248
-0.00423274
-0.00589045
-0.00738723
-0.00868028
-0.00973999
-0.0105609
-0.0111322
-0.0114384
-0.0114448
-0.0111216
-0.0104458
-0.00942341
-0.00806916
-0.00640024
-0.00441199
-0.00208833
0.000595743
0.00365223
0.00710981
0.0110101
0.0154476
0.0205259
0.0263954
0.0331908
0.0411014
0.0502828
0.0608581
0.0727994
0.0860464
0.100253
0.115007
0.129048
0.141208
0.150934
0.14233
0.136445
0.1316
0.127385
0.124134
0.121925
0.120775
0.120691
0.121708
0.123857
0.127165
0.131715
0.137606
0.144956
0.153908
0.164627
0.177326
0.192219
0.209439
0.229075
0.251262
0.276153
0.303557
0.332788
0.362809
0.390766
0.414578
0.430775
0.437353
0.431901
0.416153
0.392828
0.364867
0.334634
0.305287
0.27755
0.25141
0.228139
0.208295
0.191329
0.176676
0.164054
0.153317
0.14433
0.136934
0.130993
0.126391
0.123034
0.120844
0.119793
0.119841
0.120989
0.123232
0.126576
0.131015
0.136423
0.142984
0.139661
-0.00739188
-0.0077771
-0.00701412
-0.00627206
-0.00504261
-0.00399931
-0.00277239
-0.00168668
-0.000544828
0.000500687
0.00155174
0.0025357
0.00350409
0.00442325
0.00531842
0.00617329
0.00700136
0.00779367
0.00855637
0.00928537
0.00998208
0.0106444
0.0112723
0.0118629
0.012416
0.0129282
0.0133981
0.0138227
0.0141992
0.0145246
0.0147957
0.0150088
0.0151606
0.0152468
0.0152642
0.0152084
0.0150772
0.0148666
0.0145751
0.0141988
0.0137396
0.0131998
0.0125598
0.0118366
0.0110315
0.0101485
0.00918655
0.00813822
0.00700269
0.00576705
0.00442474
0.00296677
0.00139655
-0.00027276
-0.00200479
-0.00374869
-0.00543299
-0.00699233
-0.00836239
-0.00951296
-0.0104156
-0.0110712
-0.0114589
-0.0115659
-0.011355
-0.0108123
-0.00992356
-0.00871145
-0.00718229
-0.00535115
-0.00318655
-0.000672222
0.00224393
0.0055773
0.0094089
0.0137861
0.0188626
0.0247359
0.0316447
0.039724
0.0492506
0.0600853
0.0722619
0.0855276
0.0993716
0.11335
0.127002
-0.00688628
-0.00492857
-0.005598
-0.00439761
-0.00327083
-0.00245516
-0.00176417
-0.00119386
-0.000739466
-0.000365216
-5.19367e-05
0.000217424
0.000448998
0.000646448
0.000816882
0.000964989
0.0010935
0.00120607
0.00130468
0.0013905
0.0014659
0.00153073
0.00158713
0.00163529
0.00167641
0.00171046
0.00173838
0.00175997
0.00177611
0.00178643
0.00179158
0.00179091
0.00178487
0.00177324
0.001756
0.00173291
0.00170417
0.00166913
0.00162779
0.00157935
0.00152349
0.00145887
0.00138532
0.00130107
0.00120432
0.00109401
0.000968479
0.000823157
0.000654629
0.000459
0.000228925
-4.14693e-05
-0.000367981
-0.000768076
-0.00126548
-0.0018871
-0.00266874
-0.00363274
-0.367845
0.535332
0.255593
0.551896
-0.0933186
0.68079
-0.283861
-0.40183
0.421829
0.180981
0.405916
0.696847
-0.00427725
0.22047
-0.0120972
-0.0108043
-0.00948797
-0.00523736
-0.00731564
-0.406753
-0.393406
0.162888
0.160452
0.160441
-0.353956
0.167682
0.17242
-0.00471421
-0.184319
0.0599756
0.540828
0.329825
0.545247
-0.371931
-0.00262589
-0.00340023
-0.00141497
-0.00195777
-0.000610459
-0.000968945
-8.20601e-05
-0.000319805
0.000288736
0.000118121
0.00055962
0.000433796
0.000760365
0.000666628
0.000913
0.000840927
0.00102855
0.000973707
0.00111667
0.0010746
0.00118261
0.00115088
0.00122925
0.00120697
0.00125757
0.00124424
0.00126901
0.00126374
0.00126623
0.00126799
0.00124848
0.00125815
0.00121264
0.00123171
0.00115707
0.00118627
0.00107913
0.00112002
0.00097518
0.00102983
0.000839355
0.000910976
0.000660808
0.000755238
0.00042378
0.000550043
0.000103774
0.000276172
-0.0003323
-9.75281e-05
-0.000938881
-0.000608389
-0.00187595
-0.00135357
-0.00336627
-0.00252356
-0.00398565
0.132316
0.148533
0.0989657
0.115555
0.0685946
0.0831848
0.0443552
0.0555716
0.0272362
0.0349764
0.0155123
0.0208452
0.00713837
0.0110035
0.000816058
0.00377351
-0.00406717
-0.00178714
-0.00777027
-0.00605329
-0.0104095
-0.00922695
-0.0118571
-0.0112932
-0.012037
-0.0121007
-0.0110514
-0.0116841
-0.00896592
-0.0101434
-0.00592641
-0.00754416
-0.0023973
-0.00418469
0.00104715
-0.000635427
0.00407821
0.00262221
0.00665529
0.00541998
0.00885533
0.00779488
0.0107313
0.00983314
0.012283
0.0115472
0.0135009
0.0129365
0.0143746
0.0139808
0.0149096
0.014684
0.0151234
0.0150555
0.0150415
0.015118
0.0146932
0.0148991
0.0141083
0.014429
0.013314
0.0137363
0.0123341
0.0128464
0.0111882
0.0117812
0.00989124
0.0105582
0.0084531
0.00918985
0.00687872
0.00768276
0.0051672
0.00603926
0.00330989
0.0042545
0.0012912
0.00231345
-0.000912572
0.000191347
-0.00332129
-0.00214776
-0.00591067
-0.00474703
-0.00838965
-0.00760147
-0.0102089
0.144154
0.151079
0.132622
0.137813
0.126001
0.128676
0.124366
0.124581
0.127612
0.12539
0.135878
0.1311
0.149755
0.142075
0.170161
0.159085
0.198211
0.183178
0.234736
0.215398
0.279653
0.25624
0.330535
0.304666
0.379518
0.356197
0.411659
0.39878
0.412843
0.416604
0.381734
0.400503
0.332513
0.358449
0.280956
0.306413
0.234582
0.256821
0.197422
0.214753
0.169437
0.182417
0.149008
0.158356
0.135075
0.1413
0.126746
0.130263
0.123444
0.124493
0.125003
0.123619
0.131634
0.12767
0.144125
0.137036
0.15269
0.134884
0.14964
0.0999125
0.117267
0.0692678
0.083648
0.0456807
0.0565201
0.0289571
0.0365152
0.0172659
0.0225864
0.00878072
0.0126941
0.00223958
0.00531044
-0.00296963
-0.000526911
-0.00699283
-0.00512778
-0.00990922
-0.00859465
-0.011614
-0.0109278
-0.0120011
-0.0119704
-0.0111971
-0.0117402
-0.00931342
-0.0103912
-0.00642927
-0.0079843
-0.00290236
-0.00470929
0.0006896
-0.00108183
0.00393291
0.00236766
0.00670671
0.00537643
0.00904576
0.00792598
0.0110127
0.010072
0.0126307
0.0118638
0.0138985
0.0133078
0.0148104
0.0143981
0.0153721
0.0151335
0.015602
0.0155265
0.0155272
0.0156005
0.0151777
0.0153846
0.0145836
0.0149093
0.0137721
0.0142032
0.0127687
0.0132928
0.0115943
0.0122018
0.0102638
0.0109477
0.00878786
0.00954346
0.0071717
0.00799725
0.00541472
0.00631158
0.00350967
0.00448248
0.00144059
0.0024989
-0.000818816
0.00034088
-0.00331108
-0.00202437
-0.00611414
-0.00464715
-0.00959963
-0.00769785
-0.0139363
-0.0117396
-0.0165031
-0.0155351
-0.384721
-0.00817543
-0.0123681
0.18484
0.185394
0.182563
0.187903
-0.00651029
-0.0187958
-0.0215266
-0.012744
-0.0156428
-0.0081497
-0.0102495
-0.00489751
-0.00638467
-0.00219363
-0.00349786
0.0002214
-0.000956127
0.00241315
0.00134097
0.00441915
0.00343649
0.00626299
0.00535947
0.0079581
0.00712816
0.00950972
0.00875152
0.0109162
0.0102312
0.0121699
0.0115626
0.0132581
0.0127354
0.0141637
0.0137349
0.0148627
0.0145402
0.0153285
0.0151257
0.0155318
0.015464
0.0154417
0.0155243
0.0150298
0.0152765
0.0142734
0.0146946
0.0131608
0.0137607
0.0116929
0.0124697
0.00987627
0.0108267
0.00770884
0.00883629
0.00515639
0.00648303
0.00216347
0.00371629
-0.00125782
0.000497502
-0.00487474
-0.00307022
-0.00820419
-0.0066162
-0.0106848
-0.00957489
-0.0120363
-0.0115062
-0.0122148
-0.0122751
-0.0111715
-0.0118492
-0.00889262
-0.0101815
-0.00550109
-0.00732602
-0.00111827
-0.00343213
0.00423777
0.00143403
0.0107294
0.00730451
0.0192547
0.0146285
0.0318362
0.0248546
0.0513397
0.0405154
0.0795175
0.0644195
0.117311
0.09735
0.157069
0.138079
0.172569
0.1603
0.173516
0.141399
0.149584
0.13066
0.135174
0.126134
0.127705
0.126906
0.125883
0.132818
0.129215
0.144174
0.137785
0.16166
0.152103
0.186149
0.172978
0.218651
0.201334
0.259745
0.238162
0.306783
0.282836
0.354052
0.331022
0.389973
0.374171
0.403579
0.400317
0.388828
0.399422
0.352256
0.372578
0.305173
0.329173
0.259028
0.281499
0.219148
0.238177
0.186913
0.202054
0.162432
0.173739
0.144991
0.152898
0.133679
0.138626
0.12782
0.130102
0.127118
0.126834
0.131785
0.128748
0.142572
0.136344
0.160561
0.15066
0.17242
-0.0113733
-0.0113402
-0.00836091
-0.00956166
-0.00514118
-0.00653281
-0.00238044
-0.00365692
3.65771e-05
-0.00111767
0.00220141
0.00115241
0.00416956
0.00320916
0.00597205
0.00509047
0.00762683
0.00681712
0.00914136
0.00840137
0.0105135
0.00984508
0.0117376
0.0111444
0.0128016
0.0122902
0.0136883
0.013268
0.014376
0.0140582
0.0148382
0.0146368
0.0150464
0.0149756
0.0149708
0.0150456
0.0145833
0.0148173
0.0138615
0.014265
0.012794
0.0133709
0.0113831
0.01213
0.00964777
0.0105548
0.00760155
0.00866251
0.0052097
0.00644936
0.0024222
0.00387001
-0.000806726
0.000860807
-0.00433811
-0.00255739
-0.00773363
-0.00608826
-0.0104197
-0.00919748
-0.0119976
-0.0113581
-0.0123776
-0.0123366
-0.0115549
-0.0121158
-0.00954961
-0.0106957
-0.00646935
-0.00813418
-0.00242481
-0.00456689
0.00262536
-3.40285e-05
0.0089177
0.0055808
0.0174078
0.0127757
0.0302479
0.0231067
0.050293
0.0391872
0.0794432
0.0637181
0.116732
0.0972359
0.156901
0.136744
0.174909
-0.00244915
-0.0025242
-0.00251444
-0.00165021
-0.00224969
-0.000876472
-0.00121788
-0.000407844
-0.000614146
-8.78527e-05
-0.000234581
0.000143904
3.69449e-05
0.000313235
0.000234533
0.000440753
0.000381283
0.000537958
0.000492484
0.000611038
0.000576535
0.000665796
0.000639683
0.000706804
0.000687241
0.000735204
0.000721829
0.000751823
0.000744144
0.000757959
0.000755354
0.000754803
0.000756672
0.000742237
0.000748622
0.000720146
0.000731701
0.000686708
0.000704259
0.000640279
0.000664622
0.000578196
0.000610692
0.000496442
0.00053971
0.000389264
0.000445891
0.000245989
0.000322751
5.25813e-05
0.000156504
-0.00021036
-6.84014e-05
-0.000589122
-0.000381138
-0.00117247
-0.000847641
-0.00194969
-0.00155855
-0.00254791
-0.367386
-0.0145822
-0.128374
-0.392941
-0.0326008
-0.633378
-0.407193
-0.47926
-0.388564
-0.361678
-0.341264
0.66481
0.813345
0.885799
0.812259
0.664434
-0.388011
-0.413864
-0.495779
-0.461154
-0.663901
-0.277118
0.0624323
-0.0905393
0.0704195
-0.0280474
-0.0209114
-0.016253
-0.0124778
-0.0100549
-0.00792208
-0.00636082
-0.00487739
-0.00348738
-0.00218041
-0.000944242
0.000231469
0.00134976
0.00241973
0.00344211
0.00442313
0.00536289
0.00626535
0.00713023
0.00795964
0.00875304
0.00951113
0.0102329
0.0109181
0.011565
0.0121727
0.0127389
0.0132621
0.0137396
0.0141689
0.0145464
0.0148689
0.0151331
0.0153357
0.0154723
0.0155397
0.0155334
0.0154504
0.0152863
0.0150388
0.0147045
0.014282
0.0137696
0.0131674
0.012475
0.011694
0.0108242
0.00986664
0.00881986
0.00768204
0.00644812
0.00511341
0.00367256
0.00212478
0.00047579
-0.00125561
-0.0030374
-0.00482803
-0.00654366
-0.00813427
-0.00953605
-0.0107006
-0.0115944
-0.0121989
-0.0125022
-0.01251
-0.0122101
-0.0116002
-0.0106872
-0.00949338
-0.00803808
-0.00634622
-0.00443055
-0.00231031
5.18246e-06
0.00250499
0.00521654
0.00821117
0.0116445
0.0157469
0.0208547
0.02739
0.0358517
0.0467238
0.0603225
0.0767291
0.0966306
0.119897
0.146647
0.174217
0.197964
0.218998
0.203581
0.181991
0.165313
0.152709
0.143667
0.136952
0.132158
0.129031
0.127367
0.127074
0.128098
0.130429
0.134086
0.139123
0.145609
0.153642
0.163323
0.174774
0.188117
0.203479
0.220914
0.240339
0.261395
0.283708
0.306774
0.329614
0.351374
0.370387
0.385173
0.394263
0.397045
0.393316
0.383226
0.367881
0.34868
0.327199
0.304762
0.282283
0.260425
0.239807
0.220857
0.203809
0.188681
0.175449
0.164047
0.1544
0.146396
0.139939
0.134932
0.131308
0.129012
0.12803
0.128379
0.130128
0.133371
0.138292
0.145269
0.154769
0.167594
0.18447
0.206355
0.260835
-0.0106522
-0.0174771
-0.01508
-0.0128647
-0.0102031
-0.00842121
-0.00664128
-0.00514737
-0.00370161
-0.00239517
-0.00114722
1.80033e-05
0.00112967
0.0021839
0.00319059
0.00415254
0.0050731
0.00595532
0.00680034
0.0076105
0.00838549
0.00912609
0.00983063
0.0104998
0.0111318
0.0117258
0.0122798
0.012792
0.0132597
0.0136806
0.0140515
0.0143697
0.0146321
0.0148351
0.0149746
0.0150469
0.015048
0.0149747
0.0148231
0.0145904
0.0142737
0.0138712
0.0133815
0.0128046
0.0121405
0.0113915
0.0105594
0.00964612
0.00865275
0.00757867
0.00641829
0.00516845
0.00382223
0.00237412
0.000823103
-0.000821569
-0.00253839
-0.00429286
-0.00602286
-0.00766258
-0.00914491
-0.0104119
-0.0114198
-0.0121409
-0.0125588
-0.012675
-0.0124916
-0.0120038
-0.0112209
-0.0101639
-0.00885501
-0.007318
-0.00556654
-0.00361072
-0.00145208
0.000910769
0.00350591
0.00640987
0.00978204
0.0138721
0.0190306
0.0256982
0.0343779
0.0455464
0.0595749
0.0766156
0.0965503
0.118962
0.143361
0.167911
0.189934
0.214623
0.26608
0.0408167
0.0191207
0.00319175
9.37586e-06
-0.000682599
-0.000608198
-0.000488801
-0.000361225
-0.000261975
-0.000183731
-0.000118127
-6.3762e-05
-1.8341e-05
2.05237e-05
5.30476e-05
8.13119e-05
0.00010633
0.000127811
0.000147154
0.000164001
0.000178535
0.000190932
0.000201229
0.000210505
0.000218807
0.000226276
0.000232306
0.000236997
0.000240014
0.000241983
0.000242922
0.000243468
0.000243514
0.000243067
0.000241326
0.000238906
0.000235065
0.000230268
0.000224347
0.000217681
0.000210096
0.000201642
0.000191833
0.000180569
0.000167294
0.000151239
0.000132601
0.000111531
8.72931e-05
5.94263e-05
2.77326e-05
-9.0221e-06
-5.08493e-05
-9.8468e-05
-0.000153554
-0.000217098
-0.000288177
-0.000346548
-0.00028778
0.000366001
0.00357673
0.0128292
0.0113543
-0.328984
-0.0689237
0.204869
-0.00258669
)
;

boundaryField
{
    frontandback
    {
        type            empty;
    }
    walls
    {
        type            zeroGradient;
    }
    diamond
    {
        type            zeroGradient;
    }
    inlet
    {
        type            zeroGradient;
    }
    outlet
    {
        type            fixedValue;
        value           uniform 0;
    }
}


// ************************************************************************* //
