/*--------------------------------*- C++ -*----------------------------------*\
  =========                 |
  \\      /  F ield         | OpenFOAM: The Open Source CFD Toolbox
   \\    /   O peration     | Website:  https://openfoam.org
    \\  /    A nd           | Version:  10
     \\/     M anipulation  |
\*---------------------------------------------------------------------------*/
FoamFile
{
    format      ascii;
    class       volScalarField;
    location    "35.5";
    object      p;
}
// * * * * * * * * * * * * * * * * * * * * * * * * * * * * * * * * * * * * * //

dimensions      [0 2 -2 0 0 0 0];

internalField   nonuniform List<scalar> 
6397
(
0.300402
0.289798
0.00952069
0.00866932
-0.00375989
-0.00153605
0.527839
0.313982
-0.369291
-0.349412
0.222659
0.105916
-0.000895588
-0.00114978
-0.00724691
-0.623015
-0.616337
-0.588014
0.834047
0.794046
0.749358
-0.359804
-0.311859
-0.292439
-0.000693103
-0.00153322
-0.000254731
-0.0729219
-0.0767679
-0.0677395
-0.0694926
0.0148071
0.0159456
0.00761044
0.0251589
0.0257016
0.0210006
0.0219238
0.0303117
0.0300137
0.0281197
0.0287718
-0.0679486
-0.0247804
-0.023087
-0.000247739
-0.0141265
-0.0117071
0.0289491
0.0295984
0.0286917
0.0302917
0.030214
0.284304
0.262741
0.226501
0.237697
0.078946
-0.171993
-0.153492
-0.181193
-0.177557
-0.161375
-0.137692
-0.112458
-0.0919042
-0.0780021
-0.0704151
-0.13756
-0.131793
-0.120182
-0.15106
-0.156416
-0.15128
-0.137004
-0.116851
-0.096806
-0.0807648
-0.0710481
-0.0667926
-0.103476
-0.111419
-0.0681317
-0.0675584
-0.0898811
-0.0951599
-0.0709635
-0.0732632
-0.0803212
-0.0837756
-0.0796636
-0.0848838
-0.0744775
-0.0717025
-0.0942811
-0.102938
-0.0722805
-0.0667816
-0.067982
-0.0906926
-0.0800234
-0.115896
-0.103406
-0.12795
-0.125096
-0.110654
-0.123063
-0.0789412
-0.0945101
-0.0611888
-0.0674546
-0.0621162
-0.0594832
-0.0831606
-0.0697376
-0.103423
-0.0638002
-0.0794982
-0.068492
-0.0702507
-0.0644163
-0.0995246
-0.0814027
-0.154145
-0.125022
-0.198076
-0.181571
-0.187203
-0.200548
-0.138188
-0.164137
-0.095686
-0.114286
-0.0741371
-0.0822851
-0.0717459
-0.0717463
-0.0682757
-0.130924
-0.127116
-0.0606173
-0.0955801
-0.0718947
-0.16419
-0.124843
-0.160127
-0.0598649
-0.0589856
-0.0620205
-0.0590797
-0.114822
-0.0607551
-0.0584625
-0.0733558
-0.0657779
-0.0916406
-0.0827235
-0.0992403
-0.0980253
-0.0846576
-0.0946771
-0.0606151
-0.0722891
-0.0487088
-0.052552
-0.0526398
-0.0487969
-0.0751068
-0.0610357
-0.096124
-0.052832
-0.0538886
-0.0663239
-0.0571497
-0.102638
-0.0809911
-0.1631
-0.130947
-0.208418
-0.191032
-0.192502
-0.208142
-0.138392
-0.167121
-0.0923264
-0.112882
-0.0677889
-0.0775237
-0.0624876
-0.0744235
-0.0731548
-0.0687991
-0.0730543
-0.0846167
-0.113909
-0.156351
-0.109547
-0.143733
-0.197295
-0.198308
-0.0539058
-0.0947952
-0.0599443
-0.0704721
-0.0603029
-0.0798063
-0.0622517
-0.0743483
-0.0478783
-0.0492438
-0.138862
-0.0492913
-0.054333
-0.047016
-0.0467515
-0.0549643
-0.049653
-0.0677314
-0.0615577
-0.0726215
-0.0723866
-0.0601292
-0.0685698
-0.0419838
-0.0506254
-0.0350055
-0.0368582
-0.0405892
-0.0364419
-0.0622122
-0.0489172
-0.0823359
-0.0391322
-0.0457703
-0.0392284
-0.036606
-0.058099
-0.0466151
-0.0984211
-0.0751459
-0.16116
-0.128145
-0.207325
-0.190152
-0.189363
-0.206346
-0.132687
-0.162242
-0.0848027
-0.106088
-0.0591221
-0.0695937
-0.0526637
-0.0810679
-0.0775014
-0.0820094
-0.181038
-0.12994
-0.185469
-0.0604013
-0.0992623
-0.226961
-0.223717
-0.0947315
-0.0902647
-0.0759643
-0.0641293
-0.0376747
-0.0354248
-0.0535058
-0.0659169
-0.212456
-0.227129
-0.238666
-0.0479408
-0.161547
-0.0382191
-0.0446275
-0.0326574
-0.0342273
-0.0365639
-0.0337704
-0.0452467
-0.040889
-0.047815
-0.0479791
-0.0375568
-0.0440219
-0.0248112
-0.0304668
-0.0214072
-0.0218627
-0.0273512
-0.0232178
-0.0465359
-0.0348415
-0.0871444
-0.0637122
-0.151062
-0.117045
-0.198964
-0.181694
-0.0238501
-0.0264579
-0.0270921
-0.0167106
-0.0193438
-0.0232066
-0.0179306
-0.0455208
-0.0327041
-0.086528
-0.0630712
-0.149428
-0.116408
-0.195251
-0.178526
-0.176033
-0.193562
-0.119738
-0.148781
-0.0735532
-0.0939438
-0.0480529
-0.0583127
-0.0415402
-0.0920548
-0.0852964
-0.0952742
-0.055156
-0.0213379
-0.216455
-0.193726
-0.138009
-0.205633
-0.0815974
-0.050222
-0.0255452
-0.0233084
-0.0940707
-0.230406
-0.0134154
-0.044616
-0.224347
-0.18141
-0.16032
-0.0349721
-0.175816
-0.0425565
-0.0701528
-0.0548494
-0.0261639
-0.0331452
-0.018872
-0.0214628
-0.0197026
-0.0184389
-0.0249019
-0.0221929
-0.0258037
-0.0264725
-0.0177321
-0.022562
-0.00950886
-0.0128857
-0.00860302
-0.00819544
-0.0141865
-0.0105165
-0.0299833
-0.0204578
-0.0615418
-0.0436088
-0.112818
-0.0855224
-0.155959
-0.140101
-0.126161
-0.150859
0.00343204
0.0116782
0.00722947
0.00306563
0.00213092
0.00456456
0.00450617
-0.006036
0.000930104
-0.0291679
-0.0161547
-0.0688302
-0.0462903
-0.129052
-0.0974841
-0.172416
-0.15672
-0.153553
-0.170404
-0.101302
-0.128009
-0.0591536
-0.0778607
-0.0359217
-0.0454712
-0.0296091
-0.00698995
0.0137017
-0.112214
-0.0825124
-0.0363717
-0.022326
-0.0555237
-0.0401471
-0.0855155
-0.0710062
-0.106884
-0.0976533
-0.112919
-0.112123
-0.100125
-0.108948
-0.087467
-0.134708
-0.208193
-0.0804216
-0.214097
-0.033234
-0.187554
0.0124254
-0.00453612
-0.132936
-0.0327463
-0.0616835
-0.0562698
-0.0720846
-0.17454
-0.0299639
-0.0421033
-0.0137244
-0.0208616
-0.00597775
-0.00917896
-0.00459489
-0.00457229
-0.00719495
-0.00576471
-0.00699042
-0.00784909
-0.0010991
-0.0044254
0.003423
0.00180478
0.0028578
0.00365493
-0.00199263
0.00108677
-0.014184
-0.00697024
-0.0370836
-0.0240944
-0.0738347
-0.0539016
-0.106787
-0.0940712
-0.0869627
-0.105484
-0.00684103
-0.0511005
0.0300443
0.0250279
0.0285265
0.02722
0.0292047
0.0252382
0.0255037
0.0226164
0.0245765
0.0106811
0.0180032
-0.0113841
0.000843241
-0.0473613
-0.0270501
-0.101612
-0.0730909
-0.141406
-0.126859
-0.124422
-0.139518
-0.0791011
-0.102069
-0.0435301
-0.0592707
-0.0233151
-0.0318281
-0.0140969
-0.0177504
-0.0104029
-0.0116042
-0.0104624
-0.0630675
-0.0286936
-0.045733
-0.0971276
-0.0803759
-0.123395
-0.11181
-0.132346
-0.130345
-0.119416
-0.128542
0.00874937
0.0201717
0.0134496
0.0370211
-0.0873277
-0.105265
-0.119042
-0.190333
-0.0638559
-0.178576
-0.0259202
-0.141085
-0.00606657
-0.0855745
0.0136147
0.00281004
-0.0188922
0.0738646
0.0507369
0.0220653
0.00443473
0.0132725
0.103134
0.0837816
0.10893
-0.0672227
-0.101772
-0.0790215
-0.157086
-0.0406442
-0.0547573
-0.0169827
-0.0280027
-0.00224088
-0.00872391
0.00564867
0.0023322
0.0082564
0.00754529
0.00742012
0.00796682
0.00830483
0.00743033
0.0121471
0.0101493
0.0140018
0.013545
0.0127571
0.0136545
0.00876217
0.0112287
-0.000126238
0.00501239
-0.0154503
-0.00687326
-0.0383219
-0.0261154
-0.0582437
-0.0502215
-0.0458752
-0.0584653
0.0166034
-0.0183955
0.0526957
0.0342932
0.028924
0.0423097
0.0387198
0.0446377
0.0441645
0.0423835
0.0436772
0.0376628
0.0405676
0.0259279
0.0328098
0.00643276
0.0170821
-0.0236066
-0.00674897
-0.0700472
-0.045314
-0.105953
-0.0925079
-0.0918727
-0.104346
-0.0555844
-0.0738037
-0.0275644
-0.0400027
-0.0114597
-0.0182536
-0.0034398
-0.00679738
8.48933e-05
-0.00121659
0.000491477
-0.0338707
-0.0179024
-0.0694648
-0.0509971
-0.107101
-0.0885141
-0.137567
-0.12386
-0.149716
-0.146534
-0.136532
-0.146371
-0.121256
-0.0967916
-0.157912
-0.0502881
-0.136831
-0.0239919
-0.0987694
-0.0107677
-0.0488391
-0.00626864
0.0138788
0.00215495
-0.00805509
0.0795495
0.127362
0.125685
0.0106475
-0.0113857
-0.000941708
0.138446
0.120265
0.127075
-0.11172
-0.0898581
-0.0460239
-0.0547431
-0.129364
-0.0243729
-0.0363113
-0.00444188
-0.0137256
0.00821615
0.00265187
0.0155372
0.0124069
0.0185962
0.0175662
0.0189477
0.0188795
0.0201821
0.0193256
0.0222393
0.0213263
0.0224271
0.0226059
0.0210592
0.0218806
0.0179071
0.0198043
0.0117592
0.0152249
0.00215585
0.00741595
-0.0102669
-0.00392834
-0.0187927
-0.0157435
-0.0056194
-0.0166724
0.0380337
0.0129595
0.0884308
0.0646121
0.107345
0.0288882
0.0205278
0.04135
0.0356998
0.050259
0.04604
0.0556128
0.0535173
0.05552
0.0561975
0.0505977
0.0536132
0.0403756
0.0461894
0.0246378
0.0331405
0.000866479
0.014301
-0.0384704
-0.0172102
-0.0688126
-0.0578787
-0.0592821
-0.0684503
-0.0328529
-0.0460545
-0.0125138
-0.0215742
-0.000467133
-0.00563901
0.00592064
0.00328912
0.0090714
0.00782965
0.00958275
-0.00607115
0.00609114
-0.0364717
-0.020557
-0.0729268
-0.0537641
-0.112759
-0.0929566
-0.14634
-0.131011
-0.161153
-0.156869
-0.147668
-0.158188
-0.131574
-0.0760945
-0.122543
-0.0434238
-0.101187
-0.0267441
-0.0682028
-0.0192448
-0.0226214
-0.0197437
0.0381757
-0.0242057
0.101921
-0.0144168
-0.0279008
0.1413
0.127656
0.142247
-0.051704
-0.101232
-0.026701
-0.0400104
-0.0357057
-0.00877036
-0.0179358
0.00683388
-0.000352784
0.0171473
0.0127028
0.0235627
0.0207876
0.0266629
0.0255055
0.0278051
0.0273338
0.0289655
0.0283683
0.0296391
0.0294668
0.0290515
0.029461
0.0278009
0.0285068
0.0254103
0.0267991
0.0214148
0.0236051
0.0159211
0.0188264
0.0103412
0.012935
0.00954109
0.00888128
0.0231754
0.0139448
0.0548187
0.0373191
0.0898583
0.0731921
0.111479
0.103038
0.113005
0.114824
0.017902
-0.00317519
0.00802479
0.0342481
0.0266653
0.0463719
0.0407389
0.0554969
0.0511725
0.0621592
0.0591928
0.064182
0.0637989
0.0613086
0.0632997
0.0541008
0.0582062
0.0426766
0.0489402
0.0234003
0.0345971
-0.010447
0.00776954
-0.035314
-0.0264999
-0.0295802
-0.0354382
-0.0125396
-0.0210664
0.000855159
-0.00516734
0.00920121
0.00556382
0.0139906
0.0119463
0.0164348
0.0154333
0.0171968
0.0170657
0.0168163
-0.00716556
0.0137077
0.00468907
-0.0359823
-0.0205501
-0.07285
-0.05347
-0.113253
-0.0931224
-0.147808
-0.13193
-0.163928
-0.158965
-0.149712
-0.161471
-0.11238
-0.132652
-0.0557137
-0.0887845
-0.0297151
-0.0152029
0.1223
0.10617
-0.0628604
-0.094404
0.0226174
-0.043156
-0.0770609
-0.0234947
-0.0430028
-0.0208411
-0.0342494
-0.0476703
-0.0332382
-0.00356168
-0.0384703
0.0574534
-0.0446392
0.119661
-0.0478673
0.150055
-0.0276412
-0.046176
0.13878
0.111171
0.0948178
-0.0807408
-0.00893247
-0.0151675
0.00533587
-0.00103893
0.0164932
0.011288
0.024633
0.0208953
0.0300041
0.0276636
0.0329451
0.0317587
0.0343932
0.0337918
0.0351276
0.0348667
0.0349728
0.0351716
0.0341839
0.0346162
0.0331063
0.0336977
0.0313869
0.0323413
0.0289878
0.0302565
0.0262894
0.0276236
0.0248076
0.0252329
0.0280535
0.0255438
0.0412389
0.0331722
0.0646043
0.0526313
0.0884009
0.0772182
0.102011
0.0970572
0.0996087
0.102832
0.0812164
0.0922166
0.00649633
-0.0125649
-0.00301997
0.0240114
0.0155561
0.0384551
0.0315542
0.0498277
0.0444473
0.0587698
0.0545434
0.0656144
0.0624939
0.0691898
0.0679
0.0687193
0.0694148
0.0649669
0.0672003
0.0574571
0.0618392
0.0411771
0.0508985
0.0129684
0.0277867
-0.00639107
0.000567502
-0.00469938
-0.00740023
0.00439114
-0.00026641
0.0121647
0.00859383
0.0174054
0.0150676
0.020649
0.019227
0.0224651
0.0216025
0.0232762
0.0230229
0.0229958
0.0131365
0.0201039
-0.00629738
0.00435235
-0.0338971
-0.0188661
-0.0699938
-0.0511388
-0.108965
-0.0895891
-0.141847
-0.126854
-0.15651
-0.152228
-0.142577
-0.153378
-0.104613
-0.125651
-0.0791783
-0.039742
-0.0215442
0.0790446
0.067126
-0.0580731
-0.077158
-0.0012005
-0.00203508
-0.049083
-0.0623331
-0.0484831
-0.0337548
-0.0546937
0.0106043
-0.0633914
0.0738261
-0.0699954
0.133441
-0.070569
0.149946
-0.0630429
0.128235
-0.0292877
-0.050717
0.0945277
-0.0129518
-0.0174642
-0.0353039
0.0247313
0.0590581
0.0501093
-0.0702206
0.00767839
0.00336568
0.0178349
0.0136424
0.0249362
0.0217774
0.0308713
0.0281514
0.03521
0.0333306
0.0377625
0.0367058
0.039018
0.0385358
0.0392996
0.0392804
0.0388247
0.0391329
0.0380638
0.0384563
0.0371719
0.0376455
0.0360183
0.0366247
0.0347501
0.0353797
0.0338585
0.0342015
0.034665
0.0339309
0.0395318
0.0364214
0.0509469
0.0443858
0.0681121
0.0587315
0.0845617
0.0769748
0.0925519
0.0900027
0.0881098
0.0921568
0.0707614
0.0808479
0.0437587
0.0581452
-0.000579148
-0.00731756
0.0144285
0.00687462
0.0291472
0.0219239
0.0417647
0.0357182
0.0522281
0.0472193
0.0607408
0.056704
0.067456
0.0643463
0.0717354
0.0699569
0.0729706
0.0727022
0.0717182
0.0726263
0.0669084
0.0699793
0.0536625
0.0616263
0.0319348
0.0431239
0.0167293
0.0226112
0.0145211
0.0144714
0.0176917
0.01587
0.0213142
0.0195713
0.0241316
0.0228295
0.0259999
0.0251772
0.0270786
0.0266104
0.0276101
0.0274458
0.0270759
0.0276098
0.0264469
0.013271
0.019733
-0.00472691
0.00514277
-0.0312522
-0.0168149
-0.0651788
-0.0476001
-0.100919
-0.0832578
-0.129998
-0.116941
-0.141484
-0.138596
-0.126954
-0.137606
-0.0890431
-0.110267
-0.0353714
-0.0636387
-0.000918537
-0.0149611
-0.0609037
-0.0692048
0.0279337
0.0316468
0.0112181
0.00157401
0.0127967
0.039687
0.0262687
-0.0631721
-0.0552811
-0.0724516
-0.0265547
-0.0855313
0.0201192
-0.0961355
0.0879105
-0.100315
0.141727
-0.0946081
0.141182
-0.0786432
0.110242
-0.0204815
-0.00574877
-0.006298
-0.021482
-0.0591233
0.0729513
-0.0393355
-0.00411775
0.0293967
0.00784586
-0.0683582
0.0139881
0.0127097
0.0211474
0.0177333
0.0284609
0.0254912
0.0327056
0.0309191
0.036389
0.0346492
0.0394177
0.0380774
0.0412933
0.0405103
0.0421407
0.0418419
0.0421254
0.0422245
0.0415922
0.0418965
0.0409232
0.0412632
0.0402126
0.0405742
0.0394974
0.0398467
0.0389893
0.0391968
0.0391925
0.0389533
0.041145
0.039869
0.0463429
0.0432493
0.0558966
0.0505984
0.0685849
0.0619309
0.0796219
0.0746471
0.0839525
0.0828515
0.0783968
0.0825441
0.0628099
0.0717475
0.0519017
-0.000343232
-0.00373244
0.00923354
0.00405998
0.0212553
0.015066
0.033401
0.0274342
0.0443678
0.0390451
0.0538297
0.0492768
0.0617753
0.0579831
0.0681984
0.0651924
0.0727319
0.0707327
0.0749318
0.0741098
0.0750161
0.0752294
0.0719078
0.0740464
0.0619984
0.0679479
0.0459935
0.0542554
0.0333051
0.0387257
0.0283025
0.0300286
0.0276483
0.0276692
0.0284454
0.0279714
0.0294645
0.0289573
0.0302611
0.0298992
0.0306928
0.0305173
0.03086
0.0308029
0.0303523
0.0307049
0.0298386
0.0243398
0.0275927
0.01367
0.0196641
-0.00347728
0.00604919
-0.0286824
-0.015122
-0.0595166
-0.0436773
-0.0908504
-0.0755355
-0.114794
-0.104323
-0.12217
-0.12105
-0.106935
-0.117441
-0.0720028
-0.0912672
-0.0304575
-0.0511993
-0.0126399
0.0370442
0.0147926
0.0115278
0.0131955
-0.073241
-0.0704117
-0.0888915
-0.0581166
-0.109189
-0.0275543
0.0114582
-0.128279
0.0265127
-0.138012
0.100391
-0.134038
0.140838
-0.00528643
0.00713875
0.00948186
-0.00269273
-0.117401
0.124765
-0.0203702
-0.0915508
0.0848827
-0.0407061
-0.0645982
0.0444144
0.0174311
0.0303031
0.0292596
-0.00516477
-0.00103931
0.0300359
-0.0763867
0.0214254
0.0220755
0.0215506
0.0244214
0.0223063
0.0306811
0.0272698
0.0363786
0.0339143
0.0391228
0.0380469
0.0409923
0.0401009
0.0426612
0.0418962
0.0437738
0.0433046
0.0442092
0.0440774
0.0440403
0.0441844
0.0435328
0.043807
0.0429576
0.0432458
0.042415
0.0426773
0.0420216
0.0421892
0.0420028
0.0419456
0.0428114
0.0422653
0.0452146
0.0437611
0.0501115
0.0473096
0.0578843
0.0536798
0.0672693
0.0624926
0.0745196
0.0713425
0.0763513
0.0762777
0.0704281
0.0744241
0.0565439
0.0643186
0.0365434
0.0471563
0.0138287
0.0252652
-0.0144851
-0.00845883
0.00241347
0.00595469
0.00590802
0.00993407
0.00740341
0.0173136
0.0132789
0.02684
0.0219344
0.0369262
0.0319074
0.0464457
0.0417813
0.0548884
0.0508012
0.0621875
0.0586818
0.0681531
0.0653624
0.072725
0.0706657
0.0753807
0.0742837
0.0761533
0.0760064
0.0741466
0.0756252
0.0669135
0.071269
0.054901
0.0611886
0.0439801
0.0489298
0.0376425
0.0402748
0.0348224
0.0359197
0.0338222
0.0341778
0.0335786
0.0336408
0.0335489
0.033548
0.0334407
0.0335013
0.0331461
0.0333257
0.0325229
0.0329233
0.0316218
0.0322365
0.0311976
0.0237123
0.0268786
0.013675
0.019387
-0.00304468
0.00626641
-0.0266832
-0.0141473
-0.0541523
-0.0401953
-0.0806136
-0.0679033
-0.0989797
-0.091285
-0.102117
-0.102784
-0.086561
-0.096615
-0.0567593
-0.0727498
-0.024452
-0.0404145
0.000186774
-0.0104186
0.00998367
-0.0987078
-0.0840386
-0.0180444
-0.00275536
-0.0102567
-0.12953
-0.0725651
0.0123304
-0.161624
-0.0345202
-0.184214
0.0331324
-0.00927521
0.0128846
0.0231813
0.0278274
0.0175506
-0.187457
0.109313
0.00105666
-0.167791
0.127205
-0.0268547
-0.0216135
-0.017574
-0.135441
0.0973143
-0.0395655
-0.0992313
0.0522338
-0.0663638
0.0271021
0.0233165
0.0272713
0.0198847
0.0313741
0.0299853
0.0246376
-0.0980066
0.0281012
0.0275211
0.0313709
0.0293417
0.0367202
0.0338366
0.0415003
0.0394715
0.0435296
0.0428146
0.0443185
0.0439834
0.0449628
0.0446567
0.0454341
0.0452341
0.0455543
0.045543
0.0452961
0.045465
0.044832
0.0450763
0.0443398
0.0445816
0.0439376
0.0441206
0.0437615
0.0438108
0.0440333
0.0438239
0.0451296
0.0444499
0.0475874
0.0461564
0.051908
0.0495003
0.0580744
0.054809
0.0647802
0.0615008
0.0696128
0.0676443
0.069833
0.0704037
0.0639261
0.0676762
0.0516841
0.0585398
0.0346529
0.0436554
0.0145515
0.0249562
0.00583347
0.0172081
0.0195859
0.0156778
0.0158884
0.0183753
0.0165384
0.0239477
0.0208909
0.0314768
0.0275138
0.0399078
0.0356742
0.0480793
0.0440167
0.0555708
0.0519257
0.0621807
0.05899
0.0677418
0.0651055
0.0720669
0.0700825
0.0748358
0.0736465
0.0759047
0.0755955
0.0745097
0.0756014
0.06899
0.0723194
0.0596801
0.0645996
0.0503457
0.0547982
0.0436962
0.0466475
0.0398157
0.0414744
0.0377462
0.0386153
0.0366539
0.0371118
0.0360043
0.0362883
0.0354556
0.0357263
0.0347895
0.0351733
0.0340039
0.034473
0.0329294
0.033477
0.0320615
0.0281795
0.0298724
0.0293019
0.0227577
0.0258162
0.0128544
0.0185698
-0.0036635
0.00544393
-0.0257402
-0.0141924
-0.0500078
-0.0378561
-0.071669
-0.0615286
-0.0846381
-0.0796047
-0.0838497
-0.0861411
-0.0681755
-0.0777108
-0.042654
-0.0560684
-0.0163538
-0.0291665
0.0060652
-0.00447665
0.0136816
-0.026333
-0.0163088
-0.139767
-0.111373
0.0130795
-0.187615
-0.0951647
0.0331228
0.0414207
0.0475031
0.039071
-0.229106
-0.0418619
-0.0140085
0.0231683
-0.249235
0.0427989
0.0057438
-0.237498
0.111069
-0.0380526
-0.0300893
-0.0134203
-0.196204
0.100539
-0.0373633
-0.0361496
-0.14629
0.0599987
-0.0644807
-0.100946
0.0276855
0.0311454
-0.0331203
-0.0213079
-0.134665
0.0302038
0.0295548
0.0297181
0.0322598
0.0310861
0.035838
0.0338718
0.040419
0.0380472
0.0444116
0.0426858
0.0460517
0.0454954
0.0463457
0.0462722
0.0464121
0.0463791
0.0464585
0.0464431
0.0463658
0.0464353
0.0460501
0.0462326
0.0456259
0.0458434
0.0452078
0.045409
0.0449129
0.0450382
0.0448748
0.0448521
0.0452947
0.0450126
0.0464736
0.0457691
0.0487734
0.0474654
0.0524396
0.0504367
0.0572469
0.0547493
0.0620855
0.0597671
0.0651129
0.0639514
0.0643037
0.06525
0.0586209
0.0620919
0.0480168
0.0538835
0.0336113
0.0411384
0.0173634
0.0255494
0.00275092
0.0097142
-0.00788417
-0.00325833
-0.0246178
-0.0123521
-0.0110201
0.0316125
0.0359617
0.0257485
0.0282144
0.0237632
0.02425
0.0252834
0.0241372
0.0294201
0.0270887
0.0354227
0.0321856
0.0423792
0.0387932
0.0493866
0.0458826
0.0559856
0.0527609
0.0619064
0.0590363
0.0669923
0.0645651
0.0709839
0.0691391
0.0736479
0.0724876
0.074744
0.0744092
0.0736205
0.0745173
0.0691856
0.0718437
0.0617663
0.0657052
0.0538432
0.0577597
0.047444
0.0503857
0.0431631
0.045068
0.0405074
0.041676
0.0388673
0.0395953
0.0377683
0.038277
0.0368676
0.0373226
0.0359667
0.0364453
0.0349853
0.0354782
0.0338107
0.0343295
0.0325443
0.0330252
0.0318944
0.0265351
0.0280039
0.0212493
0.0242352
0.0110247
0.016945
-0.00544713
0.00350503
-0.0262003
-0.0154883
-0.047609
-0.0370948
-0.0648392
-0.057072
-0.0728744
-0.0702608
-0.0685592
-0.072309
-0.0525701
-0.0618063
-0.0297753
-0.0415698
-0.00728862
-0.018127
0.0116295
0.00275794
0.0224487
0.0177934
0.0285144
0.0261939
0.0142159
-0.197191
-0.148942
0.0299304
0.0279409
0.0537843
0.0454708
-0.260243
-0.119406
-0.0123151
-0.0257673
-0.0203628
0.0292305
-0.303217
-0.0435761
-0.0389459
0.0111331
-0.311727
0.0508706
-0.0480292
-0.040858
-0.00843721
-0.276717
0.0954737
-0.0522596
-0.0310095
-0.213416
0.0600366
-0.0504182
-0.0595732
-0.148721
0.0138782
-0.0972374
-0.0106231
0.000265505
0.00148005
0.0604209
0.0686028
-0.184611
0.0305628
0.0304193
0.0304396
0.0320091
0.0310885
0.0346727
0.0331731
0.0381768
0.0362319
0.0423493
0.0402341
0.0457378
0.0442491
0.047187
0.0466828
0.0473434
0.047348
0.0471663
0.0472606
0.0469783
0.047071
0.0467519
0.0468735
0.0464104
0.0465945
0.046019
0.0462147
0.0456651
0.0458323
0.0454464
0.0455326
0.045487
0.0454257
0.0459614
0.045658
0.0471018
0.0464347
0.0491411
0.0480004
0.0521661
0.0505393
0.055864
0.0539758
0.0592923
0.0576922
0.0609914
0.0604578
0.0596422
0.0607759
0.0543451
0.0574904
0.04518
0.0502008
0.0330846
0.0393863
0.0197621
0.0264317
0.00776993
0.0134659
-0.000427693
0.00308058
-0.0031147
-0.00261954
-0.0018712
0.0608995
0.0747076
0.0671844
0.0486131
0.0546747
0.0389176
0.0432228
0.0329855
0.0354303
0.0305676
0.0313241
0.0309698
0.0303458
0.0340089
0.0321493
0.0387147
0.0361543
0.0444591
0.0415089
0.0504415
0.04745
0.0561987
0.0533695
0.0614551
0.0588986
0.0660224
0.0638376
0.0696355
0.0679598
0.0720722
0.0710101
0.0730507
0.0727617
0.0720323
0.0728291
0.0683237
0.0705226
0.0622567
0.065483
0.0555098
0.058939
0.0496136
0.0523846
0.0452988
0.0472675
0.042365
0.0436892
0.0403913
0.0412887
0.0389801
0.0396422
0.0378176
0.0383939
0.0367089
0.0372792
0.035535
0.0361229
0.0342783
0.034845
0.032999
0.0336515
0.0312876
0.0322365
0.0246741
0.0264827
0.0190766
0.0223253
0.00803816
0.0143555
-0.00865948
0.000267078
-0.0284322
-0.0183804
-0.0472746
-0.0382564
-0.0604307
-0.0548437
-0.0639629
-0.0635507
-0.0564216
-0.0615236
-0.0398262
-0.0490001
-0.0188492
-0.0295212
0.000757011
-0.00859603
0.0162253
0.00914909
0.0247868
0.0211664
0.0290596
0.027632
0.0297695
0.0526179
-0.266546
-0.190532
-0.00724667
-0.00165216
0.00543941
0.0290707
0.0303
-0.0233184
-0.0273693
0.0358084
-0.335488
-0.138371
-0.0415104
0.0172565
-0.368246
-0.0418121
-0.0560326
-0.0545481
-0.00287591
-0.354937
0.0490811
-0.0659033
-0.0250362
-0.295681
0.0554903
-0.0670177
-0.0698753
-0.0529553
-0.215342
0.00684224
-0.0893106
-0.142297
0.0847256
0.0710313
0.0607355
-0.242566
0.0310339
0.0301904
0.0329258
0.0317845
0.0356957
0.0341515
0.0392208
0.0373557
0.0430058
0.0411218
0.0459962
0.044669
0.047391
0.0468828
0.047597
0.0475847
0.0473757
0.0475049
0.0470886
0.0472327
0.0467914
0.0469414
0.0464478
0.0466252
0.0460897
0.0462664
0.0457888
0.0459283
0.0456224
0.0456832
0.0457006
0.0456236
0.0461705
0.0458772
0.0472071
0.0466089
0.0489523
0.0479884
0.0513961
0.0500996
0.0542019
0.0527929
0.0565825
0.0555083
0.0574362
0.057268
0.0557443
0.0569558
0.0509045
0.0537202
0.0430196
0.0473041
0.0329023
0.038149
0.0220444
0.0274471
0.0123932
0.0168992
0.00613261
0.00878524
0.00457007
0.00467371
0.00787428
0.00593381
-0.00778144
0.00134776
0.0129775
0.00992651
0.0662884
0.0803668
0.0726017
0.0547923
0.0604665
0.0451912
0.0496476
0.0390165
0.0416178
0.0361082
0.0372205
0.0357934
0.0356317
0.0378531
0.0365634
0.0415345
0.0395322
0.046215
0.0437934
0.051268
0.0487284
0.0562511
0.0537882
0.0608751
0.0586206
0.0649221
0.0629828
0.0681399
0.0666431
0.0702946
0.0693606
0.0710995
0.0708825
0.0701192
0.0708565
0.0669283
0.0687991
0.0618156
0.064543
0.0560159
0.0588657
0.0507236
0.0532593
0.0465601
0.0484947
0.0435321
0.044923
0.0413653
0.0423656
0.0397385
0.0405072
0.0383791
0.0390435
0.0370966
0.0377364
0.0357698
0.036419
0.0343347
0.0350497
0.0328784
0.0335948
0.0311712
0.0322302
0.0266252
0.0277876
0.0226821
0.0247816
0.0160367
0.019936
0.00372273
0.010621
-0.0135852
-0.00447054
-0.0327617
-0.0231996
-0.0492462
-0.0416324
-0.0585264
-0.0550143
-0.0578011
-0.0594672
-0.0471944
-0.053596
-0.0297656
-0.0390474
-0.010133
-0.0199283
0.00709798
-0.00100995
0.0198028
0.0141217
0.0266951
0.0238177
0.0296184
0.0287235
0.030097
-0.0159994
-0.0379182
0.0427542
-0.334816
-0.227213
0.0295191
0.0899243
-0.0384088
0.0239838
-0.395715
-0.147065
0.0277031
0.00954444
0.019659
-0.0595823
0.0913554
0.0850635
-0.070384
0.00309236
-0.405936
-0.0413052
-0.0766803
-0.018994
-0.366645
0.0230082
-0.0879195
-0.0877574
-0.0449536
-0.290723
-0.00505384
-0.0917768
-0.0790083
-0.201706
-0.0551859
-0.0180012
-0.00844794
-0.127713
0.000121672
0.0615314
0.0506179
-0.297274
0.0311344
0.0304151
0.0332385
0.0320953
0.0360261
0.0345515
0.0394124
0.0376577
0.0428892
0.0411862
0.0456114
0.0443934
0.0470092
0.0464728
0.0473352
0.0472659
0.0471689
0.0472828
0.0468679
0.0470246
0.0465379
0.0467059
0.046215
0.0463818
0.0458935
0.0460499
0.0456357
0.0457536
0.0455064
0.0455506
0.0455981
0.0455184
0.0460316
0.0457649
0.0469363
0.0464194
0.0483921
0.0475961
0.050334
0.0493164
0.0524335
0.0513975
0.0540413
0.053348
0.0543082
0.0543921
0.0524654
0.0536826
0.0481005
0.0505969
0.0413517
0.0449884
0.0329344
0.037282
0.0240602
0.0284589
0.0164276
0.0199533
0.0117453
0.0135922
0.0110826
0.0108208
0.0143928
0.0124719
0.0204057
0.0164693
0.10044
0.0964268
0.103547
0.0848816
0.0938195
0.0709306
0.0772595
0.0598685
0.065229
0.0504419
0.0548265
0.0441231
0.0468795
0.0407938
0.0421383
0.0398921
0.0400636
0.0411174
0.0402744
0.0438999
0.0423581
0.0476652
0.0456954
0.0518962
0.0497536
0.0561747
0.0540497
0.0602038
0.0582347
0.0637505
0.0620491
0.0665778
0.0652659
0.0684379
0.067639
0.069062
0.0689192
0.0681027
0.0687951
0.0653048
0.0669265
0.0609416
0.0632679
0.0558989
0.0584151
0.051141
0.0534458
0.0472016
0.0490577
0.0441798
0.0455868
0.0419057
0.0429679
0.040126
0.0409722
0.0386065
0.0393477
0.0371728
0.0378843
0.0357217
0.0364423
0.0342024
0.0349799
0.0326849
0.0334888
0.0310781
0.0319762
0.0296231
0.0304057
0.0253603
0.028106
0.0271142
0.0204191
0.0230421
0.0119718
0.0168525
-0.00216566
0.00558891
-0.0206683
-0.0110648
-0.0396735
-0.0304328
-0.0539164
-0.0476782
-0.0592822
-0.0578716
-0.0542668
-0.0580246
-0.0405475
-0.048281
-0.0220546
-0.0315961
-0.00334798
-0.0124835
0.0119537
0.00487546
0.022583
0.0178862
0.0280628
0.0258341
0.0300197
0.0294946
0.0295408
0.0300649
0.0286359
-0.0296622
0.0310448
-0.384962
-0.249
0.0286097
0.0267633
0.0287082
-0.0566306
-0.0226428
-0.0338175
0.105289
0.100182
-0.0929118
0.00929698
-0.425028
-0.150069
-0.0818992
-0.0131998
-0.405776
-0.0564719
-0.113106
-0.0119238
-0.102212
-0.0375955
-0.346499
-0.0344568
-0.114651
-0.0682752
-0.264473
-0.0796284
-0.119234
-0.111272
-0.178478
0.0203162
0.0499907
0.0760473
0.0655133
0.011036
0.038973
-0.334871
0.0308243
0.0296508
0.0331014
0.0318815
0.0358777
0.034391
0.0391244
0.0374497
0.0423461
0.040773
0.0448755
0.0437326
0.0462855
0.0457194
0.0467321
0.0466001
0.0466549
0.0467329
0.0463846
0.046531
0.0460667
0.0462285
0.0457566
0.045912
0.0454697
0.0456076
0.0452494
0.0453489
0.0451485
0.0451805
0.0452427
0.0451662
0.0456287
0.0453938
0.0463997
0.0459628
0.0475931
0.0469465
0.0491158
0.0483273
0.0506642
0.049915
0.0517046
0.0512864
0.0515767
0.051824
0.0497022
0.0508797
0.0458037
0.0480021
0.0400415
0.0431227
0.0330519
0.0366424
0.0258469
0.0293997
0.0197966
0.0225834
0.0163146
0.0176597
0.0165029
0.0159032
0.0197204
0.0178142
0.0265215
0.0223832
0.0343042
0.0390972
0.0322128
0.0283449
0.111764
0.108869
0.105908
0.115627
0.113923
0.0884783
0.0968255
0.0747739
0.0811387
0.0639067
0.0691379
0.0548299
0.0591033
0.0484238
0.0512714
0.0447532
0.0462863
0.0433479
0.0437973
0.0438696
0.0433974
0.0458742
0.0447249
0.0488534
0.0472737
0.0523549
0.050567
0.0559891
0.0541755
0.0594643
0.0577613
0.0625427
0.0610651
0.0649942
0.0638595
0.066578
0.0659057
0.067039
0.066961
0.0661048
0.0667554
0.0636212
0.0650479
0.0598435
0.0618539
0.0554135
0.0576482
0.0511146
0.0532133
0.0474121
0.0491763
0.0444419
0.045841
0.0421059
0.0432083
0.040209
0.041117
0.0385545
0.0393624
0.036994
0.037767
0.0354427
0.0362185
0.0338795
0.0346772
0.0323753
0.033146
0.030957
0.0316816
0.0295521
0.0302383
0.0286864
0.027217
0.0277148
0.0277255
0.0239324
0.0261166
0.0175822
0.021098
0.00683353
0.0129159
-0.00975659
-0.000790123
-0.0302059
-0.0197513
-0.0495105
-0.040403
-0.0616075
-0.0567431
-0.0628895
-0.0636829
-0.0533629
-0.0593205
-0.0363219
-0.0454912
-0.0164958
-0.0264513
0.00172027
-0.00698701
0.0155948
0.0092932
0.0246351
0.0206955
0.0289462
0.0272612
0.0300699
0.0299138
0.0287651
0.0296566
0.0267813
0.0278311
-0.0470177
0.0934822
0.0522243
0.0742188
0.0847601
-0.122597
0.0359571
0.0159607
-0.404955
-0.256592
-0.0796064
-0.00775081
-0.418038
-0.15768
0.042934
0.0469019
-0.148701
0.00101989
0.0317087
0.0243402
0.107851
0.11698
0.0267313
0.0273966
0.0264541
0.0255283
0.0258919
0.0244514
-0.110242
-0.0318074
-0.37349
-0.101027
-0.0543182
-0.0409709
-0.133769
-0.0587449
-0.301818
-0.121301
-0.153486
-0.147945
0.0345587
0.0599615
-0.0944562
-0.222387
-0.164386
-0.148782
0.0243504
-0.346335
0.0276307
0.0265921
0.0300163
0.0287544
0.0325609
0.0312601
0.0354189
0.0339343
0.0385659
0.0369705
0.0415843
0.0401191
0.0439646
0.0428809
0.0453745
0.0447907
0.0459137
0.0457312
0.0459208
0.0459615
0.0456933
0.0458226
0.0453986
0.04555
0.0451043
0.0452488
0.0448484
0.0449702
0.0446617
0.0447444
0.0445865
0.0446074
0.0446828
0.0446094
0.0450248
0.0448192
0.0456769
0.0453105
0.0466476
0.0461265
0.0478311
0.0472258
0.0489551
0.048424
0.049582
0.0493609
0.0491964
0.0495439
0.0473652
0.0484765
0.0439072
0.0458338
0.038997
0.0416042
0.0331954
0.0361582
0.0273728
0.0302225
0.0226473
0.0248021
0.0201764
0.0210671
0.0208551
0.0201126
0.0243946
0.0223023
0.0315158
0.0273823
0.0430679
0.0367587
0.0378951
0.119064
0.111684
0.115668
0.123338
0.12156
0.125614
0.124549
0.0913532
0.0992288
0.0780119
0.0842803
0.0672627
0.0723945
0.058469
0.0626152
0.0520412
0.0549428
0.0480903
0.0497848
0.0462477
0.0469356
0.0461776
0.0460169
0.0475118
0.0467016
0.0498061
0.0485683
0.0526536
0.051186
0.0557002
0.0541713
0.0586655
0.0572077
0.0613142
0.0600418
0.0634218
0.0624472
0.0647581
0.0641975
0.0650866
0.0650584
0.0641896
0.0647964
0.0619704
0.0632379
0.0586391
0.0604179
0.0547205
0.0567132
0.0508131
0.0527347
0.0473289
0.0490052
0.0444198
0.0458044
0.0420385
0.043173
0.0400396
0.0410028
0.0382647
0.0391334
0.0365943
0.0374214
0.0349633
0.0357778
0.0333776
0.0341767
0.0319005
0.0326409
0.030551
0.0312018
0.0291201
0.0298391
0.0282989
0.025982
0.0266351
0.0219268
0.0245413
0.0139192
0.0184249
0.000557351
0.0080473
-0.0192416
-0.00864019
-0.0424991
-0.0307871
-0.0625741
-0.0534247
-0.0725224
-0.0690899
-0.0693948
-0.0725773
-0.0549743
-0.0633201
-0.03425
-0.0450367
-0.0127172
-0.0232825
0.00547228
-0.003044
0.0184039
0.0126354
0.0262088
0.0228842
0.0295186
0.0283104
0.0298889
0.0300503
0.0282782
0.0292614
0.0271626
-0.0689273
0.106106
0.0173001
-0.00200656
-0.394045
-0.256063
0.0501663
-0.19195
0.0163253
0.1263
0.0268135
0.0258663
0.0241128
0.0229332
-0.109151
-0.0271225
-0.379947
-0.187191
-0.0273011
-0.145866
-0.0523414
-0.318887
-0.179678
-0.0802736
-0.0633549
-0.201569
-0.17296
0.0119004
0.0412217
-0.0814128
-0.24463
-0.2265
-0.190034
-0.122928
-0.176879
0.0992087
0.0898064
0.00604663
-0.337957
0.0265377
0.025326
0.0291019
0.0278128
0.0318537
0.0304473
0.0347899
0.0332874
0.0378666
0.0363263
0.0407309
0.0393485
0.0429847
0.0419537
0.0443734
0.0437866
0.0449675
0.0447528
0.0450344
0.0450474
0.0448407
0.044956
0.0445645
0.0447063
0.0442841
0.0444207
0.0440521
0.0441605
0.0438965
0.0439633
0.0438488
0.043857
0.0439543
0.0438796
0.0442666
0.044082
0.0448256
0.0445148
0.0456191
0.0451975
0.0465374
0.0460744
0.0473405
0.0469728
0.0476696
0.047588
0.0471221
0.0475264
0.0453764
0.0464089
0.0423217
0.0440056
0.038139
0.0403451
0.0333218
0.0357673
0.0286225
0.0309029
0.0249764
0.0266104
0.0233388
0.0238556
0.0244153
0.0235299
0.0282626
0.0259917
0.0354362
0.0313972
0.0463659
0.0404753
0.0578446
0.0603011
0.0530842
0.0518941
0.0551155
0.0431661
0.0480271
-0.255432
0.0321517
0.0378304
0.132617
0.129462
0.131122
0.13448
0.133704
0.135379
0.135057
0.126823
0.135909
0.13571
0.109284
0.11793
0.0935075
0.101092
0.0805677
0.0867099
0.0700329
0.0750637
0.0614629
0.0655026
0.0550552
0.0579823
0.0508825
0.0527103
0.0486672
0.0495578
0.0480966
0.0482001
0.0488484
0.0483353
0.050536
0.049602
0.0527956
0.0516169
0.055309
0.0540388
0.0578105
0.0565755
0.0600713
0.0589832
0.0618747
0.0610412
0.0630009
0.0625329
0.0632327
0.0632372
0.0623876
0.0629475
0.0604003
0.0615388
0.0574416
0.0590142
0.0539306
0.0557226
0.0503479
0.0521222
0.0470478
0.0486497
0.044187
0.0455618
0.0417574
0.0429249
0.0396587
0.0406756
0.0377709
0.0386959
0.0360025
0.0368766
0.03431
0.0351504
0.0327039
0.0335032
0.0312216
0.0319497
0.0298678
0.0305407
0.0284145
0.0291578
0.027661
0.0256674
0.0247053
0.025385
0.0245448
0.0254458
0.0196107
0.0226804
0.00979155
0.0153508
-0.00663857
0.00252443
-0.0303801
-0.0177502
-0.0571495
-0.0438556
-0.0783604
-0.0690401
-0.0860875
-0.0841677
-0.0782522
-0.0839843
-0.0586391
-0.0695147
-0.0339954
-0.0465144
-0.0105065
-0.0218124
0.00800312
-0.000506066
0.0203824
0.0149483
0.0272855
0.0244276
0.0298012
0.0289808
0.0295702
0.0299714
0.0277232
0.0288081
0.0249384
0.0263984
0.0217111
0.0232919
-0.0982625
0.127412
-0.00662348
-0.0224293
-0.361613
-0.261901
-0.0113952
-0.146709
-0.049049
-0.326009
-0.24695
-0.0466599
0.0658449
0.0678668
0.127305
0.136273
-0.259393
0.0232642
0.0238577
0.0224914
0.0199482
0.0204216
0.0185547
-0.190251
0.0774112
-0.0740241
-0.255946
-0.286484
-0.114256
-0.092627
-0.221618
-0.248082
-0.103827
-0.187882
-0.338083
-0.0191519
0.0150599
-0.137768
0.0260871
0.048003
0.0445631
0.12441
0.120452
-0.0164896
-0.321193
0.00699499
0.0226087
0.021302
0.0253307
0.0239473
0.0281143
0.0267178
0.0310195
0.0295564
0.0340616
0.0325262
0.037104
0.0355974
0.0398561
0.0385369
0.0419977
0.0410168
0.0433457
0.04277
0.0439558
0.0437288
0.0440499
0.0440501
0.0438717
0.0439804
0.0435962
0.0437376
0.0433195
0.0434529
0.0431022
0.0432014
0.0429732
0.0430254
0.0429565
0.0429492
0.043083
0.0429998
0.0433867
0.0432112
0.0438855
0.0436123
0.0445502
0.0442018
0.045271
0.044914
0.0458377
0.0455895
0.0459562
0.0459713
0.0453129
0.0457451
0.0436725
0.0446232
0.040977
0.0424486
0.0374088
0.0392785
0.0334031
0.0354239
0.0296103
0.0314338
0.0268229
0.0280426
0.0258435
0.0260665
0.027252
0.0262369
0.0313019
0.0289332
0.0384896
0.0344744
0.049072
0.0433658
0.0624479
0.0554943
0.061063
0.0635586
0.0548307
0.0581544
0.0514372
0.146938
0.148539
0.147818
0.145769
0.146243
0.145254
0.145424
0.144929
0.14512
0.144962
0.144926
0.110326
0.118551
0.0951468
0.102473
0.0825514
0.0885509
0.0722561
0.0771616
0.0638959
0.0678413
0.057535
0.0604662
0.0531968
0.0551296
0.050668
0.0517307
0.0496677
0.0499992
0.0499069
0.0496569
0.0510526
0.0503903
0.0527837
0.0518652
0.0548147
0.0537787
0.056898
0.0558634
0.0588152
0.057889
0.0603583
0.0596442
0.0613172
0.0609205
0.0614887
0.061509
0.0607069
0.0612196
0.0589296
0.0599226
0.056292
0.0576992
0.0531138
0.0547433
0.0497901
0.0514473
0.0466308
0.0481773
0.0437925
0.0451687
0.0413007
0.0425068
0.0390984
0.0401696
0.037103
0.0380807
0.035249
0.0361625
0.0335088
0.0343682
0.0318884
0.0326879
0.0304062
0.0311338
0.029008
0.0297003
0.027607
0.0283449
0.0260374
0.0268649
0.0250404
0.0243006
0.0239728
0.0228639
0.0240052
0.0172176
0.0207006
0.00556972
0.0123167
-0.0144271
-0.00331743
-0.0426997
-0.0277393
-0.0734673
-0.0583853
-0.0959573
-0.086443
-0.101264
-0.100989
-0.088444
-0.0968549
-0.0634763
-0.0769455
-0.0348293
-0.0491139
-0.00930193
-0.0213935
0.00969612
0.00109589
0.0217346
0.0165283
0.0279694
0.0254657
0.0298901
0.0293596
0.0291812
0.0297843
0.0270407
0.0282615
0.0239152
0.0255748
0.0221766
-0.135264
0.149785
-0.037661
-0.0467391
-0.321552
-0.290023
-0.0275349
0.0410317
0.0185427
0.0697086
0.145103
-0.346164
0.022964
0.0216428
0.0181526
0.0167281
-0.195065
0.114917
-0.0726456
-0.270613
-0.334162
-0.0717763
-0.246387
-0.32043
-0.094744
-0.198851
-0.405048
0.0582007
-0.287034
-0.112626
-0.142978
0.0374113
-0.133635
0.171396
0.177017
-0.161458
0.0618908
0.062622
-0.0438649
-0.309918
-0.00499751
0.0210749
0.0196385
0.0239911
0.0225306
0.0270211
0.025499
0.0301277
0.0285625
0.0332766
0.0317012
0.0363185
0.0348239
0.0389936
0.0377173
0.0410423
0.0401058
0.0423343
0.0417805
0.0429274
0.0427054
0.0430178
0.0430192
0.0428283
0.0429447
0.0425301
0.0426849
0.0422399
0.0423779
0.0420231
0.0421195
0.0419121
0.0419526
0.0419275
0.0419026
0.0420877
0.0419882
0.0424072
0.0422269
0.0428822
0.0426265
0.0434675
0.0431657
0.0440528
0.0437691
0.044453
0.0442888
0.0444273
0.0445073
0.0437328
0.0441743
0.0422018
0.0430744
0.0398174
0.0411075
0.0367606
0.0383519
0.0334174
0.0350929
0.0303512
0.0318102
0.028238
0.0291346
0.0277601
0.0277607
0.0294335
0.0283114
0.0336146
0.0311903
0.0407692
0.0368044
0.0510616
0.0455087
0.0641345
0.0573376
0.0772525
0.0788004
0.071337
0.0739556
0.0756306
0.0703453
0.0722088
0.0665492
0.0684498
0.0633276
0.0647433
0.06218
0.163468
0.166944
0.158367
0.160582
0.155559
0.156735
0.154109
0.154731
0.153706
0.153811
0.14495
0.153564
0.153643
0.127484
0.1363
0.110823
0.118937
0.0962509
0.103259
0.0840461
0.0898818
0.0739915
0.0787765
0.0658371
0.0696899
0.0595452
0.0624645
0.0550898
0.0571026
0.0522972
0.0535071
0.050921
0.0514528
0.050704
0.0506889
0.0513628
0.0509448
0.0526171
0.0519335
0.0542129
0.0533875
0.0559238
0.0550664
0.0575446
0.0567563
0.0588749
0.058256
0.0597126
0.0593644
0.0598626
0.0598802
0.0591703
0.0596234
0.0575872
0.0584803
0.0552176
0.0564845
0.0523081
0.0538069
0.04918
0.0507506
0.0461132
0.0476263
0.0432659
0.0446567
0.0406965
0.0419466
0.0383892
0.0395133
0.0362958
0.0373195
0.0343732
0.0353162
0.0326002
0.0334709
0.0309778
0.0317729
0.0294913
0.0302203
0.0281011
0.0287884
0.0267166
0.027421
0.0250969
0.0259574
0.0241121
-0.446214
-0.0638182
-0.026061
0.0217079
0.0201475
0.0209786
0.0225223
0.0222633
0.0210725
0.0222244
0.0150742
0.0187974
0.00163271
0.0095302
-0.0220432
-0.00891028
-0.0549388
-0.0376242
-0.08963
-0.0728231
-0.113142
-0.103573
-0.115846
-0.117284
-0.098142
-0.109141
-0.0681778
-0.0840399
-0.0359296
-0.0517799
-0.00865753
-0.0214102
0.01075
0.00206639
0.0225176
0.0174961
0.0282094
0.0259973
0.0296121
0.0293302
0.0284401
0.0292584
0.0259621
0.0273266
0.0226677
0.0244065
0.0190103
0.0208398
0.0152561
0.0171156
-0.18462
0.15163
-0.0765004
-0.0743787
-0.288822
-0.342705
-0.0484898
0.00938727
-0.258307
-0.42766
-0.0966355
-0.226103
-0.436228
0.191642
0.201511
0.105685
-0.10576
0.0649163
0.0330088
0.0847223
0.0863108
0.144874
0.153855
-0.318698
-0.105666
-0.157364
-0.516078
0.0311675
0.0134272
0.0138239
0.011947
0.018382
0.0192399
0.0175378
-0.369591
-0.11669
-0.190437
0.0923237
0.0691039
0.102327
0.184498
-0.226947
-0.0769475
-0.316907
-0.0206661
0.016417
0.0149059
0.0195249
0.0179616
0.0226443
0.0210776
0.0258715
0.0242399
0.0291707
0.0275134
0.0324458
0.0308175
0.0355204
0.0340197
0.0381554
0.0369051
0.0401361
0.0392337
0.0413702
0.0408422
0.0419256
0.0417201
0.0419883
0.042002
0.041757
0.0418945
0.041414
0.0415882
0.0410872
0.041242
0.0408499
0.0409529
0.0407421
0.040777
0.0407844
0.0407425
0.0409858
0.0408639
0.0413428
0.0411446
0.0418298
0.0415717
0.0423838
0.0421028
0.0428908
0.0426507
0.0431845
0.0430741
0.0430663
0.0431867
0.0423504
0.0427896
0.0409233
0.0417253
0.0388002
0.039939
0.0361603
0.0375252
0.033349
0.034748
0.0308557
0.0320287
0.029261
0.0299111
0.0291514
0.028991
0.0310126
0.0298153
0.0352582
0.0328156
0.0422868
0.0384143
0.0523408
0.0469265
0.0653412
0.0585412
0.0802754
0.0726705
0.0817908
0.0831937
0.0793341
0.0804945
0.0778361
0.0784146
0.0781534
0.0777213
0.0816282
0.0792626
0.0857925
0.178325
0.184189
0.170104
0.173735
0.165215
0.167324
0.162644
0.1637
0.161889
0.162049
0.162071
0.161803
0.12727
0.136028
0.11086
0.118844
0.0968448
0.103564
0.0850601
0.0907014
0.0752771
0.0799334
0.0673415
0.0710947
0.0611435
0.0640363
0.056611
0.0586833
0.0535951
0.0549327
0.0518841
0.0525956
0.0512556
0.051453
0.0514716
0.0512757
0.0522929
0.0518217
0.0534983
0.05286
0.0548844
0.0541789
0.0562587
0.0555819
0.0574275
0.056877
0.0581916
0.0578675
0.058358
0.0583546
0.0577723
0.0581596
0.0563716
0.057166
0.0542265
0.0553756
0.051527
0.0529212
0.0485362
0.0500481
0.0455131
0.0470153
0.0426276
0.0440443
0.039973
0.0412681
0.0375695
0.0387398
0.0353979
0.0364559
0.0334302
0.0343901
0.0316444
0.0325162
0.0300352
0.0308172
0.0285568
0.0292784
0.0271683
0.0278522
0.0257619
0.0264759
0.0241105
0.0249768
0.0220078
0.0231308
0.0207251
0.0197923
0.0191421
0.0204472
0.0202831
0.019074
0.0201387
0.0128674
0.0167735
-0.00202415
0.00680302
-0.0288573
-0.0139635
-0.065734
-0.0464209
-0.103589
-0.0854414
-0.127541
-0.118166
-0.127593
-0.1307
-0.10557
-0.118807
-0.0715058
-0.0893097
-0.0364019
-0.0534368
-0.00800344
-0.0211419
0.0114558
0.00284268
0.022791
0.0180113
0.0279941
0.0260244
0.0290223
0.0289124
0.0275006
0.0284902
0.0247388
0.0262267
0.0213924
0.0231222
0.0176482
0.0195429
0.0157482
-0.252365
-0.538042
-0.123342
-0.124992
-0.105047
-0.271695
-0.410786
0.214101
0.154192
-0.0765071
-0.0027806
0.0879697
0.16253
-0.339102
0.116701
0.130964
-0.115484
-0.199522
-0.533288
0.0922085
-0.152257
0.0288549
0.0117221
0.0102156
0.0122704
0.0104206
0.0164617
0.0156688
0.0182611
0.0165639
-0.405962
-0.111629
-0.137029
-0.602299
-0.488723
-0.269065
0.0768118
-0.0890733
-0.0101371
0.119341
-0.316465
-0.115922
-0.339176
0.226771
0.193862
-0.0405684
0.0148034
0.0132949
0.0180291
0.0163945
0.0213264
0.0196755
0.0247182
0.0230085
0.0281786
0.0264443
0.0315764
0.0298938
0.0347082
0.0331869
0.0373397
0.0360965
0.0392835
0.0384009
0.0404741
0.0399672
0.0409883
0.0408024
0.0409986
0.0410405
0.0407164
0.0408806
0.0403109
0.0405157
0.0399228
0.0401057
0.0396389
0.039761
0.0395109
0.0395504
0.0395642
0.0395112
0.0398028
0.0396579
0.0402091
0.0399842
0.0407364
0.0404589
0.0413019
0.041018
0.0417825
0.0415586
0.0420225
0.0419395
0.0418547
0.0419955
0.0411383
0.0415675
0.0398036
0.0405446
0.0378927
0.038909
0.0355827
0.0367687
0.0331862
0.0343699
0.03113
0.0320859
0.0299143
0.0303866
0.0300496
0.029786
0.0320018
0.030775
0.036219
0.0338038
0.0431027
0.0393123
0.0529709
0.0476475
0.0659982
0.0591096
0.0814986
0.0735395
0.0955092
0.0976674
0.0896141
0.0918267
0.0936306
0.0891461
0.090345
0.0877993
0.0882698
0.0884708
0.0878463
0.0921133
0.0898652
0.100375
0.0955124
0.107151
0.235677
0.251883
0.208532
0.220718
0.191462
0.198979
0.18073
0.185507
0.174113
0.176996
0.170517
0.171999
0.169352
0.169669
0.169951
0.169466
0.163046
0.171778
0.170772
0.144708
0.154017
0.126615
0.135448
0.110506
0.118277
0.0969386
0.103412
0.0855656
0.0909981
0.0761247
0.0806187
0.068447
0.0720853
0.0623739
0.0652274
0.0578
0.0599173
0.0545949
0.0560468
0.0525829
0.0534592
0.0515791
0.0519717
0.0513902
0.0513966
0.0518198
0.0515374
0.0526803
0.0522018
0.0537913
0.053207
0.0549714
0.0543732
0.0560298
0.0555153
0.0567653
0.0564367
0.0569799
0.0569349
0.0565109
0.0568245
0.0552749
0.0559768
0.0533038
0.0543627
0.0507577
0.0520838
0.0478565
0.0493341
0.0448396
0.046346
0.0419032
0.0433482
0.0391728
0.0405049
0.0366977
0.0378997
0.0344794
0.035555
0.0324954
0.0334575
0.0307181
0.0315811
0.0291171
0.0298967
0.027668
0.0283771
0.0262797
0.0269679
0.0248396
0.0255748
0.0231526
0.0240334
0.0210139
0.0221379
0.0197087
0.01772
0.0171486
0.0182533
0.0181349
0.0168676
0.0179067
0.0105664
0.0145559
-0.00507513
0.00424578
-0.0338379
-0.0178364
-0.0731883
-0.0526592
-0.112641
-0.0939183
-0.136097
-0.127247
-0.133738
-0.13824
-0.10865
-0.123396
-0.0722847
-0.0911002
-0.0354763
-0.0530205
-0.00688023
-0.0200144
0.012251
0.00386759
0.0229496
0.0185089
0.0274554
0.0258317
0.0279428
0.0280749
0.0260681
0.0272089
0.0231157
0.0246758
0.0197664
0.0214699
0.0160801
0.0179705
0.0141568
-0.34026
0.15221
-0.189612
-0.178319
-0.136119
-0.27004
-0.476549
0.249629
0.159049
-0.113588
-0.0177893
0.00865077
0.0147569
-0.431523
-0.127126
-0.191888
-0.605546
0.0739531
-0.218109
0.025128
0.10267
0.105378
0.163508
0.173038
-0.428571
-0.387877
-0.524312
-0.601865
0.144582
0.0907764
-0.138674
0.178996
-0.252131
0.178473
0.215265
-0.159749
-0.367979
0.210105
-0.0678066
0.0103224
0.00726078
0.00862645
0.0134611
0.0118399
0.0167486
0.0150753
0.0201359
0.0184208
0.0236421
0.0218733
0.0272131
0.0254235
0.0307019
0.0289769
0.0338901
0.0323447
0.0365419
0.0352918
0.0384812
0.0376023
0.039655
0.0391565
0.0401433
0.0399707
0.0401153
0.0401767
0.0397727
0.0399666
0.0392948
0.0395358
0.0388271
0.0390475
0.0384719
0.0386256
0.0382951
0.0383532
0.0383317
0.0382804
0.038588
0.038428
0.0390377
0.0387865
0.0396171
0.0393117
0.0402233
0.0399198
0.0407197
0.0404897
0.0409517
0.0408735
0.0407718
0.0409162
0.040072
0.040486
0.0388175
0.0395076
0.0370731
0.0379938
0.0350155
0.0360646
0.0329297
0.0339523
0.0311907
0.03199
0.0302304
0.0305857
0.0304968
0.030184
0.0324349
0.0312301
0.0365156
0.0341787
0.0432021
0.0395071
0.0529193
0.0476555
0.0660481
0.0590391
0.0823556
0.0739045
0.099948
0.0911593
0.0985188
0.100414
0.0959611
0.0969846
0.0956377
0.0955109
0.09818
0.0965092
0.104711
0.100883
0.117047
0.110046
0.138762
0.126262
0.177733
0.15559
0.241805
0.206075
0.250908
0.269032
0.222324
0.235453
0.202868
0.211602
0.190156
0.195854
0.182117
0.185648
0.17769
0.179511
0.176214
0.17663
0.177185
0.176438
0.180085
0.178435
0.143897
0.153721
0.125486
0.134425
0.109614
0.117181
0.0964585
0.102703
0.0855538
0.0907518
0.0765347
0.0808243
0.0691646
0.0726585
0.063249
0.0660356
0.058665
0.0607988
0.0553005
0.0568403
0.0530187
0.0540348
0.051676
0.0522399
0.0511249
0.0513112
0.0512121
0.0510977
0.0517826
0.0514453
0.0526757
0.0521972
0.053717
0.0531866
0.0547135
0.0542304
0.0554559
0.0551263
0.0557353
0.0556621
0.055375
0.0556403
0.0542722
0.0549156
0.0524356
0.0534369
0.0499853
0.0512721
0.0471294
0.0485889
0.0441088
0.0456196
0.0411377
0.0426005
0.0383637
0.039715
0.0358568
0.0370701
0.0336288
0.0347041
0.0316566
0.0326084
0.0299049
0.0307521
0.0283294
0.0290961
0.0268899
0.0275977
0.0254906
0.026189
0.0240087
0.0247672
0.022254
0.023171
0.0200197
0.021189
0.0171474
0.0186418
0.013656
0.0154474
0.0143385
0.0127327
0.0136264
0.0154298
0.0149494
0.015851
0.0157683
0.0143307
0.0154465
0.00796748
0.0119758
-0.0076156
0.00168033
-0.0365155
-0.0203998
-0.0759937
-0.0554555
-0.114877
-0.0966316
-0.13676
-0.128765
-0.132646
-0.137997
-0.106314
-0.12156
-0.070413
-0.0886499
-0.0329113
-0.0498192
-0.00542733
-0.018004
0.0127536
0.00491922
0.0226123
0.0185595
0.0265274
0.0251721
0.0266423
0.0269401
0.0245496
0.025783
0.0214547
0.0230677
0.0180547
0.0197683
0.0145217
0.0163131
0.010863
0.0126773
0.0072918
0.00908926
-0.441946
-0.0835633
-0.195643
-0.234451
-0.160597
-0.278829
-0.527806
0.279564
0.167152
-0.168844
-0.0363237
0.108438
0.182153
0.0117024
0.00525803
-0.329422
-0.539723
-0.631423
0.0250829
0.114429
0.223278
0.342164
0.337912
0.0457378
-0.352333
-0.197623
-0.159168
-0.653353
0.326207
0.380318
0.419387
0.413977
0.337142
-0.204088
-0.396739
0.232214
0.398672
0.462901
0.519718
0.550536
0.463502
0.545745
0.50973
-0.107432
-0.642682
-0.219278
-0.360483
-0.208095
0.0239562
0.403872
0.283249
0.154589
0.0320607
-0.666092
-0.553317
-0.56205
-0.54618
-0.508443
0.00443775
0.00614143
0.00769672
0.00933364
0.0110204
0.0127063
0.0143462
0.0159721
0.0176161
0.0192524
0.0208418
0.0223325
0.0236457
0.0246587
0.0252215
0.0251648
0.0242422
0.0221647
0.0186482
0.0134071
0.00615697
-0.00335051
-0.0151348
-0.0291883
-0.0453137
-0.0632824
-0.0810649
-0.0979907
-0.112683
-0.123533
-0.129107
-0.128482
-0.121548
-0.109035
-0.0923721
-0.0727064
-0.0537
-0.0360364
-0.0209216
-0.008962
-0.000226425
0.00566673
0.00954703
0.0118487
0.0130068
0.0134307
0.0133889
0.0131059
0.0126949
0.0121708
0.011535
0.0107577
0.00972363
0.00858359
0.0105128
0.0124146
0.0142538
0.0160101
0.0175944
0.019043
0.0203137
0.0214281
0.0224063
0.0232833
0.0240815
0.0248311
0.0255506
0.0262613
0.0269748
0.0277068
0.0284709
0.0292615
0.0300981
0.030984
0.0319243
0.0329264
0.0339938
0.0351324
0.0363435
0.0376284
0.0389829
0.0404003
0.0418679
0.0433685
0.0448793
0.0463748
0.0478267
0.0492015
0.0504675
0.0515976
0.0525661
0.053358
0.0539604
0.0543734
0.0545989
0.054652
0.0545473
0.0543107
0.0539645
0.0535401
0.0530623
0.0525631
0.0520665
0.0516022
0.0511912
0.0508593
0.0506245
0.0505085
0.0505267
0.0506974
0.0510343
0.0515531
0.0522667
0.0531884
0.0543304
0.0557045
0.0573233
0.059198
0.0613412
0.0637623
0.066473
0.0694848
0.0728159
0.0764894
0.0805369
0.0849961
0.0899113
0.0953354
0.101333
0.107998
0.115414
0.123644
0.1327
0.142579
0.152987
0.163668
0.174259
0.184441
0.194029
0.190704
0.187799
0.185471
0.183776
0.18272
0.182402
0.182842
0.184074
0.186163
0.189176
0.193206
0.198352
0.204759
0.212612
0.222162
0.233589
0.246846
0.262206
0.28218
0.310658
0.343007
0.374764
0.408186
0.443993
0.476519
0.499071
0.502612
0.480553
0.441369
0.393711
0.344369
0.298504
0.257986
0.224525
0.196763
0.174511
0.15662
0.142271
0.131059
0.122365
0.115629
0.110525
0.106785
0.104233
0.102673
0.102021
0.10216
0.103049
0.10455
0.10666
0.109308
0.112597
0.116413
0.120968
0.111834
0.102113
0.0922793
0.0826137
0.073507
0.0653783
0.0582367
0.0520884
0.0468815
0.0425424
0.0389941
0.0361599
0.0339663
0.0323415
0.0312176
0.0305308
0.0302235
0.0302424
0.0305373
0.0310589
0.0317578
0.0325869
0.033499
0.0344523
0.0354054
0.0363247
0.0371776
0.0379412
0.0385937
0.0391243
0.0395234
0.0397918
0.0399316
0.0399537
0.0398699
0.039698
0.0394556
0.0391642
0.0388429
0.0385128
0.038191
0.0378948
0.0376366
0.0374285
0.0372766
0.0371873
0.0371606
0.0371981
0.0372944
0.0374471
0.0376463
0.0378858
0.0381516
0.0384334
0.0387125
0.0389744
0.0391958
0.0393578
0.0394336
0.0394014
0.0392338
0.038911
0.038412
0.0377257
0.0368447
0.035772
0.0345184
0.0331016
0.0315492
0.0298859
0.0281492
0.0263583
0.0245534
0.0227333
0.0209507
0.0191698
0.0174562
0.015718
0.0140763
0.0123399
0.0107986
0.0090561
0.00772621
0.00579855
0.00492826
0.00239446
0.00251527
0.00240223
-0.192131
-0.261892
-0.554558
-0.29253
-0.632834
0.402411
0.169999
0.317693
0.485333
0.566237
0.617804
0.609507
-0.0585963
-0.260304
-0.160889
0.541357
0.262454
0.487153
-0.624089
-0.625601
-0.412578
-0.230936
0.000726385
-0.000170085
-0.621151
-0.696307
-0.679087
-0.29973
-0.646321
0.00131656
0.00384904
0.00512499
0.0068844
0.00826835
0.0100402
0.0116234
0.0133682
0.0150196
0.0167728
0.0184968
0.0202873
0.0220716
0.0238922
0.0256912
0.0274773
0.0292059
0.0308622
0.032407
0.0338212
0.0350739
0.0361522
0.0370408
0.0377408
0.038254
0.0385936
0.0387737
0.0388178
0.0387468
0.0385864
0.0383574
0.0380834
0.0377828
0.0374761
0.0371778
0.0369043
0.0366665
0.0364768
0.0363418
0.0362703
0.0362642
0.0363278
0.0364574
0.0366515
0.0368997
0.0371942
0.0375174
0.0378558
0.0381863
0.0384917
0.0387465
0.0389341
0.0390312
0.0390257
0.0389011
0.0386534
0.0382762
0.0377761
0.0371584
0.0364408
0.0356398
0.0347829
0.0338961
0.0330145
0.0321712
0.0314066
0.030758
0.030269
0.029979
0.0299337
0.0301749
0.0307546
0.031724
0.0331522
0.0351092
0.0376895
0.0409842
0.0451112
0.0501779
0.0563174
0.0636292
0.0721927
0.0818552
0.0925408
0.103812
0.115108
0.125727
0.0702068
0.696016
0.743545
0.224443
-0.0946342
-0.370762
0.487232
0.676083
0.169929
0.37101
0.619077
0.372179
-0.603833
-0.646586
0.00176516
0.00186268
0.00391709
0.00514794
0.0064193
0.00787059
0.00936564
0.0108664
0.0123585
0.0138714
0.0154268
0.0170057
0.0185767
0.0200849
0.0214579
0.0225826
0.0233225
0.0234954
0.0228511
0.0211276
0.0180795
0.013456
0.007027
-0.00137622
-0.0118215
-0.0242498
-0.038445
-0.0539237
-0.069644
-0.0846284
-0.0976619
-0.107375
-0.112541
-0.112321
-0.106577
-0.0958741
-0.0814556
-0.0648621
-0.0482365
-0.0328343
-0.0196521
-0.00917769
-0.00143476
0.00362558
0.00723093
0.00934606
0.0104267
0.0108406
0.0108543
0.0106309
0.0102996
0.00987502
0.00931745
0.00863401
0.00778912
0.00677824
0.00567614
0.0073427
0.00916697
0.0111029
0.0130642
0.0149749
0.0166634
0.0181994
0.0195297
0.0207159
0.0217504
0.0226832
0.0235246
0.0243125
0.0250589
0.0257906
0.0265164
0.0272542
0.0280088
0.028804
0.0296341
0.0305102
0.0314375
0.0324248
0.0334758
0.0345973
0.0357902
0.0370568
0.0383922
0.0397906
0.0412383
0.0427192
0.0442094
0.0456841
0.0471125
0.0484644
0.0497075
0.0508147
0.0517608
0.0525297
0.0531094
0.0534993
0.0537027
0.0537337
0.053609
0.0533535
0.0529925
0.0525567
0.0520743
0.0515775
0.0510937
0.0506527
0.0502786
0.049997
0.0498275
0.0497911
0.0499026
0.0501783
0.0506292
0.0512673
0.0521008
0.0531379
0.0543853
0.0558484
0.0575339
0.0594461
0.0615915
0.0639739
0.066601
0.0694806
0.0726283
0.0760652
0.0798233
0.0839474
0.0884949
0.0935433
0.0991828
0.105533
0.112724
0.12089
0.130109
0.140372
0.151536
0.163248
0.175244
0.186888
0.197905
0.208259
0.202962
0.198549
0.194773
0.191772
0.189586
0.188223
0.187766
0.188204
0.189552
0.19186
0.195196
0.199635
0.205278
0.212249
0.220723
0.230864
0.242782
0.256721
0.273237
0.293573
0.317827
0.344182
0.371146
0.400289
0.429006
0.452327
0.464811
0.465556
0.448681
0.41891
0.381396
0.340446
0.302913
0.268061
0.237307
0.210663
0.188481
0.169957
0.154725
0.142381
0.132497
0.124669
0.118597
0.114036
0.110796
0.108703
0.107665
0.107573
0.108356
0.109938
0.112272
0.115362
0.119197
0.123741
0.128919
0.134992
-0.560545
-0.309699
-0.249135
-0.279978
-0.411321
-0.00068187
0.000348581
0.00261274
0.00444464
0.00620718
0.00784302
0.00956014
0.0112174
0.0129342
0.0146154
0.0163559
0.0180888
0.0198674
0.021647
0.0234461
0.02523
0.0269935
0.0286979
0.0303272
0.0318501
0.0332468
0.0344896
0.035565
0.0364588
0.0371707
0.0377042
0.0380662
0.0382696
0.0383356
0.0382851
0.0381401
0.0379213
0.0376512
0.0373484
0.0370328
0.0367198
0.0364258
0.0361633
0.0359449
0.0357792
0.0356749
0.0356362
0.0356671
0.035766
0.0359309
0.0361533
0.0364244
0.0367286
0.0370507
0.0373697
0.0376664
0.037918
0.0381048
0.0382068
0.0382086
0.038097
0.037865
0.0375097
0.0370347
0.0364486
0.0357658
0.0350055
0.034191
0.0333493
0.0325101
0.0317053
0.0309679
0.0303317
0.0298312
0.0295006
0.029376
0.0294936
0.0298972
0.0306339
0.0317716
0.0333872
0.0355944
0.0385123
0.0423026
0.0471203
0.0531683
0.0606147
0.0695846
0.0800597
0.0919796
0.105007
0.118724
0.131882
0.143285
0.152409
0.143019
0.136199
0.130393
0.125095
0.120632
0.117078
0.114443
0.112747
0.112017
0.112291
0.113636
0.116145
0.119921
0.125115
0.13191
0.140523
0.151229
0.164331
0.180077
0.198674
0.220375
0.245523
0.274086
0.305609
0.33914
0.371704
0.4012
0.424047
0.438147
0.439414
0.431212
0.414942
0.393525
0.369219
0.34516
0.322142
0.300235
0.28065
0.263981
0.249765
0.237527
0.227029
0.218148
0.210772
0.20477
0.200033
0.19647
0.194
0.192588
0.192198
0.192818
0.194463
0.197132
0.200847
0.205609
0.211298
0.218109
0.215167
0.00444436
0.00588621
0.00789184
0.00998935
0.0121746
0.0141151
0.0159173
0.0175038
0.018913
0.0201539
0.0212506
0.022233
0.0231226
0.0239483
0.0247285
0.0254847
0.0262315
0.0269836
0.0277514
0.0285477
0.029377
0.0302497
0.0311725
0.0321501
0.0331894
0.0342951
0.03547
0.0367138
0.0380238
0.039392
0.0408076
0.0422523
0.0437067
0.0451429
0.0465355
0.0478507
0.0490634
0.0501409
0.0510658
0.0518143
0.0523823
0.0527599
0.0529585
0.0529824
0.0528563
0.0525961
0.0522352
0.0517964
0.0513167
0.0508207
0.0503455
0.0499139
0.0495598
0.049302
0.0491693
0.049175
0.049342
0.0496785
0.0502018
0.0509144
0.0518287
0.0529427
0.0542644
0.055789
0.0575218
0.059456
0.0615959
0.0639333
0.066475
0.0692144
0.0721695
0.0753427
0.0787784
0.0825026
0.0866116
0.0911716
0.0963464
0.10224
0.109095
0.117058
0.126416
0.137044
0.148981
0.161987
0.175569
0.189297
0.20272
0.00312968
0.0042003
0.00093942
0.00140429
0.00322678
0.00401503
0.00507061
0.00628185
0.00751349
0.00875638
0.0100254
0.0113344
0.0126902
0.0140799
0.0154892
0.0168821
0.0182057
0.0193702
0.0202474
0.0206675
0.0203915
0.0191913
0.0168368
0.0130978
0.00778256
0.00077745
-0.00795188
-0.0182921
-0.0300071
-0.0426266
-0.0554415
-0.0676011
-0.0781199
-0.0859338
-0.0900981
-0.0899649
-0.0854237
-0.0769184
-0.0654607
-0.0523518
-0.0390889
-0.0267878
-0.0162551
-0.00787063
-0.0016595
0.00261867
0.00549342
0.00719451
0.00804333
0.00838521
0.00841058
0.00823483
0.00798039
0.00763537
0.00718867
0.00661011
0.00593377
0.00511409
-0.607166
0.492302
0.317816
0.581303
-0.234447
0.713457
-0.518831
-0.621836
0.470428
0.258404
0.333585
0.657457
0.00283128
0.116614
-0.155685
0.00075765
0.00315417
-0.000471452
-0.00155173
-0.324828
-0.538717
0.238102
0.162623
0.161448
-0.586716
0.169432
0.24781
0.00473486
-0.371215
-0.0863791
0.584692
0.392518
0.487994
-0.576724
0.00358348
0.00315382
0.00456913
0.00406735
0.0053299
0.0049852
0.00577544
0.00558248
0.0058407
0.00587214
0.00494178
0.00557013
0.00161139
0.00369901
-0.00604437
-0.00153575
-0.0196239
-0.012066
-0.0378952
-0.0283976
-0.055395
-0.0471812
-0.0647419
-0.0614172
-0.0619211
-0.0648059
-0.0487479
-0.0562798
-0.0304777
-0.0398583
-0.012291
-0.0210845
0.00233036
-0.00439289
0.0119316
0.00778199
0.0166206
0.0148325
0.0174946
0.0174357
0.0160268
0.0169443
0.0135999
0.0148593
0.0110387
0.0122947
0.00870102
0.00982628
0.00662417
0.00762719
0.00472144
0.00565312
0.00299385
0.0038031
0.00124294
0.0024003
0.00107245
0.208228
0.224231
0.175375
0.191709
0.145508
0.159852
0.121693
0.132712
0.104861
0.112479
0.093168
0.0985218
0.0845201
0.0885625
0.0775586
0.0808895
0.0715274
0.0744527
0.0661525
0.068763
0.0614089
0.0636992
0.0573537
0.0592911
0.0540517
0.0556053
0.0515464
0.0526979
0.0498492
0.0505976
0.048931
0.0492963
0.048716
0.0487423
0.049078
0.0488348
0.0498417
0.0494225
0.0507919
0.0503084
0.0516882
0.0512625
0.0522877
0.05204
0.0523767
0.0524078
0.0518064
0.0521804
0.0505229
0.0512536
0.0485816
0.0496276
0.0461345
0.0474095
0.0433922
0.0447867
0.0405716
0.0419797
0.0378494
0.0391899
0.0353373
0.0365631
0.0330809
0.0341767
0.0310757
0.032049
0.0292797
0.0301525
0.0276422
0.0284461
0.026095
0.0268625
0.0245491
0.0253294
0.0228807
0.0237405
0.0209282
0.0219531
0.0184986
0.0197867
0.0154063
0.0170399
0.0115532
0.0135412
0.00708325
0.00922215
0.00443168
0.143542
0.15136
0.129979
0.136248
0.120809
0.124824
0.116098
0.11791
0.115803
0.115402
0.120195
0.117389
0.130036
0.124381
0.146546
0.137375
0.171347
0.157818
0.206015
0.18738
0.251376
0.227394
0.305892
0.277751
0.362662
0.334892
0.406212
0.38727
0.420518
0.417721
0.402862
0.41505
0.365725
0.385845
0.324128
0.344866
0.285738
0.304222
0.254804
0.269227
0.231587
0.242339
0.2148
0.222452
0.203613
0.208562
0.197332
0.199901
0.195564
0.195903
0.198264
0.196351
0.205744
0.201388
0.218879
0.21149
0.227696
0.138415
0.152416
0.105364
0.121702
0.0771649
0.0902591
0.056562
0.0658484
0.0433359
0.0490854
0.0355967
0.038893
0.0313938
0.033133
0.029369
0.0301611
0.0286962
0.0288894
0.0289463
0.0287187
0.0298633
0.0293313
0.0312295
0.0305007
0.0328218
0.0320086
0.0344141
0.0336285
0.0358007
0.0351413
0.0368238
0.0363618
0.0373973
0.037166
0.0375187
0.0375088
0.0372642
0.0374287
0.0367682
0.0370347
0.0361912
0.0364783
0.0356851
0.0359199
0.0353648
0.0354956
0.035294
0.0352957
0.0354835
0.0353568
0.0358992
0.0356662
0.0364697
0.0361701
0.0370928
0.0367818
0.0376408
0.037384
0.0379649
0.0378403
0.0379026
0.0379886
0.037296
0.0376751
0.0360267
0.0367393
0.0340695
0.0351332
0.0314682
0.0328409
0.0283757
0.0299696
0.0249733
0.0267015
0.021443
0.0232169
0.0179125
0.0196761
0.0144466
0.0161777
0.0110462
0.0127515
0.00767193
0.00938511
0.00396079
0.00593432
-0.000470911
0.0017818
-0.00368989
-0.00237657
-0.407118
-0.000109525
-0.000328399
0.186918
0.260742
0.183972
0.26343
-0.00386685
-0.00373414
-0.00692643
0.00156407
-0.000973232
0.005812
0.00381097
0.00935167
0.007647
0.0127582
0.0110542
0.016189
0.0144644
0.0196729
0.0179226
0.0231805
0.021427
0.0266195
0.0249164
0.0298407
0.0282653
0.0326576
0.0313096
0.0349159
0.0338633
0.0365226
0.0358022
0.037446
0.0370587
0.0377947
0.0376852
0.0376741
0.0377812
0.0372472
0.0374886
0.0366664
0.0369657
0.0360655
0.0363592
0.0355605
0.0357948
0.0352352
0.0353706
0.0351451
0.0351585
0.0353013
0.0351929
0.0356669
0.0354615
0.0361545
0.0359018
0.0366345
0.0364035
0.0369568
0.0368234
0.0369796
0.0370116
0.0366023
0.0368431
0.0357909
0.0362481
0.0345897
0.0352313
0.0331175
0.0338758
0.0315492
0.0323314
0.0300888
0.0307911
0.0289404
0.0294624
0.028287
0.0285403
0.0282931
0.0281956
0.0291652
0.0285999
0.0313336
0.0300379
0.0358237
0.0331774
0.0447431
0.0395365
0.0610981
0.0517806
0.0866706
0.0728105
0.122343
0.103388
0.160418
0.142218
0.175238
0.235223
0.248649
0.215761
0.224244
0.204258
0.209183
0.198703
0.200826
0.198098
0.197814
0.202166
0.199551
0.21106
0.20599
0.225277
0.217467
0.245475
0.234592
0.272377
0.258045
0.306259
0.288494
0.344319
0.3251
0.380684
0.363321
0.404215
0.394742
0.405054
0.408114
0.378594
0.394848
0.332849
0.357379
0.279926
0.306389
0.231477
0.254701
0.192013
0.210555
0.162048
0.175872
0.140929
0.150465
0.127307
0.133279
0.119862
0.122888
0.117651
0.118144
0.120236
0.118358
0.127719
0.123335
0.140803
0.133491
0.160612
0.149853
0.173199
0.0041538
0.00251371
0.00884489
0.00670376
0.0132347
0.0111912
0.0167935
0.0151241
0.0196021
0.018282
0.021828
0.0207747
0.0236645
0.0227821
0.0252892
0.024493
0.0268451
0.026068
0.0284413
0.0276326
0.0301594
0.0292799
0.0320532
0.0310872
0.0341701
0.033081
0.0365333
0.0353213
0.0391199
0.037802
0.0418522
0.0404752
0.0445889
0.0432309
0.0471387
0.0459
0.0492937
0.0482775
0.0508771
0.050165
0.051787
0.0514184
0.0520216
0.0519844
0.0516785
0.0519124
0.0509341
0.051343
0.0500125
0.0504805
0.0491528
0.0495602
0.0485825
0.0488183
0.0484985
0.0484692
0.0490545
0.0486891
0.0503548
0.0496073
0.0524535
0.0513031
0.0553584
0.0538067
0.0590353
0.0571042
0.0634125
0.0611422
0.0683901
0.0658331
0.0738681
0.0710706
0.0798371
0.0767824
0.0865984
0.0830754
0.095188
0.0905508
0.107851
0.100819
0.12758
0.116647
0.156294
0.140801
0.193064
0.173832
0.23276
0.212824
0.250586
0.00061499
0.0010313
0.000965393
0.00145041
0.000768492
0.00238269
0.0018363
0.003575
0.00296936
0.0048829
0.00420627
0.00636242
0.0055945
0.00805877
0.00717327
0.00996411
0.00898796
0.0116645
0.0108752
0.0122739
0.0121602
0.0107687
0.0118339
0.00626399
0.00892058
-0.00161893
0.00272949
-0.0122769
-0.00668152
-0.0238933
-0.0181063
-0.0336652
-0.0291789
-0.0384663
-0.036824
-0.0362218
-0.0382131
-0.0277051
-0.032522
-0.0166021
-0.0221592
-0.00698399
-0.0114015
-0.000793551
-0.00343186
0.00225662
0.00105149
0.0033189
0.00296471
0.00348485
0.00346274
0.00330635
0.00341913
0.00293726
0.00314825
0.00237586
0.00266757
0.00181268
0.00212552
0.00100906
-0.545278
-0.00460978
-0.319009
-0.648891
-0.0121076
-0.959052
-0.686561
-0.806773
-0.683468
-0.610208
-0.582841
0.716557
0.836924
0.882585
0.781584
0.596596
-0.327884
-0.338567
-0.420874
-0.381657
-0.585515
-0.188912
0.153623
0.00213899
-0.0935492
-0.00964436
-0.00460467
-0.0011107
0.00182268
0.0040116
0.00602899
0.00777819
0.00948669
0.0111814
0.0128731
0.0145643
0.0162689
0.0179821
0.0197088
0.0214395
0.023168
0.0248767
0.0265536
0.0281782
0.029732
0.031189
0.0325282
0.0337309
0.0347828
0.0356735
0.0363977
0.0369527
0.0373517
0.0376062
0.0377293
0.0377338
0.0376388
0.0374637
0.0372278
0.0369494
0.0366437
0.0363338
0.036031
0.0357495
0.0355011
0.035296
0.0351402
0.0350395
0.0349972
0.0350148
0.0350885
0.0352137
0.03538
0.0355768
0.0357879
0.0359984
0.0361881
0.0363405
0.0364354
0.0364582
0.0363926
0.0362302
0.0359618
0.0355881
0.0351091
0.0345355
0.0338768
0.0331524
0.0323793
0.0315831
0.0307846
0.0300118
0.0292849
0.0286302
0.0280635
0.027606
0.0272668
0.0270626
0.027
0.0271013
0.0273908
0.0279291
0.0288075
0.0301932
0.0323274
0.0355644
0.0403453
0.0471882
0.0565906
0.0688732
0.0840933
0.102927
0.125228
0.151111
0.177922
0.200974
0.221282
0.278889
0.257086
0.240189
0.227325
0.217983
0.210909
0.205695
0.202081
0.199856
0.198911
0.19918
0.20064
0.203289
0.207162
0.212306
0.218793
0.226698
0.236115
0.247134
0.259843
0.274257
0.290264
0.307481
0.325495
0.343804
0.361463
0.377612
0.390679
0.399298
0.402139
0.398708
0.389068
0.373459
0.35321
0.32985
0.305122
0.280291
0.256211
0.233496
0.212706
0.194154
0.177969
0.164068
0.152346
0.142652
0.134837
0.128727
0.124185
0.121071
0.119287
0.118762
0.119464
0.121397
0.124613
0.129203
0.135341
0.14342
0.153892
0.167561
0.185128
0.207676
0.262663
-0.00157488
-0.00269061
0.00035794
0.00321181
0.00625665
0.00874209
0.0110827
0.0131638
0.0150563
0.0167441
0.0182482
0.0195861
0.0207779
0.0218486
0.0228181
0.0237113
0.0245471
0.0253463
0.0261249
0.0268988
0.0276804
0.0284812
0.0293094
0.030172
0.0310703
0.0320378
0.0330548
0.0341285
0.0352615
0.0364531
0.0376994
0.0389929
0.0403225
0.0416728
0.0430251
0.0443572
0.045645
0.0468628
0.0479854
0.0489893
0.0498542
0.0505641
0.0511087
0.0514833
0.0516904
0.0517378
0.0516398
0.0514151
0.0510874
0.0506826
0.0502296
0.0497574
0.0492963
0.0488748
0.0485214
0.0482612
0.0481191
0.0481149
0.0482681
0.0485924
0.0491012
0.0498018
0.0507015
0.0518012
0.0531025
0.0546004
0.0562908
0.0581624
0.0602055
0.0624027
0.0647383
0.06719
0.0697399
0.0723681
0.0750687
0.0778484
0.080751
0.0838661
0.0873603
0.0914901
0.0966221
0.103215
0.111787
0.122817
0.13668
0.153524
0.173234
0.195402
0.219561
0.243897
0.265725
0.290197
0.341522
0.0253689
0.0154111
0.00483219
0.00173668
0.000660884
0.000711336
0.000743861
0.000966152
0.00119259
0.00142833
0.00169135
0.00198499
0.00231468
0.00269781
0.00313821
0.00364088
0.00418102
0.00472925
0.00522567
0.00565256
0.00593889
0.00604243
0.00589409
0.00546168
0.00468852
0.00358137
0.00212906
0.00038837
-0.00158992
-0.00370649
-0.00585352
-0.00790754
-0.00973642
-0.0112307
-0.0122717
-0.0127981
-0.0127459
-0.0121476
-0.0110373
-0.00956624
-0.00785236
-0.00610372
-0.00442887
-0.00297951
-0.00177456
-0.000850375
-0.000166851
0.000308888
0.000631248
0.000817253
0.000934304
0.000991343
0.00100849
0.000984431
0.000931121
0.000850728
0.000784191
0.000795127
0.00109515
0.00227003
0.00591533
0.0135895
0.0105156
-0.564545
-0.261361
0.263229
0.00632898
)
;

boundaryField
{
    frontandback
    {
        type            empty;
    }
    walls
    {
        type            zeroGradient;
    }
    diamond
    {
        type            zeroGradient;
    }
    inlet
    {
        type            zeroGradient;
    }
    outlet
    {
        type            fixedValue;
        value           uniform 0;
    }
}


// ************************************************************************* //
