/*--------------------------------*- C++ -*----------------------------------*\
  =========                 |
  \\      /  F ield         | OpenFOAM: The Open Source CFD Toolbox
   \\    /   O peration     | Website:  https://openfoam.org
    \\  /    A nd           | Version:  10
     \\/     M anipulation  |
\*---------------------------------------------------------------------------*/
FoamFile
{
    format      ascii;
    class       volScalarField;
    location    "5.5";
    object      p;
}
// * * * * * * * * * * * * * * * * * * * * * * * * * * * * * * * * * * * * * //

dimensions      [0 2 -2 0 0 0 0];

internalField   nonuniform List<scalar> 
8711
(
-0.000937802
-0.00129426
-0.000121568
-0.0448521
-0.0479948
-0.0573152
0.0498183
0.0504017
0.700707
0.699034
0.492183
0.248613
0.0547553
0.0547197
0.0802662
0.0812683
-0.0577546
-0.0639612
-0.0718094
0.00492017
0.00497145
0.00265586
0.00280413
-0.00011591
-0.231175
-0.174898
-0.259516
-0.309659
-0.00542553
-0.00463052
-0.0037394
-0.415717
-0.457935
-0.294882
-0.32463
0.178815
0.169783
0.165072
0.172006
0.16427
0.209037
0.182962
-0.351256
-0.37032
0.331913
0.21528
-0.394662
-0.399226
-0.406268
0.00969904
0.00898362
0.00882637
0.00933591
0.00488787
0.0111533
0.0175546
0.0593826
0.0625658
0.0569743
0.0597383
0.0204438
0.0210123
0.0218773
0.0212749
0.0651492
0.0611487
0.0511768
0.00119873
0.00132907
0.00232615
0.0239069
0.0239163
0.0249976
0.0249458
0.056975
0.0571695
0.0491465
0.0488529
0.00165671
0.0140509
0.0147936
0.0179739
0.0178505
0.000912045
0.000674583
0.000610418
0.0607139
0.0617836
0.0751489
0.0782597
0.0229033
0.0179098
0.0255901
-0.0181212
-0.00701187
0.0611434
0.0781574
0.0793215
0.0647876
0.0399041
0.0414741
0.352209
0.344513
0.0518898
0.0492157
0.0467191
0.0444001
0.0422746
0.0403511
0.0385485
0.03687
0.0352585
0.0337504
0.032316
0.0309713
0.0296864
0.0284368
0.027236
0.0272134
0.0260901
0.0260857
0.0296238
0.0284011
0.0322598
0.0309101
0.0351716
0.0336732
0.0384563
0.036761
0.0421874
0.0402397
0.0464442
0.0442358
0.0516183
0.0489031
0.0542837
0.049175
0.0518089
0.0444303
0.0467257
0.0403651
0.0423225
0.0368624
0.0385491
0.0337458
0.0352836
0.0309574
0.0322959
0.028427
0.0296707
0.0260473
0.0272222
0.0249263
0.059069
0.0238731
0.0249535
0.0238623
0.0628084
0.0582424
0.0271701
0.0260312
0.0295358
0.0283328
0.0321329
0.0308062
0.0350127
0.0335475
0.0382377
0.0365704
0.0419499
0.0400358
0.0461609
0.0440115
0.0511262
0.0485688
0.0566851
0.0538734
0.0228319
0.0229083
0.0542698
0.0573426
0.0488723
0.0514497
0.0442337
0.0464923
0.0402301
0.042148
0.0367455
0.0384467
0.0336844
0.0351997
0.030856
0.0322281
0.0283616
0.0295813
0.0259992
0.0271701
0.0238817
0.0248859
0.0229986
0.022825
0.0624005
0.022937
0.0660092
0.0661783
0.0613773
0.0649468
0.0222223
0.0215754
0.0229736
0.0652863
0.0642592
0.0248829
0.023865
0.0270698
0.0259377
0.029403
0.028218
0.0319658
0.0306572
0.034797
0.0333608
0.0379653
0.0363426
0.0416118
0.0397217
0.0457134
0.0436228
0.0505333
0.0480702
0.0559874
0.0532785
0.0586548
0.0238133
0.0228672
0.0594928
0.067913
0.0663819
0.062876
0.053525
0.0564364
0.0484139
0.0509401
0.0438813
0.0460808
0.0399912
0.0418539
0.0365799
0.0382797
0.0335269
0.0350211
0.0307235
0.032089
0.0282591
0.0294717
0.02595
0.0270875
0.0248283
0.0219045
0.0217901
0.0220223
0.0220012
0.0660296
0.0695496
0.0692081
0.0728578
0.0710971
0.0227398
0.0219774
0.0691497
0.069917
0.064618
0.0700224
0.0680945
0.0717961
0.0736034
0.0745374
0.0771332
0.0784857
0.0758574
0.0799169
0.0247646
0.0237845
0.0269067
0.0257918
0.0292114
0.0280355
0.0317415
0.0304484
0.0345357
0.0331104
0.0376091
0.0360398
0.0411424
0.0393226
0.0451159
0.0430728
0.0497512
0.0473487
0.0550172
0.0523922
0.0604364
0.057782
0.0675512
0.0634512
0.0718997
0.0581933
0.0612621
0.0527026
0.0553882
0.0477258
0.0501508
0.0433542
0.0454988
0.0396318
0.0414279
0.0362811
0.0379425
0.033277
0.0347424
0.0305715
0.0318887
0.0281153
0.0293244
0.0258403
0.0269521
0.0237044
0.0247194
0.0218797
0.0227634
0.0208273
0.0206639
0.0210369
0.020935
0.0211251
0.0211125
0.0210366
0.0211088
0.0697874
0.0740573
0.0716826
0.0217232
0.0209079
0.0731385
0.074017
0.0727389
0.0755747
0.0760368
0.0781587
0.0807356
0.0819972
0.0225216
0.021637
0.0246078
0.0235738
0.0267185
0.0256288
0.0289804
0.0278217
0.0314623
0.0301954
0.0341939
0.0327984
0.0371927
0.0356611
0.0405668
0.0388299
0.0443673
0.0424143
0.0487227
0.0464705
0.0537042
0.0511595
0.0590397
0.0564149
0.0649448
0.0618635
0.0688186
0.0689098
0.0794326
0.0759918
0.0721147
0.0626209
0.0657
0.0568146
0.0596096
0.0515683
0.0541809
0.0468626
0.0491595
0.0427333
0.044735
0.0391439
0.0408911
0.0358914
0.0374824
0.0329771
0.034398
0.0303413
0.0316313
0.0279214
0.0291095
0.0256875
0.0267702
0.0235799
0.024602
0.022616
0.0198055
0.0200694
0.0199453
0.020198
0.020154
0.0202491
0.0202419
0.0202093
0.0202425
0.0201208
0.0739359
0.0201192
0.0196013
0.0814599
0.0207147
0.0777186
0.0787254
0.0808589
0.0826769
0.0192387
0.0831534
0.0852663
0.0840436
0.0861342
0.0196147
0.0199467
0.0223836
0.0214955
0.0243895
0.0233734
0.0264953
0.0254255
0.0287093
0.0275744
0.0311299
0.029896
0.0337775
0.0324259
0.0366827
0.0351982
0.0399057
0.0382536
0.0435082
0.0416598
0.0475589
0.0454776
0.0521291
0.0497793
0.0571431
0.0546477
0.0625373
0.0598954
0.0685684
0.0656008
0.0761693
0.0720427
0.0731699
0.0792487
0.0659468
0.0690739
0.0604047
0.0631432
0.0550918
0.0577251
0.0502406
0.0527432
0.0458801
0.0480048
0.0420074
0.0438903
0.0385596
0.0402422
0.0354434
0.0369654
0.0326267
0.0340032
0.0300579
0.0313176
0.0276919
0.0288527
0.0254927
0.026568
0.0234515
0.0244566
0.0215571
0.0224751
0.0207055
0.0850472
0.0793589
0.0191074
0.0187977
0.0190235
0.0192979
0.0191934
0.0193882
0.0193617
0.0194003
0.0194075
0.0193798
0.0194001
0.0193226
0.0786387
0.0826942
0.0837249
0.0185335
0.0196742
0.0184473
0.0859383
0.0880084
0.0879718
0.0909321
0.0871326
0.0913352
0.0830919
0.0831509
0.0906507
0.0187126
0.018079
0.0757895
0.0205023
0.0195835
0.0222425
0.0213686
0.0241672
0.0231722
0.0262276
0.0251894
0.0283994
0.0272919
0.0307505
0.0295536
0.0333042
0.0320023
0.0360942
0.0346697
0.0391619
0.0375938
0.0425548
0.0408179
0.0463105
0.0443903
0.0504589
0.048334
0.0550568
0.0527128
0.059929
0.0575066
0.0649964
0.0624042
0.0712722
0.0680834
0.0758591
0.0735823
0.0880753
0.082541
0.0790603
0.0689833
0.0757859
0.0727736
0.062412
0.0651941
0.0578583
0.0601001
0.0532176
0.0556325
0.0487907
0.0509832
0.0447941
0.0467452
0.0411759
0.0429437
0.0379039
0.0395027
0.0349336
0.036387
0.0322211
0.03355
0.0297292
0.0309525
0.0274227
0.0285569
0.0252792
0.026332
0.0232869
0.0242639
0.0214145
0.0223282
0.0205281
0.0183457
0.0182013
0.0185206
0.0184414
0.0185981
0.0185817
0.0185914
0.0186014
0.0185598
0.0185878
0.0185204
0.0837041
0.0186061
0.0194396
0.0184441
0.0880904
0.0893286
0.0913686
0.0939562
0.0930277
0.0970989
0.0914429
0.0781239
0.0867981
0.0973884
0.0960774
0.0921917
0.0850232
0.0698886
0.0674946
0.0749259
0.0203089
0.0194478
0.0220629
0.0211675
0.0239378
0.022969
0.0259345
0.0249209
0.0280527
0.0269774
0.0303274
0.0291709
0.0327815
0.0315324
0.0354433
0.0340866
0.038344
0.0368645
0.0415162
0.0398969
0.0449784
0.0432145
0.0487262
0.046818
0.0527943
0.050722
0.0570643
0.0549281
0.0611937
0.0592003
0.0661824
0.0638704
0.0689613
0.0678838
0.0699772
0.0686993
0.0802068
0.0713625
0.0701927
0.0643615
0.0668523
0.0589817
0.0615362
0.0552576
0.0572033
0.0512352
0.053361
0.0472624
0.0492067
0.0436219
0.0454086
0.040264
0.0419108
0.037187
0.0386941
0.0343666
0.0357498
0.0317666
0.033043
0.0293613
0.0305434
0.0271239
0.028225
0.0250349
0.026064
0.0230892
0.0240448
0.0212496
0.0221335
0.0203619
0.0173402
0.0171583
0.0172557
0.0175732
0.0174468
0.0177652
0.0176861
0.0178272
0.0178104
0.0178163
0.0178289
0.0177615
0.017795
0.017725
0.0177289
0.0175492
0.0176477
0.0893208
0.0940737
0.0954377
0.0973922
0.100301
0.0167496
0.0174873
0.0166707
0.0985717
0.0956381
0.0898415
0.0716549
0.0814726
0.10292
0.103315
0.100894
0.0947433
0.0856014
0.017061
0.065059
0.0729471
0.0618659
0.0164087
0.0163345
0.0184523
0.0177288
0.0201057
0.0192599
0.0218475
0.0209606
0.0236773
0.0227417
0.0256154
0.0246326
0.0276722
0.0266295
0.0298651
0.0287517
0.0322143
0.0310206
0.0347407
0.0334558
0.0374662
0.0360793
0.0404098
0.038912
0.0435756
0.0419682
0.0469416
0.0452369
0.0504884
0.0486964
0.0540985
0.0522996
0.0576178
0.0558629
0.0610002
0.0595006
0.0627605
0.0622886
0.061847
0.0625433
0.0566277
0.0599591
0.0635044
0.0706149
0.0609022
0.0627816
0.0624262
0.0632897
0.059688
0.0612609
0.0558398
0.0577793
0.0526638
0.0543247
0.0491558
0.0509437
0.0456653
0.0473864
0.042377
0.0439991
0.039288
0.0408086
0.0364153
0.0378269
0.0337499
0.0350602
0.03127
0.0324898
0.028958
0.0300959
0.0267945
0.0278602
0.0247642
0.0257649
0.0228592
0.0237873
0.0210372
0.0219174
0.0192024
0.0201311
0.0183244
0.0166325
0.0165291
0.0168592
0.0167456
0.0170187
0.0169516
0.0170755
0.0170574
0.0170621
0.0170778
0.0169831
0.0170293
0.0169076
0.0169356
0.0168415
0.0954842
0.0528636
0.0596593
0.0503976
0.100619
0.102017
0.0159756
0.0158832
0.103918
0.104004
0.0999258
0.092274
0.0815457
0.0576419
0.0681438
0.109216
0.108865
0.104631
0.0965311
0.0845493
0.0689723
0.0156814
0.015558
0.0168953
0.0165724
0.017398
0.0162842
0.106855
0.0182805
0.0175516
0.0198823
0.0190622
0.0216117
0.0207286
0.0233904
0.0224865
0.0252733
0.0243203
0.0272618
0.0262547
0.0293686
0.0283007
0.0316082
0.0304723
0.0339948
0.0327838
0.0365411
0.035249
0.0392535
0.0378782
0.0421231
0.0406718
0.0451169
0.0436083
0.0481753
0.0466445
0.0511604
0.0496865
0.0539329
0.0525767
0.0560937
0.0551388
0.056898
0.0569375
0.0547622
0.0563882
0.0492649
0.0524295
0.0542349
0.0429934
0.0461839
0.0523664
0.0526655
0.0430252
0.0484819
0.0564946
0.054991
0.0568238
0.0569216
0.0552262
0.0562416
0.052713
0.0540327
0.0500137
0.0513938
0.0470686
0.0485641
0.0440369
0.0455488
0.0410876
0.0425495
0.0382659
0.0396604
0.0355991
0.0369141
0.0330927
0.034328
0.0307376
0.0318984
0.0285231
0.029615
0.0264363
0.0274658
0.0244666
0.0254383
0.0225881
0.0235129
0.020797
0.0216733
0.019038
0.0199113
0.0182141
0.0159416
0.0158228
0.0161734
0.0160723
0.0162917
0.0162392
0.0163419
0.0163247
0.0163256
0.0163436
0.016225
0.0162886
0.0161133
0.0161677
0.0160589
0.102159
0.0157591
0.107525
0.110425
0.109316
0.103499
0.0935527
0.0800463
0.11578
0.114144
0.107857
0.0967761
0.063867
0.035559
0.0454574
0.0812962
0.0638417
0.0365996
0.0155817
0.108946
0.0471741
0.113785
0.0145844
0.0166104
0.0159846
0.0180857
0.0173252
0.0196623
0.0188612
0.0213422
0.0204883
0.0230838
0.0222042
0.0249091
0.0239862
0.0268259
0.0258564
0.0288431
0.0278224
0.0309698
0.0298934
0.0332138
0.032078
0.0355795
0.0343827
0.0380623
0.0368082
0.0406414
0.0393429
0.0432726
0.0419545
0.045874
0.0445842
0.0482955
0.0471151
0.0503541
0.0493837
0.0516208
0.0511023
0.0515565
0.0518275
0.0484727
0.0505489
0.0429901
0.0459169
0.0346699
0.0396277
0.0265353
0.0184073
0.0277968
0.0349065
0.0259559
0.0184463
0.0275941
0.0451625
0.0407015
0.0499968
0.0482366
0.0516502
0.0514517
0.0510547
0.0517301
0.0496286
0.0505492
0.047442
0.0485642
0.0450075
0.0462526
0.0423952
0.0437112
0.0397707
0.0410785
0.0372099
0.0384808
0.0347481
0.0359664
0.0324026
0.0335618
0.0301749
0.0312755
0.0280608
0.0291053
0.0260529
0.0270454
0.0241411
0.0250872
0.0223174
0.0232176
0.0205445
0.0214173
0.0188798
0.0197163
0.0172442
0.0180613
0.0156194
0.0164461
0.0150278
0.0148832
0.0152736
0.0151598
0.0154786
0.0153998
0.0155827
0.0155427
0.0156258
0.0156107
0.0156067
0.0156258
0.0155099
0.0155686
0.0153649
0.0154399
0.0152222
0.0153101
0.014965
0.0151158
0.014764
0.109211
0.114654
0.116859
0.114116
0.106041
0.0931081
0.122387
0.11906
0.10993
0.0765054
0.0571757
0.0357476
0.0954984
0.0774474
0.0583546
0.00745077
0.0143958
0.0369385
0.00651641
0.0140244
0.013902
0.0139548
0.0146946
0.0139558
0.116292
0.0144282
0.120934
0.0163708
0.0155802
0.0178703
0.0171132
0.019434
0.01863
0.0210599
0.0202368
0.0227581
0.0219019
0.0245252
0.0236332
0.0263684
0.0254377
0.0282937
0.0273213
0.0303055
0.0292895
0.0324059
0.0313455
0.0345917
0.0334895
0.0368494
0.0357137
0.0391478
0.0379966
0.0414319
0.0402959
0.0436063
0.0425397
0.0455175
0.0446025
0.0469468
0.0463074
0.0475005
0.0473468
0.0466323
0.0472881
0.0431147
0.0452197
0.0374098
0.0405643
0.0279446
0.0334696
0.0118834
0.0208672
-0.00767862
-0.0114008
0.000982752
0.0126507
-0.00543483
-0.00932951
0.00233658
0.0286072
0.0212945
0.0390761
0.0345948
0.0446857
0.0423457
0.047128
0.046239
0.047434
0.0474814
0.0465828
0.0471357
0.0449502
0.0458163
0.0429721
0.0439958
0.040749
0.0418794
0.0384377
0.0395966
0.0361303
0.0372807
0.033871
0.0349933
0.0316865
0.0327693
0.0295875
0.0306271
0.0275756
0.0285718
0.0256486
0.026603
0.0238005
0.0247164
0.022024
0.0229056
0.0203148
0.0211598
0.0186722
0.0194749
0.0170524
0.0178725
0.0154607
0.0162628
0.0148954
0.014366
0.014194
0.0146049
0.0145046
0.0147885
0.0147108
0.0148843
0.0148441
0.0149258
0.0149119
0.0149063
0.0149246
0.014818
0.0148715
0.014668
0.0147447
0.0145105
0.0146022
0.0142913
0.0144118
0.0141122
0.116617
0.121933
0.122994
0.118098
0.106958
0.128691
0.123143
0.0905663
0.070372
0.0473145
0.11097
0.0933361
0.0723397
0.0230057
0.0496092
-4.27436e-05
0.0233552
-0.0222168
-0.020503
-0.00192478
-0.0253235
-0.0239448
0.013173
0.0138624
0.0145661
0.0133311
0.123883
0.0132914
0.0133936
0.0142392
0.128386
0.0160885
0.0152907
0.0176266
0.0168838
0.0191803
0.0183905
0.0207679
0.0199677
0.022417
0.0215859
0.0241247
0.023264
0.0258932
0.0250017
0.0277253
0.0268019
0.0296217
0.0286662
0.0315789
0.0305936
0.0335876
0.0325783
0.0356264
0.0346054
0.0376563
0.0366455
0.0396129
0.0386481
0.0413923
0.0405311
0.0428384
0.0421648
0.0437198
0.0433624
0.0436826
0.0438304
0.0421704
0.0431447
0.0384526
0.0405647
0.0323267
0.0357639
0.0227927
0.0281847
0.00710069
0.0156134
-0.0134202
-0.00259043
-0.0403857
-0.0382038
-0.0252855
-0.0112659
-0.0364223
-0.0348341
-0.0227278
0.00864584
-0.000731382
0.0239484
0.0169482
0.0340453
0.0296629
0.0400647
0.0375632
0.0430062
0.0417973
0.0439774
0.0436763
0.0436639
0.0439357
0.0425467
0.0431712
0.0409808
0.0418051
0.0391175
0.0400746
0.0371038
0.0381209
0.0350392
0.0360739
0.0329772
0.0340056
0.0309519
0.031959
0.028981
0.0299597
0.0270721
0.0280194
0.0252276
0.0261427
0.0234457
0.0243298
0.021723
0.0225781
0.0200591
0.0208854
0.0184465
0.0192272
0.0168599
0.0176511
0.0154055
0.0160704
0.0148376
0.0136844
0.0135214
0.0139273
0.0138133
0.0140982
0.0140225
0.0141975
0.0141547
0.0142406
0.0142264
0.014223
0.0142395
0.0141446
0.0141918
0.0140064
0.0140794
0.0138439
0.0139323
0.0136769
0.013775
0.0135332
0.124272
0.01316
0.129116
0.128581
0.120827
0.134391
0.105913
0.0854098
0.0608361
0.126151
0.110597
0.0892702
0.0338096
0.0640306
0.0070392
0.0356124
-0.0172474
0.00629109
-0.0373174
-0.020317
-0.0473187
-0.0514642
-0.0416533
-0.0518996
-0.0560297
0.0124436
0.0126623
0.131672
0.0130109
0.0138343
0.135566
0.0144162
0.0129949
0.0136949
0.0158471
0.0151089
0.0173754
0.0166151
0.0189079
0.0181387
0.0204632
0.0196812
0.0220638
0.0212583
0.0237109
0.0228821
0.0254041
0.0245522
0.0271429
0.0262684
0.0289243
0.0280291
0.0307404
0.029829
0.0325761
0.0316573
0.0344042
0.0334933
0.0361796
0.0353015
0.037831
0.037025
0.0392503
0.0385755
0.0402802
0.0398214
0.0406928
0.0405738
0.0401662
0.040561
0.0381883
0.039381
0.0342614
0.036458
0.0280714
0.0314563
0.0185537
0.0238443
0.00441127
0.0120595
-0.0142442
-0.00449885
-0.0354576
-0.0245382
-0.0655491
-0.0594279
-0.0471765
-0.0702077
-0.0324638
-0.0597222
-0.0530245
-0.0428938
-0.0117883
-0.0220047
0.00624083
-0.00239053
0.02027
0.0138392
0.0299106
0.0255542
0.0359755
0.0333126
0.039295
0.0378853
0.0407498
0.040201
0.0409119
0.0409467
0.0402425
0.040652
0.0390499
0.0396937
0.0375159
0.0383136
0.0357808
0.0366646
0.0339467
0.034871
0.0320749
0.0330124
0.0302051
0.0311381
0.0283608
0.0292792
0.0265547
0.027453
0.0247931
0.0256687
0.0230782
0.0239303
0.0214102
0.0222387
0.01979
0.0205947
0.0181971
0.0189753
0.0166726
0.0174265
0.0152671
0.0159484
0.0145871
0.012495
0.0127579
0.0126447
0.0130001
0.0128645
0.0132521
0.0131328
0.0134214
0.0133454
0.0135246
0.0134799
0.0135695
0.0135546
0.0135549
0.0135695
0.0134846
0.0135267
0.0133605
0.0134278
0.0132095
0.0132845
0.0130603
0.0131402
0.0129112
0.131991
0.0123311
0.0123303
0.135885
0.132988
0.142218
0.121564
0.102094
0.0767051
0.138927
0.127362
0.10755
0.0470814
0.0811959
0.0163069
0.0504244
-0.0127738
0.0171172
-0.0375489
-0.0145813
-0.0557918
-0.0414308
-0.066938
-0.0604103
-0.0629364
-0.0721838
-0.0718618
-0.0776035
-0.0772682
-0.0702506
-0.0663861
0.0121602
0.0128232
0.139227
-0.0469928
-0.0548089
0.0142269
0.0135068
0.0156637
0.0149337
0.0171281
0.0163927
0.0186253
0.0178732
0.0201479
0.019384
0.0217008
0.0209207
0.0232871
0.0224902
0.024905
0.0240926
0.0265512
0.0257251
0.0282191
0.0273832
0.0298971
0.0290579
0.0315656
0.0307341
0.0331926
0.0323863
0.0347283
0.0339747
0.0360977
0.0354377
0.0371915
0.0366844
0.0378545
0.0375837
0.0378705
0.0379517
0.0369437
0.0375373
0.0346362
0.0359759
0.0305601
0.0328162
0.0243645
0.0277375
0.0152879
0.0202
0.00248996
0.00931579
-0.0140432
-0.00538725
-0.0325222
-0.0231447
-0.051276
-0.0421142
-0.0590364
-0.0293285
-0.0383234
-0.0113593
-0.0203707
0.0046778
-0.00307853
0.0173441
0.0114482
0.026369
0.022228
0.0323823
0.0296886
0.0359582
0.0344058
0.0377747
0.0370357
0.0383361
0.038172
0.0380472
0.0382708
0.0371899
0.0376709
0.0359546
0.0366071
0.0344777
0.0352372
0.0328611
0.033681
0.0311714
0.0320217
0.0294523
0.0303134
0.027732
0.0285913
0.0260275
0.0268774
0.0243485
0.0251847
0.0227005
0.0235207
0.0210863
0.0218894
0.0195061
0.0202924
0.0179516
0.0187186
0.0164624
0.0172075
0.0150501
0.0157689
0.0135482
0.0142924
0.0122295
0.0128747
0.0115196
0.0118527
0.0116941
0.0121233
0.0120058
0.0123523
0.0122303
0.0125949
0.0124808
0.0127629
0.0126871
0.0128669
0.0128219
0.0129124
0.0128971
0.0129007
0.0129135
0.0128359
0.0128747
0.0127217
0.0127842
0.0125758
0.0126501
0.0124053
0.0124973
0.0119982
0.0122481
0.0117108
0.011803
0.0115912
0.139412
-0.0729095
-0.0624342
0.141657
0.146155
0.135503
0.119356
0.0944688
0.141511
0.125702
0.0633267
0.100516
0.0285076
0.0679769
-0.00591317
0.0312464
-0.0364023
-0.00601396
-0.0599972
-0.0389647
-0.0750876
-0.063969
-0.0827009
-0.0795908
-0.0848656
-0.0883402
-0.0874062
0.011314
0.0109054
0.010687
0.0108057
-0.0831354
-0.084512
-0.0715565
-0.0702592
0.0126378
0.011972
0.0140273
0.0133267
0.0154346
0.0147165
0.0168778
0.016155
0.0183406
0.0176064
0.0198254
0.0190807
0.0213307
0.0205757
0.0228565
0.0220914
0.0243997
0.0236264
0.0259545
0.0251762
0.0275114
0.0267334
0.0290554
0.028286
0.0305632
0.0298153
0.0319995
0.0312923
0.0333113
0.0326736
0.0344219
0.0338953
0.0352235
0.0348661
0.0355665
0.0354582
0.0352496
0.0354975
0.0340025
0.0347523
0.0314612
0.0329015
0.0273013
0.0295829
0.0211889
0.0244973
0.0125856
0.0172021
0.000965061
0.00711294
-0.0134979
-0.00593578
-0.0298797
-0.0216511
-0.0447817
-0.0377931
-0.0581736
-0.0515452
-0.0639951
-0.0533935
-0.0594071
-0.0566813
-0.041381
-0.0481085
-0.0260041
-0.033884
-0.0104997
-0.0183383
0.00361429
-0.00320399
0.0149678
0.0096383
0.0233937
0.0194932
0.0292595
0.0265971
0.0329752
0.0313328
0.0350559
0.0341744
0.0359375
0.0356114
0.0359685
0.0360337
0.0354082
0.0357439
0.0344421
0.0349633
0.0332026
0.0338472
0.03179
0.0325115
0.0302733
0.0310405
0.0286993
0.0294908
0.0270995
0.0279011
0.0254945
0.0262968
0.0238971
0.0246944
0.0223155
0.0231041
0.0207543
0.0215324
0.0192154
0.0199824
0.0177075
0.0184554
0.0162408
0.0169702
0.0148042
0.0155104
0.0133637
0.01405
0.0120276
0.0126991
0.0114015
0.0112356
0.0110798
0.0114977
0.0113805
0.0117364
0.0116177
0.0119603
0.0118554
0.0121223
0.0120487
0.0122241
0.0121801
0.0122691
0.0122537
0.0122592
0.0122709
0.0121977
0.0122346
0.012088
0.0121483
0.0119365
0.0120171
0.0117326
0.0118433
0.0113566
0.0115787
0.011106
0.0112028
0.0109707
0.146033
0.145683
0.135074
0.0100645
-0.0767896
0.14763
0.113096
0.14105
0.0817698
0.11991
0.0440087
0.0882511
0.00405909
0.048747
-0.0332578
0.00600195
-0.07389
-0.06347
-0.0338222
-0.0818078
-0.0838913
-0.0660411
-0.0908849
-0.0759113
-0.0924423
-0.0949417
-0.0875806
-0.0969143
-0.0990342
-0.098561
-0.0986694
-0.0807206
0.0105966
-0.0655879
-0.0625093
0.0111311
0.0102042
0.151719
-0.0525413
0.15098
0.0104488
0.0103078
0.010092
0.012448
0.011776
0.0138187
0.013133
0.015202
0.0144997
0.0166205
0.0159092
0.0180526
0.0173348
0.0194984
0.0187739
0.0209559
0.020226
0.022422
0.0216882
0.0238917
0.0231568
0.025357
0.0246254
0.0268058
0.0260842
0.0282206
0.0275185
0.0295753
0.0289069
0.0308319
0.0302177
0.0319359
0.0314055
0.0328108
0.0324053
0.0333522
0.0331274
0.0334188
0.0334497
0.0328261
0.0332108
0.0313312
0.032199
0.0286337
0.0301374
0.0244587
0.0267305
0.0185198
0.0217128
0.0104313
0.0147466
-6.69802e-05
0.00544166
-0.0128026
-0.0061868
-0.0271075
-0.0198998
-0.0399175
-0.0339369
-0.0526828
-0.0462405
-0.058667
-0.0455747
-0.0487299
-0.0358138
-0.0414529
-0.0227276
-0.0296812
-0.00937927
-0.0161378
0.00292443
-0.00301788
0.0130829
0.00826996
0.0209085
0.0172571
0.0265559
0.023966
0.0303171
0.0286299
0.032581
0.0315969
0.0337123
0.0332572
0.0340105
0.0339418
0.0337101
0.0339177
0.0329848
0.033388
0.0319623
0.0325013
0.0307396
0.0313693
0.0293863
0.0300747
0.027951
0.0286759
0.0264677
0.0272134
0.0249595
0.0257155
0.0234421
0.0242012
0.0219258
0.0226833
0.0204175
0.0211704
0.0189225
0.0196681
0.0174488
0.018183
0.0159998
0.0167218
0.0145638
0.0152755
0.0131679
0.0138684
0.0118047
0.0124887
0.0111597
0.010626
0.0104764
0.0108941
0.010771
0.0111351
0.0110152
0.0113441
0.0112469
0.0114974
0.0114273
0.0115955
0.0115531
0.0116392
0.011624
0.01163
0.0116411
0.01157
0.0116061
0.0114611
0.0115214
0.0113023
0.0113882
0.0110846
0.0112013
0.0107536
0.0109393
0.0105072
0.0106227
0.0103579
0.151103
0.146919
-0.101939
0.00950138
0.00961775
0.13048
0.151098
0.101387
0.136231
0.0623907
0.10853
0.0174045
0.0691362
-0.026969
0.0221839
-0.060226
-0.0729357
-0.0654199
-0.0254611
-0.0852141
-0.0685956
-0.0851298
-0.0930162
-0.0662774
-0.0960427
-0.098736
-0.108863
-0.0953504
-0.106648
-0.109291
-0.114453
-0.111573
0.155018
-0.113319
-0.0579994
-0.049344
-0.0471926
0.00979096
0.0109667
0.0103478
0.0122528
0.0115832
0.0135924
0.0129123
0.0149665
0.0142765
0.0163591
0.0156611
0.0177614
0.0170594
0.0191692
0.0184648
0.0205792
0.0198742
0.0219865
0.0212835
0.0233842
0.022687
0.0247624
0.0240762
0.0261068
0.0254395
0.0273979
0.0267599
0.0286073
0.028014
0.0296956
0.0291683
0.0306079
0.030176
0.0312695
0.0309728
0.0315807
0.0314724
0.0314105
0.0315598
0.0305914
0.0310868
0.0289094
0.0298637
0.0261167
0.0276544
0.0219827
0.0242162
0.0162772
0.0193255
0.00874307
0.012734
-0.000701523
0.00422981
-0.0118377
-0.00609387
-0.0239984
-0.0178869
-0.0350934
-0.0298728
-0.045829
-0.0404599
-0.0527307
-0.0500699
-0.0557786
-0.0543301
-0.0712503
-0.0452152
-0.0483788
-0.038509
-0.0417517
-0.0305903
-0.0349208
-0.0196853
-0.0253535
-0.0081843
-0.0139439
0.0025157
-0.00267546
0.0116072
0.0072655
0.0188348
0.0154382
0.0242167
0.0217269
0.0279534
0.0262569
0.030334
0.0292801
0.0316558
0.0310999
0.0321747
0.031994
0.0320988
0.0321948
0.0315877
0.0318854
0.0307623
0.031205
0.0297153
0.0302597
0.0285154
0.0291297
0.0272119
0.0278733
0.0258404
0.0265324
0.024426
0.025137
0.0229865
0.0237083
0.0215341
0.0222612
0.0200779
0.0208061
0.0186254
0.0193508
0.0171825
0.0179028
0.015754
0.0164668
0.0143459
0.0150471
0.0129611
0.0136516
0.0115927
0.0122697
0.0102964
0.0109255
0.00925425
0.00971495
0.00950457
0.0100258
0.00987767
0.0103058
0.0101746
0.0105439
0.0104274
0.0107409
0.0106492
0.0108864
0.0108197
0.0109801
0.0109396
0.0110221
0.0110075
0.011013
0.0110238
0.0109537
0.0109894
0.0108446
0.0109053
0.0106835
0.0107708
0.0104682
0.0105822
0.0101786
0.0103377
0.00990696
0.0100457
0.00975502
0.153639
-0.115459
0.00901202
0.00936842
0.144091
0.15483
-0.117394
0.120203
0.146596
0.0825136
0.125457
0.0346245
0.0897327
-0.0434284
-0.0537977
-0.0561442
-0.0171406
0.0415621
-0.0703718
-0.0698578
-0.0648485
-0.0125506
-0.0866527
-0.0874868
-0.10161
-0.0633656
-0.100623
-0.103809
-0.124347
-0.10233
-0.114103
-0.117727
-0.133481
-0.12606
-0.125969
-0.127838
-0.1331
-0.0380009
-0.0346822
0.00876442
0.00855865
-0.0295072
0.0107491
0.0102138
0.0120421
0.0113748
0.013369
0.0127004
0.014727
0.0140471
0.0160958
0.0154109
0.0174687
0.0167823
0.0188394
0.0181546
0.0202029
0.0195224
0.0215528
0.0208799
0.0228805
0.0222198
0.0241743
0.0235321
0.0254184
0.0248032
0.0265914
0.0260146
0.0276637
0.0271413
0.0285953
0.0281486
0.0293317
0.0289898
0.0298013
0.0296021
0.0299102
0.0299036
0.0295383
0.0297875
0.0285352
0.0291194
0.0267155
0.027731
0.0238743
0.0254235
0.0198219
0.0219972
0.0143805
0.0172711
0.00739528
0.0110705
-0.00111434
0.00330585
-0.0108787
-0.00588047
-0.0211623
-0.0160287
-0.0308072
-0.0261077
-0.0392743
-0.0354141
-0.0440974
-0.042151
-0.0474835
-0.0458818
-0.0397808
-0.0380684
-0.0378244
-0.0397568
-0.0325274
-0.0352726
-0.0257305
-0.0294849
-0.0169
-0.0216748
-0.00701013
-0.0119475
0.00231487
-0.00223778
0.0104538
0.00654219
0.0170994
0.0139558
0.0221912
0.0198174
0.0258539
0.0241742
0.0282981
0.0272009
0.0297613
0.0291284
0.0304599
0.0301867
0.030576
0.0305756
0.030254
0.030458
0.0296067
0.029962
0.0287216
0.0291871
0.027665
0.0282098
0.0264862
0.0270873
0.0252214
0.0258619
0.0238973
0.0245648
0.0225331
0.0232188
0.021143
0.0218404
0.0197376
0.0204416
0.0183254
0.0190319
0.0169131
0.017619
0.0155075
0.0162092
0.0141141
0.0148093
0.012738
0.0134235
0.0113862
0.0120474
0.010018
0.0107041
0.00870757
0.00857795
0.00924856
0.00844785
0.00878906
0.00862283
0.00915224
0.0089768
0.00944866
0.0093087
0.00972837
0.00959509
0.00996095
0.00984909
0.0101486
0.010061
0.0102876
0.010224
0.0103772
0.0103385
0.0104173
0.0104034
0.010408
0.0104188
0.0103494
0.0103847
0.0102414
0.0103015
0.0100829
0.0101685
0.00987497
0.0099844
0.00960562
0.00975259
0.00932075
0.00946283
0.00899962
0.00915916
0.0088632
0.152376
-0.135305
0.00823391
0.135636
0.149701
-0.135302
0.00940017
0.00840298
0.00809758
0.00795698
0.102504
0.135802
-0.0227234
-0.0311186
0.0545081
0.106886
-0.0478718
-0.0398315
-0.0497378
-0.00291841
0.0615705
-0.0666855
-0.0671102
-0.0605296
0.00430514
-0.0861297
-0.0863269
-0.108875
-0.0558484
-0.103417
-0.106431
-0.14099
-0.106841
-0.120059
-0.124131
-0.155903
-0.141052
-0.136381
-0.138519
-0.156694
-0.156704
-0.149519
0.00791365
-0.0143822
-0.0151999
-0.00766613
0.00771054
0.0105696
0.0100052
0.0118289
0.0111763
0.0131441
0.0124809
0.0144852
0.0138143
0.015832
0.0151589
0.0171764
0.0165051
0.0185111
0.0178453
0.0198294
0.0191726
0.0211236
0.0204798
0.0223835
0.0217581
0.0235961
0.0229961
0.0247442
0.0241788
0.0258052
0.0252863
0.0267488
0.0262926
0.0275349
0.0271628
0.0281108
0.0278507
0.0284085
0.0282962
0.0283406
0.0284224
0.0277982
0.0281312
0.0266479
0.0273018
0.0247314
0.0257874
0.0218801
0.0234222
0.0179418
0.0200435
0.0127863
0.0155103
0.00633798
0.00971072
-0.00132721
0.00263485
-0.00990961
-0.0055448
-0.0186753
-0.0143258
-0.0268947
-0.0228643
-0.0334303
-0.0306057
-0.0370795
-0.0357968
-0.0396835
-0.0386785
-0.03581
-0.0386686
-0.0328752
-0.0257149
-0.0315745
-0.0240574
-0.017239
-0.0266602
-0.0217163
-0.0315975
-0.029693
-0.0309467
-0.0320117
-0.0273069
-0.0294241
-0.0217108
-0.0248972
-0.0142765
-0.0182262
-0.00583924
-0.0100715
0.00229446
-0.00169925
0.00956662
0.006052
0.0156519
0.0127556
0.0204402
0.0181926
0.0239926
0.0223497
0.0264575
0.0253383
0.0280209
0.0273312
0.0288635
0.028515
0.0291422
0.0290593
0.0289863
0.0291075
0.0284991
0.0287754
0.0277622
0.0281552
0.0268389
0.0273189
0.0257773
0.0263217
0.024614
0.0252056
0.0233763
0.0240023
0.0220848
0.0227357
0.0207549
0.0214236
0.0193985
0.0200792
0.018025
0.0187133
0.0166424
0.0173343
0.0152582
0.0159501
0.0138778
0.014567
0.0125071
0.0131906
0.0111453
0.0118175
0.0097832
0.0104709
0.0084438
0.00911061
0.00830341
0.00812292
0.00861065
0.00846713
0.00889496
0.00875411
0.00916289
0.00903454
0.00938712
0.00927983
0.00956709
0.00948289
0.00970049
0.00963956
0.0097863
0.00974923
0.00982444
0.00981127
0.00981481
0.00982555
0.00975729
0.00979191
0.00965154
0.00971029
0.00949749
0.00958057
0.00929531
0.00940195
0.00903475
0.00917595
0.00874079
0.0088889
0.00838659
0.00856731
0.0082308
0.145789
-0.00023416
-0.00516712
-0.151244
0.00804548
0.00757115
0.00778611
0.119799
0.137932
-0.0223363
-0.158211
0.00733781
0.00714243
-0.00369197
-0.0136066
0.00530683
0.0073388
0.0133564
0.0754747
0.116884
0.0157079
-0.00092156
0.00946711
-0.0412834
-0.0423094
0.0155943
0.078584
-0.0615189
-0.0618698
-0.0506535
0.0226946
-0.0825632
-0.0822604
-0.112419
-0.0435835
-0.103713
-0.105434
-0.157517
-0.107262
-0.123942
-0.126846
-0.181313
-0.154833
-0.143898
-0.147014
-0.185749
-0.180474
-0.162927
-0.164287
-0.178073
-0.00265231
0.00382761
0.0089831
0.0078378
0.00833014
0.0103424
0.00969048
0.0116133
0.0109739
0.0129165
0.0122587
0.0142424
0.0135789
0.0155688
0.0149063
0.0168861
0.016229
0.0181862
0.0175386
0.0194609
0.0188269
0.0207013
0.0200856
0.021896
0.0213046
0.0230309
0.0224713
0.0240876
0.0235695
0.0250428
0.0245785
0.025866
0.0254717
0.0265179
0.0262144
0.0269479
0.0267619
0.027092
0.027057
0.0268701
0.0270284
0.0261843
0.026587
0.0249179
0.0256255
0.0229372
0.0240176
0.020105
0.0216261
0.0163021
0.0183207
0.0114396
0.0139958
0.00550156
0.0085909
-0.00139657
0.00215113
-0.00894113
-0.00512527
-0.0164848
-0.012755
-0.0234047
-0.0200501
-0.0286139
-0.0263124
-0.0314761
-0.0302832
-0.0323169
-0.0323431
-0.0277754
-0.0308635
-0.0178835
-0.0238006
-0.0104723
-0.00882514
-0.00192841
-0.0191978
-0.0145989
-0.0243147
-0.0227344
-0.0251855
-0.0253541
-0.0225092
-0.0241804
-0.0181236
-0.0206894
-0.0118617
-0.0151469
-0.0047087
-0.00832488
0.00238808
-0.00111578
0.00887907
0.00572523
0.0144391
0.0117774
0.0189232
0.0168054
0.0223417
0.0207491
0.0247946
0.0236702
0.026425
0.025695
0.027381
0.026972
0.0277966
0.0276435
0.0277858
0.0278341
0.027442
0.0276473
0.0268404
0.027167
0.0260404
0.0264602
0.0250887
0.0255797
0.0240214
0.0245665
0.0228661
0.0234524
0.0216442
0.0222617
0.0203721
0.0210131
0.0190627
0.019721
0.0177263
0.018397
0.016372
0.0170508
0.0150074
0.0156905
0.0136391
0.0143232
0.0122721
0.0129551
0.0109151
0.0115901
0.00955939
0.0102299
0.00824809
0.00890469
0.00714247
0.00693146
0.00758485
0.00775995
0.00755641
0.00807824
0.00793495
0.00835242
0.00821551
0.00860836
0.00848584
0.00882348
0.00872053
0.00899646
0.00891549
0.00912454
0.00906609
0.00920682
0.00917132
0.00924311
0.00923065
0.00923323
0.00924388
0.00917701
0.00921079
0.00907414
0.00913126
0.00892433
0.00900517
0.00872594
0.00883096
0.00847137
0.00860818
0.00816761
0.00832467
0.00780766
0.0079962
0.00750464
0.00764702
0.00734386
0.132139
-0.0125243
-0.185994
0.00696035
-0.00397786
0.0214549
0.0947506
0.117727
0.00359591
-0.00775566
-0.0321963
-0.0333715
0.00303455
0.0110085
0.00652988
0.00631075
0.0373754
0.0880178
-0.0541512
-0.0540382
-0.178558
-0.034483
0.038711
-0.0776568
-0.0762894
-0.108763
-0.0281348
-0.10107
-0.101435
-0.17064
-0.102265
-0.124833
-0.127057
-0.208152
-0.165799
-0.148684
-0.151613
-0.21985
-0.205534
-0.172957
-0.174059
-0.21237
-0.218711
-0.195325
-0.00376703
0.0198912
0.0146131
0.00886036
0.00754434
0.00628629
0.00614096
0.0068103
0.00878043
0.00818956
0.0100832
0.00942069
0.0113813
0.0107279
0.0126863
0.0120317
0.0139995
0.0133425
0.0153074
0.0146547
0.0165994
0.0159557
0.0178664
0.0172362
0.0190995
0.0184874
0.0202883
0.0196996
0.0214208
0.0208618
0.0224816
0.0219604
0.0234517
0.0229784
0.0243074
0.0238944
0.0250186
0.0246818
0.0255471
0.0253064
0.0258448
0.0257256
0.0258521
0.0258857
0.0254962
0.0257206
0.0246904
0.0251507
0.0233336
0.0240818
0.0213147
0.0224067
0.0185232
0.0200133
0.0148684
0.0167989
0.0102965
0.0126885
0.00483486
0.00766241
-0.00136944
0.0018048
-0.0079965
-0.00466193
-0.0145016
-0.0112967
-0.0202803
-0.0175191
-0.0244018
-0.022582
-0.0265109
-0.0256699
-0.0256076
-0.0266837
-0.0212739
-0.0240592
-0.0113642
-0.017018
-0.00464979
0.00592737
0.0117178
0.0293942
0.024825
0.0101736
0.0264283
0.0183009
-0.0034532
0.00282616
-0.0128894
-0.0086833
-0.0184272
-0.0161973
-0.0199937
-0.0196335
-0.018426
-0.0194873
-0.0148899
-0.0168938
-0.00970718
-0.0124381
-0.00364483
-0.00673222
0.00254942
-0.000526169
0.00834398
0.00551401
0.0134189
0.0109763
0.0176057
0.0156174
0.0208761
0.0193427
0.0232928
0.0221759
0.0249634
0.0242064
0.0260072
0.0255502
0.0265374
0.026325
0.026653
0.0266374
0.0264373
0.0265788
0.0259586
0.0262246
0.0252725
0.0256365
0.0244234
0.0248644
0.0234464
0.0239478
0.0223693
0.0229179
0.0212137
0.0217994
0.0199967
0.0206114
0.0187321
0.0193692
0.0174312
0.0180852
0.0161035
0.0167699
0.0147572
0.015432
0.0133999
0.0140794
0.0120377
0.0127189
0.0106766
0.0113571
0.00933124
0.00999684
0.00801548
0.00867586
0.00671458
0.00735519
0.00673852
0.00649611
0.00720176
0.0069845
0.00753606
0.00738113
0.00781572
0.00767916
0.00806331
0.00794506
0.00827051
0.00817145
0.00843677
0.00835898
0.00855964
0.0085036
0.00863844
0.00860449
0.00867293
0.00866115
0.0086629
0.00867342
0.00860817
0.00864102
0.00850822
0.00856374
0.0083622
0.00844107
0.0081676
0.00827083
0.00791961
0.00805193
0.00761977
0.00777604
0.00726249
0.00744518
0.00693519
0.00709384
0.00675196
0.109633
-0.0203163
-0.0126483
-0.0232339
0.0265341
0.0304749
0.0334321
0.00609552
0.0589041
0.0874009
-0.0169459
-0.0440303
-0.0446379
-0.212372
0.00571011
0.00552905
0.00718383
0.0143232
-0.0128021
0.0476542
-0.0699575
-0.0127984
0.00145942
-0.0681684
-0.196269
-0.00126923
-0.0955179
-0.0138506
-0.0964635
-0.0947106
-0.174612
-0.0910228
-0.123246
-0.124209
-0.232137
-0.169868
-0.150891
-0.152976
-0.257545
-0.228642
-0.179328
-0.181182
-0.254404
-0.255465
-0.207874
-0.235238
0.0215689
0.00725636
0.00596049
0.00658284
0.008548
0.00790401
0.00983831
0.00918312
0.0111452
0.0104898
0.0124534
0.0117988
0.0137576
0.013106
0.0150492
0.0144053
0.0163178
0.0156866
0.0175537
0.01694
0.0187471
0.0181559
0.019887
0.0193239
0.0209602
0.0204321
0.0219508
0.021466
0.0228393
0.0224081
0.023602
0.0232368
0.0242092
0.0239254
0.0246244
0.0244413
0.0248022
0.0247435
0.0246877
0.0247821
0.0242154
0.0244969
0.0233095
0.0238172
0.0218836
0.0226617
0.0198464
0.0209404
0.0171105
0.018563
0.0136094
0.0154504
0.00931751
0.0115531
0.00429338
0.0068824
-0.00129104
0.00155102
-0.00711611
-0.00420034
-0.0127151
-0.00997096
-0.0175082
-0.0152479
-0.0207491
-0.0193368
-0.0220619
-0.021656
-0.0203871
-0.0216402
-0.015796
-0.0184219
-0.00625928
-0.0115914
0.000214287
0.0167553
0.0210841
0.0383093
0.0344832
0.0415924
0.0299313
0.0379222
0.0144198
0.0220697
0.0015802
0.0075348
-0.00764222
-0.00336261
-0.0132982
-0.0108861
-0.0154557
-0.0147472
-0.0147593
-0.0153829
-0.0120404
-0.0135995
-0.00780126
-0.0100601
-0.00265924
-0.00529581
0.00274734
4.70587e-05
0.00792385
0.00538289
0.0125551
0.0103148
0.0164569
0.0145945
0.0195727
0.0181035
0.0219359
0.0208359
0.0236256
0.0228522
0.0247363
0.0242415
0.0253619
0.0250993
0.0255874
0.0255158
0.0254859
0.0255702
0.0251189
0.0253295
0.0245375
0.0248501
0.0237838
0.0241783
0.0228917
0.0233519
0.0218883
0.0224013
0.0207955
0.021351
0.0196309
0.0202205
0.0184089
0.0190258
0.0171414
0.0177797
0.0158385
0.0164935
0.0145092
0.0151764
0.0131616
0.0138371
0.0118028
0.012483
0.0104411
0.0111217
0.00909283
0.00976453
0.00776904
0.00841703
0.00646218
0.00710269
0.00550064
0.00523291
0.00584172
0.00617115
0.00591142
0.00664564
0.00642792
0.00699612
0.00683273
0.00728368
0.00714543
0.00752691
0.00741122
0.00772778
0.00763206
0.00788766
0.00781294
0.00800541
0.00795174
0.00808075
0.00804833
0.00811345
0.00810235
0.00810335
0.00811369
0.00805017
0.00808205
0.00795313
0.00800705
0.00781103
0.00788781
0.00762135
0.00772203
0.00738109
0.00750865
0.00709056
0.00724224
0.00674297
0.00692129
0.00638804
0.0065672
0.0059706
0.00619379
0.00573493
0.0767202
-0.0311901
-0.0220124
-0.0338478
-0.253479
0.00539745
0.0301988
0.0388567
0.04211
0.0219269
0.011352
0.0456952
-0.0281394
-0.0587832
-0.057725
0.00520452
0.00494408
0.00493541
0.00466917
-0.234308
0.0103737
0.0172984
0.0109131
-0.0740879
-0.00480706
-0.0233083
-0.0885674
0.0159322
-0.0853198
-0.00917311
-0.165443
-0.0780669
-0.11855
0.0353212
-0.117103
-0.245031
-0.163882
-0.149556
-0.150579
-0.208863
-0.293012
-0.243094
-0.181575
-0.184062
-0.302882
-0.292369
-0.215551
-0.283178
-0.30123
-0.251608
0.0312745
0.00572905
0.00526708
0.00697055
0.00631503
0.00829033
0.00761833
0.00959735
0.00894227
0.0109102
0.0102528
0.0122202
0.0115656
0.0135182
0.0128708
0.0147958
0.0141597
0.016043
0.0154233
0.0172498
0.0166515
0.0184059
0.0178343
0.0194994
0.0189606
0.0205167
0.0200177
0.0214411
0.0209906
0.022253
0.0218612
0.0229287
0.0226081
0.0234397
0.023205
0.023751
0.0236206
0.0238203
0.0238162
0.0235973
0.0237456
0.0230239
0.0233545
0.0220345
0.0225811
0.0205566
0.021356
0.0185161
0.0196051
0.0158453
0.0172563
0.0124977
0.0142506
0.00847001
0.0105593
0.00384343
0.00621711
-0.00119174
0.00135749
-0.00632109
-0.00376761
-0.0111281
-0.00878861
-0.0150774
-0.0132388
-0.01757
-0.0165158
-0.0181477
-0.0181228
-0.0159704
-0.0173958
-0.0110299
-0.0138792
-0.00197713
-0.0069718
0.00378517
0.0347427
0.0391804
0.0373515
0.0282586
0.0314242
0.0477785
0.0449627
0.0499694
0.0324569
0.0403172
0.0180566
0.0251705
0.00590288
0.0113906
-0.00321844
0.00091746
-0.00892007
-0.00642743
-0.0115481
-0.0105672
-0.0115448
-0.0118112
-0.00955934
-0.0107433
-0.00612198
-0.00797775
-0.00176546
-0.00401564
0.00295481
0.000582633
0.00758585
0.00530104
0.0118157
0.00975991
0.0154493
0.0137069
0.0184101
0.0170069
0.0207085
0.019632
0.0224011
0.0216197
0.0235616
0.0230375
0.0242666
0.0239618
0.0245877
0.0244672
0.0245881
0.0246212
0.0243224
0.0244828
0.0238375
0.0241026
0.0231724
0.0235235
0.0223595
0.0227812
0.0214255
0.021905
0.0203919
0.020919
0.0192768
0.0198428
0.0180949
0.0186927
0.0168587
0.0174824
0.015579
0.0162233
0.0142649
0.0149253
0.0129255
0.0135976
0.0115685
0.0122484
0.0102041
0.0108864
0.00884674
0.00952384
0.00749973
0.0081687
0.0061895
0.00684198
0.00495211
0.00555653
0.00565648
0.0054153
0.00611598
0.00589744
0.0064696
0.00630362
0.00675982
0.00662115
0.0069997
0.00688598
0.00719502
0.00710232
0.00734884
0.00727707
0.00746155
0.00741023
0.00753341
0.00750253
0.00756435
0.0075539
0.00755422
0.00756436
0.00750267
0.00753355
0.00740873
0.00746094
0.00727113
0.00734545
0.00708758
0.00718503
0.00685577
0.0069785
0.00657606
0.00672196
0.00623776
0.0064135
0.00586893
0.00605522
0.0054376
0.00566802
0.00519838
0.04014
0.0308926
0.0325589
-0.0441193
-0.0324728
-0.0454759
0.00463338
0.00437592
-0.282718
0.013025
0.0196858
0.0540549
0.0520401
0.0473397
0.0484473
0.0236478
-0.0476913
-0.00793796
-0.0418403
-0.076606
0.00872388
-0.0733548
0.00368997
-0.144924
-0.0699471
-0.0369569
-0.110229
0.0309253
-0.106533
-0.018529
-0.241229
-0.153065
-0.144793
-0.143965
-0.251304
-0.315285
-0.243851
-0.180613
-0.182734
-0.217231
-0.348457
-0.317967
-0.219072
-0.339649
-0.351371
-0.261349
-0.304655
0.00475237
0.00455914
0.0042189
0.00548337
0.00502364
0.00669869
0.00605722
0.00802831
0.00734868
0.00935502
0.00869182
0.0106768
0.010016
0.0119893
0.0113344
0.013283
0.0126387
0.0145486
0.0139194
0.0157766
0.0151674
0.0169566
0.0163726
0.0180777
0.0175245
0.0191278
0.0186117
0.0200923
0.0196207
0.0209546
0.0205363
0.0216948
0.02134
0.0222897
0.0220105
0.0227117
0.0225223
0.0229277
0.0228455
0.0228986
0.0229438
0.0225787
0.0227749
0.0219174
0.0222904
0.0208585
0.021437
0.019342
0.0201562
0.0173087
0.0183878
0.0147075
0.0160756
0.0115083
0.013177
0.00772521
0.00968018
0.00345592
0.00563702
-0.0010958
0.00119682
-0.00562273
-0.00338242
-0.00974259
-0.00775429
-0.0129764
-0.0114924
-0.0148191
-0.0140828
-0.0147781
-0.015053
-0.0123426
-0.0138385
-0.00702462
-0.0100907
0.00144488
-0.00316536
0.00686088
0.0440193
0.0457329
0.0392051
0.0416854
0.0575501
0.0558987
0.0597599
0.0587926
0.0599071
0.0346495
0.0425034
0.0209459
0.0276003
0.00929423
0.014808
0.000526383
0.00457041
-0.00523027
-0.00268242
-0.00821198
-0.00702234
-0.00876559
-0.0087381
-0.00741385
-0.00827593
-0.00465879
-0.0061699
-0.000976574
-0.00289477
0.00314885
0.00106178
0.00730206
0.00524237
0.011173
0.00928337
0.0145588
0.0129283
0.0173686
0.0160308
0.0195961
0.018547
0.0212799
0.0204967
0.0224766
0.0219301
0.0232477
0.0229072
0.0236522
0.0234886
0.0237437
0.0237308
0.0235702
0.0236846
0.0231739
0.0233952
0.022591
0.0229018
0.0218521
0.0222377
0.0209829
0.021431
0.0200049
0.0205052
0.0189362
0.01948
0.0177919
0.0183719
0.0165849
0.0171949
0.0153263
0.0159609
0.0140258
0.0146803
0.0126928
0.0133625
0.0113358
0.0120165
0.00996521
0.0106514
0.00859242
0.00927855
0.007235
0.00790894
0.0059032
0.00656349
0.0046548
0.00526644
0.00383858
0.00350247
0.00406175
0.00414988
0.00473055
0.00446455
0.00518236
0.00496005
0.00561339
0.00540487
0.00596118
0.0057969
0.00624767
0.00611106
0.00648255
0.00637134
0.00667202
0.00658239
0.00681983
0.00675097
0.00692752
0.00687854
0.00699589
0.00696654
0.00702509
0.00701528
0.00701499
0.00702489
0.0069652
0.00699499
0.00687475
0.00692501
0.00674236
0.00681383
0.00656582
0.00665958
0.00634275
0.00646071
0.00607293
0.00621368
0.0057449
0.00591635
0.00537051
0.00556219
0.00493964
0.00516373
0.00442626
0.00469429
0.00414292
-0.340002
0.00370965
0.0245021
0.00424555
0.0266131
0.0038144
0.0497135
-0.0341805
0.032228
0.0338292
-0.0107608
0.0405147
0.0415077
0.0357067
-0.0241485
-0.0604444
-0.000558819
-0.0459157
-0.0600743
0.0161053
-0.116305
-0.0726927
-0.0589599
-0.0975245
0.0257379
-0.0930936
0.0661013
0.065316
0.00333514
0.00299187
-0.00399034
-0.221564
-0.143955
-0.0567263
-0.135857
0.0468919
-0.132306
-0.30397
-0.0305668
-0.316458
-0.234933
-0.176023
-0.176189
-0.221074
-0.378754
-0.324932
-0.0181853
-0.0460571
-0.218094
-0.261529
-0.393676
-0.388027
-0.264891
-0.3658
-0.401654
-0.316984
0.00335076
0.00404995
0.00311399
0.00349082
0.00523169
0.0046674
0.00644643
0.00582034
0.00776853
0.00709448
0.00911163
0.00844083
0.0104454
0.00978
0.0117624
0.0111063
0.0130536
0.0124115
0.0143093
0.013686
0.0155202
0.0149205
0.0166756
0.0161048
0.0177644
0.0172283
0.0187739
0.018279
0.0196893
0.0192433
0.0204935
0.0201052
0.0211669
0.0208464
0.0216867
0.0214458
0.0220263
0.0218788
0.0221549
0.0221167
0.0220363
0.0221262
0.02163
0.0218687
0.0208919
0.0213016
0.0197748
0.0203795
0.0182297
0.0190539
0.0162101
0.0172767
0.0136787
0.0150046
0.0106187
0.012209
0.00705776
0.0088914
0.00310543
0.00511636
-0.00102455
0.00104488
-0.00503112
-0.00306116
-0.00856003
-0.00687294
-0.0111909
-0.0100047
-0.0124797
-0.0120153
-0.0119599
-0.0124551
-0.00927181
-0.0108787
-0.00380085
-0.00691938
0.00433309
-0.000150323
0.0150443
0.00945676
0.0279918
0.0212294
0.0423018
0.0351772
0.0495723
0.0569058
0.0556591
0.056386
0.0534373
0.0544943
0.0497453
0.051991
0.0675872
0.0668955
0.0689329
0.0682935
0.0707593
0.0692787
0.0715726
0.05186
0.0658418
0.0595022
0.0359801
0.0433196
0.0231234
0.0294431
0.0121218
0.0173825
0.00362934
0.00756521
-0.00214667
0.000439352
-0.00539145
-0.00404396
-0.00639257
-0.00612556
-0.00557941
-0.00616595
-0.00340676
-0.00462342
-0.00030255
-0.00193603
0.00331062
0.00146936
0.00704917
0.00518527
0.0106033
0.00886128
0.0137637
0.0122359
0.0164304
0.0151554
0.0185851
0.017565
0.0202525
0.0194718
0.0214752
0.0209115
0.0223015
0.0219306
0.0227789
0.0225773
0.0229522
0.0228978
0.0228628
0.0229351
0.022548
0.0227289
0.0220412
0.0223146
0.0213711
0.0217232
0.0205625
0.0209813
0.0196365
0.0201117
0.0186111
0.0191341
0.0175017
0.0180651
0.0163215
0.016919
0.0150819
0.0157079
0.0137935
0.0144428
0.012465
0.0131332
0.0111058
0.0117883
0.00972601
0.0104176
0.00833772
0.00903197
0.00695793
0.00764584
0.00560914
0.0062765
0.00432191
0.00495088
0.00313895
0.00373705
0.00372046
0.00429043
0.00403114
0.00472929
0.00451311
0.00513576
0.00493888
0.00547111
0.00531174
0.0057491
0.00561663
0.00597649
0.00586883
0.00615904
0.00607287
0.00630051
0.00623469
0.00640308
0.00635648
0.00646789
0.0064401
0.00649537
0.00648619
0.00648542
0.00649501
0.00643768
0.00646622
0.00635115
0.00639922
0.00622447
0.00629284
0.00605546
0.00614526
0.00584142
0.00595458
0.00558097
0.005717
0.00526437
0.00543006
0.00489336
0.00508509
0.00446256
0.004686
0.00394427
0.0042168
0.00365747
0.0430282
0.0278277
-0.0894873
-0.0801306
0.0032976
0.013459
0.01965
-0.0614268
-0.0774969
0.0645663
0.00261414
0.0103539
-0.192538
-0.145618
-0.0807927
-0.122025
0.0436838
-0.116557
-0.368532
-0.0137971
0.0508547
-0.29915
-0.224185
-0.166515
0.00450504
-0.163548
0.0648343
0.0574662
0.0646103
-0.0445059
-0.22012
-0.3854
-0.318225
-0.0807558
-0.0367488
-0.213132
-0.317294
-0.26605
-0.430615
-0.401689
-0.263349
-0.42513
-0.448298
-0.31992
-0.379892
0.0705494
0.002767
0.00369905
0.00315545
0.00491554
0.00430142
0.00618305
0.00554302
0.00751107
0.00683524
0.00887031
0.00819175
0.0102175
0.00954622
0.0115411
0.0108825
0.0128317
0.0121907
0.0140797
0.0134611
0.0152756
0.0146841
0.0164087
0.0158498
0.0174678
0.0169473
0.0184398
0.0179645
0.0193095
0.0188872
0.0200597
0.0196992
0.0206709
0.0203823
0.021121
0.0209157
0.0213846
0.0212756
0.0214327
0.021435
0.0212327
0.021363
0.0207489
0.0210254
0.0199436
0.0203852
0.0187772
0.0194037
0.0172104
0.0180415
0.0152072
0.0162603
0.0127417
0.0140282
0.00980865
0.0113278
0.00644571
0.00817157
0.00277101
0.00463336
-0.000994487
0.000882373
-0.0045534
-0.0028161
-0.00757644
-0.00614653
-0.00969718
-0.00876285
-0.0105188
-0.0102816
-0.00962683
-0.0102907
-0.00669323
-0.0084167
-0.00127382
-0.00427972
0.00654432
0.00240939
0.0167936
0.0114443
0.0293477
0.0227736
0.0432771
0.036291
0.0502432
0.0646387
0.064907
0.0638555
0.0643152
0.0629829
0.0634318
0.0605031
0.0623966
0.0652341
0.0613437
0.0780139
0.0793695
0.0785754
0.0776688
0.0777621
0.0777943
0.0776648
0.0786852
0.0781705
0.0663246
0.0768682
0.0782885
0.0522445
0.0596685
0.0371523
0.0444587
0.0248757
0.0308666
0.014435
0.0194578
0.00617711
0.0100231
0.000405737
0.00301425
-0.00303684
-0.00156861
-0.00439767
-0.00393605
-0.00403758
-0.00439038
-0.00236127
-0.00332693
0.000249446
-0.00114099
0.00342493
0.00179369
0.00680762
0.00511198
0.0100862
0.00847317
0.0130451
0.0116097
0.0155792
0.0143628
0.0176628
0.0166717
0.0193098
0.0185339
0.0205512
0.0199741
0.0214241
0.0210271
0.0219659
0.0217304
0.022213
0.0221208
0.0222004
0.0222342
0.0219608
0.0221044
0.0215246
0.0217633
0.0209184
0.0212392
0.0201661
0.0205575
0.0192883
0.0197403
0.018303
0.0188068
0.017226
0.0177741
0.0160703
0.0166563
0.0148477
0.0154658
0.0135693
0.0142143
0.0122434
0.0129112
0.0108798
0.0115653
0.00948841
0.0101865
0.00808185
0.0087859
0.00667635
0.00737791
0.00529447
0.00598133
0.00397548
0.00462022
0.00275271
0.0033659
0.00213397
0.00170418
0.00218691
0.00330701
0.00386029
0.00361245
0.00428289
0.00407595
0.0046753
0.00448729
0.00499654
0.00484347
0.00526338
0.00513628
0.00548132
0.00537811
0.00565578
0.00557352
0.00579038
0.0057278
0.00588758
0.00584345
0.00594876
0.00592254
0.00597453
0.00596594
0.00596482
0.00597404
0.00591934
0.00594649
0.00583709
0.00588277
0.00571664
0.00578163
0.00555569
0.00564124
0.00535121
0.00545933
0.00510067
0.0052317
0.00479622
0.00495554
0.00443436
0.00462246
0.00400478
0.00422856
0.00349486
0.00376042
0.00287265
0.00319984
0.00252034
0.0248721
-0.162301
-0.103738
0.002923
0.0356532
0.0401154
-0.0802743
-0.098394
-0.438156
0.0032275
-0.269107
-0.223218
-0.106449
-0.150716
0.0291939
-0.145409
0.0721338
0.0713817
0.056983
0.0628754
0.0675351
0.0757209
-0.0259664
-0.214387
-0.370663
-0.305464
-0.0718966
-0.103474
-0.202807
-0.384868
0.00123494
0.000805947
0.000291615
0.0637382
0.00218059
0.080465
-0.061207
0.057496
0.0568056
0.069468
-0.265288
-0.441874
-0.397495
-0.257405
-0.322844
-0.466818
-0.466932
-0.316549
-0.441527
-0.492133
-0.382592
0.00332817
0.00276325
0.00457958
0.00394364
0.00589813
0.00522634
0.00725562
0.00657095
0.00863258
0.00794476
0.00999473
0.00931641
0.011327
0.0106648
0.0126189
0.011978
0.0138612
0.0132462
0.0150442
0.0144599
0.0161573
0.0156092
0.0171896
0.0166833
0.0181272
0.0176699
0.0189547
0.0185543
0.019655
0.0193203
0.0202085
0.0199495
0.020594
0.0204215
0.0207872
0.0207138
0.0207613
0.0208006
0.020487
0.020654
0.0199335
0.0202437
0.0190686
0.0195381
0.0178599
0.0185048
0.0162752
0.0171115
0.0142875
0.0153281
0.0118804
0.0131318
0.00905868
0.0105152
0.00586845
0.00750028
0.00243364
0.00416776
-0.00102004
0.000692121
-0.00419734
-0.0026586
-0.00679144
-0.00557933
-0.00848303
-0.00776057
-0.008918
-0.00886698
-0.00773174
-0.00852966
-0.0046116
-0.00641398
0.000723348
-0.0021997
0.00831885
0.00425916
0.0182013
0.0129439
0.030202
0.0239125
0.0436213
0.0368522
0.0506083
0.0720857
0.0722688
0.072033
0.0720352
0.0724119
0.0721155
0.073567
0.072533
0.0775943
0.075826
0.0897352
0.0937721
0.0914896
0.0873527
0.0884468
0.0862579
0.0866664
0.0858685
0.0860543
0.0845519
0.0851946
0.0527483
0.0600177
0.0383584
0.0453693
0.0262481
0.0321048
0.0162413
0.021057
0.00821646
0.0119718
0.00247477
0.00508991
-0.00111178
0.000447084
-0.00275877
-0.0021406
-0.00277536
-0.00293239
-0.00151914
-0.00227228
0.00067367
-0.000511289
0.0034792
0.00202519
0.00656049
0.00500732
0.00960311
0.00810088
0.0123856
0.0110316
0.0148004
0.0136369
0.0168176
0.0158536
0.0184432
0.017673
0.0196989
0.0191107
0.020612
0.020192
0.0212114
0.0209452
0.0215256
0.0213988
0.0215835
0.0215816
0.0214134
0.0215224
0.0210424
0.0212489
0.0204955
0.0207873
0.0197952
0.0201613
0.018962
0.0193924
0.0180137
0.0184998
0.0169662
0.0175003
0.0158327
0.0164084
0.0146251
0.0152364
0.0133546
0.0139964
0.0120295
0.0126976
0.0106592
0.0113488
0.00925386
0.00995974
0.00782543
0.00854129
0.0063899
0.00710727
0.00497038
0.00567677
0.00360649
0.00427947
0.00232122
0.00295504
0.00172799
0.00286374
0.00343181
0.00317692
0.00385371
0.00364728
0.00422897
0.00404983
0.00453597
0.00438959
0.0047902
0.00466922
0.00499716
0.00489917
0.00516233
0.0050845
0.00528941
0.00523034
0.00538094
0.00533939
0.00543834
0.00541373
0.00546241
0.00545435
0.00545308
0.00546182
0.00541009
0.00543572
0.00533246
0.00537555
0.00521868
0.00528006
0.00506635
0.00514734
0.00487227
0.00497489
0.00463313
0.00475836
0.00434186
0.00449433
0.00399235
0.0041747
0.00357069
0.00379108
0.00306712
0.00333009
0.00244953
0.00277331
0.0016816
0.00208902
0.00124825
0.0210947
-0.238436
-0.129481
-0.107919
0.0024593
-0.0116201
-0.0335634
0.062774
0.0616426
0.096703
0.00184352
0.0193547
0.00136763
0.081716
-0.125093
-0.104007
-0.151556
0.00151056
0.0572355
0.069321
0.10023
0.0841647
0.000711862
-0.00570267
0.0386453
-0.201494
-0.341479
-0.300129
-0.131001
-0.185438
0.0830004
0.0598284
-0.460391
0.000307519
-0.000196638
-0.0394059
0.0767926
0.0569536
-0.258001
-0.430555
-0.381313
-0.136062
-0.245858
-0.0819906
-0.320276
-0.481575
-0.463621
-0.308215
-0.158194
-0.134742
-0.391004
0.00160033
0.001297
0.0943556
0.0990597
-0.484791
-0.514901
-0.375855
0.0050966
-0.0644138
-0.443153
0.00292229
0.0022469
0.0042258
0.0035668
0.00560256
0.00489629
0.00699842
0.00629779
0.00839916
0.00769958
0.00977881
0.00909213
0.0111216
0.0104548
0.0124168
0.0117749
0.0136554
0.0130429
0.0148279
0.0142495
0.0159234
0.0153848
0.0169317
0.0164379
0.0178379
0.017397
0.0186268
0.0182463
0.0192809
0.0189699
0.0197811
0.0195492
0.0201069
0.0199646
0.0202349
0.0201942
0.0201407
0.0202139
0.0197983
0.0199985
0.0191814
0.0195218
0.0182633
0.0187572
0.017017
0.0176779
0.0154161
0.016257
0.0134398
0.0144702
0.01108
0.012302
0.008351
0.0097543
0.00530754
0.00685846
0.00207814
0.00370181
-0.00111064
0.000461313
-0.0039672
-0.00259574
-0.00620354
-0.00517349
-0.00753806
-0.0069921
-0.00765619
-0.00775656
-0.00623482
-0.00713964
-0.00299111
-0.0048375
0.00227388
-0.000595892
0.0096338
0.00571735
0.0191354
0.014129
0.0307035
0.0246994
0.0435223
0.0371642
0.0502457
0.0791351
0.0772449
0.0786735
0.0793666
0.0792881
0.0799734
0.0795507
0.0815136
0.0806164
0.0848413
0.0827891
0.090682
0.0875418
0.0937196
0.107243
0.117159
0.11171
0.100813
0.103634
0.0966689
0.0985234
0.0943108
0.0952908
0.09304
0.0935901
0.0920649
0.0924755
0.0835759
0.0915288
0.0918211
0.0675705
0.0755969
0.0525797
0.059847
0.0389457
0.0456364
0.0271745
0.0328777
0.0175327
0.0221615
0.00977265
0.0134198
0.00409385
0.00669764
0.000412071
0.0020348
-0.00145776
-0.000715939
-0.00178344
-0.00177868
-0.000878727
-0.00145424
0.000964526
-4.93995e-05
0.00346175
0.00215466
0.00629208
0.00485693
0.00913721
0.0077273
0.0117699
0.0104847
0.0140813
0.0129633
0.0160393
0.015099
0.017645
0.0168798
0.0189127
0.0183146
0.019862
0.0194209
0.0205137
0.0202191
0.0208896
0.0207306
0.0210126
0.0209775
0.0209068
0.0209834
0.0205961
0.0207726
0.0201038
0.0203686
0.0194515
0.0197941
0.018659
0.0190695
0.0177446
0.0182143
0.0167238
0.0172451
0.0156098
0.0161762
0.0144158
0.0150211
0.0131508
0.0137905
0.0118245
0.0124939
0.0104457
0.0111402
0.00902378
0.00973867
0.00757006
0.00829945
0.00609981
0.00683551
0.00463591
0.00536556
0.00321066
0.00391801
0.00187082
0.00252892
0.00124604
0.00240752
0.00202445
0.00300769
0.00273653
0.00343591
0.00322984
0.00379538
0.00362477
0.00408741
0.0039482
0.0043279
0.00421356
0.00452284
0.00443052
0.00467793
0.00460486
0.00479688
0.00474157
0.0048823
0.0048435
0.00493572
0.00491277
0.00495809
0.00495048
0.00494918
0.00495736
0.00490889
0.00493283
0.00483626
0.0048765
0.00472969
0.00478713
0.00458674
0.00466273
0.00440414
0.00450065
0.00417786
0.00429648
0.00390096
0.00404601
0.00356612
0.00374116
0.00315799
0.00337191
0.00266282
0.00292217
0.00205332
0.00237416
0.00127083
0.00168536
0.000812632
0.0162748
-0.181315
-0.312168
-0.159794
0.123246
0.104092
0.053256
0.0570402
-0.517903
0.000138002
-0.000775414
-0.015291
0.0351203
-0.245153
-0.403258
-0.370711
-0.163211
-0.226292
0.0830102
0.0911799
-0.0571155
0.0858087
0.0567701
-0.310167
-0.475399
-0.445303
-0.177023
-0.294737
-0.200391
-0.173412
-0.109014
-0.465798
0.00102135
0.000894714
0.113542
0.000481952
0.105986
0.126133
0.00036504
0.133478
0.133988
0.0981905
-0.386157
-0.502055
-0.513324
-0.362961
0.132257
0.14051
0.0852633
0.0762729
0.0848682
0.0467685
-0.0146359
-0.108193
-0.484284
-0.542746
-0.43269
0.156314
0.161019
0.0842607
9.38814e-05
0.00100705
0.000396938
0.0024566
0.00172112
0.00386024
0.00316019
0.00529541
0.00456094
0.00673966
0.0060159
0.00817093
0.00745635
0.00957122
0.00887434
0.0109267
0.0102537
0.0122271
0.0115828
0.0134639
0.0128525
0.0146281
0.014054
0.0157094
0.015178
0.0166958
0.0162132
0.0175733
0.0171471
0.0183273
0.0179642
0.0189393
0.0186492
0.0193904
0.0191824
0.0196613
0.0195457
0.0197293
0.0197173
0.0195721
0.0196749
0.0191671
0.019396
0.0184922
0.0188581
0.0175259
0.0180397
0.0162454
0.0169185
0.0146283
0.0154718
0.0126575
0.0136787
0.0103311
0.0115286
0.00767278
0.00903149
0.00474813
0.00622966
0.00169101
0.00321926
-0.00127581
0.000177133
-0.00386907
-0.00263646
-0.00581516
-0.00493437
-0.00685872
-0.00645664
-0.00672032
-0.00694176
-0.00511478
-0.00610114
-0.0017996
-0.00366398
0.00337759
0.000569998
0.0105017
0.00671298
0.0196475
0.014834
0.0308509
0.0250175
0.0437381
0.0372715
0.0580177
0.0504736
0.0670548
0.0860148
0.0859041
0.0863709
0.0861087
0.0875178
0.08679
0.0901574
0.0886309
0.0951485
0.0922769
0.10252
0.0985805
0.112575
0.106802
0.132874
0.120974
0.144224
0.119494
0.125216
0.111046
0.114786
0.10539
0.107834
0.101918
0.103421
0.100034
0.100827
0.0993634
0.0994597
0.099286
0.0993628
0.0668585
0.0749066
0.0521376
0.0592585
0.0391235
0.045477
0.027706
0.0332255
0.0184026
0.0228624
0.010912
0.0144485
0.00531457
0.00789707
0.00157081
0.00323951
-0.000474026
0.000367188
-0.00105176
-0.000913441
-0.000436647
-0.000866135
0.00111815
0.000243845
0.00336127
0.00217352
0.00598668
0.00464572
0.00867261
0.00733454
0.0111848
0.00995241
0.0134114
0.0123284
0.0153199
0.0143972
0.016909
0.0161454
0.0181883
0.0175785
0.0191713
0.0187084
0.0198718
0.0195489
0.0203051
0.0201144
0.0204886
0.0204211
0.0204424
0.0204878
0.0201874
0.0203351
0.0197455
0.0199845
0.0191369
0.0194574
0.018381
0.018773
0.0174969
0.0179517
0.0164995
0.0170096
0.0154038
0.0159612
0.0142207
0.0148207
0.0129596
0.0135977
0.0116301
0.0123014
0.0102407
0.0109409
0.00880002
0.00952471
0.00731799
0.00806194
0.00580854
0.00656419
0.00429284
0.00504861
0.00280286
0.00354148
0.00140484
0.00207977
0.000727291
-0.000503584
0.000748834
0.000190863
0.00147603
0.00116432
0.00206116
0.00176675
0.00261021
0.00235463
0.00303439
0.00283281
0.00337623
0.00321468
0.00365167
0.00352045
0.00387691
0.00376988
0.00405859
0.00397252
0.0042026
0.00413468
0.00431281
0.00426147
0.00439178
0.00435581
0.00444101
0.00441973
0.00446168
0.00445437
0.00445328
0.00446075
0.0044159
0.00443797
0.00434858
0.00438573
0.00424979
0.00430291
0.00411706
0.00418754
0.00394703
0.00403681
0.00373534
0.00384634
0.00347488
0.0036114
0.00315745
0.0033236
0.00276745
0.0029723
0.00228677
0.00253941
0.00168642
0.00200367
0.000902011
0.00132101
-0.000129803
0.000424445
-0.00133844
-0.000706796
0.01039
-0.224917
-0.378297
-0.197418
0.130947
0.10894
0.0992895
-0.0287029
0.0294432
-0.295124
-0.451012
-0.428644
-0.206979
-0.273778
-0.143413
-0.522557
0.152847
0.177828
0.187835
-0.0805201
0.0604592
-0.372022
-0.50024
-0.493158
-0.345523
0.145345
0.155007
0.150596
0.0929435
0.0932101
0.0749589
0.0843388
-0.00166997
-0.00193774
-0.00233117
0.115937
0.0369253
-0.0438962
-0.457458
-0.503454
-0.542355
-0.413793
-0.00079104
-0.00151884
-0.468972
-0.251704
0.0855548
-0.224028
0.0874988
-0.000538295
0.000539403
-3.42548e-05
0.00196844
0.00122476
0.00348068
0.00272784
0.00498999
0.00422181
0.00648561
0.00573115
0.00795218
0.00721528
0.00937593
0.00866288
0.0107459
0.0100615
0.0120532
0.0114015
0.0132901
0.0126747
0.0144478
0.0138729
0.0155169
0.0149872
0.0164846
0.0160065
0.0173375
0.0169177
0.0180608
0.0177067
0.0186349
0.0183573
0.0190416
0.0188478
0.0192632
0.0191636
0.0192764
0.0192816
0.0190612
0.0191811
0.0185984
0.0188424
0.01787
0.0182469
0.0168592
0.0173777
0.0155472
0.0162173
0.0139134
0.0147456
0.011941
0.0129427
0.00963013
0.0107988
0.00701316
0.00832944
0.00417047
0.00558977
0.00124942
0.00269133
-0.00153193
-0.000185974
-0.00391132
-0.00279681
-0.00563266
-0.00486974
-0.00644956
-0.00615691
-0.00610466
-0.0064173
-0.00435628
-0.00539606
-0.00101266
-0.00286535
0.00404762
0.00132431
0.0109106
0.0072678
0.0196618
0.0150506
0.0303963
0.0247708
0.0429541
0.0365016
0.0577956
0.0500341
0.0661592
0.092691
0.0928675
0.0929604
0.0926489
0.0946376
0.0936005
0.0982448
0.0961725
0.104463
0.101016
0.113767
0.108719
0.127355
0.119785
0.148995
0.137215
0.162133
0.130485
0.137201
0.120264
0.124908
0.113351
0.116439
0.109037
0.110926
0.106702
0.107665
0.1061
0.106188
0.106626
0.106277
0.0993021
0.107886
0.107198
0.0820685
0.0906727
0.065828
0.0737543
0.0513954
0.0583208
0.0388191
0.0448903
0.0278541
0.033137
0.018852
0.0231503
0.0116318
0.0150486
0.00614821
0.00869898
0.00237722
0.00408057
0.000196864
0.00112415
-0.00058096
-0.000329494
-0.000193012
-0.000505253
0.00113179
0.000367256
0.00316841
0.00207423
0.00563144
0.00435969
0.00819917
0.00690687
0.0106247
0.00942128
0.0127888
0.0117212
0.014659
0.0137381
0.0162354
0.0154604
0.0175267
0.0168937
0.018542
0.018047
0.0192886
0.0189283
0.0197753
0.0195453
0.0200149
0.0199086
0.0200236
0.0200323
0.0198196
0.0199339
0.0194236
0.0196326
0.018855
0.0191498
0.0181315
0.0185016
0.0172743
0.017711
0.0162982
0.0167924
0.0152176
0.0157636
0.0140428
0.0146351
0.0127836
0.0134171
0.0114493
0.0121193
0.0100478
0.0107502
0.00858639
0.00931727
0.00707351
0.00782814
0.00552088
0.00629241
0.00394717
0.00472458
0.00238634
0.00314906
0.000888283
0.00160196
-0.000546875
0.000162565
-0.00134091
0.000503261
-7.21631e-05
0.00127106
0.00093032
0.00178603
0.0015446
0.00225778
0.00202902
0.00265178
0.00246353
0.00297073
0.00281984
0.00322701
0.00310487
0.00343528
0.00333619
0.00360272
0.00352321
0.003735
0.0036724
0.00383586
0.0037886
0.00390797
0.00387481
0.00395282
0.00393309
0.00397172
0.00396448
0.00396389
0.00397035
0.0039297
0.00394953
0.00386815
0.00390181
0.00377756
0.00382597
0.0036557
0.00372012
0.00349933
0.00358162
0.0033038
0.0034062
0.00306187
0.00318861
0.00276483
0.00292035
0.00239725
0.0025905
0.00193825
0.00218021
0.00135585
0.00166445
0.00059311
0.00100044
-0.000430963
0.000118155
-0.00103666
0.000548691
-0.276023
-0.430666
-0.243451
-0.286556
-0.250813
-0.190073
-0.548502
-0.220756
0.203909
0.172413
-0.047912
0.0225291
-0.353559
-0.311699
-0.48188
-0.470012
-0.258166
-0.32309
-0.110367
0.156638
0.167238
0.166733
0.0935412
0.0742772
0.0840331
0.235239
0.233643
0.260548
0.0992374
0.108633
-0.00183582
-0.00255363
-0.00263053
-0.00310599
0.0668808
0.0893786
0.0925934
0.02347
-0.437701
-0.344667
-0.505646
-0.522085
-0.389262
-0.00215687
-0.00234322
-0.00094715
-0.00161902
-0.443655
-0.487446
-0.54897
-0.51045
-0.0842052
0.129142
0.114274
0.140337
-0.00128448
-0.00180813
2.30375e-05
-0.000647657
0.00150701
0.000746373
0.00309649
0.0022998
0.00468338
0.00388991
0.00623522
0.00546416
0.00774092
0.0069943
0.00919103
0.00847338
0.0105775
0.00989249
0.0118933
0.0112445
0.0131317
0.0125225
0.0142845
0.0137192
0.0153425
0.0148258
0.0162933
0.015832
0.0171245
0.0167247
0.0178187
0.0174899
0.0183577
0.0181088
0.0187225
0.0185613
0.0188965
0.0188352
0.0188554
0.0189033
0.0185825
0.0187485
0.0180624
0.0183542
0.0172806
0.0177047
0.0162259
0.0167881
0.0148824
0.0155913
0.0132287
0.0140956
0.0112444
0.0122785
0.00892792
0.0101264
0.00632047
0.00765625
0.00352535
0.0049383
0.000715898
0.00211247
-0.00190132
-0.000627406
-0.00410515
-0.00306751
-0.00565293
-0.00497542
-0.0062828
-0.00609585
-0.00575573
-0.00617343
-0.00388725
-0.00499631
-0.000540041
-0.00240257
0.0043811
0.00172093
0.0109584
0.00745919
0.0192853
0.0148975
0.0294845
0.0241424
0.0417203
0.0353349
0.0566473
0.0487958
0.0651262
0.0989355
0.100088
0.0993865
0.0991114
0.0988116
0.101191
0.099906
0.105619
0.103095
0.113032
0.108938
0.123883
0.118014
0.140014
0.13113
0.162463
0.150521
0.192404
0.17618
0.21162
0.140177
0.147691
0.128517
0.133858
0.120555
0.124146
0.115529
0.117733
0.112903
0.113959
0.11237
0.112402
0.113574
0.112775
0.116144
0.11476
0.0808988
0.089917
0.0644348
0.0723297
0.0502117
0.0570457
0.0379924
0.0438794
0.027521
0.0325656
0.0188743
0.0229799
0.0119422
0.0152059
0.00661247
0.0090846
0.00284689
0.00454313
0.000564702
0.00153392
-0.000367976
-5.24224e-05
-0.000152745
-0.000386218
0.00099045
0.000314775
0.00286384
0.00184967
0.00520961
0.0039967
0.00770538
0.00645552
0.0100809
0.00891469
0.0122029
0.0111706
0.0140429
0.013151
0.0156091
0.0148524
0.0169129
0.0162865
0.01796
0.0174617
0.0187513
0.0183812
0.0192892
0.0190456
0.0195815
0.01946
0.0196411
0.0196346
0.0194838
0.0195843
0.0191294
0.0193259
0.0185997
0.0188825
0.0179027
0.0182657
0.0170702
0.0174995
0.0161135
0.0166042
0.0150447
0.0155899
0.0138755
0.0144697
0.0126162
0.0132543
0.0112751
0.0119531
0.00985944
0.0105738
0.00837501
0.00912274
0.00682799
0.00760579
0.00522705
0.00602983
0.00358686
0.00440613
0.0019345
0.0027544
0.000305867
0.00110537
-0.00126201
-0.000478809
-0.00197006
0.000217961
-0.000325201
0.000996971
0.000647257
0.00152002
0.00128537
0.00193852
0.00173641
0.00229156
0.00212184
0.00258142
0.00244357
0.00281531
0.00270349
0.00300458
0.00291415
0.0031562
0.00308371
0.00327571
0.00321864
0.00336663
0.00332347
0.00343151
0.00340106
0.00347188
0.00345342
0.0034889
0.0034816
0.00348173
0.00348682
0.00345071
0.00346798
0.00339522
0.00342489
0.00331374
0.00335666
0.00320387
0.00326143
0.00306227
0.00313632
0.00288448
0.00297719
0.00266358
0.00277898
0.00239048
0.00253329
0.00205032
0.00222907
0.00162171
0.00184794
0.00107287
0.00136382
0.000356371
0.00073854
-0.000587969
-8.33863e-05
-0.00118343
-0.0130124
-0.334035
-0.466045
-0.29384
-0.206453
-0.150341
0.179801
0.10111
0.0939805
0.271811
0.293936
0.117679
-0.00341345
-0.0718791
0.0182082
0.0980766
-0.411038
-0.363466
-0.493181
-0.492873
-0.277245
-0.306788
-0.36226
-0.00306284
-0.00328587
-0.00238788
-0.000993923
-0.00159114
-0.412206
-0.491935
-0.530782
-0.486066
0.00676248
0.0755885
0.162714
0.121226
0.180586
0.152335
0.194449
0.177433
0.129413
0.141035
0.197291
0.166167
0.18406
0.211773
0.195044
0.216511
0.208646
0.242062
0.217457
0.232285
0.102379
0.241214
0.103766
0.255914
0.268255
0.282878
0.200066
0.314351
0.301595
0.277217
-0.534504
0.110576
0.112948
0.147273
0.236408
0.332548
0.317517
-0.460519
0.505804
0.554597
0.506008
0.554335
-0.00206727
-0.00266372
-0.00058011
-0.00134544
0.00105569
0.000230289
0.00274229
0.00190164
0.00440546
0.00358196
0.00601668
0.00521884
0.007564
0.00679863
0.00904158
0.00831132
0.0104451
0.00975219
0.0117699
0.0111169
0.0130103
0.0124002
0.0141592
0.0135959
0.015207
0.0146954
0.0161423
0.0156886
0.0169523
0.0165628
0.0176205
0.0173044
0.018129
0.0178949
0.0184579
0.0183181
0.0185829
0.0185457
0.0184902
0.0185641
0.0181632
0.0183559
0.0175891
0.0179076
0.0167553
0.017204
0.015658
0.0162394
0.0142842
0.0150061
0.0126116
0.0134862
0.0106127
0.0116535
0.00827668
0.00948516
0.00564641
0.00699191
0.00284707
0.00425482
9.6999e-05
0.00145113
-0.0023924
-0.00119149
-0.00445271
-0.00348731
-0.00587418
-0.00526078
-0.00636566
-0.00625444
-0.00568445
-0.00618177
-0.00371134
-0.00486387
-0.000376111
-0.00221858
0.00439666
0.00182595
0.0106836
0.00734627
0.0185916
0.0144266
0.0282831
0.0232032
0.0400901
0.0338817
0.0548177
0.0470269
0.07311
0.0635469
0.0943163
0.0834401
0.106718
0.10845
0.104663
0.105459
0.104719
0.104441
0.107125
0.105629
0.112234
0.109333
0.12058
0.116002
0.132891
0.126207
0.150358
0.140952
0.174059
0.161433
0.205783
0.188671
0.248447
0.225849
0.305019
0.2745
0.376614
0.378396
0.339692
0.320281
0.39551
0.389762
0.353684
0.265386
0.291366
0.222698
0.242645
0.190162
0.205222
0.166124
0.177228
0.14846
0.156631
0.135731
0.141587
0.126924
0.130908
0.121359
0.123797
0.118532
0.119649
0.118155
0.118086
0.120052
0.118823
0.123796
0.121719
0.0987858
0.119434
0.109189
0.0792631
0.0887112
0.0625384
0.0705549
0.0484236
0.0551879
0.0365956
0.0422762
0.0266631
0.0314166
0.0184606
0.0223615
0.0118386
0.0149633
0.00669256
0.00908766
0.00296369
0.00465591
0.000607003
0.00161754
-0.000434294
-6.9524e-05
-0.000330076
-0.00050819
0.00068247
7.60171e-05
0.00244133
0.00148064
0.00473334
0.00354226
0.00721972
0.00597684
0.00958648
0.00843299
0.0116847
0.0106731
0.013499
0.0126269
0.015055
0.014309
0.0163703
0.0157436
0.017447
0.0169399
0.0182795
0.0178952
0.0188639
0.0186036
0.0192038
0.0190646
0.0193074
0.0192849
0.0191903
0.0192764
0.0188655
0.0190523
0.018359
0.0186335
0.0176979
0.0180495
0.0168856
0.0173093
0.0159417
0.0164292
0.0148805
0.015425
0.013714
0.0143099
0.0124517
0.0130944
0.0111015
0.0117872
0.00966987
0.0103957
0.00816084
0.00892499
0.00657802
0.00737862
0.00492627
0.00576034
0.00321437
0.00407693
0.00145955
0.00234
-0.000304125
0.000573181
-0.00201075
-0.00117442
-0.00348025
-0.00278646
-0.00440066
-0.00401276
-5.42169e-06
-0.000472025
0.000725899
0.000386678
0.00124325
0.00100869
0.00163252
0.00144819
0.00194646
0.00179555
0.00220406
0.00208078
0.00241283
0.00231246
0.00258147
0.00250032
0.00271623
0.00265117
0.00282215
0.00277088
0.00290262
0.00286367
0.00296006
0.00293233
0.00299567
0.00297859
0.00301048
0.00300338
0.00300425
0.00300777
0.00297711
0.00299136
0.00292815
0.00295362
0.00285585
0.00289321
0.00275826
0.00280864
0.00263256
0.00269761
0.00247435
0.00255628
0.00227684
0.00237955
0.00203106
0.00215928
0.00172315
0.00188471
0.00133306
0.00153886
0.000831747
0.00109737
0.000179828
0.000526735
-0.000671114
-0.000215826
-0.00185765
-0.00121635
-0.00345048
-0.00260013
-0.0282663
0.488106
0.426703
0.460081
0.156934
0.418852
0.488947
0.457549
-0.382983
-0.483455
-0.334605
-0.00333666
-0.00449879
-0.00231845
-0.148365
0.126235
0.105346
-0.329333
-0.341429
-0.379444
-0.48658
-0.497177
-0.454641
0.429214
0.528601
0.239653
0.102489
0.528038
0.442579
-0.104302
0.0142206
-0.395929
-0.346421
-0.40176
-0.395439
-0.507508
0.115809
0.129065
0.08273
0.17832
0.373873
0.284842
0.324359
0.395105
-0.0180476
-0.466562
-0.42826
-0.00319764
-0.535621
-0.00336319
-0.395723
-0.00437315
0.617149
0.617707
-0.353723
-0.482984
-0.422299
0.480931
0.178624
0.488234
-0.0471799
-0.388104
-0.520643
-0.00248076
-0.00175363
-0.00117391
-0.000691996
-0.000288544
6.13388e-05
0.000367926
0.000636019
0.000870663
0.00107714
0.00125901
0.00141984
0.00156254
0.00168947
0.00180262
0.00190387
0.0019945
0.00207559
0.00214801
0.00221267
0.0022702
0.002321
0.00236571
0.00240469
0.00243813
0.00246642
0.00248977
0.00250834
0.00252226
0.00253176
0.00253673
0.00253726
0.00253306
0.00252447
0.00251125
0.00249356
0.0024712
0.00244411
0.00241203
0.00237467
0.0023317
0.0022829
0.00222787
0.00216613
0.00209719
0.00202016
0.00193438
0.00183911
0.00173317
0.00161519
0.001484
0.00133804
0.00117178
0.000981089
0.000764395
0.00050776
0.000210113
-0.000125495
-0.000511893
-0.000945926
-0.0014591
-0.00208679
-0.00284002
-0.433099
-0.239689
-0.0285482
0.384084
0.343691
0.224251
0.0988997
-0.00543366
-0.00574499
-0.0055726
-0.00516252
-0.00449947
-0.00371862
-0.00281938
-0.00189476
-0.000928554
2.29979e-05
0.000982936
0.00191605
0.00284329
0.00374201
0.00462926
0.00548829
0.00633344
0.00715193
0.00795478
0.00873053
0.0094901
0.0102231
0.0109393
0.0116288
0.0123005
0.0129442
0.0135682
0.0141626
0.0147351
0.0152756
0.0157918
0.0162731
0.0167271
0.0171426
0.017527
0.0178679
0.0181729
0.0184312
0.0186507
0.0188175
0.0189399
0.0190068
0.0190271
0.0189837
0.0188874
0.0187234
0.0185062
0.0182217
0.017882
0.0174745
0.0170136
0.0164866
0.0159087
0.015269
0.0145832
0.0138361
0.0130402
0.0121768
0.0112536
0.0102496
0.00917238
0.00800823
0.00678212
0.00550565
0.00423845
0.00301776
0.00191908
0.00096844
0.000214596
-0.000353268
-0.000709228
-0.000857996
-0.000746641
-0.00035841
0.000357352
0.00139344
0.00276516
0.00444078
0.00643634
0.00873455
0.0113707
0.0143321
0.0176549
0.0213176
0.0253709
0.0297999
0.0346888
0.0400368
0.0459781
0.0525158
0.0598201
0.0678735
0.0768479
0.0867289
0.0975524
0.109203
0.120923
0.132118
0.142375
0.138085
0.1342
0.130851
0.128096
0.125905
0.124298
0.123366
0.123119
0.123534
0.124659
0.126504
0.129114
0.132522
0.136802
0.142017
0.148262
0.155622
0.16423
0.174177
0.185641
0.19883
0.213948
0.231044
0.250245
0.271619
0.296002
0.322854
0.351688
0.382041
0.411977
0.438527
0.45863
0.47008
0.469412
0.45693
0.433869
0.40383
0.371477
0.339458
0.309528
0.28235
0.258156
0.236081
0.215887
0.198539
0.183541
0.170511
0.159004
0.148971
0.140401
0.133182
0.1271
0.12206
0.117956
0.114713
0.112302
0.110659
0.109709
0.109462
0.109865
0.11093
0.112649
0.115021
0.117803
0.121243
0.125309
0.13009
0.119514
0.107269
0.0945633
0.0824227
0.0712657
0.0613214
0.0525415
0.0448271
0.0380315
0.032008
0.0266477
0.0218315
0.0174958
0.0135771
0.0100598
0.00689882
0.00409424
0.00162208
-0.000507822
-0.00232053
-0.00380899
-0.00499864
-0.00587041
-0.00644102
-0.00668619
-0.00663686
-0.00629867
-0.00573347
-0.00496698
-0.00405875
-0.00301206
-0.0018605
-0.000595258
0.000748128
0.00216005
0.00358972
0.00501382
0.00637866
0.00768689
0.00890876
0.0100482
0.0110942
0.0120598
0.0129395
0.0137486
0.0144815
0.0151511
0.0157507
0.0162907
0.0167634
0.0171767
0.0175216
0.0178024
0.018019
0.0181783
0.0182758
0.0183191
0.0183
0.0182321
0.0181074
0.0179366
0.0177161
0.0174559
0.0171514
0.0168109
0.0164309
0.0160191
0.0155719
0.0150963
0.014589
0.0140561
0.0134945
0.0129098
0.0122988
0.0116665
0.0110097
0.0103327
0.00963259
0.00891273
0.00817098
0.00740908
0.00662636
0.00582254
0.00499977
0.00415538
0.00329486
0.0024137
0.00152072
0.000608322
-0.00029592
-0.00120238
-0.00204702
-0.00285827
-0.00355931
-0.0040933
-0.00441917
-0.00447287
-0.00426787
-0.00374103
-0.00294709
-0.509097
-0.395715
-0.363021
-0.485512
-0.465488
-0.402799
-0.413146
-0.471543
0.577997
0.439798
0.104669
0.285813
0.454927
0.576974
0.00483727
-0.152014
-0.0779977
0.515628
0.211655
0.510623
-0.436001
-0.466741
-0.372422
-0.468096
-0.368071
-0.494914
-0.00218617
-0.00156918
-0.00108089
-0.00067404
-0.00032706
-2.56472e-05
0.000236899
0.000465207
0.000664583
0.000839593
0.000993807
0.00112984
0.00125065
0.00135771
0.00145329
0.0015383
0.00161453
0.00168222
0.00174298
0.00179682
0.00184506
0.00188726
0.00192476
0.00195703
0.00198523
0.00200869
0.00202851
0.00204378
0.0020555
0.00206288
0.00206706
0.00206703
0.00206378
0.00205643
0.00204577
0.00203076
0.00201226
0.00198923
0.0019625
0.00193102
0.00189546
0.00185463
0.00180898
0.00175718
0.00169959
0.00163476
0.00156288
0.00148256
0.00139338
0.00129325
0.00118127
0.00105516
0.000911043
0.000745879
0.000560811
0.000346417
0.000102254
-0.000171143
-0.000484111
-0.000835867
-0.00124545
-0.00173708
-0.00232686
-0.00303009
-0.00312235
0.147137
0.294575
0.152083
0.146588
0.141615
0.137335
0.133784
0.131021
0.129063
0.127861
0.127456
0.127817
0.128972
0.130921
0.133685
0.137315
0.141859
0.147389
0.153969
0.161695
0.170651
0.180944
0.192693
0.206049
0.221091
0.237798
0.256318
0.27693
0.29939
0.323707
0.348896
0.374626
0.399698
0.421364
0.436542
0.443621
0.442442
0.432805
0.415379
0.39206
0.365497
0.337859
0.311154
0.28632
0.263446
0.242443
0.223267
0.206071
0.190874
0.177494
0.165729
0.155423
0.146501
0.138873
0.132422
0.127071
0.122701
0.119239
0.116659
0.114935
0.113962
0.113778
0.11435
0.115681
0.117786
0.120651
0.124062
0.12842
0.1334
0.13919
0.14584
0.137858
0.124664
0.109812
0.0950063
0.0813188
0.0691733
0.058731
0.0497704
0.0420814
0.0354142
0.0296374
0.0245758
0.020095
0.016089
0.0124455
0.00919209
0.00620836
0.00357094
0.00118999
-0.000848157
-0.00263987
-0.00410254
-0.00533492
-0.0062338
-0.00688104
-0.00716216
-0.00718093
-0.00686114
-0.00635437
-0.00560243
-0.00475031
-0.00370532
-0.00258429
-0.00128487
6.44945e-05
0.00153874
0.00298946
0.00449071
0.00584061
0.00718838
0.00839685
0.00956317
0.0105889
0.0115786
0.0124405
0.0132777
0.0139996
0.014703
0.0152988
0.0158784
0.016354
0.0168112
0.0171629
0.0174968
0.0177236
0.0179284
0.0180291
0.0181106
0.0180937
0.0180623
0.0179365
0.0178021
0.017578
0.0173512
0.0170389
0.0167289
0.0163379
0.0159542
0.0154936
0.0150441
0.0145209
0.0140119
0.0134321
0.0128689
0.012237
0.0116236
0.010943
0.0102818
0.0095546
0.00884672
0.00807361
0.00731844
0.006499
0.00569391
0.00482688
0.00396645
0.00305217
0.0021378
0.00119372
0.000212474
-0.000781039
-0.0017822
-0.00276009
-0.00365773
-0.00453868
-0.00520509
-0.00575707
-0.00582429
-0.00563303
-0.00477886
-0.00391405
-0.00235254
-0.0161997
-0.235183
0.459697
0.636072
0.112281
0.352365
0.629614
0.421198
-0.405017
-0.472178
-0.461227
-0.434903
-0.00667992
-0.00728093
-0.00696387
-0.00648487
-0.0056258
-0.00471876
-0.00366148
-0.00262632
-0.00155161
-0.000519899
0.000515855
0.00150275
0.00248384
0.00341792
0.00434511
0.00522698
0.00610186
0.00693566
0.00775872
0.00853973
0.00931664
0.0100504
0.0107821
0.0114693
0.012155
0.0127942
0.0134309
0.0140182
0.0146011
0.0151322
0.0156569
0.0161269
0.0165877
0.0169901
0.0173797
0.0177065
0.0180161
0.0182584
0.0184794
0.0186273
0.0187492
0.0187943
0.0188091
0.0187428
0.0186433
0.0184577
0.0182365
0.0179248
0.0175789
0.0171449
0.0166758
0.0161235
0.0155371
0.0148848
0.0142051
0.0134558
0.0126785
0.0118237
0.0109278
0.00993395
0.00887624
0.00770228
0.00646486
0.00514015
0.00382544
0.00253234
0.00138457
0.000388715
-0.000368986
-0.000929964
-0.00124965
-0.00137468
-0.00123402
-0.000841916
-0.000110483
0.000924783
0.00230402
0.003952
0.00589724
0.00809184
0.010595
0.0133801
0.0164927
0.019899
0.0236395
0.0277179
0.0322027
0.037154
0.0426772
0.0489038
0.0559675
0.0640019
0.0731236
0.0834173
0.0951171
0.108074
0.121792
0.135383
0.147989
0.159186
-0.398073
0.781442
0.155271
-0.374883
-0.00702339
-0.0081171
-0.00923733
-0.00853411
-0.00790863
-0.00677782
-0.00568856
-0.0044699
-0.00331272
-0.00212765
-0.00101724
9.23121e-05
0.00112759
0.00215958
0.00312188
0.00408454
0.00498132
0.00588339
0.00672051
0.00757047
0.00835838
0.00915604
0.00989387
0.010641
0.0113297
0.0120274
0.0126662
0.0133127
0.013898
0.0144883
0.0150158
0.0155461
0.0160112
0.016476
0.0168723
0.0172642
0.0175836
0.0178944
0.0181282
0.0183488
0.0184873
0.0186076
0.0186398
0.0186508
0.0185693
0.0184615
0.0182617
0.018029
0.0177047
0.0173472
0.016897
0.0164166
0.0158512
0.0152733
0.0146071
0.0139322
0.013178
0.0124163
0.0115698
0.0107021
0.00972511
0.00869764
0.00753063
0.006299
0.00494413
0.0035852
0.00221553
0.000987028
-9.66774e-05
-0.000914253
-0.00151709
-0.0018318
-0.00194619
-0.00178047
-0.00138139
-0.000649404
0.000365929
0.00172157
0.00332694
0.00521451
0.00731341
0.00968731
0.0122933
0.0151861
0.0183114
0.0217155
0.0253793
0.0293928
0.0338053
0.0387611
0.0444371
0.0510541
0.0588062
0.0679746
0.0787876
0.0913887
0.105943
0.122154
0.139511
0.156063
0.792754
-0.436405
-0.433379
0.521035
0.278546
0.545579
-0.144432
0.704398
-0.390221
0.147349
0.140164
0.134413
0.129386
0.125231
0.121995
0.119558
0.117992
0.117288
0.117419
0.118383
0.120219
0.122919
0.126539
0.131134
0.136751
0.143468
0.151375
0.160549
0.171075
0.183043
0.196529
0.211699
0.228631
0.247281
0.267392
0.288827
0.31148
0.334985
0.358518
0.38082
0.400093
0.414436
0.422573
0.424
0.418819
0.406884
0.389239
0.368227
0.345928
0.32343
0.301346
0.280366
0.26073
0.242755
0.226371
0.211478
0.198083
0.186166
0.175645
0.166438
0.158458
0.151628
0.145878
0.141129
0.13734
0.134465
0.132459
0.131321
0.131014
0.13157
0.132997
0.135344
0.138653
0.142934
0.148222
0.15448
0.1615
0.170069
-0.00177411
-0.00131469
-0.000929661
-0.000603481
-0.000320223
-7.50046e-05
0.000137929
0.00032261
0.000482823
0.000624093
0.000747243
0.000857062
0.000952933
0.00103946
0.00111484
0.00118382
0.00124357
0.00129863
0.00134577
0.00138968
0.00142665
0.00146138
0.00148989
0.00151679
0.00153779
0.00155751
0.00157169
0.00158503
0.00159302
0.00160038
0.00160255
0.00160406
0.00160028
0.00159574
0.00158584
0.00157525
0.00155947
0.00154287
0.00152076
0.00149725
0.00146784
0.00143655
0.00139909
0.00135923
0.00131272
0.0012627
0.00120494
0.00114224
0.00107027
0.000990937
0.000900091
0.000799359
0.000683485
0.000553252
0.000408072
0.000242785
5.51421e-05
-0.000154921
-0.000396701
-0.000665853
-0.000968646
-0.00130977
-0.00169518
-0.00211346
-0.00212587
0.156552
0.145975
0.130488
0.112858
0.0953518
0.0796342
0.0662692
0.0552315
0.0460835
0.0384421
0.0320346
0.0266206
0.0219962
0.0179422
0.0143316
0.0110503
0.00807138
0.00533403
0.00286238
0.000623532
-0.00133832
-0.00306782
-0.00451996
-0.00574601
-0.00667509
-0.00734792
-0.00767653
-0.00772683
-0.00745432
-0.00696801
-0.00624645
-0.00538568
-0.00433642
-0.00317301
-0.00184328
-0.00044118
0.00105733
0.00253863
0.00400699
0.00543261
0.00678032
0.00800407
0.00915855
0.0101954
0.0111768
0.0120568
0.0128956
0.0136419
0.0143532
0.0149742
0.0155638
0.0160661
0.0165378
0.0169164
0.0172621
0.0175125
0.0177293
0.0178509
0.0179439
0.0179467
0.0179258
0.0178194
0.0176927
0.0174862
0.0172633
0.0169661
0.0166569
0.0162797
0.0158948
0.0154467
0.0149939
0.0144818
0.0139676
0.0133973
0.0128271
0.0122033
0.0115807
0.0109065
0.0102338
0.00951104
0.00878884
0.00801765
0.00724463
0.00642371
0.00559689
0.00472387
0.00383877
0.00290821
0.0019516
0.000940573
-9.68889e-05
-0.00117643
-0.00225822
-0.00339618
-0.00446956
-0.00549923
-0.00643359
-0.00710295
-0.00756798
-0.00719367
-0.0063522
-0.00459923
-0.00263397
-0.460475
0.440279
0.204266
0.395928
0.696578
-0.40184
-0.427702
0.210872
-0.0525147
-0.00212457
-0.00169267
-0.00387306
-0.0105131
-0.00360279
-0.00409413
-0.411727
-0.263454
0.0528629
0.545508
0.352709
0.535432
-0.426243
0.155072
0.139365
0.146177
0.128876
0.133597
0.122489
0.125198
0.119929
0.120757
0.121014
0.120047
0.125704
0.122916
0.13421
0.129468
0.146939
0.140028
0.164435
0.155075
0.187282
0.175165
0.216043
0.200914
0.250798
0.232731
0.290643
0.270188
0.333333
0.311846
0.373519
0.354243
0.401746
0.389714
0.409791
0.408525
0.395353
0.405331
0.362652
0.380568
0.322572
0.342956
0.282388
0.302189
0.246047
0.263585
0.215123
0.229906
0.189759
0.20176
0.169764
0.179131
0.154646
0.161641
0.143888
0.148765
0.13707
0.140018
0.133929
0.13506
0.134388
0.133714
0.13868
0.136041
0.147321
0.142435
0.160998
0.153535
0.17998
0.169661
-0.00888755
-0.00499884
-0.00950919
-0.00902864
-0.00760106
-0.00845115
-0.0051343
-0.00633788
-0.00260632
-0.00387102
-0.00029645
-0.00141482
0.00180911
0.000789673
0.00374592
0.00280894
0.00553683
0.00467023
0.00720377
0.00639696
0.00875969
0.00800705
0.0102113
0.0095101
0.0115609
0.0109106
0.0128069
0.0122088
0.0139441
0.0134013
0.0149644
0.0144815
0.0158566
0.0154395
0.0166076
0.016263
0.0172006
0.0169382
0.0176125
0.0174437
0.0178253
0.0177585
0.0178203
0.0178655
0.0175785
0.017744
0.0170858
0.0173772
0.016334
0.0167539
0.0153291
0.0158745
0.0140781
0.0147443
0.0125943
0.013376
0.0108669
0.0117738
0.00885363
0.00990847
0.0064871
0.00772297
0.00375576
0.00517159
0.000780879
0.00229532
-0.00216174
-0.000703382
-0.0047273
-0.00349263
-0.00668601
-0.00577358
-0.00788245
-0.00737422
-0.00807142
-0.00810211
-0.00706102
-0.00769994
-0.00492652
-0.00610309
-0.00184588
-0.00348071
0.00211413
4.49028e-05
0.00689474
0.00442559
0.0125038
0.00960764
0.0192561
0.0157201
0.0281725
0.0233656
0.0413271
0.0340918
0.0617611
0.0504096
0.0943703
0.0763544
0.135521
0.115146
0.152621
-0.395007
0.181884
0.190617
0.189131
-0.00291207
-0.00100751
-0.00131239
-0.000500014
-0.000739477
-0.000106825
-0.000289879
0.000189647
5.21898e-05
0.000414275
0.000309625
0.000587321
0.000506595
0.000722322
0.000659253
0.000829129
0.000778989
0.000914099
0.000874396
0.000981524
0.000950226
0.00103416
0.00100998
0.0010744
0.00105619
0.00110441
0.0010911
0.00112553
0.00111664
0.00113718
0.00113315
0.00113928
0.00113993
0.00113317
0.00113786
0.00111854
0.00112752
0.00109483
0.00110841
0.00106159
0.00107999
0.00101776
0.00104163
0.00096179
0.000991903
0.000891581
0.000929138
0.000803542
0.000850491
0.000692457
0.000751697
0.000552392
0.00062665
0.000375059
0.000469236
0.000153803
0.000271891
-0.000128281
2.04593e-05
-0.000484205
-0.000297435
-0.000898492
-0.000688556
-0.00144423
-0.00109978
-0.000212028
-0.00268104
-0.0115016
-0.00978585
-0.00921816
-0.0100627
-0.00650918
-0.00774366
-0.00383203
-0.00507
-0.00137233
-0.00251749
0.000862465
-0.000178085
0.00291386
0.00196018
0.00481216
0.00393237
0.0065791
0.00576337
0.00823073
0.00747124
0.00977644
0.00906957
0.0112199
0.010564
0.0125631
0.0119576
0.0137999
0.0132495
0.0149196
0.0144285
0.0159154
0.0154871
0.0167754
0.0164165
0.0174841
0.0172027
0.0180239
0.0178289
0.0183758
0.0182769
0.0185201
0.0185269
0.0184385
0.0185602
0.0181157
0.01836
0.0175438
0.0179138
0.0167237
0.0172167
0.0156703
0.0162778
0.0144066
0.015115
0.0129673
0.0137595
0.011364
0.0122396
0.00954436
0.0105395
0.00739414
0.00857089
0.00484394
0.00621888
0.00208555
0.00351609
-0.000347487
0.000836154
-0.00190487
-0.00120612
-0.0023765
-0.00222239
-0.00179427
-0.00216513
-7.15681e-05
-0.00102719
0.00281326
0.00129213
0.00666405
0.00468788
0.0113799
0.00897107
0.0169466
0.0141207
0.0232881
0.0200753
0.030631
0.0268504
0.0398852
0.0349694
0.0529465
0.0458044
0.0728522
0.0618202
0.102819
0.0864146
0.142866
0.122052
0.164555
-0.0063369
-0.00626507
0.171402
0.204354
0.192107
0.120958
0.146577
0.0803364
0.0984296
0.0557975
0.066321
0.0414943
0.0476503
0.0323515
0.0364474
0.0252904
0.0286062
0.0190771
0.0220469
0.0134437
0.0161278
0.00848132
0.0108123
0.00431199
0.00623695
0.00102644
0.00249465
-0.00122611
-0.000294251
-0.00235273
-0.00198667
-0.00235247
-0.00254577
-0.00123599
-0.00198386
0.000868913
-0.000342327
0.0035044
0.00209667
0.00614312
0.00479491
0.00845512
0.00728956
0.0104151
0.00941687
0.0121205
0.0112376
0.0136473
0.0128488
0.0150096
0.0142963
0.0161804
0.0155676
0.0171302
0.016631
0.0178381
0.0174623
0.0182946
0.0180446
0.0185034
0.0183761
0.018477
0.0184653
0.0182327
0.0183276
0.0177895
0.0179812
0.0171668
0.0174458
0.0163832
0.0167403
0.0154556
0.0158826
0.0143986
0.0148885
0.0132189
0.0137692
0.0119247
0.0125307
0.0105281
0.0111852
0.00902846
0.00973766
0.00742215
0.00818519
0.00570193
0.00652315
0.00385425
0.00474143
0.00185693
0.00282213
-0.000322948
0.000737892
-0.00273049
-0.0015522
-0.00542305
-0.00409837
-0.00842037
-0.00695477
-0.0115318
-0.0100428
-0.0119444
-0.0129923
-0.0127572
-0.00303643
-0.00113413
-0.000731124
-0.000676945
-0.000544288
-0.000406337
-0.000286523
-0.000179893
-8.11284e-05
6.74203e-06
8.68767e-05
0.000157797
0.000219509
0.000276109
0.000326193
0.000370776
0.000410824
0.000446641
0.000478304
0.00050669
0.000531905
0.00055458
0.000574711
0.000592891
0.000608913
0.000623251
0.000635596
0.000646492
0.000655661
0.000663584
0.000669896
0.00067502
0.000678659
0.000681212
0.000682237
0.00068221
0.000680639
0.000677846
0.000673525
0.000668029
0.000660908
0.000652447
0.000642137
0.000630315
0.000616589
0.00060127
0.000583903
0.000564574
0.000542704
0.000518214
0.000490459
0.000459362
0.00042429
0.000384939
0.000340407
0.00029016
0.000232897
0.000167652
9.30611e-05
7.61126e-06
-9.07781e-05
-0.000203345
-0.000331476
-0.000475707
-0.000631626
-0.000794519
-0.00100367
-0.00116452
-0.00110653
0.202323
-0.00164022
0.179358
0.160098
0.170869
0.116324
0.141097
0.0719011
0.0917892
0.0451264
0.0563143
0.0300918
0.0363308
0.0209513
0.0248143
0.0143372
0.0172428
0.00880142
0.0112739
0.0039354
0.00610083
-0.000268518
0.00156174
-0.00369439
-0.00225932
-0.00625383
-0.00525749
-0.0078098
-0.00733368
-0.00820169
-0.00831643
-0.00747998
-0.00812614
-0.00584689
-0.00691117
-0.00352504
-0.0049068
-0.000733447
-0.00231723
0.0022227
0.00059648
0.00505271
0.00351562
0.00758567
0.00621055
0.00978057
0.00857178
0.0116712
0.0106138
0.0132971
0.0123676
0.0146831
0.0138727
0.0158272
0.0151387
0.0167221
0.0161598
0.0173614
0.0169272
0.0177436
0.0174361
0.0178793
0.0176923
0.0177861
0.0177102
0.0174839
0.0175093
0.016988
0.0171069
0.0163205
0.0165207
0.0155031
0.0157759
0.0145497
0.0148884
0.0134727
0.0138713
0.012282
0.0127361
0.0109841
0.0114908
0.00958219
0.0101404
0.0080756
0.00868619
0.00645903
0.00712522
0.00472163
0.00544967
0.00284537
0.0036452
0.000801548
0.0016896
-0.00145356
-0.00045202
-0.00397109
-0.00283163
-0.00681388
-0.00551113
-0.00970842
-0.00844804
-0.011033
-0.0112452
-0.00649993
-0.0128347
-0.00380244
0.176193
0.18912
0.157153
0.1657
0.144941
0.150301
0.138052
0.140917
0.135482
0.136271
0.136762
0.135661
0.141774
0.138804
0.150656
0.145722
0.163723
0.156648
0.18141
0.171967
0.204152
0.192134
0.232178
0.217511
0.265331
0.248152
0.302558
0.283563
0.340953
0.321877
0.375052
0.358977
0.396799
0.38799
0.399637
0.40073
0.382785
0.39348
0.350793
0.368182
0.311689
0.331649
0.271939
0.2916
0.235238
0.253061
0.203656
0.218743
0.177806
0.190034
0.157447
0.166968
0.142151
0.149211
0.131371
0.136236
0.124669
0.127538
0.121762
0.122758
0.122581
0.121703
0.127371
0.124464
0.136686
0.131421
0.151641
0.143368
0.162208
-0.398145
-0.142759
-0.435251
0.233618
-0.676036
-0.423143
-0.582182
-0.441049
-0.417783
-0.37788
0.697732
0.815953
0.885106
0.813756
0.669426
-0.355279
-0.362064
-0.417548
-0.430675
-0.633186
-0.244337
0.086858
-0.0646769
0.0515194
0.210425
0.184042
0.152028
0.121078
0.0957017
0.076135
0.061474
0.0507818
0.0431065
0.0375194
0.0332404
0.0296965
0.0265461
0.0235873
0.0207327
0.0179486
0.0152422
0.0126397
0.0101707
0.00786807
0.00574598
0.00382605
0.00211474
0.00064325
-0.000576607
-0.00151384
-0.00217326
-0.00254039
-0.00263939
-0.00244491
-0.00199218
-0.00126409
-0.000317022
0.000827443
0.00208071
0.00340268
0.0047104
0.00598185
0.00717135
0.00828659
0.00931023
0.0102716
0.011162
0.0120121
0.0128049
0.0135678
0.0142744
0.0149493
0.0155609
0.0161341
0.0166361
0.0170939
0.0174753
0.0178087
0.0180642
0.018271
0.0184018
0.0184854
0.0184966
0.0184642
0.0183638
0.0182244
0.0180219
0.0177851
0.0174903
0.0171659
0.0167883
0.0163854
0.0159337
0.0154606
0.0149429
0.0144078
0.0138295
0.0132315
0.0125913
0.0119389
0.0112495
0.0105468
0.00980597
0.00905142
0.00825836
0.00745049
0.00660244
0.00573708
0.0048284
0.00389793
0.00291907
0.00191169
0.000848131
-0.000254247
-0.0014252
-0.00265084
-0.00396693
-0.00536257
-0.00688507
-0.00852924
-0.0101231
-0.0119837
-0.0139519
-0.0150956
-0.018088
-0.00925464
0.0127057
-0.000148166
0.000195853
-9.77764e-05
-0.000261765
-0.000222941
-0.000170072
-0.000129093
-9.26351e-05
-5.68267e-05
-2.56979e-05
3.59625e-06
2.94551e-05
5.14356e-05
7.22445e-05
9.02898e-05
0.000106403
0.000121181
0.000134318
0.000145782
0.000155801
0.000164484
0.00017212
0.000179108
0.000185822
0.000192254
0.000198114
0.00020298
0.000206824
0.000209901
0.000212604
0.000215021
0.000217059
0.000218668
0.000219929
0.000220834
0.000221183
0.000220659
0.000219164
0.000216953
0.00021438
0.000211714
0.000208845
0.000205374
0.000201014
0.0001958
0.000190073
0.000183792
0.000176758
0.000168554
0.000159094
0.000148433
0.000136688
0.00012367
0.000109135
9.27529e-05
7.4259e-05
5.31912e-05
2.91342e-05
1.74234e-06
-2.9428e-05
-6.50482e-05
-0.00010499
-0.00014922
-0.000197268
-0.000243556
-0.000262805
-0.000203629
7.95858e-05
0.00112832
0.00472303
0.0135467
0.0124346
0.218947
0.193381
0.172881
0.148691
0.119174
0.0908957
0.0689788
0.0523803
0.0407662
0.031923
0.0261036
0.0213528
0.0181291
0.0149361
0.012527
0.00979745
0.00763942
0.00511318
0.00314176
0.000852392
-0.000846643
-0.00280262
-0.00413945
-0.00568801
-0.00659318
-0.00765982
-0.00804683
-0.00855146
-0.00836874
-0.00829686
-0.00757723
-0.00703704
-0.00590457
-0.00500675
-0.00356853
-0.00242033
-0.000794387
0.000468429
0.00213507
0.00336768
0.00494933
0.00605589
0.0074861
0.00843137
0.0097009
0.0104929
0.0116155
0.0122698
0.0132635
0.0137942
0.0146671
0.0150761
0.0158265
0.0161092
0.0167328
0.0168862
0.0173795
0.017404
0.0177691
0.0176686
0.017912
0.0176941
0.0178252
0.0175003
0.0175306
0.0171053
0.01704
0.0165229
0.016376
0.0157836
0.0155634
0.014901
0.0146143
0.0138887
0.0135416
0.0127581
0.0123553
0.0115177
0.0110621
0.0101727
0.00966561
0.00872451
0.00816535
0.00717086
0.00655657
0.00550442
0.00482904
0.00371172
0.00296524
0.00177067
0.000937228
-0.000352647
-0.00129708
-0.00271101
-0.00380439
-0.00539783
-0.00672995
-0.00826822
-0.0100456
-0.0119864
-0.0132381
-0.0155568
-0.0098107
-0.00589532
0.00975193
0.290096
0.220354
0.198608
0.180692
0.168335
0.158986
0.151759
0.146179
0.141998
0.139036
0.137185
0.136362
0.136518
0.137619
0.139665
0.142662
0.146636
0.151617
0.157652
0.164783
0.173073
0.182568
0.193324
0.205369
0.218728
0.23338
0.249281
0.266312
0.28428
0.302861
0.321601
0.339926
0.357081
0.372203
0.384321
0.392595
0.396335
0.395362
0.389734
0.37986
0.366299
0.349854
0.331375
0.311838
0.292046
0.272595
0.253946
0.23637
0.219997
0.204943
0.191281
0.179025
0.168154
0.15859
0.150284
0.143171
0.137199
0.132297
0.128425
0.125534
0.123602
0.122612
0.122573
0.123503
0.125456
0.128499
0.132769
0.138431
0.145753
0.155426
0.167669
0.273402
-0.359207
-0.0920124
0.0433157
0.0568433
0.0778959
0.0191252
0.0759349
-0.0723402
-0.0677341
0.0099011
-0.0606093
0.00986274
-0.00804786
0.00121613
0.00471004
0.0431409
-0.000212524
-0.199195
0.817126
-0.00243866
)
;

boundaryField
{
    frontandback
    {
        type            empty;
    }
    walls
    {
        type            zeroGradient;
    }
    diamond
    {
        type            zeroGradient;
    }
    inlet
    {
        type            zeroGradient;
    }
    outlet
    {
        type            fixedValue;
        value           uniform 0;
    }
}


// ************************************************************************* //
