/*--------------------------------*- C++ -*----------------------------------*\
  =========                 |
  \\      /  F ield         | OpenFOAM: The Open Source CFD Toolbox
   \\    /   O peration     | Website:  https://openfoam.org
    \\  /    A nd           | Version:  10
     \\/     M anipulation  |
\*---------------------------------------------------------------------------*/
FoamFile
{
    format      ascii;
    class       volScalarField;
    location    "31.5";
    object      p;
}
// * * * * * * * * * * * * * * * * * * * * * * * * * * * * * * * * * * * * * //

dimensions      [0 2 -2 0 0 0 0];

internalField   nonuniform List<scalar> 
6397
(
2.72574
2.33166
1.35895
1.33889
1.08061
1.17503
5.27311
1.53716
-10.7131
-12.8457
6.46433
4.00636
-0.162545
-0.0780862
-0.14469
-6.10118
-5.97959
-7.37094
12.3538
11.5524
11.0712
-18.3606
-18.1759
-16.7092
-0.030423
0.0343654
0.0560468
-2.05394
-1.86155
-1.95498
-1.83725
1.22824
1.33529
1.26941
0.966095
1.12236
1.13625
1.26315
0.788577
0.678785
0.775662
0.94763
-2.1088
0.498535
0.467949
1.1924
0.877919
0.91863
0.44601
0.541732
0.417525
0.564428
0.555579
5.73097
5.40575
1.9871
2.02691
0.632659
-2.8333
-2.46253
-3.10508
-3.19744
-3.07599
-2.81412
-2.50141
-2.2553
-2.14616
-2.21083
-1.62058
-2.1321
-1.47332
-1.7893
-1.92179
-1.95362
-1.91256
-1.80749
-1.71385
-1.68234
-1.78176
-2.04371
-1.39738
-1.88675
-2.47147
-2.49966
-1.42009
-1.76689
-2.9057
-3.14257
-1.53908
-1.76186
-3.49498
-3.97219
-1.75689
-2.06404
-4.18912
-4.93796
-1.13535
-1.87766
-1.45049
-0.825952
-0.939999
-0.809776
-0.788748
-0.919702
-0.861604
-0.93919
-0.938986
-0.972185
-0.939885
-1.30814
-1.0797
-2.28941
-1.70489
-4.12057
-3.09031
-5.30241
-2.45388
-3.26002
-2.78994
-2.22906
-2.24558
-2.79059
-2.41592
-3.89557
-3.32915
-4.55651
-4.37788
-3.94018
-4.40866
-2.76837
-3.34911
-1.99172
-2.31006
-1.77869
-1.82295
-2.43968
-2.30626
-2.41679
-6.37276
-5.8136
-2.29259
-3.74566
-2.59277
-6.95412
-6.32212
-6.93036
-1.46597
-1.58343
-2.27957
-1.48691
-4.86859
-0.667576
-1.0627
-0.2072
-0.391131
-0.071212
-0.108638
-0.092644
-0.0753678
-0.162479
-0.129629
-0.313729
-0.219806
-0.785453
-0.488944
-1.87595
-1.23773
-3.89422
-2.75688
-5.17871
-1.91607
-2.04195
-2.18472
-1.95328
-3.28747
-2.62367
-4.95479
-4.08693
-5.8891
-5.58095
-5.05813
-5.65082
-3.35852
-4.2023
-2.11742
-2.64638
-1.55567
-1.76681
-1.47635
-2.9323
-2.62352
-3.0937
-3.11341
-2.80988
-4.06337
-6.32497
-5.59086
-6.17817
-6.73059
-6.80851
-1.65455
-2.81812
-1.68002
-2.30509
-1.53561
-3.8709
-2.8734
-3.64303
-0.848103
-0.918431
-5.29262
-1.24116
-2.02251
-0.176851
-0.622888
0.333861
0.132088
0.512852
0.447849
0.514909
0.522566
0.432697
0.472887
0.245472
0.356575
-0.261458
0.0423978
-1.33079
-0.712775
-3.28001
-2.19407
-4.51415
-1.37717
-1.52352
-1.38627
-1.31263
-2.05201
-1.62551
-3.5974
-2.70535
-5.74558
-4.66349
-6.94199
-6.57554
-5.93133
-6.69231
-3.75007
-4.85504
-2.08814
-2.80731
-1.24268
-1.58236
-1.03476
-3.4882
-2.98327
-3.81063
-5.90485
-4.08141
-6.26423
-1.57706
-2.63358
-5.86228
-6.00002
-4.4588
-4.22634
-2.48975
-1.62908
-0.399733
-0.253024
-2.45851
-3.18175
-5.04457
-3.90722
-4.61368
-0.78899
-5.28377
-0.865189
-1.66091
0.242556
-0.233239
0.752771
0.54464
0.928846
0.870512
0.939366
0.949559
0.874507
0.915162
0.695349
0.80781
0.227919
0.507796
-0.731614
-0.175842
-2.41234
-1.48134
-4.37047
-3.44637
-4.5574
-4.88715
-2.72424
-3.7371
-0.697908
-0.702931
-0.731005
-0.59671
-0.629782
-0.867605
-0.668508
-1.79541
-1.23846
-3.64277
-2.5946
-6.13146
-4.88519
-7.52218
-7.09563
-6.36696
-7.24156
-3.85234
-5.13032
-1.9071
-2.75368
-0.859644
-1.2881
-0.58027
-3.94367
-3.28295
-4.35981
-1.39828
-0.627105
-2.74719
-1.78872
-3.75269
-5.61864
-3.71728
-0.789734
0.0792853
0.249883
-2.30141
-4.82587
-0.551861
-1.22529
-3.34056
-1.78435
-1.00471
-0.147941
-4.81287
-1.87251
-3.03541
-2.54826
-0.451932
-1.15763
0.559892
0.111827
1.04539
0.853238
1.21826
1.16006
1.24686
1.2447
1.19451
1.22877
1.03503
1.13767
0.633566
0.87422
-0.139892
0.30407
-1.44515
-0.721292
-2.89385
-2.24017
-3.0316
-3.17918
-1.50174
-2.38148
-0.124314
-0.718939
-0.0210133
0.012144
0.00454296
0.00950191
-0.0148476
0.0165254
0.0353291
-0.392064
-0.125269
-1.43045
-0.818449
-3.38502
-2.28328
-5.99795
-4.68866
-7.4717
-7.01382
-6.26141
-7.18411
-3.62685
-4.9645
-1.57636
-2.47613
-0.462541
-0.923016
-0.141125
-0.562342
-0.0576124
-0.420992
0.315542
-0.0898007
0.378385
-0.867373
-0.136967
-2.61738
-1.73698
-4.19368
-3.47811
-4.75641
-4.64652
-3.96919
-4.52114
-3.22654
-3.21744
-4.6304
-1.95541
-3.63074
-1.13736
-2.29932
-0.2154
-0.682411
-1.06729
0.630998
0.0118291
-2.23102
-2.39843
-4.04835
-1.20316
-1.81087
0.010391
-0.582749
0.829285
0.457323
1.25018
1.07814
1.40778
1.35037
1.43928
1.4345
1.40261
1.42957
1.26998
1.35625
0.961562
1.14485
0.401081
0.724605
-0.536923
-0.0204839
-1.48453
-1.06876
-1.51185
-1.59728
-0.446402
-1.07603
0.595015
0.145335
1.12832
0.907938
0.422302
0.167644
0.326105
0.461522
0.456774
0.504595
0.476886
0.458827
0.507377
0.0442453
0.310707
-0.967383
-0.373945
-2.84387
-1.78835
-5.3467
-4.08939
-6.79731
-6.33705
-5.62882
-6.52273
-3.10191
-4.38021
-1.13963
-2.00045
-0.0553913
-0.508065
0.480226
0.261308
0.783839
0.655047
0.87718
-0.950198
0.411557
-0.231461
-2.62021
-1.7584
-4.16658
-3.46593
-4.67419
-4.59709
-3.81283
-4.40796
-0.447872
-0.0428439
0.851314
1.29353
-2.22471
-3.05314
-2.6611
-3.58219
-1.71881
-2.6472
-1.19239
-1.57004
-0.924552
-0.57823
-0.325778
-0.776271
0.326594
1.40599
0.993207
0.0923165
-0.712754
-0.170669
1.50539
1.68818
1.76014
-1.42037
-1.81133
-1.10942
-3.23384
-1.39985
-1.55987
-0.542051
-1.03583
0.41254
-0.0487138
1.0607
0.771187
1.39608
1.25338
1.52806
1.47504
1.56005
1.54905
1.54311
1.55827
1.43986
1.50767
1.21178
1.34523
0.82726
1.04696
0.236008
0.554887
-0.304993
-0.0767913
-0.183734
-0.331381
0.435356
0.10054
1.08458
0.772695
1.48219
1.32127
1.60382
0.464756
0.300708
0.706714
0.601236
0.790112
0.761044
0.814395
0.804688
0.79438
0.834717
0.436737
0.66654
-0.455715
0.0698365
-2.11283
-1.18302
-4.30847
-3.20619
-5.58648
-5.17588
-4.57338
-5.35099
-2.37883
-3.48715
-0.660806
-1.41942
0.309838
-0.0999785
0.805701
0.595589
1.08017
0.958181
1.15926
0.279476
0.74744
-0.919925
-0.269556
-2.45502
-1.66321
-3.83499
-3.21682
-4.21766
-4.18801
-3.34375
-3.91844
-2.60293
-2.23878
-2.72549
-1.66075
-1.97251
-1.39236
-1.10083
-1.30518
-0.241793
-1.26615
0.543224
-0.501802
-1.23557
1.1078
1.81918
1.60053
0.12458
-0.916037
-0.128525
1.8344
2.01962
2.07176
-1.24729
-0.621039
-0.705141
-0.494658
-2.58936
-0.641137
-0.780052
0.0266248
-0.341636
0.735623
0.396553
1.22551
1.01363
1.48221
1.37923
1.59224
1.55072
1.63104
1.61819
1.63067
1.63712
1.55873
1.60423
1.41667
1.49535
1.19489
1.31874
0.850061
1.03745
0.532384
0.657965
0.729864
0.560149
1.1101
0.939354
1.43941
1.26409
1.72603
1.59904
1.89322
1.81825
1.95752
0.521822
0.339632
0.756041
0.654185
0.927513
0.843291
1.0171
0.983913
1.08054
1.04253
1.04241
1.07257
0.766425
0.948851
0.0360515
0.466989
-1.30149
-0.551919
-3.05094
-2.17501
-4.07402
-3.73922
-3.29082
-3.89933
-1.55526
-2.43588
-0.190716
-0.800753
0.609952
0.262522
1.04187
0.857841
1.26823
1.17141
1.3233
0.910807
1.1268
0.195093
0.595057
-0.856655
-0.28048
-2.16979
-1.50234
-3.27006
-2.79101
-3.48081
-3.51639
-2.63025
-3.16741
-1.9572
-2.03253
-2.18284
-1.79445
-1.57415
-1.78113
-0.804857
-1.88879
-0.0175529
-2.00104
0.671299
-1.94019
1.18563
-0.401718
-1.44418
1.74307
2.12454
1.64433
-0.173677
-2.2086
-0.0964079
0.296791
0.0926878
-0.0280809
-0.123782
0.456732
0.203736
0.968121
0.735613
1.33091
1.18042
1.52838
1.45372
1.62767
1.59107
1.68217
1.66097
1.70307
1.69888
1.67366
1.69341
1.5897
1.63693
1.43704
1.51974
1.23942
1.33745
1.12264
1.15668
1.29832
1.17212
1.55509
1.44778
1.69667
1.6245
1.86139
1.7823
1.99005
1.93039
2.08156
2.04212
2.06328
2.09098
0.558362
0.316064
0.426986
0.800804
0.685213
1.0052
0.910955
1.14034
1.0788
1.20627
1.18313
1.22489
1.21812
1.19978
1.22093
1.00923
1.13963
0.463847
0.788942
-0.540037
0.022099
-1.82525
-1.18383
-2.58722
-2.33542
-2.01494
-2.46112
-0.759018
-1.39726
0.231791
-0.216618
0.844035
0.570887
1.2009
1.04781
1.37602
1.30312
1.43118
1.41566
1.40102
0.67793
1.05168
0.900812
0.0549216
0.404416
-0.846043
-0.364458
-1.85451
-1.35562
-2.59896
-2.29077
-2.63089
-2.72672
-1.81706
-2.31359
-0.642451
-1.23068
0.301422
-0.0986067
-0.649714
0.272171
2.01093
1.97594
-2.05812
-1.91703
1.35402
-2.13175
-1.36777
0.719487
0.813111
1.0389
-2.44322
-0.645726
-2.79901
0.0804968
-3.07797
0.730565
-2.904
1.21626
-2.06892
2.08032
0.354558
-0.747773
1.71194
1.89745
1.86424
-2.08984
0.381396
0.515444
0.437425
0.369511
0.765345
0.582193
1.12856
0.953276
1.39486
1.27917
1.55358
1.4893
1.64932
1.60992
1.70988
1.68558
1.73773
1.72807
1.72323
1.73378
1.66362
1.69624
1.58466
1.62211
1.52246
1.54976
1.51249
1.50523
1.65498
1.56386
1.82855
1.75681
1.8889
1.86644
1.9515
1.91663
2.03941
1.99374
2.11254
2.08177
2.08133
2.11655
1.90045
2.00455
0.816435
0.979931
0.85338
0.884204
0.834966
0.998276
0.936437
1.13696
1.06377
1.25956
1.20484
1.32469
1.29944
1.33621
1.33755
1.29954
1.32817
1.16749
1.255
0.79024
1.01936
0.0848764
0.476936
-0.788996
-0.356234
-1.2827
-1.12819
-0.901328
-1.1935
-0.0859244
-0.502473
0.575789
0.272931
1.01327
0.815942
1.29151
1.17165
1.43485
1.37498
1.47257
1.46081
1.41971
0.765622
0.916566
0.340307
0.564577
-0.225482
0.0862444
-0.935481
-0.572467
-1.59525
-1.2863
-1.93895
-1.82548
-1.75237
-1.92069
-0.998182
-1.4315
-0.0522037
-0.521794
0.396627
0.624239
1.20473
1.74072
1.76928
-2.30275
-1.86369
0.958392
1.08925
-2.76915
-1.33535
-3.49716
-0.645323
-4.19263
0.0824561
-4.58264
0.721245
-4.10298
1.13137
-2.57058
1.88958
-0.507961
1.5898
1.51971
1.09375
1.7376
1.70567
1.89743
1.85793
0.720373
1.5941
1.61845
-2.2018
0.721477
0.830629
0.75011
0.707738
0.959655
0.83743
1.21934
1.08887
1.42186
1.32974
1.55526
1.49912
1.64467
1.60808
1.70294
1.67764
1.72988
1.71884
1.73719
1.73394
1.73085
1.73377
1.71542
1.72328
1.69971
1.70504
1.73382
1.70584
1.85858
1.78544
1.97914
1.93069
2.00695
2.00085
2.02138
2.01206
2.06342
2.03986
2.10359
2.08903
2.06144
2.09652
1.91168
1.99638
1.68633
1.80855
1.30044
1.48723
1.0877
1.15955
1.12129
1.08321
1.19023
1.15929
1.25813
1.22181
1.3194
1.29048
1.3689
1.34716
1.38812
1.38426
1.35883
1.38096
1.26482
1.32547
1.00951
1.16546
0.547769
0.801825
0.0163236
0.270825
-0.23517
-0.16593
-0.0316032
-0.186227
0.416342
0.179827
0.828371
0.633702
1.12845
0.991655
1.33453
1.24342
1.4377
1.39914
1.4243
1.45089
1.34238
1.40929
1.24871
0.356011
0.570231
-0.116122
0.121983
-0.636741
-0.371069
-1.11251
-0.88562
-1.41129
-1.29392
-1.3807
-1.44838
-0.96143
-1.21372
-0.245517
-0.631019
0.515748
0.148158
1.11753
0.853306
1.20353
1.19765
-2.82369
-2.01755
1.56172
1.46868
1.19927
1.31887
1.28793
1.72648
1.6304
-3.83082
-1.50404
-5.09807
-0.785703
-6.1755
0.0330648
-6.43254
0.635429
-5.16558
1.22853
-2.51483
1.71598
0.141955
1.46458
2.04466
1.95464
1.98061
2.11696
1.64901
1.49158
2.12769
1.39177
1.08146
1.39952
-2.55541
1.05882
1.12513
0.930446
0.995259
0.934786
0.915648
1.07348
0.996114
1.26431
1.168
1.43062
1.35102
1.55121
1.49487
1.64005
1.59877
1.70362
1.67457
1.74593
1.72649
1.76698
1.75837
1.76535
1.76757
1.76258
1.76154
1.79088
1.77154
1.86291
1.82257
1.96437
1.91284
2.04555
2.01309
2.06052
2.05852
2.06407
2.06142
2.08011
2.07075
2.09362
2.09081
2.04409
2.07935
1.91514
1.98773
1.82664
1.74376
1.86922
1.47066
1.59887
1.31621
1.37502
1.26779
1.2834
1.27513
1.26569
1.33131
1.2973
1.39432
1.36656
1.42385
1.41344
1.42646
1.42896
1.39569
1.41878
1.3165
1.36567
1.1367
1.24379
0.846278
1.00073
0.577046
0.696963
0.459595
0.495699
0.536987
0.473104
0.758827
0.633417
1.01042
0.888056
1.2059
1.1151
1.34396
1.28178
1.41508
1.39121
1.40482
1.42917
1.30198
1.37825
1.21757
0.405174
0.564543
-0.112394
0.1673
-0.702373
-0.408354
-1.16168
-0.961656
-1.36567
-1.29395
-1.28642
-1.36474
-0.920419
-1.14153
-0.301172
-0.630685
0.371436
0.0381074
0.951095
0.686349
1.29722
1.15892
1.36284
1.41655
1.36725
1.4602
1.54931
-3.73606
-2.4173
-5.4347
-1.84673
-7.33391
-0.993445
1.34948
-8.56771
-0.0455901
-8.04135
0.499245
-5.26077
1.2002
1.94509
1.81988
1.72779
1.84658
-1.61752
1.43409
2.10399
1.0674
1.3242
2.27359
2.13315
1.20314
1.42453
0.694342
0.515923
1.37499
1.48002
0.640184
-3.2174
1.20585
1.34741
1.27505
1.1077
1.14929
1.04551
1.07096
1.04983
1.03541
1.14702
1.09017
1.29118
1.21622
1.42901
1.36028
1.53821
1.4851
1.62214
1.58241
1.68455
1.65558
1.72869
1.70866
1.76091
1.74592
1.78768
1.77403
1.81521
1.80098
1.85028
1.83072
1.91412
1.87782
2.0043
1.9579
2.07008
2.04437
2.07997
2.07964
2.07785
2.07812
2.0828
2.07964
2.07996
2.08491
2.0288
2.06214
1.92223
1.9814
1.76901
1.84984
1.62313
1.69013
1.41776
1.52634
1.56876
1.85469
1.86152
1.75107
1.81057
1.56469
1.66029
1.40428
1.47429
1.35608
1.36537
1.37278
1.36443
1.39489
1.38192
1.42236
1.40961
1.43772
1.43178
1.43494
1.4388
1.40547
1.4225
1.33786
1.37842
1.20206
1.27949
1.02162
1.11133
0.899819
0.950998
0.847257
0.867143
0.865346
0.849753
0.97018
0.909924
1.11931
1.04399
1.25168
1.18888
1.34365
1.30164
1.3863
1.37202
1.36605
1.38595
1.26971
1.32691
1.06309
1.18076
0.925006
0.0173442
0.297054
-0.698336
-0.328926
-1.41503
-1.06951
-1.79461
-1.66514
-1.70188
-1.80306
-1.22953
-1.50605
-0.546534
-0.904579
0.212629
-0.168364
0.874209
0.568137
1.30709
1.12719
1.46993
1.41142
1.48312
1.49434
1.45678
-5.11676
-3.06123
1.49545
1.6231
1.61351
-7.61244
-2.26533
1.22705
-9.93716
-1.1657
-10.594
-0.148748
1.24071
1.58422
1.52327
1.3683
1.39215
-8.36156
0.375816
1.67151
-3.96083
1.14188
1.35087
1.28044
2.00243
-0.0564477
1.11303
2.29886
1.94484
1.08388
2.43095
1.31581
1.39603
1.35019
1.47409
0.787056
0.667665
1.42189
-4.22607
1.21412
1.26471
1.14441
1.17465
1.10883
1.11953
1.12321
1.10754
1.19679
1.15341
1.30962
1.2513
1.42607
1.36818
1.52622
1.47723
1.60784
1.56885
1.67252
1.6429
1.72189
1.69924
1.75875
1.74197
1.78799
1.7734
1.8227
1.80352
1.87563
1.84645
1.94364
1.90848
2.01441
1.97931
2.06435
2.04401
2.07897
2.07505
2.0773
2.07876
2.07485
2.07587
2.06388
2.07226
2.01719
2.04624
1.92773
1.97704
1.80749
1.86991
1.69211
1.74599
1.65016
1.71984
1.64357
1.77212
1.75976
1.70551
1.75674
1.57866
1.64724
1.47716
1.5196
1.43162
1.44941
1.41282
1.42046
1.41868
1.41196
1.43943
1.42952
1.44822
1.44557
1.43929
1.44541
1.4086
1.42746
1.3491
1.38239
1.24884
1.30338
1.13968
1.19011
1.08448
1.10508
1.05881
1.07111
1.05011
1.05158
1.0988
1.0718
1.18118
1.14081
1.26428
1.22651
1.32598
1.29763
1.34877
1.33797
1.32081
1.33162
1.22579
1.2661
1.04393
1.14236
0.934695
0.274317
0.602877
0.496768
-0.394948
-0.0323116
-1.33471
-0.841207
-2.23945
-1.82091
-2.54514
-2.48895
-2.1268
-2.41495
-1.25429
-1.72714
-0.255148
-0.752094
0.622577
0.20846
1.24293
0.972877
1.56819
1.43897
1.63309
1.62366
1.5912
1.61815
1.53968
1.46389
1.61592
-6.93151
-3.84079
0.965863
-10.0304
-2.60464
1.1952
1.22404
1.07816
1.01217
-12.0404
-1.23317
1.05679
1.17153
-11.0352
-0.253674
1.43175
-6.624
0.261832
1.27369
1.1085
1.79776
-1.62138
1.01553
1.16384
2.21709
1.50405
0.76546
2.54009
2.52215
1.36336
0.6392
1.44004
1.62489
-5.50484
1.27916
1.31657
1.30492
1.21489
1.24683
1.16836
1.18777
1.14879
1.15292
1.17002
1.15268
1.23234
1.19594
1.32431
1.27655
1.42372
1.37421
1.51447
1.46998
1.59196
1.55468
1.65536
1.62489
1.70765
1.68324
1.75133
1.73078
1.7911
1.77134
1.83124
1.81069
1.87838
1.85292
1.94012
1.90787
2.0073
1.97532
2.05071
2.03315
2.06537
2.06052
2.06692
2.06711
2.06218
2.06511
2.0479
2.05725
2.00751
2.03132
1.9351
1.97489
1.84239
1.88996
1.75532
1.79556
1.71244
1.72585
1.73736
1.7166
1.65294
1.81551
1.7697
1.48352
1.36159
1.64538
1.57958
1.70187
1.6855
1.6672
1.69387
1.5937
1.6339
1.50877
1.55018
1.45575
1.47635
1.44026
1.44476
1.44188
1.43975
1.44988
1.44619
1.44941
1.45109
1.43435
1.44387
1.40482
1.41601
1.35726
1.38358
1.28701
1.32332
1.22171
1.24936
1.19185
1.20159
1.17124
1.1801
1.15697
1.16036
1.17357
1.16276
1.21619
1.19589
1.26367
1.24462
1.29556
1.28407
1.29749
1.29988
1.25675
1.28274
1.15922
1.22348
1.01349
1.10818
0.833646
0.933326
0.721693
-0.0149382
0.256784
-0.850981
-0.392624
-2.04274
-1.40544
-3.13205
-2.65436
-3.34328
-3.36872
-2.59738
-3.07047
-1.3386
-1.99706
-0.0637978
-0.680835
0.931703
0.479604
1.54472
1.28804
1.78534
1.70304
1.76585
1.79868
1.67002
1.71568
1.51152
1.6034
1.37076
1.4376
0.772642
-8.86608
-4.52872
1.3173
0.26124
0.929659
0.829302
-11.8394
-2.74046
1.87687
1.72469
0.774533
0.941919
-12.3921
-1.22411
1.45442
1.15849
-9.19866
-0.39638
1.21646
0.869492
1.50736
-3.71841
0.155519
1.04027
1.99895
0.737164
0.642289
0.940542
2.49376
2.56462
0.412638
2.76377
1.95639
2.05119
2.10107
0.793939
0.690622
-6.76633
1.27938
1.24552
1.2806
1.24181
1.26065
1.20547
1.22001
1.1811
1.19008
1.1756
1.17444
1.20035
1.18301
1.25621
1.22454
1.33484
1.2942
1.42175
1.37871
1.50456
1.46418
1.57808
1.54257
1.64055
1.61083
1.69333
1.66835
1.73881
1.71705
1.78156
1.76016
1.82725
1.80355
1.87893
1.85205
1.93434
1.90617
1.98777
1.96135
2.02819
2.01067
2.04726
2.04022
2.05094
2.05039
2.04638
2.04959
2.03261
2.04104
1.99947
2.01904
1.94309
1.97386
1.87334
1.90865
1.81083
1.83879
1.79041
1.79368
1.83248
1.80331
1.92795
1.87511
1.98745
1.02058
0.817311
0.908718
1.25361
1.13566
1.45806
1.36303
1.58829
1.53381
1.63844
1.62227
1.634
1.64306
1.57936
1.61257
1.51285
1.54364
1.47509
1.49069
1.45659
1.46442
1.44845
1.45119
1.44893
1.44844
1.44425
1.44759
1.4285
1.43774
1.40227
1.41575
1.36295
1.38436
1.31268
1.33824
1.26986
1.28834
1.2476
1.25616
1.22836
1.2377
1.21271
1.21879
1.21125
1.21041
1.22873
1.21931
1.25302
1.24223
1.26576
1.26218
1.25387
1.26389
1.20751
1.23596
1.11803
1.16924
0.991344
1.05887
0.82972
0.908636
0.618928
0.726247
-0.271153
0.0354827
-1.2568
-0.704691
-2.6819
-1.92204
-3.92645
-3.39629
-4.08332
-4.16838
-3.03969
-3.6842
-1.43238
-2.25533
0.0711784
-0.642082
1.15536
0.676412
1.73643
1.5033
1.9201
1.8684
1.86356
1.91302
1.71723
1.78992
1.52416
1.63176
1.36357
1.4372
1.3025
0.662152
-10.2617
-4.79166
2.03223
2.08858
2.1455
0.470437
1.18901
1.83752
0.466717
0.714184
-11.9553
-2.66808
1.53929
0.869917
-10.4712
-1.21834
1.22246
0.534078
1.16577
-6.03649
-0.662934
0.945236
1.63034
-0.83316
0.00861078
0.627015
0.748445
2.26226
2.36848
-0.0219096
2.77108
3.05579
0.78302
0.445276
0.527109
-7.51749
1.2291
1.22843
1.21067
1.21935
1.19261
1.19893
1.18358
1.18557
1.19012
1.18452
1.21935
1.20204
1.27205
1.24358
1.34197
1.30621
1.41943
1.38111
1.49546
1.45837
1.56486
1.53129
1.62612
1.59622
1.67956
1.65381
1.72689
1.70387
1.77132
1.74924
1.81619
1.7933
1.86573
1.84002
1.91806
1.8919
1.96811
1.94445
2.00365
1.98808
2.0236
2.01533
2.03197
2.02914
2.03017
2.03239
2.01809
2.02536
1.99272
2.00747
1.95145
1.97379
1.90114
1.92674
1.86166
1.87763
1.8613
1.85548
1.91149
1.87947
2.0091
1.95673
2.1069
2.06117
2.05539
2.14389
2.21879
2.15092
1.08823
0.941111
1.00295
1.27841
1.18358
1.44226
1.36633
1.54337
1.50101
1.59163
1.57224
1.5959
1.6
1.5571
1.57992
1.51309
1.53403
1.47955
1.49519
1.45824
1.46731
1.44823
1.45207
1.44421
1.44588
1.43659
1.44106
1.42094
1.42952
1.39756
1.41017
1.3647
1.38213
1.32693
1.3457
1.29543
1.3095
1.27568
1.28459
1.25521
1.26662
1.23537
1.24587
1.22641
1.22998
1.23167
1.22819
1.23927
1.23446
1.23558
1.23697
1.21106
1.22563
1.15969
1.19012
1.07566
1.12192
0.958878
1.01811
0.809484
0.883487
0.629903
0.723676
0.171773
0.360335
-0.41854
-0.0793252
-1.56609
-0.91633
-3.19246
-2.34303
-4.53568
-3.97088
-4.62772
-4.77067
-3.34899
-4.12269
-1.49258
-2.43182
0.16447
-0.611872
1.31316
0.809301
1.89285
1.66906
2.02046
2.00903
1.89654
1.97393
1.71517
1.80481
1.52005
1.62385
1.34711
1.43053
1.26967
1.96888
0.0404472
0.496282
-10.0987
-4.69854
1.11978
0.917617
1.691
0.578216
-10.1037
-2.47574
1.02419
2.25497
2.32659
1.32015
0.640788
0.45952
0.156979
0.794624
-7.3298
-1.36014
0.933895
1.17244
-2.96323
-1.03446
0.25209
0.595972
1.80285
1.19836
-0.369296
0.377874
2.55311
3.19614
-0.710631
1.99592
2.10334
3.15308
2.2121
0.207104
0.308914
-7.35881
1.18109
1.16299
1.18197
1.18515
1.17824
1.17891
1.18167
1.17857
1.19746
1.18836
1.2305
1.2126
1.2815
1.25467
1.34599
1.31311
1.41674
1.38151
1.48718
1.45252
1.55287
1.52085
1.61219
1.58315
1.6653
1.63943
1.71315
1.68964
1.75886
1.73612
1.8043
1.7814
1.85135
1.82753
1.89919
1.87518
1.94474
1.92287
1.97944
1.96383
2.00018
1.99158
2.0104
2.0063
2.01271
2.01269
2.00511
2.01013
1.98687
1.99714
1.95921
1.97413
1.92586
1.94262
1.90602
1.91236
1.92227
1.90919
1.97763
1.94372
2.07192
2.02202
2.15856
2.11847
2.27856
2.20231
0.937164
0.808762
1.04839
1.04186
1.02952
1.15326
1.0885
1.30106
1.22622
1.43089
1.37068
1.5112
1.47736
1.55088
1.53503
1.55925
1.55929
1.53659
1.55104
1.5021
1.5193
1.4737
1.48697
1.45418
1.46283
1.44254
1.44747
1.43535
1.43848
1.42596
1.43109
1.4107
1.41881
1.38973
1.40097
1.36244
1.3767
1.33253
1.34751
1.30638
1.31865
1.2863
1.29629
1.26536
1.27684
1.24488
1.2558
1.23092
1.23745
1.22383
1.22621
1.21788
1.21951
1.20344
1.21042
1.1722
1.18959
1.1179
1.1481
1.03589
1.07968
0.925865
0.98248
0.789553
0.859615
0.637981
0.718509
0.508753
0.579417
0.194134
0.416251
0.364163
-0.447753
-0.0713876
-1.72819
-1.00574
-3.44587
-2.5714
-4.7699
-4.21829
-4.82517
-4.99002
-3.45484
-4.2809
-1.49079
-2.48375
0.233888
-0.569772
1.39374
0.891091
1.94096
1.73981
2.07081
2.07712
1.91494
2.01081
1.69405
1.80185
1.49749
1.5952
1.31905
1.41086
1.12793
1.21969
1.07121
1.86014
0.29757
-8.52436
-4.13405
1.06196
2.37568
0.433895
1.49846
2.01652
1.87843
0.726923
0.539274
-0.438082
0.410808
-7.34771
-2.37189
1.0423
0.690965
-4.48144
-1.78801
-0.187084
2.15034
0.566196
1.20954
-0.819905
-1.43092
0.185446
2.02568
2.38378
-1.1153
-0.0430107
2.92741
3.48227
2.39714
-0.102103
0.213667
-0.0993968
2.34841
0.0487201
-6.25999
1.12945
1.09859
1.1523
1.14415
1.16159
1.15644
1.17565
1.16741
1.19968
1.1866
1.23667
1.21716
1.28676
1.26077
1.34721
1.31648
1.4129
1.3801
1.47891
1.4463
1.54152
1.51091
1.59904
1.57083
1.65142
1.6258
1.69916
1.67564
1.74462
1.72201
1.78947
1.76695
1.83508
1.81217
1.87988
1.85765
1.92109
1.90143
1.95403
1.93877
1.97675
1.96679
1.98955
1.98431
1.99429
1.99285
1.99137
1.99391
1.98125
1.9872
1.96506
1.97385
1.94655
1.95534
1.94373
1.94191
1.97021
1.95325
2.03084
1.9956
2.12247
2.07476
2.20705
2.16605
2.32844
2.25699
2.48039
2.508
2.41391
2.44804
0.993927
0.874576
1.14101
1.18047
1.09468
1.13212
1.12424
1.20905
1.16303
1.32092
1.26416
1.42291
1.37503
1.48696
1.46042
1.51747
1.50488
1.52853
1.52583
1.51331
1.52406
1.48603
1.49959
1.46338
1.47412
1.44499
1.45356
1.43233
1.43775
1.42357
1.42757
1.41311
1.41865
1.39862
1.40625
1.38001
1.38995
1.35652
1.36873
1.33119
1.34388
1.30808
1.31927
1.288
1.2985
1.26632
1.2783
1.24416
1.25557
1.22562
1.23418
1.21079
1.2167
1.19589
1.20256
1.17301
1.18538
1.13607
1.15695
1.07978
1.11025
0.999717
1.0416
0.895624
0.94956
0.772407
0.835919
0.643499
0.709995
0.515783
0.58254
0.448115
0.353465
0.394588
0.371597
0.210432
0.327841
-0.393588
-0.0114863
-1.67506
-0.953506
-3.34735
-2.50614
-4.62582
-4.09023
-4.6753
-4.84151
-3.32172
-4.1352
-1.4136
-2.37611
0.272158
-0.515539
1.4229
0.920874
1.98293
1.77398
2.07156
2.07972
1.90448
2.00297
1.68097
1.79131
1.47229
1.57535
1.28212
1.37961
1.0895
1.17731
0.986818
1.0327
1.70224
0.319546
-0.4973
-0.328484
0.0334645
-1.37676
-0.478285
0.0303932
-6.41722
-3.62967
1.24294
0.166309
-5.01897
-2.51679
2.59145
2.60756
-1.01641
2.30734
2.53875
2.50796
1.22002
1.2532
0.360719
0.413009
0.371485
0.943057
0.949071
0.899713
0.671174
0.61862
-2.64576
-2.5235
1.71103
1.88908
0.0964901
1.25995
0.517622
-2.14225
-0.596643
-0.331828
-1.01827
-0.797922
2.3076
3.14111
-2.06416
3.2737
-0.280306
-5.00303
1.01776
0.981736
1.08099
1.05097
1.11931
1.10353
1.14327
1.13178
1.1671
1.15451
1.19777
1.18145
1.23818
1.217
1.28846
1.26253
1.34648
1.31705
1.40849
1.3775
1.4708
1.43993
1.53062
1.50123
1.58644
1.55903
1.63788
1.61267
1.68534
1.66194
1.73021
1.70794
1.77389
1.75207
1.81724
1.79558
1.85943
1.83857
1.89818
1.87927
1.92985
1.91512
1.95283
1.94237
1.96869
1.96169
1.97676
1.97372
1.97852
1.97827
1.97609
1.9778
1.96972
1.97335
1.96433
1.96604
1.97556
1.96717
2.00909
1.98944
2.07366
2.03689
2.16297
2.11724
2.25339
2.20776
2.3732
2.30735
2.53308
2.4489
2.56941
0.843525
0.490632
0.677478
1.0742
0.965799
1.23534
1.16293
1.20622
1.20337
1.26206
1.22762
1.34019
1.2994
1.41746
1.38062
1.46732
1.44664
1.49128
1.48119
1.50061
1.49817
1.48965
1.49756
1.46789
1.47892
1.44887
1.45794
1.43188
1.44001
1.4191
1.42467
1.40962
1.4141
1.39879
1.40447
1.38522
1.39234
1.36827
1.37737
1.34757
1.35828
1.32595
1.33677
1.30468
1.31534
1.28368
1.29478
1.26072
1.27292
1.23764
1.2492
1.21616
1.22626
1.19566
1.205
1.17348
1.18452
1.1444
1.16022
1.10309
1.12583
1.04513
1.076
0.966827
1.00777
0.868913
0.919751
0.756977
0.814314
0.638725
0.698659
0.518494
0.578207
0.462546
0.312067
0.340495
0.193589
0.280117
-0.304398
0.0285729
-1.4402
-0.808609
-2.91621
-2.17143
-4.06924
-3.58365
-4.12378
-4.265
-2.95887
-3.66001
-1.2703
-2.12984
0.273469
-0.453179
1.35159
0.878602
1.89877
1.68841
2.0233
2.00461
1.88727
1.97397
1.6693
1.77968
1.44285
1.55738
1.24028
1.338
1.0646
1.14403
1.00263
1.49253
0.251708
-0.977203
-0.321908
-4.80771
-3.47516
2.62205
-2.17908
2.47989
1.29858
0.420942
0.374649
0.898298
0.852732
0.888738
-0.0547994
-3.64076
-3.10956
2.06003
0.16939
0.417864
-1.46773
-3.61695
1.49749
1.72715
-1.60812
-0.517696
-1.70152
-1.39844
1.31907
1.53031
-3.568
-1.02782
2.70148
3.56145
-0.0450214
-0.431091
-0.717404
-4.25833
0.978354
0.940269
1.04218
1.01281
1.08814
1.06669
1.12334
1.10641
1.15646
1.13967
1.19327
1.17414
1.23679
1.21423
1.2874
1.26141
1.34375
1.31517
1.40321
1.37342
1.46286
1.43325
1.52027
1.49197
1.57439
1.5478
1.62464
1.59999
1.67147
1.6484
1.71555
1.69373
1.75811
1.73693
1.79948
1.77893
1.83911
1.81954
1.87573
1.85787
1.90657
1.89204
1.93012
1.91922
1.94768
1.93961
1.95919
1.95423
1.96588
1.96294
1.97019
1.96828
1.97271
1.9716
1.97905
1.97458
2.00146
1.98793
2.04219
2.01944
2.10861
2.07172
2.19691
2.15133
2.29386
2.24405
2.41149
2.34947
2.55792
2.4816
2.71419
2.7238
2.63989
2.69457
2.70603
2.67503
2.69659
-3.23315
2.64921
2.65912
0.96944
0.69348
0.84021
1.16611
1.07439
1.29294
1.24264
1.35484
1.40281
1.35237
1.28681
1.3155
1.26896
1.27077
1.30315
1.281
1.35804
1.32946
1.41358
1.38681
1.45184
1.43568
1.46948
1.46247
1.47522
1.47379
1.4666
1.47284
1.44833
1.45769
1.43179
1.43973
1.41633
1.42383
1.40378
1.40943
1.39396
1.39872
1.38325
1.38884
1.37042
1.37716
1.35531
1.36323
1.33719
1.3465
1.31757
1.32756
1.29698
1.30753
1.27569
1.28682
1.25251
1.26455
1.2281
1.24028
1.20345
1.21543
1.1786
1.19078
1.15146
1.16549
1.11797
1.13603
1.07341
1.09723
1.01387
1.04516
0.937209
0.977351
0.844782
0.892887
0.740254
0.793698
0.62965
0.685364
0.520786
0.573514
0.471021
0.330228
0.332917
0.333249
0.296013
0.319515
0.194712
0.260705
-0.165306
0.0770737
-1.03661
-0.547019
-2.23438
-1.62071
-3.23359
-2.8041
-3.35051
-3.42855
-2.46394
-3.00782
-1.08472
-1.79667
0.241065
-0.390725
1.22089
0.783342
1.75362
1.54343
1.89689
1.86358
1.81548
1.87326
1.63389
1.7316
1.40496
1.52402
1.19506
1.29204
1.03517
1.10876
0.908423
0.968498
0.804077
0.852931
1.20011
0.513401
-1.65118
-0.718807
-3.99437
-3.73897
2.24393
0.435108
-0.360486
-2.78836
-4.42165
1.92492
2.80687
2.80855
1.40428
1.44757
-2.88786
0.302222
0.332742
0.297555
0.760208
0.751042
0.705629
-0.487622
-0.876538
0.326431
-0.509227
-5.42064
1.19258
1.47624
-1.34003
-2.14551
1.5978
2.2785
-5.6825
-2.65734
-2.25759
2.95859
2.63953
2.81463
2.82595
0.29322
0.0235271
-1.2884
-4.08435
2.44295
0.856723
0.810236
0.940446
0.899973
1.00788
0.976439
1.05996
1.03585
1.1034
1.08231
1.14415
1.12383
1.18642
1.16487
1.23305
1.20917
1.28451
1.25827
1.33983
1.31186
1.39723
1.36846
1.45472
1.42613
1.5103
1.48284
1.56294
1.53703
1.61203
1.58793
1.65788
1.63531
1.70098
1.67971
1.74223
1.72176
1.78186
1.76226
1.81938
1.80089
1.85405
1.83715
1.88384
1.86967
1.9081
1.89659
1.92737
1.91838
1.94175
1.9351
1.9531
1.94763
1.96352
1.9584
1.97389
1.96852
1.99062
1.9808
2.02181
2.00431
2.0695
2.04336
2.13844
2.10127
2.22587
2.18033
2.32718
2.27478
2.44523
2.38398
2.58304
2.5116
2.73507
2.65815
2.80541
2.80511
2.8057
2.80916
2.80807
0.907475
0.647992
0.786847
1.1073
1.01351
1.26391
1.18942
1.36512
1.31331
1.45669
1.4134
1.34331
1.36929
1.32274
1.32763
1.33958
1.3276
1.37389
1.35559
1.41167
1.39316
1.43926
1.4275
1.45058
1.4465
1.45258
1.45257
1.44431
1.44984
1.42842
1.43665
1.41307
1.42044
1.39908
1.40589
1.38677
1.39254
1.37684
1.38164
1.36672
1.372
1.35484
1.36104
1.34114
1.34828
1.32505
1.33344
1.30678
1.31609
1.28734
1.29739
1.26613
1.2772
1.24218
1.25451
1.21643
1.22929
1.18963
1.20291
1.16169
1.17578
1.13084
1.1469
1.09361
1.11337
1.0462
1.07116
0.985706
1.01736
0.910711
0.949933
0.822333
0.868204
0.723773
0.773951
0.618947
0.671489
0.518971
0.568076
0.421813
0.470732
0.375375
0.315133
0.308534
0.320601
0.320881
0.263491
0.300628
0.0250103
0.183624
-0.582041
-0.23254
-1.48207
-1.01378
-2.27509
-1.9297
-2.42902
-2.44782
-1.8681
-2.2245
-0.881219
-1.40191
0.149395
-0.352129
0.973353
0.597079
1.48708
1.2675
1.71162
1.63474
1.69206
1.7234
1.54849
1.63023
1.33989
1.44915
1.14072
1.23376
0.986775
1.05897
0.857035
0.919968
0.800913
0.808614
0.495179
-2.60413
-1.25006
-3.71534
-4.78967
2.13456
2.84446
2.61816
2.81239
1.49499
-4.76012
0.330604
0.291493
0.719949
0.665542
-0.223361
-0.296518
-0.723551
-2.322
-6.58391
1.69731
-1.446
-3.32843
0.0454836
0.163992
-8.12191
-1.59058
-2.44782
1.4604
2.61818
2.88221
1.03078
0.994465
0.935868
0.674115
3.05505
3.12817
-2.08206
-4.53858
2.37447
0.819441
0.772012
0.904194
0.863382
0.976132
0.942106
1.03436
1.00666
1.08438
1.06006
1.13125
1.10802
1.17821
1.15457
1.22753
1.20252
1.27995
1.25338
1.33485
1.30719
1.39091
1.36285
1.44665
1.41892
1.50059
1.4739
1.55184
1.52656
1.59991
1.57628
1.64477
1.62272
1.68682
1.6661
1.72669
1.70698
1.76456
1.74587
1.80024
1.78267
1.83328
1.81715
1.86207
1.84826
1.8865
1.87471
1.90728
1.89738
1.92427
1.91613
1.93978
1.93204
1.9558
1.94769
1.97343
1.96417
1.99901
1.98475
2.03759
2.01666
2.09133
2.06229
2.16357
2.12529
2.25145
2.20572
2.35515
2.30122
2.47458
2.41328
2.60558
2.53836
2.74722
2.67565
2.89016
2.8921
2.81988
2.89569
2.89145
2.90662
2.90118
2.93497
2.92542
2.97513
2.95035
3.00678
1.12765
1.06002
1.25048
1.19082
1.35728
1.30665
1.43943
1.3989
1.51286
1.47765
1.52959
1.57562
1.54464
1.44801
1.48688
1.39072
1.4154
1.36747
1.3743
1.3707
1.36677
1.38815
1.3782
1.41129
1.39969
1.42882
1.4214
1.43444
1.43294
1.43208
1.434
1.42303
1.42844
1.40806
1.41589
1.39343
1.40037
1.38037
1.3868
1.36826
1.37402
1.35879
1.36328
1.34945
1.35433
1.33854
1.34415
1.32631
1.33262
1.31179
1.31939
1.29505
1.30365
1.27648
1.28616
1.25519
1.26628
1.23078
1.24327
1.20415
1.21756
1.17561
1.19005
1.14516
1.16072
1.11126
1.12885
1.07111
1.09212
1.02145
1.04739
0.960366
0.992286
0.886812
0.925166
0.801657
0.845536
0.707371
0.755293
0.608593
0.657922
0.512085
0.560057
0.418296
0.464749
0.373835
-8.07377
-4.0729
-3.49526
0.279169
0.257206
0.267914
0.309009
0.292439
0.352976
0.329992
0.359739
0.35756
0.252988
0.330279
-0.0972017
0.115117
-0.69473
-0.374878
-1.28943
-1.01912
-1.53333
-1.46609
-1.30042
-1.47539
-0.706407
-1.03169
0.00746042
-0.351565
0.661882
0.350992
1.13328
0.921612
1.42123
1.30113
1.5017
1.48624
1.41597
1.47486
1.24453
1.3342
1.0719
1.15592
0.921445
0.992791
0.796956
0.856688
0.692931
0.742236
0.60812
0.648304
0.210479
0.32463
-3.90105
-1.90405
-4.10587
-6.85362
1.95274
2.59626
-1.23177
-6.18058
-1.28316
-2.34042
-9.49788
1.32667
1.3484
-0.754045
1.34152
3.22431
2.92818
2.96337
2.96152
1.56369
1.60607
-2.58647
-0.251469
0.521007
-10.8136
-2.48269
0.570051
0.546633
0.50808
0.228795
0.247177
0.214628
-3.77436
2.0182
0.362202
3.4851
3.30998
3.61681
0.898254
-0.187303
-3.05199
-5.93383
2.2638
0.682592
0.62728
0.785307
0.735855
0.87198
0.830068
0.947017
0.910948
1.01059
0.980058
1.06629
1.03919
1.11819
1.09253
1.16917
1.14367
1.22097
1.19491
1.27434
1.24746
1.32902
1.30155
1.38415
1.35657
1.43863
1.41152
1.49128
1.4652
1.54128
1.51661
1.58825
1.56513
1.63208
1.61055
1.67306
1.65289
1.71161
1.69262
1.74781
1.72998
1.78176
1.76503
1.81325
1.79785
1.84112
1.82764
1.86562
1.85367
1.88723
1.87677
1.90645
1.89697
1.92572
1.91592
1.94668
1.93593
1.9711
1.95819
2.00431
1.98631
2.04938
2.02534
2.10867
2.07703
2.18437
2.14463
2.27422
2.22764
2.37926
2.32471
2.49871
2.43769
2.62627
2.56163
2.76101
2.69294
2.89843
2.83029
2.97757
2.96866
3.00598
2.99046
3.05521
3.02897
3.13134
3.08887
3.25983
3.18565
3.36216
1.3437
1.32915
1.3937
1.36666
1.45335
1.42342
1.51114
1.48209
1.56849
1.54001
1.62255
1.59517
1.48697
1.52339
1.43211
1.45624
1.40401
1.41503
1.39654
1.39837
1.40123
1.39782
1.41197
1.40634
1.42041
1.417
1.42017
1.42139
1.41342
1.41725
1.40259
1.40856
1.38755
1.39527
1.37316
1.37999
1.36037
1.3666
1.34888
1.35431
1.33987
1.34412
1.33128
1.33566
1.32167
1.32654
1.31099
1.31645
1.29809
1.3049
1.28261
1.29065
1.26476
1.27407
1.24374
1.25464
1.21919
1.23175
1.19175
1.20567
1.16193
1.17721
1.12937
1.14605
1.09297
1.11178
1.05035
1.07249
0.998992
1.02574
0.937515
0.969476
0.865083
0.902687
0.782399
0.824815
0.691759
0.737669
0.59706
0.644562
0.502316
0.549557
0.411308
0.455901
0.324403
0.367699
0.284096
0.26278
0.244595
0.309717
0.283977
0.381687
0.342268
0.450242
0.412035
0.459327
0.468467
0.310107
0.414078
-0.0345282
0.158689
-0.448417
-0.2481
-0.73184
-0.61546
-0.765264
-0.781354
-0.563718
-0.688752
-0.204833
-0.397893
0.233507
0.00821367
0.689808
0.461206
1.06398
0.897328
1.24638
1.17986
1.2443
1.26538
1.12888
1.19334
0.98613
1.05899
0.845367
0.912958
0.730403
0.784972
0.630447
0.67901
0.587328
-0.764963
-9.87621
-6.04037
-5.79983
-2.66312
-5.19087
-9.51261
1.39951
0.117029
1.71471
2.57808
2.96388
1.64856
-2.60273
3.72308
3.9141
-2.05335
-2.68293
-12.2407
-1.28116
0.929956
2.92616
0.532791
0.470937
0.482723
0.444861
0.202493
0.184265
0.235509
0.199625
-4.14426
-0.514281
0.0836124
-12.2614
-6.67615
-0.431246
3.39856
-5.26244
-3.84213
3.81509
-1.4013
-4.40776
-7.95612
1.44086
0.871148
2.16632
0.647728
0.591927
0.75267
0.701773
0.842816
0.799322
0.92085
0.883203
0.988743
0.955897
1.04921
1.01968
1.10533
1.07759
1.15963
1.13251
1.21365
1.18654
1.26805
1.24072
1.32277
1.29533
1.3772
1.34999
1.43065
1.40405
1.48222
1.45666
1.53117
1.507
1.57716
1.55451
1.61995
1.59893
1.65977
1.64017
1.69698
1.67866
1.73165
1.71458
1.76396
1.74802
1.79385
1.77919
1.82066
1.80756
1.84497
1.833
1.86714
1.85625
1.88815
1.87757
1.91063
1.89904
1.93598
1.92286
1.9665
1.95029
2.00662
1.98519
2.05784
2.03082
2.12217
2.08819
2.20142
2.16007
2.2939
2.24612
2.40003
2.34519
2.51939
2.45845
2.64563
2.58203
2.77616
2.71041
2.90855
2.84279
3.02504
3.03012
2.97125
3.02952
3.02595
3.05205
3.0386
3.09538
3.07194
3.16609
3.12712
3.27371
3.21438
3.44327
3.34782
3.56763
1.83037
1.94512
1.62742
1.70869
1.54581
1.57513
1.53113
1.53327
1.54768
1.53695
1.57982
1.56247
1.62103
1.59969
1.66724
1.64382
1.67499
1.71482
1.69054
1.5944
1.63459
1.52246
1.5568
1.46794
1.49254
1.43451
1.44891
1.41829
1.42491
1.41283
1.41473
1.41314
1.41264
1.41308
1.41361
1.40692
1.41074
1.39618
1.40175
1.38288
1.38975
1.36715
1.37497
1.35229
1.35924
1.33968
1.34559
1.32876
1.33383
1.32006
1.32399
1.31251
1.31611
1.30442
1.30841
1.29527
1.29986
1.28406
1.28988
1.26985
1.27723
1.25288
1.26167
1.23223
1.24292
1.20771
1.22038
1.17977
1.19414
1.14887
1.16474
1.11466
1.13217
1.07617
1.096
1.03144
1.05459
0.978598
1.00596
0.916893
0.948836
0.845343
0.88228
0.764581
0.805902
0.676673
0.721156
0.584376
0.6309
0.491174
0.537685
0.401173
0.44556
0.314593
0.357524
0.274058
0.24681
0.222796
0.305811
0.274424
0.389472
0.3433
0.496073
0.434005
0.595061
0.548352
0.63438
0.631098
0.530516
0.605495
0.265634
0.412744
-0.0616654
0.102822
-0.332715
-0.209957
-0.476034
-0.422623
-0.454337
-0.488106
-0.24225
-0.370466
0.141581
-0.0735016
0.609153
0.379569
0.937004
0.799236
1.05048
1.01836
1.00239
1.03977
0.887754
0.94883
0.76407
0.824196
0.657974
0.70883
0.563852
0.609942
0.521663
-2.19032
4.17095
-9.17353
-7.8762
-4.10015
-6.49505
-11.9985
1.66009
-0.0609989
1.53147
2.51651
0.4072
0.165492
-4.19726
-3.40471
-3.29312
-13.3723
-2.04819
0.553393
2.82757
3.08105
3.08436
1.70195
1.74064
-2.91724
-1.60287
-6.27932
-10.1689
4.20155
3.63385
-1.82351
4.50829
-13.7338
4.73791
4.91456
-6.18725
-9.90592
0.973529
2.06173
0.497513
0.369714
0.432618
0.616498
0.55791
0.722695
0.670636
0.816135
0.770877
0.89733
0.85794
0.968802
0.933911
1.03317
1.00145
1.09292
1.06319
1.15005
1.12138
1.20599
1.1778
1.26139
1.23346
1.31626
1.28867
1.37027
1.3432
1.4229
1.39665
1.47349
1.44839
1.52154
1.49778
1.56662
1.5444
1.60842
1.58786
1.64712
1.62807
1.68295
1.66531
1.71606
1.69974
1.74681
1.7316
1.77511
1.76119
1.80072
1.78809
1.82448
1.81267
1.84689
1.83571
1.86931
1.85784
1.89431
1.88126
1.92359
1.90826
1.9596
1.94045
2.00589
1.98134
2.06315
2.03315
2.13243
2.09618
2.2153
2.17222
2.31079
2.26163
2.4182
2.36304
2.53731
2.47653
2.66331
2.5999
2.7922
2.72744
2.9218
2.85758
3.04031
2.98319
3.08972
3.08292
3.12042
3.10093
3.17563
3.14465
3.26594
3.21601
3.4022
3.32778
3.60315
3.49334
3.9093
3.7383
4.41594
4.12768
5.26695
4.80289
2.1611
2.33571
1.88473
2.0057
1.72958
1.79503
1.65922
1.68652
1.63794
1.64427
1.64517
1.63896
1.67093
1.65628
1.7084
1.68908
1.75349
1.73017
1.62338
1.66232
1.55342
1.5868
1.49843
1.52403
1.46046
1.47754
1.43683
1.44712
1.42296
1.429
1.41439
1.41828
1.40616
1.41058
1.39422
1.4007
1.37933
1.38696
1.36317
1.37137
1.34609
1.35462
1.33044
1.33787
1.31768
1.32372
1.30716
1.31211
1.29928
1.30285
1.29309
1.29608
1.2866
1.28989
1.27917
1.28301
1.26979
1.2748
1.25709
1.26387
1.24106
1.24951
1.22095
1.23152
1.19665
1.20929
1.16856
1.18329
1.1365
1.15283
1.1008
1.11907
1.06058
1.08122
1.01422
1.03819
0.960262
0.987977
0.898301
0.930219
0.827408
0.863793
0.748153
0.78859
0.662144
0.70569
0.571572
0.617332
0.479451
0.525509
0.38863
0.433812
0.301356
0.344507
0.218763
0.259379
0.144623
0.180727
0.177091
0.13371
0.155484
0.227733
0.200457
0.291611
0.25852
0.377333
0.329506
0.503742
0.429372
0.675005
0.582751
0.847302
0.771811
0.889233
0.891575
0.747515
0.840781
0.441127
0.613338
0.0229915
0.242399
-0.416705
-0.201943
-0.730307
-0.601407
-0.744327
-0.781763
-0.414205
-0.62063
0.125591
-0.155118
0.603737
0.386688
0.85182
0.758972
0.872126
0.883861
0.784259
0.833578
0.679156
0.730917
0.581016
0.628929
0.495013
0.536385
0.419318
0.456083
0.346494
0.383184
-3.90082
-6.1238
-8.61946
-10.9748
-5.85738
-7.37293
-13.0821
1.97052
-0.289532
1.23092
2.292
3.09314
1.77789
0.110351
0.304689
-0.37998
-5.91517
-8.78063
2.84088
4.00685
5.24933
3.36063
3.08984
-3.36401
-17.1182
-5.05128
-4.86781
-11.8288
6.24432
4.2155
4.76882
4.98709
6.29501
-8.28993
-10.9764
1.07133
6.97831
7.69086
8.18353
8.26675
5.86324
7.7447
6.85653
1.69979
-12.5931
-7.33609
-13.7701
-9.38975
-4.49654
4.32424
5.89821
4.25895
3.36013
-9.8906
-5.4568
-4.48077
-3.39746
-3.14295
0.250199
0.288426
0.322341
0.355964
0.389853
0.42451
0.461061
0.50113
0.544908
0.589829
0.634607
0.679699
0.718795
0.741208
0.727883
0.655097
0.503773
0.273805
-0.0218623
-0.356925
-0.695476
-0.989931
-1.18771
-1.24935
-1.17347
-0.984294
-0.712945
-0.389175
-0.0469045
0.284661
0.58288
0.827949
1.00763
1.11705
1.15654
1.13252
1.05816
0.948427
0.82112
0.690403
0.576709
0.484631
0.404569
0.349307
0.302089
0.265958
0.233733
0.203462
0.175762
0.150848
0.126946
0.102983
0.0778363
0.0486628
0.0832007
0.120217
0.158393
0.198373
0.24086
0.284351
0.32893
0.374133
0.420141
0.466366
0.512585
0.558508
0.603836
0.648124
0.691205
0.732806
0.772721
0.810878
0.847022
0.881254
0.913366
0.943406
0.971683
0.998118
1.02292
1.04587
1.06738
1.08757
1.10657
1.12444
1.14131
1.157
1.17176
1.18577
1.19852
1.21008
1.22041
1.22954
1.23751
1.24443
1.25032
1.25535
1.25955
1.26299
1.26587
1.26841
1.27069
1.27287
1.27501
1.27742
1.28035
1.2841
1.2887
1.29413
1.30038
1.30746
1.31543
1.32419
1.33348
1.34301
1.35261
1.36231
1.37204
1.38162
1.39079
1.39937
1.40739
1.41511
1.42295
1.43144
1.44109
1.45238
1.46581
1.48188
1.50113
1.52396
1.55067
1.58105
1.61482
1.6514
1.69005
1.72886
1.76648
1.80253
1.83819
1.81392
1.78989
1.76706
1.7468
1.72985
1.71658
1.70821
1.70545
1.70927
1.72115
1.74269
1.77593
1.82431
1.89231
1.98444
2.10487
2.25677
2.44276
2.68011
3.11568
3.72549
4.31709
4.99904
5.76967
6.54414
7.16622
7.55372
7.5341
7.26457
6.8067
6.2267
5.69092
5.26961
4.90637
4.57533
4.31019
4.08621
3.89789
3.74265
3.61572
3.5112
3.42458
3.35265
3.2937
3.24613
3.20812
3.1786
3.15679
3.14181
3.13386
3.13096
3.13401
3.14227
3.15644
3.10818
3.05516
2.99799
2.93662
2.87253
2.80787
2.74322
2.67896
2.61537
2.55294
2.49235
2.43404
2.3782
2.32484
2.27406
2.22609
2.18116
2.13937
2.1007
2.065
2.03218
2.00215
1.97488
1.95038
1.92855
1.90916
1.89183
1.87628
1.86219
1.8494
1.83749
1.82622
1.81515
1.8041
1.79278
1.78125
1.76928
1.75691
1.74382
1.73017
1.71583
1.70104
1.68556
1.6695
1.65261
1.63503
1.61661
1.59748
1.57745
1.55665
1.53496
1.51253
1.48924
1.46535
1.44059
1.41541
1.38945
1.36329
1.33644
1.30958
1.28197
1.25454
1.22623
1.19819
1.16919
1.14051
1.11065
1.08087
1.04963
1.01806
0.98472
0.950477
0.914027
0.875933
0.835101
0.791896
0.745331
0.695954
0.64278
0.586793
0.525938
0.463163
0.396459
0.33085
0.262957
0.208031
0.209535
0.167691
-8.91217
-15.5625
-12.4922
-8.00628
-6.64159
7.27813
-0.709916
2.46682
5.96421
8.93936
9.34282
8.49889
1.93126
0.254087
0.850961
7.21593
1.25944
8.22654
-5.6546
-5.93764
-10.7829
-13.0368
0.136244
0.0899134
-5.55799
-7.71589
-8.37066
-17.4748
-10.7136
0.192528
0.238862
0.294968
0.362956
0.431786
0.497876
0.560383
0.618339
0.67276
0.723082
0.770689
0.814917
0.856947
0.896286
0.933981
0.969625
1.00416
1.03716
1.06946
1.10054
1.13119
1.1609
1.19036
1.2191
1.24757
1.27537
1.30291
1.32993
1.35659
1.38273
1.4084
1.43348
1.45773
1.48129
1.5042
1.5263
1.5475
1.56783
1.58728
1.60585
1.62359
1.6405
1.65662
1.67197
1.68665
1.7007
1.71412
1.72695
1.73915
1.75081
1.76202
1.77291
1.78352
1.79406
1.8047
1.81587
1.82785
1.84115
1.85604
1.87294
1.89207
1.91377
1.93811
1.9652
1.99505
2.02772
2.06324
2.10161
2.14281
2.18685
2.23373
2.28342
2.33578
2.39051
2.44737
2.50616
2.56678
2.62902
2.69265
2.75724
2.82256
2.88834
2.95343
3.01657
3.07549
3.12916
3.17681
3.96009
10.6101
11.7032
4.89357
1.92538
-1.814
5.72282
9.28648
-0.861764
3.2534
9.84959
7.09126
-4.88635
-7.06678
0.148221
0.189765
0.209573
0.234271
0.262929
0.292517
0.322042
0.351929
0.383482
0.417591
0.454581
0.493135
0.531105
0.568238
0.597266
0.602535
0.566171
0.463565
0.274848
-0.00140739
-0.351791
-0.743641
-1.12429
-1.43087
-1.60203
-1.60529
-1.44556
-1.15347
-0.776347
-0.35473
0.0691432
0.457313
0.784294
1.03367
1.19656
1.27491
1.27836
1.21883
1.11231
0.975463
0.825225
0.677621
0.553129
0.453635
0.369879
0.311429
0.264548
0.229793
0.200176
0.173147
0.148125
0.124225
0.0999733
0.0746475
0.0485229
0.0185646
-0.0158105
0.0150842
0.051305
0.0910358
0.132207
0.174881
0.219272
0.264917
0.311372
0.358221
0.405299
0.452257
0.498958
0.544996
0.590282
0.634355
0.677173
0.718419
0.757989
0.795784
0.831714
0.865778
0.897993
0.928151
0.956381
0.983107
1.00844
1.03224
1.05449
1.07529
1.09493
1.11327
1.13055
1.14658
1.16152
1.17525
1.18783
1.19907
1.20911
1.21792
1.22558
1.23209
1.23736
1.24155
1.24474
1.24712
1.24885
1.25014
1.25112
1.25199
1.25296
1.25438
1.25653
1.25968
1.26389
1.2692
1.27563
1.28315
1.29174
1.30124
1.31144
1.32217
1.33333
1.34491
1.35679
1.3688
1.3807
1.39238
1.40378
1.41502
1.42637
1.43822
1.45104
1.46524
1.48121
1.4994
1.52039
1.54476
1.57286
1.60454
1.63958
1.67722
1.71638
1.75564
1.79384
1.83014
1.866
1.90537
1.8753
1.84869
1.82323
1.80017
1.78068
1.76586
1.7566
1.75368
1.75804
1.77094
1.79394
1.82908
1.87876
1.94595
2.03397
2.14631
2.28787
2.46776
2.70172
3.01391
3.41861
3.89565
4.43685
5.06259
5.6883
6.29977
6.73509
6.99102
7.04482
6.85114
6.48262
6.10184
5.75338
5.42018
5.01503
4.67132
4.41566
4.20073
4.01366
3.85277
3.71603
3.6007
3.50417
3.42394
3.35782
3.30372
3.26083
3.22764
3.20336
3.1868
3.17738
3.17515
3.17883
3.1873
3.19969
3.2197
-10.9916
-9.46014
-11.5653
-15.0691
-10.5327
0.0912981
0.151531
0.207616
0.27062
0.338395
0.408082
0.47522
0.538959
0.597943
0.653277
0.704417
0.752731
0.797731
0.840562
0.880826
0.919436
0.956121
0.991594
1.02565
1.0588
1.09089
1.12224
1.1528
1.18275
1.2121
1.24084
1.26906
1.29672
1.32394
1.35063
1.37672
1.40206
1.42675
1.45086
1.47422
1.49675
1.51848
1.53928
1.55916
1.57805
1.59604
1.61307
1.62925
1.64454
1.65912
1.67294
1.68616
1.69862
1.71053
1.72175
1.73255
1.74283
1.75289
1.76262
1.7724
1.78236
1.79311
1.80491
1.8184
1.8338
1.8517
1.87227
1.89591
1.92256
1.9523
1.98492
2.02047
2.05882
2.09993
2.14366
2.18999
2.23892
2.29045
2.34446
2.40074
2.45899
2.51887
2.58017
2.64273
2.70656
2.77166
2.83808
2.90547
2.97296
3.03829
3.09964
3.15574
3.20482
3.24788
3.28945
3.26274
3.24183
3.22844
3.2177
3.21239
3.21382
3.22321
3.2409
3.26752
3.30393
3.35126
3.40971
3.48085
3.56727
3.67184
3.79748
3.94723
4.12158
4.31643
4.52712
4.753
5.01492
5.29971
5.61484
6.01117
6.34623
6.56251
6.65286
6.62672
6.41518
6.06997
5.61547
5.0705
4.55689
4.07614
3.61049
3.20759
2.89123
2.6408
2.44166
2.28071
2.14972
2.04452
1.96205
1.8994
1.85362
1.82178
1.80161
1.79148
1.79002
1.79625
1.8091
1.82808
1.85237
1.88109
1.91348
1.94943
1.94262
-0.0541618
-0.0235814
0.0163524
0.0590646
0.104249
0.150628
0.197949
0.246168
0.294257
0.342873
0.391065
0.439002
0.486426
0.532828
0.578448
0.62252
0.665431
0.706446
0.746015
0.783458
0.819406
0.853175
0.885524
0.915697
0.944384
0.971039
0.996691
1.02072
1.04341
1.06449
1.08463
1.10323
1.12088
1.13706
1.15223
1.16595
1.17859
1.18969
1.19958
1.20797
1.21518
1.22101
1.22563
1.22893
1.23114
1.23229
1.23276
1.23255
1.23206
1.23129
1.23085
1.23087
1.23201
1.23422
1.23799
1.243
1.24965
1.25749
1.26684
1.27716
1.28865
1.30079
1.31382
1.32738
1.34156
1.35601
1.37073
1.38546
1.40015
1.41474
1.42935
1.4443
1.45992
1.47663
1.49463
1.5145
1.53679
1.56238
1.59163
1.62469
1.66119
1.70043
1.74153
1.783
1.8236
1.8629
1.90243
-0.0762727
-0.0360757
0.123675
0.157186
0.170895
0.186474
0.207537
0.230427
0.253657
0.27748
0.302643
0.329353
0.357856
0.388545
0.419526
0.44821
0.469166
0.462503
0.408901
0.286326
0.0759126
-0.224736
-0.600223
-1.01333
-1.40186
-1.69953
-1.8504
-1.81957
-1.60641
-1.2474
-0.803555
-0.330198
0.130412
0.543186
0.881753
1.12988
1.27905
1.33067
1.29529
1.19258
1.05054
0.896238
0.746143
0.609035
0.493327
0.401235
0.324785
0.268588
0.22329
0.189544
0.162034
0.139246
0.118588
0.0978852
0.0756341
0.0518356
0.026214
-0.00257337
-5.87511
8.61006
2.29402
7.41953
-0.0485166
9.24798
-4.50187
-8.44602
5.00485
0.631995
6.78675
10.6032
-0.0795857
4.15208
1.98978
-0.120685
-0.097569
0.0436998
-0.068338
-11.7614
-9.95146
2.0389
3.31753
3.34005
-7.44532
3.35927
2.06439
-0.127971
-0.902367
1.89305
7.2523
3.5469
8.91535
-7.17047
-0.0113023
-0.040946
0.0347178
0.0133088
0.0714661
0.0538873
0.102898
0.0873342
0.143918
0.12064
0.212924
0.173617
0.324864
0.261268
0.506722
0.403671
0.772688
0.630948
1.05431
0.919596
1.18611
1.14993
1.02124
1.14607
0.519848
0.812099
-0.263886
0.154706
-1.13494
-0.705556
-1.74177
-1.50013
-1.68201
-1.80253
-1.06961
-1.41946
-0.346118
-0.692896
0.139332
-0.0626328
0.32105
0.261619
0.32133
0.333535
0.278555
0.301331
0.236773
0.256267
0.200505
0.217887
0.168271
0.183866
0.13894
0.152995
0.112823
0.126082
0.094174
1.94158
1.98619
1.85278
1.8972
1.76312
1.80797
1.67878
1.71964
1.60753
1.64131
1.55112
1.57754
1.50664
1.52774
1.46848
1.48706
1.43282
1.45052
1.39722
1.41511
1.36129
1.3792
1.3267
1.34371
1.29482
1.31037
1.26632
1.2801
1.24207
1.25356
1.22366
1.23201
1.2124
1.21706
1.20854
1.20956
1.21054
1.20895
1.21527
1.21275
1.21922
1.21751
1.21987
1.22005
1.21569
1.21842
1.20604
1.21151
1.19097
1.19913
1.17038
1.18128
1.14437
1.1579
1.11317
1.12923
1.07685
1.09544
1.03536
1.05652
0.988547
1.01236
0.935778
0.962652
0.876613
0.906649
0.810479
0.843954
0.737197
0.774152
0.656699
0.69713
0.569604
0.613111
0.477068
0.523016
0.3806
0.428212
0.281862
0.330384
0.182154
0.230962
0.0820628
0.130518
-0.01651
0.0297878
-0.0641163
3.28472
3.3115
3.24892
3.26379
3.24166
3.2413
3.26953
3.25102
3.33666
3.29801
3.44919
3.38682
3.61381
3.52416
3.85087
3.72191
4.19037
4.00628
4.60235
4.39535
5.03684
4.80626
5.61654
5.32564
6.13871
5.91581
6.36558
6.29456
6.14172
6.30934
5.48862
5.86585
4.60764
5.04873
3.7599
4.17868
3.03592
3.36286
2.55779
2.77389
2.23508
2.38038
2.02507
2.11807
1.89927
1.95321
1.83514
1.86083
1.8158
1.82075
1.83153
1.82016
1.8758
1.85028
1.94885
1.90836
1.99408
3.23206
3.27668
3.1208
3.17934
2.989
3.05649
2.85217
2.92023
2.72036
2.78563
2.59303
2.65635
2.46936
2.53071
2.35162
2.4096
2.24247
2.29588
2.1432
2.19159
2.05361
2.09721
1.97379
2.01236
1.90556
1.93799
1.85119
1.87644
1.81098
1.8293
1.78221
1.79528
1.76078
1.77073
1.7427
1.75146
1.72477
1.73376
1.70561
1.71532
1.68455
1.6953
1.66103
1.67309
1.6346
1.64819
1.60476
1.62012
1.57104
1.58842
1.53303
1.55259
1.49087
1.51247
1.44505
1.46841
1.39637
1.42105
1.34519
1.37121
1.29157
1.31881
1.23554
1.26398
1.177
1.20673
1.1156
1.14678
1.05098
1.08382
0.982438
1.01731
0.908884
0.946409
0.828693
0.869759
0.739721
0.785477
0.639331
0.691187
0.52456
0.584076
0.392877
0.461106
0.248133
0.321643
0.104822
0.175442
-0.0158385
0.0410121
-10.6187
-0.175214
-0.177055
3.44028
2.13338
3.44669
2.1263
-0.101127
-0.0169729
-0.0773222
0.150974
0.0688787
0.314676
0.237467
0.454803
0.388811
0.576856
0.518695
0.684224
0.632808
0.779206
0.733446
0.864241
0.822982
0.941615
0.903833
1.01317
0.978044
1.08022
1.04717
1.14368
1.11232
1.20406
1.17417
1.26171
1.23313
1.31692
1.28953
1.36979
1.34358
1.42014
1.39525
1.46741
1.44412
1.51096
1.48961
1.55035
1.53115
1.5852
1.5683
1.61563
1.60089
1.64208
1.62929
1.6651
1.65389
1.68552
1.67558
1.70368
1.69479
1.72005
1.71199
1.7354
1.72769
1.75221
1.7433
1.77474
1.76234
1.80858
1.78981
1.85837
1.83127
1.92462
1.88953
2.00402
1.96289
2.09302
2.04741
2.19089
2.14077
2.29848
2.24345
2.41526
2.35583
2.53899
2.47646
2.66618
2.60239
2.7946
2.7302
2.92719
2.86006
3.06559
2.99609
3.19781
3.13388
3.31427
3.25648
3.37496
2.02645
2.08656
1.92793
1.97208
1.86547
1.8925
1.83609
1.84676
1.84056
1.83372
1.88744
1.85814
1.99008
1.93071
2.16866
2.06852
2.44974
2.29457
2.86296
2.63884
3.43561
3.12495
4.22877
3.81306
4.99456
4.61555
5.71047
5.39106
6.12457
5.9531
6.12181
6.16101
5.87086
6.07171
5.20474
5.53717
4.84404
5.04023
4.41167
4.63173
4.03248
4.20734
3.75597
3.88382
3.55284
3.64636
3.41065
3.47492
3.3182
3.35863
3.2696
3.28879
3.26096
3.26044
3.29079
3.27094
3.36029
3.32073
3.40396
-0.096786
-0.140995
0.0127552
-0.0392033
0.119955
0.0697569
0.222985
0.173728
0.323772
0.275181
0.422411
0.374767
0.517699
0.471709
0.608137
0.564591
0.692413
0.651924
0.769627
0.732575
0.839515
0.805959
0.902241
0.872118
0.958325
0.931342
1.00831
0.98434
1.05246
1.03131
1.09131
1.07273
1.12508
1.10898
1.15379
1.14019
1.17725
1.16627
1.19511
1.18694
1.20713
1.20189
1.21301
1.21089
1.21283
1.21365
1.20763
1.21073
1.1999
1.20391
1.19291
1.19607
1.19065
1.19093
1.19656
1.19246
1.21145
1.20292
1.23388
1.22185
1.26175
1.24721
1.29432
1.27741
1.33179
1.31244
1.37301
1.35207
1.41487
1.39407
1.45493
1.43514
1.4944
1.47453
1.53713
1.51507
1.58827
1.56133
1.652
1.6184
1.73133
1.68954
1.8269
1.7775
1.92792
1.87782
2.0257
1.97671
2.07597
-0.0473869
0.0522852
0.0349314
0.0770444
0.0627619
0.0955261
0.0871869
0.11183
0.103325
0.130707
0.120721
0.15354
0.141505
0.181633
0.166492
0.1989
0.192768
0.138032
0.18573
-0.112274
0.0411405
-0.587227
-0.325634
-1.13121
-0.86886
-1.40606
-1.32451
-1.13403
-1.34303
-0.513865
-0.845878
0.141331
-0.17493
0.627223
0.412584
0.858598
0.775333
0.831447
0.872915
0.643224
0.747583
0.432475
0.533018
0.276762
0.346663
0.179099
0.222489
0.115905
0.143926
0.0783603
0.0945061
0.0553674
0.0660288
0.0340559
0.0449823
0.00740228
0.0218844
-0.031142
-0.00984287
-0.0602819
-10.9689
-0.264873
-0.00211223
-2.19915
-0.344779
-6.26193
-4.68227
-9.60522
-8.26635
-9.62805
-11.7486
8.65205
11.7811
12.8947
12.6119
10.6321
-15.5927
-17.6241
-19.105
-15.8153
-18.816
-12.274
-2.29883
-7.21256
1.24598
-0.190911
-0.0642168
0.0503632
0.149789
0.237306
0.316578
0.386542
0.45414
0.516061
0.575467
0.630279
0.682669
0.731223
0.777752
0.821166
0.863006
0.902412
0.940624
0.976964
1.01239
1.04635
1.07961
1.11168
1.14317
1.17362
1.20355
1.23257
1.26112
1.28884
1.31614
1.3427
1.3688
1.39411
1.41888
1.4428
1.46603
1.48826
1.5096
1.52984
1.54903
1.56698
1.58379
1.59935
1.61385
1.62725
1.63967
1.65112
1.66175
1.67163
1.68089
1.6895
1.69762
1.70524
1.71249
1.71941
1.72631
1.73358
1.7418
1.75159
1.76371
1.77887
1.7978
1.82092
1.84847
1.88027
1.916
1.95513
1.9972
2.04184
2.08884
2.13816
2.1898
2.24378
2.30006
2.35856
2.41913
2.48153
2.54537
2.61013
2.67524
2.74029
2.80531
2.87115
2.93974
3.01347
3.094
3.18022
3.26518
3.33731
3.39024
3.44184
3.56955
2.23379
2.11862
2.04404
1.98438
1.93768
1.90111
1.87362
1.85464
1.84412
1.84266
1.85086
1.86984
1.90118
1.94703
2.00939
2.09103
2.19542
2.32653
2.48927
2.68948
2.93308
3.22384
3.54317
3.84
4.16548
4.58897
5.03393
5.33968
5.63137
5.87968
5.97194
6.03758
6.02499
5.80053
5.70334
5.65966
5.48186
5.15793
4.79947
4.53332
4.35115
4.19514
4.04534
3.90271
3.77393
3.66279
3.56704
3.48623
3.42143
3.36933
3.32831
3.29832
3.27907
3.27021
3.27126
3.28273
3.30598
3.34191
3.3919
3.45989
3.5705
3.75994
-0.237198
-0.239658
-0.171116
-0.11003
-0.0447116
0.00953275
0.0670202
0.11816
0.172114
0.221714
0.27394
0.322643
0.373462
0.421155
0.47013
0.516211
0.56265
0.606348
0.649679
0.690372
0.730177
0.767454
0.803584
0.837359
0.869873
0.900204
0.929289
0.956475
0.982491
1.00675
1.02978
1.05116
1.07137
1.09006
1.10759
1.12367
1.13858
1.15206
1.16429
1.17506
1.18447
1.19241
1.19896
1.20401
1.20758
1.20956
1.20999
1.20894
1.20655
1.20301
1.1987
1.19403
1.18949
1.18555
1.18278
1.18167
1.18266
1.18597
1.19159
1.19936
1.20908
1.22056
1.23365
1.24829
1.26448
1.28227
1.30164
1.32246
1.34444
1.36711
1.38998
1.41258
1.43459
1.45596
1.47698
1.49817
1.52012
1.54338
1.56854
1.59624
1.627
1.66127
1.69986
1.74421
1.7958
1.85448
1.91679
1.97562
2.02421
2.06297
2.11461
2.24637
2.47386
0.244539
0.0835282
0.0180682
0.00995072
0.0152897
0.0253173
0.0305461
0.0334166
0.0352903
0.0375862
0.0403103
0.043404
0.0473531
0.0522551
0.0566301
0.063036
0.0690658
0.0719192
0.0700901
0.0501073
0.00909482
-0.0577694
-0.152704
-0.276996
-0.405705
-0.525967
-0.614483
-0.650581
-0.619124
-0.524896
-0.38992
-0.234127
-0.0782404
0.0633741
0.18249
0.276124
0.34208
0.379847
0.386752
0.366898
0.326438
0.275774
0.223432
0.177011
0.139071
0.108323
0.0842599
0.0666503
0.0522057
0.0424592
0.0353175
0.0297101
0.0250588
0.0208157
0.0171233
0.0137171
0.0101047
0.00504313
-0.00165267
-0.0100833
-0.0170941
-0.00809707
-0.0196068
-2.4984
-0.434812
1.96546
2.13778
)
;

boundaryField
{
    frontandback
    {
        type            empty;
    }
    walls
    {
        type            zeroGradient;
    }
    diamond
    {
        type            zeroGradient;
    }
    inlet
    {
        type            zeroGradient;
    }
    outlet
    {
        type            fixedValue;
        value           uniform 0;
    }
}


// ************************************************************************* //
