/*--------------------------------*- C++ -*----------------------------------*\
  =========                 |
  \\      /  F ield         | OpenFOAM: The Open Source CFD Toolbox
   \\    /   O peration     | Website:  https://openfoam.org
    \\  /    A nd           | Version:  10
     \\/     M anipulation  |
\*---------------------------------------------------------------------------*/
FoamFile
{
    format      ascii;
    class       volScalarField;
    location    "26.5";
    object      p;
}
// * * * * * * * * * * * * * * * * * * * * * * * * * * * * * * * * * * * * * //

dimensions      [0 2 -2 0 0 0 0];

internalField   nonuniform List<scalar> 
6397
(
0.272742
0.258173
0.010544
0.0132134
0.00505323
0.00286093
0.494136
0.259627
-0.387264
-0.405956
0.295903
0.190448
-0.000503048
-0.000502157
-0.00687929
-0.426243
-0.429647
-0.419996
0.848191
0.795408
0.756964
-0.515609
-0.450243
-0.438905
2.16917e-05
-0.000353467
0.000606709
-0.123912
-0.139393
-0.113545
-0.13225
0.0244411
0.0235551
0.0151696
0.0370238
0.0366664
0.031618
0.0312197
0.0434977
0.0439777
0.0411086
0.0407563
-0.0961981
-0.0258108
-0.0334286
-0.000761808
-0.00863517
-0.0129591
0.0458716
0.0453347
0.0454964
0.0449183
0.0453018
0.330183
0.314037
0.209719
0.221045
0.0599497
-0.0875387
-0.108707
-0.0712748
-0.06087
-0.055398
-0.0540559
-0.0572205
-0.0655527
-0.0793792
-0.0976998
-0.0931985
-0.130838
-0.111356
-0.0757528
-0.0632717
-0.0558868
-0.0530967
-0.0542884
-0.0600448
-0.0711486
-0.0880587
-0.110474
-0.1256
-0.14759
-0.118825
-0.136397
-0.132532
-0.154925
-0.138818
-0.161503
-0.131367
-0.150946
-0.151992
-0.178455
-0.123164
-0.110569
-0.15232
-0.181665
-0.108178
-0.0926853
-0.102246
-0.101854
-0.108479
-0.0750949
-0.0896644
-0.0530153
-0.0619985
-0.0474732
-0.0483035
-0.0576046
-0.0503456
-0.0892436
-0.0703842
-0.144776
-0.114629
-0.196068
-0.174639
-0.20138
-0.110096
-0.118347
-0.118487
-0.0791032
-0.0951049
-0.0551673
-0.064826
-0.0502216
-0.0501863
-0.0628131
-0.054285
-0.0964619
-0.076638
-0.145706
-0.121308
-0.171131
-0.164394
-0.150889
-0.165563
-0.0963485
-0.107435
-0.0811111
-0.18886
-0.168273
-0.0847122
-0.106566
-0.0738714
-0.159914
-0.196857
-0.166553
-0.11214
-0.0747334
-0.06431
-0.0940939
-0.13916
-0.0854318
-0.0819683
-0.0776002
-0.0838261
-0.0569189
-0.0679199
-0.0409617
-0.0473752
-0.0385736
-0.0381555
-0.0503783
-0.0424172
-0.0830132
-0.0636066
-0.141405
-0.109283
-0.200434
-0.174754
-0.209923
-0.0811104
-0.0873749
-0.0582727
-0.0704064
-0.0419298
-0.0484311
-0.0434596
-0.0406789
-0.0615753
-0.050519
-0.101027
-0.0783564
-0.153909
-0.127404
-0.178833
-0.172632
-0.153877
-0.171143
-0.13288
-0.0826948
-0.0919572
-0.054741
-0.0693665
-0.0581535
-0.0866905
-0.141226
-0.190904
-0.1608
-0.128483
-0.12408
-0.0303531
-0.0422667
-0.0195343
-0.0812006
-0.0783965
-0.047661
-0.0402289
-0.034992
-0.0862771
-0.104655
-0.115235
-0.0549015
-0.0479716
-0.062252
-0.0599619
-0.0551384
-0.0604153
-0.0385939
-0.0473719
-0.0276015
-0.0318563
-0.0278876
-0.0265433
-0.0400584
-0.032282
-0.070996
-0.0527578
-0.127561
-0.0963274
-0.189086
-0.161448
-0.201278
-0.0515575
-0.0424679
-0.0515959
-0.0547647
-0.036538
-0.0448731
-0.0275579
-0.0305121
-0.0344188
-0.029121
-0.0561538
-0.0433685
-0.0978208
-0.074294
-0.151971
-0.125213
-0.17706
-0.170992
-0.148982
-0.168644
-0.125824
-0.0705371
-0.0781592
-0.0599367
-0.120982
-0.066328
-0.10978
-0.0131292
-0.0317132
-0.0925681
-0.0914596
-0.0433203
-0.0325353
-0.0683793
-0.0653727
-0.091983
-0.0727204
-0.025868
-0.0227513
-0.082764
-0.0526914
-0.0640935
-0.0705132
-0.089315
-0.0359796
-0.0311315
-0.0404456
-0.0394768
-0.0342559
-0.039158
-0.0215219
-0.0278863
-0.0145627
-0.016907
-0.0163751
-0.0145202
-0.0277864
-0.0205853
-0.0552293
-0.0390834
-0.105555
-0.0774562
-0.164998
-0.137006
-0.172831
-0.179448
-0.103121
-0.144094
-0.0307831
-0.0627295
-0.00531332
0.00335424
0.000774022
-0.0207027
-0.0135082
-0.0229465
-0.023933
-0.0147707
-0.0193141
-0.0118069
-0.0117855
-0.0224545
-0.0155655
-0.0457798
-0.0323953
-0.0874189
-0.0640454
-0.141318
-0.114752
-0.165957
-0.160283
-0.137338
-0.15644
-0.114148
-0.0614004
-0.0669556
-0.0532647
-0.0111811
0.00292668
-0.0296112
-0.00699591
-0.0506469
-0.0825478
-0.0214199
-0.0580563
-0.0750158
-0.0573872
-0.0266394
-0.0669377
7.16587e-05
-0.0128157
-0.0433049
-0.0119589
0.0117075
-0.0579829
-0.068141
-0.0122064
-0.0104617
-0.0105974
-0.0181672
-0.0151357
-0.0209615
-0.0203219
-0.0156033
-0.0194188
-0.00623189
-0.0107071
-0.0022771
-0.0033473
-0.00482586
-0.00285759
-0.0147576
-0.00858923
-0.0374057
-0.0241577
-0.0785882
-0.055503
-0.130936
-0.105303
-0.143675
-0.146906
-0.0790054
-0.118666
-0.00177058
-0.0369542
0.0433831
0.0240599
0.0172051
0.0115373
0.0151856
0.015232
0.017487
0.00603454
0.0106974
0.00224442
0.00266031
0.00618942
0.00402693
0.0046905
0.00676586
-0.00820108
-0.000479352
-0.0317414
-0.018465
-0.0716431
-0.0493444
-0.12272
-0.0975829
-0.14577
-0.140614
-0.118664
-0.137408
-0.0963449
-0.00609167
0.00526218
0.0270575
0.0593389
-0.0469244
-0.0432623
-0.0483768
-0.0385093
-0.0586524
-0.05538
-0.0555577
-0.0588493
-0.0413982
-0.0494922
-0.0217111
-0.031982
-0.0113058
-0.0416666
-0.0632753
-0.0261948
-0.0505425
-0.0183925
-0.028328
-0.00469975
-0.0169681
0.0023534
0.0725489
0.0393705
0.000156915
-0.00148171
-0.0543951
0.000656456
0.000880086
-0.00216678
-0.000683417
-0.00384323
-0.00380075
0.000709867
-0.00228327
0.00696168
0.00413008
0.00868014
0.00844857
0.00608708
0.00785886
-0.0020075
0.00295486
-0.019396
-0.00932751
-0.0502505
-0.0329532
-0.091146
-0.0706677
-0.10533
-0.105201
-0.0525895
-0.0869119
0.0257538
-0.0116307
0.0758005
0.0545097
0.105274
0.092179
0.0214093
0.0063363
0.0151884
0.0283632
0.0254832
0.0309837
0.0302765
0.0270095
0.0295098
0.0234635
0.0245463
0.0242757
0.0237854
0.0200875
0.0233155
0.00642938
0.0142968
-0.0159126
-0.00350504
-0.0519157
-0.0318993
-0.0980902
-0.0752129
-0.119559
-0.11451
-0.0944448
-0.111394
-0.0565164
-0.0751705
-0.0279465
-0.0403035
-0.0189519
-0.0418091
-0.0207071
-0.0324269
-0.0532032
-0.0487829
-0.0529444
-0.0546228
-0.0416833
-0.0484357
-0.0237949
-0.0332759
-0.0188081
-0.00544742
0.0833234
0.115738
-0.00438677
-0.013929
-0.0384846
-0.0517275
-0.0307482
-0.0405238
-0.0299001
-0.018779
-0.0337627
0.011373
-0.0207195
-0.0380577
0.0479529
0.122472
0.0920897
-0.00605627
-0.0400263
-0.0207138
0.125205
0.132653
0.130462
0.00414521
-0.00829525
0.00100643
-0.047413
0.00981901
0.00782181
0.0120396
0.0115175
0.0110045
0.0117317
0.0105843
0.0103589
0.0141242
0.0119373
0.0178477
0.0163124
0.0182134
0.0184106
0.015942
0.0174021
0.0097294
0.01348
-0.00268761
0.004411
-0.0237291
-0.0120227
-0.0514836
-0.0374599
-0.0636478
-0.0619663
-0.0247216
-0.0514068
0.0456288
0.0104729
0.096672
0.0747633
0.123578
0.112565
0.130481
0.0161226
0.00627705
0.0298181
0.023809
0.0374262
0.0340512
0.0420758
0.0399783
0.0426842
0.0429998
0.0403884
0.0415678
0.038804
0.0396171
0.0331916
0.0368705
0.0201435
0.027484
0.000553353
0.011249
-0.0296434
-0.0128713
-0.0696456
-0.0495787
-0.0890688
-0.0843917
-0.068582
-0.0824728
-0.0365445
-0.0521964
-0.0132886
-0.0235451
-0.00560031
-0.017633
-0.00607563
-0.037675
-0.0281805
-0.0509119
-0.0454295
-0.0533794
-0.0536404
-0.0444264
-0.0501596
-0.0278893
-0.0367983
-0.0182292
-0.0410096
-0.0467198
-0.0420408
-0.0370928
-0.0490629
-0.0162243
-0.057842
0.0144859
-0.0637917
0.0537364
-0.0374915
-0.0634807
0.0998578
0.123905
0.122779
-0.0167648
-0.055387
-0.0291808
0.114214
0.119053
0.109981
-0.0145102
-0.00441666
0.0129375
0.00918304
-0.0467176
0.0187893
0.0162338
0.0217076
0.0205655
0.0217553
0.0218654
0.0221601
0.0216544
0.0247421
0.0232917
0.0265686
0.0259357
0.0262837
0.0266182
0.024507
0.0256219
0.0200407
0.0226913
0.0118149
0.0164458
-0.00110743
0.00594766
-0.0167599
-0.00900391
-0.022859
-0.0224208
0.00496186
-0.0140635
0.0596062
0.0313404
0.10453
0.0849235
0.127096
0.118394
0.130703
0.131124
0.126485
0.00647162
-0.00473813
0.0243788
0.0161547
0.0366099
0.0310125
0.044438
0.0409653
0.0499001
0.0473167
0.0532756
0.0519904
0.0530406
0.0535944
0.0504396
0.0519646
0.0443971
0.0480219
0.0330134
0.0393022
0.0172076
0.0256776
-0.00650603
0.00679773
-0.040482
-0.0231336
-0.0578726
-0.0534836
-0.042091
-0.0528789
-0.0176525
-0.0293233
0.000154093
-0.00773125
0.00607675
0.00635605
0.0162685
-0.0152345
-0.0043593
-0.0356756
-0.0257068
-0.0512256
-0.0444197
-0.0567842
-0.0554842
-0.0503353
-0.0549848
-0.0344595
-0.0432639
-0.0247142
-0.0510316
-0.0493527
-0.0624504
-0.0423778
-0.0778715
-0.0210361
-0.0912693
0.0138314
-0.0967985
0.0592976
-0.0903997
0.103727
-0.0407749
-0.0728775
0.114356
0.0928982
0.0983853
0.00385719
-0.0539002
0.0213405
0.0134979
0.0170254
0.02647
0.0234799
0.0294129
0.0278624
0.0301066
0.0298144
0.031106
0.0304064
0.0327695
0.0319578
0.033395
0.0332635
0.0329697
0.033264
0.0316974
0.032493
0.0287506
0.0304614
0.0238107
0.0265409
0.016885
0.0205385
0.0101586
0.0132093
0.0109961
0.00888319
0.0326258
0.0187321
0.0717379
0.0514085
0.105861
0.0905612
0.123324
0.116826
0.123891
0.125581
0.109113
0.118273
0.0843715
0.0954278
-0.00102916
-0.0173703
-0.00966647
0.0164262
0.00794744
0.0311232
0.024201
0.0419407
0.0369223
0.0496614
0.0461398
0.0554265
0.0526832
0.0599105
0.0578872
0.0616295
0.0613198
0.0598285
0.0611292
0.054613
0.0576497
0.0457787
0.050598
0.034018
0.0402771
0.0153763
0.0261261
-0.0136324
0.00124503
-0.0285018
-0.0246318
-0.0175684
-0.025082
-0.000381599
-0.00866515
0.0120154
0.00640596
0.0199186
0.0165017
0.0222473
0.00735
0.0249769
0.0168253
-0.0135605
-0.00282532
-0.0356314
-0.0246334
-0.0542658
-0.0457835
-0.0633851
-0.0603044
-0.0595796
-0.0631455
-0.0439099
-0.05289
-0.0220567
-0.0334351
0.000775876
-0.00967522
-0.0497575
-0.022941
0.0747879
0.0690537
-0.0708715
-0.0616248
0.0305023
-0.0941899
-0.0562539
0.0208115
-0.00109622
0.0143175
-0.118451
-0.0306494
-0.134894
0.0133017
-0.135903
0.0668901
-0.118574
0.10232
-0.0874442
0.100806
-0.0253799
-0.0538833
0.0792398
0.0543437
0.0512966
-0.0710887
0.0275825
0.0232432
0.0323242
0.0297158
0.0352224
0.0338143
0.0366494
0.035925
0.0377541
0.0371768
0.0386146
0.038279
0.0386881
0.0387381
0.0383732
0.0385664
0.0375662
0.0380705
0.0358694
0.0368301
0.0333468
0.0346999
0.0305146
0.0318878
0.029466
0.0295578
0.0349634
0.0309833
0.0533078
0.0424101
0.0812988
0.0669619
0.105308
0.094474
0.117258
0.113027
0.115706
0.118229
0.10174
0.110207
0.0783536
0.0904931
0.0487191
0.0643486
-0.000770371
-0.00611834
-0.00455154
0.0111253
0.00466152
0.0246189
0.017785
0.0365338
0.0307985
0.0460384
0.0415757
0.0533827
0.0499442
0.0591885
0.0564242
0.0639522
0.0617149
0.0668134
0.0656468
0.0665965
0.0670933
0.0634686
0.0653554
0.0578174
0.060929
0.0495193
0.054106
0.0337867
0.0430683
0.00937569
0.0216592
-0.00265853
0.000666704
0.00356076
-0.000883789
0.0141811
0.00896285
0.0222971
0.0183783
0.0277123
0.0253043
0.0292952
0.025293
0.0318563
0.00842301
0.0173594
-0.0130305
-0.00176768
-0.0378189
-0.0252669
-0.0601934
-0.0497652
-0.07323
-0.0682254
-0.0721159
-0.0746012
-0.0563586
-0.0658583
-0.0311091
-0.0443364
-0.0166268
-0.0242467
-0.00542326
0.0315494
0.0317994
-0.102431
-0.0835926
0.0299582
0.0275085
-0.139029
-0.0754956
-0.170562
-0.0399367
-0.185597
0.0177505
-0.176066
0.0730458
-0.142147
0.093365
-0.095217
0.0817624
-0.0522205
0.0564527
-0.00277479
-0.0199933
0.0311376
0.00918723
0.0112506
0.00119172
0.0374642
0.0106605
0.0143042
-0.0991877
0.0329139
0.0298877
0.0371524
0.0349243
0.0398731
0.0386945
0.0414571
0.0408102
0.0424339
0.0420591
0.0428137
0.0427227
0.0427717
0.042828
0.0426277
0.0427187
0.0422405
0.042483
0.0415202
0.0419131
0.0407003
0.0410987
0.0404869
0.040439
0.0426362
0.0411167
0.050193
0.045523
0.0658662
0.057021
0.0863733
0.0760277
0.103163
0.095685
0.110666
0.108212
0.107605
0.110431
0.0946052
0.102304
0.0738188
0.0850272
0.0474109
0.0611672
0.0181145
0.0328808
0.00738945
0.00765023
0.0114594
0.00873066
0.0204988
0.0155135
0.0309392
0.0256979
0.0407936
0.0359592
0.0491725
0.0451945
0.0560097
0.0527535
0.0616843
0.0589676
0.0664455
0.0641835
0.0698036
0.0683242
0.0709334
0.0706652
0.0698958
0.070638
0.0671119
0.0687317
0.0612961
0.0647911
0.0477568
0.0557342
0.0283514
0.0378686
0.0185879
0.021697
0.0205122
0.0186851
0.0257741
0.0231025
0.0303936
0.0282043
0.0339471
0.0323189
0.0358718
0.035238
0.0363596
0.0258257
0.0323341
0.00912871
0.0181821
-0.0141178
-0.00170842
-0.0421257
-0.0278551
-0.0684206
-0.055958
-0.0855303
-0.0785539
-0.0872277
-0.0885567
-0.0713507
-0.0813831
-0.041783
-0.0575814
-0.00431585
-0.0239156
0.0238909
0.0113643
-0.146629
-0.112955
0.00370836
-0.00316872
0.0357057
0.0208414
0.0315287
0.0219364
0.0100255
-0.194839
-0.0950854
-0.228122
-0.0437745
-0.234162
0.0258454
-0.207284
0.0730767
-0.153807
0.075828
-0.0935089
0.0569443
-0.0448741
0.0297035
0.0133638
0.0200625
0.0209213
0.0151118
-0.0131311
0.00562563
0.00522483
0.0121418
0.0406418
0.0204714
-0.137683
0.0378649
0.0383517
0.0385618
0.0380304
0.0413821
0.0399798
0.0436086
0.0427194
0.0449702
0.044463
0.0456614
0.0454466
0.0458529
0.0458232
0.0458731
0.0458747
0.0458995
0.0458935
0.045874
0.0458963
0.0458732
0.0458582
0.0461974
0.0459659
0.0475563
0.0466821
0.0512971
0.049028
0.0592868
0.0546579
0.0724278
0.0652821
0.087607
0.0800609
0.0994534
0.0942632
0.103947
0.102715
0.10005
0.103023
0.0882647
0.0950677
0.0698598
0.0797596
0.0468906
0.0587932
0.0344117
0.0178147
0.0188684
0.0172759
0.0172017
0.0206527
0.0184011
0.0274871
0.0237675
0.0358894
0.0316254
0.044142
0.0400789
0.0514955
0.0479571
0.0577905
0.0547588
0.0632133
0.0606
0.067857
0.0656346
0.0714057
0.0697893
0.073352
0.0725911
0.073732
0.0737014
0.0727633
0.0734545
0.0686372
0.0713124
0.057814
0.0641163
0.0431946
0.0503237
0.0345951
0.037882
0.0331667
0.0332733
0.0347205
0.0337837
0.0368137
0.0357665
0.0388073
0.0378556
0.040033
0.0395036
0.0403175
0.0378927
0.0415473
0.0266185
0.032947
0.00908221
0.0188188
-0.0164231
-0.00274406
-0.0473166
-0.0315254
-0.0772719
-0.0628815
-0.0983023
-0.0894205
-0.10282
-0.102971
-0.0869562
-0.0974181
-0.0532358
-0.071876
-0.0130948
-0.0330734
0.00460103
-0.0108158
0.0307175
-0.00998505
-0.00117426
-0.1999
-0.145129
-0.252752
-0.108627
-0.278388
-0.0374124
-0.0201433
-0.266196
0.0345168
-0.218617
0.0616472
-0.1483
0.0500378
0.0211381
0.0264091
0.0262027
0.0206472
-0.0812432
0.0261771
0.0157256
-0.03363
-0.000998911
0.00864136
-0.00540515
-0.0216219
0.0285219
0.0450157
0.0441765
-0.0227819
-0.0114768
0.0451218
-0.182381
0.0428693
0.0370806
0.0394918
0.0444641
0.044988
0.0441414
0.0445615
0.0451174
0.044572
0.0464878
0.0459421
0.0474339
0.0470761
0.0478943
0.04775
0.0480522
0.0480079
0.0481688
0.0481109
0.0483491
0.0482536
0.0486212
0.0484699
0.0491266
0.0488313
0.0501809
0.0495572
0.052404
0.0510965
0.0567658
0.0542538
0.0643417
0.0601093
0.0751453
0.0694287
0.0865518
0.0809513
0.0949761
0.0913629
0.0975039
0.0970517
0.0932785
0.0962156
0.0826587
0.0887099
0.0666205
0.0752066
0.0468818
0.0570447
0.0258209
0.0362968
0.00658346
0.0157721
-0.020391
-0.00882788
-0.00169919
0.0256478
0.0262006
0.0245742
0.0250603
0.0246936
0.0243717
0.0274963
0.025748
0.032921
0.0299507
0.0397571
0.0362559
0.0467153
0.0432646
0.0531866
0.0500341
0.0589494
0.0561529
0.0640484
0.0615777
0.0684941
0.066356
0.0720598
0.0704108
0.0744372
0.0734035
0.0756069
0.0751538
0.0755606
0.0757792
0.0726926
0.074641
0.0646098
0.069301
0.053542
0.0590424
0.0455261
0.0489598
0.0420598
0.0433375
0.0412922
0.041467
0.041664
0.041403
0.0424043
0.0420234
0.0430451
0.0427815
0.043308
0.0433221
0.0435529
0.0383687
0.0420093
0.0271121
0.0334581
0.008605
0.0189557
-0.0185497
-0.00398105
-0.0515339
-0.0346013
-0.0844662
-0.0684908
-0.10879
-0.0982752
-0.115823
-0.114904
-0.100243
-0.110906
-0.0646136
-0.0843999
-0.0246999
-0.0441075
0.00328112
-0.00710061
0.0158702
-0.251779
-0.171835
-0.0139731
0.00121015
-0.00257035
-0.298302
-0.109733
-0.0325849
-0.30518
-0.0246798
-0.269438
0.0338088
-0.0365105
0.0257536
0.0317657
0.0322568
0.0253884
-0.205064
0.0365608
0.0194369
-0.125112
0.0163705
-0.0273752
-0.034224
0.0150041
-0.0617926
-0.0105692
0.0102664
-0.0198912
-0.0347416
0.00117366
0.0415967
0.0346222
0.0394976
0.0248834
0.0450976
0.0449236
0.0319988
-0.223305
0.0469312
0.044241
0.0485729
0.0484439
0.0481119
0.0485548
0.0480506
0.0480564
0.048574
0.0483409
0.0491133
0.0488923
0.0494327
0.0493257
0.0496022
0.049529
0.0498108
0.0496999
0.0501261
0.0499534
0.0506247
0.050346
0.0514671
0.0509897
0.0529528
0.0521052
0.0555846
0.0540896
0.0600255
0.0575417
0.0668253
0.063124
0.0755636
0.0710516
0.0842977
0.0801122
0.0903218
0.0877993
0.0915784
0.0916062
0.0873428
0.0901347
0.0778524
0.0832048
0.0640188
0.0713896
0.0471977
0.0558436
0.0294773
0.0382698
0.0134434
0.0210872
0.00670502
0.0312769
0.0314667
0.0306032
0.0309838
0.0300132
0.0302189
0.0303751
0.0300254
0.0326943
0.0312415
0.0371361
0.0347128
0.0427392
0.0398064
0.0486858
0.0457197
0.0543931
0.0515871
0.0596392
0.0570777
0.0643767
0.0620702
0.0685652
0.0665483
0.0720354
0.0703663
0.0746006
0.0734421
0.0761565
0.0754972
0.0765507
0.0765379
0.0745294
0.0759529
0.0684454
0.0719896
0.0597574
0.0641687
0.0523978
0.0557414
0.0480016
0.049858
0.0459228
0.0467527
0.0451758
0.0454433
0.0450575
0.0450716
0.0451913
0.0451303
0.0451855
0.0452278
0.0452805
0.0442923
0.0455054
0.045486
0.0386049
0.04201
0.027471
0.0338616
0.0085408
0.0191119
-0.0192678
-0.004269
-0.0532867
-0.035755
-0.0879689
-0.0710412
-0.114374
-0.102804
-0.123142
-0.121457
-0.108283
-0.118724
-0.0731906
-0.0926242
-0.0340846
-0.0529284
-0.00118738
-0.0155296
0.0115786
-0.0173926
-0.00444707
-0.287877
-0.18294
-0.0497696
-0.316639
-0.0986692
0.0331749
0.0400731
0.0424267
0.0346784
-0.298138
-0.0151958
-0.0541886
0.0253645
-0.242131
0.0152808
0.0178774
-0.171298
0.000390695
-0.0327451
-0.051583
0.0129414
-0.094156
-0.0253806
-0.0438854
0.00964452
-0.0379534
-0.052981
0.00503081
-0.00737804
0.0373934
0.0458494
-0.0191591
-0.00484073
-0.247979
0.0445247
0.0405827
0.0426661
0.0490004
0.0469286
0.0506141
0.0502565
0.0502895
0.050582
0.0499087
0.0500889
0.0499373
0.049909
0.0502064
0.0500722
0.0504472
0.0503854
0.0506332
0.0505323
0.0509216
0.0507653
0.0513535
0.0511167
0.0520143
0.0516478
0.0530664
0.0524793
0.0547757
0.0538191
0.0575316
0.0559981
0.0617653
0.0594446
0.0676955
0.0645303
0.074797
0.0711783
0.0815109
0.078399
0.0858302
0.0840702
0.0862575
0.086578
0.082195
0.0847823
0.0738148
0.0784939
0.0619324
0.0682439
0.047661
0.0549782
0.0329087
0.0402077
0.0196322
0.0259239
0.00999996
0.0141731
0.00627109
0.00727063
-0.00387025
0.00927359
0.00685738
0.0371638
0.0383131
0.035856
0.03642
0.0349315
0.0353511
0.0344072
0.0345934
0.0347998
0.0344598
0.0367568
0.0355188
0.0403944
0.0383358
0.0450719
0.0426135
0.0501827
0.047618
0.0552211
0.0527265
0.059974
0.0576408
0.0643395
0.0622074
0.068248
0.0663575
0.071561
0.069971
0.0741196
0.0729422
0.0757959
0.0750699
0.0763343
0.0762413
0.074764
0.0758891
0.0699757
0.0727623
0.0629769
0.0665852
0.0564031
0.0594893
0.051779
0.053841
0.0490441
0.050221
0.0476104
0.0482049
0.0469466
0.0471904
0.0466261
0.0467006
0.0463683
0.0464141
0.0463644
0.0461364
0.0459772
0.0442908
0.0456237
0.0388094
0.0420279
0.0280426
0.0342691
0.0095058
0.019832
-0.0182058
-0.00288433
-0.0518923
-0.0344511
-0.086695
-0.0696563
-0.113526
-0.101712
-0.122866
-0.120875
-0.108938
-0.118863
-0.075123
-0.0939608
-0.0361019
-0.0549247
-0.000583254
-0.0164807
0.0233453
0.0120715
0.0360435
0.0306755
-0.0700608
-0.296506
-0.176985
0.0389928
0.0460144
0.0450615
0.0367084
-0.301092
-0.0839388
0.0130917
-0.000648193
-0.0774077
0.0258242
-0.259538
-0.0220211
-0.0194967
0.0163674
-0.191829
-0.0220586
-0.0364981
-0.0743364
0.0098675
-0.119312
-0.0459953
-0.0517736
0.00669966
-0.0572757
-0.0760229
-0.064716
0.00517328
-0.0162908
-0.09886
0.000774906
0.0182817
0.0290411
0.0329873
0.0481822
0.0528828
-0.247331
0.0419502
0.0394989
0.0411046
0.0459271
0.0440031
0.0497519
0.0480533
0.0514047
0.0509003
0.0512589
0.0514416
0.0508467
0.0510459
0.0506869
0.0507416
0.0508144
0.0507209
0.0510213
0.0510883
0.0512358
0.0511051
0.0516019
0.0514032
0.0521277
0.0518414
0.0529002
0.0524763
0.05407
0.0534244
0.0558656
0.0548742
0.0585784
0.0570912
0.0624729
0.0603706
0.0675733
0.0648923
0.0733284
0.0704353
0.0785307
0.0760497
0.081657
0.0804325
0.0815582
0.0820479
0.0777591
0.0801173
0.0704331
0.0744935
0.0602698
0.0656518
0.0482552
0.0544022
0.0360428
0.0420351
0.025124
0.0302846
0.0175798
0.0208037
0.0154403
0.0157893
0.019249
0.016482
0.0237292
0.0522182
0.059971
0.0555449
0.0460915
0.0490204
0.0420852
0.0437021
0.040014
0.0408539
0.0387573
0.0392886
0.0379917
0.0382354
0.0383384
0.0379609
0.039935
0.0389328
0.0429423
0.0412808
0.0468949
0.0448326
0.0512943
0.0490702
0.0557466
0.0535296
0.0600355
0.0579207
0.064032
0.062075
0.0676469
0.0658918
0.0707543
0.0692703
0.0731913
0.0720606
0.0748186
0.0741144
0.0753276
0.075242
0.0739737
0.0749329
0.0700564
0.0723232
0.0642946
0.0672955
0.0585205
0.0612852
0.0540278
0.0560931
0.051022
0.0523604
0.0491889
0.0499838
0.0481083
0.0485652
0.0474181
0.0477169
0.0468933
0.0471306
0.0464483
0.0466389
0.045809
0.046167
0.044305
0.0455616
0.03931
0.0422767
0.0290852
0.0350312
0.0112095
0.0211778
-0.0151158
-0.000879285
-0.0475667
-0.0308344
-0.0807545
-0.0645382
-0.106131
-0.0950048
-0.114627
-0.112946
-0.101054
-0.110605
-0.0687834
-0.0866892
-0.0302789
-0.0492592
0.00338691
-0.0117364
0.0249647
0.0152065
0.03567
0.0314036
0.0373495
0.0395918
-0.276445
-0.159067
0.0243501
0.0314548
0.0390812
0.0442483
0.0391099
0.00583351
-0.105675
0.0270804
-0.258832
-0.0801303
-0.0167512
0.0154387
-0.20182
-0.0531985
-0.0380318
-0.103448
0.00646086
-0.129451
-0.0759184
-0.0577571
0.00183334
-0.0651413
-0.10543
-0.0916312
-0.0755865
0.00139689
-0.0224392
-0.133506
0.00282256
-0.00120141
0.0672055
0.0504789
0.0438392
-0.226844
0.0424311
0.0406198
0.0462455
0.04426
0.0496334
0.0480583
0.0512629
0.0506537
0.051417
0.0514443
0.0511228
0.05127
0.0509377
0.0510067
0.0509099
0.0509182
0.0511077
0.0507939
0.0514831
0.0512992
0.0519259
0.0516891
0.0525272
0.0522031
0.0533735
0.0529135
0.0545995
0.0539296
0.0563959
0.0554148
0.0589759
0.057578
0.0624885
0.0606155
0.0668509
0.0645858
0.0715464
0.0692093
0.0756107
0.0737197
0.0778675
0.0770308
0.0774476
0.0780216
0.0739738
0.076085
0.067621
0.0711224
0.0589608
0.063527
0.0489092
0.0540337
0.0387842
0.043759
0.030042
0.0341278
0.0242646
0.0266216
0.0232252
0.0231506
0.0273558
0.0245842
0.0361484
0.0315404
0.02639
0.0372446
0.0463536
0.0407577
0.0576514
0.0665783
0.061395
0.0513531
0.0544152
0.0465281
0.0487234
0.0436752
0.0448668
0.0420136
0.0427534
0.0410772
0.0414364
0.0412078
0.0409908
0.0425048
0.0417095
0.0449663
0.0436057
0.0482956
0.046552
0.0520903
0.0501589
0.0560248
0.0540561
0.0598812
0.0579726
0.0635182
0.0617331
0.0668345
0.0652213
0.069706
0.0683348
0.0719635
0.0709146
0.0734556
0.0728166
0.0738638
0.0738193
0.0726261
0.0734815
0.0693207
0.0712179
0.0644928
0.0670183
0.0594409
0.0618991
0.0552215
0.0571991
0.0521554
0.0535509
0.0500967
0.0510169
0.048734
0.0493453
0.0477647
0.0482252
0.046978
0.0473756
0.0461924
0.0466027
0.0452761
0.0458366
0.0456387
0.0446547
0.044423
0.0454278
0.0400455
0.0427101
0.0304379
0.0360622
0.0134641
0.022921
-0.0112136
0.00203396
-0.0413033
-0.0258525
-0.0714398
-0.0568095
-0.0937349
-0.0840963
-0.100115
-0.0992971
-0.0864443
-0.0957547
-0.0562429
-0.0728551
-0.0207107
-0.0383347
0.00899237
-0.00418757
0.0277768
0.0194494
0.035996
0.0328503
0.0375184
0.0163456
-0.145752
0.0290306
-0.238517
-0.144552
0.0384032
0.0737036
-0.00881962
0.0154812
-0.204453
-0.100028
0.0358008
0.0475539
0.0553924
-0.0351125
0.0696836
0.0615632
-0.14009
0.00341705
-0.138141
-0.108938
-0.0605083
-0.0041279
-0.0670133
-0.147002
-0.126203
-0.0840592
-0.00573544
-0.0164771
-0.178571
-0.105734
-0.00172411
0.0032477
-0.194017
0.0179302
0.0299682
0.00442612
0.0408277
0.0389783
0.0322368
-0.19964
0.042289
0.0403018
0.0458429
0.0441004
0.048889
0.0474997
0.0505511
0.0498946
0.0510009
0.0508808
0.0509147
0.0509786
0.050805
0.0508465
0.0508179
0.050798
0.0510366
0.0508607
0.051443
0.0512318
0.0519502
0.0516811
0.0526128
0.0522588
0.0535082
0.0530261
0.054754
0.0540796
0.0565044
0.0555574
0.0589127
0.0576206
0.0620499
0.0603941
0.0657794
0.0638625
0.0696339
0.0677339
0.0728322
0.0713686
0.0744693
0.073886
0.0738697
0.0744705
0.0707515
0.0726209
0.0652601
0.0682716
0.0579098
0.0617697
0.0495314
0.053783
0.0412245
0.0452975
0.0342176
0.0374751
0.0299915
0.0316329
0.0297833
0.0292893
0.0340959
0.0313204
0.0421788
0.0379369
0.0528252
0.0465499
0.0822729
0.076733
0.0867681
0.0718458
0.0787486
0.0623926
0.0664931
0.0557277
0.0588881
0.0503635
0.0528078
0.0469412
0.0484374
0.0448727
0.0457853
0.0437197
0.0441834
0.0435948
0.0435221
0.0445663
0.0439513
0.0465595
0.0454478
0.0493565
0.0478808
0.0526312
0.0509546
0.0561001
0.0543568
0.0595534
0.0578388
0.0628456
0.0612264
0.0658651
0.0643948
0.0684795
0.0672338
0.0705474
0.0695918
0.0718753
0.0713149
0.0721714
0.0721715
0.0710165
0.0717943
0.0681637
0.0697874
0.0640538
0.0662059
0.0596111
0.0618029
0.0557009
0.0575596
0.0526769
0.0540779
0.0504949
0.0514939
0.0489317
0.0496564
0.047737
0.0483168
0.0467112
0.0472307
0.0456891
0.0462057
0.0445537
0.045162
0.0433328
0.0439716
0.0450031
0.0434246
0.0442214
0.0444467
0.0450913
0.0406791
0.0430644
0.0316386
0.0369596
0.0156127
0.0245255
-0.00727919
0.00492953
-0.0344386
-0.0205994
-0.060612
-0.0480609
-0.0787374
-0.0711278
-0.0821908
-0.0825797
-0.0683181
-0.0773306
-0.0410369
-0.0558269
-0.0102449
-0.0254363
0.0147457
0.00363712
0.030185
0.0234905
0.0364992
0.0341225
0.037926
0.0376729
0.0369307
0.00368818
0.0164443
-0.199508
-0.150153
0.0374623
0.0612062
0.0425233
-0.0262121
0.0185174
0.00448928
0.0819921
0.0746886
-0.191317
0.00118113
-0.153433
-0.147783
-0.0576875
-0.0101413
-0.0807498
-0.187894
-0.171025
0.031681
-0.0884048
-0.0151436
-0.0148346
-0.236235
-0.116631
-0.0119823
0.0186903
-0.261022
-0.144292
-0.000375821
0.0141211
0.0600139
0.0247508
0.050219
0.0366324
0.0532575
0.0186277
-0.183794
0.0414336
0.0394333
0.044985
0.0432945
0.0477982
0.0464809
0.0495309
0.0488024
0.0502225
0.0499706
0.0503582
0.0503225
0.050371
0.0503606
0.0504637
0.0504019
0.0507247
0.0505631
0.0511562
0.0509252
0.0517163
0.0514201
0.0524314
0.0520522
0.0533634
0.0528659
0.0546113
0.0539416
0.0562974
0.0553933
0.0585283
0.0573421
0.0613235
0.0598615
0.0645226
0.0628929
0.0677124
0.066154
0.0702558
0.0691071
0.0714502
0.0710565
0.0707648
0.0713583
0.0679914
0.0696339
0.0632673
0.0658466
0.0570514
0.0603037
0.0500843
0.053604
0.0433164
0.0466152
0.037795
0.0403317
0.0347244
0.0358817
0.0351305
0.0344452
0.0396567
0.0368658
0.0470877
0.043113
0.0579478
0.0518125
0.0704064
0.0739159
0.0654675
0.0659792
0.0921466
0.0875751
0.0902532
0.0986684
0.0957654
0.0761693
0.0827304
0.0663198
0.0707455
0.0592474
0.0625858
0.053665
0.0562644
0.0498018
0.0515269
0.0473685
0.0484432
0.0459733
0.0465527
0.0455846
0.0456521
0.046231
0.0457867
0.0478139
0.0469176
0.0501468
0.0489052
0.0529605
0.0515117
0.0560038
0.0544677
0.0590807
0.0575481
0.0620454
0.0605843
0.0647791
0.0634472
0.0671564
0.0660204
0.0690225
0.0681627
0.0701902
0.0697045
0.0703932
0.0704275
0.0693153
0.0700251
0.0668176
0.0682299
0.0632624
0.0651247
0.0593205
0.0612841
0.0557079
0.0574452
0.0527652
0.054149
0.0505107
0.0515623
0.0487883
0.0496021
0.0473957
0.0480739
0.0461518
0.0467697
0.0449179
0.0455295
0.0436508
0.0443288
0.0421015
0.0428774
0.0412209
0.0428515
0.0403023
0.0416908
0.0444965
0.0438889
0.0443225
0.0446805
0.0410443
0.0432046
0.0324592
0.0375308
0.017274
0.0256949
-0.00390438
0.00730115
-0.0280532
-0.0158895
-0.049998
-0.0396784
-0.0635886
-0.0581918
-0.0638744
-0.0655622
-0.0498489
-0.0584942
-0.0258179
-0.0386056
-0.000212379
-0.0127079
0.0199239
0.0109631
0.031936
0.0268191
0.0365001
0.0349163
0.0364022
0.036915
0.0342297
0.0354076
-0.0120356
0.0654948
0.0195004
0.0388773
0.0537024
-0.254143
0.0074216
0.00023087
-0.175507
-0.183706
-0.0480428
-0.0154991
-0.116876
-0.222368
0.0804044
0.0830567
-0.232209
0.0462699
0.0725706
0.0676083
0.0931224
0.101031
0.0393635
0.0388033
0.0378043
0.0329805
0.0327785
0.0313528
-0.0862773
-0.0252953
-0.0383258
-0.286713
-0.0130739
0.00340143
-0.122903
-0.0260583
0.0193709
-0.339008
-0.195297
-0.157811
-0.00286662
0.0202578
-0.0144312
0.0351418
-0.344913
0.00899872
0.00171201
-0.19272
0.0363723
0.034665
0.0402071
0.0382682
0.0437328
0.042049
0.0465226
0.0452273
0.0483354
0.0475502
0.0492243
0.0488694
0.0495553
0.0494297
0.0496985
0.0496314
0.0498759
0.0497745
0.0501834
0.0500086
0.0506499
0.050399
0.0512563
0.050936
0.0520188
0.0516166
0.0529844
0.0524727
0.0542319
0.053568
0.0558553
0.0549923
0.057924
0.0568333
0.0604239
0.0591273
0.0631875
0.0617911
0.0658528
0.0645616
0.0678991
0.0669868
0.0687736
0.06851
0.068064
0.0686289
0.0656167
0.0670515
0.0615698
0.0637699
0.0563327
0.0590626
0.0505581
0.0534629
0.0450732
0.0477261
0.0407947
0.0427258
0.0386984
0.0394223
0.0396467
0.0387499
0.0441413
0.0414765
0.0514339
0.047481
0.0621674
0.0562758
0.0768065
0.0690393
0.0769035
0.0948212
0.0826578
0.0891844
0.102688
0.0992402
0.107616
0.105386
0.0795982
0.0859102
0.0696315
0.0741979
0.0622113
0.0656896
0.0564469
0.059142
0.0522785
0.0541691
0.0495353
0.0507567
0.0478929
0.0485921
0.0472458
0.0474482
0.0475805
0.0472984
0.0487925
0.0480892
0.0507093
0.0496786
0.0531039
0.051863
0.0557544
0.0544102
0.0584796
0.0571175
0.061136
0.0598238
0.0636024
0.0623994
0.0657551
0.0647248
0.0674408
0.0666641
0.0684727
0.0680486
0.0686134
0.0686664
0.0676202
0.0682645
0.0654136
0.0666554
0.0622731
0.0639306
0.058761
0.0605299
0.0554111
0.0570395
0.0525512
0.053914
0.0502392
0.0513342
0.0483721
0.0492656
0.0467888
0.0475622
0.0453349
0.0460543
0.0439219
0.0446149
0.042481
0.0432054
0.0407257
0.0416169
0.0397657
0.0421336
0.0408201
0.0439014
0.0432811
0.0438896
0.0441114
0.0408805
0.0429206
0.0325469
0.037478
0.0179607
0.0260094
-0.00171836
0.00858711
-0.0230166
-0.0124568
-0.0408508
-0.0327048
-0.0500207
-0.0467804
-0.0472547
-0.0501869
-0.0330834
-0.0413795
-0.0120732
-0.0230145
0.00881012
-0.00123561
0.0245121
0.0175692
0.0333455
0.0296784
0.0361131
0.0353585
0.0351417
0.0359343
0.0341038
-0.0316154
0.0741749
-0.0151832
-0.0194007
-0.173471
-0.243631
0.0851727
-0.309256
0.0624168
0.109335
0.0371597
0.0361161
0.0315318
0.0297736
-0.0760353
-0.0346589
-0.0989651
-0.319202
0.0196337
-0.122381
-0.0416519
-0.0156022
-0.398521
-0.035446
-0.0150022
-0.263999
-0.166511
-0.0320592
-0.00463378
-0.0348038
0.0324253
-0.442276
-0.211824
-0.010982
0.0281971
0.0634671
0.0498159
-0.0196205
-0.227664
0.0351621
0.0333594
0.0389184
0.0370583
0.042411
0.0407242
0.0451815
0.0438949
0.047063
0.0462337
0.048101
0.047668
0.0485873
0.0483887
0.0488432
0.048726
0.0490946
0.0489593
0.0494451
0.0492519
0.0499455
0.0496766
0.0505945
0.0502519
0.0514027
0.0509776
0.0524053
0.0518772
0.0536612
0.0529981
0.0552371
0.0544064
0.0571726
0.0561608
0.0594296
0.0582685
0.0618425
0.0606329
0.0640959
0.0630131
0.0657627
0.0650291
0.0664053
0.0662329
0.0657062
0.066232
0.0635589
0.0648071
0.0601013
0.061973
0.0557021
0.0579863
0.0509345
0.0533218
0.0465165
0.0486348
0.0432528
0.0446917
0.0419568
0.0423169
0.0433547
0.0422855
0.0478226
0.0452248
0.0550549
0.0511029
0.065461
0.059845
0.0792329
0.0719803
0.0938964
0.0953836
0.0871438
0.0903765
0.0923242
0.084889
0.0880221
-0.419036
0.0785622
0.0816932
0.107909
0.10029
0.104313
0.113143
0.110819
0.116559
0.115117
0.110735
0.118982
0.11791
0.0953156
0.102825
0.0822149
0.0884018
0.0722495
0.0768826
0.064664
0.0682342
0.0587617
0.0615226
0.0543907
0.0563954
0.0513959
0.0527425
0.0495212
0.0503348
0.0486295
0.048959
0.0486703
0.0485414
0.0495384
0.049013
0.051073
0.0502362
0.0530801
0.0520316
0.0553647
0.0541996
0.0577602
0.0565579
0.060129
0.0589552
0.062351
0.0612648
0.0643031
0.0633676
0.0658371
0.0651309
0.0667676
0.0663873
0.0668818
0.0669364
0.0659857
0.0665632
0.0640336
0.0651281
0.0612469
0.0627174
0.0580609
0.0596733
0.054925
0.0564648
0.0521269
0.0534765
0.0497498
0.0508902
0.047735
0.0487083
0.0459609
0.0468297
0.0443069
0.0451245
0.0426784
0.0434929
0.041103
0.041889
0.039159
0.0401338
0.0381603
0.0384298
0.0350311
0.0367938
0.041241
0.0399165
0.0430077
0.042334
0.0431487
0.0433004
0.0401543
0.0422014
0.031793
0.0367266
0.0175183
0.0253386
-0.000938974
0.00860517
-0.0196525
-0.0105639
-0.0336711
-0.0275434
-0.0387658
-0.0375058
-0.0332244
-0.0372842
-0.0188631
-0.0268885
-0.000370315
-0.00977469
0.0165939
0.00858524
0.0285322
0.023339
0.0345472
0.032178
0.0357226
0.0356439
0.0340998
0.0351278
0.031302
0.0328073
0.0279572
0.0296428
-0.058243
0.0955162
-0.044906
-0.0422085
-0.190801
-0.32428
0.0372677
-0.11193
-0.0569034
-0.0976134
-0.426672
0.00430041
0.102754
0.103814
0.111923
0.120057
-0.353821
0.0337627
0.033172
0.0318938
0.0262378
0.0261835
0.0243143
-0.167404
0.0322478
-0.0586305
-0.0127821
-0.506357
-0.0646899
-0.0392161
-0.221232
-0.28438
-0.0406524
0.0235721
-0.528189
-0.0706419
-0.0377543
-0.00413834
0.0754878
0.0944314
0.0935579
0.0892974
0.081626
-0.0466574
-0.281846
0.0564227
0.0300512
0.0281769
0.033892
0.0319807
0.0376619
0.0358072
0.0410859
0.0394586
0.0438501
0.0425614
0.0457776
0.0449183
0.0469181
0.0464305
0.047516
0.047264
0.0478556
0.0477012
0.0481621
0.0480009
0.0485421
0.0483351
0.0490681
0.0487857
0.0497527
0.0493905
0.050606
0.0501575
0.0516523
0.0511032
0.0529315
0.0522605
0.0544846
0.0536725
0.0563239
0.0553704
0.0583929
0.0573372
0.0605306
0.0594674
0.0624629
0.0615421
0.0638383
0.0632409
0.0643112
0.0642031
0.0636402
0.064124
0.0617599
0.0628441
0.0588088
0.0603991
0.0551206
0.0570275
0.0511994
0.0531524
0.0476691
0.0493447
0.0452284
0.0462712
0.0445733
0.0446416
0.0463178
0.0451206
0.0507676
0.0482127
0.0578968
0.0539959
0.0680119
0.0625709
0.0811995
0.0742495
0.0967046
0.088758
0.100287
0.101567
0.0971343
0.0988641
0.0956588
0.118069
0.114595
0.116552
0.120918
0.119504
0.123507
0.122232
0.125528
0.124609
0.127351
0.126476
0.0969581
0.104135
0.0842156
0.0902729
0.074286
0.0789351
0.0666303
0.0702314
0.0606577
0.0634565
0.0561584
0.0582376
0.052973
0.0544189
0.0508939
0.0518107
0.0497745
0.0502229
0.0495384
0.0495544
0.0500819
0.0497239
0.0512589
0.0506033
0.0529025
0.0520346
0.0548425
0.0538461
0.0569282
0.0558756
0.0590312
0.0579844
0.0610351
0.0600517
0.0628179
0.0619609
0.0642332
0.0635795
0.0651026
0.064745
0.0652268
0.0652658
0.0644463
0.0649498
0.0627125
0.0636847
0.060219
0.0615418
0.0572973
0.0587852
0.0543219
0.0557969
0.0515518
0.0529029
0.0490895
0.0502836
0.0469163
0.0479739
0.0449511
0.0459153
0.043102
0.0440161
0.0412908
0.0421936
0.0394075
0.0403731
0.0375113
0.0385376
0.0354444
0.0364762
0.0343323
0.0373747
0.0356873
0.0400028
0.038816
0.0415978
0.0409743
0.0417943
0.0419381
0.0385651
0.040763
0.0298435
0.0349493
0.0155119
0.0232872
-0.00205298
0.0068834
-0.0184046
-0.0106887
-0.0287915
-0.0245898
-0.030039
-0.0306376
-0.0219355
-0.0270297
-0.00734839
-0.0151701
0.0090575
0.000927847
0.0228212
0.0164705
0.0317049
0.0279388
0.0354688
0.0341268
0.0354116
0.0358356
0.0331705
0.0344814
0.0298386
0.0315993
0.0280124
-0.0916559
0.112849
-0.0839383
-0.0702132
-0.22004
-0.414566
0.0252237
0.0929718
0.0714505
0.104823
0.128196
-0.472993
0.0313243
0.0300399
0.0244799
0.0224944
-0.157554
0.0717684
-0.0825011
-0.111377
-0.527584
-0.0157742
-0.224052
-0.380986
-0.0767617
-0.0296392
-0.589933
0.00638943
-0.294082
-0.0447654
-0.00321569
0.0927416
-0.0732883
0.13902
0.142339
-0.105206
0.112753
0.116196
-0.0803007
-0.34401
0.0483974
0.0285671
0.0265717
0.032539
0.0305801
0.0363934
0.0345133
0.0398182
0.0381771
0.0425703
0.0412879
0.0445222
0.0436448
0.0457264
0.0452037
0.0463958
0.0461091
0.0467868
0.04661
0.0471054
0.0469461
0.047513
0.0472989
0.0480499
0.0477606
0.0487586
0.0483818
0.049652
0.0491813
0.0507469
0.0501729
0.0520659
0.0513771
0.0536247
0.0528152
0.0554094
0.0544916
0.0573457
0.0563659
0.0592767
0.0583241
0.0609622
0.0601659
0.0621133
0.0616203
0.062459
0.0623978
0.0618213
0.0622654
0.0601708
0.0611148
0.057648
0.0590006
0.054557
0.0561473
0.051342
0.0529329
0.0485469
0.0498568
0.0467742
0.0474977
0.0466242
0.0464651
0.0486221
0.0473349
0.0530525
0.0505325
0.0600524
0.0562222
0.0698971
0.0646172
0.0826011
0.0758815
0.0976995
0.0899472
0.113111
0.113935
0.105745
0.111519
0.112277
0.110078
0.110805
0.109191
0.109609
0.109558
0.109068
0.110585
0.13526
0.136723
0.133624
0.134197
0.133582
0.133459
0.134319
0.133887
0.135565
0.134894
0.128677
0.136728
0.136185
0.112692
0.120701
0.0979396
0.105054
0.0855976
0.0914473
0.0758121
0.0804245
0.0681561
0.0717572
0.062173
0.0649809
0.0576091
0.0597297
0.0542913
0.0558102
0.0520397
0.0530467
0.05071
0.0512694
0.050211
0.0503651
0.050444
0.050246
0.0512806
0.0507973
0.0525778
0.0518818
0.0541901
0.0533535
0.0559855
0.0550721
0.0578471
0.056914
0.0596636
0.0587666
0.0613132
0.0605156
0.0626495
0.062028
0.0634965
0.0631426
0.0636662
0.0636736
0.063
0.0634388
0.0614836
0.0623423
0.0592279
0.06043
0.0565094
0.057904
0.0536405
0.0550757
0.0508599
0.0522293
0.0482902
0.0495468
0.045951
0.047095
0.0438004
0.0448567
0.0417731
0.0427748
0.0397993
0.0407833
0.03782
0.0388063
0.035822
0.0368349
0.0336538
0.0347601
0.03251
-0.582573
-0.126823
-0.0894866
0.0325337
0.0287203
0.030633
0.0361357
0.0344104
0.0385977
0.0375367
0.0399819
0.0394379
0.0399944
0.0402812
0.0361496
0.0387024
0.0265977
0.0321207
0.0116998
0.0196813
-0.00536098
0.00313778
-0.0195311
-0.013121
-0.0263438
-0.0240462
-0.0237999
-0.0262258
-0.0131749
-0.0192928
0.00177221
-0.00595075
0.0165455
0.00942979
0.027733
0.0227206
0.0340758
0.0315162
0.035923
0.0354546
0.0347526
0.0356397
0.0319351
0.0334938
0.0282335
0.0301589
0.0243233
0.0262597
0.0204498
0.0223647
-0.135531
0.111317
-0.13349
-0.104227
-0.252982
-0.497442
0.00922667
0.0664034
-0.216109
-0.501901
-0.113536
-0.134237
-0.601676
0.161082
0.169261
0.0571631
-0.0430661
0.121461
0.0921655
0.121153
0.122056
0.129135
0.137521
-0.2958
-0.0976947
-0.0638258
-0.633869
-0.0292776
0.0185567
0.0184429
0.0164505
0.0271904
0.0268652
0.0253267
-0.388345
-0.0585592
-0.120327
0.146304
0.12877
0.158402
0.147429
-0.160782
-0.122367
-0.402602
0.0373292
0.0227662
0.0206561
0.027072
0.024941
0.031213
0.0291731
0.0351443
0.0332214
0.0385961
0.0369418
0.0413579
0.0400705
0.0433272
0.0424372
0.0445694
0.0440254
0.0452794
0.0449731
0.0456969
0.045508
0.0460266
0.0458645
0.0464116
0.046205
0.0469393
0.0466529
0.047653
0.0472704
0.0485736
0.0480855
0.0497146
0.0491149
0.0510841
0.0503698
0.0526747
0.0518523
0.0544455
0.0535409
0.0563032
0.0553704
0.0580904
0.0572159
0.0595931
0.0588896
0.0605729
0.0601595
0.0608205
0.0607949
0.0602126
0.0606228
0.058752
0.0595797
0.0565836
0.0577391
0.0539868
0.0553149
0.051355
0.0526471
0.0491626
0.0501734
0.0479285
0.0483959
0.0481702
0.0478381
0.0503419
0.0489976
0.0547356
0.0522536
0.0615832
0.0578411
0.0711056
0.0660115
0.0833986
0.0768995
0.0983241
0.0906104
0.11481
0.106484
0.119841
0.120391
0.119442
0.119521
0.120579
0.119786
0.124067
0.121974
0.131337
0.127004
0.137606
0.151019
0.155301
0.145655
0.147912
0.14317
0.144135
0.142577
0.142689
0.143359
0.142802
0.144762
0.143923
0.112964
0.120955
0.0983565
0.105396
0.0864006
0.0920616
0.0768399
0.0813582
0.0692676
0.0728327
0.0633391
0.066124
0.0587735
0.0609047
0.0553771
0.0569447
0.0529855
0.0540696
0.0514622
0.0521257
0.0507112
0.0509983
0.0506424
0.0505999
0.0511477
0.0508315
0.0521092
0.0515788
0.0534086
0.0527227
0.0549347
0.0541479
0.0565836
0.0557476
0.0582484
0.0574178
0.0598062
0.0590454
0.061107
0.0604946
0.0619733
0.0616008
0.0622203
0.0621791
0.0616937
0.0620463
0.0603529
0.0611139
0.0582877
0.0593964
0.0557113
0.0570424
0.0528964
0.0543155
0.0500712
0.0514726
0.0473805
0.0487031
0.044881
0.046106
0.0425648
0.0437015
0.0403903
0.0414617
0.0382914
0.0393354
0.0362011
0.0372376
0.034118
0.0351598
0.0318843
0.033019
0.0295094
0.0307181
0.0282383
0.0310686
0.029122
0.0346292
0.032946
0.0369235
0.0359828
0.0379864
0.0375964
0.0374738
0.0380897
0.0325685
0.0357076
0.0216502
0.0278661
0.00563942
0.0140902
-0.0113319
-0.00309251
-0.0234789
-0.0183337
-0.0266516
-0.026314
-0.0201957
-0.024508
-0.0069613
-0.0141497
0.00848793
0.000777916
0.0219886
0.0156777
0.0311483
0.0271799
0.035532
0.0339038
0.0359132
0.0361149
0.0338304
0.0351082
0.0305075
0.0322778
0.0265983
0.028599
0.0224825
0.024527
0.0204829
-0.19521
-0.599477
-0.204522
-0.198945
-0.146394
-0.282428
-0.555074
0.18024
0.109966
-0.0125889
0.0589459
0.123108
0.145709
-0.289562
0.16828
0.183866
-0.152347
-0.166369
-0.635801
0.0369521
-0.0808545
0.092332
0.0167382
0.0145869
0.0163557
0.014331
0.0254635
0.0236094
0.0251006
0.0235393
-0.380703
-0.125262
-0.115462
-0.634014
-0.502177
-0.185332
0.139558
-0.16778
-0.0817558
0.177232
-0.235225
-0.174901
-0.441596
0.191415
0.15419
0.0228975
0.021122
0.0189871
0.0255764
0.0233558
0.0299093
0.0277912
0.0339207
0.0319676
0.0374262
0.0357507
0.040216
0.0389146
0.0422123
0.0413075
0.0434855
0.0429252
0.0442207
0.0439025
0.0446485
0.0444551
0.0449636
0.044819
0.0453109
0.0451203
0.045806
0.0455342
0.0464998
0.0461231
0.0474244
0.0469293
0.0485961
0.0479764
0.050014
0.0492726
0.0516509
0.0508054
0.0534407
0.0525299
0.0552682
0.0543558
0.0569694
0.0561429
0.0583466
0.0577073
0.0592002
0.0588457
0.0593717
0.0593734
0.0587848
0.0591688
0.0574735
0.0582085
0.0555891
0.0565854
0.0533926
0.0545074
0.0512344
0.0522832
0.0495277
0.0502979
0.0487186
0.0489852
0.0492505
0.0487939
0.0515186
0.0501511
0.0558269
0.0534052
0.0624655
0.0588406
0.0716832
0.0667461
0.0836572
0.0773142
0.0985132
0.0907442
0.115516
0.106856
0.13115
0.1328
0.124238
0.128696
0.129867
0.127567
0.127955
0.128143
0.127611
0.131159
0.129314
0.137516
0.133863
0.148832
0.142412
0.157196
0.204963
0.22032
0.17988
0.190955
0.165155
0.171493
0.156695
0.160358
0.152121
0.154017
0.150277
0.150921
0.150542
0.150184
0.152282
0.15126
0.146652
0.154985
0.153567
0.129378
0.138103
0.1127
0.120795
0.0982868
0.105173
0.0866481
0.0921352
0.0773477
0.0817359
0.0699679
0.0734429
0.0641772
0.0669009
0.0596748
0.0617874
0.056251
0.057846
0.0537516
0.0549015
0.0520506
0.0528137
0.0510563
0.0514741
0.0506914
0.0508021
0.0508716
0.0507181
0.0515082
0.0511347
0.0525123
0.0519634
0.0537953
0.0531155
0.0552657
0.0545021
0.0568193
0.0560268
0.0583285
0.0575749
0.0596352
0.0590039
0.060554
0.0601408
0.060892
0.0607927
0.060502
0.0607869
0.0593162
0.0600018
0.0573892
0.0584308
0.0549002
0.0561939
0.052097
0.053518
0.0492087
0.0506475
0.0464037
0.0477854
0.0437693
0.04506
0.0413223
0.0425206
0.0390404
0.0401602
0.0368654
0.0379448
0.0346788
0.0357485
0.0325138
0.0335968
0.0302427
0.0313878
0.0277843
0.0290291
0.0264829
0.0293463
0.0273887
0.0329225
0.031241
0.0351641
0.0342767
0.0358221
0.0356643
0.0344786
0.0355812
0.0280858
0.0320531
0.015166
0.0224153
-0.0026559
0.00660051
-0.0200193
-0.011846
-0.0302647
-0.0263751
-0.0296551
-0.0313711
-0.0190792
-0.0253836
-0.00305371
-0.0114023
0.0131386
0.00531068
0.0257403
0.0200326
0.0332811
0.0301571
0.0360246
0.0351869
0.0351509
0.0359255
0.0322928
0.0338956
0.0285883
0.030504
0.0246293
0.0266203
0.0205128
0.0225896
0.0184154
-0.269826
0.205914
-0.298005
-0.277004
-0.202607
-0.305821
-0.577641
0.213411
0.110341
-0.0419344
0.0494703
0.0123667
0.0218226
-0.367958
-0.197805
-0.205492
-0.629772
0.0105902
-0.135363
0.0933414
0.138727
0.140937
0.14747
0.156594
-0.322698
-0.280229
-0.479857
-0.583268
0.203562
0.156303
-0.178929
0.232881
-0.385304
0.237878
0.268507
-0.244484
-0.45633
0.167787
0.00247327
0.0152021
0.0108272
0.0128324
0.0196907
0.0173999
0.0242364
0.0219579
0.0286517
0.0264572
0.0327561
0.0307535
0.0363198
0.0346154
0.0391536
0.0378298
0.0411921
0.0402657
0.042505
0.0419248
0.043268
0.0429369
0.0436956
0.0435064
0.0439851
0.0438305
0.0442977
0.0441269
0.0447414
0.0444935
0.0453896
0.0450321
0.0462887
0.0458012
0.0474626
0.0468361
0.0489085
0.0481483
0.0505868
0.0497182
0.0524101
0.0514831
0.0542415
0.0533304
0.0559046
0.0551011
0.0572075
0.0566074
0.0579764
0.057662
0.0580917
0.0581141
0.0575175
0.0578831
0.0563169
0.0569818
0.0546513
0.0555235
0.0527691
0.0537151
0.050986
0.0518412
0.049662
0.0502425
0.0491779
0.0492921
0.0499108
0.0493718
0.052204
0.0508457
0.0563635
0.0540335
0.0627195
0.0592467
0.0716051
0.0668275
0.0833233
0.0770892
0.098191
0.0903435
0.115949
0.106815
0.134654
0.12535
0.13576
0.137017
0.13467
0.134912
0.136109
0.135062
0.140718
0.13798
0.149529
0.144539
0.16421
0.156043
0.188
0.174539
0.227853
0.205515
0.290065
0.255698
0.223102
0.240908
0.195468
0.208033
0.177567
0.185477
0.166599
0.171422
0.160259
0.162956
0.157363
0.158445
0.157197
0.156988
0.159235
0.157985
0.16297
0.160925
0.12892
0.138169
0.111863
0.120093
0.0976051
0.104337
0.0862788
0.09159
0.0773262
0.0815402
0.0702552
0.0735798
0.0646909
0.0673072
0.0603146
0.0623712
0.0569094
0.0585018
0.05433
0.0555254
0.052465
0.053315
0.0512352
0.0517755
0.0505823
0.0508406
0.0504507
0.0504547
0.0507848
0.0505624
0.0515256
0.051107
0.052606
0.0520262
0.0539436
0.0532462
0.0554321
0.0546739
0.056934
0.056188
0.0582782
0.057634
0.0592677
0.0588261
0.0597045
0.0595621
0.0594262
0.0596584
0.0583505
0.0589831
0.0565114
0.05751
0.0540703
0.0553447
0.0512603
0.0526892
0.0483182
0.0497862
0.0454311
0.0468533
0.0427061
0.0440394
0.0401734
0.041411
0.0378195
0.0389706
0.0355276
0.0367321
0.033331
0.034427
0.0311063
0.0322212
0.0287738
0.0299507
0.0262349
0.0275173
0.0234014
0.0248407
0.0201171
0.0218068
0.0234306
0.0198734
0.0216307
0.0272401
0.0253136
0.0307993
0.0291164
0.0329942
0.0321545
0.033096
0.0332821
0.0306168
0.0323476
0.022441
0.0273975
0.00708592
0.0155974
-0.0129705
-0.00271909
-0.0309272
-0.0227605
-0.0392435
-0.0366458
-0.0347433
-0.0385653
-0.0200238
-0.0283197
-0.00125202
-0.0107297
0.0156978
0.00772777
0.0276139
0.0223724
0.0339506
0.0314444
0.0355662
0.0352654
0.0338588
0.0350165
0.0304487
0.0322868
0.0264667
0.0284876
0.0224491
0.0244462
0.0184259
0.0204458
0.0143611
0.0163724
0.0103762
0.0123898
-0.350238
-0.170087
-0.297041
-0.355195
-0.266669
-0.324154
-0.568139
0.242984
0.114186
-0.0869503
0.0375773
0.143576
0.165372
0.0182046
0.00816917
-0.226954
-0.445577
-0.541254
0.0981383
0.182106
0.281805
0.316813
0.308185
-0.0273197
-0.500557
-0.250709
-0.246877
-0.600817
0.373558
0.36006
0.398805
0.397752
0.379309
-0.3202
-0.456636
0.187333
0.435494
0.492741
0.541373
0.562364
0.452273
0.548912
0.505461
-0.0281511
-0.590822
-0.299815
-0.493501
-0.319009
-0.0595294
0.377633
0.33913
0.223651
0.11008
-0.546134
-0.421692
-0.40722
-0.389481
-0.364242
0.00670743
0.0086673
0.0104543
0.0123127
0.0142189
0.0161271
0.0180018
0.0198995
0.0218385
0.0238174
0.0258371
0.027835
0.0297749
0.0315139
0.0329184
0.0338147
0.0339912
0.0332303
0.0313201
0.0280548
0.0232554
0.0168104
0.00874027
-0.000756322
-0.0112288
-0.0220022
-0.0321546
-0.0406657
-0.0465591
-0.0490591
-0.0477547
-0.042749
-0.0345814
-0.0242275
-0.012905
-0.00179138
0.00813691
0.0162686
0.0223558
0.026477
0.0289419
0.030216
0.030702
0.0305148
0.0296591
0.0282723
0.0265768
0.0247339
0.0228573
0.0210544
0.0193557
0.017737
0.016118
0.0144954
0.0165373
0.018433
0.0201792
0.0218548
0.0233973
0.0248709
0.0262389
0.0275353
0.0287618
0.0299491
0.0310985
0.0322321
0.0333515
0.0344606
0.0355395
0.0367845
0.0379819
0.0392086
0.0404733
0.0417837
0.0431422
0.0445471
0.0459921
0.0474661
0.0489516
0.0504266
0.0518639
0.0532341
0.0545049
0.0556466
0.0566302
0.0574364
0.0580472
0.0584555
0.0586585
0.0586672
0.0584929
0.0581593
0.0576861
0.0571028
0.0564323
0.0557054
0.0549445
0.0541777
0.0534241
0.0527072
0.0520418
0.0514464
0.0509315
0.0505106
0.05019
0.0499792
0.0498818
0.0499038
0.0500472
0.0503158
0.0507114
0.0512371
0.0518952
0.0526892
0.0536235
0.0547038
0.0559386
0.0573377
0.0589142
0.0606821
0.0626598
0.0648695
0.0673415
0.0701133
0.073231
0.0767479
0.0807234
0.0852247
0.0903298
0.0961423
0.102757
0.110243
0.118616
0.127869
0.137722
0.14792
0.158102
0.167944
0.177252
0.173649
0.170423
0.167722
0.165608
0.164077
0.163232
0.163098
0.163716
0.165156
0.16749
0.170824
0.175279
0.18102
0.188258
0.197286
0.208337
0.221395
0.236767
0.257053
0.286672
0.321659
0.356978
0.394634
0.435472
0.474182
0.503785
0.514115
0.500146
0.46808
0.426478
0.382177
0.340143
0.302383
0.270615
0.243779
0.221807
0.203753
0.188916
0.176995
0.167467
0.159828
0.153788
0.14911
0.145636
0.143203
0.141699
0.141061
0.141226
0.142062
0.143576
0.145684
0.148503
0.151913
0.156112
0.14662
0.136463
0.126124
0.115875
0.106101
0.0972388
0.0892961
0.0822821
0.0761472
0.0708252
0.0662495
0.0623555
0.0590829
0.0563733
0.0541748
0.0524383
0.0511235
0.050192
0.0496102
0.0493411
0.0493481
0.0495915
0.0500312
0.0506273
0.0513383
0.0521257
0.0529485
0.0537716
0.0545571
0.0552758
0.055896
0.0563966
0.0567551
0.0569606
0.0570019
0.0568795
0.0565944
0.0561584
0.0555838
0.0548912
0.054101
0.0532388
0.0523283
0.0513954
0.0504624
0.049551
0.0486781
0.0478591
0.0471035
0.0464196
0.0458099
0.0452767
0.0448168
0.0444286
0.0441046
0.0438404
0.0436254
0.0434522
0.0433063
0.0431764
0.0430439
0.0428985
0.0427079
0.0424531
0.0421073
0.041647
0.0410452
0.0402797
0.0393324
0.0381885
0.0368494
0.0353101
0.0335987
0.0317123
0.0297064
0.0275674
0.025382
0.0230962
0.0208337
0.0184459
0.0162121
0.0137949
0.0117849
0.00922491
0.00774952
0.00440431
0.00483814
0.00420379
-0.311894
-0.403888
-0.536203
-0.340875
-0.486673
0.443819
0.112248
0.281641
0.470429
0.590426
0.630047
0.610878
0.0231023
-0.161544
-0.068996
0.533903
0.216489
0.520846
-0.43242
-0.444442
-0.442726
-0.366381
0.00243672
0.00111654
-0.42903
-0.483309
-0.489746
-0.423432
-0.537787
0.00363618
0.00662907
0.00846156
0.0108579
0.0129014
0.0153496
0.017599
0.0199931
0.0222493
0.0245454
0.0267229
0.0288617
0.0308604
0.0327488
0.0344623
0.0360131
0.0373657
0.038533
0.0395056
0.0403035
0.0409355
0.0414281
0.0418
0.0420787
0.0422846
0.0424442
0.0425766
0.0427021
0.0428353
0.0429921
0.0431837
0.0434228
0.0437173
0.0440771
0.0445067
0.0450129
0.0455962
0.0462584
0.0469939
0.0477984
0.0486583
0.0495617
0.050487
0.0514155
0.0523196
0.0531771
0.0539587
0.0546436
0.0552062
0.0556324
0.0559052
0.056021
0.0559743
0.0557735
0.0554256
0.05495
0.0543643
0.053697
0.0529738
0.052229
0.0514932
0.0508035
0.0501924
0.0496972
0.0493505
0.0491882
0.0492414
0.0495438
0.0501238
0.0510131
0.0522394
0.0538395
0.0558497
0.0583241
0.0613187
0.0649149
0.0691928
0.0742611
0.080219
0.0871937
0.0952798
0.104555
0.114853
0.126105
0.137872
0.149594
0.160569
0.150067
0.710917
0.767022
0.290725
-0.0033267
-0.246144
0.46639
0.673391
0.104577
0.336231
0.647935
0.422052
-0.410441
-0.485483
0.00325241
0.0034968
0.00568825
0.00707913
0.00855215
0.010221
0.011929
0.0136453
0.0153589
0.017128
0.0189649
0.0208666
0.0228345
0.0248092
0.0267574
0.0285608
0.0300899
0.0311926
0.0316704
0.0312954
0.0298432
0.0270689
0.0227357
0.0166598
0.00875937
-0.000861473
-0.0118519
-0.0235779
-0.0351013
-0.0453102
-0.0530137
-0.057212
-0.0572722
-0.0531353
-0.0452415
-0.0346089
-0.0225403
-0.0104085
0.000636029
0.00982858
0.0168586
0.0217988
0.0249477
0.0267058
0.0274421
0.0273193
0.0264568
0.0250767
0.0234199
0.0216657
0.0199312
0.0182995
0.0167538
0.0152836
0.0138659
0.0123985
0.0108754
0.0128368
0.0148247
0.0167938
0.0187184
0.0205615
0.0222185
0.0237824
0.0252116
0.0265699
0.0278429
0.0290729
0.0302557
0.031419
0.0325619
0.0337018
0.0348391
0.0360189
0.0372465
0.0384886
0.0397643
0.0410816
0.0424418
0.0438462
0.0452864
0.0467532
0.048228
0.0496909
0.0511138
0.0524689
0.0537238
0.0548499
0.0558184
0.0566093
0.0572051
0.0575992
0.057789
0.0577833
0.0575942
0.0572425
0.0567502
0.0561451
0.0554528
0.0547036
0.0539228
0.0531393
0.0523751
0.0516555
0.0509979
0.0504222
0.0499405
0.0495671
0.0493092
0.0491756
0.0491689
0.0492927
0.0495465
0.0499306
0.0504429
0.0510819
0.0518461
0.0527341
0.053747
0.0548858
0.0561559
0.0575623
0.0591151
0.060824
0.0627056
0.0647783
0.0670703
0.0696163
0.0724627
0.075669
0.0793064
0.0834647
0.0882445
0.0937749
0.100193
0.10764
0.116195
0.125855
0.13648
0.147723
0.159314
0.170622
0.181356
0.19148
0.18596
0.181281
0.177195
0.173838
0.171256
0.169423
0.168483
0.168396
0.169193
0.17093
0.173686
0.177553
0.182655
0.18914
0.197215
0.20709
0.218919
0.232996
0.249928
0.271097
0.297014
0.325778
0.355817
0.389052
0.422626
0.451833
0.4705
0.477171
0.467227
0.44366
0.411723
0.375473
0.341494
0.309401
0.28059
0.25517
0.233627
0.215311
0.199951
0.187226
0.176785
0.168283
0.161465
0.156119
0.152085
0.14922
0.147405
0.146594
0.1467
0.147655
0.149415
0.151992
0.155376
0.159518
0.164354
0.170114
-0.499644
-0.360545
-0.352134
-0.393596
-0.425206
0.000957941
0.00252833
0.00533101
0.00773901
0.0101376
0.0124175
0.0147985
0.0171021
0.0194462
0.0217079
0.0239696
0.0261364
0.028247
0.0302308
0.0321009
0.033808
0.0353565
0.0367183
0.0379012
0.0388977
0.0397243
0.0403891
0.0409153
0.0413199
0.0416283
0.0418599
0.0420391
0.0421834
0.0423166
0.042451
0.0426031
0.0427844
0.0430081
0.0432833
0.0436201
0.0440244
0.0445031
0.0450579
0.0456906
0.0463971
0.047172
0.0480036
0.0488787
0.0497776
0.0506801
0.0515611
0.0523963
0.0531592
0.0538267
0.0543762
0.054791
0.0550575
0.0551696
0.0551255
0.0549313
0.0545976
0.054142
0.0535854
0.052954
0.0522758
0.0515821
0.0509043
0.0502753
0.0497269
0.0492908
0.0489964
0.0488723
0.0489445
0.0492377
0.0497743
0.0505771
0.0516679
0.0530757
0.0548329
0.0569926
0.0596184
0.0628115
0.0666813
0.0713821
0.0770629
0.0839208
0.0921179
0.101775
0.112868
0.125337
0.13884
0.152968
0.166469
0.178158
0.187502
0.178361
0.171852
0.166383
0.161473
0.157451
0.154394
0.152308
0.151209
0.151119
0.152066
0.154113
0.15732
0.161785
0.167636
0.175023
0.184126
0.195175
0.208417
0.224026
0.242134
0.262919
0.286615
0.313108
0.341829
0.371744
0.399997
0.424488
0.441768
0.4499
0.445879
0.43188
0.41043
0.384409
0.35623
0.329064
0.303604
0.279873
0.259069
0.241657
0.227045
0.214667
0.204235
0.195578
0.188541
0.182958
0.178691
0.175623
0.173662
0.172751
0.172844
0.173922
0.176001
0.179054
0.183115
0.18818
0.194129
0.201157
0.198567
0.00926163
0.0110191
0.0132557
0.0154299
0.0176182
0.0195422
0.0213452
0.0229749
0.0244879
0.0258961
0.027223
0.0284902
0.0297104
0.0309013
0.0320725
0.0332371
0.0344066
0.0355977
0.0368139
0.0380627
0.0393411
0.0406563
0.0420109
0.0434024
0.0448259
0.046269
0.0477177
0.049149
0.050541
0.0518626
0.0530888
0.0541865
0.055135
0.0559071
0.0564932
0.0568782
0.0570671
0.057059
0.0568728
0.0565198
0.0560287
0.0554189
0.0547235
0.0539649
0.053177
0.0523812
0.0516095
0.0508801
0.0502208
0.049645
0.049175
0.0488184
0.0485912
0.0484946
0.048539
0.04872
0.0490434
0.0495006
0.0500937
0.0508118
0.0516558
0.0526151
0.0536916
0.0548774
0.0561772
0.0575868
0.0591155
0.0607626
0.0625447
0.0644673
0.0665613
0.0688433
0.0713725
0.0741897
0.0774046
0.081095
0.0854324
0.0905281
0.0966303
0.103893
0.112605
0.122649
0.134065
0.146614
0.159807
0.173206
0.186353
0.00738116
0.00885738
0.0019876
0.0025581
0.00455101
0.00546147
0.00669526
0.00809283
0.0095115
0.0109522
0.0124216
0.0139759
0.015579
0.0172495
0.0190016
0.0207868
0.0225693
0.0242658
0.0257884
0.0270074
0.0277519
0.0277964
0.0269016
0.0247826
0.0211633
0.0157887
0.00851271
-0.000644401
-0.0114315
-0.0232923
-0.0353624
-0.0465342
-0.0554723
-0.0610563
-0.0624834
-0.0594958
-0.0524189
-0.0421723
-0.0300471
-0.0175251
-0.00589715
0.00394237
0.0116104
0.0171417
0.0207607
0.0227807
0.023568
0.0233986
0.0225018
0.021152
0.0195933
0.0180016
0.0164788
0.0150637
0.0137751
0.012544
0.0113673
0.0101552
-0.425014
0.532372
0.273128
0.569004
-0.126676
0.701444
-0.364786
-0.483217
0.441058
0.199103
0.39229
0.692789
0.00638399
0.197922
-0.0502795
0.00467548
0.00769613
0.00015218
-0.000978739
-0.382396
-0.466792
0.221197
0.197516
0.196712
-0.422385
0.204472
0.231037
0.00815714
-0.242202
0.0188546
0.562955
0.350957
0.535849
-0.431786
0.00787113
0.00711253
0.00955611
0.00866732
0.0114917
0.0104749
0.0138378
0.0126041
0.0164735
0.0151387
0.0185307
0.0176574
0.0180868
0.0187739
0.0124394
0.0160808
-0.000582027
0.00690864
-0.0209974
-0.0100278
-0.0435673
-0.0326052
-0.0581925
-0.0524804
-0.0575869
-0.0599488
-0.0424568
-0.0514573
-0.0203556
-0.0315822
-0.000108182
-0.00962042
0.0139044
0.0077872
0.0211093
0.0182892
0.0231461
0.0226438
0.0219934
0.0228511
0.0193089
0.0207495
0.0161999
0.0177608
0.0131663
0.0146398
0.0104744
0.0117661
0.00807846
0.00923218
0.00589552
0.00696068
0.00391452
0.0048487
0.0019557
0.00322548
0.00177268
0.191981
0.207758
0.159709
0.175729
0.13066
0.144561
0.107931
0.118376
0.0924123
0.0993455
0.08225
0.0868153
0.0752924
0.0784724
0.070124
0.0725506
0.0658912
0.0679239
0.0622015
0.063991
0.0589174
0.0605125
0.0560068
0.0574157
0.0534812
0.0546944
0.0513752
0.0523732
0.0497386
0.050495
0.0486253
0.0491136
0.0480771
0.048279
0.0481073
0.0480206
0.0486874
0.0483325
0.0497381
0.049161
0.0511311
0.0504019
0.0526953
0.0519042
0.0542281
0.0534795
0.0555114
0.0549151
0.0563316
0.0559922
0.0565119
0.056511
0.0559461
0.056326
0.0546247
0.055377
0.0526411
0.0537069
0.0501695
0.051454
0.0474198
0.0488169
0.0445858
0.0460035
0.0418061
0.0431836
0.0391479
0.040461
0.0366269
0.0378746
0.0342041
0.0354056
0.0318344
0.0330183
0.0294284
0.0306432
0.0268815
0.0281814
0.024061
0.0255158
0.0207922
0.022488
0.0168759
0.0188865
0.0122267
0.0144681
0.00928747
0.179343
0.186858
0.166497
0.172383
0.158248
0.161778
0.154647
0.155884
0.155599
0.154565
0.161278
0.157829
0.17229
0.166074
0.189631
0.180105
0.214573
0.201085
0.248228
0.230274
0.290883
0.268499
0.340448
0.315097
0.389633
0.365964
0.423385
0.409556
0.427254
0.429616
0.399622
0.416611
0.354378
0.378273
0.307183
0.330411
0.265451
0.285344
0.232955
0.247977
0.209343
0.220181
0.19288
0.200303
0.182413
0.186969
0.177026
0.179136
0.176172
0.176059
0.179714
0.177392
0.187902
0.183211
0.201596
0.193949
0.210623
0.172819
0.187093
0.13904
0.15577
0.109849
0.123472
0.087978
0.0979303
0.0732334
0.0797726
0.0637557
0.0679448
0.0576491
0.0603577
0.0536211
0.0554219
0.0509455
0.0521333
0.0493096
0.0500034
0.0485731
0.0488327
0.0486172
0.0485035
0.0492883
0.0488834
0.050388
0.049796
0.0516841
0.0510241
0.0529323
0.0523264
0.0539032
0.0534623
0.0544133
0.0542217
0.0543529
0.0544549
0.0537041
0.0540969
0.0525414
0.053177
0.0510129
0.0518101
0.0493064
0.0501686
0.0476092
0.0484453
0.0460721
0.0468128
0.0447904
0.0453955
0.0438003
0.0442585
0.0430884
0.0434119
0.0426032
0.0428216
0.0422672
0.042422
0.0419781
0.0421236
0.0416084
0.0418103
0.041015
0.0413492
0.0400296
0.0405807
0.0384948
0.0393385
0.0362964
0.0374823
0.0333989
0.0349337
0.0298617
0.0317048
0.0258213
0.0278982
0.0214444
0.0236724
0.0168811
0.019191
0.0122303
0.0145907
0.00724512
0.00985165
0.00159932
0.00445479
-0.00264611
-0.000838745
-0.412249
0.00292769
0.00323659
0.221874
0.243923
0.219132
0.246741
-0.00156197
-0.00229997
-0.00602921
0.00421298
0.00104793
0.00975033
0.007097
0.0145589
0.0122229
0.0191639
0.0168758
0.023607
0.0214074
0.0277798
0.0257332
0.0315345
0.029717
0.0347279
0.0332073
0.0372667
0.0360808
0.0391386
0.0382825
0.0404137
0.039843
0.041221
0.0408659
0.0417166
0.0414976
0.0420553
0.0418966
0.0423727
0.042209
0.0427817
0.0425581
0.0433693
0.0430482
0.0441989
0.0437504
0.0453058
0.044717
0.046677
0.0459607
0.0482467
0.0474428
0.0498937
0.0490692
0.0514529
0.0506945
0.0527427
0.0521411
0.0536009
0.0532325
0.0539204
0.0538299
0.053675
0.0538645
0.0529287
0.0533553
0.0518262
0.0524086
0.0505708
0.0512019
0.0493954
0.0499571
0.0485323
0.0489101
0.0481874
0.0482831
0.0485195
0.0482604
0.0496309
0.0489728
0.0515807
0.0504964
0.0544575
0.0528898
0.0585756
0.0563186
0.0648649
0.0613421
0.0753818
0.0694019
0.0931133
0.0831382
0.119791
0.105415
0.156291
0.136954
0.194959
0.176487
0.210006
0.218074
0.231668
0.198146
0.206876
0.186021
0.191275
0.179704
0.182221
0.178251
0.178398
0.18146
0.179269
0.189615
0.18489
0.203407
0.195756
0.223774
0.212711
0.251829
0.236768
0.288315
0.269041
0.33089
0.309143
0.37403
0.353006
0.406315
0.392261
0.416963
0.415038
0.400206
0.411662
0.362865
0.383424
0.316167
0.339825
0.271636
0.293159
0.234219
0.251944
0.204865
0.218533
0.1834
0.1932
0.168881
0.175349
0.160275
0.1639
0.156846
0.157948
0.158278
0.156962
0.164756
0.160852
0.177025
0.170095
0.196207
0.18574
0.208554
0.00874785
0.00671502
0.0139924
0.0116553
0.0185784
0.0164709
0.0222811
0.0205331
0.0253737
0.0238884
0.0280822
0.0267632
0.0305727
0.0293452
0.032968
0.0317752
0.0353656
0.0341608
0.0378401
0.0365891
0.0404221
0.0391208
0.0431189
0.0417564
0.0458961
0.0445021
0.0486513
0.0472852
0.0512226
0.0499716
0.0534142
0.0523779
0.0550393
0.054307
0.0559671
0.0555948
0.0561553
0.0561519
0.0556589
0.0559853
0.0546147
0.055194
0.0532115
0.0539448
0.0516603
0.0524409
0.0501708
0.0508954
0.048931
0.0495093
0.0480927
0.0484541
0.0477624
0.0478595
0.0479983
0.047808
0.0488126
0.0483341
0.0501811
0.0494303
0.0520567
0.051059
0.0543846
0.0531676
0.0571128
0.0557017
0.0601967
0.0586127
0.0636027
0.0618607
0.0673289
0.0654227
0.0714847
0.0693365
0.0764923
0.0738318
0.0834843
0.0796221
0.0947438
0.0883907
0.113275
0.102913
0.141045
0.125989
0.177144
0.158217
0.216365
0.196646
0.234021
0.000942097
0.00139261
0.00127299
0.00187659
0.00114301
0.00295591
0.00233198
0.00431684
0.0036225
0.00581955
0.00504146
0.00754251
0.00664979
0.00949326
0.00848683
0.0116499
0.0105418
0.0138993
0.0127712
0.0156918
0.0148982
0.0159758
0.0160816
0.0133928
0.015125
0.00631299
0.0104933
-0.00616969
0.000732821
-0.0227046
-0.0141424
-0.0390125
-0.0316892
-0.0469684
-0.0443302
-0.0425329
-0.0462956
-0.0278213
-0.0360368
-0.0103758
-0.0189024
0.00302404
-0.00295211
0.010347
0.00742738
0.0124164
0.0118739
0.0115642
0.0121916
0.00975401
0.0106809
0.00801457
0.00882684
0.00664949
0.00728101
0.00558202
0.00608626
0.00463813
0.00513155
0.00356626
-0.47993
-0.00468151
-0.188856
-0.474997
-0.0123668
-0.74487
-0.502427
-0.601262
-0.490621
-0.473406
-0.485279
0.693824
0.833881
0.895886
0.810862
0.644779
-0.417964
-0.466753
-0.571239
-0.520228
-0.754376
-0.313634
0.080542
-0.0921871
0.0103973
-0.00915968
-0.00327892
0.000918627
0.00452927
0.00735808
0.0100134
0.0123887
0.0147182
0.0170165
0.0192818
0.0215013
0.0236734
0.0257754
0.0277974
0.0297153
0.0315155
0.0331775
0.0346906
0.0360428
0.0372311
0.0382546
0.0391201
0.0398366
0.040419
0.0408832
0.0412484
0.0415334
0.0417581
0.041941
0.0420996
0.0422502
0.0424074
0.0425845
0.0427912
0.0430437
0.0433493
0.0437147
0.0441431
0.0446371
0.0451976
0.0458228
0.0465059
0.0472382
0.0480056
0.0487929
0.0495798
0.0503465
0.0510693
0.0517274
0.0522981
0.0527639
0.0531076
0.0533197
0.0533919
0.0533253
0.0531226
0.0527962
0.0523593
0.0518339
0.0512413
0.0506104
0.0499668
0.0493427
0.048764
0.0482621
0.0478599
0.0475844
0.0474517
0.0474817
0.0476812
0.0480609
0.0486174
0.0493542
0.0502633
0.0513525
0.0526312
0.0541464
0.0559772
0.0582807
0.0612904
0.065356
0.070915
0.0784819
0.0885469
0.101421
0.117161
0.13644
0.159116
0.18531
0.212379
0.235654
0.256177
0.262037
0.240071
0.222998
0.20992
0.200331
0.192968
0.187427
0.18345
0.180835
0.179482
0.179331
0.18037
0.182611
0.186111
0.190935
0.197184
0.204966
0.214411
0.225653
0.238833
0.254026
0.27118
0.289977
0.310058
0.330948
0.351698
0.371449
0.388589
0.401655
0.409181
0.41059
0.405737
0.394775
0.378825
0.359301
0.337931
0.315944
0.294164
0.273218
0.253712
0.236027
0.220351
0.206663
0.194909
0.184992
0.176812
0.170237
0.165158
0.161467
0.15909
0.157971
0.158092
0.15947
0.162166
0.166279
0.171985
0.179677
0.189813
0.203196
0.220534
0.242872
0.297696
0.000876637
0.000585951
0.00444182
0.0078469
0.0112754
0.0139731
0.0164565
0.0186215
0.0205844
0.022352
0.0239674
0.0254584
0.0268492
0.0281655
0.0294237
0.0306436
0.0318376
0.0330206
0.0342029
0.0353956
0.0366055
0.0378354
0.039091
0.0403787
0.041695
0.0430374
0.0443991
0.0457699
0.0471356
0.0484781
0.0497764
0.0510072
0.0521463
0.0531697
0.0540555
0.054785
0.0553438
0.055723
0.0559193
0.0559355
0.05578
0.0554666
0.0550135
0.0544428
0.0537791
0.0530482
0.0522768
0.0514905
0.0507153
0.0499749
0.0492926
0.0486881
0.0481804
0.0477838
0.0475116
0.0473722
0.047373
0.0475162
0.0478039
0.0482332
0.0488023
0.0495045
0.0503358
0.0512877
0.0523552
0.0535293
0.0548049
0.0561725
0.0576266
0.0591565
0.0607556
0.0624125
0.064122
0.0658782
0.06769
0.0695794
0.0716041
0.0738661
0.0765417
0.0798941
0.084293
0.090199
0.0981318
0.108579
0.121921
0.138317
0.157652
0.179516
0.203425
0.227558
0.24922
0.273543
0.324779
0.0274201
0.0162007
0.00501753
0.0018339
0.000736458
0.00076129
0.000780535
0.00100159
0.00124079
0.00149002
0.00176551
0.00206068
0.00238336
0.00273934
0.00315431
0.00363511
0.00418186
0.00476972
0.00536989
0.0059603
0.0064946
0.0069243
0.00717686
0.00719588
0.00688482
0.00616863
0.00493118
0.0031035
0.000618325
-0.00252161
-0.0062498
-0.0103955
-0.0146673
-0.0184474
-0.0213408
-0.0229567
-0.0229702
-0.0213789
-0.018461
-0.0145181
-0.0101677
-0.00595883
-0.00224466
0.000786559
0.00304739
0.00453198
0.00525452
0.00543501
0.00522873
0.00484538
0.00438764
0.00393887
0.00352423
0.00318096
0.00287897
0.00262236
0.0024192
0.00230295
0.00246816
0.0035575
0.00710404
0.0148986
0.0122629
-0.414096
-0.14007
0.230307
0.0381309
)
;

boundaryField
{
    frontandback
    {
        type            empty;
    }
    walls
    {
        type            zeroGradient;
    }
    diamond
    {
        type            zeroGradient;
    }
    inlet
    {
        type            zeroGradient;
    }
    outlet
    {
        type            fixedValue;
        value           uniform 0;
    }
}


// ************************************************************************* //
