/*--------------------------------*- C++ -*----------------------------------*\
  =========                 |
  \\      /  F ield         | OpenFOAM: The Open Source CFD Toolbox
   \\    /   O peration     | Website:  https://openfoam.org
    \\  /    A nd           | Version:  10
     \\/     M anipulation  |
\*---------------------------------------------------------------------------*/
FoamFile
{
    format      ascii;
    class       volScalarField;
    location    "20";
    object      p;
}
// * * * * * * * * * * * * * * * * * * * * * * * * * * * * * * * * * * * * * //

dimensions      [0 2 -2 0 0 0 0];

internalField   nonuniform List<scalar> 
8711
(
0.00722029
0.00649536
0.00821481
0.0247999
0.021329
0.0154764
0.0628277
0.0617078
0.69975
0.70565
0.458072
0.16319
-0.173997
-0.16361
-0.0166478
-0.0333595
-0.0181505
-0.0237308
-0.0292389
0.0176009
0.0171549
0.0129919
0.0134189
0.00802057
-0.292854
-0.231535
-0.346681
-0.394617
-0.00437388
-0.00459266
-0.00342577
-0.415058
-0.43922
-0.258999
-0.282471
0.192368
0.183583
0.216379
0.222948
0.215289
0.260099
0.233851
-0.498939
-0.469082
0.381671
0.253235
-0.405112
-0.3991
-0.400389
0.0260578
0.0249243
0.0253607
0.026245
0.0646724
0.069905
0.0752417
-0.164213
-0.178327
-0.172159
-0.191957
-0.0661093
-0.0774873
-0.0969385
-0.0849157
0.0785428
0.0740994
0.0651717
0.0102659
0.0104735
0.012447
-0.130237
-0.139172
-0.152805
-0.137236
0.109968
0.110271
0.102906
0.10256
0.0109169
0.0157485
0.0124679
-0.0206915
-0.0159644
0.00966343
0.00941868
0.00930403
-0.252558
-0.250112
-0.25228
-0.258417
0.0798224
0.0756162
0.0819118
-0.0204226
-0.00658803
0.108608
0.123142
0.125108
0.112371
0.0895086
0.0920419
0.340398
0.329458
-0.141365
-0.121502
-0.107213
-0.0996195
-0.0975973
-0.100184
-0.1081
-0.121448
-0.13978
-0.160471
-0.179194
-0.190704
-0.192632
-0.187537
-0.174617
-0.199512
-0.157161
-0.177182
-0.22479
-0.216274
-0.209825
-0.222637
-0.163972
-0.188868
-0.123009
-0.141033
-0.105036
-0.111412
-0.107108
-0.103504
-0.132775
-0.116829
-0.151335
-0.120496
-0.14363
-0.0925807
-0.103306
-0.0869104
-0.0872542
-0.100496
-0.0910023
-0.130471
-0.114893
-0.158392
-0.147712
-0.157473
-0.161015
-0.134279
-0.148108
-0.118918
-0.206559
-0.118596
-0.165079
-0.105426
-0.214089
-0.212584
-0.221529
-0.194031
-0.253065
-0.241877
-0.237685
-0.250549
-0.185686
-0.213358
-0.136027
-0.158429
-0.109354
-0.119785
-0.103485
-0.104141
-0.118492
-0.108252
-0.1501
-0.133673
-0.102297
-0.0942351
-0.17361
-0.212658
-0.114229
-0.140116
-0.0822168
-0.0953894
-0.0722037
-0.0750698
-0.0786979
-0.0729442
-0.101804
-0.0899849
-0.123816
-0.11468
-0.126882
-0.1293
-0.111054
-0.121355
-0.0911118
-0.100321
-0.11769
-0.109862
-0.239164
-0.0837262
-0.188677
-0.230501
-0.137531
-0.146511
-0.102851
-0.090071
-0.119393
-0.279363
-0.286881
-0.173766
-0.144391
-0.238483
-0.206259
-0.277543
-0.262911
-0.261265
-0.275677
-0.203713
-0.234231
-0.144993
-0.171941
-0.110115
-0.124665
-0.0963965
-0.101404
-0.101385
-0.096826
-0.120981
-0.111397
-0.129614
-0.0753857
-0.0711085
-0.247458
-0.306636
-0.308039
-0.284893
-0.165455
-0.206248
-0.104261
-0.132032
-0.0698622
-0.0842167
-0.0558895
-0.0613492
-0.0574714
-0.0551573
-0.0745684
-0.0647263
-0.0917938
-0.0851553
-0.096767
-0.0965781
-0.0877992
-0.0944178
-0.0810403
-0.0894676
-0.0917239
-0.0774303
-0.0847979
-0.261449
-0.19267
-0.152886
-0.153259
-0.116686
-0.115814
-0.0681237
-0.294292
-0.235855
-0.29826
-0.31157
-0.304316
-0.307011
-0.188992
-0.0976293
-0.135289
-0.0802976
-0.0500283
-0.0452349
-0.178182
-0.145919
-0.248127
-0.212867
-0.292722
-0.275902
-0.277288
-0.292471
-0.214482
-0.248637
-0.149235
-0.17973
-0.10707
-0.125245
-0.0860075
-0.0946756
-0.0823496
-0.0821115
-0.0910745
-0.0864553
-0.098106
-0.0965384
-0.0867663
-0.0956709
-0.0671453
-0.234944
-0.272612
-0.15258
-0.193457
-0.0902824
-0.118047
-0.0553927
-0.070604
-0.0396001
-0.045947
-0.0375495
-0.0373722
-0.0485566
-0.0415697
-0.0628722
-0.0563794
-0.0693622
-0.0674954
-0.0656545
-0.0683593
-0.0589485
-0.0617805
-0.0575298
-0.0575954
-0.0777257
-0.0734126
-0.0791897
-0.0793574
-0.0722061
-0.0767361
-0.0583507
-0.0660241
-0.270445
-0.293203
-0.28793
-0.0463583
-0.04998
-0.291352
-0.228146
-0.0235198
-0.0156866
-0.287562
-0.171673
-0.113896
-0.0673339
-0.111425
-0.0901338
-0.176418
-0.141605
-0.251106
-0.213674
-0.299518
-0.280868
-0.284538
-0.300017
-0.217861
-0.2545
-0.147301
-0.180616
-0.0998216
-0.120602
-0.0726989
-0.0844633
-0.0609799
-0.065045
-0.0621342
-0.0606899
-0.0611947
-0.0631348
-0.0464797
-0.0554138
-0.0367329
-0.273624
-0.206665
-0.193457
-0.240192
-0.278769
-0.286669
-0.21457
-0.252317
-0.133208
-0.173554
-0.0743078
-0.100589
-0.0407339
-0.0551494
-0.0242683
-0.0310537
-0.0190107
-0.0204487
-0.025225
-0.0207682
-0.0371561
-0.031328
-0.0439033
-0.0414879
-0.0444498
-0.0443064
-0.0428684
-0.0433971
-0.043699
-0.0560876
-0.0670959
-0.0624399
-0.070727
-0.0698157
-0.0682299
-0.0702397
-0.0599572
-0.0648426
-0.0536159
-0.264019
-0.0573135
-0.0483347
-0.131779
-0.0663184
-0.27056
-0.207732
-0.253615
-0.148836
-0.0527125
-0.216803
-0.0918392
-0.173075
-0.0567302
-0.0463806
-0.0474035
-0.104197
-0.0824625
-0.168256
-0.133856
-0.245417
-0.206888
-0.296688
-0.276592
-0.28255
-0.297935
-0.213861
-0.25181
-0.139675
-0.174928
-0.088721
-0.111246
-0.0573792
-0.0713593
-0.0392746
-0.0468227
-0.033532
-0.0353263
-0.0280478
-0.0319978
-0.0139216
-0.0231377
0.00122725
-0.00658445
-0.000353737
0.00136737
-0.171015
-0.111257
-0.250784
-0.219832
-0.249975
-0.260224
-0.18528
-0.223121
-0.10974
-0.147895
-0.0571395
-0.0805736
-0.0261708
-0.039589
-0.00987846
-0.0167647
-0.00261849
-0.00530329
-0.0050669
-0.00259484
-0.0144497
-0.00955168
-0.021659
-0.0186167
-0.0243837
-0.0237369
-0.027564
-0.0263297
-0.0348851
-0.0305875
-0.0408053
-0.0230845
-0.00563899
-0.0466439
-0.0340312
-0.0397757
-0.0580078
-0.0527996
-0.064206
-0.0617222
-0.0658965
-0.0656232
-0.0623235
-0.0648003
-0.0578971
-0.242516
-0.239063
-0.182127
-0.0592677
-0.0394513
-0.0536439
-0.214914
-0.122956
-0.178678
-0.0790722
-0.133528
-0.0480531
-0.073688
-0.0122025
-0.029685
-0.0294652
-0.0253598
-0.0349893
-0.0557972
-0.0410338
-0.0951107
-0.0737085
-0.155894
-0.122682
-0.231718
-0.194009
-0.283915
-0.263245
-0.270906
-0.28583
-0.202443
-0.240406
-0.127223
-0.163145
-0.0745151
-0.0979876
-0.0409745
-0.056135
-0.0190157
-0.0287482
-0.00810575
-0.0124715
-0.000374821
-0.00468757
0.0121343
0.00519996
0.0208366
0.0182332
0.0140015
0.0184228
0.00175897
0.00881075
-0.0238715
-0.0240423
-0.00890987
-0.151948
-0.050738
-0.0997824
-0.219321
-0.194943
-0.212251
-0.224178
-0.150609
-0.186727
-0.0851291
-0.116427
-0.0399988
-0.0601741
-0.0124128
-0.0245373
0.00308925
-0.00359804
0.011372
0.0079305
0.0119265
0.0127295
0.0049936
0.00895196
-0.00216746
0.00108686
-0.00710898
-0.00475949
-0.0130572
-0.00983876
-0.0238406
-0.0182079
-0.0303773
-0.0382872
-0.0310224
-0.0504597
-0.0447843
-0.0593508
-0.0553135
-0.0651118
-0.062685
-0.0658078
-0.0661408
-0.0637926
-0.213217
-0.0242065
-0.0318526
-0.0455948
-0.202756
-0.153799
-0.178249
-0.104379
-0.143137
-0.0735021
-0.0950513
-0.00711018
-0.0365288
-0.050995
-0.0409935
-0.0384423
-0.0469882
-0.00844787
-0.0221248
-0.0533259
-0.0477229
-0.034856
-0.0840436
-0.0636651
-0.140149
-0.109211
-0.210794
-0.175037
-0.262177
-0.241634
-0.250536
-0.264731
-0.184008
-0.220969
-0.110236
-0.145573
-0.0578756
-0.0812954
-0.0240672
-0.0394322
-0.00071661
-0.0113375
0.0133196
0.00723686
0.0233338
0.0182595
0.0335775
0.0286457
0.0364061
0.0363454
0.0266457
0.0318626
0.0135064
0.0206376
0.00398434
-0.0320774
0.0247605
0.0500126
0.0139189
-0.129131
-0.0817527
-0.178005
-0.163652
-0.167161
-0.181031
-0.114681
-0.144874
-0.0608739
-0.0860827
-0.0235534
-0.0403668
0.00021682
-0.0103954
0.0144691
0.00822854
0.022984
0.0192155
0.0258168
0.0252636
0.0212937
0.0242551
0.0143578
0.0177426
0.00793676
0.01114
-0.000458921
0.00411705
-0.0131903
-0.00622815
-0.0214985
-0.0187092
-0.00904261
-0.0136101
-0.0315542
-0.0248275
-0.0445295
-0.0381985
-0.056107
-0.0504529
-0.0656953
-0.0612959
-0.0708987
-0.0690146
-0.069769
-0.0716334
-0.0593931
-0.0653753
-0.181103
-0.168319
-0.12975
-0.144925
-0.094787
-0.0757571
-0.0506237
-0.0682749
-0.112318
-0.0679033
-0.0089153
0.0790806
0.0500032
-0.0720986
-0.058689
-0.0542499
-0.0573604
-0.0684776
-0.00511888
-0.0380383
-0.0756427
-0.0560733
-0.00301526
0.000500038
-0.0182235
-0.0111246
-0.0393105
-0.0276614
-0.0715892
-0.0537184
-0.121305
-0.0942003
-0.184704
-0.152396
-0.233106
-0.213362
-0.223171
-0.236396
-0.16012
-0.19526
-0.0895094
-0.123389
-0.0391687
-0.0617068
-0.00667271
-0.0214542
0.0162919
0.00570932
0.0317599
0.0247415
0.0429762
0.0376235
0.0502882
0.04747
0.0476821
0.0502886
0.037226
0.0427151
0.0226035
0.0303177
0.00142282
0.0128957
-0.0263176
-0.0112344
0.0631463
0.101677
0.115501
0.0928442
-0.0164003
0.0265397
-0.100646
-0.0608624
-0.137363
-0.128453
-0.122375
-0.135783
-0.0800007
-0.102499
-0.0384765
-0.05806
-0.00864443
-0.0222295
0.0113424
0.00227164
0.0241941
0.0184737
0.0324401
0.0286817
0.0367438
0.035201
0.0345823
0.0364579
0.028049
0.0315462
0.0206801
0.0244367
0.0105133
0.0162491
-0.00365556
0.00407274
-0.0237172
-0.0128152
-0.0364913
-0.0133951
-0.00786866
-0.0263115
-0.0196578
-0.0400252
-0.033048
-0.0543925
-0.0471621
-0.0678257
-0.0614011
-0.0780148
-0.0735811
-0.0825845
-0.0814682
-0.0805465
-0.151824
-0.0430203
-0.0740848
-0.0622548
-0.140512
-0.113824
-0.0949906
-0.0891219
-0.12145
-0.0898649
-0.043977
0.0106115
0.0700528
0.132291
0.119067
-0.0763253
-0.0713546
-0.0729643
-0.0837416
-0.0956682
-0.0978514
0.00167553
0.00593325
-0.00101491
-0.0585503
-0.0400129
0.00218813
-0.0909824
-0.0124364
-0.00616944
-0.0306658
-0.0206771
-0.0589912
-0.0434141
-0.100828
-0.0780154
-0.15531
-0.127359
-0.198667
-0.180662
-0.190917
-0.201749
-0.132895
-0.16552
-0.0664934
-0.0984348
-0.0189258
-0.0402081
0.0114114
-0.00234355
0.0329622
0.022952
0.0483877
0.0412559
0.0588554
0.054197
0.0622204
0.0615871
0.0558646
0.0599485
0.0448534
0.0506137
0.0300202
0.0377699
0.0103557
0.020375
-0.0145778
-0.00122407
-0.0857609
-0.0510958
-0.0304704
0.115888
0.14324
0.138727
0.130174
0.0674212
0.0951886
-0.000808613
0.0348164
-0.0652753
-0.0362818
-0.0929074
-0.0825185
-0.0800047
-0.0901101
-0.0494593
-0.06536
-0.0190786
-0.0336679
0.00427003
-0.00653092
0.0208608
0.013217
0.0323047
0.0271159
0.0400219
0.0364708
0.0450201
0.0429026
0.0450054
0.0457563
0.0395219
0.0427609
0.0314245
0.0356862
0.0208833
0.0263048
0.00556099
0.0137025
-0.0136949
-0.00346455
-0.0252266
-0.0087742
-0.00327786
-0.0218233
-0.015044
-0.0369032
-0.0289986
-0.0541256
-0.0453324
-0.0716342
-0.0630148
-0.0871145
-0.0798895
-0.0968113
-0.0928908
-0.0976674
-0.1298
-0.0798032
-0.121525
-0.103657
-0.0727752
-0.0281206
0.0275765
0.0857428
-0.0877891
-0.0909237
-0.100799
-0.115318
0.132432
0.141303
0.148293
-0.123727
-0.120703
-0.0714522
0.00820088
-0.105361
-0.10592
-0.0921173
-0.0916934
0.00360424
0.00691475
-0.00698768
-0.00108359
-0.022425
-0.0140031
-0.0460838
-0.0331526
-0.0803015
-0.0617822
-0.124747
-0.101824
-0.161724
-0.146021
-0.15645
-0.165262
-0.104582
-0.134117
-0.0430252
-0.0727939
0.00174254
-0.0183112
0.0298831
0.0172139
0.0494212
0.0403639
0.0631471
0.0568989
0.0704509
0.0676771
0.0701381
0.0710962
0.0614944
0.0661873
0.0502787
0.0561378
0.035798
0.0434851
0.0182066
0.0269879
-0.00355702
0.00800432
-0.033256
-0.0177856
-0.0914267
-0.0621305
-0.0488751
0.129346
0.138091
0.126306
0.130291
0.111535
0.1231
0.0707525
0.0939277
0.017208
0.0443492
-0.0297519
-0.00959762
-0.0524851
-0.0454594
-0.0442498
-0.0506273
-0.024138
-0.0347707
-0.00255838
-0.0131383
0.0153761
0.00694288
0.0289056
0.0225871
0.0388941
0.0342734
0.0459997
0.0427169
0.0511026
0.0487839
0.0527318
0.0524982
0.0489248
0.0514604
0.0410102
0.0453207
0.0300409
0.0359192
0.0160663
0.0230093
-0.00242836
0.00662622
-0.0282117
-0.0141089
-0.0693704
-0.0476019
0.00573248
0.00970289
-0.00453253
0.000924556
-0.0179395
-0.010837
-0.0349532
-0.0259723
-0.055202
-0.0447734
-0.0769303
-0.0660436
-0.0972173
-0.0875375
-0.111975
-0.105397
-0.115239
-0.115411
-0.105013
-0.111595
-0.0952986
-0.116138
-0.109951
-0.0919871
-0.0598933
-0.0148079
0.0409519
-0.107296
-0.11995
-0.137095
0.100361
0.141125
0.14716
-0.152066
-0.157675
-0.150754
0.117955
0.130181
-0.129784
-0.0731971
-0.1053
-0.0938801
0.0181233
0.0154617
-0.114641
-0.103442
-0.0796795
-0.100897
0.00751722
0.0117638
-0.00184262
0.00328138
-0.0149516
-0.00769326
-0.0338806
-0.0235576
-0.0607678
-0.0463259
-0.0950813
-0.0773732
-0.124659
-0.111811
-0.121617
-0.128256
-0.0771469
-0.102869
-0.0211439
-0.0485293
0.020975
0.0020006
0.0472103
0.0355273
0.0641561
0.0564858
0.0744663
0.0700645
0.0777158
0.0769705
0.0733296
0.0764512
0.0651828
0.0697807
0.0540983
0.0599084
0.0402754
0.047547
0.0242668
0.0323569
0.00534482
0.0151671
-0.0186274
-0.00639772
-0.0409187
-0.0307571
-0.0786462
-0.0535985
-0.0485569
0.113954
0.105437
0.0940453
0.105416
0.119227
0.118502
0.106037
0.115357
0.0749105
0.0925137
0.0347089
0.0553106
-0.000933751
0.0153275
-0.0188878
-0.0124186
-0.0161573
-0.0192329
-0.00385825
-0.0105847
0.0109661
0.00352708
0.0245068
0.0180072
0.03548
0.0302813
0.0441051
0.0400452
0.0506024
0.0475786
0.0555038
0.0532179
0.0581196
0.0572039
0.0561674
0.0577342
0.0495003
0.05333
0.0392062
0.044752
0.0259542
0.0329013
0.00853687
0.0172588
-0.0168555
-0.00293361
-0.0594299
-0.0359671
-0.0745524
0.00937024
0.0130875
-0.000747946
0.00471682
-0.0150368
-0.00731987
-0.0341843
-0.0240189
-0.0574103
-0.0453852
-0.0830085
-0.070087
-0.107673
-0.0957264
-0.126546
-0.118056
-0.133654
-0.131988
-0.126397
-0.1316
-0.118891
-0.109477
-0.104063
-0.0854124
-0.0518068
-0.0047976
-0.136839
-0.159284
0.0538408
0.112521
0.1447
-0.182301
-0.197038
-0.197278
0.140132
-0.178448
0.11694
-0.147021
0.0795933
0.0890243
-0.113043
-0.0552992
-0.08059
-0.0977161
0.0199471
0.017541
-0.125068
-0.108446
0.020352
0.0184322
-0.0688316
-0.118608
0.0111593
0.0145865
0.00299854
0.00707401
-0.007987
-0.00207219
-0.0228546
-0.0148548
-0.0430856
-0.0323181
-0.0679943
-0.0552112
-0.089561
-0.0800793
-0.0878216
-0.0925247
-0.0515447
-0.0728291
-0.00240676
-0.0268483
0.0366481
0.0188741
0.0609828
0.0502832
0.0750079
0.068948
0.0816044
0.0791031
0.0816413
0.0823527
0.0760944
0.0794328
0.0674634
0.0720824
0.0566283
0.0622901
0.0436375
0.0503776
0.0290011
0.0364747
0.0125963
0.0209104
-0.00701075
0.0029331
-0.0244819
-0.0166646
-0.0348392
-0.0306316
-0.0543578
-0.0363668
-0.0366065
0.0842954
0.0625327
0.0557724
0.0710182
0.103077
0.0950005
0.109692
0.108381
0.100653
0.107286
0.0783164
0.0910046
0.0485219
0.0637639
0.0215293
0.033953
0.00614163
0.0121333
0.0048944
0.00419883
0.0117689
0.00775437
0.0217838
0.0166148
0.0319408
0.0269643
0.0407912
0.0365389
0.0481499
0.0446371
0.0540217
0.0512573
0.0586083
0.0564457
0.0617815
0.0604159
0.0610942
0.0618672
0.0563946
0.0592724
0.0477078
0.0524988
0.0356588
0.0420437
0.0188519
0.0276813
-0.00551596
0.00777156
-0.0389386
-0.0230088
-0.05816
0.0125425
0.0160697
0.00217652
0.00792347
-0.0133688
-0.0049137
-0.0344975
-0.0232869
-0.0602417
-0.0468793
-0.0888919
-0.074386
-0.116943
-0.103271
-0.138851
-0.129007
-0.148092
-0.145408
-0.14193
-0.146564
-0.133661
-0.109677
0.0219053
-0.105106
-0.0849616
-0.0483987
-0.177369
0.00300805
0.0655856
0.123173
-0.20955
-0.236023
-0.246839
0.141374
-0.234741
0.127306
-0.200547
0.0980019
-0.157331
0.0701678
-0.114253
0.0391833
0.0433155
-0.0780336
-0.0353136
-0.0511561
-0.0960179
-0.121764
-0.12248
-0.0724973
-0.0657867
-0.146699
0.0191813
0.0229719
0.0212562
0.0139762
0.0166922
0.00708564
0.0105306
-0.0017046
0.00293721
-0.0131263
-0.00706743
-0.0277395
-0.0200719
-0.044603
-0.0360769
-0.0583229
-0.0524006
-0.055688
-0.0597705
-0.0277316
-0.0444383
0.0131812
-0.00753074
0.047891
0.0318841
0.0698405
0.0602712
0.0812178
0.0765478
0.0851013
0.083902
0.083336
0.0848013
0.0772788
0.0807094
0.0686812
0.0732196
0.0582479
0.063668
0.0461648
0.0523763
0.0328202
0.0396378
0.0181623
0.0256254
0.00253294
0.0101983
-0.0123404
-0.00557194
-0.020954
-0.0174882
-0.0226332
-0.022395
-0.0333224
-0.0231458
-0.0228935
-0.0213363
0.0507294
0.0218647
0.0212726
0.0362204
0.0760762
0.0640654
0.09378
0.0862872
0.100567
0.0989355
0.0954116
0.0994025
0.0795598
0.0885609
0.0574326
0.0687889
0.0363965
0.0463714
0.0235829
0.0289481
0.020249
0.0209227
0.0236633
0.0214168
0.0303156
0.0267725
0.0378692
0.0340896
0.044974
0.0415098
0.0512107
0.0481988
0.056444
0.0539512
0.0606499
0.0586593
0.0644685
0.0624521
0.0640794
0.0643229
0.0611706
0.0630764
0.0544952
0.0582989
0.0439171
0.0496606
0.0282599
0.0366325
0.00483282
0.0177752
-0.0259904
-0.00877115
-0.0440539
0.02363
0.0207146
0.022353
0.0149295
0.0184241
0.00402908
0.0101607
-0.0128147
-0.00366313
-0.0354462
-0.0234682
-0.0628873
-0.0486483
-0.0933907
-0.0779413
-0.123379
-0.108728
-0.147018
-0.136545
-0.156682
-0.153948
-0.149117
-0.154952
-0.137543
-0.117928
0.0244745
-0.0742049
-0.114089
-0.0910108
-0.185573
-0.0484411
0.0102456
0.076528
-0.228914
-0.267595
-0.291177
0.125199
-0.290927
0.131131
-0.262874
0.110336
-0.213595
0.0777928
-0.159396
0.0481913
-0.109417
0.0228237
-0.0722215
0.00646107
0.00405653
-0.046423
-0.0291588
-0.0115988
-0.00709496
-0.00896083
0.0250853
0.0238318
-0.146577
0.0218781
0.00953157
0.0205529
0.0223476
0.0162676
0.0185226
0.0107292
0.013615
0.00380413
0.00743233
-0.00474254
-0.000281994
-0.0148462
-0.00964886
-0.0253481
-0.0201926
-0.0323842
-0.0296297
-0.0279972
-0.0320104
-0.0059218
-0.0189203
0.0266302
0.00997784
0.0557368
0.0421419
0.0746523
0.0664144
0.0839238
0.0802481
0.0862122
0.0857394
0.0835615
0.0853695
0.0773937
0.0808006
0.0690571
0.0734309
0.0591575
0.0642726
0.0479834
0.0536967
0.0358623
0.042028
0.0228468
0.0294527
0.00956888
0.0161248
-0.00220816
0.00316377
-0.0102557
-0.00691768
-0.0126619
-0.0122058
-0.01166
-0.0126501
-0.00987739
0.0473219
0.03472
0.0697235
0.0589994
0.0858167
0.0788779
0.0926668
0.0903689
0.0901649
0.092472
0.0789932
0.085431
0.0625937
0.0710748
0.0463641
0.0541711
0.0354885
0.0402152
0.0313243
0.0326628
0.0325853
0.0314816
0.0369075
0.034512
0.0425044
0.0396427
0.0481976
0.045381
0.0534608
0.0508937
0.0580627
0.0558501
0.0617813
0.0600442
0.0636455
0.063122
0.0655275
0.0651139
0.063954
0.0651202
0.0589937
0.0619083
0.0499691
0.0549875
0.0358843
0.0435108
0.0145542
0.0259705
-0.0148225
0.000927811
-0.0447641
-0.0316807
-0.0568626
-0.0531072
0.0261225
0.0251717
0.0257778
0.0225356
0.0241103
0.0164354
0.0200857
0.00490904
0.011442
-0.0129378
-0.00328416
-0.0363901
-0.0240263
-0.064491
-0.04994
-0.0954526
-0.0798069
-0.125523
-0.110878
-0.14966
-0.139489
-0.158065
-0.156049
-0.147197
-0.155101
-0.114252
-0.132881
-0.074423
-0.0937736
-0.0564561
-0.135525
-0.00855702
-0.00254122
-0.130788
-0.18071
-0.101272
-0.0490461
0.0182369
-0.286944
-0.32521
0.0866081
-0.338864
0.120946
-0.32228
0.113267
-0.277021
0.0853369
-0.216445
0.0531225
-0.152774
0.024184
-0.0999759
0.00145997
-0.0646613
-0.014249
-0.0237567
-0.0409464
0.0261678
0.0269329
0.0267227
-0.0377746
-0.0237221
-0.0110784
-0.0043116
-0.0148207
0.0243408
0.0252907
0.0216563
0.0231054
0.0181815
0.0200506
0.0137979
0.0160881
0.00849286
0.0112467
0.00232995
0.00549548
-0.00427651
-0.000970902
-0.0100614
-0.00738606
-0.0121252
-0.0117592
-0.0056752
-0.0101572
0.0126384
0.00218722
0.0381678
0.0251082
0.0615413
0.050535
0.0771126
0.0703118
0.0845749
0.081679
0.0858595
0.0858113
0.0828082
0.084746
0.0767731
0.0800652
0.0688337
0.0729862
0.0595525
0.0643287
0.0492653
0.0545065
0.0382705
0.0438391
0.0267477
0.0325568
0.0152698
0.0209393
0.00561425
0.0099775
-0.00137682
0.00139304
-0.00470957
-0.00384967
-0.00270649
-0.00426306
-0.000269723
-0.00103346
-0.000790431
0.00223916
-0.0134775
-0.00564929
0.022797
0.0119064
0.0451868
0.0341134
0.0647098
0.0553197
0.0789038
0.0725433
0.0858044
0.0832264
0.08505
0.0862928
0.0772571
0.0818354
0.0651252
0.0714626
0.0525992
0.0587026
0.0434865
0.0475526
0.0391873
0.0407818
0.0391725
0.0387787
0.0419138
0.040314
0.0460576
0.0438918
0.0506179
0.0483299
0.055048
0.0528678
0.0590583
0.0571157
0.0623744
0.0608192
0.0645552
0.0636319
0.0660847
0.0655696
0.0652229
0.0659651
0.0613917
0.0637071
0.0537127
0.0580857
0.0410288
0.0481617
0.0215287
0.0323116
-0.00453231
0.00933376
-0.0268744
-0.0168255
-0.0387714
-0.0347726
-0.0392869
0.026464
0.0268607
0.0238881
0.0255175
0.0174198
0.0212885
0.00514174
0.0120765
-0.0132694
-0.00339055
-0.0367458
-0.0244297
-0.0644403
-0.0501419
-0.0945366
-0.0794007
-0.121984
-0.109137
-0.146224
-0.13813
-0.151926
-0.151208
-0.138274
-0.147611
-0.106331
-0.123684
-0.0715916
-0.089471
-0.0536118
-0.162094
-0.152749
-0.112014
-0.0238431
-0.0267128
-0.234453
-0.0468255
-0.342811
0.0299897
-0.372351
0.0909584
-0.369597
0.10786
-0.334447
0.0888153
-0.275625
-0.0358362
0.057317
-0.207558
-0.0378974
0.0252614
-0.135011
-0.0373302
-0.0032402
-0.0114622
-0.00148086
-0.0888554
-0.0324363
-0.0208767
-0.0205469
-0.0561118
-0.00249428
-0.025213
0.00653257
0.00516419
0.0259402
-0.0351268
-0.223172
-0.00899093
-0.288354
0.0263848
0.0276158
0.0272562
0.0245706
0.0252757
0.0225256
0.0235933
0.0197508
0.0212097
0.0163573
0.0181145
0.0124274
0.0144428
0.00819222
0.0103208
0.00423309
0.00612721
0.00178311
0.00273148
0.0030401
0.00182717
0.0109108
0.00607509
0.0267702
0.0180171
0.0471459
0.0368046
0.0656604
0.0569198
0.0781366
0.072679
0.0840039
0.0817667
0.0845933
0.0848111
0.0814127
0.0833597
0.0756542
0.0787712
0.0682044
0.0720925
0.059585
0.0640061
0.0501545
0.0549471
0.0402014
0.0452242
0.0299925
0.0351081
0.0200576
0.0249391
0.0117204
0.0156169
0.00566799
0.00837452
0.00249403
0.00359177
0.00383342
0.00274805
0.00397031
0.0041442
0.00404394
0.00643376
-0.00119353
0.0243835
0.0148184
0.0435293
0.0339954
0.0606
0.0524566
0.0731104
0.0674375
0.0798288
0.0771823
0.0802
0.0807224
0.0749025
0.0781021
0.0659528
0.0706795
0.0563092
0.0610876
0.0487506
0.0521891
0.0446756
0.0462976
0.0439594
0.0439851
0.0456419
0.0445889
0.048715
0.0470722
0.0523732
0.0505135
0.0560978
0.0542492
0.0595738
0.0578798
0.0625301
0.0611298
0.0646859
0.063714
0.0660092
0.0655116
0.0654921
0.0660045
0.0623881
0.0642902
0.0557985
0.059578
0.0445734
0.0508845
0.0274332
0.0367784
0.00613522
0.0168923
-0.0120305
-0.00412392
-0.0230253
-0.0192292
-0.0253539
0.0275308
0.027701
0.0248931
0.0265872
0.0179969
0.0221347
0.00499128
0.012241
-0.0134285
-0.00364836
-0.036158
-0.0242912
-0.0625061
-0.0489568
-0.090808
-0.0766332
-0.117101
-0.104477
-0.136556
-0.12881
-0.140014
-0.140392
-0.125684
-0.135045
-0.0973318
-0.112282
-0.0655542
-0.0820767
-0.0493688
-0.195215
-0.175736
-0.035371
-0.0210085
-0.0318261
-0.118136
-0.338721
-0.0387163
-0.38616
0.0395207
-0.39961
0.0864188
-0.377078
0.0855614
-0.3259
-0.0258876
-0.0393298
0.0588081
-0.258268
-0.0470166
0.00674037
-0.00283294
0.0255623
-0.190774
-0.0491778
-0.0119526
-0.00518554
-0.11986
-0.0492619
-0.0200432
-0.0279309
-0.0758003
-0.269142
-0.0424513
-0.0289632
-0.0153096
-0.0175627
0.0266968
0.0255978
0.0257893
0.024644
0.0252051
0.0230654
0.0239186
0.0209755
0.0220752
0.0184546
0.0197567
0.0156773
0.0170817
0.012976
0.0142901
0.0109876
0.0118482
0.0108208
0.0106119
0.0141161
0.0119661
0.0226097
0.0177055
0.0365644
0.0290693
0.0532005
0.0448322
0.0680204
0.0610358
0.0780045
0.0736366
0.0826023
0.0808794
0.0827382
0.083109
0.0796056
0.0814833
0.0742118
0.0771197
0.0672962
0.0709009
0.0593524
0.0634198
0.0507359
0.0551056
0.0417381
0.0462654
0.0326688
0.0371907
0.0240516
0.02826
0.016841
0.0202393
0.0116426
0.0139955
0.0089628
0.00994316
0.0094853
0.00888382
0.00944709
0.00957455
0.0121202
0.0104026
0.0147845
0.0136383
0.00690054
-0.00294703
-0.00995025
0.0111053
0.00426748
0.0262694
0.0183827
0.0425425
0.0343774
0.057223
0.0501645
0.0682973
0.0632474
0.0746367
0.0720506
0.0757783
0.0757825
0.0722992
0.0744954
0.0657114
0.0692343
0.0582807
0.0619661
0.0520936
0.054954
0.0484186
0.0499452
0.0473647
0.0476203
0.0483513
0.0476692
0.0506406
0.0493884
0.0535843
0.0520693
0.0567144
0.055149
0.0597145
0.0582453
0.0623283
0.0610803
0.0643131
0.0634059
0.0654664
0.0650207
0.0651021
0.065495
0.0624966
0.0640993
0.0568029
0.0600685
0.0470085
0.0524661
0.032444
0.0402785
0.0150012
0.0238549
-0.000715359
0.00659785
-0.0107232
-0.00645002
-0.015233
-0.0134337
0.0270809
0.028188
0.0276853
0.0282059
0.0284006
0.0255881
0.0273134
0.0181785
0.0226091
0.00463884
0.0119867
-0.0131765
-0.00381032
-0.0345482
-0.0234326
-0.0589123
-0.0464294
-0.0845338
-0.071754
-0.107748
-0.0967132
-0.123214
-0.11698
-0.124696
-0.125838
-0.11103
-0.119654
-0.086119
-0.0992767
-0.0578237
-0.0723909
-0.0439666
-0.230396
-0.0314464
0.0266266
-0.012447
-0.19534
-0.31087
-0.0482494
-0.112555
-0.375544
-0.0299805
-0.408314
0.0434745
-0.401593
-0.0178219
-0.0291705
0.0177297
0.0698924
-0.360576
-0.0419028
0.00876419
0.0551997
-0.298212
-0.0538232
-0.00249023
0.0236365
-0.227935
-0.0603743
-0.0122701
-0.00987708
-0.157284
-0.064326
-0.0207721
-0.0367642
-0.100065
-0.0632631
-0.0294457
-0.0544942
-0.0164795
-0.00877739
0.0261105
0.0246842
-0.00699233
0.0252566
0.0256644
0.0245117
0.0250331
0.0233994
0.0240508
0.0219048
0.0227092
0.0201392
0.0210504
0.0183196
0.0192203
0.0168265
0.0175066
0.0162868
0.0164006
0.0176449
0.0166833
0.0220957
0.019448
0.0306237
0.0258762
0.0429517
0.0364609
0.0567739
0.0498754
0.0688569
0.0631761
0.0769688
0.0734208
0.0806423
0.0792861
0.0805247
0.0809616
0.0775547
0.0793142
0.0725731
0.0752538
0.0662108
0.0695237
0.0589307
0.0626548
0.0510798
0.0550545
0.0429541
0.0470327
0.034873
0.0388864
0.0273418
0.0310041
0.0210557
0.0240237
0.0165483
0.0185704
0.0143659
0.0151601
0.0142697
0.0141858
0.0149476
0.0143548
0.0178758
0.0163319
0.0199735
0.019052
-0.00606733
-0.00813941
0.0033098
-0.00225849
0.015117
0.00919412
0.0280766
0.0212935
0.0418468
0.0348712
0.0544823
0.0484027
0.0642739
0.0597739
0.0701721
0.0677003
0.0718237
0.07147
0.0696498
0.0711185
0.0648501
0.0674494
0.0591083
0.0619756
0.0540962
0.0564437
0.0508865
0.0522588
0.0497161
0.0500819
0.0502548
0.049821
0.0519723
0.0510111
0.0543519
0.0531134
0.0569826
0.0556584
0.0595621
0.0582939
0.0618439
0.06075
0.0636016
0.0627978
0.0645843
0.0642064
0.0642654
0.0646049
0.0620035
0.0633927
0.0570469
0.0598815
0.0486034
0.0532639
0.0363808
0.0428881
0.0217797
0.0291986
0.008074
0.0146033
-0.00147322
0.00265223
-0.00641032
-0.0041244
-0.0112497
-0.00648734
-0.006945
0.0260657
0.0274266
0.0268807
0.0285401
0.0280303
0.0286321
0.0288022
0.0258631
0.027742
0.0181199
0.0226745
0.00423064
0.0112635
-0.0124438
-0.00372524
-0.032049
-0.0218997
-0.0539947
-0.042808
-0.0764834
-0.0653472
-0.0960716
-0.0868985
-0.108009
-0.103331
-0.107914
-0.109559
-0.0953343
-0.10306
-0.0736636
-0.0851174
-0.0496879
-0.0618628
-0.0276579
-0.0380414
-0.0184606
-0.261367
-0.0635584
0.0242492
-0.209908
-0.339436
-0.0425725
0.0247957
0.0238488
-0.0110816
-0.00650911
-0.111461
-0.391386
-0.00337397
-0.0129803
-0.0212491
-0.405466
-0.027486
0.0292312
0.0226047
0.0361665
-0.379247
-0.0430333
0.0109346
0.0417449
-0.323528
-0.0581697
-0.00119497
0.0173597
-0.255312
-0.0695685
-0.012667
-0.0168547
-0.186952
-0.0779706
-0.0216174
-0.0477287
-0.125467
-0.0824607
-0.0296722
-0.0687376
-0.0807909
-0.0801918
0.0257197
0.00225083
0.00531457
0.0103101
0.0244232
0.024772
0.0249793
0.0242845
0.0246061
0.0235702
0.0239863
0.0225861
0.0231132
0.0214594
0.0220314
0.0204295
0.0209157
0.0198839
0.0200727
0.0204011
0.0199803
0.0227566
0.0213192
0.0277979
0.0249276
0.0360353
0.031559
0.046922
0.0412759
0.0585844
0.0528026
0.0686194
0.063908
0.0753436
0.0724028
0.0783614
0.0772585
0.0781286
0.0785741
0.0753839
0.0770008
0.0708312
0.07328
0.0650185
0.0680443
0.0583782
0.0617732
0.0512452
0.0548518
0.0439189
0.0475881
0.0367177
0.0402823
0.0301047
0.0333116
0.0246081
0.0272032
0.0206996
0.0224397
0.0188535
0.0195359
0.0185773
0.0186006
0.0199042
0.0189033
0.0226675
0.0210438
0.0249606
0.0237307
0.0307524
0.0273557
0.0347512
0.0398911
0.0347735
0.0416553
0.0468745
-1.71936e-05
0.00172764
0.00185362
0.00034664
0.00902815
0.00472497
0.0186498
0.013655
0.0296258
0.0238433
0.0414239
0.0354688
0.0523198
0.0470779
0.0609252
0.056939
0.066367
0.0640385
0.0683131
0.0677305
0.067082
0.068017
0.0636112
0.0655271
0.0591953
0.0614292
0.0551657
0.0570743
0.0524242
0.0536211
0.0512658
0.0516687
0.0515249
0.0512544
0.0528259
0.0520815
0.0547597
0.0537434
0.056971
0.0558519
0.0591788
0.0580901
0.0611494
0.0602038
0.0626417
0.06197
0.0634652
0.0631612
0.0631234
0.0634524
0.0610837
0.0623283
0.0567089
0.0591986
0.0493966
0.0534087
0.038989
0.0445138
0.0265266
0.0328798
0.0144646
0.0203182
0.00544632
0.00951013
-0.000115786
0.00188819
-0.00232307
-0.00156847
0.0273584
0.0266001
0.0286814
0.0281345
0.0287393
0.028941
0.0256783
0.0277721
0.0172
0.0221405
0.00410659
0.0109491
-0.0112895
-0.00331448
-0.0289445
-0.0198489
-0.0482811
-0.0384835
-0.067511
-0.0580729
-0.0835256
-0.0761434
-0.0924346
-0.0890971
-0.0911958
-0.0931326
-0.0798971
-0.0866704
-0.0616356
-0.0712295
-0.0419351
-0.0518674
-0.0241356
-0.032501
-0.0167855
-0.281301
0.0154984
0.00934231
-0.0391774
0.0232177
0.0230211
-0.00268858
-0.201604
-0.348266
-0.00698737
-0.0541263
0.0249408
0.0236257
0.0578884
0.0498821
0.0221195
0.0210575
0.0282949
-0.101431
-0.384188
0.027891
0.0112243
0.0200527
-0.024627
0.0281008
-0.0191948
-0.379392
-0.0423462
0.0145056
0.014238
-0.337364
-0.0598516
0.00147333
0.00286353
-0.272652
-0.0761865
-0.011883
-0.0276822
-0.203946
-0.0893467
-0.0225548
-0.0614676
-0.143403
-0.0993209
-0.0308729
-0.0865189
-0.0958373
-0.104112
-0.0384628
-0.100596
0.0584311
0.0638076
0.0236001
0.0231907
0.0232661
0.023953
0.0238517
0.0239226
0.0239896
0.0235709
0.0237698
0.0230336
0.0233165
0.0224539
0.0227372
0.0220773
0.0222241
0.0222762
0.0220846
0.0235632
0.0227613
0.0265578
0.0248289
0.0318435
0.0289141
0.0396393
0.0354738
0.0492676
0.044344
0.0592393
0.0543194
0.0677116
0.0637384
0.0733934
0.0709069
0.0759399
0.0750137
0.0756742
0.0760958
0.0731805
0.0746467
0.06905
0.0712724
0.0637676
0.0665173
0.0577312
0.0608167
0.0512655
0.0545312
0.044666
0.047965
0.0382475
0.0414153
0.0324232
0.0352414
0.0276191
0.0298824
0.0242524
0.0257431
0.0226566
0.0232577
0.0225023
0.0224294
0.0240074
0.02304
0.0266287
0.0252611
0.029889
0.0280778
0.0361228
0.0324948
0.0455036
0.0401468
0.0518364
0.0125871
0.0171114
0.00792575
0.00953453
0.00881253
0.00739284
0.0138541
0.0107549
0.0219219
0.0176485
0.0311895
0.0263085
0.0412328
0.0361953
0.0506089
0.0460795
0.0581422
0.0546287
0.0631207
0.0609522
0.0652142
0.0644916
0.0646627
0.0652059
0.0621892
0.0635931
0.0588094
0.0605394
0.0555897
0.0571306
0.0532857
0.0543078
0.0522092
0.0526063
0.0522999
0.0521352
0.0532963
0.0527141
0.0548756
0.0540386
0.0567339
0.0557894
0.0586146
0.0576855
0.0602975
0.0594915
0.0615662
0.0609921
0.0621919
0.0619746
0.0617842
0.0621279
0.0598815
0.0610301
0.0559501
0.0581741
0.0495183
0.053032
0.0404957
0.0452747
0.0297103
0.0352168
0.019002
0.0242407
0.0102733
0.0143454
0.0044776
0.00690055
0.00137578
0.00252208
-0.00306185
-0.000249145
0.000456579
0.0269363
0.025979
0.0284622
0.0278086
0.0285188
0.0287599
0.0250835
0.0274121
0.0162915
0.0212983
0.00406205
0.0104156
-0.00987679
-0.00269433
-0.025538
-0.0175126
-0.0422693
-0.0338492
-0.058373
-0.0505453
-0.0711651
-0.065364
-0.0776174
-0.0753402
-0.075706
-0.0777214
-0.0659058
-0.0716563
-0.0510005
-0.0587816
-0.0351005
-0.0431067
-0.0210805
-0.0277018
-0.0106231
-0.015391
-0.00647735
-0.282535
0.000918632
-0.0649763
0.0218818
0.0574785
0.0347772
-0.188294
-0.337963
0.012345
0.00255149
-0.0184759
0.0346993
0.0628572
0.0697985
-0.00312502
-0.000721748
-0.0928614
-0.357453
-0.0389365
0.0198243
-0.0481279
-0.0315947
-0.336819
-0.0599369
0.00494589
-0.0225432
-0.283688
-0.0796228
-0.0102061
-0.0457586
-0.214257
-0.0978086
-0.0232807
-0.0794471
-0.15035
-0.113508
-0.0329901
-0.108502
-0.102161
-0.125344
-0.0400457
-0.125322
-0.0722228
-0.130475
0.00297158
0.0288133
0.0217828
0.0140544
0.0220953
0.0210735
0.0202004
0.0212163
0.0226677
0.0224477
0.0231689
0.0229271
0.02341
0.0233043
0.0234021
0.0234196
0.0232644
0.0233374
0.023159
0.0231956
0.0233281
0.0231946
0.0241169
0.0236281
0.0259674
0.024893
0.0293635
0.0274628
0.0346902
0.031794
0.0419825
0.0381346
0.0505466
0.0462356
0.0591707
0.0549317
0.0664276
0.063027
0.0713049
0.0691678
0.0735
0.0727018
0.0732437
0.0736268
0.0710017
0.0723203
0.0672705
0.0692806
0.0624901
0.0649802
0.057018
0.0598149
0.0511695
0.0541209
0.045232
0.0481952
0.0395113
0.0423274
0.0343739
0.0368544
0.0301831
0.0321499
0.0273037
0.0285722
0.0259557
0.026459
0.0260279
0.0258237
0.0276513
0.0266725
0.0303304
0.0289033
0.0346695
0.0321496
0.040756
0.037325
0.0502758
0.0450804
0.0561997
0.0653305
0.0701956
0.0412193
0.0353038
0.0281171
0.0408788
0.0344173
0.018945
0.0229164
0.0145464
0.016093
0.0144542
0.0139406
0.0182661
0.0159555
0.0247722
0.0213153
0.0326581
0.0285664
0.0411813
0.036911
0.0492401
0.0453271
0.0558393
0.0527476
0.0603488
0.0583567
0.0624923
0.0616906
0.0624226
0.0626827
0.0606992
0.0617072
0.0581301
0.0594596
0.0555719
0.0568083
0.0536588
0.0545185
0.0526959
0.0530647
0.0526891
0.0525922
0.0534599
0.0530006
0.0547544
0.0540634
0.0563139
0.0555186
0.0579069
0.0571194
0.0593282
0.0586492
0.0603772
0.0599066
0.0608207
0.0606859
0.0603327
0.0607022
0.0585157
0.0595986
0.0549217
0.0569426
0.0491749
0.0523019
0.0412338
0.0454302
0.031761
0.0366031
0.0221651
0.0268861
0.0139045
0.0178131
0.00785801
0.0105941
0.00417561
0.00563467
0.00196813
0.00294393
0.0239141
0.0224764
0.0262349
0.0251351
0.0279072
0.0271914
0.0279392
0.0282263
0.0241563
0.0266853
0.0153346
0.0202436
0.00407509
0.00985498
-0.00837438
-0.00198374
-0.0220964
-0.0151054
-0.0363645
-0.0292367
-0.0496383
-0.0432502
-0.0596931
-0.0552081
-0.0642704
-0.0627689
-0.0621127
-0.064024
-0.0539062
-0.0586403
-0.0419787
-0.048184
-0.0293461
-0.0356864
-0.0183335
-0.0235217
-0.00966649
-0.013738
-0.00616574
-0.270164
-0.00849087
0.050303
0.0422732
0.0321235
0.0378277
0.0464084
0.00127919
-0.17341
-0.313268
-0.00871439
-0.0319448
0.0262664
-0.0550491
0.0205647
0.0194086
0.0661025
0.0723743
-0.0955275
-0.318784
-0.0566547
-0.00842292
0.0043933
0.00988641
-0.0464093
0.0591701
-0.0619996
-0.28613
-0.080663
-0.00702595
-0.0734332
-0.225017
-0.103314
-0.023317
-0.104112
-0.15629
-0.124633
-0.035462
-0.136385
-0.101135
-0.143128
-0.0436308
-0.156499
-0.069636
-0.156976
-0.163187
0.0251964
0.0208835
0.0192464
0.0201361
0.0217222
0.0213724
0.022331
0.0220311
0.022786
0.0225689
0.0230771
0.0229421
0.0232969
0.0231855
0.023607
0.0234296
0.0242388
0.0238699
0.0255033
0.0247783
0.0277731
0.0265012
0.0314175
0.0294203
0.0366735
0.0338579
0.0434387
0.0399118
0.0511099
0.0471806
0.0586683
0.0549731
0.0649627
0.0620156
0.0691998
0.0673404
0.0711204
0.0704208
0.0708898
0.0712311
0.0688845
0.0700654
0.0655274
0.0673378
0.0612066
0.0634578
0.0562573
0.0587868
0.0509764
0.0536394
0.0456415
0.0482997
0.0405449
0.0430479
0.0360132
0.0381959
0.0323676
0.0340704
0.0299219
0.0309921
0.0288377
0.0292234
0.0291425
0.0288228
0.0308677
0.0298575
0.0337752
0.0321745
0.0384574
0.0358937
0.0446933
0.04141
0.0541174
0.0490558
0.0599422
0.0740612
0.0778881
0.0486434
0.0434155
0.0532563
0.0454376
0.0517548
0.0332797
0.0392004
0.024673
0.0284125
0.0200879
0.0219407
0.0194045
0.0193137
0.0221589
0.0204385
0.0273751
0.0245532
0.0339932
0.0305678
0.0412162
0.0375865
0.0481434
0.0447661
0.0539234
0.0512021
0.0580012
0.0561759
0.0601103
0.0592791
0.0603719
0.0604314
0.0592126
0.0599204
0.0572786
0.0582932
0.0552565
0.0562431
0.0536814
0.0543971
0.0528399
0.053171
0.0527783
0.0527255
0.0533781
0.0530141
0.0544398
0.0538696
0.0557442
0.0550773
0.0570843
0.0564219
0.0582699
0.0577058
0.0591141
0.0587425
0.0593952
0.0593338
0.0588302
0.0592262
0.0570739
0.0581074
0.0537483
0.0556075
0.0485519
0.0513689
0.0414721
0.0452063
0.0330393
0.0373553
0.0243636
0.0286563
0.0165908
0.0203131
0.0105266
0.013342
0.00629814
0.00819308
0.00371667
0.00486624
0.000757098
0.0020748
0.00281475
0.0229823
0.0216877
0.0253954
0.024255
0.027061
0.026368
0.0269949
0.0273457
0.0229623
0.0256189
0.0143313
0.0190387
0.00408494
0.00928255
-0.00692135
-0.00129256
-0.018819
-0.0127936
-0.0308469
-0.0248844
-0.0416605
-0.0365072
-0.0494851
-0.0460506
-0.0526976
-0.051731
-0.0505802
-0.052283
-0.043872
-0.0476935
-0.0344136
-0.0393289
-0.0243873
-0.0294147
-0.0156028
-0.0197624
-0.00849227
-0.0118464
-0.00295088
-0.00550584
-0.000895998
-0.249779
-0.0213217
0.0425499
0.0338978
-0.0569568
0.018407
0.0859714
0.043001
0.0479764
0.0789803
-0.166074
-0.283118
-0.0223818
-0.0489131
0.0165205
0.020008
0.0188115
0.000440786
0.00152264
-0.0515772
0.0686059
0.0747644
0.0688319
-0.116429
-0.278336
-0.0216297
-0.0777367
0.0173168
-0.00210577
0.0522813
-0.111182
-0.236261
-0.105134
0.0374757
-0.0211882
-0.137763
-0.171121
-0.131767
-0.0374676
-0.0483561
-0.171848
-0.106864
-0.156702
-0.0483936
-0.196954
-0.062849
-0.179173
-0.203804
-0.0487398
-0.196927
0.0870627
0.0182955
0.0176861
0.0196483
0.0190068
0.0206417
0.0201754
0.0214227
0.0210526
0.022062
0.0217525
0.022609
0.0223407
0.0231469
0.0228707
0.0238256
0.023459
0.0248579
0.0242868
0.0265169
0.0255985
0.0291089
0.0276891
0.0329078
0.0308588
0.0380418
0.0353244
0.0443444
0.0410851
0.0512656
0.0477663
0.0579288
0.0546773
0.0634412
0.060862
0.0671547
0.0655238
0.0688486
0.0682304
0.0686442
0.0689474
0.0668512
0.0679086
0.0638311
0.0654613
0.0599306
0.0619633
0.0554607
0.0577449
0.0506997
0.0530987
0.0459133
0.0482945
0.0413779
0.0436005
0.0373867
0.0393035
0.0342289
0.0356957
0.032173
0.0330629
0.0313632
0.0316208
0.0318851
0.0314657
0.0337372
0.032667
0.0368942
0.035144
0.0417299
0.0391274
0.0481449
0.0447283
0.0572842
0.0523982
0.0626698
0.08963
0.09385
0.0920844
0.083535
0.0865509
0.0567914
0.0524721
0.0602579
0.0486663
0.0548271
0.0378194
0.0431171
0.0295975
0.0330078
0.0247933
0.0267006
0.0236732
0.0238651
0.0255459
0.0243038
0.029686
0.0274082
0.0351937
0.0323303
0.0413115
0.0382263
0.0472618
0.0443503
0.052317
0.0499245
0.0559832
0.0543266
0.0580238
0.0571898
0.0585106
0.0584291
0.0577768
0.0582556
0.0563365
0.0571046
0.0547455
0.0555295
0.0534551
0.0540475
0.0527284
0.0530207
0.0526349
0.0526123
0.0530994
0.0528122
0.0539661
0.053498
0.0550499
0.0544946
0.0561672
0.0556155
0.0571436
0.0566815
0.0578056
0.0575215
0.0579481
0.0579492
0.0573193
0.0577367
0.0556177
0.0566077
0.0525207
0.0542427
0.0477829
0.0503428
0.0414049
0.044764
0.0338166
0.0377052
0.0258964
0.0298349
0.0185762
0.0221202
0.0125646
0.0154007
0.00815798
0.0101579
0.00509497
0.00640146
0.0030519
0.00396855
0.0222149
0.0210782
0.0244561
0.0233851
0.0259487
0.0253477
0.0257217
0.0261502
0.0215617
0.0242624
0.0132816
0.017725
0.00402827
0.00866852
-0.00561493
-0.000704772
-0.0158314
-0.0106873
-0.0258762
-0.0209358
-0.0346087
-0.0304863
-0.0406619
-0.038045
-0.0429053
-0.0422962
-0.0409708
-0.0424335
-0.0355552
-0.0386117
-0.0280755
-0.0319628
-0.0201007
-0.0241023
-0.0129972
-0.016384
-0.00720033
-0.00993391
-0.0026589
-0.00474524
-0.000959365
0.0947878
0.0867564
-0.230958
-0.0367349
0.033786
0.0247047
0.0177555
0.00232552
-0.0512163
0.0706378
0.0766817
0.0587377
0.0549053
0.100947
0.102087
0.0791309
-0.175556
-0.258743
-0.0391239
-0.0696448
0.00758919
0.00487232
0.062268
-0.158276
-0.245996
-0.0383143
-0.102497
0.0308325
-0.0167546
0.0439954
-0.17827
-0.195755
-0.134713
-0.0375805
-0.0542509
-0.215451
-0.128311
-0.166257
-0.0533595
-0.0537081
-0.246319
-0.0697926
-0.196813
-0.25721
-0.0377018
-0.225227
-0.247711
0.0165459
0.0163322
0.0159199
0.017301
0.0168859
0.0184472
0.0178613
0.0195249
0.0190017
0.0204321
0.0199931
0.0212361
0.0208404
0.0220053
0.0216194
0.0228268
0.0224029
0.0238371
0.0233005
0.0252254
0.0244755
0.0272239
0.0261408
0.0300768
0.0285398
0.0339778
0.0319008
0.0389751
0.0363569
0.0448667
0.041842
0.0511415
0.0479991
0.0570784
0.0541921
0.0619424
0.0596692
0.0652155
0.0637775
0.0667111
0.0661653
0.066524
0.0667968
0.0649124
0.0658634
0.0621899
0.0636601
0.0586689
0.0605042
0.0546342
0.0566954
0.0503475
0.0525057
0.0460607
0.04819
0.0420325
0.0440021
0.0385281
0.0402054
0.0358092
0.037064
0.0341077
0.0348317
0.0335666
0.0336976
0.0342866
0.0337782
0.0362821
0.0351386
0.0396335
0.0377869
0.0444714
0.0418926
0.051097
0.0475447
0.0597763
0.0551871
0.0649353
0.0975441
0.0993094
0.0926398
0.0951994
0.0654034
0.0622314
0.0701767
0.0678864
0.0718644
0.0515479
0.057721
0.0415199
0.0463107
0.0335271
0.037158
0.0288138
0.0307868
0.0273069
0.0277277
0.0284686
0.027613
0.0317061
0.0298927
0.0362619
0.033876
0.0414347
0.0388167
0.0465421
0.0440338
0.0509609
0.0488591
0.0542506
0.0527509
0.0561959
0.0553788
0.0568319
0.0566516
0.0564166
0.0567224
0.0553592
0.0559348
0.0541117
0.0547332
0.0530552
0.0535453
0.0524277
0.0526855
0.0523111
0.0523122
0.0526621
0.0524397
0.05336
0.0529806
0.0542499
0.0537929
0.0551705
0.0547163
0.0559644
0.0555911
0.0564704
0.0562602
0.0565015
0.0565518
0.0558298
0.0562592
0.0541888
0.0551345
0.0513003
0.0528989
0.0469577
0.049298
0.0411662
0.0442129
0.0342743
0.0378105
0.0269734
0.0306255
0.0200623
0.0234374
0.0141382
0.0169637
0.00951501
0.0116687
0.00615007
0.00766175
0.00375815
0.00480663
0.00175623
0.00214029
0.00286995
0.0170736
0.0192641
0.0181423
0.021403
0.0203438
0.0233578
0.0224349
0.0245527
0.0240959
0.0241286
0.0246365
0.0199782
0.0226367
0.0121666
0.0163089
0.00385425
0.00797558
-0.00451615
-0.000278387
-0.0131944
-0.00884792
-0.0215094
-0.0174506
-0.0285107
-0.0252351
-0.0331749
-0.031187
-0.0347344
-0.0343621
-0.033032
-0.034264
-0.0286828
-0.0311194
-0.0227668
-0.0258431
-0.016414
-0.0196053
-0.0106578
-0.0134183
-0.00594212
-0.00816063
-0.0022779
-0.00397528
0.000282537
-0.000860745
0.00114181
-0.0414569
0.0154969
0.0811148
0.0154789
0.0828976
0.0149
0.0506603
-0.040329
0.087879
0.0892721
-0.0188834
0.095159
0.0960698
0.0890652
-0.224783
-0.0561826
-0.00469369
0.02247
0.0131118
0.0721003
-0.206057
-0.249609
-0.0598449
-0.0942163
0.0231378
-0.00985549
0.0698441
0.0672998
0.00136972
0.00158752
0.0550984
-0.220696
-0.228681
-0.0621473
-0.132298
0.0456904
-0.0343654
-0.0546433
0.0332894
-0.262275
-0.17014
-0.170888
-0.0564146
-0.0614529
-0.303787
-0.100032
-0.0302438
-0.0574361
-0.20861
-0.0620921
-0.322461
-0.0478866
-0.246817
-0.312544
-0.0280663
-0.284046
0.0142506
0.0148718
0.0136646
0.0141367
0.0162112
0.0156502
0.0172796
0.0167535
0.0183814
0.0178447
0.0193686
0.018883
0.0203095
0.0198402
0.0212724
0.0207835
0.0223476
0.0217907
0.0236598
0.022968
0.0253725
0.0244599
0.0276758
0.0264456
0.0307552
0.0291178
0.0347354
0.0326395
0.0396038
0.0370761
0.0451371
0.0423163
0.050877
0.0480178
0.0561989
0.0536227
0.0605162
0.0585013
0.0634087
0.0621391
0.0647215
0.0642443
0.0645359
0.0647889
0.063072
0.0639345
0.0606074
0.0619377
0.0574229
0.0590823
0.0537801
0.0556398
0.0499246
0.0518634
0.0460929
0.0479926
0.0425251
0.0442651
0.0394627
0.0409225
0.0371414
0.0382043
0.0357652
0.0363356
0.0354764
0.0354891
0.0363752
0.0357861
0.0385059
0.0372952
0.0419682
0.0400767
0.0468328
0.0442346
0.0535088
0.0499289
0.0619004
0.0574238
0.0721716
0.0668661
0.0839853
0.0778889
0.0968134
0.0904303
0.103365
0.10976
0.108235
0.109109
0.105676
0.106937
0.101493
0.104015
0.0745126
0.0722985
0.0786032
0.0764941
0.0824426
0.0801553
0.0840756
0.0668858
0.0796529
0.0739975
0.0537534
0.0595025
0.0444163
0.0489715
0.0368591
0.0403658
0.032185
0.0341766
0.03037
0.0309774
0.0309603
0.0304173
0.0334485
0.0320231
0.0371939
0.0352158
0.0415587
0.0393403
0.0459428
0.0437813
0.0498061
0.0479594
0.0527559
0.0513999
0.0545925
0.0538041
0.0553237
0.0550754
0.0551457
0.055321
0.054384
0.0548099
0.0534073
0.0539
0.0525375
0.0529457
0.051988
0.0522191
0.0518471
0.0518707
0.0520953
0.0519314
0.0526416
0.0523418
0.0533581
0.0529888
0.0541053
0.0537366
0.0547422
0.0544447
0.0551213
0.0549702
0.0550725
0.0551557
0.0543822
0.0548116
0.0528155
0.0537118
0.0501268
0.0516096
0.0461368
0.048283
0.0408456
0.0436278
0.0345346
0.0377772
0.0277666
0.0311675
0.0211879
0.0244199
0.0153562
0.0181631
0.0105759
0.0128371
0.00689696
0.00860707
0.00420018
0.00541899
0.00228511
0.00314749
0.016261
0.0183653
0.0172928
0.0203542
0.0193697
0.0220403
0.0212698
0.0228743
0.0225959
0.022236
0.0228163
0.0182336
0.0207669
0.0109822
0.0147997
0.00354559
0.00719186
-0.00365185
-3.59764e-05
-0.0109301
-0.00730268
-0.0177449
-0.014441
-0.0233174
-0.0207323
-0.0268951
-0.0253907
-0.02797
-0.0277542
-0.0265061
-0.0275307
-0.0230249
-0.0249637
-0.0183429
-0.0207795
-0.0132809
-0.0158258
-0.00863046
-0.0108716
-0.0047815
-0.00659191
-0.00181857
-0.00319175
0.000239184
-0.000669594
0.000910844
0.0947403
0.0816936
-0.238267
-0.0797382
0.0149717
0.00456731
0.0140915
0.00923208
-0.000810749
0.0646401
0.00158444
0.0664169
-0.257673
-0.260136
-0.0863397
-0.123429
0.0400185
-0.0274915
-0.0472369
0.045912
0.100824
-0.303067
-0.228491
-0.16895
-0.00779684
-0.0554054
0.117291
0.110654
0.117237
0.0206696
-0.0700445
-0.359298
-0.158621
-0.0927798
-0.0519332
-0.214372
-0.066267
-0.0737682
-0.396091
-0.0877331
-0.261336
-0.393377
-0.0421383
-0.310558
-0.358518
0.0839129
0.0129387
0.0138959
0.013274
0.0150819
0.014494
0.0161558
0.0156367
0.0172153
0.0166864
0.0182495
0.0177357
0.0192942
0.0187673
0.0204209
0.0198436
0.0217209
0.0210451
0.0233088
0.0224745
0.0253226
0.0242586
0.0279105
0.0265428
0.0312017
0.0294702
0.0352593
0.0331432
0.0400215
0.0375694
0.0452524
0.0426039
0.0505378
0.0479176
0.0553467
0.0530276
0.0591945
0.0574034
0.0617482
0.0606304
0.0628854
0.0624769
0.062681
0.0629266
0.0613303
0.0621224
0.0590819
0.0602938
0.0561903
0.0576953
0.0528976
0.0545766
0.0494324
0.0511722
0.0460156
0.0477059
0.0428682
0.0443985
0.0402102
0.0414708
0.038253
0.0391399
0.0371787
0.0376059
0.0371254
0.0370283
0.0381906
0.0375258
0.0404415
0.0391749
0.0439673
0.0420537
0.0488657
0.046245
0.0554167
0.0519505
0.0635371
0.0593382
0.0734434
0.0683347
0.0850676
0.0790268
0.0977197
0.091383
0.104046
0.116708
0.11717
0.115464
0.116164
0.11396
0.114746
0.110718
0.112978
0.113506
0.110773
0.0811247
0.0788568
0.0799195
0.0838247
0.0824662
0.0866246
0.0851705
0.0895035
0.0881135
0.0806475
0.0895759
0.0899861
0.0683804
0.0749085
0.0557441
0.0616277
0.0467512
0.0510605
0.0396338
0.0429697
0.0349889
0.0370013
0.0329307
0.033687
0.0330605
0.0327705
0.03493
0.0338271
0.0379875
0.0363568
0.0416645
0.0397863
0.0454303
0.0435658
0.048812
0.0471874
0.051459
0.0502326
0.0531837
0.0524298
0.0539723
0.0536783
0.0539706
0.0540476
0.053436
0.0537464
0.0526694
0.053062
0.0519427
0.0522885
0.051447
0.0516613
0.0512732
0.0513219
0.0514213
0.0513134
0.0518261
0.0515999
0.0523852
0.0520948
0.0529804
0.0526857
0.0534863
0.0532508
0.0537683
0.0536607
0.053677
0.0537729
0.0529925
0.0534079
0.0515179
0.0523573
0.0490279
0.0503981
0.0453595
0.0473306
0.0405022
0.0430569
0.0346825
0.037678
0.0283484
0.0315441
0.0220479
0.025162
0.0162841
0.0190822
0.0113682
0.0137178
0.00741206
0.00927874
0.0043953
0.00578918
0.00218106
0.00319314
0.00106847
0.0007437
0.00134488
0.0153031
0.0173028
0.0163148
0.0190892
0.01822
0.0204734
0.0198764
0.0208936
0.0208232
0.0200243
0.0206703
0.0163014
0.0186301
0.00970834
0.0131709
0.00310194
0.00630795
-0.0030173
2.59802e-05
-0.00902201
-0.00604395
-0.014531
-0.0118749
-0.0189254
-0.0169019
-0.0216554
-0.0205218
-0.0223886
-0.0222743
-0.0211507
-0.0219945
-0.0183704
-0.0199114
-0.0146621
-0.0165935
-0.0106292
-0.0126577
-0.00688333
-0.00869544
-0.00374333
-0.00522376
-0.00134177
-0.00244721
0.000280712
-0.000434194
0.0010842
0.000790987
0.00117684
0.0781851
-0.27271
-0.108185
0.0141332
0.0261969
0.0336964
-0.0071337
-0.0178367
-0.0345775
0.0592622
-0.32862
-0.288701
-0.118132
-0.158014
0.0162499
-0.0493275
0.123976
0.123493
0.110291
0.115753
0.0822275
0.0893859
0.0343121
-0.0774387
-0.399208
-0.241993
-0.0922675
-0.122646
-0.212135
-0.0644341
0.000214282
-0.000276233
-0.000994819
0.0617336
0.0116373
0.0779769
0.00526752
0.104666
0.102951
0.114631
-0.0870945
-0.4609
-0.161188
-0.268572
-0.0837228
-0.48253
-0.0893939
-0.327867
-0.451826
-0.0499109
-0.392195
0.0128529
0.0122854
0.0139773
0.0134179
0.0150161
0.0145156
0.0160468
0.0155315
0.0170971
0.0165707
0.018212
0.017644
0.0194696
0.0188197
0.0209634
0.0201835
0.0228003
0.0218357
0.0250949
0.0238883
0.0279549
0.0264545
0.0314557
0.0296294
0.0356033
0.0334585
0.0402927
0.0378967
0.0452784
0.0427706
0.0501822
0.0477642
0.054557
0.0524551
0.057998
0.0564009
0.0602423
0.0592644
0.0612045
0.0608674
0.0609584
0.0612097
0.0596841
0.0604253
0.057609
0.0587239
0.0549671
0.0563391
0.0519835
0.0535016
0.0488703
0.0504296
0.045832
0.0473307
0.0430708
0.0444081
0.0407852
0.0418623
0.0391641
0.0398884
0.038371
0.0386645
0.0385358
0.0383374
0.0397539
0.0390197
0.0421033
0.040794
0.045665
0.0437407
0.0505564
0.0479458
0.0569389
0.0535786
0.0648507
0.0607186
0.0744594
0.0694226
0.0856793
0.0798528
0.0980067
0.0917955
0.104421
0.123405
0.123853
0.122695
0.123046
0.122209
0.122384
0.122142
0.121806
0.12435
0.12348
0.0923542
0.0929323
0.0924278
0.092922
0.0925939
0.0943593
0.0935498
0.0959691
0.0952371
0.0965056
0.0961959
0.0696586
0.075843
0.0576614
0.0634052
0.0486398
0.0528726
0.0418734
0.0450524
0.0372781
0.0392994
0.0350365
0.0359072
0.0348002
0.0347129
0.0361611
0.0353252
0.0386403
0.0373027
0.041736
0.0401456
0.0449764
0.0433647
0.0479447
0.0465112
0.0503264
0.0492143
0.0519436
0.0512255
0.0527647
0.0524399
0.0528937
0.0528967
0.0525318
0.0527538
0.051924
0.052241
0.0513003
0.0516019
0.0508319
0.0510408
0.0506116
0.0506905
0.0506565
0.0506047
0.0509255
0.0507688
0.051341
0.0511214
0.0518049
0.0515729
0.0522072
0.0520191
0.0524226
0.0523431
0.0522961
0.0524088
0.0516773
0.0520582
0.0503124
0.0510866
0.0480232
0.0492821
0.0446517
0.0464634
0.0401754
0.0425315
0.0347642
0.0375564
0.028781
0.0318116
0.0226983
0.025723
0.0169663
0.0197704
0.0119086
0.0143471
0.0076939
0.00969936
0.00436876
0.00592759
0.00185939
0.0030185
0.000901571
0.0141378
0.0161019
0.015145
0.0176964
0.0169351
0.018728
0.0183262
0.0186725
0.0188447
0.0175275
0.018251
0.0141723
0.0162366
0.0083369
0.0114071
0.002542
0.00533048
-0.00259
-6.90287e-05
-0.00744943
-0.00505246
-0.0118229
-0.00972344
-0.0152404
-0.0136768
-0.0173015
-0.0164559
-0.0177901
-0.0177419
-0.0167575
-0.0174459
-0.0145463
-0.0157671
-0.0116133
-0.0131425
-0.00840214
-0.0100186
-0.0053889
-0.00685104
-0.0028379
-0.00404316
-0.000895392
-0.00178426
0.000360653
-0.000182281
0.000896488
0.000721322
0.000662941
0.000879396
0.000269163
0.073695
-0.326152
-0.13982
-0.137595
0.012976
-0.0282494
-0.0557417
0.0584509
0.0548041
0.0939382
0.0114361
0.00245125
0.0105826
0.0770126
-0.0398764
-0.028231
-0.193458
0.0103164
0.110558
0.121794
0.0953974
0.0969651
-0.000528536
0.0501714
0.0869921
-0.0803575
-0.413254
-0.329444
-0.149697
-0.200677
0.0759273
0.0501438
-0.0590748
-0.000700371
-0.00135389
0.0210786
0.120219
0.101911
-0.0993737
-0.499272
-0.264553
-0.164047
-0.266696
-0.0143298
-0.104006
-0.554492
-0.172893
-0.335794
-0.0676673
-0.0561229
-0.090303
0.0109026
0.0102235
0.137504
0.140617
-0.551151
-0.102466
-0.41182
-0.0167856
-0.093644
-0.492271
0.0117922
0.0112023
0.0128759
0.0123862
0.0138969
0.0134053
0.0149
0.0144043
0.0159434
0.0154165
0.0170972
0.0165033
0.0184508
0.0177448
0.0201034
0.0192354
0.0221578
0.0210769
0.0247094
0.0233699
0.0278291
0.0261996
0.0315417
0.0296167
0.0357992
0.0336125
0.0404556
0.0380925
0.0452545
0.0428556
0.0498475
0.0475949
0.0538519
0.0519361
0.0569367
0.0555123
0.0588958
0.058049
0.0596783
0.0594174
0.059366
0.059637
0.0581307
0.0588404
0.0561858
0.0572251
0.0537506
0.0550105
0.0510355
0.0524121
0.0482376
0.0496339
0.045545
0.0468677
0.0431402
0.0442985
0.0412004
0.0421066
0.0398925
0.0404648
0.0393624
0.0395307
0.0397293
0.0394373
0.0410854
0.0402894
0.0435111
0.0421713
0.0470858
0.0451617
0.0519261
0.0493524
0.0581488
0.0548752
0.0658311
0.0618238
0.0751109
0.0702757
0.0860032
0.080387
0.097858
0.091991
0.104077
0.130404
0.129202
0.130242
0.129976
0.13024
0.129761
0.129779
0.130227
0.129902
0.132075
0.130833
0.135936
0.133839
0.137923
0.106263
0.112509
0.108926
0.103088
0.104334
0.101752
0.102247
0.101808
0.10163
0.102538
0.102134
0.103385
0.10288
0.0971531
0.104401
0.103935
0.0829083
0.0899546
0.0701649
0.0762796
0.0589495
0.064394
0.0500601
0.0542273
0.043569
0.0466097
0.0390779
0.0410774
0.0367189
0.0376694
0.0362009
0.0362722
0.0371508
0.0365325
0.0391511
0.0380573
0.0417598
0.0404109
0.0445581
0.0431593
0.0471764
0.045905
0.0493305
0.0483168
0.0508502
0.0501657
0.0516887
0.0513429
0.0519143
0.0518614
0.0516816
0.0518369
0.0511884
0.0514507
0.0506299
0.0509044
0.0501611
0.0503764
0.0498776
0.0499931
0.0498134
0.0498185
0.0499513
0.0498597
0.0502372
0.0500794
0.0505929
0.0504102
0.0509213
0.0507644
0.0511051
0.0510352
0.0510008
0.0510927
0.0504611
0.0507865
0.049215
0.0499163
0.047128
0.0482772
0.044029
0.0456965
0.0398777
0.0420679
0.0348045
0.0374316
0.0290979
0.0319997
0.0231669
0.0261325
0.0174264
0.0202528
0.0122137
0.0147445
0.00774856
0.00988808
0.00413025
0.00584382
0.00136528
0.0026532
0.000309183
0.0129284
0.0119213
0.0147828
0.0138918
0.0161845
0.0155331
0.0168364
0.0166481
0.0162437
0.0166929
0.0147482
0.0155818
0.0117909
0.0135573
0.0068184
0.00944521
0.00187065
0.0042367
-0.00232477
-0.000292696
-0.00614453
-0.00427098
-0.00952742
-0.00790725
-0.012136
-0.0109472
-0.0136754
-0.0130498
-0.0139971
-0.0139869
-0.0131508
-0.0137053
-0.0113995
-0.0123636
-0.0090823
-0.0102915
-0.00652901
-0.00781516
-0.00411247
-0.00528739
-0.00205674
-0.0030283
-0.000503434
-0.00121039
0.000452183
5.11349e-05
0.000755173
0.00068784
0.000351111
0.00064232
-0.000105528
0.0681322
-0.0764877
-0.391713
-0.177833
0.11658
0.0970468
0.0365563
0.0440985
-0.072917
-0.00141879
-0.00210111
0.0399438
0.0823719
-0.108177
-0.501363
-0.375263
-0.190619
-0.252964
0.097269
0.104729
0.00340558
0.127001
0.100211
-0.123499
-0.589466
-0.289481
-0.217037
-0.332694
-0.104196
-0.0927085
-0.0404782
-0.0985946
0.00989557
0.00947751
0.152632
0.0091585
0.144118
0.163155
0.00867261
0.168771
0.168666
0.135341
-0.121506
-0.625271
-0.190661
-0.416381
0.127949
0.134414
0.136695
0.128453
0.136562
0.025575
-0.0431462
-0.1485
-0.59242
-0.127427
-0.510277
0.190272
0.193885
0.0745273
0.00857423
0.0095021
0.00891469
0.0107949
0.0101918
0.0118738
0.0113777
0.0128535
0.0123714
0.0138162
0.0133353
0.0148347
0.0143123
0.0160004
0.0153907
0.0174149
0.0166669
0.0191868
0.0182467
0.0214193
0.0202374
0.0241941
0.0227337
0.027552
0.025799
0.0314729
0.0294456
0.0358587
0.0336159
0.0405228
0.038168
0.0451945
0.0428715
0.0495451
0.0474217
0.0532421
0.051481
0.0560157
0.0547408
0.0577119
0.0569852
0.0583113
0.0581277
0.0579092
0.05821
0.0566766
0.0573699
0.054819
0.0558002
0.0525464
0.0537115
0.0500579
0.0513093
0.0475378
0.0487855
0.0451579
0.0463174
0.0430814
0.0440723
0.0414634
0.0422091
0.0404488
0.0408785
0.0401654
0.0402172
0.0407198
0.0403427
0.0421992
0.0413512
0.0446806
0.0433234
0.0482433
0.0463351
0.0529943
0.0504781
0.0590347
0.0558623
0.0664602
0.0625828
0.0754132
0.0707482
0.0860211
0.0805271
0.098029
0.0920173
0.111346
0.104301
0.119789
0.136738
0.136968
0.136318
0.136463
0.136504
0.136287
0.137904
0.137036
0.141244
0.139258
0.146539
0.143684
0.15394
0.149643
0.170557
0.160628
0.180028
0.118539
0.122612
0.1131
0.115383
0.110092
0.111255
0.108931
0.10932
0.109024
0.108863
0.110125
0.109369
0.111547
0.110896
0.0828874
0.0899811
0.0703286
0.0763275
0.0597105
0.0648178
0.0510604
0.0551386
0.044804
0.0477277
0.0404511
0.0424092
0.0380255
0.0390304
0.0372933
0.0374888
0.037915
0.037473
0.0395227
0.0386305
0.0417278
0.0405793
0.0441588
0.0429362
0.0464859
0.0453479
0.0484499
0.0475166
0.0498863
0.0492286
0.0507341
0.0503711
0.0510308
0.0509337
0.0508909
0.0509956
0.0504734
0.0506976
0.0499445
0.050206
0.0494478
0.0496788
0.0490843
0.0492396
0.048906
0.0489651
0.0489196
0.0488841
0.049094
0.0489834
0.0493682
0.0492164
0.0496555
0.0495089
0.0498428
0.0497614
0.0497874
0.0498461
0.0493003
0.0496031
0.048241
0.0488543
0.0463521
0.0473952
0.0434981
0.0450366
0.0396217
0.0416704
0.0348106
0.037308
0.0293058
0.0321149
0.0234639
0.0263973
0.0176791
0.0205401
0.0123057
0.0149255
0.00760752
0.00986734
0.00374007
0.00557747
0.000742902
0.00215134
-0.000356524
0.00729971
0.00889471
0.00805061
0.0104225
0.00968238
0.0118929
0.0111458
0.0134514
0.0126912
0.0146341
0.0141085
0.0149026
0.0149282
0.0137448
0.0144927
0.0117964
0.0127988
0.00917179
0.0106562
0.00512136
0.0072657
0.00107376
0.00300054
-0.00221615
-0.000647915
-0.00509034
-0.00368818
-0.00761163
-0.00640365
-0.00954652
-0.00866601
-0.0106682
-0.0102163
-0.0108678
-0.0108815
-0.0101849
-0.0106251
-0.00881394
-0.00956665
-0.00699793
-0.00794697
-0.00497749
-0.0059966
-0.00304676
-0.00398709
-0.00139989
-0.00217752
-0.00017212
-0.000726697
0.00053665
0.000250958
0.000653411
0.000672425
0.000103666
0.000464389
-0.00108509
-0.000420036
-0.00265133
-0.00181997
0.0611196
-0.109856
-0.459968
-0.225828
0.122158
0.099572
0.11224
0.0256863
0.0754116
-0.139862
-0.579551
-0.416852
-0.247264
-0.316639
-0.0749872
-0.109275
0.185519
0.21041
0.219363
-0.0203389
0.101142
-0.152342
-0.654473
-0.311841
-0.407343
0.141453
0.149531
0.142628
0.143901
0.144462
0.127359
0.136274
-0.00298618
-0.00349732
-0.00379769
0.150988
0.0101146
-0.0817255
-0.144182
-0.661747
-0.211346
-0.506731
0.00659456
0.00585157
-0.603669
-0.151282
0.0727615
-0.143447
0.0715211
0.00762797
0.0087403
0.00823939
0.00988375
0.00935926
0.0109585
0.0104601
0.011918
0.0114453
0.0128458
0.0123655
0.0138332
0.0132996
0.0149916
0.0143554
0.0164356
0.0156406
0.0182856
0.017274
0.0206491
0.0193717
0.023601
0.0220274
0.0271604
0.0252904
0.0312716
0.0291431
0.035793
0.0334862
0.0404994
0.0381336
0.0451005
0.0428236
0.0492775
0.047246
0.0527336
0.0510872
0.0552468
0.0540835
0.0567077
0.056068
0.0571267
0.0569935
0.0566146
0.0569251
0.0553482
0.0560108
0.0535325
0.0544453
0.0513735
0.0524369
0.0490641
0.0501861
0.0467785
0.0478761
0.0446743
0.0456721
0.0428956
0.0437239
0.0415755
0.0421692
0.040836
0.0411351
0.0407849
0.040736
0.0415157
0.0410721
0.0431059
0.0422284
0.045626
0.0442772
0.0491523
0.0472894
0.05378
0.0513511
0.0596036
0.0565588
0.0667254
0.0630075
0.0752913
0.0708173
0.0854811
0.0801617
0.0972472
0.0912069
0.111175
0.103885
0.119044
0.142908
0.143455
0.142307
0.14246
0.142903
0.14244
0.145132
0.143788
0.149573
0.147066
0.156658
0.152775
0.167431
0.161366
0.185485
0.175575
0.196649
0.12963
0.134855
0.122179
0.125469
0.117765
0.119637
0.115665
0.116481
0.115282
0.115296
0.116388
0.115666
0.118393
0.117329
0.112889
0.120931
0.119635
0.0969917
0.104872
0.0824701
0.0894827
0.0701261
0.0759831
0.0599165
0.0647773
0.0516569
0.0555474
0.04559
0.0484016
0.0414065
0.0433059
0.0389718
0.0400105
0.0380919
0.0383854
0.0384631
0.0381638
0.0397584
0.0390295
0.0416378
0.0406481
0.0437717
0.0426833
0.0458639
0.0448206
0.0476753
0.0467905
0.0490444
0.0483913
0.0498967
0.0495044
0.0502427
0.0500983
0.0501633
0.0502203
0.0497854
0.0499764
0.0492538
0.049505
0.0487056
0.0489494
0.0482507
0.0484348
0.0479605
0.0480534
0.0478649
0.0478563
0.0479531
0.0478534
0.0481778
0.0480158
0.0484584
0.0482792
0.0486818
0.0485469
0.048702
0.0486894
0.0483393
0.0485431
0.0474132
0.0479258
0.0457012
0.0466314
0.0430486
0.0444685
0.0393834
0.0413167
0.0347627
0.0371639
0.0293885
0.0321392
0.0235853
0.0265103
0.0177378
0.0206398
0.0122188
0.0149147
0.00732823
0.0096777
0.00326332
0.00517852
0.000127235
0.00154118
-0.0020259
-0.00117358
-0.00289136
0.00810902
0.00735515
0.00958759
0.00885359
0.0108427
0.0102313
0.0121094
0.0114797
0.0130236
0.012637
0.0129231
0.0131491
0.0112206
0.0122607
0.00873955
0.00996608
0.00631314
0.00757304
0.00319156
0.00482931
0.000131467
0.00157676
-0.00222142
-0.00112258
-0.00418985
-0.0032313
-0.00594641
-0.00509604
-0.00733496
-0.00669693
-0.00815133
-0.00782051
-0.00828787
-0.00830315
-0.00775758
-0.00809707
-0.00669576
-0.00727835
-0.00528011
-0.00602055
-0.00369202
-0.00449326
-0.00216371
-0.00290847
-0.000859643
-0.00147415
9.33468e-05
-0.000332257
0.000594382
0.000404978
0.000559025
0.000648055
-8.17845e-05
0.000316416
-0.00135029
-0.000642275
-0.00215192
0.0501502
-0.15018
-0.519778
-0.286492
-0.210441
-0.191057
-0.123546
-0.163433
-0.276369
0.233285
0.203095
0.00537793
0.0666611
-0.178516
-0.210708
-0.634801
-0.448069
-0.31812
-0.387819
-0.0513969
0.153192
0.16239
0.15963
0.145049
0.126834
0.136159
0.262133
0.261141
0.28604
0.113396
0.122241
-0.00305823
-0.0038933
-0.00423057
-0.0044842
0.104349
0.0696119
0.0682755
-0.0109525
-0.186771
-0.284394
-0.682732
-0.327904
-0.486019
0.00576408
0.00513228
0.0059202
0.00525796
-0.585418
-0.660347
-0.238631
-0.157659
-0.136308
0.161617
0.102239
0.129258
0.00674509
0.00632897
0.00797475
0.0074496
0.00910836
0.00860425
0.0101692
0.00967804
0.0111082
0.0106493
0.0119955
0.0115493
0.0129523
0.0124585
0.0140941
0.0134929
0.0155496
0.0147748
0.0174492
0.016437
0.0199061
0.0186034
0.0229928
0.0213705
0.0267143
0.0247798
0.0309877
0.028794
0.035636
0.0332829
0.0404
0.0380254
0.0449682
0.0427312
0.0490223
0.047079
0.0522882
0.0507667
0.0545798
0.0535601
0.0558243
0.0553284
0.0560614
0.0560567
0.0554208
0.0558336
0.0540879
0.0548214
0.0522739
0.0532226
0.0501868
0.0512482
0.0480173
0.0490987
0.0459333
0.0469537
0.04408
0.0449693
0.0425831
0.0432804
0.0415527
0.0420046
0.0410861
0.0412453
0.0412697
0.0410938
0.0421794
0.0416321
0.0438781
0.0429284
0.0464274
0.045044
0.0498977
0.0480435
0.0543728
0.0520047
0.0599428
0.057015
0.0667153
0.0631701
0.0748419
0.0705977
0.0845218
0.0794719
0.0960267
0.0900237
0.110102
0.102689
0.11813
0.148694
0.150627
0.149554
0.147917
0.148122
0.148813
0.148154
0.151755
0.150013
0.157281
0.154181
0.165813
0.161159
0.179027
0.171682
0.198036
0.18786
0.224192
0.209879
0.241411
0.139456
0.14562
0.130357
0.134438
0.124757
0.127195
0.121861
0.12303
0.121142
0.121269
0.122274
0.12151
0.124931
0.123436
0.128726
0.126762
0.0963998
0.104702
0.0816443
0.0886533
0.0694563
0.0752292
0.0595763
0.0642552
0.0517428
0.0554224
0.0459515
0.0486114
0.0419693
0.0437558
0.0395883
0.0405943
0.0386244
0.038951
0.0388133
0.0385971
0.0398656
0.0392514
0.0414851
0.0406207
0.0433809
0.0424103
0.0452851
0.0443384
0.0469749
0.0461575
0.0482897
0.0476745
0.0491416
0.0487641
0.049517
0.0493758
0.0494686
0.0495303
0.0490987
0.0493073
0.0485373
0.0488253
0.0479211
0.04822
0.0473721
0.0476232
0.0469818
0.0471435
0.0468008
0.046853
0.0468344
0.0467802
0.047044
0.0469082
0.0473497
0.0471772
0.0476339
0.0474883
0.0477444
0.0477064
0.0474978
0.0476625
0.0466956
0.0471647
0.0451267
0.0460043
0.0426257
0.043988
0.0391077
0.0409851
0.0346099
0.0369671
0.0293114
0.0320411
0.0235188
0.0264539
0.0176148
0.0205579
0.0119862
0.0147474
0.00695627
0.00938593
0.00273602
0.00474722
-0.000547777
0.000980724
-0.00285591
-0.00184227
-0.00361524
0.00721979
0.00656074
0.0085206
0.00786879
0.00968822
0.00912459
0.0107623
0.0102403
0.0114374
0.011176
0.011031
0.0114214
0.00886134
0.01016
0.00580327
0.00730144
0.00336097
0.00450731
0.00104267
0.00221071
-0.00102375
-7.16587e-05
-0.00243472
-0.00180378
-0.00352428
-0.00299255
-0.00457266
-0.00404861
-0.00549005
-0.00505664
-0.00606105
-0.00582542
-0.00615417
-0.00616637
-0.00575979
-0.0060098
-0.00496657
-0.00540099
-0.00388984
-0.00445445
-0.00265812
-0.00328067
-0.00145793
-0.00204316
-0.000432267
-0.000914166
0.000299562
-2.2242e-05
0.000636664
0.000522816
0.000492383
0.000629482
-0.000198414
0.000217812
-0.0014356
-0.000752646
-0.00223266
0.0350521
-0.19888
-0.563802
-0.357617
-0.157586
-0.0943895
0.173553
0.151965
0.145709
0.296278
0.317264
0.130807
-0.00473126
-0.0206683
0.0591512
0.068209
-0.221892
-0.271708
-0.657111
-0.463542
-0.352343
-0.391593
-0.456937
0.00497581
0.00441405
0.00458705
0.00520967
0.0046464
-0.545566
-0.67226
-0.342253
-0.213982
-0.0384166
0.110002
0.152833
0.106382
0.171887
0.139014
0.186844
0.165644
0.111451
0.119662
0.187054
0.150459
0.165847
0.202894
0.181357
0.201059
0.187833
0.22492
0.205806
0.222309
0.153511
0.228376
0.155135
0.245048
0.254355
0.271317
0.228286
0.302361
0.28678
0.258506
-0.208495
0.161374
0.164003
0.177469
0.26227
0.353767
0.339725
-0.627192
0.511049
0.5598
0.507441
0.554957
0.00600774
0.00551302
0.00726909
0.00671222
0.00846856
0.00792676
0.00952762
0.00903549
0.0104579
0.0100154
0.011344
0.0109063
0.0122865
0.0118027
0.0134198
0.0128207
0.0148839
0.0141019
0.0168135
0.015782
0.0193278
0.0179912
0.0224985
0.0208287
0.0263226
0.024332
0.0307012
0.028452
0.0354353
0.0330389
0.0402421
0.0378485
0.0447927
0.0425689
0.0487649
0.0468678
0.0518956
0.0504464
0.0540206
0.0530874
0.0550915
0.054684
0.0551704
0.0552451
0.0544039
0.0548789
0.0529903
0.0537625
0.0511485
0.0521074
0.0490923
0.0501328
0.0470156
0.0480439
0.0450846
0.0460212
0.0434365
0.0442164
0.0421822
0.0427529
0.041411
0.0417301
0.0411965
0.0412285
0.0416033
0.0413172
0.0426842
0.0420553
0.0444853
0.0434903
0.0470573
0.04567
0.0504612
0.0486497
0.0547697
0.0524964
0.0600678
0.0572883
0.0664679
0.063121
0.0741386
0.0701316
0.0833124
0.0785201
0.0944205
0.0885776
0.108345
0.100966
0.125799
0.116652
0.146233
0.135731
0.156888
0.158959
0.154018
0.155245
0.153047
0.153307
0.154184
0.153358
0.15771
0.155642
0.164092
0.160546
0.173998
0.168574
0.188546
0.180661
0.208832
0.197963
0.236762
0.22159
0.275167
0.254764
0.327267
0.299022
0.395679
0.395873
0.359587
0.31054
0.384586
0.381368
0.344291
0.256237
0.281798
0.215067
0.234167
0.184701
0.198618
0.1631
0.172973
0.147891
0.154837
0.137542
0.142222
0.130975
0.133862
0.12746
0.128897
0.126492
0.126704
0.127751
0.12688
0.131072
0.12916
0.136012
0.133357
0.113467
0.133069
0.12331
0.0952947
0.104025
0.0802589
0.0873848
0.0681666
0.0738765
0.0586496
0.0631341
0.0512948
0.0547254
0.0458772
0.0483633
0.0421397
0.0438151
0.039869
0.0408314
0.0388862
0.0392291
0.0389629
0.0388068
0.0398451
0.0393183
0.0412759
0.0405074
0.0429968
0.0421155
0.044763
0.0438883
0.0463635
0.0455957
0.0476365
0.0470494
0.0484817
0.0481173
0.0488659
0.0487323
0.0488209
0.0488944
0.0484325
0.0486647
0.0478241
0.0481497
0.0471372
0.0474845
0.0465077
0.0468108
0.0460443
0.0462531
0.045813
0.0459005
0.0458288
0.0457938
0.046055
0.045922
0.0464079
0.0462242
0.0467622
0.0465952
0.0469572
0.0468915
0.0468019
0.0469364
0.0460883
0.0465289
0.0446082
0.0454569
0.0421932
0.043527
0.0387541
0.0406052
0.0343204
0.0366572
0.0290617
0.0317816
0.0232771
0.0262163
0.0173483
0.0203096
0.0116688
0.0144587
0.00657276
0.00903495
0.00228835
0.00432203
-0.0010747
0.000484777
-0.00351592
-0.00241997
-0.00493754
-0.00427952
-0.00548382
-0.00516143
0.00627988
0.00573624
0.00737915
0.00681418
0.00842455
0.00790678
0.00934421
0.00891009
0.00981685
0.00966102
0.00917971
0.00968774
0.00668316
0.00816231
0.00311212
0.00487416
0.000472673
0.00162231
-0.00122387
-0.000453646
-0.00230372
-0.00185644
-0.00273987
-0.00259024
-0.00295342
-0.00284198
-0.00333775
-0.00311133
-0.00387246
-0.00359315
-0.00430335
-0.0041097
-0.00442104
-0.00440363
-0.0041599
-0.00433199
-0.00357746
-0.00389813
-0.00276695
-0.00319217
-0.00182785
-0.00230255
-0.000904974
-0.00135505
-0.0001166
-0.000485887
0.000429721
0.000193838
0.000636938
0.000581014
0.000422239
0.000586653
-0.000269936
0.00013676
-0.00141561
-0.000790813
-0.0029187
-0.00214205
-0.00443817
-0.00369923
0.0171193
0.48664
0.420115
0.455822
0.131619
0.433713
0.497601
0.469395
-0.249318
-0.580837
-0.425186
0.00391875
-0.00497413
0.00406843
-0.222832
0.138975
0.156923
-0.419311
-0.440625
-0.495255
-0.645648
-0.462576
-0.267416
0.445556
0.537716
0.216316
0.0655833
0.525082
0.433593
-0.0566561
0.0517004
-0.5315
-0.453771
-0.33549
-0.365988
-0.260317
0.167083
0.142286
0.114724
0.205841
0.394162
0.309101
0.305021
0.380628
-0.0769157
-0.629743
-0.57144
0.00347939
-0.267964
-0.00399646
-0.523241
-0.00493431
0.616757
0.623729
-0.459474
-0.571277
-0.30646
0.493935
0.14885
0.482187
-0.00555313
-0.500005
-0.353531
-0.00333677
-0.00264534
-0.00195235
-0.00131654
-0.000754795
-0.00027444
0.000107215
0.000384837
0.000556945
0.000630348
0.00061178
0.000512314
0.000340434
0.000108313
-0.000173581
-0.000491813
-0.00083623
-0.00119189
-0.0015495
-0.00188852
-0.00219671
-0.00246047
-0.00267669
-0.00283596
-0.00293456
-0.00296412
-0.00292543
-0.00282836
-0.00269107
-0.00255199
-0.00244947
-0.00242865
-0.00252111
-0.00273001
-0.00303398
-0.00336539
-0.00364933
-0.00379952
-0.00374912
-0.00347082
-0.00291331
-0.00204806
-0.000761236
0.000951543
0.0029467
0.0049008
0.00647146
0.00753367
0.00809996
0.00828252
0.00819789
0.00794365
0.00758497
0.00716449
0.00672106
0.00627136
0.00580996
0.00536282
0.00492546
0.00450608
0.00404448
0.00356919
0.00309764
-0.568883
-0.334373
-0.0982485
0.364938
0.367262
0.249672
0.127681
-0.00527091
-0.00577509
-0.0060142
-0.00585445
-0.0055103
-0.00484676
-0.00400193
-0.00282626
-0.0014585
0.000132419
0.00194334
0.0039858
0.00624723
0.0087074
0.0113474
0.0141266
0.0170167
0.0199604
0.0229239
0.0258408
0.0286799
0.0313757
0.0339079
0.0362214
0.0383127
0.0401423
0.0417255
0.043039
0.0441144
0.0449419
0.0455642
0.0459804
0.0462391
0.0463438
0.0463443
0.0462442
0.0460916
0.0458879
0.045678
0.0454593
0.045273
0.0451113
0.045011
0.0449575
0.0449825
0.0450635
0.0452263
0.0454399
0.0457243
0.0460409
0.0464034
0.0467678
0.0471439
0.0474845
0.0477985
0.0480395
0.0482185
0.0482933
0.0482801
0.0481435
0.047906
0.0475402
0.0470767
0.046497
0.0458392
0.0450933
0.0443035
0.0434672
0.0426329
0.041804
0.0410308
0.0403208
0.0397239
0.0392493
0.0389444
0.0388183
0.0389173
0.0392505
0.0398615
0.040755
0.0419705
0.0435075
0.0454115
0.0476854
0.0503896
0.0535267
0.0571774
0.0613535
0.0661831
0.0716848
0.0780213
0.0851919
0.0933616
0.102528
0.112717
0.123799
0.135026
0.145795
0.155698
0.150978
0.146632
0.14277
0.139447
0.136658
0.134345
0.132687
0.131653
0.131246
0.131493
0.132409
0.134048
0.136446
0.139679
0.14381
0.148949
0.155189
0.162675
0.171512
0.181889
0.194037
0.208199
0.224456
0.242975
0.263838
0.287958
0.314898
0.344298
0.375679
0.407216
0.435891
0.458356
0.472464
0.474716
0.465378
0.445252
0.418152
0.388501
0.358926
0.331284
0.306309
0.284254
0.264309
0.246228
0.230845
0.217687
0.206387
0.196518
0.188015
0.180854
0.174919
0.170006
0.16603
0.162871
0.160518
0.158887
0.157947
0.157632
0.157953
0.158867
0.160386
0.162511
0.165235
0.168321
0.172032
0.17633
0.181304
0.170972
0.159018
0.146638
0.13485
0.12407
0.114517
0.106133
0.0988115
0.0923969
0.0867336
0.0817058
0.0771828
0.0730905
0.0693521
0.0659457
0.0628186
0.0599642
0.0573463
0.0549675
0.0527975
0.0508445
0.0490811
0.0475189
0.0461311
0.0449323
0.0438953
0.0430381
0.0423328
0.0418004
0.0414112
0.0411899
0.0411045
0.0411797
0.0413807
0.04173
0.042192
0.0427868
0.0434764
0.0442773
0.0451479
0.0461004
0.0470893
0.0481222
0.0491492
0.0501738
0.0511421
0.0520551
0.0528552
0.0535447
0.0540626
0.0544144
0.0545424
0.0544556
0.0541061
0.0535102
0.0526335
0.0515038
0.0501026
0.0484715
0.046608
0.0445667
0.0423586
0.0400467
0.0376509
0.035236
0.0328232
0.030472
0.0281975
0.0260482
0.0240291
0.0221745
0.0204774
0.018958
0.0175985
0.0164073
0.0153588
0.0144531
0.01366
0.0129729
0.0123654
0.0118298
0.0113379
0.0108807
0.0104377
0.0099882
0.00953456
0.00903872
0.00853014
0.00794933
0.00736304
0.00668499
0.0060848
0.00539378
0.00474088
0.00415431
0.0036039
0.00317315
0.00285565
0.00267792
-0.00330423
-0.301762
-0.507508
-0.461699
-0.44933
-0.605994
-0.399298
-0.378852
-0.30746
0.588689
0.457867
0.0593641
0.260347
0.442357
0.5716
0.0396647
-0.110949
-0.0404587
0.506177
0.177471
0.525537
-0.350672
-0.542949
-0.469902
-0.486749
-0.467889
-0.364537
-0.00285635
-0.00228233
-0.00172547
-0.0012033
-0.000719318
-0.000297059
4.59583e-05
0.000301794
0.000470023
0.000555475
0.000564835
0.000507325
0.000391209
0.000226914
2.41473e-05
-0.000205758
-0.000453777
-0.000708316
-0.000961888
-0.00119987
-0.0014141
-0.00159482
-0.0017406
-0.00183956
-0.00188576
-0.00186763
-0.00178944
-0.00166894
-0.00154104
-0.00145692
-0.00147188
-0.00163349
-0.00197134
-0.00247826
-0.00311559
-0.00380695
-0.00445887
-0.00497847
-0.00526608
-0.00524666
-0.00482052
-0.00393693
-0.00252721
-0.000661767
0.00142679
0.00338455
0.0049227
0.00595226
0.00651772
0.00672789
0.0066935
0.00650545
0.00622119
0.00588295
0.00552354
0.00516073
0.00479255
0.00443985
0.00408454
0.00374567
0.00339288
0.00302688
0.00268708
0.00244332
-0.00364239
0.172496
0.31988
0.165156
0.159247
0.153814
0.149018
0.144895
0.141533
0.138862
0.136957
0.135774
0.135316
0.135608
0.13665
0.138468
0.14112
0.144655
0.149153
0.154688
0.161366
0.169285
0.178565
0.189343
0.201795
0.216032
0.232062
0.250047
0.270318
0.292693
0.317233
0.343015
0.369735
0.396276
0.419894
0.437332
0.446896
0.448064
0.441535
0.426702
0.406015
0.382001
0.356822
0.332478
0.309897
0.289201
0.270306
0.253164
0.237905
0.224538
0.212887
0.202748
0.193963
0.186448
0.180116
0.174853
0.170583
0.167194
0.164637
0.162863
0.161869
0.161558
0.161963
0.163064
0.16487
0.167392
0.170623
0.174353
0.178993
0.184219
0.190212
0.197033
0.189231
0.176275
0.161695
0.147199
0.133849
0.122064
0.111996
0.103419
0.0961128
0.0898234
0.0844096
0.0796904
0.0755184
0.0717784
0.068344
0.0652375
0.0623346
0.0597027
0.0572383
0.0550165
0.0529359
0.0510806
0.0493494
0.0478343
0.0464306
0.0452373
0.0441459
0.0432619
0.0424734
0.0418912
0.0414
0.0411147
0.0409164
0.0409242
0.0410126
0.0413021
0.041661
0.0422109
0.0428131
0.0435882
0.0443903
0.045338
0.0462777
0.0473255
0.0483208
0.0493774
0.0503288
0.0512864
0.0520819
0.0528231
0.0533464
0.0537584
0.053897
0.0538774
0.0535422
0.053018
0.0521577
0.0511016
0.0497168
0.0481583
0.0463084
0.0443355
0.0421347
0.0398837
0.0374859
0.0351215
0.0326964
0.0303845
0.0280875
0.0259668
0.0239161
0.0220811
0.0203459
0.0188401
0.0174389
0.0162579
0.0151667
0.014271
0.0134385
0.0127613
0.0121194
0.0116003
0.0110715
0.0106196
0.0101311
0.00969757
0.00920804
0.00870427
0.00817883
0.0075803
0.00694731
0.00625
0.00555589
0.00487958
0.00407065
0.00344095
0.0026944
0.00240449
0.00207805
0.00231715
0.00219767
-0.00283888
0.0163274
-0.202241
0.441969
0.626531
0.0550003
0.326262
0.643539
0.443713
-0.379713
-0.329497
-0.433807
-0.554772
-0.00588591
-0.00661965
-0.00669452
-0.00641744
-0.00594513
-0.00520764
-0.00425139
-0.00302971
-0.00163863
-8.32144e-05
0.00173833
0.00375888
0.00602033
0.00844308
0.0110709
0.0138023
0.0166726
0.0195646
0.0225069
0.0253757
0.0281993
0.0308567
0.0333845
0.0356728
0.0377727
0.0395897
0.0411926
0.0425031
0.0436042
0.0444314
0.0450786
0.0454926
0.0457706
0.0458667
0.0458767
0.0457603
0.0456095
0.0453817
0.045167
0.044919
0.0447246
0.044532
0.0444237
0.0443421
0.044363
0.0444218
0.044587
0.0447864
0.0450802
0.0453895
0.0457678
0.0461304
0.0465271
0.0468694
0.047206
0.0474499
0.047651
0.0477281
0.0477351
0.0476001
0.0473829
0.0470203
0.0465803
0.0460086
0.0453802
0.0446496
0.043897
0.043084
0.0422941
0.0414942
0.0407685
0.0400872
0.0395332
0.039078
0.038801
0.0386744
0.0387726
0.0390675
0.0396292
0.0404283
0.0415277
0.042901
0.0446087
0.0466375
0.0490493
0.0518528
0.0551212
0.0589126
0.0633403
0.0685359
0.0746404
0.0817895
0.0901081
0.099684
0.11074
0.123133
0.136358
0.149511
0.161739
0.17265
-0.50127
0.790873
0.206361
-0.467724
-0.00474768
-0.00621866
-0.0074339
-0.00720621
-0.00685832
-0.0062262
-0.00539351
-0.00440675
-0.003232
-0.00178328
-0.000192375
0.00163087
0.00363879
0.00587159
0.0082624
0.0108449
0.0135321
0.0163485
0.0191922
0.0220815
0.0249069
0.0276878
0.0303151
0.0328173
0.0350935
0.0371875
0.0390103
0.0406244
0.0419589
0.0430846
0.0439408
0.0446178
0.0450601
0.0453671
0.0454844
0.0455184
0.0454111
0.0452759
0.0450497
0.0448399
0.0445848
0.0443864
0.0441786
0.0440603
0.0439587
0.0439665
0.044003
0.0441547
0.0443316
0.0446143
0.0449032
0.0452741
0.0456197
0.046013
0.046343
0.0466813
0.046918
0.0471266
0.047201
0.0472211
0.047087
0.0468875
0.0465309
0.0461133
0.0455532
0.0449519
0.0442378
0.0435162
0.0427233
0.0419666
0.0411873
0.0404934
0.0398286
0.0392992
0.0388495
0.0385835
0.0384427
0.0385263
0.0387727
0.0392733
0.0399709
0.0409451
0.0421442
0.0436412
0.045396
0.0474823
0.0498847
0.0526979
0.0559652
0.0598401
0.0644969
0.0701673
0.0770464
0.0854098
0.0954947
0.107453
0.121444
0.137153
0.154059
0.170212
0.791251
-0.508228
-0.363365
0.54014
0.241458
0.532674
-0.109838
0.685593
-0.363973
0.198231
0.190822
0.184811
0.179499
0.175009
0.171398
0.168532
0.166478
0.165229
0.164751
0.165036
0.16612
0.16799
0.170695
0.174285
0.178803
0.184321
0.190923
0.198688
0.207702
0.218054
0.229823
0.243172
0.258176
0.27481
0.292843
0.312137
0.332573
0.353776
0.374902
0.39469
0.411409
0.42321
0.428695
0.427909
0.420391
0.40641
0.386977
0.364554
0.341237
0.31808
0.295667
0.274645
0.255218
0.237657
0.221843
0.207649
0.19506
0.184025
0.174442
0.166206
0.159219
0.153385
0.14862
0.144856
0.142021
0.140068
0.138953
0.138665
0.139171
0.140489
0.142628
0.145657
0.149582
0.154435
0.16024
0.166972
0.174408
0.18337
-0.002273
-0.00182908
-0.00141354
-0.00100358
-0.000611616
-0.000262423
2.56417e-05
0.000245638
0.000395563
0.000479622
0.000502967
0.000473374
0.000398019
0.000285143
0.000143772
-1.83605e-05
-0.000191853
-0.000370229
-0.000543481
-0.000703598
-0.00083788
-0.000941323
-0.00100608
-0.00102898
-0.00100055
-0.000928249
-0.000812715
-0.000697883
-0.000615741
-0.000642289
-0.000822243
-0.00121114
-0.00181179
-0.00260308
-0.00352064
-0.00446814
-0.00534555
-0.00603494
-0.00643821
-0.00643619
-0.00592148
-0.00491527
-0.00340232
-0.00149876
0.000497961
0.00229572
0.0036593
0.00456686
0.00506073
0.00525535
0.00524033
0.00510417
0.0048821
0.00462229
0.00433964
0.00406271
0.00377573
0.00350687
0.00324527
0.00298942
0.00272479
0.00246756
0.00215508
0.00189319
0.00294581
0.207826
0.197446
0.182203
0.164841
0.147633
0.132242
0.119228
0.108557
0.0997865
0.0925258
0.0864973
0.0814544
0.077186
0.0734603
0.0701389
0.0670955
0.0642971
0.0616785
0.0592566
0.0569814
0.0548882
0.0529222
0.0511333
0.0494603
0.0479639
0.0465757
0.0453656
0.0442586
0.0433328
0.0425079
0.0418684
0.0413291
0.0409797
0.0407292
0.0406717
0.0407087
0.040937
0.0412525
0.0417497
0.0423192
0.0430523
0.0438335
0.04475
0.0456804
0.0467063
0.0477016
0.0487439
0.0497027
0.0506531
0.0514606
0.0522015
0.0527392
0.0531557
0.0533164
0.0533091
0.053005
0.0525024
0.051683
0.0506588
0.0493242
0.0478067
0.0460134
0.0440874
0.0419446
0.0397406
0.037396
0.0350719
0.0326892
0.0304068
0.028138
0.0260331
0.023995
0.0221625
0.0204259
0.0189117
0.0174987
0.0163024
0.0151929
0.0142763
0.0134195
0.0127269
0.0120382
0.0115087
0.0109671
0.0105017
0.0100107
0.00954894
0.00904331
0.00854538
0.00796584
0.00735124
0.00666962
0.00597343
0.00516626
0.00443878
0.00357055
0.00283863
0.0020036
0.00146971
0.0012155
0.00153212
0.00197243
0.00337445
-0.373001
0.414174
0.143818
0.423133
0.716093
-0.495907
-0.410935
0.237547
-0.0283832
-0.00122048
-0.00167366
0.00054532
-0.00678901
-0.00158487
-0.000697633
-0.386131
-0.239762
0.0796141
0.521669
0.311408
0.560742
-0.39118
0.205848
0.189638
0.196716
0.178515
0.183577
0.1713
0.174447
0.167687
0.169069
0.167447
0.167168
0.170528
0.168583
0.177086
0.173362
0.187496
0.181792
0.20227
0.194319
0.221985
0.211484
0.247214
0.233898
0.278071
0.261994
0.313686
0.295384
0.351846
0.332661
0.38726
0.370392
0.410618
0.401018
0.414057
0.414994
0.395533
0.407447
0.359803
0.379078
0.318026
0.339098
0.277338
0.29726
0.241436
0.258658
0.211623
0.225783
0.187814
0.198996
0.169627
0.178069
0.156421
0.162455
0.147578
0.151499
0.142602
0.144643
0.141176
0.141468
0.143189
0.141759
0.148861
0.145553
0.158694
0.153233
0.173345
0.165402
0.193127
0.182429
9.94357e-05
0.00227175
0.000583456
0.000286895
0.00235012
0.00147643
0.0041369
0.00322138
0.00583157
0.00495378
0.00725686
0.00657951
0.00845076
0.00788485
0.00948988
0.00899234
0.0104779
0.00999091
0.0115365
0.0109951
0.0127793
0.0121444
0.0143573
0.0135212
0.0164115
0.015324
0.019037
0.0176542
0.0222821
0.0205878
0.0261194
0.0241383
0.0304291
0.0282332
0.0350047
0.0327065
0.0395669
0.037315
0.0438029
0.0417527
0.0474225
0.0457139
0.0501972
0.0489348
0.0519916
0.0512302
0.0527762
0.0525178
0.0526234
0.0528208
0.051683
0.0522519
0.0501549
0.050989
0.0482716
0.0492545
0.0462633
0.047282
0.04434
0.0452922
0.0426794
0.0434795
0.0414168
0.0420036
0.0406486
0.0409793
0.0404322
0.0404829
0.0407932
0.0405546
0.0417337
0.0412062
0.0432416
0.0424328
0.0452989
0.0442182
0.047887
0.0465435
0.0509894
0.0493912
0.0545901
0.0527453
0.0586738
0.0565899
0.0632433
0.0609143
0.0683995
0.065755
0.0745146
0.0713165
0.0826924
0.0782609
0.0950879
0.0882318
0.114782
0.103796
0.146725
0.12903
0.18732
0.167209
0.204176
-0.471294
0.195971
0.204393
0.202606
-0.00162533
-0.00135246
-0.00150755
-0.000845271
-0.00111831
-0.000308653
-0.000566092
8.40335e-05
-8.87502e-05
0.000284803
0.000208714
0.000312703
0.000318532
0.000210789
0.000275458
3.09083e-05
0.000127667
-0.000174657
-7.15013e-05
-0.000358804
-0.000272509
-0.000481585
-0.000429905
-0.000523421
-0.000515326
-0.000434327
-0.000498311
-0.000227025
-0.00033288
-0.000198596
-0.000159401
-0.000800583
-0.000397278
-0.00220833
-0.00141362
-0.00408359
-0.00312779
-0.00570687
-0.0049831
-0.00623978
-0.00617487
-0.00477589
-0.00567076
-0.0017908
-0.0034511
0.00130323
-0.000140668
0.00311649
0.00239591
0.00369736
0.00352768
0.0036305
0.00371362
0.00330694
0.00348875
0.00291633
0.00311336
0.00251771
0.00271574
0.00213416
0.00231999
0.00178941
0.00194616
0.00118584
0.00167743
0.00286589
-0.00191152
-0.00798059
-0.0066939
-0.00705602
-0.00759629
-0.00545861
-0.00632312
-0.00319524
-0.00437592
-0.000164325
-0.00178331
0.003658
0.00168937
0.00821732
0.00588879
0.0133911
0.01078
0.0189394
0.0161776
0.0245451
0.0217973
0.029866
0.0273029
0.0345938
0.0323623
0.0385026
0.0367042
0.0414784
0.0401524
0.0435078
0.0426474
0.0446899
0.0442373
0.0451786
0.045051
0.0451612
0.0452622
0.0448369
0.0450669
0.0443932
0.0446608
0.0439884
0.0442177
0.0437539
0.0438857
0.0437682
0.0437695
0.0440548
0.0439213
0.0445773
0.0443349
0.0452435
0.0449443
0.0459202
0.0456348
0.0464581
0.0462618
0.0467183
0.0466774
0.0465986
0.046758
0.0460523
0.0464272
0.0450982
0.0456714
0.0438184
0.0445415
0.0423478
0.0431476
0.0408585
0.0416453
0.0395416
0.0402186
0.0385888
0.0390611
0.0381782
0.0383591
0.0384554
0.0382773
0.0395246
0.0389415
0.0414507
0.040434
0.044273
0.0428037
0.0480621
0.0460928
0.0531004
0.0504421
0.0602935
0.0563755
0.0715709
0.0652898
0.0899482
0.0796472
0.118679
0.102857
0.157751
0.137394
0.179016
-0.00332321
-0.00733204
0.186083
0.218261
0.206391
0.136566
0.161701
0.0970572
0.114563
0.0738826
0.0836928
0.061203
0.0665132
0.0539536
0.0570702
0.0490316
0.0512476
0.0452134
0.0469525
0.0422139
0.0435562
0.0400117
0.0409544
0.0386173
0.039157
0.0380055
0.0381602
0.0381042
0.0379158
0.0387968
0.0383287
0.0399295
0.0392626
0.041324
0.0405498
0.042793
0.0420054
0.0441581
0.0434441
0.0452688
0.0446993
0.0460196
0.045641
0.0463623
0.0461911
0.0463114
0.0463326
0.0459405
0.0461105
0.0453681
0.0456233
0.0447354
0.0450038
0.0441798
0.0443945
0.0438103
0.0439216
0.0436886
0.0436722
0.0438192
0.04368
0.0441484
0.0439203
0.0445723
0.044313
0.0449449
0.0447312
0.0450973
0.045018
0.0448355
0.0449874
0.0439703
0.0444467
0.0423359
0.0432155
0.0398104
0.041147
0.0363597
0.0381571
0.0320583
0.0342709
0.0270644
0.0295962
0.0216424
0.0243518
0.016113
0.0188361
0.0107996
0.0133775
0.00597433
0.00827975
0.00181653
0.0037727
-0.0016112
-2.17212e-05
-0.0042676
-0.00306554
-0.00629945
-0.00538472
-0.00780948
-0.00709064
-0.00705172
-0.00798386
-0.00735108
-0.00153279
0.000844802
0.00100177
0.000864456
0.000974721
0.0011272
0.00127225
0.00139589
0.00151922
0.00163737
0.00175945
0.00187536
0.00199231
0.00210034
0.00218375
0.00223057
0.00221408
0.00210044
0.00183909
0.00137879
0.000673407
-0.000285197
-0.0014298
-0.00261669
-0.00361986
-0.00423046
-0.00526073
-0.00513679
-0.00480342
-0.00427471
-0.00355284
-0.00274387
-0.00192845
-0.0011856
-0.000572082
-0.000129475
0.000130165
0.000228921
0.000204415
0.000116346
5.99094e-06
-8.7837e-05
-0.000152757
-0.000183181
-0.00018681
-0.000170574
-0.000139073
-9.6834e-05
-4.78808e-05
4.38793e-06
5.60166e-05
0.000104994
0.000146127
0.000176762
0.000190937
0.00018626
0.000157461
0.000102995
1.92063e-05
-9.25956e-05
-0.000231226
-0.00038785
-0.000550272
-0.000694799
-0.000791256
-0.000802472
-0.000620563
-0.000739818
-0.000331482
0.215763
-0.00162092
0.230532
0.211721
0.222223
0.168451
0.192964
0.124628
0.144203
0.0985526
0.109379
0.0842664
0.0901296
0.0758801
0.0793681
0.0699635
0.0725344
0.0649721
0.0671967
0.0604379
0.062468
0.0562819
0.0581311
0.0525335
0.0541811
0.0492327
0.0506588
0.0464115
0.0476005
0.0440962
0.045035
0.0423114
0.0429874
0.0410807
0.0414822
0.0404228
0.040541
0.0403447
0.0401777
0.0408337
0.0403905
0.0418486
0.0411535
0.0433117
0.0424081
0.0451048
0.0440561
0.0470627
0.045957
0.0489995
0.0479343
0.050696
0.0497817
0.0519243
0.0512748
0.0524701
0.0521892
0.0521615
0.052326
0.0508926
0.0515466
0.0486391
0.0497824
0.0454833
0.0470627
0.0416047
0.0435199
0.0372564
0.0393732
0.0327319
0.0349026
0.0283308
0.0304091
0.0242886
0.0261639
0.0207672
0.0223678
0.0178401
0.01914
0.0154995
0.0165117
0.0136746
0.0144406
0.0122571
0.0128333
0.0110877
0.011556
0.0100573
0.0104736
0.00903566
0.00946287
0.00791193
0.0084026
0.00658681
0.00719146
0.00498773
0.00574258
0.00307275
0.00398827
0.00100904
0.00202364
-0.00051575
2.79487e-05
0.00190501
-0.00247701
-0.000555211
0.188849
0.202146
0.168929
0.177943
0.15565
0.161575
0.147484
0.151012
0.143455
0.144995
0.143111
0.142842
0.14636
0.144287
0.153385
0.149387
0.164571
0.158435
0.18044
0.171892
0.201554
0.190317
0.228315
0.214224
0.260769
0.243857
0.298105
0.27894
0.337654
0.317859
0.374096
0.356704
0.399272
0.388629
0.406302
0.405234
0.394106
0.402443
0.366895
0.381897
0.332394
0.350084
0.296975
0.314505
0.264318
0.280153
0.23645
0.249725
0.213928
0.224541
0.196498
0.204605
0.183732
0.189577
0.175095
0.178933
0.170185
0.1722
0.168754
0.169049
0.170779
0.169332
0.176524
0.173167
0.186584
0.180972
0.20211
0.19357
0.212916
-0.428664
-0.124379
-0.446933
0.247642
-0.707991
-0.423631
-0.603677
-0.44482
-0.418841
-0.389757
0.666516
0.8018
0.88874
0.831472
0.703751
-0.474393
-0.478954
-0.540063
-0.569369
-0.764265
-0.348458
0.00831578
-0.153274
0.0990682
0.224947
0.198943
0.16732
0.136813
0.111929
0.0928991
0.078843
0.0688348
0.0619245
0.0571726
0.0537983
0.0512222
0.0491045
0.047239
0.0455431
0.04398
0.0425549
0.0412781
0.0401658
0.0392312
0.0384806
0.0379206
0.0375458
0.0373562
0.037337
0.0374829
0.0377713
0.0381929
0.0387191
0.0393377
0.0400162
0.0407418
0.0414803
0.0422203
0.0429288
0.0435977
0.0441974
0.0447258
0.0451588
0.0455012
0.0457364
0.0458772
0.0459144
0.0458687
0.0457376
0.0455483
0.0453028
0.0450323
0.04474
0.0444583
0.0441883
0.0439603
0.04377
0.0436434
0.0435689
0.0435664
0.0436161
0.0437317
0.0438851
0.0440848
0.0442953
0.0445218
0.044724
0.0448991
0.0450064
0.045042
0.0449618
0.0447618
0.044399
0.0438717
0.0431417
0.0422129
0.0410541
0.0396774
0.0380559
0.036214
0.0341518
0.0319045
0.0294804
0.0269261
0.0242612
0.0215402
0.018788
0.0160606
0.0133818
0.0108023
0.00833818
0.00602967
0.00388053
0.0019178
0.000132245
-0.00145747
-0.00285755
-0.00409694
-0.00519735
-0.00616786
-0.00692996
-0.00773396
-0.00829961
-0.00855889
-0.00939311
-0.0050126
0.0139881
0.00270693
0.00117878
0.000892619
0.000273179
0.000205285
0.000280926
0.000361169
0.000424197
0.000481546
0.000526943
0.000570542
0.000603244
0.000632918
0.000654397
0.000661946
0.000652944
0.0006164
0.000544935
0.000426281
0.000254136
2.36667e-05
-0.000261858
-0.000584168
-0.000912714
-0.00119926
-0.00141615
-0.00164993
-0.00163588
-0.00150594
-0.00137928
-0.0011256
-0.000875646
-0.000651364
-0.000478845
-0.000362117
-0.000301242
-0.000276052
-0.000263799
-0.000241663
-0.000197235
-0.000140737
-8.55483e-05
-4.82394e-05
-3.1053e-05
-3.32259e-05
-4.49916e-05
-5.88871e-05
-7.01547e-05
-7.73238e-05
-8.10569e-05
-8.2592e-05
-8.28349e-05
-8.43734e-05
-8.81329e-05
-9.68491e-05
-0.000110832
-0.000132438
-0.000161237
-0.000198623
-0.000241985
-0.000289881
-0.000335717
-0.000371586
-0.000383206
-0.000346005
-0.000177231
0.00016049
0.000702705
0.00202347
0.00584931
0.0127069
0.00877934
0.270209
0.24485
0.224553
0.200597
0.171327
0.143327
0.121718
0.105453
0.0941846
0.0856994
0.080247
0.0758638
0.0730033
0.0701578
0.0680686
0.0656229
0.0636991
0.0613572
0.0595025
0.0572633
0.0555217
0.0534399
0.0518652
0.0499862
0.0486165
0.0469698
0.04583
0.0444358
0.043544
0.0424178
0.0417892
0.0409441
0.0405916
0.0400378
0.0399699
0.0397118
0.0399295
0.0399623
0.0404555
0.0407611
0.041504
0.0420471
0.0429945
0.0437194
0.0448061
0.0456406
0.0467904
0.0476344
0.0487428
0.0494914
0.0504471
0.0509882
0.051678
0.0519037
0.0522244
0.0520432
0.0519156
0.0512637
0.0506454
0.049508
0.0484055
0.0468106
0.0452779
0.0433033
0.0414418
0.0392038
0.0371443
0.0347863
0.0326825
0.0303475
0.0283304
0.0261479
0.0243283
0.0223889
0.0208361
0.0191878
0.0179288
0.0165769
0.0156002
0.0145157
0.0137808
0.012912
0.0123633
0.0116432
0.0112045
0.0105661
0.010178
0.00955958
0.00916154
0.00850647
0.00804499
0.00730454
0.00673297
0.00587141
0.00514924
0.00413823
0.00324242
0.00221955
0.00104013
-0.000158397
-0.0012659
-0.00304083
0.000331965
-0.00111047
0.0089212
0.303815
0.233763
0.211583
0.193301
0.180528
0.170718
0.162982
0.156842
0.152049
0.148426
0.145869
0.144297
0.143662
0.143935
0.14512
0.147225
0.150287
0.154339
0.159441
0.165645
0.173025
0.181642
0.19157
0.202858
0.215551
0.229655
0.245151
0.261947
0.279878
0.298648
0.317832
0.336878
0.355045
0.37147
0.385163
0.395246
0.400978
0.402148
0.398773
0.391202
0.379964
0.365842
0.349674
0.332415
0.314844
0.297546
0.280969
0.265377
0.250899
0.237651
0.225701
0.21506
0.205702
0.197552
0.190561
0.184665
0.179813
0.175941
0.173012
0.170979
0.169827
0.169543
0.170143
0.171646
0.17411
0.177608
0.18228
0.188294
0.195926
0.205874
0.218356
0.324561
-0.34247
-0.0536244
0.0556211
-0.181187
-0.0279136
-0.0482674
-0.020875
-0.0145366
-0.0213804
-0.0163439
0.0143371
0.0256218
0.0543245
0.0145059
0.0164846
0.0952751
-0.00174779
-0.251902
0.818814
0.000156775
)
;

boundaryField
{
    frontandback
    {
        type            empty;
    }
    walls
    {
        type            zeroGradient;
    }
    diamond
    {
        type            zeroGradient;
    }
    inlet
    {
        type            zeroGradient;
    }
    outlet
    {
        type            fixedValue;
        value           uniform 0;
    }
}


// ************************************************************************* //
