/*--------------------------------*- C++ -*----------------------------------*\
  =========                 |
  \\      /  F ield         | OpenFOAM: The Open Source CFD Toolbox
   \\    /   O peration     | Website:  https://openfoam.org
    \\  /    A nd           | Version:  10
     \\/     M anipulation  |
\*---------------------------------------------------------------------------*/
FoamFile
{
    format      ascii;
    class       volScalarField;
    location    "17.5";
    object      p;
}
// * * * * * * * * * * * * * * * * * * * * * * * * * * * * * * * * * * * * * //

dimensions      [0 2 -2 0 0 0 0];

internalField   nonuniform List<scalar> 
6397
(
4.28708
4.01699
0.46424
0.082074
-0.621986
-0.125274
7.58941
5.0631
-10.8659
-9.12427
3.35418
0.312956
-0.234095
-0.172935
-0.233854
-15.2587
-15.7948
-14.5473
12.1258
11.9828
11.1868
-10.6183
-9.38402
-8.86326
-0.122318
-0.0812503
-0.0381018
-3.847
-3.63471
-2.8122
-2.75227
-0.556868
-0.0874117
-0.356958
-0.668516
-0.269998
-0.654454
-0.196939
0.0386988
-0.0512406
-0.46904
-0.22336
-2.75076
-0.376859
-0.0793157
0.270707
-0.393858
0.000373214
0.472902
0.582897
0.630232
0.70984
0.651989
4.18267
3.5958
3.07408
3.10815
1.92263
-1.93336
-1.96688
-2.0351
-2.26177
-2.60655
-3.05048
-3.48348
-3.79731
-3.81797
-3.58883
-1.90386
-2.14504
-2.24072
-1.71819
-1.67332
-1.72881
-1.88223
-2.09474
-2.3249
-2.48048
-2.49399
-2.37118
-2.72432
-2.46265
-3.19601
-2.19802
-3.30317
-2.86702
-2.8089
-2.06075
-3.89031
-3.29503
-2.53437
-2.00975
-4.35135
-4.62656
-2.4028
-2.06886
-4.16386
-5.1284
-4.75043
-2.74721
-3.45392
-1.65998
-2.12976
-1.18047
-1.34909
-1.13066
-1.11677
-1.29241
-1.20239
-1.38403
-1.38073
-1.31894
-1.35762
-1.41029
-1.33568
-1.60832
-3.54681
-2.60057
-2.98236
-4.89659
-4.26122
-5.15947
-5.26708
-4.00571
-4.70679
-2.71181
-3.30703
-2.00392
-2.27821
-1.88041
-1.86978
-2.24912
-2.01814
-2.69127
-2.48061
-4.66255
-3.84199
-5.16253
-1.97209
-2.30339
-2.66914
-2.44524
-2.27802
-2.53593
-1.49244
-2.12671
-1.81359
-5.24879
-5.26272
-1.79123
-2.4614
-4.10125
-4.81437
-2.48198
-3.27723
-1.2549
-1.79304
-0.630818
-0.880117
-0.421617
-0.489637
-0.434376
-0.413146
-0.509603
-0.467145
-0.579766
-0.537154
-0.794476
-0.654091
-1.06476
-4.21186
-3.32387
-6.12472
-5.22389
-6.50288
-6.59356
-4.92645
-5.85245
-3.08264
-3.93099
-1.97097
-2.43051
-1.52697
-1.68201
-1.56725
-1.50784
-1.7374
-1.65997
-1.78945
-4.43085
-3.69105
-4.84445
-4.79984
-2.13564
-2.50857
-2.73041
-0.948377
-1.57834
-3.03228
-3.35893
-1.65907
-2.16405
-1.51285
-2.59387
-1.74296
-4.1257
-4.56593
-3.83969
-0.947961
-0.929559
-2.71656
-5.04379
-5.06145
-3.81354
-4.57549
-2.07187
-2.91491
-0.790797
-1.35849
-0.119762
-0.396879
0.146301
0.0450111
0.194075
0.182473
0.146944
0.182662
0.0310833
0.0940546
-0.23662
-0.0709865
-0.52002
-2.59062
-1.99109
-4.64602
-3.48606
-7.05942
-5.93104
-7.52669
-7.63105
-5.58031
-6.7428
-3.25399
-4.33807
-1.82232
-2.42627
-1.13577
-1.40757
-0.917564
-0.986384
-0.942526
-0.928158
-0.959322
-3.91271
-3.36815
-4.15803
-2.46423
-2.75672
-3.40088
-1.51146
-2.35493
-4.24201
-4.47392
-3.26851
-2.96556
-2.35239
-1.69639
-0.245751
-0.270668
-4.0649
-3.3582
-3.62832
-4.94338
-5.64509
-0.979425
-3.18056
-4.46709
-4.50495
-3.28622
-4.00664
-1.61851
-2.44398
-0.380207
-0.923047
0.285754
0.0153477
0.560108
0.456954
0.637056
0.613524
0.615192
0.638036
0.508831
0.571681
0.240897
0.404893
-0.401968
-0.0190936
-1.69409
-0.941636
-3.7731
-2.66827
-1.14814
-0.76551
-0.884
-2.36419
-1.61644
-4.74305
-3.41384
-7.45056
-6.19097
-7.99098
-8.10734
-5.80073
-7.11125
-3.16848
-4.39944
-1.53527
-2.22542
-0.706908
-1.04835
-0.34847
-0.482483
-0.234285
-0.265063
-0.229025
-3.25626
-2.90971
-3.37542
-1.63088
-0.763193
-6.08146
-4.69892
-3.17425
-4.32352
-2.47288
-1.07168
0.328491
0.260455
-2.65337
-5.79074
-0.823145
-1.80116
-6.90599
-6.66486
-5.11421
-0.354787
-3.85997
-3.31322
-1.87912
-2.67456
-3.59161
-3.68037
-2.54156
-3.17362
-1.09764
-1.81388
-0.00678956
-0.483964
0.595409
0.349643
0.856235
0.758517
0.947895
0.918383
0.948523
0.95907
0.874263
0.923101
0.633473
0.780708
0.115895
0.410425
-0.850035
-0.30255
-2.38292
-1.58675
-3.2312
-3.02795
-0.141044
-0.0566857
-0.0707489
-0.656237
-0.322306
-1.98399
-1.19324
-4.42435
-3.07196
-7.18782
-5.89965
-7.76548
-7.8727
-5.50855
-6.85242
-2.82814
-4.08108
-1.16067
-1.86622
-0.2927
-0.657245
0.145761
-0.0359119
0.332226
0.262745
0.358412
-0.902921
-0.0538167
-4.85843
-2.9346
-0.535314
0.141984
-1.22802
-0.803451
-2.07479
-1.66584
-2.58571
-2.41073
-2.38637
-2.57347
-1.59946
-2.0564
-1.10769
-3.71655
-5.4268
-2.96439
-6.99289
-1.91072
-7.5613
-0.094124
-0.892669
-6.40836
-2.28093
-4.02422
-1.24723
-0.6198
-4.68994
-2.36577
-1.89146
-2.52741
-2.55478
-1.72239
-2.234
-0.550375
-1.13179
0.345695
-0.0477028
0.841496
0.639744
1.06485
0.981757
1.15133
1.12415
1.16825
1.16796
1.12828
1.16012
0.948723
1.06021
0.564828
0.782512
-0.145312
0.260537
-1.17809
-0.665259
-1.51562
-1.53371
-0.680881
-1.19768
0.489411
0.485455
0.493917
0.346576
0.451183
-0.188424
0.143613
-1.45172
-0.712746
-3.71425
-2.45747
-6.27366
-5.08306
-6.84253
-6.92694
-4.72463
-5.98414
-2.24651
-3.40062
-0.714643
-1.36425
0.0958223
-0.249501
0.53126
0.346678
0.753145
0.662332
0.738222
0.773732
0.514537
0.664394
0.301461
-1.38717
-0.739928
-1.08225
-1.84961
-1.65295
-1.97508
-1.97295
-1.58229
-1.84336
-0.811294
-1.23151
-0.0814467
0.488762
-1.48624
-0.194657
-0.051453
-0.413566
-4.23999
-6.44102
-3.14823
-7.63706
-1.88754
-7.31222
-0.826918
-5.41194
0.474357
-0.0625067
-2.84762
0.239398
-0.670738
0.843985
0.413436
0.745323
0.63994
0.99565
1.20702
0.273146
0.405415
0.611252
-5.46385
-0.649794
-0.161675
-1.45277
-1.11181
-1.57339
-1.61159
-0.949167
-1.33749
-0.0556349
-0.500807
0.638518
0.332427
1.02522
0.872676
1.20128
1.13828
1.27993
1.25459
1.31712
1.30527
1.29944
1.32258
1.15341
1.24435
0.867737
1.02735
0.402809
0.658781
-0.165486
0.110471
-0.388296
-0.376533
0.40095
-0.0399033
0.760534
0.881005
0.887302
0.871135
0.870161
0.751554
0.837422
0.274836
0.566179
-0.779563
-0.158197
-2.70512
-1.64122
-4.86238
-3.85424
-5.36695
-5.42826
-3.61611
-4.66417
-1.54356
-2.50987
-0.243674
-0.796444
0.453221
0.156626
0.839281
0.675002
1.03733
0.963896
1.05584
1.044
0.809938
0.973012
0.584342
-1.16809
-0.892631
-1.55117
-1.39226
-1.66918
-1.6578
-1.45655
-1.60544
-0.90514
-1.217
-0.183247
-0.546704
0.141609
-4.51369
-6.98613
-3.08155
-7.41396
-1.72698
-6.22911
-0.721852
-3.988
-0.0859728
-1.64608
0.607258
0.298933
0.0261796
1.40422
0.984764
0.838605
0.447452
0.739083
1.55596
1.70599
1.76433
0.783287
0.89899
0.53862
0.792208
-5.87857
-0.124461
0.231696
-0.676485
-0.43488
-0.762992
-0.777896
-0.311832
-0.584456
0.341514
0.0203492
0.853785
0.628658
1.14653
1.02972
1.28544
1.2327
1.36116
1.3307
1.39661
1.38344
1.37023
1.39532
1.26519
1.32508
1.11437
1.19588
0.890436
1.01432
0.574193
0.737728
0.514431
0.46315
1.05696
0.73924
1.51081
1.32737
1.62761
1.03791
0.934896
1.12723
1.10818
1.11155
1.11457
1.04866
1.09899
0.713642
0.925937
-0.112583
0.378948
-1.61628
-0.791068
-3.29612
-2.50793
-3.71281
-3.74249
-2.40005
-3.18357
-0.832951
-1.56626
0.187961
-0.249093
0.754427
0.514161
1.07386
0.939612
1.24995
1.1771
1.28129
1.29697
1.03472
1.19426
0.788595
-1.26199
-0.930678
-1.73431
-1.52789
-1.84224
-1.84566
-1.5774
-1.75506
-1.03476
-1.33064
-0.357892
-0.705378
0.317872
-0.00708586
0.591042
-4.39033
-6.78845
-2.75827
-6.37066
-1.4946
-4.70933
-0.656491
-2.58762
-0.173749
-0.703904
0.131897
0.500523
0.608861
0.253612
1.2363
1.81172
1.66591
0.972492
-5.69804
0.726594
1.07795
0.927892
0.289015
0.521118
-0.0618258
0.0926052
-0.122322
-0.122102
0.173888
-0.00808747
0.630794
0.402363
1.00133
0.834754
1.21891
1.12362
1.33461
1.28019
1.40721
1.37031
1.45103
1.43165
1.44929
1.45516
1.40505
1.43201
1.31904
1.36909
1.17976
1.25473
1.05711
1.1088
1.11832
1.05242
1.47111
1.26943
1.75429
1.64249
1.85117
1.82193
1.88315
1.871
1.07665
0.901908
1.00157
1.21323
1.14457
1.29672
1.26646
1.29042
1.29839
1.24584
1.27588
1.03155
1.17213
0.435651
0.792468
-0.660347
-0.0589088
-1.82808
-1.29226
-2.09393
-2.12318
-1.23575
-1.75539
-0.183592
-0.679011
0.546658
0.227089
0.987794
0.796492
1.24344
1.1338
1.37877
1.31719
1.40434
1.40523
1.18842
1.33112
0.659658
0.958232
0.298459
-2.08528
-1.15446
-1.66105
-2.48926
-2.35445
-2.28631
-2.46742
-1.61565
-1.99204
-0.745905
-1.18843
0.0670966
-0.317407
0.682017
0.400911
1.05927
0.909365
1.17398
1.14109
0.440783
0.78323
1.86246
1.88482
-3.87981
-5.88366
0.202479
-2.32677
-4.92288
1.14954
1.31006
1.25549
-1.29561
-3.25536
-0.699361
-1.52969
-0.330299
-0.0852649
-0.099011
0.807938
0.0176443
1.43228
0.656079
0.239402
1.76248
1.89399
1.85839
-4.98277
0.8711
1.00512
0.588833
0.722362
0.380363
0.468364
0.328874
0.326775
0.513578
0.397408
0.819807
0.660152
1.08764
0.959627
1.2568
1.17713
1.3619
1.30877
1.4428
1.40016
1.49022
1.46661
1.50524
1.50328
1.47036
1.49491
1.4044
1.43817
1.35943
1.3784
1.36029
1.35196
1.47506
1.39972
1.71476
1.58999
1.8635
1.80995
1.88739
1.88271
1.88039
1.88553
1.79828
1.8548
1.06751
0.905792
0.978111
1.24054
1.1571
1.3766
1.31077
1.43799
1.41533
1.43332
1.4419
1.38727
1.41572
1.2393
1.33488
0.828734
1.07493
0.105668
0.494479
-0.571678
-0.269321
-0.724038
-0.734975
-0.283609
-0.566056
0.348751
0.0432324
0.831345
0.613427
1.15354
1.0071
1.35373
1.26271
1.44693
1.40283
1.45284
1.45602
1.29813
1.4007
0.87099
1.11506
0.54564
-1.88795
-1.22548
-3.01562
-2.51829
-3.35398
-3.29619
-2.80992
-3.18188
-1.73622
-2.3081
-0.579507
-1.14598
0.380372
-0.059943
0.981581
0.727826
1.26274
1.15778
1.30561
0.522315
0.864615
1.78109
1.70451
-3.18425
-4.65348
1.16287
1.21265
-1.96149
-3.56179
-1.23513
-2.16954
-0.863893
-0.833627
-0.576751
0.30478
-0.420478
1.03211
-0.258248
1.60466
0.0131412
1.84117
0.844716
0.377631
1.8694
1.069
1.07462
0.833837
-1.07326
1.63606
1.57098
-4.01515
0.96284
1.06598
0.765936
0.851396
0.642077
0.695932
0.607273
0.612745
0.715853
0.648983
0.923787
0.814994
1.12351
1.02644
1.26445
1.19766
1.35961
1.31273
1.42614
1.3955
1.4715
1.45382
1.49011
1.48287
1.49661
1.49408
1.49895
1.49836
1.49707
1.49853
1.52204
1.50206
1.64343
1.56915
1.81733
1.72995
1.90273
1.87904
1.88144
1.89737
1.83271
1.86004
1.72195
1.79
1.48408
1.62
1.14954
1.09928
1.26296
1.20606
1.35694
1.31381
1.43359
1.39389
1.48882
1.46462
1.50447
1.50093
1.47218
1.49359
1.36115
1.4312
1.08268
1.24686
0.667628
0.879315
0.348446
0.488928
0.236413
0.264175
0.400957
0.286761
0.732689
0.563682
1.03612
0.892266
1.26223
1.15506
1.41344
1.34041
1.47678
1.44719
1.46438
1.4746
1.34821
1.42203
1.03301
1.21598
0.461539
0.779639
0.113372
-2.60284
-1.80369
-3.87885
-3.32341
-4.1953
-4.19283
-3.32555
-3.88501
-1.86781
-2.62302
-0.462984
-1.13061
0.591645
0.116859
1.19129
0.948929
1.41965
1.34044
1.39325
1.42495
1.27687
1.34144
-2.57709
-3.51605
1.31619
1.37959
1.18517
1.2967
1.21203
1.42753
1.2754
-1.78219
-2.56726
-1.35956
-1.46837
-1.15469
-0.375091
-0.965214
0.584792
-0.856643
1.19478
-0.614229
1.76557
-0.199227
1.83225
1.13079
1.31734
1.39013
1.24169
0.276833
1.78276
0.835446
1.33578
0.0664369
1.28101
-3.13199
1.1074
1.15877
0.998911
1.06548
0.880284
0.933355
0.797238
0.828273
0.775074
0.773347
0.840522
0.79517
0.982887
0.90385
1.13812
1.06139
1.2611
1.20285
1.35305
1.30883
1.43078
1.39233
1.47896
1.45644
1.51142
1.49825
1.52092
1.51966
1.51828
1.51889
1.54086
1.52507
1.60845
1.56851
1.73308
1.66025
1.83282
1.77872
1.88569
1.87232
1.8521
1.87501
1.77825
1.8204
1.64967
1.72302
1.55252
1.30207
1.30002
1.30266
1.30185
1.35111
1.31663
1.43436
1.3934
1.50538
1.47164
1.54674
1.53003
1.55385
1.55404
1.5207
1.54166
1.42882
1.48507
1.23791
1.34525
1.0269
1.12421
0.90828
0.962036
0.817008
0.858497
0.848585
0.814679
1.01648
0.924774
1.19134
1.10595
1.3295
1.26217
1.42975
1.38025
1.4743
1.45599
1.46191
1.46896
1.35728
1.41274
1.12429
1.25877
0.669144
0.927111
0.375148
-1.37467
-0.630819
-3.11763
-2.22331
-4.60434
-3.94942
-4.89356
-4.94723
-3.7461
-4.46326
-1.97485
-2.87711
-0.369011
-1.1203
0.75213
0.256587
1.35249
1.11669
1.52341
1.47514
1.45319
1.50459
1.38297
1.44979
1.22845
1.1209
1.10539
-2.23441
-2.71153
-1.82299
-1.94025
-1.66978
-1.01317
1.14401
-1.6363
-0.0413011
-1.54736
0.822426
-1.43216
1.25829
1.50746
1.59961
1.6841
1.63771
-1.06806
1.94119
1.38601
-0.378536
1.65936
0.911365
0.277688
1.56001
1.20882
0.292095
-0.124223
0.926322
0.942371
0.231482
-2.5624
1.13145
1.16351
1.15484
1.07882
1.10296
1.01466
1.05096
0.942801
0.975565
0.886269
0.905614
0.875837
0.872545
0.921288
0.890875
1.02272
0.967428
1.14513
1.08519
1.2519
1.20157
1.33713
1.29651
1.39882
1.37222
1.45609
1.43201
1.49363
1.47683
1.52328
1.50937
1.55061
1.53678
1.57929
1.56426
1.62698
1.5984
1.68233
1.66279
1.80978
1.76122
1.84146
1.83637
1.8042
1.82884
1.72312
1.76937
1.58857
1.66261
1.38494
1.49713
1.10629
1.25202
0.784805
0.827939
0.961866
1.48141
1.53001
1.41628
1.44455
1.4072
1.40287
1.45442
1.42648
1.51058
1.48485
1.5484
1.53037
1.57683
1.5651
1.57864
1.58115
1.5466
1.56657
1.4749
1.51622
1.35575
1.41894
1.26116
1.29836
1.22007
1.24153
1.15076
1.18674
1.12635
1.13298
1.19401
1.15163
1.29383
1.24354
1.37957
1.33991
1.43682
1.41183
1.45643
1.45243
1.41482
1.44455
1.33947
1.38414
1.15583
1.25837
0.823153
1.0095
0.384127
0.605531
0.168502
-1.5234
-0.702618
-3.35169
-2.41335
-5.03071
-4.30027
-5.29175
-5.3799
-3.98544
-4.7926
-2.0304
-3.01908
-0.305886
-1.10818
0.850234
0.348257
1.43945
1.20851
1.59818
1.55681
1.51479
1.57899
1.35574
1.41475
1.28914
-2.15842
-2.24908
0.699329
0.87556
0.774302
-2.08862
-1.56436
1.19003
-2.22207
-0.716642
-2.38759
0.224476
0.901173
1.76599
1.80832
1.84184
1.81153
-2.38931
1.0002
1.72727
-2.18049
1.15311
0.618521
0.735681
1.53892
-1.54538
2.18524
1.10622
-0.483418
1.52656
0.440348
1.09824
1.13742
1.07727
1.17608
0.360563
0.478891
1.10031
-2.31326
1.09109
1.10116
1.05153
1.06854
1.00907
1.03151
0.962697
0.987266
0.938933
0.948845
0.939144
0.933651
0.976736
0.952684
1.05413
1.01199
1.15178
1.10299
1.24454
1.2002
1.32396
1.28566
1.38872
1.35807
1.44229
1.41744
1.48209
1.46388
1.51111
1.49779
1.54022
1.52457
1.58305
1.55942
1.64105
1.61052
1.71369
1.67305
1.7663
1.73708
1.78643
1.78428
1.74919
1.77375
1.66819
1.71419
1.53623
1.60895
1.34928
1.45041
1.11345
1.23702
0.989551
1.67675
1.73894
1.56601
1.61785
1.51348
1.52995
1.50586
1.50775
1.5164
1.50741
1.54936
1.53261
1.57637
1.56314
1.59629
1.58862
1.5957
1.59923
1.56647
1.58445
1.51543
1.54329
1.44822
1.4815
1.4105
1.4224
1.38956
1.4021
1.32808
1.36245
1.28484
1.28802
1.30384
1.28907
1.35195
1.3264
1.40225
1.37831
1.43381
1.4218
1.43368
1.44067
1.39049
1.42254
1.30767
1.36029
1.15819
1.24241
0.923729
1.04651
0.627479
0.762347
0.45659
-0.173919
0.474905
0.211207
-1.46518
-0.716291
-3.21249
-2.31546
-5.08719
-4.32039
-5.33113
-5.42892
-3.98554
-4.8135
-2.00844
-3.00552
-0.273738
-1.08204
0.896342
0.388088
1.47151
1.25067
1.60453
1.57883
1.527
1.58374
1.36536
1.42591
1.28544
0.567061
0.681487
-2.313
-2.03534
1.22771
-2.63367
-1.39042
1.84885
1.88383
1.88138
1.8326
-3.12636
-0.551544
0.888756
1.81731
-3.50285
0.474936
1.78298
-3.62386
1.11972
0.43403
0.664128
1.67929
-3.11073
0.849665
0.521323
1.38736
-1.89418
1.88716
0.736857
-0.395751
1.04567
0.571051
0.432791
0.59286
-2.29518
1.04256
1.00054
1.02767
1.04455
1.04571
1.02926
1.03591
1.00476
1.01736
0.979095
0.991386
0.968699
0.97206
0.977997
0.969791
1.01344
0.992005
1.07678
1.04242
1.15676
1.11644
1.23734
1.19839
1.31001
1.27474
1.37168
1.34194
1.4234
1.39851
1.46597
1.44556
1.50123
1.48439
1.53379
1.51761
1.56882
1.55033
1.61803
1.59134
1.66459
1.64461
1.7203
1.6989
1.72841
1.73049
1.69144
1.71475
1.61613
1.65899
1.49371
1.56083
1.32684
1.41447
1.12642
1.22984
0.927812
1.02234
0.78254
0.847105
0.514415
0.684933
0.729184
1.82246
1.86626
1.72401
1.77949
1.63385
1.67199
1.59036
1.60938
1.56224
1.57372
1.56305
1.5582
1.58415
1.57237
1.59965
1.59278
1.60994
1.60604
1.60608
1.61086
1.58221
1.59653
1.54643
1.56557
1.5093
1.52683
1.49251
1.49815
1.47497
1.48687
1.42283
1.45227
1.37849
1.39379
1.37326
1.37101
1.39108
1.37936
1.41114
1.39948
1.41858
1.41512
1.40263
1.41587
1.35632
1.39029
1.27297
1.32795
1.14633
1.21972
0.964777
1.06031
0.735888
0.854359
0.55812
0.647387
0.576262
-0.115167
0.246245
-1.25781
-0.60782
-2.99323
-2.07073
-4.63891
-3.93276
-4.9105
-4.97752
-3.72214
-4.45866
-1.90184
-2.82778
-0.268501
-1.03257
0.855896
0.363703
1.42656
1.20361
1.57686
1.545
1.50105
1.55808
1.32435
1.41005
1.13292
1.23111
0.999064
1.0558
1.1909
-2.75565
-2.05925
0.948957
0.529673
1.86736
1.80701
-3.56507
-1.41691
0.649636
0.473993
0.809509
1.78994
-4.51991
-0.44638
0.315873
1.79159
-5.22114
0.759825
0.241483
0.575856
1.76719
-5.34904
1.14019
0.267241
1.61983
-4.06572
0.991976
0.39295
1.1271
-1.84056
1.48142
-0.0212226
0.64218
0.765361
0.751829
1.85847
1.8728
-2.542
0.96269
0.85422
0.918541
0.994093
0.981344
1.00219
0.997725
1.00217
1.0037
0.992158
0.997399
0.984261
0.988765
0.985698
0.984134
1.00147
0.991756
1.03631
1.01639
1.09141
1.06179
1.15993
1.12507
1.23077
1.19597
1.29703
1.26459
1.35525
1.32689
1.40428
1.38035
1.44584
1.42565
1.48165
1.46426
1.51706
1.49916
1.55475
1.53564
1.59527
1.57483
1.63359
1.61493
1.67128
1.65507
1.67461
1.67838
1.63673
1.6601
1.56663
1.6057
1.45778
1.51745
1.31094
1.38776
1.13999
1.22732
0.978967
1.05511
0.86659
0.916507
0.799728
0.826944
0.781829
1.92288
1.94066
1.92174
1.91947
1.9262
1.85883
1.89667
1.76371
1.81227
1.68942
1.72161
1.63723
1.66116
1.60675
1.61768
1.60067
1.60117
1.60749
1.60335
1.61359
1.61117
1.61737
1.61608
1.6117
1.61645
1.5925
1.60356
1.56674
1.57991
1.54411
1.55444
1.53196
1.53703
1.51382
1.52582
1.47219
1.49528
1.42989
1.44947
1.40734
1.41601
1.40378
1.4034
1.4069
1.40456
1.4018
1.40562
1.37694
1.39349
1.32763
1.35854
1.24576
1.29324
1.12828
1.19382
0.974915
1.05869
0.805415
0.892642
0.675797
0.73318
0.643816
0.640335
0.0736344
0.365187
-0.919724
-0.354589
-2.45071
-1.63797
-3.85446
-3.24187
-4.18082
-4.182
-3.26377
-3.85295
-1.72251
-2.51547
-0.284187
-0.964363
0.753753
0.293126
1.30161
1.08609
1.45546
1.42034
1.38823
1.43762
1.22686
1.31098
1.0836
1.15431
0.950375
1.01172
0.896114
1.78459
-3.5823
-2.3752
0.666851
0.713581
0.7757
0.738904
0.776915
0.496456
0.784436
1.74373
-5.06281
-1.58372
0.266212
1.74744
-6.65296
-0.32937
0.0857896
0.423419
1.77154
-7.72375
1.05783
0.00771203
1.75624
-7.17803
0.74444
0.245705
0.0697563
1.4955
-4.43412
0.79618
0.680073
-1.18797
2.00069
1.82071
1.78335
-3.14631
0.903913
0.872175
0.947441
0.928874
0.965556
0.958318
0.978703
0.974058
0.981054
0.980593
0.982566
0.981991
0.992542
0.986932
1.01456
1.00239
1.05036
1.03076
1.10043
1.07377
1.16065
1.12965
1.22361
1.19216
1.28405
1.25423
1.33845
1.31183
1.38558
1.36254
1.4262
1.40642
1.46157
1.44439
1.49496
1.47838
1.52988
1.51215
1.56743
1.54873
1.59981
1.58465
1.62238
1.61316
1.62177
1.62575
1.58773
1.60909
1.5224
1.55851
1.42661
1.47859
1.30003
1.36698
1.15664
1.22888
1.02933
1.08795
0.939989
0.981299
0.886461
0.907464
0.855453
0.872602
0.653529
0.709603
0.856452
0.843918
1.96566
2.01147
1.97674
1.9527
1.96216
1.89087
1.93005
1.79857
1.84423
1.72603
1.75876
1.6752
1.69888
1.64101
1.65529
1.62726
1.63233
1.62386
1.62496
1.62306
1.6237
1.62118
1.62258
1.61399
1.61873
1.59753
1.60681
1.57731
1.58723
1.56053
1.56783
1.54936
1.55452
1.5299
1.54183
1.49234
1.51276
1.45155
1.47116
1.42332
1.43487
1.40973
1.41527
1.39858
1.40497
1.38068
1.39277
1.34893
1.36947
1.2982
1.32732
1.22019
1.26075
1.11196
1.16667
0.978962
1.04781
0.842064
0.911016
0.736215
0.781663
0.699209
0.699901
0.646581
0.715013
0.340915
0.548434
-0.476391
-0.000942715
-1.72514
-1.06654
-2.87831
-2.36751
-3.25196
-3.18569
-2.6568
-3.06315
-1.50992
-2.11097
-0.350385
-0.910655
0.55488
0.144534
1.08981
0.867998
1.29258
1.23108
1.24689
1.28879
1.1059
1.17706
1.00595
1.04964
0.898596
0.958002
0.835799
0.580301
0.734906
1.69198
-4.92315
-2.96344
0.739122
2.07165
0.31661
1.67107
-7.39232
-1.80655
0.648915
0.764682
0.903921
0.0274918
2.01083
1.91655
0.329266
1.70325
-9.66158
-0.234278
-0.18963
1.7879
-10.3065
0.984029
0.034727
-0.261901
1.77828
-7.89706
0.146513
-0.149326
1.31965
-3.52258
0.414297
0.537223
0.583097
-0.13363
0.634675
1.68921
1.66114
-4.15072
0.857789
0.811505
0.905932
0.88655
0.933387
0.922388
0.950381
0.944531
0.96546
0.959803
0.977796
0.971977
0.995003
0.985892
1.02081
1.00677
1.05721
1.03757
1.10442
1.07947
1.15915
1.13099
1.21602
1.18749
1.27123
1.24392
1.32177
1.29712
1.36644
1.34464
1.4056
1.3866
1.44012
1.42328
1.47221
1.45652
1.5034
1.48789
1.53459
1.51922
1.56186
1.5491
1.57792
1.57211
1.57276
1.57831
1.54147
1.5605
1.48352
1.51568
1.3996
1.4447
1.29215
1.34844
1.17371
1.23263
1.07435
1.11954
1.00521
1.03662
0.961885
0.978641
0.937743
0.951075
0.942164
0.925268
2.15303
2.09263
2.2049
2.06813
2.12919
2.00596
2.02753
1.9781
1.99445
1.91577
1.95282
1.8253
1.87074
1.75434
1.78598
1.70434
1.72834
1.66571
1.68279
1.64606
1.6542
1.63545
1.64026
1.62828
1.63179
1.62182
1.6253
1.61284
1.61803
1.59739
1.60562
1.58079
1.58864
1.56637
1.57283
1.5526
1.55974
1.53039
1.54287
1.49672
1.51466
1.46072
1.47829
1.4285
1.4433
1.40535
1.41657
1.38484
1.39619
1.35984
1.37501
1.32359
1.34484
1.27049
1.29899
1.19419
1.23297
1.09478
1.14481
0.979484
1.03772
0.864244
0.919988
0.773984
0.81281
0.734395
0.744349
0.727144
0.730878
0.758322
0.746362
0.757595
0.608358
0.729824
0.0248949
0.372625
-0.884424
-0.402415
-1.80748
-1.37654
-2.27929
-2.12368
-2.03897
-2.24311
-1.32493
-1.71683
-0.477944
-0.900704
0.26489
-0.0817362
0.763577
0.546345
1.01959
0.921306
1.06638
1.06152
1.00099
1.03954
0.92244
0.960498
0.833339
0.883997
0.705205
0.767556
0.670993
0.435043
1.58622
-7.00767
-3.76578
0.70267
0.992701
0.722815
0.0856087
0.405068
0.340064
2.13391
2.04124
0.0513606
1.59222
-10.5425
-2.05358
-0.269291
1.69454
-12.6797
-0.17139
-0.159676
0.477996
-0.53835
1.87009
-11.207
0.462147
-0.605845
1.77349
-6.48622
-0.349409
-0.460608
0.879985
-1.65436
0.865164
1.51794
1.78147
1.60898
0.735604
1.52005
-5.64071
0.807541
0.756823
0.8682
0.843419
0.90353
0.888103
0.928446
0.917909
0.949581
0.940161
0.969427
0.959835
0.993025
0.980921
1.02278
1.00719
1.05998
1.04046
1.10475
1.08147
1.15527
1.12938
1.20763
1.18132
1.25863
1.23333
1.30573
1.28274
1.34767
1.32721
1.3848
1.3668
1.41768
1.40166
1.44786
1.43314
1.47612
1.46225
1.50249
1.48979
1.5236
1.51397
1.53465
1.53068
1.52856
1.53428
1.49922
1.51672
1.44816
1.47628
1.3761
1.41465
1.28535
1.33265
1.18926
1.23633
1.11088
1.1471
1.05525
1.08013
1.02765
1.03784
1.01047
1.01887
1.02534
1.00742
1.05919
1.12557
1.06702
0.979048
2.25261
2.20192
2.2452
2.32608
2.29222
2.11686
2.17502
2.04123
2.07279
1.99708
2.01709
1.93449
1.97047
1.84734
1.89115
1.7774
1.80911
1.72594
1.7506
1.68437
1.7035
1.65894
1.66996
1.64279
1.65044
1.62995
1.63611
1.61979
1.62476
1.60884
1.6147
1.59413
1.60162
1.57888
1.58619
1.56361
1.57102
1.54743
1.55577
1.52506
1.53738
1.49351
1.51031
1.45614
1.47523
1.42356
1.43956
1.39631
1.41005
1.37046
1.38469
1.34021
1.35728
1.29997
1.32173
1.24463
1.27317
1.1701
1.20804
1.07834
1.12576
0.97653
1.02854
0.877005
0.92486
0.796463
0.831496
0.748852
0.768053
0.718329
0.732751
0.71153
0.756836
0.713706
0.732744
0.827873
0.778019
0.816562
0.863102
0.492115
0.693826
-0.110367
0.226491
-0.864137
-0.493627
-1.38689
-1.17384
-1.47147
-1.48208
-1.18457
-1.36645
-0.684918
-0.949343
-0.136291
-0.407606
0.347775
0.116639
0.694068
0.543594
0.855973
0.793365
0.893196
0.887153
0.838517
0.875581
0.751032
0.795537
0.651569
0.699129
0.598531
0.618908
0.220213
1.92823
1.39148
1.57427
1.77613
-0.155611
1.31092
1.45947
-9.77774
-4.69133
-0.223602
1.51573
-13.5587
-2.28628
1.13982
1.19562
-0.523369
0.598741
0.980455
0.874818
2.28004
2.35498
0.715905
0.691403
0.679303
0.578893
0.547866
0.527083
-0.67455
1.71527
-13.8457
-0.400534
0.0726525
0.176352
-0.989952
1.94986
-9.33368
-0.547315
-0.689864
-0.993151
1.09314
1.30552
1.65466
-3.40154
-0.754617
0.309105
1.34499
-7.5666
0.675759
0.628378
0.764821
0.721383
0.831139
0.802176
0.87469
0.854828
0.907045
0.892235
0.934339
0.92147
0.960166
0.947518
0.98829
0.974019
1.02099
1.00409
1.05926
1.03945
1.10286
1.08048
1.15016
1.12613
1.19866
1.17433
1.24595
1.22248
1.29
1.26843
1.32952
1.31028
1.36446
1.34753
1.39534
1.38035
1.42305
1.40959
1.44826
1.43602
1.47072
1.46001
1.4874
1.48009
1.4945
1.4923
1.48729
1.49297
1.46108
1.47655
1.41664
1.44099
1.35569
1.38817
1.28004
1.31924
1.20345
1.24048
1.1417
1.17066
1.09685
1.11647
1.07993
1.08535
1.07555
1.07677
1.10058
1.08107
1.18487
1.13541
1.06856
2.26421
2.10288
2.1895
2.35771
2.31927
2.41369
2.38743
2.15709
2.21322
2.07587
2.11186
2.01662
2.04491
1.94967
1.98586
1.86642
1.90839
1.79552
1.82835
1.74218
1.76758
1.6974
1.71856
1.66719
1.68052
1.64628
1.65635
1.62886
1.63709
1.61566
1.62196
1.60282
1.60937
1.58773
1.59511
1.57222
1.57971
1.55655
1.56437
1.53918
1.54832
1.51536
1.5284
1.48419
1.50055
1.44913
1.46671
1.4159
1.43229
1.38552
1.40104
1.35516
1.3713
1.32068
1.33908
1.27717
1.29993
1.22062
1.24974
1.1488
1.18592
1.06393
1.10799
0.97198
1.01856
0.88211
0.92552
0.806562
0.841045
0.752623
0.776979
0.71641
0.732214
0.70338
0.791301
0.752276
0.900578
0.82658
0.98386
0.96182
0.888995
0.965303
0.536571
0.752104
-0.040627
0.260635
-0.618503
-0.343273
-1.00397
-0.842896
-1.10764
-1.0903
-0.967836
-1.06492
-0.639354
-0.820412
-0.203215
-0.432866
0.257491
0.0321488
0.602148
0.450204
0.765438
0.708015
0.743255
0.772773
0.663855
0.701416
0.597372
0.62944
0.569584
-0.0752959
1.98945
1.03296
1.30428
-12.3095
-5.36361
1.24486
-0.965459
0.760003
2.43431
0.667342
0.647689
0.555002
0.505518
-0.640567
1.44596
-14.8563
-2.43214
0.28216
-1.19011
1.78787
-12.0078
-1.07537
-0.26919
-0.113512
-1.25648
-1.48881
0.699576
0.967069
2.12829
-5.5354
-1.64655
-1.38035
1.75243
-0.205622
1.83456
1.64152
1.12086
-9.284
0.649549
0.603614
0.732533
0.693136
0.798285
0.767232
0.847495
0.82452
0.886097
0.867915
0.918993
0.903145
0.950021
0.934656
0.982212
0.965976
1.01731
0.99938
1.05613
1.03626
1.09867
1.07699
1.1438
1.12105
1.18936
1.16661
1.23353
1.21167
1.27457
1.25446
1.31167
1.29361
1.34445
1.32857
1.37325
1.35931
1.39844
1.38627
1.4207
1.40994
1.43958
1.43071
1.45262
1.44704
1.4572
1.45611
1.44945
1.45516
1.42608
1.43966
1.38843
1.40891
1.33697
1.36434
1.27506
1.30675
1.21528
1.24397
1.16692
1.1897
1.13329
1.14755
1.12348
1.12566
1.13136
1.1254
1.16439
1.1436
1.23888
1.19644
1.31377
1.35265
1.29244
1.22717
1.27284
1.09994
1.16907
-1.52375
0.932489
1.02016
2.39686
2.29188
2.34827
2.46159
2.43395
2.50056
2.48348
2.45256
2.5278
2.51481
2.31001
2.37932
2.1919
2.24724
2.105
2.14515
2.03477
2.06914
1.96258
1.99988
1.8815
1.92238
1.80972
1.84342
1.75371
1.78046
1.70629
1.72881
1.67175
1.68745
1.64648
1.65851
1.62575
1.63557
1.60944
1.61717
1.59457
1.60193
1.57896
1.58667
1.56333
1.57097
1.54709
1.55546
1.52777
1.538
1.50326
1.51628
1.47305
1.48873
1.4388
1.45623
1.40522
1.42212
1.37267
1.38925
1.33944
1.35668
1.30182
1.32137
1.25593
1.27973
1.19913
1.22849
1.12968
1.16584
1.05034
1.09132
0.96557
1.00803
0.882191
0.922575
0.808896
0.843697
0.752324
0.778412
0.710551
0.730026
0.689331
0.720315
0.631369
0.670037
0.840794
0.777554
0.978025
0.897884
1.1241
1.05603
1.18567
1.17733
1.01053
1.13712
0.564002
0.812256
-0.0248352
0.279262
-0.623232
-0.333119
-1.08779
-0.877651
-1.31919
-1.23975
-1.2225
-1.3126
-0.807981
-1.05104
-0.22757
-0.524523
0.289125
0.0509161
0.582101
0.469441
0.627036
0.626759
0.581657
0.606451
0.534484
0.557529
0.4941
0.513348
0.455386
0.474284
-0.479648
2.21995
0.668157
1.15571
-13.2433
-5.64851
0.428449
-1.19687
1.42802
-13.0595
-2.64139
0.0172122
1.38834
1.4179
2.4697
2.54145
-1.90441
0.615499
0.596349
0.571736
0.436152
0.402882
0.384757
-1.88928
1.39111
2.13249
-8.09385
-2.30153
-0.730962
-0.526123
-2.178
-2.13669
2.71525
-1.59559
-2.61495
0.126122
0.440824
2.06131
0.832246
1.10994
1.04453
2.12391
2.00612
0.858021
-9.75413
0.620908
0.532151
0.485125
0.622985
0.578199
0.703557
0.665185
0.769526
0.738689
0.822667
0.797465
0.866241
0.845464
0.903958
0.885666
0.939217
0.921731
0.974749
0.956899
1.01203
0.993146
1.05163
1.03154
1.09335
1.07226
1.13652
1.11486
1.17958
1.15815
1.22119
1.20063
1.25978
1.2409
1.29444
1.2776
1.32495
1.31017
1.35156
1.33873
1.37432
1.3634
1.39374
1.38442
1.40949
1.4022
1.41942
1.41529
1.42222
1.4218
1.41469
1.42001
1.3942
1.40597
1.36242
1.3796
1.31977
1.34241
1.27003
1.29514
1.22427
1.2461
1.18749
1.20471
1.16448
1.17368
1.16147
1.16059
1.17809
1.16722
1.2188
1.19499
1.28925
1.24958
1.38958
1.33637
1.31872
1.35538
1.22368
1.27468
1.16865
2.48303
2.41501
2.45347
2.52942
2.50784
2.5627
2.54751
2.58472
2.57517
2.60237
2.59331
2.33639
2.40018
2.22341
2.27743
2.13101
2.17517
2.051
2.09008
1.97365
2.01264
1.89343
1.93357
1.82075
1.85542
1.76159
1.78981
1.71181
1.73562
1.67298
1.69094
1.64421
1.65777
1.62031
1.63179
1.60103
1.61003
1.5848
1.59269
1.56874
1.57671
1.55247
1.56055
1.53537
1.54425
1.51519
1.5258
1.49053
1.50347
1.46067
1.4761
1.42707
1.44421
1.3932
1.41034
1.35933
1.37652
1.32399
1.34211
1.28385
1.30455
1.23626
1.26091
1.17906
1.20886
1.11232
1.14708
1.03722
1.07569
0.957491
0.997363
0.878434
0.917191
0.806617
0.841357
0.747607
0.775425
0.698432
0.722665
0.646628
0.672663
0.621325
0.728568
0.667549
0.887997
0.802944
1.06338
0.967933
1.25351
1.15558
1.40723
1.34684
1.37165
1.42148
1.06731
1.25384
0.463549
0.800807
-0.33159
0.0771335
-1.12983
-0.741912
-1.71964
-1.46564
-1.88367
-1.86343
-1.51155
-1.76428
-0.768218
-1.16197
-0.0673519
-0.391648
0.348871
0.180968
0.486475
0.441968
0.493475
0.499337
0.462828
0.478583
0.435271
0.449668
0.419982
-1.01929
2.37319
0.145417
1.01996
-11.796
-5.32927
0.192064
0.972588
0.703657
1.44682
2.61138
-2.78507
0.565547
0.534828
0.416107
0.367145
-1.99119
1.86464
1.62636
-9.57593
-3.3849
-0.358657
-2.82306
-2.839
2.89751
-3.99107
-3.85229
0.962928
-3.06411
3.45667
1.17689
0.895947
-1.165
2.6975
2.72943
-1.46681
1.22481
1.21228
0.541606
-8.81057
0.432869
0.510882
0.464801
0.597581
0.554921
0.677137
0.638908
0.744235
0.712278
0.800197
0.773442
0.847633
0.824822
0.889451
0.869077
0.928369
0.909109
0.966638
0.947499
1.00563
0.986
1.04583
1.02555
1.08713
1.06636
1.12883
1.108
1.1698
1.14949
1.20897
1.18966
1.2453
1.22754
1.27776
1.26202
1.30619
1.29245
1.33053
1.31885
1.35087
1.34116
1.36766
1.35967
1.3806
1.3747
1.38807
1.38504
1.38941
1.38957
1.38203
1.38697
1.36449
1.37442
1.33807
1.3523
1.30353
1.32172
1.26484
1.28413
1.23054
1.24682
1.2041
1.21615
1.1908
1.19544
1.19467
1.19057
1.21814
1.2037
1.26505
1.23877
1.333
1.29601
1.42379
1.37595
1.50754
1.53102
1.47595
1.46455
1.48609
1.41445
1.44108
1.35015
1.38294
1.28437
1.31662
1.25093
2.66713
2.67686
2.65956
2.6617
2.66118
2.65967
2.66524
2.66356
2.67321
2.66866
2.61894
2.68282
2.67751
2.48605
2.55351
2.3586
2.42035
2.24999
2.30175
2.15351
2.20092
2.06568
2.10855
1.98365
2.02435
1.90322
1.94323
1.82875
1.86471
1.76653
1.79619
1.71397
1.73925
1.67157
1.69135
1.63927
1.65452
1.61246
1.62527
1.59109
1.60103
1.57359
1.58205
1.55671
1.56514
1.54015
1.54844
1.5228
1.53177
1.50215
1.51297
1.47725
1.49019
1.44778
1.46298
1.41503
1.43177
1.38095
1.3982
1.34596
1.3637
1.3088
1.32774
1.26692
1.28851
1.21822
1.24345
1.16128
1.19087
1.09634
1.12989
1.02436
1.06101
0.948137
0.986333
0.872018
0.909686
0.801286
0.835804
0.73912
0.769036
0.682986
0.710385
0.62638
0.655289
0.596423
-4.06391
-0.686622
-0.277191
0.598252
0.504953
0.547694
0.729662
0.658659
0.913526
0.813907
1.12695
1.01368
1.35558
1.23721
1.56693
1.47187
1.63102
1.62695
1.39935
1.5597
0.794309
1.14172
-0.12902
0.364942
-1.20144
-0.663098
-2.11795
-1.70242
-2.51465
-2.40012
-2.18863
-2.4402
-1.34194
-1.80239
-0.468974
-0.881049
0.0960939
-0.141493
0.340359
0.24954
0.399654
0.384982
0.392122
0.397988
0.376846
0.385336
0.350004
0.364614
0.318738
0.334305
-1.79025
2.33106
-0.512611
0.95005
-9.31341
-5.24645
-0.137956
0.549257
-3.12167
-4.15328
1.96386
-6.25251
-4.90546
2.9453
3.03222
1.64243
-0.898113
1.21204
0.806174
1.5687
1.5866
2.62949
2.69163
-3.98234
3.47218
-1.12777
-5.77062
0.445661
0.301226
0.271078
0.253455
0.47408
0.469166
0.43408
-4.09599
2.60443
-2.12074
1.55387
1.19272
1.62944
2.77889
-2.63956
0.187278
-7.58143
0.180252
0.395609
0.348135
0.489541
0.443407
0.574975
0.533122
0.653349
0.615299
0.721499
0.688765
0.779851
0.751778
0.830396
0.805943
0.875528
0.853466
0.917534
0.89676
0.958198
0.93791
0.998676
0.978386
1.03935
1.01894
1.08021
1.05974
1.12072
1.10055
1.16004
1.14059
1.19721
1.17895
1.23137
1.21471
1.26168
1.247
1.28804
1.27532
1.31021
1.29963
1.3282
1.31966
1.34251
1.33575
1.3529
1.34823
1.35838
1.35622
1.35858
1.35919
1.35135
1.35595
1.33646
1.34471
1.31499
1.3265
1.28771
1.30189
1.25898
1.27308
1.23457
1.24607
1.21728
1.22476
1.21268
1.21315
1.2235
1.21613
1.25255
1.23549
1.30318
1.27533
1.37165
1.33549
1.45664
1.41201
1.55575
1.5051
1.53757
1.55249
1.50564
1.52218
1.4752
1.48972
1.45771
1.4643
1.46679
1.45602
1.49749
2.83875
2.88338
2.78459
2.8076
2.75541
2.76781
2.7409
2.74701
2.73862
2.73823
2.74382
2.73938
2.50176
2.56601
2.37963
2.43925
2.272
2.32444
2.17236
2.22153
2.07915
2.12487
1.99303
2.0354
1.91085
1.95162
1.83422
1.87141
1.76881
1.80012
1.71322
1.73995
1.66747
1.68903
1.63172
1.64855
1.60273
1.61651
1.57948
1.59034
1.56077
1.56972
1.54371
1.55214
1.52713
1.53542
1.50964
1.51865
1.48884
1.49967
1.46403
1.47688
1.43506
1.44998
1.4029
1.41933
1.3687
1.38594
1.33289
1.35103
1.29432
1.31401
1.25111
1.27336
1.20169
1.22729
1.14501
1.17429
1.08139
1.11406
1.01167
1.04709
0.938068
0.975064
0.864011
0.900863
0.793349
0.828119
0.727484
0.759607
0.666007
0.696094
0.604626
0.635774
0.537431
0.571756
0.503133
0.577527
0.521011
0.72269
0.64422
0.917252
0.813138
1.15103
1.02804
1.40383
1.27418
1.65668
1.5352
1.80443
1.75508
1.65622
1.77678
1.06247
1.42141
0.0166991
0.586283
-1.27874
-0.617927
-2.48139
-1.91919
-3.10861
-2.89809
-2.81776
-3.07758
-1.86688
-2.38935
-0.840496
-1.33063
-0.130956
-0.436708
0.204884
0.077068
0.307928
0.274566
0.326801
0.321919
0.320457
0.325686
0.298724
0.311304
0.285968
-3.04083
-6.35621
-1.95948
-1.50815
0.72455
-7.49364
-6.09511
3.15965
2.26763
-0.574459
0.369068
1.60693
2.74972
-4.72148
1.88328
2.0347
1.78966
-4.30551
-7.0674
1.39311
-1.60345
0.660838
0.280308
0.232739
0.225861
0.208222
0.437116
0.3948
0.436543
0.39833
-5.43411
3.11762
0.152273
-8.66456
-5.65413
-3.46824
1.15957
-1.4312
-0.461318
1.75292
-4.42267
-0.373772
-7.31392
3.22721
2.81347
-0.105842
0.375102
0.328206
0.468236
0.422147
0.554294
0.512256
0.632171
0.594253
0.701132
0.667721
0.761417
0.732179
0.814536
0.788658
0.862388
0.838914
0.906901
0.884868
0.949565
0.928317
0.991306
0.97045
1.03249
1.01191
1.07301
1.05279
1.1125
1.0929
1.15032
1.13164
1.18578
1.16839
1.21802
1.20232
1.24637
1.23265
1.27062
1.25895
1.29057
1.28106
1.30633
1.29887
1.31833
1.31271
1.32631
1.32279
1.32997
1.32857
1.32916
1.33013
1.3223
1.32645
1.30979
1.31657
1.2927
1.30176
1.27188
1.28252
1.25182
1.26138
1.23648
1.24349
1.22779
1.23105
1.23077
1.22758
1.24829
1.23773
1.2821
1.263
1.33536
1.30635
1.40554
1.36886
1.48776
1.44524
1.58191
1.53372
1.6564
1.67631
1.62975
1.6263
1.6403
1.60523
1.61466
1.59342
1.59794
1.59559
1.592
1.62621
1.6068
1.7063
1.65785
1.77885
3.44223
3.53542
3.1613
3.28199
2.99737
3.06884
2.90147
2.9433
2.84441
2.86947
2.81145
2.82541
2.79782
2.80259
2.79904
2.79667
2.75794
2.81078
2.80359
2.64122
2.70155
2.51763
2.5792
2.39948
2.45749
2.29072
2.34413
2.18813
2.23896
2.09112
2.13892
2.00116
2.04541
1.91629
1.95825
1.83743
1.87584
1.76872
1.80174
1.70988
1.73817
1.66078
1.68398
1.62203
1.64017
1.59095
1.60561
1.56607
1.5776
1.54668
1.55575
1.52973
1.53797
1.51337
1.52142
1.49614
1.50489
1.47572
1.48628
1.45122
1.46383
1.42279
1.43736
1.39091
1.40709
1.35678
1.37406
1.32045
1.33893
1.28081
1.30109
1.23656
1.2593
1.1865
1.21234
1.12995
1.15895
1.0674
1.09938
0.999403
1.0339
0.927657
0.963783
0.854737
0.891159
0.783253
0.8186
0.714377
0.748304
0.648105
0.680971
0.581652
0.615107
0.510179
0.546792
0.473779
0.546446
0.486562
0.696552
0.616729
0.885853
0.78545
1.12799
0.998682
1.42358
1.26887
1.72729
1.58147
1.91713
1.84943
1.78973
1.8986
1.19279
1.55695
0.103129
0.703374
-1.3151
-0.582436
-2.69537
-2.04176
-3.4897
-3.20186
-3.28681
-3.51607
-2.28198
-2.8488
-1.11659
-1.67465
-0.29356
-0.648971
0.0999262
-0.0509995
0.231446
0.185945
0.269995
0.257274
0.268956
0.272575
0.251545
0.261598
0.239902
-4.88411
2.28477
-3.96581
-2.49215
0.365762
-7.12556
-7.77644
3.51327
2.2927
-1.04369
0.13061
0.187322
0.355838
-6.52596
2.87331
-3.67792
-10.0436
0.882556
-2.41941
0.392325
1.70286
1.72049
2.76906
2.82148
-7.0455
-5.62842
-7.559
-8.96253
2.06877
1.26991
0.394737
2.65075
-6.72864
2.58018
3.10622
-0.760982
-8.11162
3.01413
-0.460423
0.257575
0.162338
0.208083
0.355225
0.306605
0.4482
0.402059
0.535095
0.492391
0.613361
0.574948
0.683048
0.64878
0.744839
0.714369
0.800026
0.772693
0.85013
0.825213
0.896711
0.873427
0.941056
0.918851
0.983874
0.962451
1.02544
1.00469
1.06572
1.04566
1.10437
1.08521
1.14092
1.12288
1.1748
1.15817
1.20527
1.19042
1.23177
1.21893
1.25404
1.24334
1.2718
1.26336
1.2853
1.27892
1.29506
1.29051
1.30086
1.29835
1.30281
1.30214
1.30103
1.30233
1.29456
1.29825
1.28413
1.28963
1.27084
1.2777
1.25592
1.26333
1.24329
1.24897
1.2361
1.23895
1.23567
1.23487
1.24567
1.23914
1.2693
1.25577
1.30768
1.28663
1.36295
1.33317
1.43458
1.39716
1.51716
1.47477
1.60884
1.56228
1.69928
1.65505
1.67989
1.68891
1.66767
1.67174
1.67356
1.66823
1.70707
1.68643
1.78085
1.73798
1.92013
1.84009
2.18941
2.03258
2.65868
2.39083
3.5958
3.06352
3.6485
3.83672
3.346
3.48582
3.13994
3.23221
3.00869
3.06712
2.92601
2.9626
2.87658
2.89781
2.85232
2.86182
2.84889
2.84835
2.85976
2.85261
2.65315
2.71266
2.53297
2.59281
2.41716
2.47445
2.307
2.36142
2.20156
2.25368
2.10154
2.15081
2.00774
2.05389
1.91957
1.96299
1.83791
1.87774
1.76579
1.80056
1.70351
1.73348
1.65119
1.676
1.6095
1.62908
1.57654
1.59205
1.55083
1.56279
1.53122
1.54042
1.51464
1.52272
1.49897
1.50675
1.48247
1.49094
1.46281
1.47312
1.43882
1.45132
1.41091
1.42536
1.37955
1.39562
1.34543
1.3628
1.30851
1.32739
1.26789
1.28862
1.22297
1.24598
1.17253
1.1985
1.11608
1.1449
1.05429
1.08577
0.987516
1.02135
0.916997
0.952507
0.844582
0.880816
0.772156
0.808108
0.700655
0.736217
0.629881
0.665264
0.558109
0.594287
0.483018
0.521049
0.403179
0.443572
0.319049
0.362266
0.395574
0.31058
0.351087
0.506355
0.446001
0.654756
0.576898
0.839295
0.74096
1.08747
0.95455
1.393
1.23461
1.70903
1.55429
1.94683
1.84803
1.84201
1.92058
1.27677
1.62985
0.169739
0.784461
-1.30541
-0.538635
-2.77788
-2.0751
-3.65217
-3.33013
-3.48698
-3.70164
-2.47754
-3.05444
-1.2574
-1.83629
-0.392935
-0.767259
0.0263594
-0.136716
0.17025
0.119163
0.2185
0.201928
0.222573
0.224085
0.209138
0.216969
0.184992
0.198614
0.147725
0.167966
-7.33834
-2.06416
-3.77357
-3.79054
0.818753
-7.5362
-10.1407
3.88766
2.24612
-1.70669
-0.301463
1.74154
2.8702
0.273186
0.120411
-4.02249
-9.26707
-11.1616
0.106504
1.61985
3.16586
4.82241
4.68712
0.0368697
-10.2464
-3.49103
-0.450708
-12.1371
4.5932
5.43485
6.00898
6.03348
4.92077
-1.82786
-9.4913
3.2056
5.80735
6.84416
7.69209
8.19471
6.70655
7.95589
7.42286
-1.09258
-13.4706
-4.28347
-7.75724
-4.26627
-0.471383
5.8047
3.93641
1.81817
0.36534
-14.3916
-10.4607
-10.6286
-9.28991
-8.24072
0.0900816
0.113997
0.132948
0.149088
0.162096
0.17159
0.177649
0.180566
0.178833
0.169789
0.151967
0.119147
0.0665628
-0.0249483
-0.187448
-0.438368
-0.801019
-1.26815
-1.80315
-2.47452
-3.03383
-3.43684
-3.61948
-3.53244
-3.18341
-2.62512
-1.93989
-1.20396
-0.476762
0.194569
0.77729
1.24974
1.59646
1.81227
1.90731
1.91055
1.82514
1.68508
1.51748
1.34209
1.17288
1.01859
0.883268
0.767716
0.671998
0.589779
0.517186
0.452692
0.396416
0.346984
0.302307
0.261834
0.224314
0.185508
0.23481
0.281898
0.326475
0.369679
0.412827
0.454479
0.494882
0.534355
0.573016
0.611024
0.648647
0.685952
0.723125
0.760229
0.797079
0.833811
0.870176
0.906123
0.94141
0.975887
1.00944
1.04185
1.07317
1.10316
1.13208
1.15933
1.18541
1.20996
1.23329
1.25545
1.27663
1.29675
1.31593
1.33424
1.35174
1.36847
1.38439
1.39939
1.41341
1.4264
1.43835
1.44932
1.4593
1.46831
1.47645
1.48405
1.49135
1.49864
1.50616
1.51418
1.52312
1.53338
1.54539
1.55934
1.57541
1.59378
1.61467
1.63831
1.66471
1.69381
1.72544
1.75953
1.79613
1.83527
1.87677
1.92032
1.96559
2.01235
2.06049
2.10998
2.1608
2.21292
2.26624
2.32057
2.37586
2.43211
2.48952
2.54803
2.60746
2.66735
2.72624
2.78234
2.83435
2.88251
2.92818
2.91555
2.90459
2.89684
2.89347
2.89465
2.90173
2.91517
2.93536
2.96324
2.99952
3.04575
3.10362
3.17563
3.2648
3.37426
3.50456
3.65578
3.84054
4.07541
4.46
4.96953
5.42637
5.93644
6.47418
6.98809
7.32282
7.46784
7.11776
6.51855
5.82458
5.01312
4.29256
3.78769
3.36191
2.9641
2.6615
2.42528
2.24241
2.10411
1.99901
1.91714
1.85389
1.80562
1.7709
1.74714
1.73195
1.72422
1.72291
1.72632
1.73387
1.74594
1.7622
1.78184
1.80641
1.76717
1.72519
1.68108
1.63499
1.58859
1.54345
1.50017
1.45918
1.42114
1.38666
1.35611
1.32939
1.30627
1.28658
1.2703
1.25737
1.2476
1.24063
1.23603
1.23346
1.23265
1.23347
1.23574
1.23929
1.24371
1.24865
1.25372
1.25873
1.2634
1.26764
1.27118
1.27395
1.27576
1.27674
1.27689
1.27633
1.27488
1.27257
1.26925
1.26511
1.25994
1.25386
1.24656
1.23823
1.22861
1.21797
1.20609
1.19326
1.17928
1.16441
1.1485
1.13188
1.11443
1.09641
1.07768
1.05847
1.03864
1.01848
0.997573
0.976522
0.954744
0.932756
0.90986
0.886911
0.862765
0.838526
0.81265
0.786525
0.758297
0.729654
0.698492
0.666632
0.631922
0.596195
0.557462
0.517378
0.474413
0.430042
0.383301
0.335092
0.284549
0.23345
0.181757
0.132576
0.0848725
0.0596556
0.0509969
0.0271542
-2.53684
-5.94056
-12.7987
-7.94329
-12.5132
5.92398
2.06422
4.33415
6.96822
8.32633
9.27408
8.7853
-1.04433
-3.26557
-2.36841
7.92528
3.47734
7.17408
-13.4646
-13.0927
-10.9068
-3.85122
-0.00262315
-0.0275472
-13.3557
-16.7263
-15.7533
-7.75666
-15.7656
0.0315807
0.0617524
0.102691
0.154728
0.209988
0.26381
0.316424
0.366036
0.4138
0.458609
0.501684
0.542096
0.580866
0.617143
0.651963
0.684571
0.715998
0.745588
0.774241
0.801425
0.827828
0.853098
0.877739
0.901523
0.924791
0.94737
0.969322
0.990678
1.01175
1.03182
1.05148
1.07047
1.08885
1.10649
1.12341
1.1395
1.15478
1.16903
1.18224
1.19428
1.20521
1.21492
1.22342
1.23069
1.23679
1.24181
1.2458
1.24885
1.25095
1.25221
1.25261
1.25236
1.2514
1.2498
1.24741
1.24439
1.2408
1.23693
1.23289
1.22903
1.22556
1.22287
1.22119
1.22079
1.22175
1.22423
1.22839
1.23442
1.2425
1.25283
1.26571
1.28141
1.30018
1.32208
1.34714
1.37533
1.40684
1.44177
1.4802
1.52184
1.56629
1.61303
1.66106
1.70903
1.7548
1.79736
1.83568
0.998408
10.3673
10.97
2.1871
-1.53104
-6.46688
7.03133
9.80045
2.22875
5.13386
9.01619
5.31036
-15.1693
-14.5875
0.0244831
0.0590585
0.0717666
0.0870663
0.103574
0.118078
0.129307
0.136879
0.140712
0.140428
0.1352
0.123315
0.105171
0.0742289
0.0225259
-0.0617126
-0.215592
-0.436613
-0.768642
-1.19387
-1.69406
-2.2379
-2.72048
-3.06002
-3.20332
-3.11468
-2.80398
-2.31605
-1.71448
-1.06268
-0.414068
0.188265
0.714184
1.14304
1.46217
1.66593
1.75987
1.75987
1.68518
1.56091
1.40892
1.24501
1.08354
0.934769
0.80427
0.690059
0.594421
0.5132
0.445114
0.388344
0.338914
0.293638
0.251674
0.212213
0.17537
0.137391
0.0973353
0.144705
0.193889
0.243084
0.290409
0.336405
0.381662
0.425798
0.468854
0.510694
0.551735
0.591858
0.631484
0.670512
0.709146
0.747385
0.785175
0.822434
0.859147
0.895073
0.930324
0.964528
0.997902
1.03003
1.06116
1.09093
1.11946
1.14691
1.17292
1.19783
1.22155
1.24401
1.26545
1.28577
1.30514
1.32357
1.34113
1.35786
1.37366
1.38847
1.40222
1.41492
1.42653
1.43704
1.44644
1.45479
1.46223
1.46906
1.47552
1.48188
1.48844
1.49556
1.50376
1.5135
1.52524
1.53922
1.55571
1.57491
1.59696
1.622
1.64996
1.68073
1.71414
1.75016
1.78876
1.8299
1.87336
1.9189
1.96623
2.0151
2.06527
2.11658
2.16899
2.22242
2.27679
2.33188
2.38771
2.44442
2.50235
2.56151
2.6217
2.68199
2.74113
2.79764
2.8507
2.89941
2.94584
2.99347
2.973
2.9574
2.94448
2.9358
2.93235
2.93493
2.94447
2.96142
2.98627
3.01989
3.06344
3.11807
3.18562
3.26821
3.3688
3.48982
3.63258
3.8048
4.02412
4.30334
4.6418
5.02337
5.43035
5.88043
6.30401
6.66713
6.869
6.88288
6.64836
6.20164
5.57897
4.99382
4.48648
4.02874
3.54208
3.13613
2.85063
2.62309
2.42731
2.26339
2.13271
2.03047
1.95087
1.88981
1.84352
1.80938
1.78659
1.77272
1.76666
1.76708
1.77312
1.78477
1.8007
1.82011
1.84217
1.87107
-15.0793
-8.31977
-5.68829
-6.66133
-11.9787
-0.0448488
-0.00543311
0.0333627
0.0807761
0.134431
0.191065
0.246441
0.30034
0.350999
0.39947
0.444848
0.488224
0.5289
0.567822
0.6044
0.639429
0.672482
0.704207
0.734386
0.763423
0.791287
0.818147
0.84411
0.869205
0.893612
0.917272
0.940237
0.962574
0.984092
1.00478
1.02536
1.04485
1.06372
1.08182
1.09923
1.1158
1.13152
1.14622
1.15991
1.1724
1.18374
1.19377
1.20257
1.20997
1.21615
1.22103
1.22487
1.22757
1.22937
1.23018
1.23028
1.22957
1.22836
1.22649
1.22415
1.22113
1.21773
1.21397
1.21028
1.20675
1.20387
1.20178
1.20099
1.20163
1.20401
1.20806
1.21388
1.22145
1.23093
1.24235
1.25586
1.27165
1.28998
1.31107
1.33505
1.36195
1.39177
1.42457
1.46044
1.49959
1.54208
1.58791
1.63664
1.6874
1.7379
1.78641
1.83132
1.87091
1.90609
1.94173
1.90807
1.87877
1.85614
1.83493
1.81779
1.80594
1.80049
1.80235
1.81221
1.83122
1.86111
1.90305
1.95851
2.03089
2.1235
2.23997
2.38628
2.56652
2.78016
3.02551
3.30735
3.64755
4.01188
4.45486
5.01199
5.53268
5.93857
6.27176
6.47813
6.48412
6.36662
6.11933
5.78593
5.43994
5.0816
4.7218
4.40047
4.1345
3.91204
3.73136
3.58158
3.45375
3.34446
3.25282
3.17698
3.11518
3.06591
3.0275
2.99891
2.97933
2.96802
2.96441
2.96821
2.97865
2.99503
3.01662
3.04333
3.02305
0.0552551
0.1009
0.152429
0.205177
0.255777
0.305784
0.353654
0.400292
0.445479
0.489203
0.532246
0.574015
0.61545
0.655867
0.696022
0.735188
0.774138
0.811901
0.849364
0.885406
0.920957
0.955039
0.988441
1.02038
1.05144
1.08104
1.10969
1.13684
1.16317
1.18789
1.21172
1.23417
1.25571
1.27603
1.29554
1.31397
1.33159
1.3482
1.36393
1.37851
1.39205
1.40439
1.41567
1.42564
1.4345
1.44208
1.44876
1.45453
1.45991
1.46493
1.47025
1.47603
1.48318
1.49189
1.50304
1.51661
1.53331
1.55299
1.57613
1.60241
1.63204
1.66459
1.70016
1.7384
1.77937
1.82276
1.86849
1.91625
1.96587
2.01699
2.06932
2.12265
2.17679
2.23168
2.28707
2.34288
2.39905
2.45604
2.51433
2.57421
2.63544
2.69675
2.75735
2.8159
2.87126
2.9234
2.97381
0.016918
0.0585063
0.0240088
0.05123
0.0584416
0.0683922
0.0806236
0.0914482
0.0993655
0.10403
0.105147
0.102462
0.0956751
0.0835182
0.0664265
0.0397152
-0.00774752
-0.0765742
-0.204214
-0.390357
-0.656583
-1.00072
-1.40419
-1.82873
-2.21322
-2.48932
-2.60916
-2.54017
-2.2854
-1.88185
-1.38726
-0.857597
-0.333885
0.156647
0.593621
0.962674
1.25035
1.44605
1.54987
1.56791
1.51052
1.39878
1.25674
1.10365
0.953008
0.81478
0.693704
0.587224
0.498159
0.423437
0.36332
0.315233
0.273441
0.234742
0.198765
0.164107
0.129741
0.094781
-14.0786
7.24103
4.60804
8.39188
-4.0704
10.3031
-10.351
-14.9613
6.69204
3.76693
4.39135
9.37917
-0.00696631
1.10546
-1.70902
-0.030576
0.00871394
-0.0233533
-0.132279
-8.52601
-13.0805
3.13005
1.97518
1.98778
-13.4553
2.01281
3.14993
-0.0547714
-5.75227
-2.27352
8.63559
5.82635
7.104
-13.5164
0.0615492
0.0313788
0.118074
0.0902562
0.173208
0.145072
0.237324
0.203559
0.324679
0.276313
0.460055
0.384989
0.656275
0.550734
0.901611
0.774856
1.13209
1.02378
1.22762
1.20564
1.08556
1.18602
0.691103
0.919136
0.0949055
0.41157
-0.6105
-0.248945
-1.30907
-0.971055
-1.77403
-1.58639
-1.77292
-1.83798
-1.31344
-1.58401
-0.720547
-1.00847
-0.287456
-0.473278
-0.0682509
-0.15981
0.0180041
-0.0185077
0.052504
0.0387463
0.0680195
0.0621353
0.072045
0.071237
0.0663944
0.0702669
0.0526025
0.060355
0.0359943
0.044493
0.0218718
3.00678
3.06065
2.89359
2.95101
2.77264
2.83411
2.64756
2.71007
2.52611
2.58607
2.41077
2.46784
2.29785
2.35428
2.18502
2.24139
2.07342
2.12896
1.96503
2.01866
1.86274
1.91292
1.76902
1.81472
1.68515
1.72576
1.61267
1.64736
1.55361
1.58131
1.50969
1.52969
1.48056
1.49337
1.46331
1.47068
1.45336
1.45768
1.44587
1.44955
1.4368
1.44167
1.42382
1.43085
1.40581
1.41542
1.38293
1.3949
1.35549
1.36973
1.32383
1.34009
1.28823
1.30644
1.24852
1.26877
1.20449
1.22686
1.15591
1.18054
1.10255
1.12951
1.04425
1.0737
0.981184
1.01295
0.913638
0.947538
0.841675
0.877627
0.765653
0.803374
0.686187
0.725405
0.603684
0.644272
0.518203
0.560202
0.428883
0.472814
0.333599
0.38072
0.229524
0.281361
0.115997
0.171948
0.0564547
1.91817
1.95267
1.86301
1.88808
1.83107
1.84367
1.82975
1.82624
1.86518
1.84244
1.94784
1.89997
2.0902
2.01025
2.32234
2.1931
2.67834
2.484
3.13094
2.89773
3.72679
3.3935
4.52287
4.11815
5.36967
4.95674
6.00236
5.74117
6.21604
6.16816
5.96575
6.1447
5.41018
5.69787
4.76938
5.09177
4.22065
4.47548
3.81492
4.0007
3.51973
3.65644
3.30305
3.40242
3.15409
3.22102
3.05864
3.10058
3.0058
3.0274
2.98917
2.9933
3.00567
2.99344
3.05574
3.02597
3.09225
1.90372
1.94038
1.81325
1.86076
1.70851
1.76162
1.60633
1.65619
1.51669
1.55989
1.43979
1.47685
1.37417
1.40566
1.3197
1.34559
1.276
1.29661
1.24145
1.25773
1.21409
1.22692
1.19374
1.20291
1.18169
1.1865
1.17833
1.17886
1.18169
1.17923
1.18858
1.18474
1.19639
1.19238
1.2032
1.19988
1.20834
1.20588
1.2115
1.21013
1.2118
1.21203
1.20806
1.21046
1.19934
1.20436
1.18494
1.19287
1.16473
1.17554
1.13928
1.15263
1.1093
1.12482
1.0756
1.09288
1.03879
1.05755
0.999439
1.01947
0.957024
0.978744
0.911655
0.934835
0.863066
0.88788
0.811207
0.837692
0.75568
0.784086
0.69573
0.726451
0.630362
0.663908
0.55833
0.595327
0.478339
0.519441
0.389167
0.434987
0.289681
0.340822
0.17902
0.235838
0.061768
0.120759
-0.0477866
0.00505669
-0.130395
-0.0923421
-10.8891
-0.108102
-0.0916894
2.09666
3.22129
2.0971
3.20796
-0.0510558
-0.146587
-0.186266
-0.016068
-0.0801542
0.115882
0.0535292
0.231657
0.176919
0.335806
0.285914
0.429987
0.384637
0.514732
0.47378
0.590955
0.554001
0.659881
0.626329
0.722771
0.692025
0.780723
0.752287
0.834601
0.808076
0.885005
0.860144
0.932178
0.908897
0.976276
0.954512
1.01751
0.997171
1.05595
1.03707
1.09123
1.07392
1.12292
1.10751
1.15017
1.13709
1.17219
1.16183
1.18817
1.18091
1.19784
1.19372
1.2016
1.20035
1.20077
1.20162
1.19646
1.19892
1.18987
1.19331
1.18178
1.18593
1.17246
1.17714
1.1633
1.16763
1.15712
1.1595
1.15824
1.1564
1.17011
1.16267
1.1925
1.1801
1.22232
1.20664
1.25762
1.23924
1.30002
1.27774
1.35196
1.3247
1.41472
1.38198
1.48791
1.45012
1.57087
1.52812
1.6662
1.61675
1.77451
1.71919
1.88313
1.8303
1.98187
1.93215
2.03637
3.12798
3.18123
3.04815
3.08218
3.01065
3.02454
3.01048
3.00608
3.04689
3.02399
3.1243
3.08012
3.25118
3.18089
3.44075
3.33732
3.70857
3.56372
4.07112
3.87783
4.51118
4.28303
5.14068
4.82681
5.59584
5.38623
5.97721
5.8391
5.96618
6.00853
5.56441
5.82049
4.9872
5.35056
4.04428
4.4949
3.48879
3.7692
2.96675
3.22265
2.5328
2.73176
2.2373
2.37006
2.04451
2.13009
1.92601
1.97777
1.86282
1.88823
1.84368
1.84834
1.86149
1.84821
1.9133
1.88311
1.99932
1.95238
2.04916
0.0215789
-0.0365957
0.152235
0.0908095
0.268158
0.214329
0.370556
0.322568
0.464449
0.419936
0.553058
0.510617
0.638087
0.597149
0.720067
0.680493
0.798754
0.760662
0.873587
0.837286
0.943924
0.909792
1.00956
0.977698
1.07039
1.04093
1.12636
1.09925
1.17758
1.15283
1.22384
1.2015
1.2654
1.24532
1.30264
1.28462
1.33589
1.31981
1.36517
1.35109
1.38997
1.37819
1.40993
1.40062
1.42425
1.41783
1.43335
1.42941
1.43882
1.43639
1.44396
1.44115
1.45371
1.44791
1.47393
1.46212
1.50984
1.48971
1.56317
1.53437
1.63201
1.59584
1.71332
1.67123
1.80555
1.75809
1.90797
1.85554
2.01856
1.96245
2.13335
2.0757
2.2488
2.19115
2.36313
2.30615
2.47697
2.41994
2.59398
2.53481
2.7178
2.65494
2.8485
2.78264
2.97747
2.91416
3.0958
3.03775
3.15259
-0.0882063
0.00779484
-0.00917883
0.0281508
0.0171918
0.0390896
0.035212
0.0415794
0.0407309
0.0406149
0.0415148
0.0355148
0.0386812
0.0208464
0.0297153
-0.0132446
0.00933442
-0.0902901
-0.0381064
-0.260894
-0.156997
-0.570176
-0.404244
-0.898083
-0.743462
-1.04903
-1.00323
-0.935903
-1.02459
-0.595614
-0.786024
-0.16667
-0.382122
0.237654
0.0403894
0.572983
0.417225
0.775893
0.691764
0.815568
0.818185
0.699733
0.769918
0.524761
0.61464
0.361791
0.43741
0.24845
0.297726
0.178029
0.20941
0.128795
0.151458
0.090501
0.108624
0.0557017
0.0732966
0.0152278
0.0366618
-0.013318
-15.3698
-0.309468
-5.19864
-8.13006
-0.415778
-14.138
-11.2653
-17.1674
-18.2576
-16.57
-17.4817
10.4333
12.5726
12.5997
11.4251
8.5928
-8.07997
-8.48702
-10.9133
-8.86468
-10.3652
-5.61478
1.88216
-1.86172
-3.69656
-0.291256
-0.188404
-0.0951563
-0.0151057
0.055235
0.119391
0.176162
0.23232
0.284379
0.335433
0.382952
0.429145
0.472157
0.51372
0.552523
0.589927
0.625028
0.658907
0.690901
0.721891
0.751327
0.779951
0.80727
0.833931
0.859465
0.884401
0.908301
0.931604
0.953935
0.975652
0.99647
1.01671
1.03612
1.05489
1.07277
1.0899
1.10606
1.1213
1.13538
1.14834
1.15993
1.17017
1.17881
1.18587
1.19124
1.19507
1.19733
1.19818
1.19766
1.19606
1.19346
1.19012
1.18616
1.18177
1.17698
1.17189
1.16648
1.16093
1.15548
1.15056
1.14663
1.14428
1.14408
1.14657
1.15201
1.16048
1.17174
1.1854
1.20102
1.21823
1.23685
1.2569
1.27855
1.30209
1.32788
1.35624
1.38742
1.42148
1.45832
1.49759
1.53898
1.58252
1.62904
1.68034
1.73857
1.80508
1.87873
1.95287
2.0159
2.06097
2.10531
2.22671
3.32313
3.21479
3.1474
3.09618
3.05941
3.03439
3.01987
3.0149
3.01923
3.03321
3.05699
3.09112
3.13666
3.19495
3.26735
3.35526
3.46077
3.5868
3.7368
3.91473
4.12373
4.35973
4.61009
4.82306
5.03625
5.32818
5.61691
5.74378
5.85329
5.9131
5.81261
5.68714
5.47196
5.08277
4.81416
4.60964
4.31597
3.91695
3.47426
3.13713
2.90154
2.71284
2.54336
2.39129
2.25996
2.1518
2.06224
1.99116
1.93904
1.90009
1.87324
1.85764
1.85261
1.85726
1.87097
1.89404
1.9278
1.97283
2.03026
2.10416
2.22024
2.41302
-0.182028
-0.158217
-0.0706494
0.00652066
0.0827093
0.146398
0.209954
0.264401
0.319745
0.368075
0.417917
0.462682
0.508977
0.551665
0.595597
0.636858
0.678922
0.718842
0.75906
0.79739
0.835586
0.871991
0.90793
0.942144
0.975712
1.00768
1.03887
1.06847
1.0972
1.1245
1.15093
1.17591
1.19985
1.2224
1.24391
1.26414
1.28335
1.30137
1.31839
1.33431
1.34924
1.36301
1.37564
1.38702
1.39721
1.40606
1.41362
1.41978
1.42468
1.42834
1.43102
1.43303
1.43487
1.43712
1.44048
1.44568
1.45352
1.46476
1.48004
1.49969
1.52379
1.55216
1.58452
1.62053
1.65991
1.70248
1.74809
1.79667
1.84807
1.90203
1.95815
2.01594
2.07479
2.1341
2.19338
2.25235
2.31091
2.36901
2.42669
2.48427
2.54241
2.60183
2.66345
2.72852
2.79851
2.87353
2.95033
3.02193
3.0816
3.12964
3.18884
3.32715
3.55916
0.222094
0.0637361
0.00038552
-0.00577481
-7.52734e-05
0.00884627
0.0132492
0.0142389
0.0138909
0.0135485
0.0133224
0.0128729
0.0126358
0.0119037
0.00974886
0.00595249
0.00319326
-0.00517831
-0.0110882
-0.0270618
-0.0434648
-0.0724601
-0.115999
-0.164023
-0.217224
-0.266281
-0.302003
-0.317396
-0.304146
-0.262806
-0.206249
-0.148167
-0.0953555
-0.0462079
0.00341872
0.0522505
0.103226
0.156867
0.211097
0.263306
0.299349
0.31194
0.30266
0.278893
0.245006
0.207816
0.170615
0.138105
0.110696
0.0910444
0.0760344
0.0646541
0.0548993
0.0467271
0.0395726
0.0333661
0.0279426
0.0221038
0.0152753
0.00758527
0.00236707
0.0110888
-0.00140265
-8.33451
-5.82393
3.64369
0.799465
)
;

boundaryField
{
    frontandback
    {
        type            empty;
    }
    walls
    {
        type            zeroGradient;
    }
    diamond
    {
        type            zeroGradient;
    }
    inlet
    {
        type            zeroGradient;
    }
    outlet
    {
        type            fixedValue;
        value           uniform 0;
    }
}


// ************************************************************************* //
