/*--------------------------------*- C++ -*----------------------------------*\
  =========                 |
  \\      /  F ield         | OpenFOAM: The Open Source CFD Toolbox
   \\    /   O peration     | Website:  https://openfoam.org
    \\  /    A nd           | Version:  10
     \\/     M anipulation  |
\*---------------------------------------------------------------------------*/
FoamFile
{
    format      ascii;
    class       labelList;
    note        "nPoints:13132  nCells:6397  nFaces:25757  nInternalFaces:12623";
    location    "constant/polyMesh";
    object      neighbour;
}
// * * * * * * * * * * * * * * * * * * * * * * * * * * * * * * * * * * * * * //


12623
(
1
4311
4480
4675
4466
4481
6395
3
45
718
833
5
33
835
5
33
609
719
45
46
7
5435
5456
5457
6069
6080
9
5751
6058
5131
5445
6074
11
5458
6073
5436
5439
6082
13
14
5444
6059
14
24
5749
5760
6062
16
17
4823
6066
17
4822
4926
5450
6067
19
20
4916
6071
20
5431
6070
4915
4921
22
23
4483
6076
23
4825
6075
4202
4799
25
26
5444
4821
5133
5749
4821
5370
5443
28
30
93
136
89
92
133
30
42
136
146
133
188
32
37
720
837
33
835
861
720
35
41
970
1016
36
1110
1164
37
837
970
861
1110
39
40
1426
1487
1262
1314
1315
41
1016
1262
1164
1426
149
190
203
44
47
412
501
409
410
499
47
607
47
501
609
499
49
1598
1781
1814
50
52
1657
52
1814
2176
52
2013
2173
2383
1974
54
4308
4491
4687
4204
4479
4487
56
5279
5280
5447
5452
5518
5997
1847
2040
2041
2223
59
60
71
127
68
69
130
61
72
128
62
73
125
63
74
126
64
75
123
65
76
124
66
77
121
67
78
122
79
82
119
70
71
101
70
81
129
80
102
72
104
73
103
74
106
75
105
76
108
77
107
78
110
79
109
83
112
81
84
99
85
132
83
86
120
87
111
85
88
100
89
131
87
90
116
91
114
89
92
96
134
91
94
118
95
113
93
98
97
135
95
117
150
115
139
98
100
151
98
137
147
152
100
102
153
154
102
104
155
156
104
106
157
158
106
108
159
160
108
110
161
162
110
112
163
164
112
114
165
166
114
115
167
168
138
169
118
120
170
118
140
141
171
120
122
172
173
122
124
174
175
124
126
176
177
126
128
178
179
128
130
180
181
130
132
182
183
132
134
184
185
134
186
187
136
137
189
190
148
192
139
143
144
150
195
142
171
232
142
150
194
193
233
145
195
199
145
169
196
197
198
149
188
209
148
152
211
191
212
204
208
210
152
154
213
214
154
156
215
216
156
158
217
218
158
160
219
220
160
162
221
222
162
164
223
224
164
166
225
226
166
168
227
228
168
169
229
230
231
171
173
234
235
173
175
236
237
175
177
238
239
177
179
240
241
179
181
242
243
181
183
244
245
183
185
246
247
185
187
248
249
187
188
250
251
252
190
192
253
254
192
205
206
255
194
200
201
210
257
210
258
197
231
296
256
299
199
256
261
258
262
202
233
302
202
257
260
259
304
204
254
265
266
274
207
255
263
207
212
269
264
270
209
268
274
252
267
275
212
214
276
277
214
216
278
279
216
218
280
281
218
220
282
283
220
222
284
285
222
224
286
287
224
226
288
289
226
228
290
291
228
230
292
293
230
231
294
295
297
233
235
305
306
235
237
307
308
237
239
309
310
239
241
311
312
241
243
313
314
243
245
315
316
245
247
317
318
247
249
319
320
249
251
321
322
251
252
323
324
325
254
255
326
327
328
271
298
275
333
275
334
260
303
329
333
339
262
271
273
334
340
264
328
417
335
420
266
327
413
336
414
268
325
337
338
346
270
277
348
335
350
272
301
273
300
331
340
343
336
346
347
277
279
351
352
279
281
353
354
281
283
355
356
283
285
357
358
285
287
359
360
287
289
361
362
289
291
363
364
291
293
365
366
293
295
367
368
295
297
369
370
297
299
371
372
299
301
373
374
301
332
375
376
304
306
382
304
330
379
383
306
308
384
385
308
310
386
387
310
312
388
389
312
314
390
391
314
316
392
393
316
318
394
395
318
320
396
397
320
322
398
399
322
324
400
401
324
325
402
403
404
327
328
415
416
418
330
339
342
341
381
332
343
344
345
378
347
422
347
423
349
419
409
411
338
404
495
410
498
422
424
423
425
342
380
405
424
426
425
427
345
427
430
377
407
409
410
435
350
352
436
350
421
433
437
352
354
438
439
354
356
440
441
356
358
442
443
358
360
444
445
360
362
446
447
362
364
448
449
364
366
450
451
366
368
452
453
368
370
454
455
370
372
456
457
372
374
458
459
374
376
460
461
376
378
462
463
378
408
464
465
381
383
471
381
406
468
472
383
385
473
474
385
387
475
476
387
389
477
478
389
391
479
480
391
393
481
482
393
395
483
484
395
397
485
486
397
399
487
488
399
401
489
490
401
403
491
492
403
404
493
494
496
406
426
429
428
470
408
430
432
431
467
412
497
412
414
500
502
414
416
503
504
416
418
505
506
418
420
507
508
420
421
509
510
434
516
435
517
435
518
517
519
518
520
519
521
520
522
429
469
511
521
523
522
524
432
466
513
524
527
434
437
540
515
541
539
437
439
542
543
439
441
544
545
441
443
546
547
443
445
548
549
445
447
550
551
447
449
552
553
449
451
554
555
451
453
556
557
453
455
558
559
455
457
560
561
457
459
562
563
459
461
564
565
461
463
566
567
463
465
568
569
465
467
570
571
467
514
572
573
470
472
577
470
512
575
578
472
474
579
580
474
476
581
582
476
478
583
584
478
480
585
586
480
482
587
588
482
484
589
590
484
486
591
592
486
488
593
594
488
490
595
596
490
492
597
598
492
494
599
600
494
496
601
602
496
498
603
604
498
499
605
606
607
502
504
610
502
608
611
504
506
612
613
506
508
614
615
508
510
616
617
510
516
618
619
512
523
526
525
576
514
527
529
528
574
516
536
537
620
539
621
539
622
621
623
622
624
623
625
624
626
625
627
626
628
526
530
531
627
629
628
630
529
533
534
630
633
532
576
684
532
629
632
631
685
535
633
635
535
574
681
634
683
538
541
644
538
620
642
643
645
646
541
543
647
648
543
545
649
650
545
547
651
652
547
549
653
654
549
551
655
656
551
553
657
658
553
555
659
660
555
557
661
662
557
559
663
664
559
561
665
666
561
563
667
668
563
565
669
670
565
567
671
672
567
569
673
674
569
571
675
676
571
573
677
678
573
574
679
680
682
576
578
686
687
578
580
688
689
580
582
690
691
582
584
692
693
584
586
694
695
586
588
696
697
588
590
698
699
590
592
700
701
592
594
702
703
594
596
704
705
596
598
706
707
598
600
708
709
600
602
710
711
602
604
712
713
604
606
714
715
606
607
716
717
718
609
611
721
722
611
613
723
724
613
615
725
726
615
617
727
728
617
619
729
730
619
620
731
732
733
646
734
646
735
734
736
735
737
736
738
737
739
738
740
739
741
740
742
741
743
632
636
637
742
744
743
745
635
639
640
745
748
638
685
796
638
744
747
746
798
641
748
750
641
683
792
749
795
643
733
851
751
854
645
648
753
751
755
752
648
650
756
757
650
652
758
759
652
654
760
761
654
656
762
763
656
658
764
765
658
660
766
767
660
662
768
769
662
664
770
771
664
666
772
773
666
668
774
775
668
670
776
777
670
672
778
779
672
674
780
781
674
676
782
783
676
678
784
785
678
680
786
787
680
682
788
789
682
683
790
791
793
685
687
799
800
687
689
801
802
689
691
803
804
691
693
805
806
693
695
807
808
695
697
809
810
697
699
811
812
699
701
813
814
701
703
815
816
703
705
817
818
705
707
819
820
707
709
821
822
709
711
823
824
711
713
825
826
713
715
827
828
715
717
829
830
717
718
831
832
834
720
722
836
838
722
724
839
840
724
726
841
842
726
728
843
844
728
730
845
846
730
732
847
848
732
733
849
850
852
752
859
752
860
859
862
860
863
862
867
863
868
867
869
868
870
869
871
870
872
871
873
872
874
747
797
855
873
875
874
876
750
794
857
876
879
754
853
882
755
757
883
755
853
864
884
757
759
885
886
759
761
887
888
761
763
889
890
763
765
891
892
765
767
893
894
767
769
895
896
769
771
897
898
771
773
899
900
773
775
901
902
775
777
903
904
777
779
905
906
779
781
907
908
781
783
909
910
783
785
911
912
785
787
913
914
787
789
915
916
789
791
917
918
791
793
919
920
793
795
921
922
795
858
923
924
798
800
930
798
856
927
931
800
802
932
933
802
804
934
935
804
806
936
937
806
808
938
939
808
810
940
941
810
812
942
943
812
814
944
945
814
816
946
947
816
818
948
949
818
820
950
951
820
822
952
953
822
824
954
955
824
826
956
957
826
828
958
959
828
830
960
961
830
832
962
963
832
834
964
965
834
835
966
967
968
838
840
971
838
969
972
840
842
973
974
842
844
975
976
844
846
977
978
846
848
979
980
848
850
981
982
850
852
983
984
852
854
985
986
854
865
987
856
875
878
877
929
858
879
880
881
926
882
992
882
993
968
1108
992
996
993
997
866
884
994
866
987
1129
995
1132
996
998
997
999
998
1000
999
1001
1000
1002
1001
1003
1002
1004
1003
1005
1004
1006
1005
1007
878
928
988
1006
1008
1007
1009
881
1009
1012
925
990
1019
884
886
1020
1021
886
888
1022
1023
888
890
1024
1025
890
892
1026
1027
892
894
1028
1029
894
896
1030
1031
896
898
1032
1033
898
900
1034
1035
900
902
1036
1037
902
904
1038
1039
904
906
1040
1041
906
908
1042
1043
908
910
1044
1045
910
912
1046
1047
912
914
1048
1049
914
916
1050
1051
916
918
1052
1053
918
920
1054
1055
920
922
1056
1057
922
924
1058
1059
924
926
1060
1061
926
991
1062
1063
929
931
1068
929
989
1066
1069
931
933
1070
1071
933
935
1072
1073
935
937
1074
1075
937
939
1076
1077
939
941
1078
1079
941
943
1080
1081
943
945
1082
1083
945
947
1084
1085
947
949
1086
1087
949
951
1088
1089
951
953
1090
1091
953
955
1092
1093
955
957
1094
1095
957
959
1096
1097
959
961
1098
1099
961
963
1100
1101
963
965
1102
1103
965
967
1104
1105
967
968
1106
1107
1109
970
972
1111
1112
972
974
1113
1114
974
976
1115
1116
976
978
1117
1118
978
980
1119
1120
980
982
1121
1122
982
984
1123
1124
984
986
1125
1126
986
987
1127
1128
1130
989
1008
1011
1010
1067
991
1012
1017
1018
1065
1019
1133
1019
1134
995
1021
1167
1131
1168
1133
1142
1134
1143
1142
1144
1143
1145
1144
1146
1145
1147
1146
1148
1147
1149
1148
1150
1149
1151
1150
1152
1151
1153
1152
1154
1153
1155
1011
1013
1015
1154
1160
1155
1161
1014
1067
1214
1015
1156
1215
1160
1162
1112
1261
1018
1161
1284
1064
1136
1166
1021
1023
1169
1170
1023
1025
1171
1172
1025
1027
1173
1174
1027
1029
1175
1176
1029
1031
1177
1178
1031
1033
1179
1180
1033
1035
1181
1182
1035
1037
1183
1184
1037
1039
1185
1186
1039
1041
1187
1188
1041
1043
1189
1190
1043
1045
1191
1192
1045
1047
1193
1194
1047
1049
1195
1196
1049
1051
1197
1198
1051
1053
1199
1200
1053
1055
1201
1202
1055
1057
1203
1204
1057
1059
1205
1206
1059
1061
1207
1208
1061
1063
1209
1210
1063
1065
1211
1212
1065
1135
1140
1213
1067
1069
1216
1217
1069
1071
1218
1219
1071
1073
1220
1221
1073
1075
1222
1223
1075
1077
1224
1225
1077
1079
1226
1227
1079
1081
1228
1229
1081
1083
1230
1231
1083
1085
1232
1233
1085
1087
1234
1235
1087
1089
1236
1237
1089
1091
1238
1239
1091
1093
1240
1241
1093
1095
1242
1243
1095
1097
1244
1245
1097
1099
1246
1247
1099
1101
1248
1249
1101
1103
1250
1251
1103
1105
1252
1253
1105
1107
1254
1255
1107
1109
1256
1257
1109
1110
1258
1259
1260
1112
1114
1263
1264
1114
1116
1265
1266
1116
1118
1267
1268
1118
1120
1269
1270
1120
1122
1271
1272
1122
1124
1273
1274
1124
1126
1275
1276
1126
1128
1277
1278
1128
1130
1279
1280
1130
1132
1281
1282
1132
1137
1138
1283
1166
1288
1166
1289
1136
1141
1286
1284
1294
1139
1168
1320
1139
1163
1165
1285
1322
1141
1213
1369
1287
1372
1288
1290
1289
1291
1290
1292
1291
1293
1292
1295
1293
1296
1295
1297
1296
1298
1297
1299
1298
1300
1299
1305
1300
1306
1305
1308
1306
1309
1157
1159
1162
1158
1215
1376
1159
1301
1377
1307
1310
1308
1311
1309
1312
1310
1311
1165
1283
1449
1260
1424
1285
1451
1319
1168
1170
1323
1324
1170
1172
1325
1326
1172
1174
1327
1328
1174
1176
1329
1330
1176
1178
1331
1332
1178
1180
1333
1334
1180
1182
1335
1336
1182
1184
1337
1338
1184
1186
1339
1340
1186
1188
1341
1342
1188
1190
1343
1344
1190
1192
1345
1346
1192
1194
1347
1348
1194
1196
1349
1350
1196
1198
1351
1352
1198
1200
1353
1354
1200
1202
1355
1356
1202
1204
1357
1358
1204
1206
1359
1360
1206
1208
1361
1362
1208
1210
1363
1364
1210
1212
1365
1366
1212
1213
1367
1368
1370
1215
1217
1378
1379
1217
1219
1380
1381
1219
1221
1382
1383
1221
1223
1384
1385
1223
1225
1386
1387
1225
1227
1388
1389
1227
1229
1390
1391
1229
1231
1392
1393
1231
1233
1394
1395
1233
1235
1396
1397
1235
1237
1398
1399
1237
1239
1400
1401
1239
1241
1402
1403
1241
1243
1404
1405
1243
1245
1406
1407
1245
1247
1408
1409
1247
1249
1410
1411
1249
1251
1412
1413
1251
1253
1414
1415
1253
1255
1416
1417
1255
1257
1418
1419
1257
1259
1420
1421
1259
1260
1422
1423
1425
1262
1264
1427
1428
1264
1266
1429
1430
1266
1268
1431
1432
1268
1270
1433
1434
1270
1272
1435
1436
1272
1274
1437
1438
1274
1276
1439
1440
1276
1278
1441
1442
1278
1280
1443
1444
1280
1282
1445
1446
1282
1283
1447
1448
1450
1312
1459
1313
1321
1287
1294
1316
1317
1371
1319
1452
1319
1453
1452
1457
1453
1458
1457
1460
1458
1461
1459
1464
1460
1462
1461
1463
1462
1469
1463
1470
1469
1472
1470
1473
1302
1304
1307
1303
1377
1544
1304
1465
1545
1471
1476
1472
1477
1473
1478
1476
1479
1477
1480
1478
1481
1479
1482
1480
1482
1481
1629
1451
1484
1486
1318
1487
1488
1318
1428
1597
1317
1464
1475
1373
1375
1488
1599
1490
1322
1324
1491
1322
1483
1484
1492
1324
1326
1493
1494
1326
1328
1495
1496
1328
1330
1497
1498
1330
1332
1499
1500
1332
1334
1501
1502
1334
1336
1503
1504
1336
1338
1505
1506
1338
1340
1507
1508
1340
1342
1509
1510
1342
1344
1511
1512
1344
1346
1513
1514
1346
1348
1515
1516
1348
1350
1517
1518
1350
1352
1519
1520
1352
1354
1521
1522
1354
1356
1523
1524
1356
1358
1525
1526
1358
1360
1527
1528
1360
1362
1529
1530
1362
1364
1531
1532
1364
1366
1533
1534
1366
1368
1535
1536
1368
1370
1537
1538
1370
1372
1539
1540
1372
1375
1541
1542
1374
1474
1475
1375
1454
1455
1543
1377
1379
1546
1547
1379
1381
1548
1549
1381
1383
1550
1551
1383
1385
1552
1553
1385
1387
1554
1555
1387
1389
1556
1557
1389
1391
1558
1559
1391
1393
1560
1561
1393
1395
1562
1563
1395
1397
1564
1565
1397
1399
1566
1567
1399
1401
1568
1569
1401
1403
1570
1571
1403
1405
1572
1573
1405
1407
1574
1575
1407
1409
1576
1577
1409
1411
1578
1579
1411
1413
1580
1581
1413
1415
1582
1583
1415
1417
1584
1585
1417
1419
1586
1587
1419
1421
1588
1589
1421
1423
1590
1591
1423
1425
1592
1593
1425
1426
1594
1595
1596
1428
1430
1600
1601
1430
1432
1602
1603
1432
1434
1604
1605
1434
1436
1606
1607
1436
1438
1608
1609
1438
1440
1610
1611
1440
1442
1612
1613
1442
1444
1614
1615
1444
1446
1616
1617
1446
1448
1618
1619
1448
1450
1620
1621
1450
1451
1622
1623
1624
1490
1627
1490
1628
1456
1474
1625
1456
1543
1716
1626
1719
1627
1630
1628
1631
1629
1638
1630
1636
1631
1637
1636
1640
1637
1641
1638
1646
1466
1468
1471
1467
1545
1723
1468
1632
1724
1639
1642
1640
1643
1641
1644
1642
1647
1643
1648
1644
1649
1645
1650
1646
1650
1647
1651
1648
1652
1649
1653
1651
1654
1652
1655
1653
1810
1654
1655
1485
1492
1661
1485
1489
1656
1663
1489
1624
1806
1596
1777
1598
1779
1656
1809
1660
1492
1494
1664
1665
1494
1496
1666
1667
1496
1498
1668
1669
1498
1500
1670
1671
1500
1502
1672
1673
1502
1504
1674
1675
1504
1506
1676
1677
1506
1508
1678
1679
1508
1510
1680
1681
1510
1512
1682
1683
1512
1514
1684
1685
1514
1516
1686
1687
1516
1518
1688
1689
1518
1520
1690
1691
1520
1522
1692
1693
1522
1524
1694
1695
1524
1526
1696
1697
1526
1528
1698
1699
1528
1530
1700
1701
1530
1532
1702
1703
1532
1534
1704
1705
1534
1536
1706
1707
1536
1538
1708
1709
1538
1540
1710
1711
1540
1542
1712
1713
1542
1543
1714
1715
1717
1545
1547
1725
1726
1547
1549
1727
1728
1549
1551
1729
1730
1551
1553
1731
1732
1553
1555
1733
1734
1555
1557
1735
1736
1557
1559
1737
1738
1559
1561
1739
1740
1561
1563
1741
1742
1563
1565
1743
1744
1565
1567
1745
1746
1567
1569
1747
1748
1569
1571
1749
1750
1571
1573
1751
1752
1573
1575
1753
1754
1575
1577
1755
1756
1577
1579
1757
1758
1579
1581
1759
1760
1581
1583
1761
1762
1583
1585
1763
1764
1585
1587
1765
1766
1587
1589
1767
1768
1589
1591
1769
1770
1591
1593
1771
1772
1593
1595
1773
1774
1595
1596
1775
1776
1778
1599
1601
1780
1599
1657
1781
1601
1603
1782
1783
1603
1605
1784
1785
1605
1607
1786
1787
1607
1609
1788
1789
1609
1611
1790
1791
1611
1613
1792
1793
1613
1615
1794
1795
1615
1617
1796
1797
1617
1619
1798
1799
1619
1621
1800
1801
1621
1623
1802
1803
1623
1624
1804
1805
1807
1626
1645
1658
1659
1718
1660
1811
1660
1812
1810
1821
1811
1817
1812
1818
1633
1635
1639
1634
1724
1916
1635
1815
1917
1816
1822
1817
1823
1818
1824
1821
1830
1822
1826
1823
1827
1824
1828
1826
1831
1827
1832
1828
1833
1829
1834
1830
1838
1831
1835
1832
1836
1833
1837
1834
1838
1835
1839
1836
1840
1837
1841
1839
1842
1840
1842
1662
1808
1779
1974
1659
1825
1829
1720
1722
1848
1663
1665
1852
1663
1813
1849
1853
1665
1667
1854
1855
1667
1669
1856
1857
1669
1671
1858
1859
1671
1673
1860
1861
1673
1675
1862
1863
1675
1677
1864
1865
1677
1679
1866
1867
1679
1681
1868
1869
1681
1683
1870
1871
1683
1685
1872
1873
1685
1687
1874
1875
1687
1689
1876
1877
1689
1691
1878
1879
1691
1693
1880
1881
1693
1695
1882
1883
1695
1697
1884
1885
1697
1699
1886
1887
1699
1701
1888
1889
1701
1703
1890
1891
1703
1705
1892
1893
1705
1707
1894
1895
1707
1709
1896
1897
1709
1711
1898
1899
1711
1713
1900
1901
1713
1715
1902
1903
1715
1717
1904
1905
1717
1719
1906
1907
1719
1722
1908
1909
1721
1820
1825
1722
1819
1910
1911
1724
1726
1918
1919
1726
1728
1920
1921
1728
1730
1922
1923
1730
1732
1924
1925
1732
1734
1926
1927
1734
1736
1928
1929
1736
1738
1930
1931
1738
1740
1932
1933
1740
1742
1934
1935
1742
1744
1936
1937
1744
1746
1938
1939
1746
1748
1940
1941
1748
1750
1942
1943
1750
1752
1944
1945
1752
1754
1946
1947
1754
1756
1948
1949
1756
1758
1950
1951
1758
1760
1952
1953
1760
1762
1954
1955
1762
1764
1956
1957
1764
1766
1958
1959
1766
1768
1960
1961
1768
1770
1962
1963
1770
1772
1964
1965
1772
1774
1966
1967
1774
1776
1968
1969
1776
1778
1970
1971
1778
1779
1972
1973
1975
1781
1783
1976
1977
1783
1785
1978
1979
1785
1787
1980
1981
1787
1789
1982
1983
1789
1791
1984
1985
1791
1793
1986
1987
1793
1795
1988
1989
1795
1797
1990
1991
1797
1799
1992
1993
1799
1801
1994
1995
1801
1803
1996
1997
1803
1805
1998
1999
1805
1807
2000
2001
1807
1809
2002
2003
1809
1813
2004
2005
1841
2016
1848
2008
1848
2009
1851
2006
1977
2175
1816
1846
1913
2007
2017
2008
2018
2009
2019
1820
1843
1912
2015
2020
2016
2025
2017
2021
2018
2022
2019
2023
2020
2024
2021
2026
2022
2027
2023
2028
2024
2029
2025
2033
2026
2030
2027
2031
2028
2032
2029
2034
2030
2035
2031
2036
2032
2037
2033
2034
2035
2038
2036
2039
2037
2209
2038
2039
1844
2010
2015
1845
1912
2106
2010
2011
6396
1847
1915
2007
1914
2042
2043
1851
1853
2044
1851
2006
2014
2045
2045
1853
1855
2046
2047
1855
1857
2048
2049
1857
1859
2050
2051
1859
1861
2052
2053
1861
1863
2054
2055
1863
1865
2056
2057
1865
1867
2058
2059
1867
1869
2060
2061
1869
1871
2062
2063
1871
1873
2064
2065
1873
1875
2066
2067
1875
1877
2068
2069
1877
1879
2070
2071
1879
1881
2072
2073
1881
1883
2074
2075
1883
1885
2076
2077
1885
1887
2078
2079
1887
1889
2080
2081
1889
1891
2082
2083
1891
1893
2084
2085
1893
1895
2086
2087
1895
1897
2088
2089
1897
1899
2090
2091
1899
1901
2092
2093
1901
1903
2094
2095
1903
1905
2096
2097
1905
1907
2098
2099
1907
1909
2100
2101
1909
1911
2102
2103
1911
1912
2104
2105
2107
1915
1917
2112
1915
2040
2113
2114
1917
1919
2115
2116
1919
1921
2117
2118
1921
1923
2119
2120
1923
1925
2121
2122
1925
1927
2123
2124
1927
1929
2125
2126
1929
1931
2127
2128
1931
1933
2129
2130
1933
1935
2131
2132
1935
1937
2133
2134
1937
1939
2135
2136
1939
1941
2137
2138
1941
1943
2139
2140
1943
1945
2141
2142
1945
1947
2143
2144
1947
1949
2145
2146
1949
1951
2147
2148
1951
1953
2149
2150
1953
1955
2151
2152
1955
1957
2153
2154
1957
1959
2155
2156
1959
1961
2157
2158
1961
1963
2159
2160
1963
1965
2161
2162
1965
1967
2163
2164
1967
1969
2165
2166
1969
1971
2167
2168
1971
1973
2169
2170
1973
1975
2171
2172
1975
2173
2174
1977
1979
2177
2178
1979
1981
2179
2180
1981
1983
2181
2182
1983
1985
2183
2184
1985
1987
2185
2186
1987
1989
2187
2188
1989
1991
2189
2190
1991
1993
2191
2192
1993
1995
2193
2194
1995
1997
2195
2196
1997
1999
2197
2198
1999
2001
2199
2200
2001
2003
2201
2202
2003
2005
2203
2204
2005
2006
2205
2206
2207
2042
2210
2043
2211
2043
2212
2011
2208
2012
2108
2109
2110
6396
2176
2382
2385
2207
2213
2417
2208
2215
2209
2225
2210
2216
2211
2217
2212
2218
2215
2222
2216
2226
2217
2227
2218
2228
2222
2229
2225
2233
2226
2230
2227
2231
2228
2232
2229
2234
2230
2235
2231
2236
2232
2237
2233
2238
2234
2238
2235
2239
2236
2240
2237
2241
2239
2244
2240
2244
2214
2316
2042
2224
2246
2247
2248
2045
2047
2249
2250
2047
2049
2251
2252
2049
2051
2253
2254
2051
2053
2255
2256
2053
2055
2257
2258
2055
2057
2259
2260
2057
2059
2261
2262
2059
2061
2263
2264
2061
2063
2265
2266
2063
2065
2267
2268
2065
2067
2269
2270
2067
2069
2271
2272
2069
2071
2273
2274
2071
2073
2275
2276
2073
2075
2277
2278
2075
2077
2279
2280
2077
2079
2281
2282
2079
2081
2283
2284
2081
2083
2285
2286
2083
2085
2287
2288
2085
2087
2289
2290
2087
2089
2291
2292
2089
2091
2293
2294
2091
2093
2295
2296
2093
2095
2297
2298
2095
2097
2299
2300
2097
2099
2301
2302
2099
2101
2303
2304
2101
2103
2305
2306
2103
2105
2307
2308
2105
2107
2309
2310
2107
2111
2311
2312
2109
2208
2242
2220
2243
2111
2221
2313
2314
6396
2114
2116
2320
2114
2214
2318
2321
2116
2118
2322
2323
2118
2120
2324
2325
2120
2122
2326
2327
2122
2124
2328
2329
2124
2126
2330
2331
2126
2128
2332
2333
2128
2130
2334
2335
2130
2132
2336
2337
2132
2134
2338
2339
2134
2136
2340
2341
2136
2138
2342
2343
2138
2140
2344
2345
2140
2142
2346
2347
2142
2144
2348
2349
2144
2146
2350
2351
2146
2148
2352
2353
2148
2150
2354
2355
2150
2152
2356
2357
2152
2154
2358
2359
2154
2156
2360
2361
2156
2158
2362
2363
2158
2160
2364
2365
2160
2162
2366
2367
2162
2164
2368
2369
2164
2166
2370
2371
2166
2168
2372
2373
2168
2170
2374
2375
2170
2172
2376
2377
2172
2174
2378
2379
2174
2380
2381
2176
2178
2384
2386
2178
2180
2387
2388
2180
2182
2389
2390
2182
2184
2391
2392
2184
2186
2393
2394
2186
2188
2395
2396
2188
2190
2397
2398
2190
2192
2399
2400
2192
2194
2401
2402
2194
2196
2403
2404
2196
2198
2405
2406
2198
2200
2407
2408
2200
2202
2409
2410
2202
2204
2411
2412
2204
2206
2413
2414
2206
2207
2415
2416
2418
2420
2241
2432
2247
2421
2248
2422
2248
2423
2250
2419
2424
2315
2319
2420
2427
2421
2433
2422
2434
2423
2435
2419
2424
2639
2690
2221
2245
2453
2425
2529
2427
2436
2224
2316
2430
2431
2455
2432
2440
2433
2437
2434
2438
2435
2439
2436
2442
2437
2443
2438
2444
2439
2445
2440
2450
2442
2446
2443
2447
2444
2448
2445
2449
2446
2450
2447
2451
2448
2452
2449
2646
2243
2420
2429
2245
2428
2451
2452
2441
2457
2247
2454
2455
2458
2459
2250
2252
2460
2461
2252
2254
2462
2463
2254
2256
2464
2465
2256
2258
2466
2467
2258
2260
2468
2469
2260
2262
2470
2471
2262
2264
2472
2473
2264
2266
2474
2475
2266
2268
2476
2477
2268
2270
2478
2479
2270
2272
2480
2481
2272
2274
2482
2483
2274
2276
2484
2485
2276
2278
2486
2487
2278
2280
2488
2489
2280
2282
2490
2491
2282
2284
2492
2493
2284
2286
2494
2495
2286
2288
2496
2497
2288
2290
2498
2499
2290
2292
2500
2501
2292
2294
2502
2503
2294
2296
2504
2505
2296
2298
2506
2507
2298
2300
2508
2509
2300
2302
2510
2511
2302
2304
2512
2513
2304
2306
2514
2515
2306
2308
2516
2517
2308
2310
2518
2519
2310
2312
2520
2521
2312
2314
2522
2523
2314
2425
2524
2525
2316
2317
2530
2531
2319
2532
2534
2319
2321
2535
2536
2321
2323
2537
2538
2323
2325
2539
2540
2325
2327
2541
2542
2327
2329
2543
2544
2329
2331
2545
2546
2331
2333
2547
2548
2333
2335
2549
2550
2335
2337
2551
2552
2337
2339
2553
2554
2339
2341
2555
2556
2341
2343
2557
2558
2343
2345
2559
2560
2345
2347
2561
2562
2347
2349
2563
2564
2349
2351
2565
2566
2351
2353
2567
2568
2353
2355
2569
2570
2355
2357
2571
2572
2357
2359
2573
2574
2359
2361
2575
2576
2361
2363
2577
2578
2363
2365
2579
2580
2365
2367
2581
2582
2367
2369
2583
2584
2369
2371
2585
2586
2371
2373
2587
2588
2373
2375
2589
2590
2375
2377
2591
2592
2377
2379
2593
2594
2379
2381
2595
2596
2381
2383
2597
2598
2383
2426
2599
2600
2386
2388
2605
2386
2426
2602
2606
2388
2390
2607
2608
2390
2392
2609
2610
2392
2394
2611
2612
2394
2396
2613
2614
2396
2398
2615
2616
2398
2400
2617
2618
2400
2402
2619
2620
2402
2404
2621
2622
2404
2406
2623
2624
2406
2408
2625
2626
2408
2410
2627
2628
2410
2412
2629
2630
2412
2414
2631
2632
2414
2416
2633
2634
2416
2418
2635
2636
2418
2419
2637
2638
2640
2641
2458
2648
2459
2649
2459
2650
2461
2689
2526
2528
2601
2604
2641
2651
2429
2441
2674
2641
2673
2431
2531
2760
2642
2762
2646
2657
2648
2652
2649
2653
2650
2654
2651
2669
2652
2670
2653
2671
2654
2672
2657
2679
2658
2889
2669
2675
2670
2676
2671
2677
2672
2678
2675
2680
2676
2683
2677
2684
2678
2685
2679
2680
2683
2686
2684
2686
2457
2529
2659
2456
2458
2647
2456
2642
2643
2645
2658
2660
2687
2688
2461
2463
2691
2692
2463
2465
2693
2694
2465
2467
2695
2696
2467
2469
2697
2698
2469
2471
2699
2700
2471
2473
2701
2702
2473
2475
2703
2704
2475
2477
2705
2706
2477
2479
2707
2708
2479
2481
2709
2710
2481
2483
2711
2712
2483
2485
2713
2714
2485
2487
2715
2716
2487
2489
2717
2718
2489
2491
2719
2720
2491
2493
2721
2722
2493
2495
2723
2724
2495
2497
2725
2726
2497
2499
2727
2728
2499
2501
2729
2730
2501
2503
2731
2732
2503
2505
2733
2734
2505
2507
2735
2736
2507
2509
2737
2738
2509
2511
2739
2740
2511
2513
2741
2742
2513
2515
2743
2744
2515
2517
2745
2746
2517
2519
2747
2748
2519
2521
2749
2750
2521
2523
2751
2752
2523
2525
2753
2754
2525
2528
2755
2756
2527
2529
2655
2528
2656
2757
2758
2759
2531
2534
2763
2764
2533
2536
2661
2534
2662
2765
2766
2536
2538
2767
2768
2538
2540
2769
2770
2540
2542
2771
2772
2542
2544
2773
2774
2544
2546
2775
2776
2546
2548
2777
2778
2548
2550
2779
2780
2550
2552
2781
2782
2552
2554
2783
2784
2554
2556
2785
2786
2556
2558
2787
2788
2558
2560
2789
2790
2560
2562
2791
2792
2562
2564
2793
2794
2564
2566
2795
2796
2566
2568
2797
2798
2568
2570
2799
2800
2570
2572
2801
2802
2572
2574
2803
2804
2574
2576
2805
2806
2576
2578
2807
2808
2578
2580
2809
2810
2580
2582
2811
2812
2582
2584
2813
2814
2584
2586
2815
2816
2586
2588
2817
2818
2588
2590
2819
2820
2590
2592
2821
2822
2592
2594
2823
2824
2594
2596
2825
2826
2596
2598
2827
2828
2598
2600
2829
2830
2600
2601
2831
2832
2603
2833
2604
2606
2834
2604
2663
2664
2835
2606
2608
2836
2837
2608
2610
2838
2839
2610
2612
2840
2841
2612
2614
2842
2843
2614
2616
2844
2845
2616
2618
2846
2847
2618
2620
2848
2849
2620
2622
2850
2851
2622
2624
2852
2853
2624
2626
2854
2855
2626
2628
2856
2857
2628
2630
2858
2859
2630
2632
2860
2861
2632
2634
2862
2863
2634
2636
2864
2865
2636
2638
2866
2867
2638
2640
2868
2869
2640
2666
2667
2870
2871
2645
2761
2644
2647
2681
2645
2682
2906
2872
2685
2878
2687
2873
2687
2874
2688
2875
2688
2876
2871
2885
2874
2886
2875
2887
2876
2888
2656
2759
2983
2877
2984
2878
2896
2879
3118
2660
2759
2985
2879
2989
2662
2768
3000
2880
3001
2665
2835
3069
2665
2833
2881
2882
3071
2668
2690
2883
2668
2870
3108
2884
3111
2885
2890
2886
2891
2887
2892
2888
2893
2674
2871
2894
2889
2895
2890
2897
2891
2900
2892
2901
2893
2902
2896
2903
2897
2903
2682
2873
2898
2899
2907
2900
2904
2901
2905
2902
2987
2904
2905
2908
2909
2690
2692
2910
2911
2692
2694
2912
2913
2694
2696
2914
2915
2696
2698
2916
2917
2698
2700
2918
2919
2700
2702
2920
2921
2702
2704
2922
2923
2704
2706
2924
2925
2706
2708
2926
2927
2708
2710
2928
2929
2710
2712
2930
2931
2712
2714
2932
2933
2714
2716
2934
2935
2716
2718
2936
2937
2718
2720
2938
2939
2720
2722
2940
2941
2722
2724
2942
2943
2724
2726
2944
2945
2726
2728
2946
2947
2728
2730
2948
2949
2730
2732
2950
2951
2732
2734
2952
2953
2734
2736
2954
2955
2736
2738
2956
2957
2738
2740
2958
2959
2740
2742
2960
2961
2742
2744
2962
2963
2744
2746
2964
2965
2746
2748
2966
2967
2748
2750
2968
2969
2750
2752
2970
2971
2752
2754
2972
2973
2754
2756
2974
2975
2756
2758
2976
2977
2758
2877
2978
2979
2986
2762
2764
2990
2762
2872
2991
2992
2764
2766
2993
2994
2766
2880
2995
2996
2768
2770
3002
3003
2770
2772
3004
3005
2772
2774
3006
3007
2774
2776
3008
3009
2776
2778
3010
3011
2778
2780
3012
3013
2780
2782
3014
3015
2782
2784
3016
3017
2784
2786
3018
3019
2786
2788
3020
3021
2788
2790
3022
3023
2790
2792
3024
3025
2792
2794
3026
3027
2794
2796
3028
3029
2796
2798
3030
3031
2798
2800
3032
3033
2800
2802
3034
3035
2802
2804
3036
3037
2804
2806
3038
3039
2806
2808
3040
3041
2808
2810
3042
3043
2810
2812
3044
3045
2812
2814
3046
3047
2814
2816
3048
3049
2816
2818
3050
3051
2818
2820
3052
3053
2820
2822
3054
3055
2822
2824
3056
3057
2824
2826
3058
3059
2826
2828
3060
3061
2828
2830
3062
3063
2830
2832
3064
3065
2832
2833
3066
3067
3068
2835
2837
3072
3073
2837
2839
3074
3075
2839
2841
3076
3077
2841
2843
3078
3079
2843
2845
3080
3081
2845
2847
3082
3083
2847
2849
3084
3085
2849
2851
3086
3087
2851
2853
3088
3089
2853
2855
3090
3091
2855
2857
3092
3093
2857
2859
3094
3095
2859
2861
3096
3097
2861
2863
3098
3099
2863
2865
3100
3101
2865
2867
3102
3103
2867
2869
3104
3105
2869
2870
3106
3107
3109
3112
2906
3113
2908
3114
2908
3115
2909
3116
2909
3117
2980
2982
2987
3128
2988
3157
2997
2999
2882
3068
3316
3070
3318
2884
2911
3158
3110
3159
3112
3119
3115
3120
3116
3121
3117
3122
3118
3123
3119
3135
3120
3137
3121
3138
3122
3139
2895
3112
3140
3123
3141
3128
3143
3135
3142
2899
3114
3147
3136
3148
3137
3144
3138
3145
3139
3146
3142
3143
3144
3149
3145
3149
2907
3153
3136
3154
3155
3156
2911
2913
3160
3161
2913
2915
3162
3163
2915
2917
3164
3165
2917
2919
3166
3167
2919
2921
3168
3169
2921
2923
3170
3171
2923
2925
3172
3173
2925
2927
3174
3175
2927
2929
3176
3177
2929
2931
3178
3179
2931
2933
3180
3181
2933
2935
3182
3183
2935
2937
3184
3185
2937
2939
3186
3187
2939
2941
3188
3189
2941
2943
3190
3191
2943
2945
3192
3193
2945
2947
3194
3195
2947
2949
3196
3197
2949
2951
3198
3199
2951
2953
3200
3201
2953
2955
3202
3203
2955
2957
3204
3205
2957
2959
3206
3207
2959
2961
3208
3209
2961
2963
3210
3211
2963
2965
3212
3213
2965
2967
3214
3215
2967
2969
3216
3217
2969
2971
3218
3219
2971
2973
3220
3221
2973
2975
3222
3223
2975
2977
3224
3225
2977
2979
3226
3227
2979
2982
3228
3229
2981
2984
3124
2982
3125
3230
3231
2984
2986
3232
3233
2986
2989
3234
3235
3146
3371
2989
3150
3151
3236
2992
2994
3240
2992
3113
3237
3241
2994
2996
3242
3243
2996
2999
3244
3245
2998
3001
3126
2999
3127
3246
3247
3001
3003
3248
3249
3003
3005
3250
3251
3005
3007
3252
3253
3007
3009
3254
3255
3009
3011
3256
3257
3011
3013
3258
3259
3013
3015
3260
3261
3015
3017
3262
3263
3017
3019
3264
3265
3019
3021
3266
3267
3021
3023
3268
3269
3023
3025
3270
3271
3025
3027
3272
3273
3027
3029
3274
3275
3029
3031
3276
3277
3031
3033
3278
3279
3033
3035
3280
3281
3035
3037
3282
3283
3037
3039
3284
3285
3039
3041
3286
3287
3041
3043
3288
3289
3043
3045
3290
3291
3045
3047
3292
3293
3047
3049
3294
3295
3049
3051
3296
3297
3051
3053
3298
3299
3053
3055
3300
3301
3055
3057
3302
3303
3057
3059
3304
3305
3059
3061
3306
3307
3061
3063
3308
3309
3063
3065
3310
3311
3065
3067
3312
3313
3067
3068
3314
3315
3317
3071
3073
3319
3071
3129
3130
3320
3073
3075
3321
3322
3075
3077
3323
3324
3077
3079
3325
3326
3079
3081
3327
3328
3081
3083
3329
3330
3083
3085
3331
3332
3085
3087
3333
3334
3087
3089
3335
3336
3089
3091
3337
3338
3091
3093
3339
3340
3093
3095
3341
3342
3095
3097
3343
3344
3097
3099
3345
3346
3099
3101
3347
3348
3101
3103
3349
3350
3103
3105
3351
3352
3105
3107
3353
3354
3107
3109
3355
3356
3109
3111
3357
3358
3111
3132
3133
3359
3360
3153
3239
3155
3362
3155
3363
3156
3364
3156
3365
3157
3366
3360
3376
3363
3378
3364
3379
3365
3380
3366
3381
3125
3233
3478
3369
3479
3127
3249
3500
3370
3501
3371
3383
3131
3320
3576
3131
3318
3372
3373
3578
3134
3159
3374
3134
3359
3619
3375
3622
3376
3382
3377
3387
3378
3384
3379
3385
3380
3386
3141
3360
3395
3381
3392
3382
3388
3383
3388
3384
3389
3385
3390
3386
3573
3148
3362
3574
3387
3575
3389
3390
3152
3157
3368
3152
3236
3484
3367
3486
3154
3238
3361
3377
3398
3399
3400
3159
3161
3401
3402
3161
3163
3403
3404
3163
3165
3405
3406
3165
3167
3407
3408
3167
3169
3409
3410
3169
3171
3411
3412
3171
3173
3413
3414
3173
3175
3415
3416
3175
3177
3417
3418
3177
3179
3419
3420
3179
3181
3421
3422
3181
3183
3423
3424
3183
3185
3425
3426
3185
3187
3427
3428
3187
3189
3429
3430
3189
3191
3431
3432
3191
3193
3433
3434
3193
3195
3435
3436
3195
3197
3437
3438
3197
3199
3439
3440
3199
3201
3441
3442
3201
3203
3443
3444
3203
3205
3445
3446
3205
3207
3447
3448
3207
3209
3449
3450
3209
3211
3451
3452
3211
3213
3453
3454
3213
3215
3455
3456
3215
3217
3457
3458
3217
3219
3459
3460
3219
3221
3461
3462
3221
3223
3463
3464
3223
3225
3465
3466
3225
3227
3467
3468
3227
3229
3469
3470
3229
3231
3471
3472
3231
3369
3473
3474
3233
3235
3480
3481
3235
3236
3482
3483
3485
3239
3241
3487
3239
3361
3393
3488
3241
3243
3489
3490
3243
3245
3491
3492
3245
3247
3493
3494
3247
3370
3495
3496
3249
3251
3502
3503
3251
3253
3504
3505
3253
3255
3506
3507
3255
3257
3508
3509
3257
3259
3510
3511
3259
3261
3512
3513
3261
3263
3514
3515
3263
3265
3516
3517
3265
3267
3518
3519
3267
3269
3520
3521
3269
3271
3522
3523
3271
3273
3524
3525
3273
3275
3526
3527
3275
3277
3528
3529
3277
3279
3530
3531
3279
3281
3532
3533
3281
3283
3534
3535
3283
3285
3536
3537
3285
3287
3538
3539
3287
3289
3540
3541
3289
3291
3542
3543
3291
3293
3544
3545
3293
3295
3546
3547
3295
3297
3548
3549
3297
3299
3550
3551
3299
3301
3552
3553
3301
3303
3554
3555
3303
3305
3556
3557
3305
3307
3558
3559
3307
3309
3560
3561
3309
3311
3562
3563
3311
3313
3564
3565
3313
3315
3566
3567
3315
3317
3568
3569
3317
3318
3570
3571
3572
3320
3322
3579
3580
3322
3324
3581
3582
3324
3326
3583
3584
3326
3328
3585
3586
3328
3330
3587
3588
3330
3332
3589
3590
3332
3334
3591
3592
3334
3336
3593
3594
3336
3338
3595
3596
3338
3340
3597
3598
3340
3342
3599
3600
3342
3344
3601
3602
3344
3346
3603
3604
3346
3348
3605
3606
3348
3350
3607
3608
3350
3352
3609
3610
3352
3354
3611
3612
3354
3356
3613
3614
3356
3358
3615
3616
3358
3359
3617
3618
3620
3623
3394
3624
3398
3625
3398
3626
3399
3627
3399
3628
3400
3629
3368
3391
3396
3400
3630
3475
3477
3497
3499
3573
3632
3373
3572
3841
3577
3843
3375
3402
3668
3621
3669
3623
3631
3624
3638
3626
3633
3627
3634
3628
3635
3629
3639
3631
3646
3632
3657
3633
3647
3634
3648
3635
3649
3638
3650
3646
3657
3647
3658
3648
3658
3397
3630
3641
3395
3639
3659
3394
3488
3636
3637
3663
3623
3664
3397
3486
3754
3640
3756
3665
3666
3667
3402
3404
3670
3671
3404
3406
3672
3673
3406
3408
3674
3675
3408
3410
3676
3677
3410
3412
3678
3679
3412
3414
3680
3681
3414
3416
3682
3683
3416
3418
3684
3685
3418
3420
3686
3687
3420
3422
3688
3689
3422
3424
3690
3691
3424
3426
3692
3693
3426
3428
3694
3695
3428
3430
3696
3697
3430
3432
3698
3699
3432
3434
3700
3701
3434
3436
3702
3703
3436
3438
3704
3705
3438
3440
3706
3707
3440
3442
3708
3709
3442
3444
3710
3711
3444
3446
3712
3713
3446
3448
3714
3715
3448
3450
3716
3717
3450
3452
3718
3719
3452
3454
3720
3721
3454
3456
3722
3723
3456
3458
3724
3725
3458
3460
3726
3727
3460
3462
3728
3729
3462
3464
3730
3731
3464
3466
3732
3733
3466
3468
3734
3735
3468
3470
3736
3737
3470
3472
3738
3739
3472
3474
3740
3741
3474
3477
3742
3743
3476
3479
3642
3477
3643
3744
3745
3479
3481
3746
3747
3481
3483
3748
3749
3483
3485
3750
3751
3485
3486
3752
3753
3755
3488
3490
3757
3758
3490
3492
3759
3760
3492
3494
3761
3762
3494
3496
3763
3764
3496
3499
3765
3766
3498
3501
3644
3499
3645
3767
3768
3501
3503
3769
3770
3503
3505
3771
3772
3505
3507
3773
3774
3507
3509
3775
3776
3509
3511
3777
3778
3511
3513
3779
3780
3513
3515
3781
3782
3515
3517
3783
3784
3517
3519
3785
3786
3519
3521
3787
3788
3521
3523
3789
3790
3523
3525
3791
3792
3525
3527
3793
3794
3527
3529
3795
3796
3529
3531
3797
3798
3531
3533
3799
3800
3533
3535
3801
3802
3535
3537
3803
3804
3537
3539
3805
3806
3539
3541
3807
3808
3541
3543
3809
3810
3543
3545
3811
3812
3545
3547
3813
3814
3547
3549
3815
3816
3549
3551
3817
3818
3551
3553
3819
3820
3553
3555
3821
3822
3555
3557
3823
3824
3557
3559
3825
3826
3559
3561
3827
3828
3561
3563
3829
3830
3563
3565
3831
3832
3565
3567
3833
3834
3567
3569
3835
3836
3569
3571
3837
3838
3571
3572
3839
3840
3842
3649
3890
3575
3625
3891
3650
3926
3578
3580
3844
3578
3654
3655
3845
3580
3582
3846
3847
3582
3584
3848
3849
3584
3586
3850
3851
3586
3588
3852
3853
3588
3590
3854
3855
3590
3592
3856
3857
3592
3594
3858
3859
3594
3596
3860
3861
3596
3598
3862
3863
3598
3600
3864
3865
3600
3602
3866
3867
3602
3604
3868
3869
3604
3606
3870
3871
3606
3608
3872
3873
3608
3610
3874
3875
3610
3612
3876
3877
3612
3614
3878
3879
3614
3616
3880
3881
3616
3618
3882
3883
3618
3620
3884
3885
3620
3622
3886
3887
3622
3651
3652
3888
3889
3663
3897
3665
3892
3665
3893
3666
3894
3666
3895
3667
3898
3667
3899
3889
3902
3890
3923
3893
3905
3894
3906
3895
3907
3637
3758
4031
3896
4032
3897
3908
3898
3909
3641
3660
3661
3899
3910
3643
3747
4016
3900
4017
3645
3770
4048
3901
4049
3902
3919
3905
3920
3906
3921
3907
3922
3908
3927
3653
3669
3911
3653
3888
3913
3912
3914
3656
3845
3915
3656
3843
3917
3916
3918
3919
3923
3920
3921
3664
3909
3924
3662
3756
3903
3662
3910
3925
3904
3928
3896
3933
3889
3929
3930
3931
3934
3669
3671
3935
3936
3671
3673
3937
3938
3673
3675
3939
3940
3675
3677
3941
3942
3677
3679
3943
3944
3679
3681
3945
3946
3681
3683
3947
3948
3683
3685
3949
3950
3685
3687
3951
3952
3687
3689
3953
3954
3689
3691
3955
3956
3691
3693
3957
3958
3693
3695
3959
3960
3695
3697
3961
3962
3697
3699
3963
3964
3699
3701
3965
3966
3701
3703
3967
3968
3703
3705
3969
3970
3705
3707
3971
3972
3707
3709
3973
3974
3709
3711
3975
3976
3711
3713
3977
3978
3713
3715
3979
3980
3715
3717
3981
3982
3717
3719
3983
3984
3719
3721
3985
3986
3721
3723
3987
3988
3723
3725
3989
3990
3725
3727
3991
3992
3727
3729
3993
3994
3729
3731
3995
3996
3731
3733
3997
3998
3733
3735
3999
4000
3735
3737
4001
4002
3737
3739
4003
4004
3739
3741
4005
4006
3741
3743
4007
4008
3743
3745
4009
4010
3745
3900
4011
4012
3747
3749
4018
4019
3749
3751
4020
4021
3751
3753
4022
4023
3753
3755
4024
4025
3755
3756
4026
4027
4028
3758
3760
4033
4034
3760
3762
4035
4036
3762
3764
4037
4038
3764
3766
4039
4040
3766
3768
4041
4042
3768
3901
4043
4044
3770
3772
4050
4051
3772
3774
4052
4053
3774
3776
4054
4055
3776
3778
4056
4057
3778
3780
4058
4059
3780
3782
4060
4061
3782
3784
4062
4063
3784
3786
4064
4065
3786
3788
4066
4067
3788
3790
4068
4069
3790
3792
4070
4071
3792
3794
4072
4073
3794
3796
4074
4075
3796
3798
4076
4077
3798
3800
4078
4079
3800
3802
4080
4081
3802
3804
4082
4083
3804
3806
4084
4085
3806
3808
4086
4087
3808
3810
4088
4089
3810
3812
4090
4091
3812
3814
4092
4093
3814
3816
4094
4095
3816
3818
4096
4097
3818
3820
4098
4099
3820
3822
4100
4101
3822
3824
4102
4103
3824
3826
4104
4105
3826
3828
4106
4107
3828
3830
4108
4109
3830
3832
4110
4111
3832
3834
4112
4113
3834
3836
4114
4115
3836
3838
4116
4117
3838
3840
4118
4119
3840
3842
4120
4121
3842
3843
4122
4123
4124
3845
3847
4125
4126
3847
3849
4127
4128
3849
3851
4129
4130
3851
3853
4131
4132
3853
3855
4133
4134
3855
3857
4135
4136
3857
3859
4137
4138
3859
3861
4139
4140
3861
3863
4141
4142
3863
3865
4143
4144
3865
3867
4145
4146
3867
3869
4147
4148
3869
3871
4149
4150
3871
3873
4151
4152
3873
3875
4153
4154
3875
3877
4155
4156
3877
3879
4157
4158
3879
3881
4159
4160
3881
3883
4161
4162
3883
3885
4163
4164
3885
3887
4165
4166
3887
3888
4167
4168
4169
4170
3922
4197
3892
3926
4172
3930
4173
3930
4174
3931
4175
3931
4176
3932
4029
3933
4178
3934
4179
3934
4180
4013
4015
4045
4047
4170
4183
3904
4028
4304
4171
4307
4174
4184
4175
4185
4176
4186
4178
4187
4179
4188
4180
4189
3912
3936
4209
4181
4211
3914
4169
4455
4181
4458
3916
4126
4408
4182
4410
3918
4124
4404
4182
4407
4183
4196
4184
4200
4185
4200
4186
4486
4196
4197
3929
4188
4195
3928
4189
4199
3927
4461
4187
4460
4171
4198
4170
4194
4205
4206
3933
4030
4177
4207
4208
3936
3938
4212
4213
3938
3940
4214
4215
3940
3942
4216
4217
3942
3944
4218
4219
3944
3946
4220
4221
3946
3948
4222
4223
3948
3950
4224
4225
3950
3952
4226
4227
3952
3954
4228
4229
3954
3956
4230
4231
3956
3958
4232
4233
3958
3960
4234
4235
3960
3962
4236
4237
3962
3964
4238
4239
3964
3966
4240
4241
3966
3968
4242
4243
3968
3970
4244
4245
3970
3972
4246
4247
3972
3974
4248
4249
3974
3976
4250
4251
3976
3978
4252
4253
3978
3980
4254
4255
3980
3982
4256
4257
3982
3984
4258
4259
3984
3986
4260
4261
3986
3988
4262
4263
3988
3990
4264
4265
3990
3992
4266
4267
3992
3994
4268
4269
3994
3996
4270
4271
3996
3998
4272
4273
3998
4000
4274
4275
4000
4002
4276
4277
4002
4004
4278
4279
4004
4006
4280
4281
4006
4008
4282
4283
4008
4010
4284
4285
4010
4012
4286
4287
4012
4015
4288
4289
4014
4017
4190
4015
4191
4290
4291
4017
4019
4292
4293
4019
4021
4294
4295
4021
4023
4296
4297
4023
4025
4298
4299
4025
4027
4300
4301
4027
4028
4302
4303
4305
4030
4032
4310
4311
6395
4032
4034
4312
4313
4034
4036
4314
4315
4036
4038
4316
4317
4038
4040
4318
4319
4040
4042
4320
4321
4042
4044
4322
4323
4044
4047
4324
4325
4046
4049
4192
4047
4193
4326
4327
4049
4051
4328
4329
4051
4053
4330
4331
4053
4055
4332
4333
4055
4057
4334
4335
4057
4059
4336
4337
4059
4061
4338
4339
4061
4063
4340
4341
4063
4065
4342
4343
4065
4067
4344
4345
4067
4069
4346
4347
4069
4071
4348
4349
4071
4073
4350
4351
4073
4075
4352
4353
4075
4077
4354
4355
4077
4079
4356
4357
4079
4081
4358
4359
4081
4083
4360
4361
4083
4085
4362
4363
4085
4087
4364
4365
4087
4089
4366
4367
4089
4091
4368
4369
4091
4093
4370
4371
4093
4095
4372
4373
4095
4097
4374
4375
4097
4099
4376
4377
4099
4101
4378
4379
4101
4103
4380
4381
4103
4105
4382
4383
4105
4107
4384
4385
4107
4109
4386
4387
4109
4111
4388
4389
4111
4113
4390
4391
4113
4115
4392
4393
4115
4117
4394
4395
4117
4119
4396
4397
4119
4121
4398
4399
4121
4123
4400
4401
4123
4124
4402
4403
4405
4126
4128
4411
4412
4128
4130
4413
4414
4130
4132
4415
4416
4132
4134
4417
4418
4134
4136
4419
4420
4136
4138
4421
4422
4138
4140
4423
4424
4140
4142
4425
4426
4142
4144
4427
4428
4144
4146
4429
4430
4146
4148
4431
4432
4148
4150
4433
4434
4150
4152
4435
4436
4152
4154
4437
4438
4154
4156
4439
4440
4156
4158
4441
4442
4158
4160
4443
4444
4160
4162
4445
4446
4162
4164
4447
4448
4164
4166
4449
4450
4166
4168
4451
4452
4168
4169
4453
4454
4456
4459
4201
4306
4173
4202
4461
4205
4462
4205
4463
4206
4464
4206
4465
4207
4466
6395
4207
4467
4208
4468
4208
4469
4210
4457
4406
4409
4459
4475
4463
4485
4464
4484
4465
4503
4467
4482
4468
4474
4469
4477
4191
4293
4706
4470
4707
4193
4329
4652
4471
4653
4195
4459
4514
4474
4515
4475
4476
4476
4486
4199
4201
4203
4477
4478
4484
4485
4204
4309
4462
4483
4204
4478
4479
4308
4492
4493
4494
4502
4211
4213
4791
4211
4473
4793
4792
4213
4215
4789
4790
4215
4217
4787
4788
4217
4219
4785
4786
4219
4221
4783
4784
4221
4223
4781
4782
4223
4225
4779
4780
4225
4227
4777
4778
4227
4229
4775
4776
4229
4231
4773
4774
4231
4233
4771
4772
4233
4235
4769
4770
4235
4237
4767
4768
4237
4239
4765
4766
4239
4241
4763
4764
4241
4243
4761
4762
4243
4245
4759
4760
4245
4247
4757
4758
4247
4249
4755
4756
4249
4251
4753
4754
4251
4253
4751
4752
4253
4255
4749
4750
4255
4257
4747
4748
4257
4259
4745
4746
4259
4261
4743
4744
4261
4263
4741
4742
4263
4265
4739
4740
4265
4267
4737
4738
4267
4269
4735
4736
4269
4271
4733
4734
4271
4273
4731
4732
4273
4275
4729
4730
4275
4277
4727
4728
4277
4279
4725
4726
4279
4281
4723
4724
4281
4283
4721
4722
4283
4285
4719
4720
4285
4287
4717
4718
4287
4289
4715
4716
4289
4291
4713
4714
4291
4470
4711
4712
4293
4295
4704
4705
4295
4297
4702
4703
4297
4299
4700
4701
4299
4301
4698
4699
4301
4303
4696
4697
4303
4305
4694
4695
4305
4307
4692
4693
4307
4309
4690
4691
4309
4688
4689
4311
4313
4673
4674
4313
4315
4671
4672
4315
4317
4669
4670
4317
4319
4667
4668
4319
4321
4665
4666
4321
4323
4663
4664
4323
4325
4661
4662
4325
4327
4659
4660
4327
4471
4657
4658
4329
4331
4650
4651
4331
4333
4648
4649
4333
4335
4646
4647
4335
4337
4644
4645
4337
4339
4642
4643
4339
4341
4640
4641
4341
4343
4638
4639
4343
4345
4636
4637
4345
4347
4634
4635
4347
4349
4632
4633
4349
4351
4630
4631
4351
4353
4628
4629
4353
4355
4626
4627
4355
4357
4624
4625
4357
4359
4622
4623
4359
4361
4620
4621
4361
4363
4618
4619
4363
4365
4616
4617
4365
4367
4614
4615
4367
4369
4612
4613
4369
4371
4610
4611
4371
4373
4608
4609
4373
4375
4606
4607
4375
4377
4604
4605
4377
4379
4602
4603
4379
4381
4600
4601
4381
4383
4598
4599
4383
4385
4596
4597
4385
4387
4594
4595
4387
4389
4592
4593
4389
4391
4590
4591
4391
4393
4588
4589
4393
4395
4586
4587
4395
4397
4584
4585
4397
4399
4582
4583
4399
4401
4580
4581
4401
4403
4578
4579
4403
4405
4576
4577
4405
4407
4574
4575
4407
4472
4572
4573
4410
4412
4566
4410
4472
4568
4567
4412
4414
4564
4565
4414
4416
4562
4563
4416
4418
4560
4561
4418
4420
4558
4559
4420
4422
4556
4557
4422
4424
4554
4555
4424
4426
4552
4553
4426
4428
4550
4551
4428
4430
4548
4549
4430
4432
4546
4547
4432
4434
4544
4545
4434
4436
4542
4543
4436
4438
4540
4541
4438
4440
4538
4539
4440
4442
4536
4537
4442
4444
4534
4535
4444
4446
4532
4533
4446
4448
4530
4531
4448
4450
4528
4529
4450
4452
4526
4527
4452
4454
4524
4525
4454
4456
4522
4523
4456
4458
4520
4521
4458
4473
4518
4519
4513
4461
4482
4506
4505
4492
4799
4492
4798
4493
4801
4493
4800
4494
4805
4494
4804
4502
4811
4502
4810
4708
4710
4654
4656
4569
4571
4517
4794
4516
4811
4513
4802
4512
4802
4511
4810
4510
4511
4509
4510
4481
4488
4676
4508
4805
4507
4804
4505
6077
4504
4801
4504
4798
4503
4512
4491
4509
4803
4489
4490
4677
4490
4508
4806
4499
4678
4495
4686
4819
4818
4814
4496
4685
4803
4497
4684
4815
4498
4683
4807
4500
4682
4808
4501
4679
4806
4501
4681
4809
4680
4813
4812
4800
4826
5129
5130
4506
6078
4507
6079
4922
6081
4920
4923
4917
4925
4914
4917
4914
4918
4826
4927
4514
4817
4515
4816
4516
4822
4824
4919
4518
4795
4930
4519
4931
4520
4932
4521
4933
4522
4934
4523
4935
4524
4936
4525
4937
4526
4938
4527
4939
4528
4940
4529
4941
4530
4942
4531
4943
4532
4944
4533
4945
4534
4946
4535
4947
4536
4948
4537
4949
4538
4950
4539
4951
4540
4952
4541
4953
4542
4954
4543
4955
4544
4956
4545
4957
4546
4958
4547
4959
4548
4960
4549
4961
4550
4962
4551
4963
4552
4964
4553
4965
4554
4966
4555
4967
4556
4968
4557
4969
4558
4970
4559
4971
4560
4972
4561
4973
4562
4974
4563
4975
4564
4976
4565
4977
4566
4978
4567
4979
4568
4980
4569
4981
4570
4982
4571
4983
4985
4572
4986
4573
4987
4574
4988
4575
4989
4576
4990
4577
4991
4578
4992
4579
4993
4580
4994
4581
4995
4582
4996
4583
4997
4584
4998
4585
4999
4586
5000
4587
5001
4588
5002
4589
5003
4590
5004
4591
5005
4592
5006
4593
5007
4594
5008
4595
5009
4596
5010
4597
5011
4598
5012
4599
5013
4600
5014
4601
5015
4602
5016
4603
5017
4604
5018
4605
5019
4606
5020
4607
5021
4608
5022
4609
5023
4610
5024
4611
5025
4612
5026
4613
5027
4614
5028
4615
5029
4616
5030
4617
5031
4618
5032
4619
5033
4620
5034
4621
5035
4622
5036
4623
5037
4624
5038
4625
5039
4626
5040
4627
5041
4628
5042
4629
5043
4630
5044
4631
5045
4632
5046
4633
5047
4634
5048
4635
5049
4636
5050
4637
5051
4638
5052
4639
5053
4640
5054
4641
5055
4642
5056
4643
5057
4644
5058
4645
5059
4646
5060
4647
5061
4648
5062
4649
5063
4650
5064
4651
5065
4652
5066
4653
5067
4654
5068
4655
5069
4656
5070
5072
4657
5073
4658
5074
4659
5075
4660
5076
4661
5077
4662
5078
4663
5079
4664
5080
4665
5081
4666
5082
4667
5083
4668
5084
4669
5085
4670
5086
4671
5087
4672
5088
4673
5089
4674
5090
4675
5091
4676
5092
4677
5093
4678
5094
4679
5095
4680
5096
4681
5097
4682
5098
4683
5099
4684
5100
4685
5101
4686
5102
4687
5103
4688
5104
4689
5105
4690
5106
4691
5107
4692
5108
4693
5109
4694
5110
4695
5111
4696
5112
4697
5113
4698
5114
4699
5115
4700
5116
4701
5117
4702
5118
4703
5119
4704
5120
4705
5121
4706
5122
4707
5123
4708
5124
4709
5125
4710
4913
5126
4711
4912
4712
4911
4713
4910
4714
4909
4715
4908
4716
4907
4717
4906
4718
4905
4719
4904
4720
4903
4721
4902
4722
4901
4723
4900
4724
4899
4725
4898
4726
4897
4727
4896
4728
4895
4729
4894
4730
4893
4731
4892
4732
4891
4733
4890
4734
4889
4735
4888
4736
4887
4737
4886
4738
4885
4739
4884
4740
4883
4741
4882
4742
4881
4743
4880
4744
4879
4745
4878
4746
4877
4747
4876
4748
4875
4749
4874
4750
4873
4751
4872
4752
4871
4753
4870
4754
4869
4755
4868
4756
4867
4757
4866
4758
4865
4759
4864
4760
4863
4761
4862
4762
4861
4763
4860
4764
4859
4765
4858
4766
4857
4767
4856
4768
4855
4769
4854
4770
4853
4771
4852
4772
4851
4773
4850
4774
4849
4775
4848
4776
4847
4777
4846
4778
4845
4779
4844
4780
4843
4781
4842
4782
4841
4783
4840
4784
4839
4785
4838
4786
4837
4787
4836
4788
4835
4789
4834
4790
4833
4791
4832
4792
4831
4793
4830
4794
4829
4796
4828
4796
4797
4929
4797
4827
4820
4928
4819
5130
4819
4825
4818
5128
4818
5129
4817
4927
4815
4925
4814
4922
4814
4923
4813
4920
4808
4815
4924
4809
4915
4813
4921
4812
4918
4812
4919
5430
5429
5428
5427
4817
4822
4926
5426
5132
5131
4821
4827
5133
4928
4823
4824
6065
5432
6064
5131
6074
5128
5433
4828
5134
4829
5135
4830
5136
4831
5137
4832
5138
4833
5139
4834
5140
4835
5141
4836
5142
4837
5143
4838
5144
4839
5145
4840
5146
4841
5147
4842
5148
4843
5149
4844
5150
4845
5151
4846
5152
4847
5153
4848
5154
4849
5155
4850
5156
4851
5157
4852
5158
4853
5159
4854
5160
4855
5161
4856
5162
4857
5163
4858
5164
4859
5165
4860
5166
4861
5167
4862
5168
4863
5169
4864
5170
4865
5171
4866
5172
4867
5173
4868
5174
4869
5175
4870
5176
4871
5177
4872
5178
4873
5179
4874
5180
4875
5181
4876
5182
4877
5183
4878
5184
4879
5185
4880
5186
4881
5187
4882
5188
4883
5189
4884
5190
4885
5191
4886
5192
4887
5193
4888
5194
4889
5195
4890
5196
4891
5197
4892
5198
4893
5199
4894
5200
4895
5201
4896
5202
4897
5203
4898
5204
4899
5205
4900
5206
4901
5207
4902
5208
4903
5209
4904
5210
4905
5211
4906
5212
4907
5213
4908
5214
4909
5215
4910
5216
4911
5217
4912
5218
4913
5219
5127
5220
5439
5440
4916
4924
5437
6072
5436
5439
5430
5440
5430
5432
5429
5434
5429
5431
5428
5435
5428
5434
5427
5437
5427
5436
5426
5450
5426
5433
4929
5370
4930
5371
4931
5372
4932
5373
4933
5374
4934
5375
4935
5376
4936
5377
4937
5378
4938
5379
4939
5380
4940
5381
4941
5382
4942
5383
4943
5384
4944
5385
4945
5386
4946
5387
4947
5388
4948
5389
4949
5390
4950
5391
4951
5392
4952
5393
4953
5394
4954
5395
4955
5396
4956
5397
4957
5398
4958
5399
4959
5400
4960
5401
4961
5402
4962
5403
4963
5404
4964
5405
4965
5406
4966
5407
4967
5408
4968
5409
4969
5410
4970
5411
4971
5412
4972
5413
4973
5414
4974
5415
4975
5416
4976
5417
4977
5418
4978
5419
4979
5420
4980
5421
4981
5422
4982
5423
4983
5424
4984
5425
4985
5281
5369
4986
5282
4987
5283
4988
5284
4989
5285
4990
5286
4991
5287
4992
5288
4993
5289
4994
5290
4995
5291
4996
5292
4997
5293
4998
5294
4999
5295
5000
5296
5001
5297
5002
5298
5003
5299
5004
5300
5005
5301
5006
5302
5007
5303
5008
5304
5009
5305
5010
5306
5011
5307
5012
5308
5013
5309
5014
5310
5015
5311
5016
5312
5017
5313
5018
5314
5019
5315
5020
5316
5021
5317
5022
5318
5023
5319
5024
5320
5025
5321
5026
5322
5027
5323
5028
5324
5029
5325
5030
5326
5031
5327
5032
5328
5033
5329
5034
5330
5035
5331
5036
5332
5037
5333
5038
5334
5039
5335
5040
5336
5041
5337
5042
5338
5043
5339
5044
5340
5045
5341
5046
5342
5047
5343
5048
5344
5049
5345
5050
5346
5051
5347
5052
5348
5053
5349
5054
5350
5055
5351
5056
5352
5057
5353
5058
5354
5059
5355
5060
5356
5061
5357
5062
5358
5063
5359
5064
5360
5065
5361
5066
5362
5067
5363
5068
5364
5069
5365
5070
5366
5071
5367
5072
5279
5280
5073
5278
5074
5277
5075
5276
5076
5275
5077
5274
5078
5273
5079
5272
5080
5271
5081
5270
5082
5269
5083
5268
5084
5267
5085
5266
5086
5265
5087
5264
5088
5263
5089
5262
5090
5261
5091
5260
5092
5259
5093
5258
5094
5257
5095
5256
5096
5255
5097
5254
5098
5253
5099
5252
5100
5251
5101
5250
5102
5249
5103
5248
5104
5247
5105
5246
5106
5245
5107
5244
5108
5243
5109
5242
5110
5241
5111
5240
5112
5239
5113
5238
5114
5237
5115
5236
5116
5235
5117
5234
5118
5233
5119
5232
5120
5231
5121
5230
5122
5229
5123
5228
5124
5227
5125
5226
5126
5225
5127
5224
5221
5223
5132
5446
5132
5445
5131
5445
5751
5134
5750
5135
5747
5136
5748
5137
5745
5138
5746
5139
5743
5140
5744
5141
5741
5142
5742
5143
5739
5144
5740
5145
5737
5146
5738
5147
5735
5148
5736
5149
5733
5150
5734
5151
5731
5152
5732
5153
5729
5154
5730
5155
5727
5156
5728
5157
5725
5158
5726
5159
5723
5160
5724
5161
5721
5162
5722
5163
5719
5164
5720
5165
5717
5166
5718
5167
5715
5168
5716
5169
5713
5170
5714
5171
5711
5172
5712
5173
5709
5174
5710
5175
5707
5176
5708
5177
5705
5178
5706
5179
5703
5180
5704
5181
5701
5182
5702
5183
5699
5184
5700
5185
5697
5186
5698
5187
5695
5188
5696
5189
5693
5190
5694
5191
5691
5192
5692
5193
5689
5194
5690
5195
5687
5196
5688
5197
5685
5198
5686
5199
5683
5200
5684
5201
5681
5202
5682
5203
5679
5204
5680
5205
5677
5206
5678
5207
5675
5208
5676
5209
5673
5210
5674
5211
5671
5212
5672
5213
5669
5214
5670
5215
5667
5216
5668
5217
5665
5218
5666
5219
5663
5220
5664
5221
5661
5222
5662
5223
5448
5449
5224
5605
5225
5604
5226
5607
5227
5606
5228
5609
5229
5608
5230
5611
5231
5610
5232
5613
5233
5612
5234
5615
5235
5614
5236
5617
5237
5616
5238
5619
5239
5618
5240
5621
5241
5620
5242
5623
5243
5622
5244
5625
5245
5624
5246
5627
5247
5626
5248
5629
5249
5628
5250
5631
5251
5630
5252
5633
5253
5632
5254
5635
5255
5634
5256
5637
5257
5636
5258
5639
5259
5638
5260
5641
5261
5640
5262
5643
5263
5642
5264
5645
5265
5644
5266
5647
5267
5646
5268
5649
5269
5648
5270
5651
5271
5650
5272
5653
5273
5652
5274
5655
5275
5654
5276
5657
5277
5656
5278
5659
5279
5658
5660
5367
5518
5282
5368
5442
5283
5603
5284
5601
5285
5602
5286
5599
5287
5600
5288
5597
5289
5598
5290
5595
5291
5596
5292
5593
5293
5594
5294
5591
5295
5592
5296
5589
5297
5590
5298
5587
5299
5588
5300
5585
5301
5586
5302
5583
5303
5584
5304
5581
5305
5582
5306
5579
5307
5580
5308
5577
5309
5578
5310
5575
5311
5576
5312
5573
5313
5574
5314
5571
5315
5572
5316
5569
5317
5570
5318
5567
5319
5568
5320
5565
5321
5566
5322
5563
5323
5564
5324
5561
5325
5562
5326
5559
5327
5560
5328
5557
5329
5558
5330
5555
5331
5556
5332
5553
5333
5554
5334
5551
5335
5552
5336
5549
5337
5550
5338
5547
5339
5548
5340
5545
5341
5546
5342
5543
5343
5544
5344
5541
5345
5542
5346
5539
5347
5540
5348
5537
5349
5538
5350
5535
5351
5536
5352
5533
5353
5534
5354
5531
5355
5532
5356
5529
5357
5530
5358
5527
5359
5528
5360
5525
5361
5526
5362
5523
5363
5524
5364
5521
5365
5522
5366
5519
5367
5520
5517
5369
5438
5441
5425
5461
5371
5516
5372
5514
5373
5515
5374
5512
5375
5513
5376
5510
5377
5511
5378
5508
5379
5509
5380
5506
5381
5507
5382
5504
5383
5505
5384
5502
5385
5503
5386
5500
5387
5501
5388
5498
5389
5499
5390
5496
5391
5497
5392
5494
5393
5495
5394
5492
5395
5493
5396
5490
5397
5491
5398
5488
5399
5489
5400
5486
5401
5487
5402
5484
5403
5485
5404
5482
5405
5483
5406
5480
5407
5481
5408
5478
5409
5479
5410
5476
5411
5477
5412
5474
5413
5475
5414
5472
5415
5473
5416
5470
5417
5471
5418
5468
5419
5469
5420
5466
5421
5467
5422
5464
5423
5465
5424
5462
5425
5463
5460
5459
5458
5457
5456
5454
5456
6069
5454
6063
5446
5459
5456
5457
5457
6080
5458
5458
6073
5453
5461
6057
5455
5454
5455
5442
5453
5753
5603
5910
5444
5516
6000
5998
5751
5751
6058
5452
5660
5851
5451
5662
5849
5451
5605
5908
5459
6068
5754
5756
5755
5757
5752
5758
6061
6060
6082
6058
5461
5463
6056
6055
5463
5465
6054
6053
5465
5467
6052
6051
5467
5469
6050
6049
5469
5471
6048
6047
5471
5473
6046
6045
5473
5475
6044
6043
5475
5477
6042
6041
5477
5479
6040
6039
5479
5481
6038
6037
5481
5483
6036
6035
5483
5485
6034
6033
5485
5487
6032
6031
5487
5489
6030
6029
5489
5491
6028
6027
5491
5493
6026
6025
5493
5495
6024
6023
5495
5497
6022
6021
5497
5499
6020
6019
5499
5501
6018
6017
5501
5503
6016
6015
5503
5505
6014
6013
5505
5507
6012
6011
5507
5509
6010
6009
5509
5511
6008
6007
5511
5513
6006
6005
5513
5515
6004
6003
5515
5516
6002
6001
5999
5518
5520
5996
5995
5520
5522
5994
5993
5522
5524
5992
5991
5524
5526
5990
5989
5526
5528
5988
5987
5528
5530
5986
5985
5530
5532
5984
5983
5532
5534
5982
5981
5534
5536
5980
5979
5536
5538
5978
5977
5538
5540
5976
5975
5540
5542
5974
5973
5542
5544
5972
5971
5544
5546
5970
5969
5546
5548
5968
5967
5548
5550
5966
5965
5550
5552
5964
5963
5552
5554
5962
5961
5554
5556
5960
5959
5556
5558
5958
5957
5558
5560
5956
5955
5560
5562
5954
5953
5562
5564
5952
5951
5564
5566
5950
5949
5566
5568
5948
5947
5568
5570
5946
5945
5570
5572
5944
5943
5572
5574
5942
5941
5574
5576
5940
5939
5576
5578
5938
5937
5578
5580
5936
5935
5580
5582
5934
5933
5582
5584
5932
5931
5584
5586
5930
5929
5586
5588
5928
5927
5588
5590
5926
5925
5590
5592
5924
5923
5592
5594
5922
5921
5594
5596
5920
5919
5596
5598
5918
5917
5598
5600
5916
5915
5600
5602
5914
5913
5602
5603
5912
5911
5909
5605
5607
5907
5906
5607
5609
5905
5904
5609
5611
5903
5902
5611
5613
5901
5900
5613
5615
5899
5898
5615
5617
5897
5896
5617
5619
5895
5894
5619
5621
5893
5892
5621
5623
5891
5890
5623
5625
5889
5888
5625
5627
5887
5886
5627
5629
5885
5884
5629
5631
5883
5882
5631
5633
5881
5880
5633
5635
5879
5878
5635
5637
5877
5876
5637
5639
5875
5874
5639
5641
5873
5872
5641
5643
5871
5870
5643
5645
5869
5868
5645
5647
5867
5866
5647
5649
5865
5864
5649
5651
5863
5862
5651
5653
5861
5860
5653
5655
5859
5858
5655
5657
5857
5856
5657
5659
5855
5854
5659
5660
5853
5852
5850
5662
5664
5848
5847
5664
5666
5846
5845
5666
5668
5844
5843
5668
5670
5842
5841
5670
5672
5840
5839
5672
5674
5838
5837
5674
5676
5836
5835
5676
5678
5834
5833
5678
5680
5832
5831
5680
5682
5830
5829
5682
5684
5828
5827
5684
5686
5826
5825
5686
5688
5824
5823
5688
5690
5822
5821
5690
5692
5820
5819
5692
5694
5818
5817
5694
5696
5816
5815
5696
5698
5814
5813
5698
5700
5812
5811
5700
5702
5810
5809
5702
5704
5808
5807
5704
5706
5806
5805
5706
5708
5804
5803
5708
5710
5802
5801
5710
5712
5800
5799
5712
5714
5798
5797
5714
5716
5796
5795
5716
5718
5794
5793
5718
5720
5792
5791
5720
5722
5790
5789
5722
5724
5788
5787
5724
5726
5786
5785
5726
5728
5784
5783
5728
5730
5782
5781
5730
5732
5780
5779
5732
5734
5778
5777
5734
5736
5776
5775
5736
5738
5774
5773
5738
5740
5772
5771
5740
5742
5770
5769
5742
5744
5768
5767
5744
5746
5766
5765
5746
5748
5764
5763
5748
5750
5762
5761
5750
5760
5759
5753
5758
6237
5910
6238
5756
5849
6174
5757
5851
6175
5908
6235
5997
6328
6057
6391
5760
5762
6084
6083
5762
5764
6086
6085
5764
5766
6088
6087
5766
5768
6090
6089
5768
5770
6092
6091
5770
5772
6094
6093
5772
5774
6096
6095
5774
5776
6098
6097
5776
5778
6100
6099
5778
5780
6102
6101
5780
5782
6104
6103
5782
5784
6106
6105
5784
5786
6108
6107
5786
5788
6110
6109
5788
5790
6112
6111
5790
5792
6114
6113
5792
5794
6116
6115
5794
5796
6118
6117
5796
5798
6120
6119
5798
5800
6122
6121
5800
5802
6124
6123
5802
5804
6126
6125
5804
5806
6128
6127
5806
5808
6130
6129
5808
5810
6132
6131
5810
5812
6134
6133
5812
5814
6136
6135
5814
5816
6138
6137
5816
5818
6140
6139
5818
5820
6142
6141
5820
5822
6144
6143
5822
5824
6146
6145
5824
5826
6148
6147
5826
5828
6150
6149
5828
5830
6152
6151
5830
5832
6154
6153
5832
5834
6156
6155
5834
5836
6158
6157
5836
5838
6160
6159
5838
5840
6162
6161
5840
5842
6164
6163
5842
5844
6166
6165
5844
5846
6168
6167
5846
5848
6170
6169
5848
5849
6172
6171
6173
5851
5853
6177
6176
5853
5855
6179
6178
5855
5857
6181
6180
5857
5859
6183
6182
5859
5861
6185
6184
5861
5863
6187
6186
5863
5865
6189
6188
5865
5867
6191
6190
5867
5869
6193
6192
5869
5871
6195
6194
5871
5873
6197
6196
5873
5875
6199
6198
5875
5877
6201
6200
5877
5879
6203
6202
5879
5881
6205
6204
5881
5883
6207
6206
5883
5885
6209
6208
5885
5887
6211
6210
5887
5889
6213
6212
5889
5891
6215
6214
5891
5893
6217
6216
5893
5895
6219
6218
5895
5897
6221
6220
5897
5899
6223
6222
5899
5901
6225
6224
5901
5903
6227
6226
5903
5905
6229
6228
5905
5907
6231
6230
5907
5908
6233
6232
6234
5910
5912
6240
6239
5912
5914
6242
6241
5914
5916
6244
6243
5916
5918
6246
6245
5918
5920
6248
6247
5920
5922
6250
6249
5922
5924
6252
6251
5924
5926
6254
6253
5926
5928
6256
6255
5928
5930
6258
6257
5930
5932
6260
6259
5932
5934
6262
6261
5934
5936
6264
6263
5936
5938
6266
6265
5938
5940
6268
6267
5940
5942
6270
6269
5942
5944
6272
6271
5944
5946
6274
6273
5946
5948
6276
6275
5948
5950
6278
6277
5950
5952
6280
6279
5952
5954
6282
6281
5954
5956
6284
6283
5956
5958
6286
6285
5958
5960
6288
6287
5960
5962
6290
6289
5962
5964
6292
6291
5964
5966
6294
6293
5966
5968
6296
6295
5968
5970
6298
6297
5970
5972
6300
6299
5972
5974
6302
6301
5974
5976
6304
6303
5976
5978
6306
6305
5978
5980
6308
6307
5980
5982
6310
6309
5982
5984
6312
6311
5984
5986
6314
6313
5986
5988
6316
6315
5988
5990
6318
6317
5990
5992
6320
6319
5992
5994
6322
6321
5994
5996
6324
6323
5996
5997
6326
6325
6327
6000
6059
6331
6000
6002
6333
6332
6002
6004
6335
6334
6004
6006
6337
6336
6006
6008
6339
6338
6008
6010
6341
6340
6010
6012
6343
6342
6012
6014
6345
6344
6014
6016
6347
6346
6016
6018
6349
6348
6018
6020
6351
6350
6020
6022
6353
6352
6022
6024
6355
6354
6024
6026
6357
6356
6026
6028
6359
6358
6028
6030
6361
6360
6030
6032
6363
6362
6032
6034
6365
6364
6034
6036
6367
6366
6036
6038
6369
6368
6038
6040
6371
6370
6040
6042
6373
6372
6042
6044
6375
6374
6044
6046
6377
6376
6046
6048
6379
6378
6048
6050
6381
6380
6050
6052
6383
6382
6052
6054
6385
6384
6054
6056
6387
6386
6056
6057
6389
6388
6390
6068
6062
6330
6061
6393
6394
6063
6393
6083
6064
6065
6066
6067
6068
6070
6071
6072
6073
6075
6076
6077
6078
6079
6081
6081
6394
6084
6085
6086
6087
6088
6089
6090
6091
6092
6093
6094
6095
6096
6097
6098
6099
6100
6101
6102
6103
6104
6105
6106
6107
6108
6109
6110
6111
6112
6113
6114
6115
6116
6117
6118
6119
6120
6121
6122
6123
6124
6125
6126
6127
6128
6129
6130
6131
6132
6133
6134
6135
6136
6137
6138
6139
6140
6141
6142
6143
6144
6145
6146
6147
6148
6149
6150
6151
6152
6153
6154
6155
6156
6157
6158
6159
6160
6161
6162
6163
6164
6165
6166
6167
6168
6169
6170
6171
6172
6173
6174
6236
6176
6329
6177
6178
6179
6180
6181
6182
6183
6184
6185
6186
6187
6188
6189
6190
6191
6192
6193
6194
6195
6196
6197
6198
6199
6200
6201
6202
6203
6204
6205
6206
6207
6208
6209
6210
6211
6212
6213
6214
6215
6216
6217
6218
6219
6220
6221
6222
6223
6224
6225
6226
6227
6228
6229
6230
6231
6232
6233
6234
6235
6236
6238
6392
6239
6240
6241
6242
6243
6244
6245
6246
6247
6248
6249
6250
6251
6252
6253
6254
6255
6256
6257
6258
6259
6260
6261
6262
6263
6264
6265
6266
6267
6268
6269
6270
6271
6272
6273
6274
6275
6276
6277
6278
6279
6280
6281
6282
6283
6284
6285
6286
6287
6288
6289
6290
6291
6292
6293
6294
6295
6296
6297
6298
6299
6300
6301
6302
6303
6304
6305
6306
6307
6308
6309
6310
6311
6312
6313
6314
6315
6316
6317
6318
6319
6320
6321
6322
6323
6324
6325
6326
6327
6328
6329
6331
6332
6333
6334
6335
6336
6337
6338
6339
6340
6341
6342
6343
6344
6345
6346
6347
6348
6349
6350
6351
6352
6353
6354
6355
6356
6357
6358
6359
6360
6361
6362
6363
6364
6365
6366
6367
6368
6369
6370
6371
6372
6373
6374
6375
6376
6377
6378
6379
6380
6381
6382
6383
6384
6385
6386
6387
6388
6389
6390
6391
6392
6394
)


// ************************************************************************* //
