/*--------------------------------*- C++ -*----------------------------------*\
  =========                 |
  \\      /  F ield         | OpenFOAM: The Open Source CFD Toolbox
   \\    /   O peration     | Website:  https://openfoam.org
    \\  /    A nd           | Version:  10
     \\/     M anipulation  |
\*---------------------------------------------------------------------------*/
FoamFile
{
    format      ascii;
    class       volScalarField;
    location    "39.5";
    object      p;
}
// * * * * * * * * * * * * * * * * * * * * * * * * * * * * * * * * * * * * * //

dimensions      [0 2 -2 0 0 0 0];

internalField   nonuniform List<scalar> 
8711
(
0.0228285
0.0211441
0.0248173
0.0413635
0.041456
0.0370367
0.0931823
0.0925616
0.707685
0.707267
0.482812
0.191748
-0.169223
-0.147945
-0.00757912
-0.0179482
0.00786508
0.00259085
-0.00345343
0.0398346
0.0393517
0.0331566
0.0334078
0.0241972
-0.242257
-0.183985
-0.301955
-0.346038
0.00149899
0.00207284
0.00350966
-0.531129
-0.528306
-0.328166
-0.357665
0.221616
0.212825
0.218522
0.224649
0.217076
0.261985
0.235508
-0.499403
-0.430066
0.357219
0.218755
-0.516955
-0.504454
-0.486327
0.0494068
0.0482824
0.0483625
0.0488206
0.0699357
0.0736367
0.0775701
-0.13501
-0.133098
-0.150071
-0.160242
-0.0668226
-0.0773872
-0.101303
-0.0894769
0.108165
0.10409
0.0950663
0.0285372
0.0289386
0.0318279
-0.144232
-0.151535
-0.16364
-0.150272
0.112017
0.112829
0.105595
0.104689
0.0298575
0.0312853
0.0289639
-0.0105111
-0.00240633
0.0278551
0.0272445
0.0268413
-0.226479
-0.216511
-0.105528
-0.115514
0.0825753
0.0794887
0.0831225
0.0189021
0.0314253
0.0987865
0.112687
0.116061
0.103552
0.0784914
0.0832107
0.361972
0.352768
-0.129507
-0.108006
-0.0892388
-0.0762496
-0.068601
-0.0655998
-0.0666091
-0.071282
-0.0805476
-0.0948064
-0.113832
-0.133763
-0.150867
-0.163449
-0.167838
-0.185515
-0.163233
-0.179269
-0.166348
-0.180537
-0.123255
-0.146133
-0.0850221
-0.101932
-0.0669228
-0.0735046
-0.0651132
-0.0640874
-0.0803124
-0.0701834
-0.114047
-0.0954469
-0.132331
-0.114505
-0.139648
-0.0785137
-0.0937351
-0.0641229
-0.0688462
-0.0661951
-0.0632969
-0.0846773
-0.0732828
-0.118286
-0.101298
-0.143199
-0.132879
-0.142437
-0.146847
-0.131049
-0.184221
-0.132792
-0.173212
-0.117609
-0.168589
-0.198487
-0.197634
-0.19062
-0.176802
-0.192269
-0.128689
-0.153696
-0.0863554
-0.105315
-0.0640673
-0.0728925
-0.0582817
-0.059645
-0.0682166
-0.06141
-0.0937769
-0.0796604
-0.124241
-0.110122
-0.114137
-0.104043
-0.176225
-0.206574
-0.115382
-0.143579
-0.0767244
-0.093416
-0.0598479
-0.0658567
-0.0585422
-0.0574834
-0.0724268
-0.0637752
-0.0992888
-0.0852349
-0.120494
-0.112903
-0.119883
-0.124016
-0.100386
-0.110989
-0.130117
-0.122558
-0.199876
-0.0902242
-0.130497
-0.16756
-0.0951831
-0.0936713
-0.113548
-0.100495
-0.131059
-0.218983
-0.231077
-0.176776
-0.153903
-0.206061
-0.19567
-0.180663
-0.19787
-0.128527
-0.155603
-0.083312
-0.103781
-0.058309
-0.0688195
-0.0491124
-0.0521626
-0.0538712
-0.0499864
-0.071818
-0.0622027
-0.0909077
-0.083797
-0.0908278
-0.0815582
-0.0737976
-0.22907
-0.216622
-0.221055
-0.235224
-0.174729
-0.206542
-0.11164
-0.141835
-0.0712558
-0.088619
-0.0525186
-0.0598294
-0.0491549
-0.0495691
-0.058892
-0.052333
-0.078883
-0.0686983
-0.0968318
-0.0897369
-0.0965076
-0.0999817
-0.0897172
-0.0988537
-0.102413
-0.0809126
-0.0919177
-0.198631
-0.122823
-0.0917187
-0.0845114
-0.0653874
-0.121562
-0.0673859
-0.204328
-0.156214
-0.216498
-0.191007
-0.185725
-0.187703
-0.108132
-0.0492306
-0.0700279
-0.0398041
-0.0225075
-0.02294
-0.173532
-0.149576
-0.196983
-0.19124
-0.176355
-0.193324
-0.123034
-0.150849
-0.076494
-0.0975467
-0.0494351
-0.0609224
-0.0376987
-0.0422855
-0.0381879
-0.0364774
-0.0502838
-0.0432357
-0.0623362
-0.0577296
-0.0628048
-0.0646893
-0.0428863
-0.0558942
-0.0297218
-0.22222
-0.22862
-0.166438
-0.199365
-0.1021
-0.132033
-0.0621311
-0.079654
-0.0431942
-0.0507166
-0.0383666
-0.039715
-0.0443031
-0.0399504
-0.0596419
-0.0514754
-0.0739072
-0.0677987
-0.0741936
-0.0759647
-0.0621763
-0.0685539
-0.0524852
-0.056601
-0.0858326
-0.0784262
-0.0866941
-0.088109
-0.0731787
-0.0816489
-0.0498418
-0.0623342
-0.184733
-0.152232
-0.145231
-0.03739
-0.0367339
-0.177304
-0.134477
-0.00691227
-0.00581781
-0.152953
-0.0899889
-0.0571526
-0.0349485
-0.110545
-0.0894298
-0.162302
-0.137086
-0.195561
-0.181882
-0.164194
-0.182933
-0.111686
-0.138882
-0.0657775
-0.0867438
-0.0382286
-0.050013
-0.0245147
-0.0301136
-0.0214632
-0.0216784
-0.0284952
-0.0240884
-0.0370276
-0.0334741
-0.0337443
-0.037387
-0.0189769
-0.026798
-0.0118217
-0.131198
-0.0740842
-0.0576286
-0.0895172
-0.201825
-0.171846
-0.206125
-0.214966
-0.148912
-0.182386
-0.0882153
-0.116396
-0.0508607
-0.0669597
-0.0327144
-0.0400481
-0.0267286
-0.0286718
-0.0298131
-0.0271991
-0.0413013
-0.0349222
-0.0519786
-0.0474681
-0.052901
-0.0533006
-0.0439119
-0.0489046
-0.0396289
-0.0575035
-0.0736628
-0.0671898
-0.0768197
-0.0770875
-0.0673261
-0.0734835
-0.0486465
-0.0589726
-0.0369378
-0.158546
-0.0526379
-0.0449669
-0.0307435
-0.0607565
-0.144642
-0.110145
-0.119287
-0.0744216
-0.0268937
-0.0856424
-0.0473061
-0.0547468
-0.0318933
-0.0397446
-0.0253403
-0.0957828
-0.0753
-0.143272
-0.120651
-0.167302
-0.160974
-0.144544
-0.161108
-0.095374
-0.120853
-0.0520795
-0.0719579
-0.0251929
-0.0368708
-0.0104476
-0.0167198
-0.00486159
-0.00654133
-0.00792369
-0.00560957
-0.0131861
-0.0109796
-0.00884594
-0.0129176
0.00169305
-0.00433154
0.00679473
0.00523021
0.00193554
0.00456914
-0.0358746
-0.0123621
-0.11057
-0.0685528
-0.178851
-0.149914
-0.180473
-0.189806
-0.124699
-0.157808
-0.071013
-0.0956759
-0.0380143
-0.052271
-0.0214249
-0.0282235
-0.0150967
-0.0173688
-0.0161269
-0.0147579
-0.0241292
-0.0195411
-0.0324805
-0.0288032
-0.0327421
-0.034038
-0.0272781
-0.0310517
-0.0228158
-0.0243063
-0.023279
-0.0134916
-0.00169933
-0.0481354
-0.0271065
-0.0361612
-0.0643303
-0.0574457
-0.0695743
-0.0684036
-0.0638815
-0.0679783
-0.0488213
-0.0574891
-0.038191
-0.129511
-0.11535
-0.0907236
-0.0296766
-0.0127113
-0.0179575
-0.0923729
-0.0613832
-0.0643701
-0.0444053
-0.0361195
-0.0306089
0.00639091
-0.00795915
-0.0213991
-0.0191495
-0.0190128
-0.0254211
-0.0446886
-0.031676
-0.0789703
-0.0604717
-0.120201
-0.10061
-0.137327
-0.135325
-0.119655
-0.133869
-0.0757567
-0.0985448
-0.0366634
-0.054702
-0.0114523
-0.0225832
0.00356146
-0.00301353
0.0107191
0.00808308
0.0104495
0.011274
0.00788647
0.00886533
0.0113797
0.00861338
0.0181612
0.0148487
0.0190665
0.0198559
0.0131644
0.0163331
0.00366549
0.00940866
-0.0191244
-0.0189619
-0.00539958
-0.0146435
0.0276464
0.00808185
-0.0858939
-0.0473961
-0.149584
-0.122487
-0.146098
-0.158222
-0.0970974
-0.123701
-0.0521713
-0.0726657
-0.0245301
-0.0365383
-0.0101194
-0.0161181
-0.00397637
-0.00632957
-0.00360181
-0.00314261
-0.0087727
-0.00564866
-0.0149615
-0.0121997
-0.0156453
-0.016051
-0.0117909
-0.0139947
-0.00986841
-0.0105991
-0.0100136
-0.0400568
-0.028563
-0.0571451
-0.0497864
-0.0648951
-0.0622527
-0.0629794
-0.0651368
-0.050841
-0.0581189
-0.041331
-0.105028
-0.0099795
-0.00211516
-0.00606636
-0.0912966
-0.0749463
-0.0722737
-0.0557644
-0.0463614
-0.0452132
-0.0175138
0.0437117
0.0214172
-0.0359921
-0.0330715
-0.0333454
-0.0394925
-0.00132392
-0.0108243
-0.0402144
-0.0306449
-0.019559
-0.0597531
-0.0436351
-0.09556
-0.0780387
-0.109661
-0.107148
-0.0922051
-0.10506
-0.0542133
-0.0738318
-0.0204404
-0.0361089
0.00223345
-0.00794017
0.0167922
0.0102751
0.024703
0.0215566
0.0261602
0.0260297
0.0254847
0.0256046
0.0282017
0.0264052
0.031292
0.0301323
0.0297874
0.0309984
0.0232696
0.0264906
0.0142232
0.0193659
0.0072571
0.0497265
0.0554982
0.0767123
0.0652884
0.00676253
0.0302091
-0.0573461
-0.0239247
-0.113425
-0.0905794
-0.10908
-0.120274
-0.0682758
-0.0893489
-0.0330913
-0.0491558
-0.0111589
-0.0207575
0.000774202
-0.00426703
0.00628907
0.00408746
0.00754123
0.00737956
0.0045751
0.0065208
0.000142708
0.0022027
-0.000804514
-0.000855413
0.00125216
0.000125533
0.00203739
0.00224687
0.000596522
-0.0144218
0.00333196
-0.00514699
-0.0347568
-0.0243504
-0.0522553
-0.0442388
-0.0629285
-0.0585777
-0.0645181
-0.0649666
-0.0551893
-0.0611682
-0.0356579
-0.0467262
-0.0119875
-0.0232758
-0.0854959
-0.0741322
-0.0656391
-0.0575024
-0.0549664
-0.0210907
-0.00127406
-0.00914663
-0.0344991
-0.0028309
0.0328121
0.0866781
0.0651126
-0.0486566
-0.046103
-0.0475818
-0.051748
-0.0587485
0.0104831
-0.0220487
-0.0583479
-0.0348926
0.00788295
0.0150563
6.76537e-05
0.0057369
-0.0164712
-0.00736415
-0.040197
-0.0276929
-0.0696769
-0.0554246
-0.0812115
-0.0789011
-0.0641541
-0.0758331
-0.032223
-0.0485459
-0.00419336
-0.0172496
0.0153506
0.00645214
0.0287286
0.0226392
0.0366476
0.0333691
0.0390988
0.0383615
0.0396745
0.0392698
0.0414108
0.0404919
0.0415459
0.0419326
0.0380824
0.0401156
0.0321742
0.0352098
0.0229811
0.0279072
0.00939458
0.0167988
-0.00839648
0.00134523
0.095543
0.0940445
0.110457
0.104448
0.0702508
0.0844681
0.0280669
0.0516252
-0.0309159
-8.5885e-05
-0.075571
-0.0585365
-0.0709695
-0.0785999
-0.0407413
-0.0562962
-0.0150482
-0.0268036
0.0013918
-0.00588383
0.0108204
0.00677237
0.0155258
0.0135894
0.017187
0.0166735
0.015832
0.0168791
0.0127976
0.0143103
0.0118116
0.0119372
0.0124095
0.0123359
0.0120777
0.0126633
0.00803136
0.0103108
0.00435926
-0.0111238
-0.00121324
-0.0314792
-0.0211933
-0.0499032
-0.0410227
-0.0637451
-0.0576883
-0.068684
-0.0674996
-0.0624197
-0.0669392
-0.045272
-0.0552695
-0.0333398
-0.0723104
-0.0192254
-0.0487412
-0.0331401
-0.0630516
-0.0614976
-0.03347
-0.020118
-0.047915
-0.0245725
0.00741451
0.040244
0.0716154
0.114533
0.099643
-0.0574022
-0.0617496
-0.0675942
-0.077113
-0.0827958
-0.0753864
0.0104249
0.0186497
0.0173536
0.00221972
0.00922935
0.019491
-0.057886
0.00980173
0.0139548
-0.00248017
0.00413878
-0.0221395
-0.0117022
-0.0444593
-0.0336084
-0.0530079
-0.0514931
-0.0371784
-0.0475935
-0.0110041
-0.0241421
0.0112882
0.000866219
0.0274524
0.0199912
0.0391069
0.0337403
0.0464543
0.0433158
0.0494876
0.048342
0.050656
0.0501125
0.0510724
0.0510601
0.0491706
0.0504802
0.0448839
0.0471936
0.039235
0.0422414
0.0306985
0.035123
0.0192635
0.0249814
0.00438321
0.0124924
-0.0548504
-0.0204472
-0.00608209
0.118364
0.11538
0.118385
0.119863
0.106862
0.114266
0.0845554
0.0972164
0.0450951
0.0669281
-0.00590644
0.0202682
-0.0392482
-0.0268299
-0.035995
-0.0409298
-0.0163617
-0.0265673
0.000964717
-0.00705173
0.012652
0.00739895
0.0197996
0.0166746
0.0236341
0.0220227
0.025354
0.0246988
0.0250748
0.0254842
0.0231877
0.0242224
0.0220663
0.0224434
0.0224226
0.0219491
0.0208704
0.0218668
0.017093
0.0191857
0.0140906
-0.00834342
0.00130879
-0.0292516
-0.0184998
-0.0500652
-0.0397621
-0.0672165
-0.059451
-0.0757075
-0.0727577
-0.0728471
-0.0757281
-0.0581361
-0.0668389
-0.0466102
-0.0645034
-0.00723291
-0.057207
-0.042557
-0.0191453
0.0118049
0.0448091
0.0762542
-0.0735977
-0.0841304
-0.096111
-0.106984
0.102872
0.113805
0.112681
-0.106471
-0.0920926
-0.0319711
0.0249352
-0.0621167
-0.0670135
-0.0654111
-0.000278237
0.0245863
0.0257704
0.0186468
0.0220368
0.00964395
0.0144135
-0.00511719
0.00271376
-0.0214002
-0.0135351
-0.0270883
-0.0263758
-0.0128262
-0.0219572
0.00852828
-0.00194261
0.025534
0.0176057
0.0383329
0.0323341
0.0480152
0.0435158
0.0544595
0.0516263
0.0576647
0.0563567
0.0586998
0.0583847
0.0577706
0.058499
0.0547426
0.0564877
0.0502649
0.0526083
0.0447145
0.0476674
0.0370414
0.0411312
0.0278564
0.0323212
0.0158574
0.0223907
-0.00154257
0.00728938
-0.0412757
-0.0138132
-0.00955955
0.116635
0.106504
0.103874
0.111364
0.119539
0.119438
0.111399
0.116773
0.0922411
0.103053
0.0590931
0.0768774
0.0182497
0.0384237
-0.00623705
0.00299899
-0.00646677
-0.00838312
0.00414641
-0.00160147
0.0147869
0.00975576
0.0225397
0.0189934
0.0276397
0.0253653
0.0305971
0.0293295
0.0321423
0.0314983
0.0324777
0.0324856
0.0315015
0.0321211
0.030564
0.0309262
0.030108
0.0302498
0.0289665
0.0292734
0.0249682
0.0268636
0.0181439
0.0222217
0.00369387
0.0130193
0.013206
0.0216312
-0.0058193
0.00400814
-0.028226
-0.0165458
-0.0521994
-0.0402103
-0.0730167
-0.0633666
-0.0855404
-0.0805746
-0.0859863
-0.0874499
-0.0733557
-0.0810863
-0.0485685
-0.0620047
-0.0206811
-0.0344295
-0.00872828
-0.061884
-0.0562908
-0.0424961
-0.0185464
0.0128894
0.0467363
-0.097377
-0.115677
-0.132441
0.0800854
0.102895
0.106319
-0.140843
-0.13467
-0.113749
0.0941625
0.0967584
-0.0792658
-0.0151607
-0.0435494
-0.00334435
0.0364313
0.0350848
-0.0138079
-0.0681089
0.00375216
-0.0805321
0.0309227
0.0331332
0.0264603
0.0289578
0.0197834
0.0235148
0.00976564
0.015134
-0.00130701
0.0040061
-0.00458949
-0.00451694
0.00780363
3.82874e-06
0.0255044
0.0169496
0.0383914
0.0324949
0.0480708
0.0434794
0.055714
0.0521312
0.0610277
0.0586489
0.0638118
0.0626923
0.0641831
0.064275
0.0623182
0.0634758
0.058838
0.0607246
0.0544143
0.0567114
0.04904
0.0518715
0.0421834
0.0457965
0.0343997
0.0383003
0.0247963
0.0297979
0.0126339
0.018584
0.00487341
0.0074685
-0.0109552
0.00758792
0.00502862
0.0995308
0.0824465
0.0791329
0.0899975
0.112915
0.107087
0.116994
0.116323
0.111624
0.115604
0.0963347
0.105191
0.0705856
0.0846913
0.0398624
0.0549612
0.0205577
0.0283397
0.0166039
0.0172576
0.0205611
0.0181063
0.0261778
0.0233999
0.0308858
0.0286748
0.0342962
0.0327399
0.0364578
0.0355112
0.0377134
0.037168
0.0382958
0.0381045
0.0379677
0.0382584
0.0371115
0.037559
0.0364634
0.0367139
0.0350452
0.0357008
0.0314799
0.0330617
0.0256212
0.0286411
0.0142913
0.0208534
0.00965861
0.016177
0.0246735
-0.00397161
0.0066201
-0.0286671
-0.0157884
-0.0559142
-0.0422031
-0.0806752
-0.068953
-0.0976043
-0.090457
-0.101483
-0.101435
-0.0902092
-0.097579
-0.0653321
-0.0791189
-0.0357977
-0.0502708
-0.0227797
-0.0649176
-0.0611661
-0.0477688
-0.0224657
0.0115416
-0.13087
-0.156532
0.0489549
0.0826702
0.0995455
-0.1759
-0.180122
-0.164906
0.0968913
-0.129677
0.0843966
-0.0827424
0.0668152
0.0687201
-0.0389501
0.0125855
-0.00378392
-0.00584701
0.040606
0.0394793
-0.0230936
-0.0810197
0.0373227
0.0324016
0.0117441
-0.104
0.0365466
0.0380806
0.0332472
0.0346399
0.0284416
0.0309869
0.0221121
0.0254528
0.0154266
0.0185951
0.0141637
0.0137164
0.0244582
0.0180639
0.0392618
0.0320739
0.049488
0.0449335
0.056596
0.0532452
0.0622346
0.0595807
0.0662024
0.0644291
0.0680947
0.0674013
0.0677062
0.0681673
0.0653581
0.0667125
0.0617818
0.0636722
0.0574907
0.0597141
0.052407
0.0550554
0.0463297
0.0494811
0.0395505
0.0430133
0.0320255
0.0357577
0.0231366
0.0274894
0.0182691
0.0197246
0.0201434
0.018405
0.0188426
0.0275935
0.0234604
0.076144
0.0530668
0.0524124
0.0647507
0.0952807
0.0863104
0.10822
0.102712
0.113176
0.111803
0.110228
0.112849
0.0989004
0.105509
0.0794609
0.0900829
0.05645
0.0677925
0.0400738
0.0471531
0.0335235
0.0358629
0.0332026
0.0328877
0.0353635
0.0341667
0.0378107
0.0366116
0.039854
0.0388942
0.0413025
0.0406509
0.0422304
0.0418181
0.0428093
0.0425712
0.0428512
0.0429281
0.042273
0.0426248
0.0413951
0.0418151
0.0397883
0.0405938
0.0365258
0.0380958
0.0317726
0.0337993
0.025669
0.027422
0.0183445
0.0179735
0.0261979
-0.00350718
0.00794149
-0.0304337
-0.0163966
-0.0606347
-0.0453517
-0.0894042
-0.0755346
-0.110861
-0.101477
-0.118221
-0.116646
-0.108009
-0.115169
-0.0822522
-0.0966124
-0.0501212
-0.0659674
-0.03509
-0.0744813
0.0412633
-0.0725821
-0.0578734
-0.0287399
-0.173909
0.0106125
0.051982
0.0834295
-0.20541
-0.223083
-0.218038
0.0920621
-0.186934
0.0841675
-0.13464
0.0698236
-0.0774056
0.0534621
-0.0281652
0.0394097
0.0381555
0.00636669
0.031456
0.0257437
-0.00563189
-0.0258312
-0.102165
0.0131898
0.0174377
-0.137084
0.0429363
0.044313
0.0437298
0.0409745
0.0418315
0.0385502
0.0395676
0.0355267
0.0370555
0.0319757
0.0337995
0.0287266
0.0301844
0.0292321
0.0282751
0.037583
0.0325249
0.0497027
0.0437256
0.058209
0.0544671
0.0634639
0.061065
0.0673254
0.0655247
0.0699331
0.0687929
0.0708613
0.0706126
0.0698883
0.0705884
0.0673492
0.0687659
0.0638478
0.0656802
0.0597438
0.0618646
0.0550078
0.0574534
0.0496066
0.0523767
0.0437093
0.046718
0.0373787
0.0405715
0.031266
0.034043
0.0271293
0.0285867
0.0284235
0.0271421
0.0334643
0.0308618
0.0345832
0.0365008
0.0353427
0.037362
0.0521486
0.0261538
0.0293503
0.0407747
0.0734769
0.0630896
0.0912094
0.0829281
0.103122
0.0980382
0.10886
0.106794
0.107752
0.109115
0.0995789
0.104436
0.0849869
0.092925
0.0673695
0.0761609
0.0532159
0.0595983
0.0455106
0.048683
0.0427352
0.0436956
0.0426068
0.0424884
0.0434174
0.0429635
0.044398
0.0439119
0.0452356
0.0448443
0.0458433
0.045568
0.0462878
0.046091
0.0464525
0.0464348
0.046096
0.046353
0.0451217
0.0456828
0.0433743
0.044369
0.0405038
0.0420595
0.0362938
0.0384513
0.0310125
0.0337549
0.0250506
0.0416562
0.0326354
0.0377037
0.0179007
0.0262618
-0.00420126
0.00767024
-0.0326805
-0.0177624
-0.0654177
-0.0487256
-0.0980089
-0.0820827
-0.123786
-0.112262
-0.134514
-0.131475
-0.125163
-0.132256
-0.0977533
-0.113287
-0.0618868
-0.08016
-0.0431753
-0.0913276
0.0446741
0.0109761
-0.0898556
-0.0710387
-0.179089
-0.034518
0.0122888
0.0554963
-0.223939
-0.255626
-0.263409
0.0798561
-0.241699
0.0801186
-0.1925
0.0685763
-0.126189
0.0528294
-0.0620465
0.0363986
-0.0128345
0.0225533
0.0171745
0.0180999
0.0126539
0.0319938
0.0371331
0.0397132
0.0389923
0.0389823
0.0468904
0.0466015
-0.132019
0.0326156
0.0232544
0.045598
0.0461766
0.0442302
0.0448552
0.0427675
0.0434749
0.0411431
0.0419407
0.0395759
0.04032
0.0387944
0.0390116
0.0407651
0.0393197
0.047729
0.0437019
0.0573268
0.0525519
0.0643562
0.0612481
0.0683399
0.0665946
0.0708592
0.069719
0.0723491
0.0717344
0.0725054
0.072599
0.0711599
0.0719957
0.0685875
0.0699912
0.0652255
0.066976
0.0613454
0.0633442
0.0569702
0.0592144
0.0521436
0.054601
0.0470126
0.0496107
0.0416905
0.0443604
0.0368933
0.0391381
0.0340403
0.0350374
0.0342462
0.0337019
0.0371742
0.0354867
0.0393911
0.0385236
0.0395522
0.0525696
0.0425816
0.0714411
0.0621308
0.0877104
0.0799563
0.0984618
0.0935667
0.104312
0.102006
0.10442
0.105035
0.0985709
0.102136
0.0875601
0.0935686
0.0737998
0.0807525
0.0616821
0.0673166
0.0537997
0.0572501
0.0497504
0.0514123
0.0481909
0.0487684
0.0478652
0.0479396
0.0480465
0.0479241
0.0483762
0.0482084
0.0486871
0.0485419
0.0489477
0.0488303
0.0490757
0.0490503
0.0488226
0.049024
0.0478899
0.0484718
0.0462005
0.0472209
0.0437933
0.0451856
0.0403397
0.0421578
0.0349688
0.0378737
0.027214
0.0306645
0.0210507
0.0241806
0.0469678
0.0418403
0.044828
0.0324349
0.0377671
0.0171726
0.0256948
-0.00499245
0.00699661
-0.0344375
-0.0189113
-0.0692287
-0.0513624
-0.105083
-0.0874005
-0.134566
-0.121192
-0.148269
-0.143935
-0.139717
-0.146761
-0.110574
-0.127278
-0.0701641
-0.0909997
-0.0264531
-0.0476449
0.00803458
-0.00697829
0.017999
-0.115648
0.00673956
0.0141868
-0.111379
-0.169616
-0.0836787
-0.0368988
0.016211
-0.272845
-0.295588
0.0566751
-0.285621
0.0706382
-0.243504
0.0644285
-0.178331
0.0504475
-0.106014
0.0336331
-0.0404075
0.0180887
0.00429384
0.00636177
0.0275774
-0.00130732
0.038213
0.0363783
0.0483752
0.0468453
0.048079
0.0237819
-0.00498353
0.0372223
0.0384614
0.0049895
0.048199
0.0483223
0.0475534
0.0479099
0.0467785
0.0471858
0.046029
0.0463941
0.0454154
0.0456855
0.0452252
0.045243
0.046065
0.0454738
0.0490468
0.0472429
0.0551532
0.0517643
0.0627196
0.0589776
0.0683587
0.0658492
0.0714138
0.0701144
0.0730326
0.0723391
0.0737307
0.0734907
0.0733519
0.0736759
0.0717974
0.0727003
0.0692734
0.0706305
0.0660835
0.0677386
0.0624475
0.0643145
0.0584241
0.0604777
0.0540889
0.0562849
0.0495935
0.0518529
0.0451021
0.0473315
0.0411665
0.0430189
0.0390393
0.0397525
0.0387505
0.0384825
0.0400431
0.0391077
0.0423391
0.0412439
0.0416111
0.0422937
0.0402875
0.0203053
0.0105555
0.0154148
0.0356831
0.0273816
0.0533127
0.0444728
0.0698003
0.0616401
0.0834772
0.0771045
0.094046
0.0893692
0.0998032
0.0974574
0.100634
0.100788
0.0964891
0.0990966
0.0880632
0.0926935
0.0771802
0.0827271
0.0668964
0.0717865
0.0593755
0.0627838
0.0547964
0.0567883
0.0524062
0.053406
0.0513209
0.0517576
0.0509182
0.051067
0.0508397
0.0508568
0.050885
0.0508584
0.050956
0.0509262
0.0509674
0.050985
0.0507024
0.050898
0.0498791
0.050405
0.048391
0.0492987
0.0462735
0.0475612
0.0432748
0.04499
0.0388041
0.0412405
0.0343682
0.0364861
0.0283965
0.0313855
0.0262063
0.04185
0.0448501
0.0321654
0.0376432
0.0170309
0.0254289
-0.00509334
0.00693894
-0.0350742
-0.0191907
-0.0712361
-0.0525764
-0.109334
-0.0904428
-0.141465
-0.126752
-0.157395
-0.152057
-0.149596
-0.156543
-0.119019
-0.1367
-0.0749908
-0.0977883
-0.0288001
-0.0506855
0.00359738
-0.01094
0.0147112
-0.14598
-0.133078
-0.0914478
0.0288604
-0.00384551
-0.226369
-0.0334361
-0.309025
0.0211668
-0.313837
0.052556
-0.281544
0.0561209
-0.221061
0.0453243
-0.146552
-0.00793925
0.0293403
-0.0734649
-0.0119925
0.012529
-0.0142369
-0.0151824
0.0364901
0.0338668
-0.00132647
0.0207964
-0.0152556
0.0361531
-0.010474
0.0354232
0.0332142
0.0304343
0.0375849
0.0396383
0.049153
0.0215574
-0.210715
0.014495
-0.270419
0.0489446
0.0467448
0.0479498
0.0492401
0.049181
0.0489906
0.0490577
0.0486647
0.0488238
0.0484601
0.0485346
0.0485677
0.0484594
0.0492838
0.0488306
0.0510908
0.0500275
0.054624
0.0526337
0.060104
0.0571817
0.0662352
0.0632384
0.0707535
0.0687415
0.0731262
0.0721379
0.0741667
0.073758
0.0743462
0.0743517
0.073628
0.0740942
0.0719798
0.0729025
0.0695452
0.0708421
0.0665459
0.0680968
0.0631614
0.0648946
0.0594723
0.0613481
0.0555706
0.0575387
0.0516087
0.0535882
0.0477768
0.0496625
0.0445078
0.0460363
0.0426416
0.0433833
0.0421282
0.0422326
0.0426779
0.0422361
0.0437303
0.0433738
0.0425528
0.0435558
0.0413243
0.0257866
0.0201116
0.0389466
0.0318256
0.0540567
0.0463198
0.0684996
0.0613863
0.0806834
0.0749038
0.0900416
0.0857839
0.0954882
0.0932252
0.0967465
0.0965965
0.0938254
0.0957384
0.0872871
0.0909061
0.0786071
0.083064
0.0699066
0.0741183
0.0630051
0.0662052
0.0583315
0.0604296
0.0555102
0.0567445
0.0539432
0.0546169
0.0531278
0.0534726
0.0527317
0.0528966
0.0525464
0.0526255
0.0524412
0.0524937
0.0523116
0.0523913
0.051979
0.0521932
0.0512524
0.0517042
0.0499799
0.0507329
0.0481376
0.0492107
0.0455697
0.0470084
0.0424399
0.0439683
0.0390858
0.0406612
0.0340907
0.0363449
0.031933
0.0417783
0.044742
0.0323667
0.0376915
0.0175741
0.0257525
-0.00436374
0.00760749
-0.0343577
-0.0184305
-0.0709523
-0.0520088
-0.109878
-0.0905374
-0.143215
-0.127873
-0.16026
-0.154364
-0.153037
-0.159836
-0.122037
-0.140016
-0.0773186
-0.100403
-0.0330409
-0.0538731
-0.000295602
-0.0155741
0.0117459
-0.178251
-0.148207
0.0380403
0.027722
0.0197034
-0.0899832
-0.300342
-0.026255
-0.321642
0.0230431
-0.303978
0.0414897
-0.250849
0.0369037
-0.177868
0.0026222
-0.00971983
0.0227422
-0.101793
-0.0183996
0.0344146
0.0288658
0.00536421
-0.0353609
-0.0234893
0.0290257
-0.0104682
0.0118043
-0.0278679
0.0321255
-0.0214164
0.0344306
-0.247525
-0.0272615
0.00158279
0.0125277
0.0119276
0.0485363
0.0494908
0.0492446
0.0498338
0.0496937
0.0499045
0.0498559
0.0499623
0.0499219
0.0501884
0.0500451
0.0508038
0.0504371
0.0520911
0.0513504
0.0544191
0.053114
0.0581238
0.0561096
0.0630758
0.0604942
0.0681795
0.0657066
0.0719084
0.0702504
0.0738339
0.0730443
0.0745263
0.074287
0.0743958
0.074547
0.0734886
0.0740308
0.0718216
0.0727346
0.0695069
0.0707329
0.0667045
0.0681503
0.0635696
0.0651712
0.0601916
0.0619043
0.0566723
0.058441
0.0531609
0.054907
0.0498512
0.0514683
0.0471079
0.0483831
0.0454474
0.0461443
0.0448482
0.0450466
0.0450885
0.0448684
0.0455364
0.045395
0.0442662
0.0451249
0.0426584
0.0434779
0.0395794
0.0413911
0.0312588
0.0207381
0.015797
0.031101
0.0260723
0.0420646
0.0362899
0.0549235
0.0483681
0.0674208
0.0612749
0.0781562
0.0730405
0.0864523
0.0826375
0.0914902
0.0893632
0.0929808
0.0926421
0.0909217
0.0923368
0.0857919
0.0886533
0.0787853
0.0824041
0.0714369
0.0750402
0.0652428
0.0681628
0.0607182
0.062792
0.0577255
0.0590685
0.0558766
0.0566955
0.0547808
0.0552625
0.0541447
0.0544242
0.0537649
0.0539358
0.0535016
0.0536288
0.0532366
0.0533784
0.0528315
0.0530663
0.0521406
0.0525449
0.0510262
0.0516616
0.0494353
0.0503248
0.0473494
0.0484835
0.0449675
0.0462129
0.0420546
0.0436286
0.0380166
0.0399942
0.0339114
0.0356241
0.0482075
0.0466154
0.0477389
0.0417779
0.0446545
0.0328962
0.0379321
0.0185552
0.0265002
-0.00295128
0.00878819
-0.0323289
-0.0167205
-0.0682561
-0.0496507
-0.106521
-0.0875027
-0.139329
-0.124224
-0.156202
-0.150327
-0.149355
-0.155906
-0.119413
-0.136749
-0.0767771
-0.098698
-0.035128
-0.0549163
-0.00207394
-0.0175511
0.0100584
-0.206316
0.0364067
0.0485105
0.0335867
-0.146646
-0.270866
0.0393981
-0.083367
-0.306363
-0.0188603
-0.306208
0.0178121
-0.267083
0.0128853
0.00277908
0.034539
0.0233191
-0.199526
-0.010353
0.029157
0.0132366
-0.121358
-0.022828
0.0246968
-0.00382077
-0.0503718
-0.0315095
0.023433
-0.0215401
0.00382907
-0.0388311
0.0259896
-0.0345529
0.0341995
-0.0430595
0.0318258
-0.0418208
0.0154632
0.021567
0.0487559
0.0476594
0.024181
0.0496566
0.0495664
0.0500613
0.0499537
0.0504109
0.0502777
0.0507837
0.0506047
0.051344
0.0510401
0.0523111
0.0517711
0.0539407
0.0530352
0.0565054
0.055103
0.0601697
0.0582177
0.0646169
0.0623584
0.0689646
0.0668666
0.0721455
0.0707277
0.0738017
0.073127
0.074314
0.0741608
0.0740279
0.0742515
0.0730435
0.0736124
0.0714112
0.0722957
0.0692313
0.0703813
0.0666316
0.0679712
0.0637382
0.0652136
0.0606487
0.0622114
0.0574683
0.059062
0.0543384
0.0558893
0.0514425
0.0528499
0.0490895
0.0501816
0.0475865
0.0482361
0.046948
0.0471734
0.0470663
0.046938
0.047136
0.047193
0.0463937
0.0467906
0.0455198
0.0460331
0.0429867
0.0444358
0.0211729
0.0206725
0.0270624
0.0232793
0.0354557
0.0312418
0.0449129
0.0398781
0.0557188
0.0501091
0.0665177
0.0612226
0.0759213
0.0714213
0.083261
0.0798688
0.0878614
0.0858944
0.0894384
0.0889978
0.0879865
0.089041
0.0839208
0.0862072
0.0781429
0.0811666
0.0719819
0.0750491
0.0664925
0.069115
0.0622409
0.0642193
0.0592388
0.0606094
0.0572471
0.0581459
0.0559704
0.0565437
0.0551574
0.0555238
0.0546186
0.0548663
0.0542152
0.0544095
0.0538294
0.0540279
0.0533493
0.05361
0.0526557
0.053041
0.0516439
0.0522001
0.0502741
0.0510142
0.0485848
0.0494787
0.0465898
0.0476504
0.0440049
0.0453959
0.04046
0.0423268
0.0362691
0.0386177
0.032102
0.0337802
0.0345963
0.0484107
0.0480612
0.0483657
0.0464049
0.0475186
0.0419499
0.0446073
0.0335507
0.0383313
0.0196989
0.0273875
-0.0010937
0.0102349
-0.0292742
-0.0143175
-0.0635093
-0.0458179
-0.099677
-0.0817401
-0.130302
-0.116254
-0.14574
-0.140447
-0.138996
-0.145268
-0.111113
-0.127193
-0.071823
-0.0920715
-0.0328192
-0.0515694
-0.00158201
-0.0160865
0.0196119
0.0101946
0.0270949
-0.226767
0.0427546
0.0470665
-0.14686
-0.269443
0.0388529
0.0484838
0.0470428
0.0303546
0.0327395
-0.0715634
-0.287189
0.0285301
0.0199574
-0.01685
-0.267302
0.00575305
0.0425597
0.0359325
0.00341582
-0.212875
-0.00991277
0.0275302
-0.000772551
-0.136833
-0.0252921
0.0209536
-0.0158756
-0.0597547
-0.0379857
0.0173757
-0.0348989
0.00174286
-0.0487725
0.0187393
-0.0506574
0.0375204
-0.0575145
0.0243615
-0.0591903
0.0493841
-0.0615885
0.0478335
0.0347792
0.0363501
0.0419348
0.0470787
0.0494669
0.0491931
0.0500456
0.0498128
0.0506214
0.0503572
0.0512376
0.0509271
0.0520456
0.0516143
0.0532503
0.0525932
0.0550722
0.0540793
0.0577061
0.0562891
0.0612137
0.0593699
0.0651998
0.063232
0.0689801
0.0671601
0.0717662
0.0705166
0.0732598
0.0726492
0.0736972
0.0735777
0.0733589
0.0736052
0.0723749
0.072935
0.0708174
0.0716579
0.0687795
0.0698481
0.0663774
0.0676139
0.0637171
0.0650719
0.0608958
0.0623201
0.0580211
0.0594579
0.0552264
0.0566069
0.0526806
0.0539127
0.050636
0.0515862
0.0492806
0.0498769
0.0486524
0.0488811
0.0486744
0.0486156
0.0486339
0.0487037
0.0484689
0.0485051
0.0480668
0.048257
0.0464627
0.0472925
0.0468123
0.046219
0.0451997
0.0506055
0.0481277
0.0493783
0.0551624
0.0293369
0.0320174
0.0285709
0.0284303
0.0327534
0.0300073
0.0393055
0.0358256
0.0472908
0.0429941
0.0565113
0.0517589
0.0658029
0.0612422
0.0739921
0.0700609
0.0804476
0.0774527
0.0846021
0.0828093
0.0861658
0.0856821
0.0851442
0.085935
0.0818867
0.0837338
0.0771289
0.0796457
0.0718844
0.0745089
0.0670452
0.0693813
0.0631189
0.0649675
0.0602031
0.0615518
0.0581621
0.0590959
0.0567768
0.0574081
0.0558363
0.0562673
0.0551698
0.0554809
0.0546443
0.0548982
0.0541514
0.0544009
0.0535971
0.0538876
0.0528824
0.0532662
0.0519334
0.0524402
0.0507246
0.0513641
0.0492656
0.050034
0.0474733
0.0484284
0.0451193
0.0463886
0.0418784
0.0435952
0.0381987
0.0400549
0.035057
0.0363366
0.0477932
0.0479507
0.0462637
0.0473231
0.0421232
0.0445772
0.034148
0.0387145
0.020808
0.0282141
0.000927443
0.0117218
-0.025636
-0.0115795
-0.0573945
-0.0410573
-0.0903068
-0.0740695
-0.117453
-0.105107
-0.130417
-0.126158
-0.123425
-0.12949
-0.0978934
-0.112519
-0.0623827
-0.0807028
-0.0269142
-0.0439569
0.00113724
-0.011849
0.020074
0.0117585
0.0263611
-0.215324
0.0476124
0.0422257
0.0338874
0.046158
0.045958
0.0340185
-0.131745
-0.248263
0.0265556
0.0445966
0.0469939
0.0461675
0.0629559
0.054983
0.0534474
0.0535399
0.0599568
-0.0619746
-0.249861
0.0605702
0.0449945
0.0537879
0.00953781
0.0381764
-0.0248878
-0.216312
-0.00786857
0.0276146
-0.0196876
-0.152646
-0.0253762
0.018802
-0.0318259
-0.0735564
-0.0422734
0.0122022
-0.0512388
-0.000489281
-0.0569367
0.0107295
-0.0697405
0.0466167
-0.0700286
0.0150195
-0.0810213
0.0619511
-0.0799009
0.0249276
-0.0840956
0.0651927
0.0670812
0.047599
0.0464504
0.0468471
0.048832
0.0482668
0.0497809
0.0493418
0.050569
0.0501767
0.0513857
0.0509646
0.0523848
0.051855
0.0537518
0.0530167
0.0556732
0.0546406
0.0582835
0.0568969
0.0615621
0.059861
0.0651587
0.0633393
0.0685151
0.0669039
0.0710078
0.0698829
0.0723927
0.0718207
0.0728104
0.0726964
0.0724802
0.0727196
0.0715412
0.0720734
0.0700833
0.0708682
0.0681924
0.0691806
0.0659803
0.0671178
0.0635412
0.0647821
0.0609688
0.0622653
0.0583696
0.0596659
0.0558697
0.057101
0.0536254
0.0547075
0.0518388
0.0526697
0.0506385
0.051169
0.0500728
0.0502807
0.0500442
0.0500222
0.0500821
0.0500672
0.050246
0.0501436
0.0502256
0.0502906
0.049961
0.0500167
0.0515899
0.0503869
0.0562591
0.0532212
0.0604875
0.0428052
0.0479153
0.0364736
0.039014
0.0350915
0.0349024
0.0375115
0.0357662
0.042844
0.0399237
0.0494773
0.045886
0.0572954
0.0533046
0.0652328
0.0613178
0.072331
0.0689148
0.0779778
0.0753492
0.081686
0.0800725
0.0831798
0.0826888
0.0824581
0.0830596
0.0798157
0.0813252
0.075853
0.077929
0.0713737
0.0736281
0.0671115
0.0691863
0.0635203
0.0652272
0.0607419
0.0620403
0.0587107
0.0596503
0.0572671
0.0579329
0.0562368
0.0567149
0.0554678
0.0558308
0.0548377
0.0551435
0.0542504
0.0545448
0.0536244
0.053947
0.0528803
0.0532707
0.0519648
0.0524443
0.0508501
0.0514334
0.0495062
0.0502128
0.0478238
0.0487198
0.0455658
0.0467905
0.0425168
0.0441443
0.0390792
0.0407899
0.0359178
0.0373636
0.0328621
0.0332914
0.0345808
0.0472998
0.0473046
0.0460389
0.0469348
0.0421968
0.0444966
0.0345268
0.0389327
0.021676
0.0288
0.0027898
0.0129965
-0.0219284
-0.0089147
-0.050736
-0.0360183
-0.0796684
-0.0655205
-0.102536
-0.0922893
-0.112351
-0.109425
-0.104769
-0.110756
-0.0815646
-0.094714
-0.0501657
-0.066319
-0.0191716
-0.0340285
0.00507368
-0.00610727
0.0210048
0.0140463
0.029356
0.0259348
0.0316165
-0.194129
0.034735
0.0552961
0.044708
0.0603383
0.0666331
-0.114179
-0.215462
0.047143
0.0374211
0.016257
0.0418059
0.0698467
0.0750136
0.0318349
0.0320736
-0.0619861
-0.20707
-0.00347461
0.0294197
0.0396285
-0.044699
-0.166663
-0.0240376
0.0178996
-0.0517825
-0.0979991
-0.0437242
0.00802885
-0.0713916
-0.0164374
-0.0626739
0.00279848
-0.0928653
0.0499443
-0.0803549
0.00417586
-0.107189
0.0806945
-0.0960189
0.0127027
-0.111721
0.0737983
-0.107417
0.038911
0.0625118
0.0564505
0.0497468
0.0455778
0.0436859
0.0432142
0.0443795
0.0468618
0.046263
0.0481537
0.0474972
0.0492902
0.0487219
0.050286
0.0497901
0.0512821
0.0507714
0.0524374
0.0518311
0.0539207
0.0531326
0.0558889
0.0548431
0.0584325
0.0570952
0.0614869
0.0599162
0.0647584
0.0631066
0.0677688
0.0663261
0.0700306
0.0690034
0.0713329
0.0707891
0.0717535
0.0716326
0.0714602
0.0716784
0.070589
0.0710834
0.0692397
0.0699657
0.0674984
0.0684077
0.0654684
0.0665116
0.0632385
0.0643719
0.0608983
0.062076
0.0585513
0.0597197
0.056316
0.0574139
0.0543363
0.0552877
0.0527748
0.0535004
0.0517339
0.0521915
0.0512637
0.0514333
0.0512582
0.0512256
0.0514628
0.0513369
0.0518978
0.0516625
0.0523185
0.0521189
0.053386
0.0526394
0.0555719
0.054184
0.0609984
0.0578169
0.0650176
0.066306
0.0720332
0.0732209
0.0681072
0.0586725
0.0719435
0.0652746
0.0484347
0.0530101
0.0424605
0.0448852
0.0403513
0.0408962
0.0418108
0.040706
0.045886
0.043634
0.0514458
0.0484935
0.0580151
0.054665
0.0647656
0.0614196
0.0708914
0.0679363
0.07581
0.0735155
0.0790857
0.0776527
0.0804745
0.0800002
0.0799601
0.0804241
0.0777898
0.0790419
0.0744558
0.0762186
0.0706049
0.0725524
0.0668432
0.0686869
0.0635725
0.0651394
0.0609532
0.0621879
0.0589663
0.059894
0.0574974
0.0581817
0.0564036
0.0569165
0.0555519
0.0559577
0.0548326
0.0551831
0.0541615
0.0544962
0.0534691
0.053822
0.0526915
0.0530934
0.0517858
0.0522548
0.0507141
0.0512716
0.0494202
0.0500988
0.0477762
0.0486503
0.0455571
0.0467476
0.0426161
0.0441695
0.0392404
0.0409337
0.0360901
0.0375885
0.0332449
0.0346168
0.0459246
0.044925
0.046628
0.0464507
0.0456443
0.0464008
0.0420439
0.0442318
0.0345784
0.038872
0.0221479
0.0290196
0.00423265
0.0138598
-0.0185932
-0.00666049
-0.0442877
-0.0312838
-0.0689821
-0.0570616
-0.0872862
-0.0792805
-0.0937065
-0.0922291
-0.0853667
-0.0913491
-0.0644058
-0.0761051
-0.0372183
-0.0511222
-0.0109321
-0.0235013
0.00936941
5.747e-05
0.0222293
0.0167092
0.0290324
0.0261802
0.030831
-0.167947
0.0264305
0.0524193
0.0466947
0.0665845
0.0714176
0.0777149
0.03193
-0.104764
-0.183702
0.0274384
0.00415079
0.0326402
0.051531
0.0429965
0.0419059
0.0733268
0.07806
-0.0756986
-0.172846
-0.0196849
0.0287905
0.0412089
0.0189137
0.0289323
0.0591749
-0.0763684
-0.129403
-0.043151
0.00591016
-0.0951463
-0.0545314
-0.065863
-0.00424858
-0.120388
0.0286103
-0.0881959
-0.00707197
-0.139649
0.0876179
-0.109288
-0.00177854
-0.146126
0.098138
-0.127952
-0.141941
0.0605928
0.0444104
0.0421378
0.0433425
0.045978
0.0452088
0.0473723
0.0466733
0.0486418
0.048011
0.0498148
0.049235
0.0509752
0.0503868
0.052266
0.0515959
0.0538403
0.0530126
0.0558293
0.0547826
0.0582927
0.0570085
0.0611515
0.0596896
0.0641466
0.0626489
0.0668697
0.0655642
0.0689389
0.0679938
0.07017
0.0696505
0.0705968
0.070467
0.0703493
0.0705414
0.0695537
0.070007
0.0683129
0.0689767
0.0667179
0.0675506
0.0648615
0.065815
0.0628284
0.0638608
0.0607056
0.0617725
0.0585916
0.059642
0.0565981
0.0575745
0.0548564
0.0556906
0.0535003
0.0541284
0.0526203
0.0530021
0.0522619
0.0523825
0.0523385
0.0522604
0.0527326
0.0524982
0.0534187
0.0530507
0.0543354
0.0538319
0.0561219
0.0550895
0.0589571
0.0574033
0.0647355
0.0614598
0.0688257
0.0734703
0.0783215
0.0806755
0.0762032
0.0846798
0.075905
0.082445
0.0631735
0.0694198
0.0534968
0.0578291
0.0474561
0.0500957
0.0449412
0.045808
0.0455887
0.0449418
0.0486275
0.0468907
0.053177
0.0507629
0.058655
0.055849
0.064376
0.0615295
0.0696385
0.0670938
0.0739029
0.0719092
0.0767776
0.0755142
0.0780346
0.077594
0.0776602
0.0780254
0.0758541
0.0768972
0.0730189
0.0745245
0.0696834
0.071378
0.0663498
0.0679931
0.0633719
0.0648081
0.0609144
0.0620816
0.0589883
0.0598949
0.0575132
0.0582065
0.0563731
0.0569126
0.055453
0.0558946
0.054657
0.0550461
0.0539114
0.0542824
0.0531591
0.0535392
0.052347
0.0527635
0.0514346
0.0519038
0.0503745
0.0509245
0.0490897
0.0497636
0.0474393
0.0483161
0.0452302
0.0464067
0.0423661
0.043867
0.0390813
0.0407447
0.035808
0.0373761
0.0328456
0.0343039
0.0307681
0.0301911
0.0314713
0.0448932
0.0439757
0.0458428
0.0455476
0.0450293
0.0457062
0.0415535
0.0436909
0.0341803
0.0384163
0.0220589
0.0287327
0.00501534
0.0141121
-0.0159947
-0.00510909
-0.0386407
-0.0273176
-0.0591832
-0.0494426
-0.0730412
-0.0672159
-0.0761577
-0.0760933
-0.0670328
-0.0730437
-0.0481247
-0.058486
-0.0248642
-0.0366639
-0.0029561
-0.013393
0.0136729
0.00608974
0.0239022
0.0195672
0.0291256
0.0270042
0.0310552
0.0304416
0.0310806
-0.147655
0.0149467
0.0435373
0.0373989
0.0720848
0.0409239
0.0875781
0.0771805
0.0813471
0.0833248
-0.110085
-0.165157
0.0152011
-0.0112908
0.0219503
0.0420904
0.0408512
0.0297102
0.0289987
0.0386499
0.0760677
0.0808278
0.0670602
-0.104287
-0.156333
0.0169561
-0.0390441
0.0536664
0.0061407
0.0509802
-0.122353
-0.109076
-0.0658565
0.0724511
-0.00855295
-0.152031
-0.0269738
-0.0926368
-0.0176199
0.0131187
-0.178499
0.0585794
-0.119007
-0.0174857
-0.190703
0.10949
-0.144828
-0.184842
0.0975928
-0.168665
0.089352
0.041119
0.0402063
0.0431658
0.0421795
0.0448995
0.0440471
0.0464642
0.0457013
0.047873
0.0471815
0.049195
0.0485405
0.0505049
0.0498444
0.0519206
0.0511922
0.0535749
0.0527134
0.0555766
0.0545325
0.0579632
0.0567284
0.0606521
0.0592839
0.0634154
0.0620424
0.0658971
0.0647114
0.0678006
0.0669271
0.0689619
0.0684676
0.0693892
0.0692534
0.0691841
0.0693513
0.0684622
0.0688753
0.067325
0.067935
0.0658665
0.0666275
0.0641732
0.0650424
0.0623255
0.0632627
0.0604069
0.0613696
0.0585107
0.0594509
0.0567418
0.0576056
0.0552193
0.0559456
0.0540572
0.0545918
0.0533392
0.0536437
0.0531058
0.0531682
0.0533036
0.0531597
0.0538871
0.0535509
0.0548284
0.0543195
0.0562065
0.0554433
0.0584879
0.0572283
0.0619292
0.0600241
0.0678186
0.0645608
0.0716287
0.0897343
0.0954383
0.0929016
0.0816491
0.0857618
0.0887643
0.0851138
0.0917236
0.0785854
0.0849991
0.0670806
0.0727447
0.0578422
0.0618448
0.0516936
0.0543318
0.0488862
0.0499527
0.0488599
0.0485842
0.051033
0.0497363
0.054682
0.0527269
0.0592191
0.056882
0.0640435
0.061635
0.0685399
0.0663601
0.072217
0.0704942
0.0747195
0.0736166
0.0758407
0.0754415
0.0755577
0.0758528
0.0740315
0.0749191
0.0715951
0.072893
0.0686811
0.0701674
0.0657098
0.0671819
0.0629911
0.0643102
0.0606857
0.0617881
0.058824
0.0597069
0.0573512
0.058049
0.056174
0.0567354
0.0551951
0.0556678
0.0543318
0.0547548
0.0535213
0.0539239
0.0527152
0.0531204
0.05187
0.0522973
0.0509443
0.0514187
0.0498789
0.0504311
0.0485823
0.049263
0.0469107
0.0477975
0.0447001
0.0458726
0.0418882
0.0433564
0.0386742
0.0403075
0.0353717
0.0370167
0.0322727
0.0337878
0.0294587
0.0308313
0.043931
0.0430832
0.0449271
0.0445884
0.0441668
0.0448222
0.0406711
0.0428313
0.0332622
0.0375044
0.0213135
0.0278585
0.00499689
0.0136376
-0.0143501
-0.00443336
-0.0341443
-0.024395
-0.0508197
-0.0431045
-0.0605861
-0.0567612
-0.0606856
-0.0619118
-0.050802
-0.0568703
-0.0336312
-0.0428503
-0.0137676
-0.0237394
0.0043142
-0.00424842
0.0176908
0.0116353
0.0256934
0.0223386
0.0294468
0.0279932
0.0304455
0.0302345
0.0302114
0.0970197
0.0899093
-0.1423
0.00104987
0.0332456
0.0269443
0.0397884
0.0281586
0.0566286
0.0783397
0.083062
0.0918
0.0886902
0.101798
0.103592
0.0759922
-0.13214
-0.1654
5.09625e-05
-0.0302948
0.0450031
0.00907819
0.0590174
-0.150116
-0.158963
0.00183184
-0.0618957
0.0666402
-0.00965913
0.0410359
-0.186223
-0.105838
-0.0934821
-0.0255779
0.0182038
-0.223173
-0.0137289
-0.125377
-0.0329666
-0.00634061
-0.243777
0.074199
-0.157889
-0.241985
0.115927
-0.190766
-0.220842
0.038545
0.0379882
0.037395
0.040061
0.0392798
0.0419136
0.0409721
0.0437593
0.0428405
0.0454465
0.0446186
0.046992
0.046231
0.0484525
0.0477274
0.0499024
0.049173
0.0514392
0.050654
0.0531731
0.0522778
0.0551909
0.054147
0.0575134
0.0563203
0.0600562
0.0587694
0.0626181
0.0613501
0.0649042
0.0638344
0.0666574
0.0658497
0.0677469
0.0672804
0.0681634
0.0680274
0.0679902
0.0681373
0.0673305
0.0677097
0.0662881
0.0668474
0.0649549
0.0656499
0.0634128
0.0642034
0.0617391
0.0625869
0.0600134
0.0608778
0.0583231
0.0591592
0.0567661
0.0575237
0.0554499
0.0560746
0.0544749
0.0549186
0.053919
0.0541456
0.0538203
0.0538178
0.0541581
0.0539404
0.0549222
0.0544912
0.0561127
0.0554656
0.057873
0.0569093
0.0604731
0.0590679
0.0644384
0.0622433
0.0702777
0.0671089
0.0740197
0.0966979
0.0993629
0.0897235
0.0933551
0.0972546
0.0946468
0.100941
0.0992252
0.102217
0.0809656
0.0874198
0.0702535
0.0754236
0.0613084
0.0654604
0.0552994
0.0579597
0.0522354
0.0534587
0.0516637
0.0516897
0.0531131
0.0521909
0.0559786
0.0544192
0.0597022
0.0577725
0.063744
0.0617189
0.0675637
0.0657068
0.0707176
0.0692369
0.0728821
0.0719257
0.0738671
0.0735132
0.0736412
0.0738871
0.0723334
0.0730967
0.0702167
0.0713474
0.0676478
0.0689627
0.0649799
0.0663078
0.0624844
0.0637019
0.0603139
0.0613583
0.0585107
0.0593719
0.0570402
0.057742
0.0558291
0.0564104
0.0547968
0.0552975
0.0538737
0.0543266
0.0530076
0.053437
0.0521567
0.0525826
0.0512838
0.0517237
0.0503426
0.0508235
0.0492662
0.0498239
0.0479526
0.0486425
0.0462608
0.0471567
0.0440488
0.0452177
0.0412763
0.0427201
0.0380896
0.0397152
0.0347821
0.0364288
0.0315674
0.0331552
0.0286195
0.0300584
0.0269356
0.0258484
0.027203
0.0387029
0.0410212
0.0398555
0.0428643
0.0420361
0.0438008
0.0434845
0.0429746
0.0436706
0.0393029
0.0415653
0.0316972
0.0360278
0.0197486
0.0262514
0.00398554
0.0122563
-0.0138662
-0.00483362
-0.0310184
-0.0227287
-0.0441388
-0.0382781
-0.0502137
-0.0481846
-0.0476288
-0.0500023
-0.0370232
-0.0431783
-0.0212466
-0.0295368
-0.00420716
-0.0126501
0.0106413
0.00367051
0.0212382
0.0164914
0.027303
0.0248033
0.0297838
0.0289082
0.029954
0.0300831
0.0287882
0.0294822
0.0279176
0.0792076
0.0367402
0.0859447
0.0370548
0.0880893
0.0360887
0.0850874
0.000510456
0.0916579
0.0934945
0.0208938
0.0980441
0.0994661
0.0850758
-0.155003
-0.0166897
0.0338942
0.0201465
0.0138168
0.0674092
-0.172925
-0.184624
-0.0188782
-0.0529344
0.0598525
-0.007424
0.102541
0.100534
0.025751
0.0245776
0.0501434
-0.216693
-0.179718
-0.0202046
-0.0896128
0.0808394
-0.0290728
0.0294399
0.0283809
-0.269093
-0.11702
-0.127536
-0.0456207
-0.027963
-0.306195
-0.0129567
0.0104977
-0.0153718
-0.165932
-0.00812165
-0.311829
0.0761461
-0.207002
-0.288829
0.100925
-0.250222
0.0349077
0.0363964
0.0343497
0.035186
0.0387217
0.0377022
0.0406389
0.0397087
0.042565
0.0416156
0.0443451
0.0434654
0.0460117
0.0451868
0.0476057
0.0468127
0.0491914
0.0483949
0.0508501
0.0500072
0.0526694
0.051737
0.0547145
0.0536646
0.0569909
0.0558294
0.0594133
0.0581944
0.0617952
0.0606233
0.063909
0.0628719
0.0655374
0.0647895
0.0665498
0.0661154
0.0669416
0.0668128
0.0667861
0.0669194
0.066173
0.0665233
0.0652115
0.0657267
0.0639894
0.0646254
0.0625861
0.0633042
0.0610755
0.061839
0.0595326
0.0603034
0.058039
0.0587754
0.0566848
0.0573407
0.0555669
0.0560936
0.0547747
0.055129
0.0543806
0.0545289
0.0544229
0.0543513
0.0549051
0.0546132
0.0558365
0.0553184
0.0572499
0.0564819
0.059296
0.0581878
0.0621849
0.0606273
0.0664662
0.0641192
0.072339
0.0691305
0.08004
0.076008
0.0896126
0.0845767
0.10065
0.0950728
0.106529
0.111221
0.108359
0.109944
0.104017
0.10623
0.0976343
0.10135
0.106146
0.104419
0.109304
0.107644
0.112429
0.110463
0.113796
0.0964172
0.109064
0.103445
0.0827741
0.0888502
0.0727044
0.077631
0.0642287
0.068237
0.0583122
0.0609543
0.0550479
0.0564
0.05404
0.0543083
0.0548873
0.0542799
0.0570773
0.0558603
0.0600964
0.05852
0.0634569
0.0617658
0.0666828
0.0651098
0.069374
0.0681079
0.0712351
0.0704111
0.0720896
0.0717812
0.0718986
0.0721093
0.0707626
0.0714269
0.0689038
0.069899
0.0666172
0.0677914
0.0642009
0.0654087
0.0618922
0.0630244
0.0598341
0.0608304
0.0580769
0.0589216
0.0566025
0.0573107
0.0553559
0.0559575
0.0542728
0.0547997
0.0532965
0.0537756
0.0523838
0.0528353
0.0514991
0.0519402
0.0506063
0.0510552
0.0496536
0.0501393
0.0485688
0.0491309
0.0472427
0.0479393
0.0455384
0.0464399
0.0433312
0.0444944
0.0405883
0.0420153
0.0374308
0.0390428
0.034091
0.0357679
0.0307982
0.0324224
0.0276627
0.0292011
0.0247304
0.0262135
0.0374983
0.0398458
0.0386941
0.0415688
0.0407841
0.0424322
0.0421577
0.0414295
0.0422314
0.0374162
0.0398677
0.0294153
0.0339376
0.0172546
0.0238211
0.00184657
0.00984358
-0.0146785
-0.00644799
-0.0293673
-0.0224422
-0.0391869
-0.0350413
-0.0419037
-0.0414988
-0.0369183
-0.0403162
-0.0256203
-0.031889
-0.0109369
-0.018485
0.0037866
-0.00339539
0.0159405
0.0103021
0.0241937
0.0205554
0.0285702
0.0268222
0.0299755
0.0295765
0.0294728
0.029897
0.0278817
0.0287747
0.0268681
0.0891789
0.0763548
-0.186356
-0.0383315
0.0358691
0.0432308
0.051782
0.00458869
-0.00218956
0.0984173
0.023341
0.0598546
-0.235772
-0.223265
-0.0434187
-0.0800273
0.0758986
-0.0275517
0.0457877
0.0389063
0.0933548
-0.305344
-0.215398
-0.123782
0.0318875
-0.0527042
0.119235
0.113628
0.119628
0.0132238
-0.049638
-0.367312
-0.13704
-0.0488208
-0.00980934
-0.168897
-0.00616001
-0.0378721
-0.394235
-0.0172072
-0.216989
-0.375119
0.0599669
-0.270557
-0.327035
0.113359
0.0333981
0.0351766
0.0341061
0.0373522
0.0363067
0.0393677
0.0383759
0.0413202
0.0403425
0.0431823
0.0422595
0.0449543
0.0440749
0.0466731
0.0458166
0.0483911
0.0475287
0.0501736
0.0492711
0.0520871
0.0511123
0.0541746
0.0531103
0.0564264
0.055285
0.0587563
0.0575903
0.0609993
0.0598992
0.062961
0.0620178
0.064461
0.0637726
0.0653879
0.0649908
0.0657393
0.0656257
0.0655741
0.0657102
0.064999
0.0653287
0.0641019
0.0645811
0.0629748
0.0635595
0.0616964
0.0623485
0.0603376
0.0610221
0.0589688
0.0596502
0.0576649
0.0583049
0.0565078
0.0570647
0.0555837
0.0560143
0.0549729
0.0552382
0.0547415
0.0548107
0.0549294
0.0547861
0.055556
0.0551911
0.0566444
0.0560452
0.0582502
0.0573813
0.0605114
0.0592955
0.0636442
0.0619569
0.0680535
0.0656873
0.0739013
0.070832
0.0814994
0.0775265
0.0910021
0.0859915
0.101936
0.0963909
0.107593
0.11753
0.118576
0.114905
0.116336
0.111647
0.113342
0.106197
0.109654
0.105993
0.104702
0.113365
0.11195
0.112574
0.115182
0.114245
0.117203
0.116115
0.119483
0.118363
0.109928
0.119036
0.119726
0.0974813
0.104097
0.0843948
0.0905824
0.0746624
0.0793531
0.0666369
0.0704615
0.0608081
0.0634371
0.0573881
0.0588425
0.0560309
0.0564945
0.0563772
0.0560338
0.0579868
0.0570654
0.0603967
0.059126
0.0631664
0.0617652
0.065874
0.0645491
0.068159
0.0670814
0.0697514
0.0690449
0.0704858
0.0702203
0.0703162
0.0705009
0.0693173
0.0699017
0.0676679
0.0685527
0.0656119
0.0666709
0.0634011
0.0645106
0.0612432
0.0623068
0.0592719
0.0602317
0.0575435
0.0583794
0.0560549
0.0567738
0.0547685
0.0553917
0.0536361
0.0541877
0.0526132
0.0531145
0.0516641
0.052132
0.050758
0.0512079
0.0498561
0.0503083
0.0489001
0.049386
0.0478152
0.0483775
0.046486
0.0471844
0.0447798
0.0456816
0.0425836
0.0437396
0.0398671
0.0412799
0.0367291
0.0383345
0.0333595
0.0350571
0.0299595
0.0316521
0.0266677
0.0282794
0.0235558
0.0251175
0.0220043
0.0206288
0.0220096
0.0361197
0.0384427
0.0373531
0.0400316
0.0393176
0.0407448
0.0405619
0.0394286
0.0404127
0.0348851
0.0376246
0.0262513
0.0310901
0.0136155
0.0203764
-0.00166959
0.00616239
-0.0170297
-0.00953001
-0.0293669
-0.0237536
-0.0360161
-0.0335139
-0.0355631
-0.0366833
-0.0283461
-0.0326954
-0.0163563
-0.0227675
-0.00252245
-0.00947871
0.0103122
0.00416139
0.0202524
0.0157119
0.0265662
0.0238478
0.0295166
0.02841
0.0300014
0.0300071
0.0289294
0.0296092
0.026989
0.0280296
0.0245991
0.0258326
0.0233184
0.0703074
-0.238785
-0.0647306
0.0345331
0.0637382
0.0703634
-0.0148294
-0.0220952
0.0640417
0.0503861
-0.321406
-0.280067
-0.0730918
-0.112294
0.0546741
-0.0528089
0.125352
0.125369
0.1136
0.118615
0.111328
0.118595
0.0245862
-0.0687544
-0.410376
-0.261331
-0.048342
-0.0769104
-0.164996
-0.000443113
0.0192097
0.0178324
0.0163812
0.0961327
0.0313379
0.111554
-0.00541972
0.0936535
0.0901046
0.102917
-0.0675011
-0.470596
-0.160704
-0.220604
-0.0459376
-0.475736
-0.0339909
-0.282283
-0.426065
0.0298029
-0.353634
0.0338338
0.0326542
0.0359865
0.0348546
0.03807
0.0370281
0.0400651
0.0390634
0.0419862
0.0410294
0.0438475
0.0429214
0.0456774
0.0447636
0.0475197
0.0465944
0.0494255
0.0484625
0.0514407
0.0504185
0.0535864
0.0524987
0.0558364
0.0547028
0.0581016
0.0569742
0.0602334
0.0591919
0.062063
0.0611899
0.0634391
0.0628088
0.0642737
0.0639183
0.0645677
0.0644785
0.0643841
0.0645244
0.0638179
0.0641381
0.0629647
0.0634176
0.0619146
0.0624565
0.0607458
0.061339
0.0595271
0.0601378
0.0583242
0.0589195
0.0572049
0.0577505
0.0562417
0.0567007
0.05551
0.0558447
0.0550806
0.0552565
0.0550132
0.0550023
0.0553482
0.0551325
0.0561146
0.0556799
0.0573465
0.0566741
0.0591118
0.0581617
0.0615362
0.0602386
0.0648356
0.0630671
0.0692968
0.0669235
0.0751404
0.0720471
0.0826525
0.0786546
0.0919114
0.0870281
0.102585
0.0971491
0.108312
0.123659
0.124691
0.12155
0.122641
0.119355
0.120426
0.117056
0.11794
0.116627
0.117022
0.1241
0.125318
0.124491
0.123984
0.123994
0.124795
0.124286
0.125903
0.125401
0.125984
0.125902
0.0984649
0.104808
0.0859792
0.0920019
0.0762269
0.0808507
0.0685604
0.0722154
0.0628364
0.0654449
0.0593025
0.0608342
0.0576676
0.0582883
0.0575984
0.0574756
0.058713
0.0580449
0.0605986
0.059591
0.0628583
0.0617076
0.0651165
0.0640068
0.0670485
0.0661344
0.0684068
0.0678025
0.0690351
0.0688077
0.0688802
0.0690443
0.0679929
0.0685117
0.0665147
0.0673089
0.0646458
0.0656111
0.0625988
0.0636301
0.0605566
0.0615679
0.0586445
0.0595803
0.0569252
0.0577609
0.0554104
0.0561449
0.0540798
0.0547256
0.0529006
0.0534746
0.0518393
0.0523578
0.0508662
0.0513438
0.0499516
0.0504035
0.0490487
0.0495022
0.0481066
0.0485868
0.0470321
0.0475892
0.0457105
0.046405
0.0440126
0.0449097
0.0418315
0.0429787
0.0391361
0.0405384
0.0360028
0.0376091
0.0325911
0.0343165
0.0290824
0.0308365
0.0256388
0.0273409
0.0222764
0.0239449
0.0206262
0.0343638
0.0368037
0.0356775
0.0383135
0.0376431
0.0387916
0.0387469
0.0370194
0.0382671
0.0317277
0.0348734
0.0221691
0.0274793
0.00873265
0.0158501
-0.0067108
0.00108559
-0.0210737
-0.0142356
-0.0311272
-0.0268003
-0.0346403
-0.0337635
-0.031075
-0.0336875
-0.0216753
-0.0269579
-0.00893677
-0.0155377
0.00426748
-0.00222614
0.0155589
0.0102552
0.0236612
0.0200367
0.0283433
0.0264005
0.0300828
0.0295236
0.0297686
0.0301267
0.0282114
0.0291029
0.0259806
0.0271517
0.0234018
0.0247179
0.0206047
0.0220321
0.0191934
0.0632346
-0.313088
-0.0941669
-0.0910376
0.0326998
0.0127262
-0.0131961
0.0933894
0.0903795
0.126664
0.0302066
0.0419011
0.0289571
0.110971
-0.0478995
-0.039918
-0.145051
0.029264
0.114114
0.124237
0.128368
0.12625
0.0176485
0.0386349
0.0736579
-0.0814501
-0.423747
-0.350206
-0.102599
-0.152478
0.110369
0.0864413
0.00447594
0.0162555
0.014996
0.00807495
0.107108
0.0874527
-0.0939941
-0.519284
-0.309585
-0.116267
-0.216373
-0.0290111
-0.0858201
-0.562795
-0.186544
-0.285428
-0.0808249
-0.0731024
-0.0542564
0.0292433
0.028089
0.127012
0.128173
-0.536993
-0.0679948
-0.366459
0.0238
-0.0493665
-0.458757
0.0323594
0.0309866
0.0346315
0.0335336
0.0367807
0.0357082
0.0388123
0.0378077
0.0407918
0.0398097
0.042725
0.0417622
0.0446481
0.0436854
0.0466006
0.0456179
0.0486223
0.0476005
0.0507412
0.0496685
0.0529573
0.051838
0.0552268
0.0540885
0.0574542
0.0563506
0.059501
0.0585049
0.0612175
0.0604025
0.0624782
0.061903
0.0632165
0.0629056
0.0634407
0.0633822
0.0632169
0.0633727
0.0626399
0.0629609
0.0618086
0.0622457
0.0608153
0.0613237
0.0597389
0.0602806
0.058647
0.0591892
0.0576012
0.0581136
0.0566618
0.0571141
0.0558912
0.0562519
0.0553527
0.0555903
0.0551068
0.0551917
0.0552051
0.0551129
0.0556873
0.0553994
0.056587
0.0560865
0.0579461
0.0572101
0.0598377
0.0588248
0.0623818
0.0610253
0.0657779
0.0639677
0.0702601
0.0678823
0.0760454
0.0729951
0.0833966
0.0795221
0.0924541
0.087735
0.102736
0.0975967
0.10832
0.131292
0.131231
0.131594
0.129738
0.130596
0.128142
0.128882
0.126943
0.127492
0.126688
0.126555
0.128136
0.127265
0.128929
0.13797
0.14453
0.140825
0.134347
0.135822
0.132511
0.133262
0.132085
0.132142
0.132397
0.132193
0.132863
0.132542
0.126268
0.133578
0.133252
0.111821
0.118983
0.0987214
0.105034
0.0869955
0.0927193
0.0773809
0.081942
0.0699974
0.0735045
0.0644193
0.0669836
0.0608211
0.062404
0.0589724
0.0597163
0.0585636
0.0586229
0.0592604
0.0588074
0.0606979
0.0599155
0.0625202
0.0615844
0.0643924
0.0634674
0.0660218
0.0652475
0.0671807
0.0666628
0.0677198
0.0675235
0.0675778
0.0677235
0.0667836
0.0672472
0.0654456
0.066165
0.0637258
0.064616
0.0618042
0.0627754
0.0598431
0.0608178
0.0579624
0.0588863
0.0562328
0.057076
0.0546812
0.0554345
0.0533048
0.0539721
0.0520848
0.0526766
0.050997
0.0515257
0.050015
0.050494
0.0491065
0.049553
0.0482258
0.0486651
0.0473031
0.0477742
0.0462471
0.0467944
0.0449414
0.0456278
0.0432578
0.0441478
0.0410904
0.04223
0.0384062
0.0398037
0.0352602
0.0368769
0.0317885
0.0335505
0.0281616
0.0299822
0.0245307
0.0263421
0.0209819
0.0227442
0.0192339
0.032431
0.0309271
0.0349053
0.0337794
0.036328
0.0357207
0.0364733
0.0366228
0.0340856
0.035685
0.027808
0.0314875
0.0170096
0.0229554
0.00242892
0.010072
-0.0134652
-0.00557115
-0.0269942
-0.0207562
-0.0347871
-0.0317501
-0.0351137
-0.0358916
-0.028387
-0.0325144
-0.0167656
-0.0230039
-0.00318694
-0.010034
0.00958591
0.00344135
0.0196406
0.0150201
0.0262528
0.0233735
0.0295936
0.0282913
0.0303225
0.0302237
0.0293268
0.0299887
0.0273445
0.0284218
0.0248614
0.0261438
0.0221277
0.0235175
0.0191939
0.0206766
0.0177071
0.0553655
-0.0847343
-0.403426
-0.129778
0.148801
0.130275
0.0742003
0.0810683
-0.0229957
0.0160944
0.0138129
0.0253114
0.0669454
-0.114427
-0.529031
-0.423722
-0.141229
-0.201702
0.126252
0.133793
-0.0134994
0.111618
0.0833352
-0.122132
-0.612842
-0.350434
-0.167561
-0.27888
-0.124544
-0.117048
-0.0603377
-0.0672637
0.0275689
0.0266607
0.138579
0.0261471
0.127397
0.147833
0.0252062
0.152248
0.15086
0.115755
-0.109255
-0.626
-0.212468
-0.364276
0.159087
0.165565
0.13826
0.13087
0.138505
0.0640539
-0.00127769
-0.102197
-0.567973
-0.11493
-0.467579
0.174825
0.177079
0.109467
0.0258212
0.02804
0.0266936
0.0309382
0.0295516
0.0333592
0.0322221
0.0355525
0.0344661
0.03763
0.0366055
0.039647
0.0386447
0.0416313
0.0406385
0.0436251
0.0426212
0.0456668
0.0446335
0.0477878
0.0467112
0.0500024
0.0488784
0.0522925
0.0511348
0.0545969
0.0534415
0.0568108
0.0557147
0.058799
0.0578319
0.0604252
0.0596535
0.0615836
0.0610553
0.0622264
0.0619576
0.0623722
0.0623464
0.0620918
0.0622688
0.061484
0.0618125
0.0606524
0.0610809
0.0596933
0.0601749
0.0586886
0.0591843
0.0577067
0.0581839
0.0568059
0.0572366
0.0560394
0.0563976
0.0554587
0.0557189
0.0551143
0.0552516
0.055054
0.0550451
0.0553205
0.0551449
0.0559496
0.05559
0.0569758
0.0564143
0.058445
0.0576563
0.060431
0.0593739
0.0630504
0.0616601
0.0664819
0.0646623
0.0709311
0.068578
0.0766128
0.073618
0.08378
0.0800072
0.0926617
0.0880179
0.103181
0.0978544
0.115082
0.108755
0.122777
0.137213
0.137933
0.13567
0.136406
0.134515
0.134998
0.134303
0.13428
0.135684
0.134717
0.138819
0.137056
0.143649
0.140778
0.157424
0.148845
0.165681
0.149587
0.153733
0.143894
0.146319
0.140554
0.141894
0.139037
0.139604
0.138795
0.138794
0.139591
0.138982
0.140766
0.140228
0.111627
0.118859
0.0986851
0.104894
0.0875417
0.0929383
0.0781663
0.0826309
0.0710235
0.0744069
0.065613
0.0681193
0.0619888
0.0636039
0.0599764
0.0608178
0.0592909
0.0595008
0.0596369
0.0593656
0.0606937
0.0601024
0.0621439
0.0613897
0.0636886
0.0629181
0.0650634
0.0644038
0.0660574
0.0656075
0.0665258
0.0663501
0.0663986
0.0665236
0.0656835
0.066097
0.0644586
0.0651145
0.0628535
0.0636828
0.0610211
0.0619465
0.0591082
0.0600586
0.0572337
0.0581535
0.0554782
0.0563317
0.0538847
0.0546544
0.0524668
0.0531488
0.0512177
0.0518173
0.0501195
0.0506468
0.0491457
0.049615
0.0482599
0.0486908
0.0474101
0.0478304
0.0465203
0.0469702
0.0454899
0.0460244
0.0442027
0.0448783
0.0425324
0.0434159
0.0403703
0.041505
0.0376812
0.0390817
0.0345043
0.0361379
0.0309581
0.0327594
0.0272059
0.0290927
0.023409
0.0253054
0.0197075
0.0215378
0.0179183
0.0225498
0.0254114
0.0239031
0.028192
0.0268483
0.03066
0.0294703
0.0329129
0.0318729
0.0341864
0.0336851
0.033921
0.0343055
0.0307867
0.0328139
0.0233027
0.0276396
0.0109407
0.0176959
-0.00516007
0.00319665
-0.0218217
-0.0136872
-0.0346832
-0.0289861
-0.0402175
-0.038488
-0.037274
-0.0397535
-0.0273023
-0.0329867
-0.0133871
-0.0206168
0.00113323
-0.00601606
0.0136368
0.00775273
0.0226772
0.0186235
0.0280405
0.0257875
0.0302453
0.0294863
0.0301125
0.030406
0.0285464
0.0294594
0.0262184
0.0274448
0.0235408
0.0249058
0.0206966
0.0221349
0.0176866
0.0192097
0.014605
0.0161506
0.0119498
0.0132185
0.0456105
-0.124557
-0.49677
-0.175027
0.154344
0.133208
0.141363
0.00747945
0.0573541
-0.152234
-0.618088
-0.48538
-0.195776
-0.261713
-0.101676
-0.095299
0.166542
0.196193
0.204121
-0.0421005
0.0805877
-0.160613
-0.671761
-0.376101
-0.349506
0.171775
0.179699
0.173591
0.145055
0.146016
0.130159
0.138598
0.0103652
0.0108069
0.0092496
0.129341
0.0494545
-0.0384873
-0.141307
-0.64807
-0.241311
-0.453851
0.0207285
0.0194732
-0.565804
-0.181454
0.108159
-0.178164
0.107321
0.0242996
0.0270174
0.0257145
0.029684
0.028382
0.032187
0.0309943
0.0344466
0.0333282
0.0365677
0.0355011
0.0386086
0.0375697
0.0406258
0.0395889
0.0426678
0.0416132
0.0447711
0.0436819
0.0469651
0.0458289
0.0492556
0.0480734
0.0516109
0.0504036
0.0539553
0.0527655
0.0561737
0.0550619
0.0581288
0.0571636
0.0596911
0.0589337
0.060768
0.0602583
0.0613253
0.0610727
0.0613914
0.0613753
0.0610441
0.0612215
0.0603879
0.0607051
0.0595332
0.0599359
0.0585825
0.0590219
0.0576237
0.058059
0.0567282
0.0571267
0.0559533
0.0562893
0.0553464
0.0555983
0.0549485
0.0550974
0.0547962
0.0548246
0.0549236
0.0548148
0.0553615
0.0551001
0.0561381
0.0557092
0.0572852
0.0566709
0.0588488
0.0580227
0.0609007
0.059822
0.0635523
0.0621583
0.066963
0.0651676
0.0713183
0.0690239
0.0768263
0.0739231
0.0837301
0.0800881
0.0923046
0.0877847
0.102632
0.097284
0.115192
0.108576
0.122421
0.143035
0.144077
0.141313
0.142057
0.140618
0.140838
0.141297
0.140762
0.143932
0.142353
0.149027
0.146161
0.157537
0.152649
0.173278
0.164507
0.183354
0.160066
0.165264
0.152543
0.155888
0.147942
0.149919
0.145599
0.146541
0.144964
0.145103
0.145829
0.145224
0.147636
0.146662
0.14194
0.150039
0.148802
0.12587
0.133849
0.111075
0.118239
0.0983316
0.104401
0.0875782
0.0927302
0.0785892
0.0828664
0.0716445
0.0749125
0.0664236
0.0688563
0.0628203
0.0644519
0.0606942
0.0616148
0.0597916
0.060127
0.0598501
0.0597303
0.0605899
0.0601545
0.0617304
0.0611182
0.0630043
0.062347
0.0641714
0.0635863
0.0650344
0.0646163
0.0654502
0.0652659
0.0653395
0.065423
0.0646893
0.0650411
0.063551
0.0641394
0.0620271
0.0627963
0.0602502
0.0611316
0.0583576
0.0592824
0.0564711
0.0573805
0.0546833
0.0555342
0.0530528
0.0538196
0.0516067
0.0522794
0.0503471
0.0509275
0.0492582
0.0497564
0.0483108
0.0487432
0.0474618
0.0478519
0.0466519
0.0470312
0.045798
0.0462103
0.0447927
0.0452953
0.0435189
0.0441688
0.041853
0.0427238
0.0396811
0.0408005
0.0369682
0.038358
0.0337447
0.0353825
0.0301203
0.0319416
0.0262538
0.0281763
0.0223248
0.0242532
0.0184896
0.0203291
0.0147415
0.016553
0.012676
0.0236285
0.0221708
0.0264289
0.0250409
0.0287623
0.0276764
0.0307608
0.0298185
0.0317678
0.0314203
0.0310006
0.0316667
0.0269946
0.0295124
0.0181287
0.0232167
0.0039555
0.011647
-0.0139304
-0.0047342
-0.0315652
-0.0231054
-0.0438425
-0.0386666
-0.0470879
-0.0466968
-0.0408031
-0.0450249
-0.0275532
-0.0348067
-0.0113407
-0.0195617
0.00414587
-0.0033241
0.0164867
0.0107982
0.024714
0.021117
0.0290768
0.0273259
0.0303733
0.0300494
0.029541
0.0301553
0.0275099
0.0286273
0.0249064
0.0262514
0.0220788
0.0235059
0.0191648
0.02063
0.0161601
0.0176721
0.013063
0.0146224
0.0115826
0.0316347
-0.172873
-0.575553
-0.232754
-0.26042
-0.241928
-0.159628
-0.174524
-0.22536
0.216608
0.183428
-0.0172307
0.0451211
-0.203211
-0.255363
-0.673035
-0.524389
-0.264724
-0.32808
-0.0793184
0.182772
0.191699
0.189503
0.146974
0.129979
0.138825
0.245124
0.247025
0.271808
0.142398
0.151308
0.00892647
0.00780239
0.00984831
0.00828093
0.0803125
0.1058
0.10474
0.0290042
-0.207221
-0.35543
-0.685758
-0.390539
-0.424064
0.0198997
0.018244
0.0188885
0.0177242
-0.532503
-0.627611
-0.27527
-0.183689
-0.09283
0.13839
0.136082
0.16153
0.0228501
0.0214316
0.025924
0.0245045
0.0286322
0.0273484
0.0311617
0.0299473
0.0334715
0.0323418
0.0356228
0.0345623
0.0376826
0.0366656
0.0397268
0.038704
0.0417989
0.0407578
0.04394
0.0428589
0.0461813
0.0450482
0.0485232
0.0473423
0.0509253
0.0497223
0.0533017
0.052125
0.0555282
0.0544433
0.0574636
0.0565412
0.05898
0.05828
0.0599918
0.0595501
0.0604739
0.0602951
0.0604628
0.0605216
0.0600422
0.0602925
0.0593238
0.0597084
0.0584263
0.0588865
0.0574613
0.057943
0.0565245
0.0569821
0.0556934
0.0560905
0.0550272
0.0553363
0.0545695
0.0547705
0.0543516
0.0544299
0.0543962
0.0543412
0.0547216
0.0545244
0.0553428
0.054996
0.0562762
0.0557707
0.0575471
0.0568685
0.0591977
0.0583221
0.0612958
0.0601856
0.0639454
0.0625434
0.0672885
0.0655198
0.071495
0.0692715
0.0767656
0.0739825
0.083339
0.0798724
0.0915048
0.0872007
0.101615
0.0962938
0.114391
0.107616
0.121825
0.148525
0.151445
0.14989
0.146628
0.147419
0.146297
0.146307
0.147752
0.146779
0.151599
0.149359
0.158322
0.154588
0.169574
0.163223
0.186705
0.177439
0.211303
0.197708
0.227942
0.169338
0.175385
0.160325
0.164385
0.154668
0.157148
0.15163
0.152876
0.150735
0.150952
0.151686
0.151011
0.154189
0.152766
0.157876
0.15596
0.125206
0.133618
0.110151
0.117322
0.0975467
0.103544
0.0871077
0.0920868
0.0785488
0.0826144
0.0718767
0.0749957
0.0668696
0.0691851
0.0633394
0.064932
0.0611492
0.0620953
0.0600827
0.0604942
0.0599087
0.0599005
0.0603865
0.0600796
0.0612701
0.0607871
0.0623209
0.0617796
0.0633196
0.0628272
0.064079
0.0637251
0.0644556
0.0643069
0.0643594
0.0644548
0.0637584
0.0641074
0.0626809
0.0632625
0.0612087
0.0619763
0.0594603
0.0603513
0.05757
0.0585162
0.0556657
0.0566046
0.0538521
0.0547347
0.0522009
0.0529954
0.0507487
0.0514408
0.0495017
0.0500917
0.0484425
0.0489415
0.0475362
0.0479636
0.0467327
0.0471155
0.045963
0.0463384
0.0451368
0.0455523
0.0441453
0.044657
0.0428657
0.0435379
0.0411739
0.0420556
0.038983
0.040137
0.0362316
0.037666
0.0329547
0.0346447
0.0292594
0.0311429
0.0253015
0.0272996
0.0212486
0.0232724
0.0172689
0.0192522
0.0134514
0.015344
0.0116491
0.0214801
0.020138
0.0241455
0.0228258
0.0265391
0.0254196
0.0284462
0.0275655
0.0292304
0.0290165
0.0279786
0.0289251
0.0230748
0.0261007
0.0127686
0.018646
-0.00333219
0.00536184
-0.0231508
-0.0130427
-0.0418915
-0.0330506
-0.0536569
-0.0489826
-0.0546297
-0.0555806
-0.045033
-0.0509821
-0.0285892
-0.0373595
-0.0102009
-0.0193513
0.00616206
-0.00158759
0.0183254
0.0128321
0.0257963
0.0226207
0.0292716
0.0279612
0.0298064
0.0298403
0.0284164
0.0292812
0.0260357
0.0273004
0.0232614
0.0246711
0.0203775
0.0218191
0.017483
0.018928
0.0145639
0.0160261
0.0116417
0.0130933
0.0101803
0.0126833
-0.235444
-0.624102
-0.300599
-0.207364
-0.130829
0.202483
0.153186
0.147972
0.279249
0.303491
0.159923
0.00667287
-0.0490032
0.033057
0.104707
-0.260745
-0.332293
-0.684469
-0.532485
-0.299403
-0.335526
-0.389261
0.0187294
0.0170957
0.0165554
0.0169049
0.0158423
-0.475069
-0.654364
-0.397051
-0.270765
0.00159073
0.0830959
0.183656
0.140314
0.201404
0.171113
0.215285
0.196095
0.145436
0.153568
0.21606
0.182298
0.197271
0.230697
0.211316
0.230371
0.218602
0.253399
0.234128
0.249299
0.1551
0.255836
0.15705
0.271038
0.280786
0.29612
0.20767
0.325742
0.311893
0.285812
-0.251421
0.162679
0.165633
0.152558
0.241174
0.341051
0.323586
-0.573053
0.514054
0.562446
0.513558
0.561276
0.0217563
0.0202677
0.0248851
0.0234105
0.0277471
0.0263942
0.0303324
0.0290929
0.032687
0.0315467
0.0348815
0.0338062
0.036986
0.0359426
0.0390422
0.0380007
0.0411213
0.0400732
0.0432797
0.0421883
0.0455411
0.0443962
0.0479029
0.0467103
0.0503216
0.0491089
0.0527069
0.0515249
0.0549302
0.0538469
0.0568479
0.055935
0.0583316
0.0576493
0.0592976
0.0588807
0.0597243
0.0595756
0.0596516
0.0597442
0.0591678
0.0594527
0.0583897
0.0588062
0.0574431
0.0579283
0.0564482
0.0569433
0.0555104
0.0559651
0.0547153
0.0550894
0.0541269
0.0543911
0.0537885
0.0539235
0.0537257
0.0537207
0.0539498
0.0538005
0.0544628
0.0541693
0.0552624
0.0548255
0.0563508
0.0557685
0.0577427
0.0570056
0.0594725
0.0585606
0.0616008
0.0604801
0.0642218
0.0628409
0.0674622
0.0657541
0.071479
0.0693614
0.0764663
0.0738368
0.082672
0.0793989
0.090411
0.0863267
0.100182
0.0949945
0.112873
0.106096
0.12923
0.120606
0.148798
0.1387
0.157425
0.159904
0.153604
0.155329
0.15149
0.15235
0.151485
0.151343
0.153582
0.152243
0.158411
0.155656
0.166666
0.162078
0.179538
0.172484
0.1983
0.188165
0.225064
0.210409
0.263017
0.242748
0.31584
0.287018
0.384468
0.38713
0.349207
0.332606
0.40389
0.399386
0.364519
0.281075
0.305349
0.241862
0.260073
0.212809
0.22614
0.192027
0.201542
0.177284
0.184033
0.167155
0.171748
0.160641
0.163518
0.157073
0.158545
0.155999
0.156268
0.157128
0.156324
0.160335
0.158478
0.165192
0.162574
0.14244
0.162167
0.152355
0.124056
0.132904
0.10871
0.116004
0.0961872
0.102129
0.0860987
0.0908885
0.0780131
0.0818299
0.0717121
0.0746586
0.0669515
0.0691555
0.0635384
0.0650852
0.0613355
0.062296
0.0601615
0.060632
0.0598162
0.0598975
0.0600943
0.0598905
0.0607813
0.0604004
0.0616629
0.0612114
0.0625361
0.0621134
0.0632199
0.0629129
0.0635682
0.0634447
0.0634808
0.0635849
0.0629095
0.0632586
0.0618659
0.0624464
0.0604188
0.0611898
0.0586807
0.0595815
0.0567868
0.0577482
0.0548723
0.0558281
0.0530514
0.0539479
0.0514039
0.052206
0.0499705
0.0506623
0.0487569
0.0493395
0.0477412
0.0482285
0.0468816
0.0472965
0.0461207
0.0464941
0.0453818
0.0457548
0.0445682
0.0449917
0.04357
0.0441001
0.042265
0.0429653
0.0405365
0.0414596
0.0382971
0.0394888
0.0354985
0.0369712
0.0321731
0.0339014
0.0284257
0.0303486
0.0244148
0.0264487
0.0202936
0.0223538
0.0162521
0.0182482
0.0123544
0.0142833
0.00877345
0.0105887
0.00562298
0.00729538
0.0191464
0.0179823
0.0215897
0.0203342
0.02392
0.0227886
0.0257726
0.0249326
0.0263676
0.0262708
0.0246568
0.0258711
0.0189067
0.0224035
0.00728759
0.0138818
-0.0105671
-0.000959435
-0.0321474
-0.021215
-0.0518387
-0.0426904
-0.063004
-0.0588665
-0.0617427
-0.0639979
-0.0490613
-0.0566026
-0.0297852
-0.0398781
-0.00960688
-0.0194972
0.00735463
-0.000553868
0.0192396
0.0139698
0.0260184
0.023217
0.0287473
0.0278006
0.0286858
0.028993
0.0268912
0.0279333
0.0242736
0.0256354
0.0214005
0.0228416
0.0185237
0.0199486
0.0157123
0.0171045
0.0129465
0.0143216
0.0102443
0.0115773
0.0076821
0.00890867
0.00554188
0.00658423
-0.0104231
0.496047
0.435517
0.468248
0.165199
0.427236
0.497132
0.465794
-0.299503
-0.634195
-0.362769
0.0154217
0.00472623
0.0147672
-0.180203
0.168129
0.159141
-0.367483
-0.38388
-0.414157
-0.655548
-0.519907
-0.339441
0.436934
0.536244
0.246245
0.10197
0.535057
0.450135
-0.0927315
0.0208654
-0.490541
-0.407798
-0.421008
-0.462671
-0.331775
0.169002
0.171425
0.0849689
0.179475
0.380046
0.288653
0.330652
0.401722
-0.0368624
-0.588018
-0.499725
0.0137243
-0.319711
0.00451462
-0.482878
0.00341428
0.623682
0.625878
-0.387482
-0.610046
-0.386038
0.488563
0.181949
0.495503
-0.0394601
-0.452975
-0.405483
0.00542292
0.00646179
0.00759007
0.00876847
0.00998026
0.0112235
0.0124881
0.0137676
0.0150674
0.0163962
0.0177542
0.0191442
0.0205586
0.0219806
0.0233731
0.0246855
0.0258368
0.0267388
0.0272658
0.0272999
0.0266967
0.0252989
0.0228988
0.0193041
0.0143583
0.00795517
8.32469e-05
-0.00914751
-0.0194789
-0.0304838
-0.041547
-0.0519025
-0.0606986
-0.0671041
-0.0704423
-0.0703081
-0.0666343
-0.0597797
-0.0504189
-0.0394731
-0.0278996
-0.0165913
-0.00627897
0.00255892
0.00969681
0.0151271
0.0189697
0.0214494
0.0228355
0.0233998
0.0233511
0.0228537
0.0220479
0.0210569
0.0199886
0.0188791
0.0177695
0.0167087
0.0157158
0.0147869
0.0138487
0.0129078
0.0120041
-0.5104
-0.290028
-0.0569736
0.388335
0.348464
0.222618
0.0948411
0.00274885
0.00368106
0.00481577
0.00626693
0.00782198
0.00961118
0.0114384
0.0134198
0.0154119
0.0174563
0.0195044
0.0215742
0.0236348
0.0256871
0.0276936
0.0296158
0.0314604
0.0331922
0.0348159
0.036299
0.0376571
0.0388662
0.0399492
0.0408929
0.0417278
0.0424444
0.0430756
0.0436176
0.0441033
0.0445273
0.0449237
0.045287
0.0456496
0.0460043
0.0463813
0.0467707
0.0472005
0.047658
0.0481703
0.0487222
0.049339
0.0500019
0.0507338
0.0515108
0.0523525
0.0532286
0.0541548
0.0550943
0.0560589
0.0570063
0.0579463
0.058833
0.059677
0.0604324
0.0611131
0.0616767
0.0621434
0.0624768
0.0627046
0.0627985
0.0627939
0.0626705
0.0624698
0.0621776
0.0618406
0.0614501
0.061056
0.0606536
0.0602937
0.0599745
0.0597455
0.0596069
0.059606
0.0597433
0.060063
0.060565
0.0612916
0.062243
0.0634597
0.0649381
0.0667151
0.0687828
0.0711867
0.0739248
0.0770578
0.0805843
0.0845855
0.0890719
0.0941742
0.0999118
0.106451
0.113794
0.122109
0.131396
0.141683
0.15284
0.164123
0.174935
0.18487
0.180151
0.175815
0.171972
0.168676
0.16592
0.163649
0.162031
0.16104
0.16067
0.160947
0.16188
0.163518
0.165893
0.16907
0.173108
0.178107
0.184153
0.191378
0.199878
0.209827
0.221441
0.234941
0.250402
0.267973
0.28773
0.310516
0.335893
0.36348
0.392758
0.421848
0.447742
0.46735
0.478562
0.478017
0.46565
0.442737
0.413127
0.381455
0.350348
0.32163
0.295961
0.273561
0.25353
0.235599
0.220552
0.207867
0.197141
0.187927
0.180136
0.173714
0.168527
0.164359
0.16111
0.158665
0.157007
0.156038
0.155723
0.155949
0.156819
0.158258
0.160259
0.162831
0.165952
0.169391
0.173426
0.178013
0.18324
0.173155
0.161502
0.14947
0.138078
0.127748
0.118692
0.11085
0.104104
0.0982964
0.0932674
0.0888978
0.0850534
0.0816539
0.0786132
0.0759012
0.0734544
0.0712596
0.0692691
0.0674791
0.065847
0.0643754
0.0630258
0.0618061
0.0606802
0.0596611
0.0587148
0.05786
0.0570651
0.0563537
0.0556961
0.0551204
0.0545977
0.0541596
0.0537769
0.0534837
0.0532495
0.0531097
0.053032
0.0530497
0.05313
0.0533019
0.053531
0.0538424
0.0541999
0.0546244
0.0550779
0.0555771
0.0560821
0.0566063
0.0571075
0.0575975
0.0580321
0.0584235
0.0587254
0.0589531
0.0590614
0.0590674
0.058933
0.0586785
0.0582745
0.0577471
0.0570764
0.0562948
0.0553918
0.0544046
0.0533293
0.0522042
0.0510279
0.049836
0.0486259
0.0474275
0.0462346
0.0450694
0.0439216
0.0428055
0.0417085
0.0406356
0.0395776
0.0385494
0.0375205
0.0364632
0.0354059
0.0343347
0.0332405
0.032101
0.0309291
0.029687
0.0284047
0.027018
0.0255942
0.0240387
0.0225183
0.0208546
0.0191922
0.0175383
0.0158735
0.0142535
0.0126944
0.0111942
0.00369107
-0.373189
-0.418786
-0.408726
-0.491357
-0.594873
-0.505446
-0.482823
-0.399857
0.586079
0.446794
0.0959661
0.288848
0.460579
0.582651
0.00444697
-0.158916
-0.0818902
0.520842
0.209867
0.51839
-0.453747
-0.561204
-0.391724
-0.611327
-0.419735
-0.421523
0.00440029
0.0053188
0.0062695
0.00727202
0.00833186
0.00942492
0.0105515
0.0116944
0.0128703
0.0140838
0.0153407
0.0166439
0.0179931
0.019369
0.020742
0.0220581
0.0232539
0.0242461
0.0249342
0.025197
0.0248879
0.0238428
0.02185
0.0187005
0.0142071
0.00823585
0.000726124
-0.00826486
-0.0185392
-0.0297015
-0.041152
-0.0521088
-0.0616782
-0.0689657
-0.0731605
-0.0737813
-0.070689
-0.0642388
-0.055066
-0.0441377
-0.0324523
-0.0209815
-0.0104766
-0.00144666
0.005871
0.0114575
0.0154296
0.0180036
0.0194489
0.020045
0.0200197
0.0195602
0.0188255
0.0179316
0.0169762
0.0159997
0.0150409
0.0141463
0.0132937
0.0124839
0.0117008
0.0109127
0.0101594
0.00956618
0.0018924
0.137817
0.294664
0.194355
0.188446
0.18302
0.178236
0.17413
0.170792
0.168149
0.166269
0.165112
0.164669
0.164966
0.165997
0.167784
0.170377
0.173819
0.178182
0.183531
0.189963
0.197567
0.206452
0.21674
0.228595
0.242113
0.257295
0.274288
0.293388
0.314401
0.337352
0.36134
0.386037
0.410268
0.4313
0.446066
0.452987
0.451721
0.442267
0.425075
0.402177
0.376272
0.349591
0.324147
0.300814
0.279658
0.260544
0.243407
0.228346
0.215325
0.204133
0.194539
0.186361
0.179497
0.173842
0.169263
0.165672
0.162953
0.161055
0.15991
0.159514
0.159761
0.160698
0.162304
0.164583
0.167535
0.171158
0.175237
0.180199
0.185717
0.191959
0.199003
0.191395
0.17869
0.1644
0.150246
0.137284
0.125934
0.116344
0.108285
0.101534
0.0958306
0.09103
0.0869473
0.0834287
0.0803531
0.077589
0.0751485
0.072898
0.0708981
0.0690355
0.0673791
0.0658163
0.0644265
0.0630973
0.0619181
0.060774
0.0597636
0.0587698
0.0579005
0.0570368
0.0562954
0.0555557
0.0549416
0.0543311
0.0538532
0.0533841
0.0530559
0.0527428
0.0525774
0.0524312
0.0524366
0.0524607
0.052635
0.0528218
0.0531497
0.053477
0.0539293
0.0543615
0.0548964
0.0553857
0.0559497
0.0564378
0.0569685
0.0573908
0.057821
0.0581112
0.0583766
0.0584718
0.058517
0.0583699
0.0581572
0.0577429
0.0572609
0.0565831
0.05585
0.0549423
0.0540049
0.0529255
0.051849
0.0506669
0.0495195
0.0482993
0.0471392
0.0459305
0.0447968
0.0436289
0.0425366
0.0414233
0.0403808
0.0392955
0.0382657
0.0371858
0.0361507
0.0350406
0.0339961
0.032854
0.0317195
0.0304986
0.0292354
0.0279206
0.026499
0.0250077
0.0234122
0.021768
0.0201029
0.018241
0.016511
0.0145992
0.0131347
0.0115362
0.0105148
0.00900839
0.00274658
-0.0237777
-0.264267
0.462337
0.639281
0.0916842
0.352687
0.639194
0.428144
-0.485188
-0.418471
-0.466121
-0.526227
0.00181647
0.0024996
0.00378677
0.00532314
0.0070013
0.0088365
0.0107532
0.0127502
0.0147721
0.016827
0.0189042
0.0209747
0.0230276
0.025049
0.0270484
0.0289591
0.0308176
0.0325476
0.034193
0.0356828
0.0370709
0.0382948
0.0394144
0.0403768
0.0412508
0.0419848
0.0426564
0.0432128
0.0437362
0.044159
0.0445799
0.0449357
0.0453135
0.0456526
0.0460353
0.0464017
0.0468293
0.0472581
0.0477629
0.0482816
0.0488877
0.0495152
0.0502353
0.0509766
0.0518071
0.0526492
0.0535664
0.054475
0.0554337
0.0563544
0.0572921
0.0581568
0.059002
0.0597399
0.0604253
0.0609759
0.0614506
0.0617756
0.0620152
0.062106
0.0621177
0.0619975
0.0618203
0.0615396
0.0612353
0.060866
0.0605143
0.0601423
0.0598327
0.0595495
0.0593741
0.0592711
0.0593187
0.0594818
0.0598341
0.0603399
0.0610698
0.0619874
0.0631594
0.0645488
0.0662157
0.0681274
0.0703429
0.0728448
0.0756938
0.0788951
0.0825216
0.0866302
0.0913365
0.0967725
0.103083
0.110406
0.118871
0.128569
0.139724
0.152195
0.165478
0.178672
0.190929
0.201862
-0.426753
0.791865
0.208228
-0.403646
0.000674669
0.000972647
0.00123226
0.00289236
0.00448457
0.0063367
0.00826672
0.0102362
0.0122556
0.0143058
0.016359
0.018443
0.0204968
0.0225676
0.0245667
0.0265615
0.0284599
0.0303163
0.0320401
0.0336926
0.0351864
0.0365938
0.0378295
0.0389778
0.0399591
0.0408645
0.041621
0.0423218
0.0429029
0.0434352
0.0438831
0.0443198
0.0446915
0.04508
0.0454253
0.0458125
0.0461751
0.0466005
0.0470174
0.0475133
0.0480136
0.0486052
0.0492098
0.0499102
0.0506249
0.0514319
0.0522451
0.0531369
0.0540161
0.0549502
0.0558432
0.0567598
0.0576007
0.0584309
0.0591507
0.0598287
0.0603678
0.0608435
0.0611635
0.0614123
0.0615037
0.0615319
0.0614165
0.0612612
0.0609915
0.0607143
0.0603617
0.0600414
0.0596898
0.0594142
0.0591527
0.0590108
0.0589261
0.0590013
0.0591723
0.0595385
0.0600332
0.0607491
0.0616229
0.0627373
0.0640324
0.0655812
0.0673289
0.0693442
0.0715842
0.0741196
0.0769321
0.0801145
0.0837092
0.0878707
0.0927757
0.0986555
0.105713
0.114223
0.12443
0.136488
0.150558
0.166321
0.183264
0.19944
0.800708
-0.512128
-0.460534
0.529588
0.271733
0.549313
-0.158694
0.701385
-0.43723
0.199842
0.19217
0.185864
0.180241
0.175398
0.171406
0.168115
0.1656
0.163856
0.162855
0.162588
0.163089
0.164354
0.166431
0.169384
0.173262
0.178144
0.184131
0.191314
0.199796
0.20969
0.221096
0.234201
0.249109
0.265831
0.284167
0.304009
0.325263
0.347583
0.370142
0.39168
0.410425
0.424464
0.432445
0.434011
0.42899
0.417485
0.400452
0.380241
0.358905
0.337519
0.316687
0.297055
0.278843
0.262323
0.247406
0.233976
0.222031
0.211532
0.202391
0.194512
0.18781
0.182197
0.1776
0.173961
0.171212
0.169316
0.168233
0.167959
0.168466
0.169776
0.1719
0.174913
0.178823
0.183663
0.18946
0.19619
0.203627
0.212601
0.00346245
0.0041608
0.00489206
0.00569965
0.00656668
0.00747654
0.00840676
0.00937922
0.0103686
0.0114111
0.0124885
0.0136349
0.0148167
0.0160541
0.0172895
0.0185236
0.0196649
0.0206912
0.0214686
0.0219331
0.0219107
0.0212694
0.0197754
0.0172534
0.0134711
0.00828947
0.00161069
-0.0065744
-0.0160994
-0.0266536
-0.0376548
-0.0484376
-0.0580721
-0.0656694
-0.0703597
-0.0716515
-0.0693286
-0.0636786
-0.0552382
-0.0449569
-0.0338532
-0.0228986
-0.0128352
-0.00415555
0.00288227
0.00826877
0.0120751
0.0145387
0.015886
0.0164432
0.0164044
0.0159976
0.0153371
0.0145687
0.0137314
0.0129113
0.0120998
0.0113628
0.010685
0.0100351
0.0094274
0.00882555
0.0081276
0.00753303
0.00834864
0.209912
0.199756
0.184791
0.167724
0.15085
0.135841
0.123251
0.113048
0.10478
0.0980569
0.0925962
0.0881475
0.0844951
0.0814024
0.0787217
0.0763245
0.0741697
0.0721807
0.0703696
0.0686759
0.0671295
0.0656658
0.064329
0.0630491
0.061882
0.060752
0.0597256
0.0587225
0.0578192
0.0569321
0.0561466
0.0553767
0.0547152
0.0540734
0.0535499
0.0530528
0.0526845
0.0523494
0.0521517
0.0519913
0.0519727
0.0519899
0.0521477
0.0523333
0.0526507
0.0529823
0.0534282
0.0538681
0.054399
0.054898
0.0554588
0.0559569
0.0564846
0.0569159
0.0573439
0.057642
0.0579064
0.0580129
0.0580605
0.0579297
0.0577256
0.0573337
0.0568679
0.0562181
0.0555078
0.0546316
0.0537205
0.052673
0.051623
0.0504692
0.049345
0.0481463
0.0470039
0.0458082
0.0446853
0.0435197
0.0424359
0.0412972
0.0402333
0.0391452
0.0381106
0.0370356
0.0359992
0.0349106
0.0338127
0.0326591
0.0314999
0.0302631
0.0289957
0.0276176
0.0261685
0.0246117
0.0230035
0.0212232
0.0194764
0.0175323
0.0156692
0.0136409
0.0118611
0.01034
0.00938142
0.00851568
0.00867149
-0.438121
0.437996
0.177021
0.403065
0.710315
-0.454217
-0.442061
0.203404
-0.0806243
0.00281358
0.00249237
0.00555198
-0.00148078
0.00247541
0.00347307
-0.467317
-0.307256
0.0313049
0.542209
0.339523
0.547382
-0.462413
0.207354
0.190585
0.197955
0.178805
0.184215
0.170785
0.174351
0.166228
0.168097
0.164925
0.16519
0.166848
0.165492
0.17219
0.169078
0.181392
0.176286
0.195062
0.187644
0.213908
0.203804
0.23867
0.225527
0.269672
0.253433
0.30626
0.287359
0.346399
0.326092
0.38489
0.366353
0.412258
0.40056
0.420274
0.418925
0.406428
0.41601
0.375077
0.39223
0.336998
0.356311
0.299293
0.31781
0.2657
0.281846
0.237612
0.250974
0.21505
0.225661
0.197722
0.205776
0.185075
0.190862
0.17657
0.180345
0.171775
0.173741
0.170425
0.170689
0.172454
0.171021
0.178112
0.174813
0.187928
0.182475
0.202574
0.194632
0.22237
0.211663
0.00756537
0.00853594
0.010703
0.00910292
0.0150071
0.0129046
0.0190594
0.0170442
0.0227787
0.0209187
0.0260161
0.0244527
0.0288564
0.0274851
0.0313979
0.0301668
0.0337312
0.0325927
0.0359384
0.0348534
0.038083
0.0370201
0.0402344
0.0391601
0.0423949
0.0413105
0.0446318
0.0435102
0.0469268
0.0457804
0.0492312
0.0480885
0.0514608
0.0503683
0.053504
0.05252
0.0552391
0.0544247
0.0565554
0.0559624
0.0573828
0.0570401
0.0577021
0.0576134
0.0575442
0.0576884
0.056987
0.05732
0.0561357
0.0566008
0.0551176
0.0556498
0.0540639
0.0545981
0.0530969
0.0535732
0.0523208
0.0526901
0.0518171
0.0520415
0.0516432
0.051698
0.0518263
0.0517011
0.0523681
0.0520653
0.053249
0.0527807
0.0544363
0.05382
0.0558943
0.0551477
0.0575932
0.0567298
0.0595169
0.0585427
0.0616671
0.0605789
0.0640626
0.0628491
0.0667346
0.065379
0.0697237
0.0682045
0.0730933
0.0713741
0.0770036
0.0749854
0.0818823
0.0792968
0.0888821
0.0850297
0.100201
0.0938684
0.118943
0.108416
0.150092
0.132773
0.190051
0.170241
0.206619
-0.465406
0.225245
0.23366
0.231861
0.0024533
0.00305751
0.00271469
0.00409799
0.00352834
0.005428
0.00474455
0.00689615
0.00614671
0.00850287
0.00768419
0.0103164
0.00938471
0.0123609
0.0113191
0.0145302
0.0134462
0.0165624
0.0155934
0.0179372
0.0173778
0.0178439
0.018153
0.0150073
0.0168608
0.00800269
0.0121105
-0.00417121
0.00258749
-0.0211844
-0.0121835
-0.0403025
-0.030746
-0.0561231
-0.049136
-0.0624371
-0.0607455
-0.0565874
-0.0610395
-0.0408809
-0.0495847
-0.0219673
-0.0314157
-0.00565448
-0.0132302
0.00524455
0.0005208
0.0107398
0.00860357
0.0123829
0.0119167
0.0120309
0.0123686
0.0108963
0.0115163
0.00960591
0.0102469
0.00842143
0.00899654
0.00741439
0.0078961
0.00652444
0.00696013
0.00535666
0.00613395
0.00692599
0.00180397
0.000238272
0.000196339
0.00397394
0.00216503
0.00791887
0.0059485
0.0120075
0.00998665
0.0161372
0.0141021
0.020267
0.0182387
0.0243093
0.0223395
0.028165
0.0263046
0.031718
0.0300252
0.0348568
0.0333831
0.0375112
0.0362856
0.0396666
0.0386891
0.0413618
0.0406075
0.0426641
0.042099
0.0436922
0.0432494
0.0445338
0.044171
0.0452894
0.0449577
0.0460499
0.0457047
0.0468909
0.0464958
0.0478739
0.0474011
0.049046
0.0484747
0.0504258
0.0497508
0.0519999
0.0512325
0.0537167
0.0528878
0.0554855
0.0546449
0.0571865
0.0563969
0.0586881
0.0580153
0.0598704
0.0593712
0.0606481
0.0603594
0.0609877
0.0609191
0.0609157
0.0610461
0.060516
0.0607969
0.0599194
0.0602812
0.0592856
0.0596458
0.0587869
0.0590587
0.0585932
0.0586929
0.0588582
0.0587116
0.0597104
0.0592568
0.0612474
0.0604428
0.0635328
0.0623498
0.0665947
0.0650227
0.0704408
0.0684758
0.0751146
0.0727223
0.0808765
0.0778779
0.0886266
0.0844505
0.100308
0.0938442
0.118956
0.108534
0.147855
0.131962
0.187005
0.166619
0.208286
0.000604246
-0.00446701
0.215387
0.24755
0.235694
0.165842
0.191
0.126218
0.143793
0.102819
0.112756
0.0897959
0.0952938
0.0820515
0.0854376
0.076458
0.0790317
0.0718061
0.0739815
0.0678332
0.0696791
0.0645417
0.0660432
0.0619686
0.0631083
0.0601208
0.0609001
0.0589643
0.0594052
0.0584262
0.0585697
0.0584
0.0583032
0.0587491
0.0584838
0.0593145
0.0589623
0.0599274
0.0595733
0.0604239
0.0601483
0.0606619
0.0605324
0.0605362
0.0605998
0.0599925
0.0602696
0.0590345
0.0595159
0.0577207
0.0583709
0.056152
0.0569163
0.0544517
0.055267
0.0527431
0.0535489
0.051129
0.0518774
0.0496791
0.0503398
0.0484245
0.0489866
0.0473618
0.0478303
0.0464599
0.0468532
0.0456601
0.0460107
0.0449031
0.0452409
0.0440999
0.044472
0.0431591
0.0436119
0.0419824
0.0425648
0.0404657
0.0412304
0.038528
0.0395121
0.0361153
0.0373414
0.0332172
0.034684
0.0298769
0.0315569
0.0261814
0.0280262
0.0222419
0.0241942
0.0181715
0.0201736
0.014052
0.0160752
0.00992171
0.0119486
0.0057871
0.00781969
0.00169312
0.00374529
-0.000407057
1.74162e-06
-0.00227347
0.000971494
0.0031133
0.00364654
0.00364052
0.00393737
0.00426526
0.00457854
0.00489373
0.00522665
0.00558133
0.00596621
0.00637542
0.00683185
0.00725032
0.00760084
0.00782284
0.0078285
0.00749014
0.00665756
0.00513475
0.00271835
-0.000697555
-0.005165
-0.0106451
-0.0169493
-0.0236852
-0.0302772
-0.0363804
-0.0414939
-0.0444236
-0.0450695
-0.043433
-0.0397217
-0.0343414
-0.0277815
-0.0207465
-0.0138153
-0.00740677
-0.00180854
0.00282176
0.00645028
0.00911971
0.0109333
0.0120139
0.0125057
0.0125351
0.0122279
0.0116954
0.011021
0.0102623
0.00947615
0.00869745
0.00794507
0.00722702
0.00654509
0.00591088
0.00532011
0.0047736
0.00425843
0.00377128
0.00331153
0.00287903
0.00248117
0.00214793
0.0019129
0.00179901
0.00193174
0.00188058
0.00218471
0.245025
0.00105457
0.232547
0.214282
0.224444
0.171607
0.195818
0.128481
0.147691
0.103262
0.113639
0.0899669
0.0953212
0.082682
0.0856081
0.0779474
0.0799213
0.0741752
0.0757906
0.0708445
0.0722802
0.0678194
0.0691182
0.0650699
0.0662408
0.0625795
0.0636302
0.0603291
0.0612685
0.0583039
0.0591381
0.0565003
0.057229
0.0549294
0.0555449
0.0536162
0.0541042
0.0525939
0.0529369
0.0518962
0.0520774
0.0515481
0.0515562
0.0515578
0.0513909
0.05191
0.0515785
0.0525643
0.0520905
0.0534419
0.0528691
0.054458
0.0538343
0.0554974
0.0548801
0.0564349
0.0558865
0.057143
0.0567263
0.057506
0.057276
0.0574357
0.0574319
0.0568778
0.0571214
0.0558271
0.0563148
0.0543257
0.0550305
0.0524628
0.0533352
0.0503524
0.0513347
0.0481083
0.0491446
0.0458268
0.0468721
0.0435718
0.0445984
0.0413684
0.0423686
0.0392112
0.0401897
0.0370692
0.0380435
0.0348948
0.0358924
0.0326206
0.0336758
0.0301765
0.0313256
0.0274761
0.0287643
0.0244147
0.0258984
0.0208918
0.0226226
0.0168026
0.0188349
0.0122764
0.0145465
0.00812046
0.00995403
0.00769998
0.00467657
0.00365742
0.218089
0.231393
0.198164
0.207179
0.184893
0.190813
0.176735
0.18026
0.172694
0.174244
0.172292
0.17206
0.175397
0.173409
0.182143
0.178304
0.192857
0.186984
0.207989
0.199847
0.228022
0.217374
0.253266
0.239993
0.283671
0.267854
0.318349
0.300592
0.354586
0.336529
0.387061
0.371727
0.407824
0.399419
0.410413
0.411537
0.393961
0.404279
0.363307
0.379926
0.326301
0.345122
0.289361
0.307533
0.256087
0.272129
0.228316
0.241469
0.206397
0.216657
0.189903
0.197511
0.178254
0.183527
0.1708
0.174043
0.167058
0.168495
0.166726
0.166482
0.16975
0.167817
0.176368
0.17259
0.187162
0.1812
0.203289
0.194464
0.21436
-0.468836
-0.193919
-0.557066
0.276939
-0.849417
-0.515062
-0.72913
-0.551447
-0.497494
-0.449639
0.686028
0.813999
0.89477
0.83033
0.693606
-0.451076
-0.444647
-0.492986
-0.528866
-0.706107
-0.297364
0.045252
-0.109414
0.0537905
0.254286
0.228284
0.196649
0.16611
0.141168
0.122047
0.107871
0.0977195
0.0906425
0.0856931
0.0820867
0.0792373
0.0768058
0.0745838
0.072493
0.0704967
0.0686053
0.0668299
0.0651919
0.0637057
0.062383
0.0612323
0.0602541
0.0594511
0.0588149
0.058344
0.0580228
0.0578463
0.0577927
0.0578545
0.0580043
0.0582331
0.0585096
0.0588242
0.0591439
0.0594602
0.0597404
0.0599788
0.0601455
0.0602397
0.0602358
0.0601396
0.0599318
0.0596259
0.0592095
0.0587034
0.0581013
0.0574301
0.0566878
0.0559053
0.0550818
0.0542496
0.0534064
0.0525835
0.0517743
0.0510075
0.0502707
0.0495899
0.0489458
0.0483624
0.0478146
0.047322
0.0468583
0.046438
0.0460346
0.0456602
0.0452818
0.0449088
0.0445154
0.0441079
0.0436562
0.043167
0.042608
0.0419851
0.0412665
0.040463
0.0395449
0.0385241
0.0373753
0.036116
0.0347274
0.0332328
0.0316201
0.0299183
0.0281202
0.0262583
0.0243279
0.0223611
0.0203526
0.0183315
0.0162889
0.0142476
0.0121923
0.010137
0.00805722
0.00595821
0.00394057
0.00176014
-0.00032786
-0.00209578
-0.00469105
-0.0017581
0.0153291
0.00360788
0.00194307
0.00181306
0.00128032
0.00130851
0.00148436
0.00165679
0.0018178
0.0019602
0.00209447
0.00223655
0.00236538
0.00262218
0.00278623
0.0029406
0.00305765
0.00308445
0.0029541
0.00259661
0.00193853
0.00084805
-0.000684362
-0.00267877
-0.00510846
-0.00790303
-0.0108645
-0.0137667
-0.0163294
-0.0184416
-0.0196496
-0.0198064
-0.0189129
-0.0170978
-0.0145581
-0.0115418
-0.00835476
-0.0052619
-0.00244814
-2.86474e-05
0.0019397
0.00345429
0.00453946
0.0052497
0.00563718
0.00576968
0.00569893
0.00548597
0.00517005
0.00479425
0.00437759
0.00394982
0.00352611
0.00312981
0.00276836
0.00244895
0.00216704
0.00191658
0.00168846
0.00147901
0.00128566
0.00110992
0.000955919
0.000828782
0.000743585
0.000727165
0.000835071
0.00109564
0.0016504
0.00303594
0.00682683
0.0139402
0.0112076
0.272345
0.247261
0.227208
0.203525
0.174534
0.146849
0.125593
0.109722
0.0988777
0.0908575
0.0859076
0.0820574
0.079755
0.0774887
0.0759923
0.074151
0.0728323
0.0710955
0.0698318
0.0681708
0.0669778
0.0654179
0.0643203
0.062878
0.0618854
0.0605637
0.0596762
0.0584724
0.0576885
0.0566018
0.0559238
0.0549588
0.0543952
0.0535627
0.0531278
0.0524428
0.0521535
0.0516322
0.0515045
0.0511596
0.0512038
0.0510405
0.0512575
0.0512702
0.0516483
0.0518174
0.0523296
0.0526275
0.053245
0.0536192
0.0542879
0.0546856
0.0553473
0.0557078
0.0562993
0.0565596
0.0570184
0.0571196
0.0573901
0.0572817
0.0573234
0.0569786
0.0567738
0.0561858
0.0557399
0.0549227
0.0542613
0.0532524
0.0524253
0.0512816
0.0503447
0.0491216
0.0481296
0.046877
0.0458738
0.0446276
0.0436408
0.0424193
0.0414589
0.0402638
0.0393221
0.0381375
0.037197
0.0360029
0.0350379
0.033804
0.0327814
0.0314733
0.0303553
0.0289321
0.0276729
0.026087
0.0246323
0.0228338
0.0211186
0.0190402
0.0170224
0.0147983
0.0123228
0.00972912
0.0071805
0.00380313
0.00583297
0.00278295
0.0107886
0.333091
0.263029
0.240833
0.222544
0.209767
0.199955
0.192221
0.186084
0.181294
0.177672
0.17511
0.173525
0.172865
0.173096
0.174217
0.17623
0.179166
0.183052
0.187938
0.19387
0.200911
0.209113
0.218538
0.229227
0.241211
0.254487
0.269024
0.284718
0.301391
0.318743
0.336344
0.353646
0.369916
0.384317
0.395885
0.403783
0.407312
0.406301
0.40077
0.391219
0.378173
0.36244
0.344897
0.326514
0.30807
0.290132
0.27313
0.257308
0.242779
0.229632
0.217913
0.207605
0.198665
0.190999
0.184539
0.179203
0.17493
0.171644
0.169297
0.167837
0.167241
0.167493
0.168603
0.17059
0.173505
0.177424
0.182482
0.188849
0.196799
0.207038
0.21978
0.326557
-0.43135
-0.114262
0.0865994
-0.161206
-0.0126226
-0.0185602
-0.0138273
0.0385703
0.00279546
0.0322943
0.0337744
0.0492418
0.0609048
0.0475966
0.0382591
0.0907251
0.015061
-0.201394
0.824843
0.00198248
)
;

boundaryField
{
    frontandback
    {
        type            empty;
    }
    walls
    {
        type            zeroGradient;
    }
    diamond
    {
        type            zeroGradient;
    }
    inlet
    {
        type            zeroGradient;
    }
    outlet
    {
        type            fixedValue;
        value           uniform 0;
    }
}


// ************************************************************************* //
