/*--------------------------------*- C++ -*----------------------------------*\
  =========                 |
  \\      /  F ield         | OpenFOAM: The Open Source CFD Toolbox
   \\    /   O peration     | Website:  https://openfoam.org
    \\  /    A nd           | Version:  10
     \\/     M anipulation  |
\*---------------------------------------------------------------------------*/
FoamFile
{
    format      ascii;
    class       volScalarField;
    location    "29";
    object      p;
}
// * * * * * * * * * * * * * * * * * * * * * * * * * * * * * * * * * * * * * //

dimensions      [0 2 -2 0 0 0 0];

internalField   nonuniform List<scalar> 
8711
(
0.0101292
0.00878409
0.0115006
0.0382825
0.0330115
0.0265145
0.0439265
0.0417382
0.68242
0.698414
0.406063
0.0825611
-0.07442
-0.0788327
-0.0330328
-0.0576027
-0.00442436
-0.00759379
-0.00907113
0.0213414
0.0215542
0.0170472
0.0166322
0.0109905
-0.386484
-0.320748
-0.466506
-0.516847
0.00225664
0.00318057
0.00467686
-0.322008
-0.363421
-0.190449
-0.208263
0.172122
0.163484
0.234669
0.241299
0.233624
0.278467
0.252227
-0.594108
-0.598186
0.414559
0.292843
-0.32012
-0.316397
-0.338044
0.0263761
0.0255604
0.0250679
0.0254733
0.0830822
0.0889496
0.0948675
-0.0693112
-0.0742187
-0.0752178
-0.0776262
-0.0490956
-0.046609
-0.0555523
-0.0578731
0.0591999
0.0545921
0.0468317
0.013043
0.0133893
0.0154424
-0.07645
-0.0718102
-0.0782468
-0.0798733
0.128407
0.128417
0.12114
0.12115
0.0143151
0.00793103
0.00554618
-0.0230905
-0.0141372
0.0135385
0.0129829
0.0126293
-0.0799144
-0.0849433
-0.18745
-0.206358
0.0989048
0.0941282
0.101991
-0.0496048
-0.0334399
0.133999
0.148153
0.149259
0.136998
0.116474
0.117673
0.30409
0.289116
-0.0816706
-0.0896512
-0.104362
-0.12461
-0.148014
-0.169466
-0.185315
-0.191503
-0.186339
-0.172579
-0.153572
-0.133784
-0.115528
-0.100711
-0.0898842
-0.0914159
-0.0831346
-0.0830637
-0.121009
-0.104222
-0.164865
-0.141917
-0.203503
-0.187099
-0.204445
-0.21024
-0.162672
-0.187638
-0.1128
-0.136517
-0.0841218
-0.0950952
-0.0778122
-0.0822452
-0.0763767
-0.110142
-0.0934401
-0.148717
-0.129904
-0.167599
-0.161931
-0.153047
-0.164756
-0.122164
-0.138073
-0.094416
-0.106897
-0.0810019
-0.0859527
-0.0799512
-0.0790907
-0.0802616
-0.0748191
-0.0822312
-0.0837262
-0.0766767
-0.0900946
-0.0803588
-0.122536
-0.104291
-0.170902
-0.145464
-0.214751
-0.19579
-0.217564
-0.22296
-0.172442
-0.198756
-0.11729
-0.143222
-0.0840019
-0.0973425
-0.0700013
-0.0752104
-0.0834411
-0.086759
-0.0678736
-0.0713007
-0.0725018
-0.0684686
-0.0933669
-0.0804058
-0.125594
-0.110468
-0.141596
-0.136613
-0.131965
-0.140777
-0.106041
-0.119475
-0.0853015
-0.0949708
-0.0763452
-0.0795489
-0.0804
-0.0769008
-0.0709086
-0.0767135
-0.086515
-0.0863068
-0.0840771
-0.0941628
-0.0591839
-0.0685806
-0.0661223
-0.0708402
-0.0641427
-0.0985807
-0.0940551
-0.0688475
-0.0651924
-0.0856527
-0.0752457
-0.119831
-0.100671
-0.171454
-0.14424
-0.219312
-0.198724
-0.222709
-0.227715
-0.174568
-0.202963
-0.116212
-0.143745
-0.0794889
-0.0949489
-0.0618775
-0.0694149
-0.0578178
-0.0754957
-0.0830466
-0.0721273
-0.114808
-0.10668
-0.0863921
-0.0587706
-0.0634826
-0.0607025
-0.0588158
-0.0757935
-0.0661786
-0.100245
-0.0887755
-0.115662
-0.111419
-0.108943
-0.114655
-0.0892646
-0.100307
-0.0738401
-0.0805518
-0.0689809
-0.0705659
-0.0708265
-0.0892428
-0.0818868
-0.0951573
-0.0935967
-0.0993962
-0.0960411
-0.0828862
-0.0973724
-0.0721682
-0.0552059
-0.093903
-0.118624
-0.109016
-0.0952492
-0.133699
-0.120974
-0.142277
-0.113437
-0.0806161
-0.10795
-0.0869153
-0.0637908
-0.0657823
-0.0608708
-0.0568333
-0.0785438
-0.0676258
-0.112764
-0.0934311
-0.165014
-0.137292
-0.214716
-0.192627
-0.218428
-0.223804
-0.169565
-0.198456
-0.109887
-0.138335
-0.0708169
-0.0874806
-0.0498013
-0.0590962
-0.0425333
-0.0445298
-0.0499921
-0.0445773
-0.057431
-0.0623546
-0.0759904
-0.048647
-0.0535572
-0.0476248
-0.0470424
-0.0576983
-0.0516579
-0.0770514
-0.0671059
-0.0902139
-0.0863733
-0.0854698
-0.0895884
-0.0714707
-0.0787308
-0.0610907
-0.0654589
-0.0596947
-0.0593991
-0.0682556
-0.0625406
-0.0891262
-0.0771805
-0.077032
-0.0629854
-0.0962878
-0.0879966
-0.106948
-0.102831
-0.104256
-0.107636
-0.116422
-0.168091
-0.152611
-0.0820344
-0.0968964
-0.144572
-0.128545
-0.0342458
-0.0330735
-0.175488
-0.131727
-0.117016
-0.0876356
-0.0449446
-0.0447094
-0.0516083
-0.0470781
-0.0690626
-0.0585045
-0.102112
-0.0834066
-0.152808
-0.125867
-0.201649
-0.179785
-0.206034
-0.210879
-0.157623
-0.186085
-0.0985999
-0.126785
-0.0587648
-0.0761884
-0.0358127
-0.0456461
-0.0252589
-0.0293499
-0.0258274
-0.0238428
-0.0324387
-0.132704
-0.217794
-0.205071
-0.167149
-0.0817444
-0.104671
-0.0510273
-0.0637036
-0.0373609
-0.0426676
-0.034616
-0.0350327
-0.040843
-0.0366928
-0.0555228
-0.0476004
-0.0661419
-0.0624322
-0.0633388
-0.0660743
-0.0537801
-0.058685
-0.0473087
-0.0498738
-0.0490727
-0.0471039
-0.0590901
-0.052799
-0.0685321
-0.0543192
-0.0825983
-0.0691085
-0.105366
-0.0947281
-0.121241
-0.114599
-0.121669
-0.123782
-0.114623
-0.140127
-0.0371632
-0.0407348
-0.226706
-0.0343684
-0.176184
-0.152391
-0.213631
-0.148186
-0.119603
-0.243011
-0.122927
-0.242644
-0.0842668
-0.0323253
-0.103697
-0.0342839
-0.0328853
-0.0412967
-0.0369516
-0.0579263
-0.0481961
-0.0882683
-0.0710473
-0.135225
-0.110195
-0.181331
-0.160547
-0.18593
-0.190297
-0.13948
-0.166697
-0.0832336
-0.110119
-0.0445007
-0.0617102
-0.0205044
-0.0309894
-0.00745661
-0.013103
-0.00428663
-0.00501188
-0.00771321
-0.0076859
-0.00837223
-0.00789372
-0.178433
-0.2291
-0.107982
-0.13828
-0.0646971
-0.0839896
-0.0380706
-0.0496348
-0.025706
-0.0311946
-0.02211
-0.0231324
-0.0253759
-0.0228645
-0.0356619
-0.029966
-0.0442623
-0.0408926
-0.0431016
-0.0447452
-0.0368527
-0.0400807
-0.0335505
-0.0345935
-0.0371706
-0.034726
-0.0484605
-0.0424255
-0.07158
-0.058506
-0.0879948
-0.0374486
-0.0050666
-0.0585462
-0.0316734
-0.0418649
-0.0890179
-0.0742975
-0.115997
-0.102701
-0.136715
-0.127856
-0.140082
-0.140952
-0.133954
-0.167995
-0.21011
-0.176062
-0.137599
-0.0926777
-0.116849
-0.248153
-0.160506
-0.266314
-0.125089
-0.247911
-0.0781419
-0.235135
-0.00334499
-0.0329768
-0.0231018
-0.0337919
0.011506
-0.0226066
-0.0241528
-0.0237448
-0.02261
-0.0306723
-0.0266515
-0.0457094
-0.037371
-0.0725137
-0.0574099
-0.1139
-0.0917889
-0.155393
-0.136552
-0.159542
-0.163631
-0.116535
-0.14167
-0.0649012
-0.0895769
-0.0288868
-0.0450134
-0.00524403
-0.0159087
0.00927288
0.00299933
0.014328
0.0128504
0.0147687
0.01441
0.0147738
0.0146856
0.0176345
0.0171005
-0.00434719
0.0099283
0.0154055
-0.142252
-0.187605
-0.173029
-0.0810965
-0.107225
-0.0469631
-0.0619923
-0.0255756
-0.0354684
-0.014628
-0.0191955
-0.0106069
-0.0120235
-0.0116355
-0.0104883
-0.0182486
-0.0143912
-0.0249898
-0.0221525
-0.024971
-0.0257955
-0.0212049
-0.0231468
-0.0202923
-0.0201881
-0.0254567
-0.0221978
-0.0370414
-0.0307871
-0.0588127
-0.0476191
-0.0745377
-0.0620753
-0.0468265
-0.0950404
-0.078763
-0.126654
-0.110873
-0.151078
-0.140548
-0.157569
-0.157064
-0.152536
-0.19735
-0.0142404
-0.0799969
-0.0962954
-0.241107
-0.195259
-0.269829
-0.165504
-0.273661
-0.120927
-0.244931
-0.173061
-0.207209
-0.0689351
-0.0295534
-0.00660961
0.00197741
0.0244613
0.0198308
0.00530904
-0.0130186
-0.0138854
-0.0142045
-0.0129762
-0.0206683
-0.0168457
-0.0334068
-0.0261781
-0.0558648
-0.0432834
-0.09047
-0.0719316
-0.12599
-0.109713
-0.129347
-0.13315
-0.0904286
-0.113065
-0.0445593
-0.0664047
-0.012485
-0.0269036
0.00923997
-0.000755444
0.02406
0.0175139
0.030357
0.0280798
0.0333274
0.0317737
0.0328051
0.0323398
0.0321263
0.0331276
0.0292599
-0.136266
-0.138792
-0.106251
-0.12986
-0.104851
-0.126638
-0.0560387
-0.0784998
-0.0304482
-0.0424117
-0.0137658
-0.0216904
-0.00435399
-0.00825059
-0.000356859
-0.00191157
0.000150792
0.000308967
-0.00350793
-0.0011836
-0.00842901
-0.00620699
-0.00911427
-0.00934026
-0.00721081
-0.00816568
-0.00801255
-0.00707869
-0.0140708
-0.0104058
-0.0258121
-0.0193684
-0.0460516
-0.034759
-0.0605569
-0.0368919
-0.0137305
-0.0242975
-0.0658986
-0.0509865
-0.0999689
-0.0825179
-0.135167
-0.1177
-0.162451
-0.15047
-0.171674
-0.169958
-0.153494
-0.167139
-0.109812
-0.131421
-0.223039
-0.260155
-0.205673
-0.275449
-0.162211
-0.121738
-0.0874176
-0.0975947
-0.257916
-0.227932
-0.164449
-0.0682257
-0.0914821
-0.107845
-0.0590787
-0.0269276
-0.00848042
-0.00363986
-0.00538892
0.013211
-0.00357382
0.00459423
-0.0138687
-0.00500041
-0.00507853
-0.00565306
-0.00418288
-0.0045737
-0.00544556
-0.00450271
-0.0111274
-0.00794504
-0.0214827
-0.0156191
-0.0394093
-0.0294166
-0.0667638
-0.0520893
-0.095412
-0.082165
-0.0978861
-0.1013
-0.0632827
-0.0833874
-0.0233822
-0.0422373
0.00411263
-0.00826023
0.0229491
0.0142178
0.0366055
0.0304317
0.0437064
0.0407975
0.0466192
0.0455461
0.0462508
0.0465046
0.0416212
0.044431
0.0320364
0.0375004
0.0190179
0.0263425
-0.0704148
-0.0227038
-0.0054253
-0.0417816
-0.0876659
-0.0857489
-0.0658823
-0.0800598
-0.0339615
-0.0492521
-0.0153623
-0.0240648
-0.00276808
-0.00852978
0.00484927
0.00159145
0.00856837
0.00703915
0.00996642
0.00950843
0.00856752
0.00965671
0.00536951
0.00695149
0.00432622
0.00448899
0.00490698
0.0046551
0.00299958
0.00444434
-0.00338518
0.000379379
-0.0151586
-0.00840968
-0.0334182
-0.0228596
-0.0606851
-0.0459295
-0.0746666
-0.0378931
-0.0248803
-0.0676963
-0.0523384
-0.102953
-0.084707
-0.139871
-0.121642
-0.168966
-0.156026
-0.179877
-0.177371
-0.164168
-0.175902
-0.14435
-0.238017
0.00989851
-0.00405571
-0.000734893
-0.262599
-0.20225
-0.127505
-0.102441
-0.259395
-0.233014
-0.180896
-0.113773
-0.0412584
0.0326182
0.0215236
-0.0920573
-0.0506961
-0.0249122
-0.0139866
-0.0124537
-0.0130096
-0.0125707
-0.00312882
0.00170938
-0.0728386
-0.0639859
0.000111802
-0.148285
0.00308112
0.00231811
0.00377009
0.00351061
0.00196326
0.00304336
-0.00237761
0.000135567
-0.0104327
-0.00589467
-0.0239576
-0.0164554
-0.044264
-0.0333789
-0.0658088
-0.0557647
-0.067463
-0.070331
-0.0374265
-0.0549754
-0.00276168
-0.0190422
0.0203984
0.0100354
0.03614
0.0288377
0.0477717
0.0424362
0.054652
0.0517005
0.0568978
0.0563758
0.0546054
0.0561856
0.0480016
0.051587
0.0379409
0.0431673
0.0242855
0.0317096
-0.0107476
0.00430233
0.0154757
0.0150424
0.0673793
0.071729
0.0438381
-0.032764
-0.0120459
-0.0460402
-0.043047
-0.0338871
-0.0420596
-0.0158507
-0.0248036
-0.00250544
-0.00864295
0.00673818
0.00250419
0.0128168
0.0101253
0.0162035
0.0147591
0.018012
0.0172408
0.0181678
0.0183513
0.0165105
0.0174624
0.0153805
0.0157655
0.0150403
0.0152631
0.0125386
0.0142061
0.00616329
0.00986192
-0.00407977
0.00146638
-0.0204157
-0.0115802
-0.0408596
-0.0302432
-0.0524557
-0.0367102
-0.0237653
-0.0670622
-0.0512445
-0.102896
-0.0844946
-0.139976
-0.121732
-0.169383
-0.156246
-0.180777
-0.177864
-0.167911
-0.177394
-0.1499
-0.237052
-0.0764229
-0.245764
-0.228697
-0.189855
-0.133324
-0.064631
0.00297026
-0.0775293
-0.0454079
-0.0278788
-0.0219192
0.0591935
0.096173
0.0970109
-0.0220519
-0.023703
-0.00873308
0.00336184
-0.186123
-0.0225226
-0.127462
-0.0483374
0.00890581
0.00745211
0.00989801
0.00963748
0.0103616
0.0102748
0.00864087
0.00962247
0.00537217
0.00725678
-0.000543934
0.00277582
-0.0101236
-0.00484826
-0.0240831
-0.0166341
-0.0387973
-0.0319212
-0.039301
-0.0418178
-0.0146219
-0.0293469
0.0156849
0.00134159
0.0355676
0.026794
0.0484414
0.0425248
0.0576678
0.053451
0.0629786
0.0607855
0.0635194
0.0638702
0.0596684
0.0619938
0.0521606
0.0562404
0.0421746
0.0472871
0.0291225
0.0360366
0.0109739
0.020676
-0.024511
-0.0120719
1.45671e-05
0.0765056
0.114795
0.107943
0.0941897
0.0344464
0.05605
0.000259929
0.0146108
-0.0135797
-0.010829
-0.00949419
-0.0139923
-0.000799156
-0.00600776
0.00830503
0.00408828
0.0148787
0.0118248
0.019586
0.017437
0.0225763
0.0212562
0.0244875
0.0236083
0.0255531
0.0251616
0.0251782
0.0255386
0.0242424
0.0247067
0.0232583
0.0238185
0.0204969
0.0222132
0.0145707
0.0179636
0.0054853
0.0105099
-0.00654847
-0.000548606
-0.023193
-0.0154539
-0.0411096
-0.0330442
-0.0507952
-0.0501977
-0.010484
-0.00156915
-0.0343846
-0.0214834
-0.0646157
-0.0487462
-0.0998286
-0.0818433
-0.135514
-0.118023
-0.16357
-0.151083
-0.174343
-0.171563
-0.162335
-0.171311
-0.125543
-0.146233
-0.0793756
-0.102356
-0.0571063
-0.219806
-0.215188
-0.18892
-0.145811
-0.0886161
-0.0248486
-0.0678679
-0.0452417
-0.0340709
0.0387412
0.0895724
0.119113
-0.0323014
-0.0358809
-0.0394552
0.116928
0.127056
-0.0397171
-0.0254247
-0.040429
-0.0247998
0.0140198
0.01394
-0.0458419
-0.161502
-0.0281405
-0.106462
0.0144354
0.0141273
0.0155353
0.0152596
0.0156261
0.0158003
0.0144296
0.015175
0.0120961
0.0134354
0.00803977
0.0103011
0.00176221
0.00518514
-0.00691461
-0.00233948
-0.0155472
-0.0115824
-0.0147628
-0.0169786
0.00466544
-0.00701914
0.0305814
0.0180381
0.0480999
0.0404411
0.0585294
0.053861
0.0652522
0.0622681
0.068432
0.0672804
0.0673165
0.0683952
0.0626306
0.0653017
0.0549882
0.0590902
0.045281
0.0502996
0.03322
0.0395035
0.0170584
0.0256043
-0.00259147
0.00748199
-0.0379675
-0.0231622
-0.0129465
0.100872
0.120615
0.107733
0.106358
0.0791417
0.091598
0.0484065
0.0641741
0.0219327
0.0339859
0.00850359
0.01341
0.00730822
0.00675373
0.0115518
0.00900746
0.0171379
0.0144343
0.0216697
0.0195204
0.0252284
0.0235597
0.0277984
0.0266223
0.0296591
0.0287804
0.0311167
0.0304469
0.0316632
0.0315407
0.0311408
0.0315254
0.0298324
0.0305892
0.0270259
0.0286874
0.0218122
0.0247692
0.0142488
0.0184335
0.00457305
0.00981997
-0.00823693
-0.00188844
-0.0222182
-0.0154264
-0.0335485
-0.0292777
-0.0363485
-0.00853936
0.000710998
-0.0317151
-0.0192445
-0.0609828
-0.0456594
-0.0943777
-0.0774256
-0.127394
-0.111323
-0.152689
-0.141529
-0.161502
-0.159569
-0.149389
-0.158077
-0.116933
-0.135084
-0.0775116
-0.0968703
-0.0608871
-0.191615
-0.178482
-0.149452
-0.106879
-0.0533862
-0.0640291
-0.0490285
0.00698168
0.0668083
0.113077
-0.0445326
-0.0480894
-0.054598
0.134568
-0.0575609
0.133651
-0.0584894
0.10467
0.118894
-0.0566293
-0.032356
-0.0500295
-0.0127965
0.0189185
0.0192962
-0.033671
-0.134915
0.0142372
0.00910693
-0.0177066
-0.0909181
0.0193497
0.0192445
0.0201385
0.0196858
0.0199819
0.0201561
0.0192881
0.0197462
0.017798
0.0186655
0.0152825
0.0166755
0.011624
0.0135906
0.00703369
0.00938979
0.0033028
0.0048595
0.00588122
0.00344493
0.0209228
0.0120029
0.0418379
0.0314853
0.0569594
0.0503032
0.0654114
0.061756
0.0700224
0.0680858
0.0714094
0.0711064
0.0692137
0.0707137
0.0641599
0.0669696
0.056672
0.0606393
0.0474399
0.0522502
0.0363697
0.0420719
0.0221646
0.0295989
0.00551797
0.0138784
-0.0110861
-0.00289736
-0.040324
-0.0244778
-0.0183336
0.0960176
0.0975948
0.0847429
0.0919486
0.0935448
0.0964884
0.0785137
0.0876503
0.0563854
0.0677269
0.0360028
0.0457451
0.0237091
0.0288248
0.0199114
0.0209809
0.021155
0.0201894
0.0241843
0.0226079
0.0271957
0.0257248
0.0298363
0.0285655
0.0319948
0.0309731
0.0337349
0.0329007
0.0352749
0.0345259
0.0363313
0.0358998
0.0363013
0.0365063
0.0350487
0.0358122
0.0324121
0.0339226
0.0280127
0.0304638
0.0219347
0.0252621
0.0143921
0.0185097
0.00470286
0.00994651
-0.00662216
-0.000154867
-0.0169343
-0.0105329
-0.0169187
-0.00694882
0.00209957
-0.0293686
-0.0174068
-0.0569281
-0.0425761
-0.0876003
-0.072136
-0.116986
-0.102821
-0.138489
-0.129171
-0.14463
-0.143827
-0.132004
-0.140587
-0.10345
-0.119178
-0.0684817
-0.0863354
-0.0515486
-0.159721
0.0184779
-0.144251
-0.116092
-0.0760912
-0.0651676
-0.025825
0.032228
0.0897896
-0.0583828
-0.061364
-0.0698182
0.131383
-0.077316
0.143928
-0.080103
0.133989
-0.0788174
0.112525
-0.071763
0.0748409
0.0867778
-0.060275
-0.0299003
-0.0464174
-0.00357488
-0.0193735
-0.112931
0.00198489
-0.00269672
-0.0822167
0.0229778
0.0218083
0.0223523
0.0232091
0.0229379
0.0235441
0.0232205
0.0235873
0.0235989
0.0233081
0.02351
0.0225381
0.0229964
0.0212509
0.0219576
0.0195638
0.020445
0.0179127
0.0186853
0.0177061
0.0175103
0.0220678
0.019143
0.0342046
0.0272848
0.0503248
0.0422878
0.0626108
0.0571236
0.0693798
0.0665224
0.0724767
0.0712774
0.0726669
0.0729103
0.0698969
0.0715969
0.0647654
0.0675794
0.0576132
0.0613775
0.048944
0.0534606
0.0387162
0.044005
0.0265726
0.0327876
0.012266
0.0194118
-0.00138825
0.00524891
-0.0119607
-0.00708852
-0.0339853
-0.0209478
-0.0165906
-0.0229579
0.0744165
0.0624108
0.0535768
0.0650344
0.085633
0.0812526
0.0861525
0.0876295
0.0760801
0.0823928
0.0602099
0.0684998
0.0444681
0.0517577
0.0337737
0.0384429
0.0290021
0.030775
0.028394
0.0283759
0.0297237
0.0289329
0.0316145
0.030649
0.0335355
0.0325847
0.0353104
0.0344448
0.036894
0.0361233
0.0383715
0.0376422
0.0396067
0.0390393
0.0399757
0.0400458
0.0390528
0.039659
0.0368298
0.0380958
0.0332835
0.0352223
0.0285743
0.0310972
0.0229412
0.0259259
0.0161528
0.0196908
0.00686411
0.0119869
-0.000452239
0.00350144
-0.00185876
0.0180132
0.00890307
0.013962
-0.00637212
0.00211788
-0.027538
-0.0163112
-0.0530202
-0.0398368
-0.0805254
-0.0667572
-0.105821
-0.0937904
-0.12303
-0.115808
-0.126215
-0.126628
-0.112974
-0.121545
-0.0868402
-0.101075
-0.0541724
-0.0708696
-0.0366074
-0.131455
0.02129
0.00598561
-0.117015
-0.0909056
-0.0797432
-0.052925
-0.00410915
0.0529805
-0.0725658
-0.0750744
-0.0851144
0.108993
-0.0972106
0.144616
-0.105256
0.146438
-0.106028
0.128118
-0.0993912
0.101151
-0.0854877
0.072664
-0.0684454
0.0408343
0.0479827
-0.0503507
-0.0341208
-0.0149743
-0.00651273
-0.0075916
0.0240124
0.0246569
-0.0983483
0.0479908
0.0378104
0.0255326
0.0252024
0.0260282
0.025733
0.026325
0.0261782
0.0265273
0.0264379
0.0265769
0.0265794
0.026396
0.0265188
0.0260569
0.0262395
0.0257955
0.0259008
0.0261298
0.0258488
0.0281675
0.0268656
0.0337325
0.0304398
0.0440706
0.03845
0.056518
0.0503564
0.0660895
0.0617823
0.0713643
0.0691658
0.0733847
0.0726932
0.0728035
0.0733847
0.0697703
0.0715409
0.0647383
0.0674693
0.0580199
0.0615426
0.0499764
0.0541495
0.0406441
0.0454697
0.0299532
0.0354201
0.0182247
0.0240202
0.00662136
0.012227
-0.00227426
0.00163297
-0.0073122
-0.00553046
-0.00706535
0.066306
0.0577793
0.0771826
0.0727793
0.0794165
0.0796498
0.072943
0.0769664
0.0616668
0.0676333
0.0493817
0.0552142
0.040304
0.0443876
0.0353715
0.0373903
0.033742
0.0342675
0.0339946
0.0337235
0.0350762
0.0344822
0.0364454
0.0357444
0.0378845
0.0371644
0.039294
0.0385969
0.0406546
0.0399819
0.0418325
0.0412847
0.0424294
0.0421677
0.0419665
0.0423404
0.0403168
0.0412732
0.0376458
0.0390972
0.0342051
0.0360255
0.0301805
0.0322965
0.0252126
0.0278342
0.0174437
0.02137
0.0117586
0.0137174
0.0112392
0.01097
0.014265
0.0120957
0.0231043
0.0172585
0.0205338
0.0078087
0.013059
-0.00677122
0.0012023
-0.026421
-0.0160086
-0.0497543
-0.0377657
-0.0740544
-0.0620087
-0.0952305
-0.0853416
-0.108153
-0.103022
-0.108348
-0.109996
-0.0944627
-0.103055
-0.0697129
-0.0830932
-0.0395452
-0.0548626
-0.00887043
-0.0236757
0.00964909
0.00204314
0.0169879
-0.110626
0.0260684
0.0256097
-0.0978674
-0.0910298
-0.072869
-0.0354154
0.0131116
-0.088013
-0.100388
0.0703482
-0.117326
0.124627
-0.132336
0.15139
-0.138835
0.142685
-0.134528
0.116559
-0.118972
0.0852142
-0.0972875
0.0556262
-0.073777
0.0316145
-0.0309082
-0.0518653
0.0250698
0.0220621
0.0239682
0.0245109
0.0119794
-0.0133799
-0.00252698
0.0132655
0.026639
0.0259563
0.0275033
0.027161
0.028058
0.0277925
0.0284826
0.0282856
0.0288533
0.0286689
0.0291874
0.0290298
0.0294729
0.0293331
0.0298404
0.0296371
0.0305692
0.0301431
0.0321667
0.0312296
0.0354741
0.0335675
0.0415322
0.0381459
0.0505555
0.0457855
0.0604429
0.0555994
0.0679364
0.0645675
0.0719971
0.0703263
0.0732548
0.0729077
0.0722093
0.0729818
0.0691068
0.0708686
0.0642985
0.0668873
0.058054
0.0613188
0.0506654
0.0544846
0.0422343
0.0465744
0.0327752
0.0376107
0.0229432
0.027739
0.0133918
0.0178394
0.00541234
0.00880457
0.00301486
0.00338921
0.00307086
0.00322677
0.00222374
0.0233945
0.00450568
0.0144662
0.042961
0.0322742
0.0600249
0.0522462
0.0703305
0.0660259
0.073285
0.072682
0.0694195
0.0719906
0.0616824
0.0657261
0.0519351
0.0565731
0.0443721
0.0478507
0.0397035
0.0417108
0.0376065
0.0384102
0.037208
0.0372644
0.0377266
0.0373972
0.0386827
0.0381721
0.0398406
0.0392477
0.0410742
0.0404547
0.0423042
0.0416957
0.0433993
0.0428811
0.0440863
0.0437953
0.0439791
0.0441441
0.0429092
0.043549
0.0410671
0.0420671
0.0387201
0.0399554
0.03589
0.0374036
0.0316752
0.0340953
0.025331
0.0286316
0.0202401
0.0223711
0.019656
0.0199048
0.0212007
0.0198694
0.0228135
0.0161292
0.0195199
0.00628282
0.0117375
-0.00776593
-0.000169522
-0.0261708
-0.0164565
-0.0475254
-0.0366438
-0.0688343
-0.0584066
-0.0861487
-0.0782625
-0.0950996
-0.0918998
-0.0924701
-0.0953062
-0.0779273
-0.086558
-0.054589
-0.067038
-0.0275676
-0.0411844
-0.00242034
-0.0142616
0.0131149
0.00609608
0.0197228
-0.0975963
-0.0859994
-0.061173
0.0287502
0.000191357
-0.0841629
-0.0233464
-0.113434
0.0261824
-0.13635
0.0850235
-0.159866
0.136509
-0.175752
0.150894
-0.177104
-0.018369
0.131698
-0.162432
-0.0136636
0.0991347
-0.13546
-0.00281426
-0.000799175
-0.0133581
0.0650979
-0.105034
0.0128196
-0.0290739
0.0364959
-0.0753762
0.0012437
0.0278839
0.0129855
0.0105144
0.0265538
0.025947
-0.0910441
0.00587207
-0.0971602
0.0254419
0.0208298
0.0228346
0.0279706
0.0272709
0.0289443
0.0283641
0.0295371
0.0292313
0.0300894
0.0298054
0.0306469
0.0303704
0.0312241
0.0309354
0.0318717
0.031534
0.0327492
0.032272
0.0341385
0.0333649
0.0364868
0.035172
0.0404049
0.0382306
0.0464622
0.0431787
0.0543494
0.0503179
0.062405
0.0584905
0.0684342
0.0657294
0.0716353
0.0703385
0.0724028
0.0722666
0.0711354
0.071986
0.0680998
0.0697988
0.0635953
0.0660052
0.0578511
0.060849
0.0511243
0.0545908
0.0435653
0.0474382
0.0352723
0.03949
0.0268466
0.0310067
0.018901
0.0227625
0.0123467
0.015264
0.0106079
0.0108137
0.009066
0.0101234
0.0086306
0.022634
0.014489
0.0401521
0.0311831
0.0548181
0.0482099
0.0645225
0.060477
0.067889
0.0668649
0.0657733
0.0673833
0.0595728
0.0630879
0.052897
0.0563663
0.0467397
0.0496356
0.0425385
0.0444012
0.0403121
0.0412255
0.0395524
0.0398002
0.0396998
0.0395502
0.0403547
0.039986
0.0412855
0.0407983
0.0423536
0.0418108
0.0434522
0.0429074
0.0444462
0.0439736
0.0451531
0.0447986
0.0452961
0.0453081
0.0447025
0.0450773
0.0435374
0.0441722
0.0420041
0.0428123
0.0399197
0.0410601
0.0363594
0.0383658
0.0312972
0.0338931
0.0272185
0.02897
0.0259088
0.025991
0.0262762
0.0256662
0.0269276
0.0145596
0.0180926
0.00457108
0.0100872
-0.00927194
-0.00186543
-0.0268751
-0.0176575
-0.0465648
-0.0366343
-0.0652243
-0.0562415
-0.0790735
-0.0729845
-0.0844805
-0.0829993
-0.07931
-0.0832272
-0.0641542
-0.0728171
-0.0423532
-0.053782
-0.0187402
-0.0304815
0.00211748
-0.00761277
0.0163323
0.00975928
0.0219573
-0.0919954
-0.0815171
-0.0504277
0.0300935
0.0274138
-0.0565975
-0.120883
-0.0171497
-0.151143
0.0356444
-0.184953
0.0977475
-0.213576
0.143299
-0.226235
-0.015114
-0.0256269
0.141883
-0.216015
-0.0260101
0.0146775
0.00256986
0.113822
-0.186068
-0.0179459
-0.0121911
0.0759509
-0.146978
-0.0060375
-0.0277131
0.0416495
-0.107871
-0.0998322
0.0139678
-0.0225822
-0.0075849
-0.0132246
0.0242674
0.0275274
0.026675
0.0288601
0.0282193
0.0297861
0.0293243
0.0305616
0.030166
0.0312614
0.0309026
0.0319869
0.0316229
0.0327689
0.0323711
0.0336921
0.0332074
0.0349255
0.0342609
0.0367338
0.0357455
0.0394873
0.0379792
0.0436074
0.0413707
0.0493688
0.0463064
0.0562498
0.0528295
0.0629647
0.0597175
0.0679551
0.0657174
0.0705803
0.0695278
0.071072
0.0710462
0.0697543
0.0706039
0.0668854
0.0684798
0.0627237
0.0649405
0.0574885
0.0602151
0.0514097
0.054535
0.0446666
0.0481078
0.0374475
0.0410919
0.0302854
0.0338224
0.0237512
0.0269197
0.0187028
0.0209415
0.0171309
0.0174225
0.01609
0.0166512
0.0192625
0.0170153
0.0242432
0.0218212
0.0163097
0.00859733
0.000282964
0.0235949
0.016424
0.0384018
0.0309898
0.0510145
0.0450087
0.0596181
0.0558623
0.0632145
0.0619645
0.0623148
0.0632233
0.058128
0.0605101
0.0529081
0.055583
0.0479402
0.0503169
0.0442817
0.045939
0.0421242
0.0430433
0.0411978
0.041544
0.0411152
0.0410816
0.0415562
0.0412909
0.0423075
0.0419061
0.0432281
0.0427559
0.0442047
0.0437175
0.0451115
0.0446763
0.0458067
0.0454708
0.046092
0.0460079
0.0458399
0.0460223
0.0451568
0.0455365
0.0441478
0.0446912
0.0425265
0.043434
0.0395849
0.0412172
0.0354315
0.0375695
0.0317668
0.0334371
0.0299584
0.0305977
0.0296112
0.0296759
0.0303592
0.0299501
0.0231905
0.0194066
0.0216266
0.012645
0.0164203
0.00247359
0.00804802
-0.0114234
-0.00402538
-0.02861
-0.0196962
-0.0469956
-0.0378368
-0.0633727
-0.0556495
-0.0741604
-0.0696632
-0.076419
-0.0764645
-0.0689768
-0.0738667
-0.0532081
-0.0619405
-0.0326655
-0.0432521
-0.0116984
-0.0220028
0.00636811
-0.00210461
0.0191357
0.0132664
0.0239577
-0.0947637
-0.0481903
0.0244989
0.0318818
-0.0860692
-0.119544
-0.0742471
-0.0600548
-0.157443
-0.0163157
-0.202791
0.0431215
-0.246187
-0.0174966
-0.0272189
0.0312403
0.108032
-0.275665
-0.0329632
0.0204342
0.14097
-0.278043
-0.0369947
0.00506783
0.125372
-0.249856
-0.0331766
-0.0102296
0.0894084
-0.202379
-0.0245072
-0.0262756
0.0488249
-0.152317
-0.00880106
-0.0454591
0.0156502
-0.0198942
-0.00920486
0.0249118
0.0246958
-0.010901
0.0282734
0.0279337
0.0293275
0.0288793
0.0303241
0.0298903
0.031224
0.0307785
0.0320763
0.031644
0.0329462
0.0325043
0.0338962
0.0334082
0.0350251
0.0344323
0.0364991
0.0357106
0.0385558
0.037445
0.0414901
0.0399059
0.0455768
0.0433923
0.0508615
0.0481043
0.0568888
0.0537494
0.0626302
0.0598766
0.066863
0.0649612
0.0690994
0.068206
0.0694579
0.0694758
0.068195
0.0689964
0.0655541
0.0670176
0.0617544
0.063771
0.0570217
0.0594826
0.0515655
0.0543657
0.0455774
0.0486231
0.0393021
0.0424503
0.0332037
0.0362051
0.0278034
0.0303878
0.023998
0.0256417
0.0225419
0.0230497
0.0226319
0.0222101
0.0263225
0.0242109
0.0302893
0.0283705
-0.000961257
-0.00570056
0.0117854
0.00494148
0.0245721
0.0183355
0.0370046
0.0307588
0.0479037
0.0427468
0.0555083
0.0521151
0.0591682
0.0577946
0.0591086
0.0595157
0.0563031
0.0579348
0.0523226
0.0543775
0.0483487
0.050276
0.0452359
0.0466696
0.0432527
0.0441183
0.0422844
0.0426677
0.0420727
0.0421084
0.0423673
0.0421751
0.0429795
0.0426465
0.0437741
0.0433632
0.0446398
0.0442059
0.0454658
0.045065
0.0461316
0.0458189
0.0464918
0.0463525
0.0464615
0.0465178
0.0460888
0.0463075
0.0453901
0.0457814
0.0440642
0.0448194
0.0415875
0.0429603
0.0380941
0.0398932
0.034804
0.0363515
0.0326967
0.0335869
0.031889
0.0321632
0.0320845
0.0319508
0.0323993
0.0329153
0.0324813
0.0234046
0.0220383
0.0236065
0.0176071
0.0201763
0.0104507
0.0144163
-0.000139891
0.00563413
-0.0144124
-0.00684922
-0.0315097
-0.0227324
-0.0489369
-0.0403782
-0.0633542
-0.056731
-0.0713988
-0.0683364
-0.070786
-0.072229
-0.0612213
-0.0670314
-0.0447302
-0.0536295
-0.0249473
-0.0349932
-0.00572711
-0.0150797
0.0103752
0.0028454
0.0216791
0.0165095
0.0289904
0.0259301
0.0311637
-0.107928
-0.106254
0.0237458
-0.10063
-0.151729
-0.0717145
0.0265468
0.0251154
0.0328193
0.0332355
-0.0705854
-0.207874
-0.0107127
-0.0199423
-0.0183659
-0.26705
-0.0299825
0.0443631
0.0379642
0.0503408
-0.315165
-0.0389671
0.0246948
0.113358
-0.337308
-0.0457255
0.00903021
0.12758
-0.321601
-0.0469077
-0.00744259
0.0989918
-0.273234
-0.0427323
-0.0239697
0.0576066
-0.210272
-0.0315789
-0.042755
0.0182943
-0.150267
-0.0117267
0.0229135
-0.0083056
-0.00238242
-0.000215412
0.0236104
0.0285435
0.027795
0.0295852
0.0291391
0.0306093
0.0301255
0.0316087
0.0311149
0.0325862
0.0320901
0.0335835
0.0330749
0.0346704
0.0341107
0.0359511
0.0352805
0.0375823
0.0367156
0.0397717
0.0386002
0.0427487
0.0411587
0.046682
0.0446035
0.0515133
0.0490169
0.0568228
0.0541148
0.0617673
0.0593992
0.0654267
0.0637778
0.0673914
0.0666043
0.0677008
0.0677228
0.0665524
0.0672796
0.0641663
0.0654878
0.0607402
0.06256
0.0564924
0.0586985
0.0516279
0.05412
0.0463455
0.0490232
0.0409161
0.0436262
0.0357437
0.0382777
0.031309
0.0334022
0.0284243
0.0296441
0.0273043
0.027702
0.0283954
0.0273925
0.0319696
0.029797
0.0358995
0.033781
0.0442542
0.0395193
0.05138
0.0560114
0.0496248
0.0596287
0.0640553
-0.00189992
-0.00298796
0.00466705
0.000925979
0.0147454
0.00927525
0.0254877
0.0201601
0.0359807
0.0307122
0.0453734
0.0408812
0.0521176
0.0490927
0.055683
0.0542694
0.056181
0.0562478
0.0543628
0.0554741
0.0513781
0.0529426
0.0482257
0.0497734
0.0456213
0.0468372
0.0438613
0.0446426
0.0429283
0.0433094
0.0426571
0.0427293
0.0428557
0.0427137
0.0433617
0.0430822
0.04405
0.043692
0.0448168
0.0444307
0.0455643
0.045199
0.0461884
0.0458949
0.0465819
0.0464148
0.0466811
0.0466635
0.0464873
0.0466149
0.0459516
0.0462649
0.0447908
0.0454591
0.0426209
0.0438223
0.0395919
0.0411597
0.0365637
0.038031
0.0343392
0.0353496
0.0331927
0.0336778
0.0328895
0.0329263
0.0331312
0.0329586
0.020425
0.0220152
0.0156192
0.0184177
0.00790979
0.0121746
-0.00344224
0.00271227
-0.0184326
-0.0105336
-0.0357746
-0.0269643
-0.0525762
-0.0444565
-0.0652917
-0.059649
-0.0707856
-0.0690709
-0.0674165
-0.0702108
-0.0557153
-0.0624724
-0.0382811
-0.0474887
-0.0187802
-0.028555
-0.000666198
-0.00939135
0.0139527
0.00717334
0.0240076
0.0194472
0.0302422
0.0276696
0.0319433
-0.132605
0.00244619
-0.00400067
-0.0673327
0.0247657
0.0243061
0.0332933
-0.123884
-0.196467
-0.0175127
-0.101773
0.0221731
0.0230759
0.0765786
0.0690723
0.00919515
0.00571394
0.013231
-0.0849417
-0.269827
0.0105357
-0.00472326
0.00187533
-0.031225
0.0452353
-0.019668
-0.336994
-0.0432556
0.0302657
0.0583039
-0.380281
-0.0530315
0.0146919
0.109744
-0.384975
-0.0594654
-0.00298751
0.103676
-0.348307
-0.0600005
-0.0204867
0.0653612
-0.281326
-0.053994
-0.0393577
0.0219803
-0.206834
-0.0395618
-0.0624443
-0.0144794
0.0761006
0.0834561
0.0264736
0.0258096
0.0258935
0.0282098
0.0273408
0.0295711
0.0289056
0.0306693
0.0301314
0.0317546
0.0312153
0.0328377
0.0322919
0.0339467
0.0333837
0.0351467
0.0345306
0.03654
0.0358138
0.0382711
0.0373573
0.0405185
0.0393254
0.0434581
0.0419016
0.0471865
0.0452336
0.0515997
0.0493339
0.0563081
0.0539418
0.0606109
0.0585485
0.0638238
0.0623704
0.0655883
0.0648757
0.0658941
0.0658995
0.0648882
0.0655295
0.062763
0.0639421
0.0597069
0.0613304
0.0559224
0.0578865
0.0516123
0.0538167
0.0469812
0.0493208
0.042306
0.044629
0.0379449
0.0400686
0.0343486
0.0360223
0.0321601
0.0330683
0.031538
0.0316668
0.033074
0.0320035
0.0365172
0.0346505
0.0413109
0.0386373
0.049719
0.0449687
0.0613617
0.054904
0.0686324
0.00447785
0.00654621
0.00471793
0.00390354
0.00958674
0.00638604
0.0173518
0.0131157
0.0264162
0.0218529
0.0353539
0.0308909
0.0433675
0.0395257
0.0493214
0.0466241
0.0526928
0.0513075
0.0535433
0.0533818
0.0524331
0.0531645
0.0502289
0.0514062
0.0477496
0.0489812
0.0456003
0.0466151
0.0440781
0.0447624
0.0432239
0.0435796
0.0429384
0.0430252
0.0430769
0.0429683
0.0435024
0.0432646
0.0441015
0.0437886
0.0447798
0.0444371
0.0454522
0.0451219
0.0460286
0.0457558
0.0464258
0.0462498
0.0465879
0.0465338
0.0464799
0.046565
0.0460102
0.0462936
0.0449272
0.0455515
0.0429594
0.0440432
0.0402548
0.0416584
0.0374588
0.0388305
0.0352171
0.0362537
0.0338227
0.0344224
0.0331644
0.033424
0.0330361
0.033056
0.0334169
0.032934
0.0329991
0.0189241
0.0207849
0.0134884
0.0165738
0.00494282
0.00966756
-0.00754457
-0.000802859
-0.0236639
-0.0152251
-0.0416566
-0.0326114
-0.0581783
-0.0503375
-0.0694006
-0.0646525
-0.0724143
-0.0720277
-0.0662435
-0.0704256
-0.0522447
-0.0600445
-0.0335645
-0.0432499
-0.0139309
-0.0236516
0.00351493
-0.00479731
0.0170171
0.010817
0.0260402
0.0219895
0.0313327
0.0291631
0.0332977
0.0326455
0.0335366
-0.167878
-0.0125465
-0.141947
0.0237133
0.0776849
0.0178366
-0.152148
-0.250766
-0.00700361
-0.014269
-0.0289612
0.0534016
0.080153
0.0876545
0.0334938
0.0328448
-0.0983119
-0.33528
-0.0447215
0.0375463
-0.0945186
-0.0175707
-0.400275
-0.0589094
0.0209161
0.0627372
-0.427281
-0.0695118
0.00240925
0.0934935
-0.408652
-0.0756504
-0.0165263
0.06949
-0.352848
-0.0755154
-0.0356035
0.0250719
-0.273352
-0.0672283
-0.0573267
-0.0172482
-0.193334
-0.0484014
-0.0176429
0.008442
0.000183111
-0.00902552
0.0252765
0.0228982
0.0232088
0.0242762
0.026558
0.025995
0.0279696
0.0271726
0.0293241
0.0286398
0.0305307
0.0299386
0.0316974
0.0311182
0.0328719
0.0322838
0.0340775
0.0334682
0.0353724
0.0347102
0.0368514
0.0360844
0.0386452
0.0377041
0.0409057
0.0397139
0.0437666
0.0422627
0.0472762
0.0454508
0.0513116
0.0492502
0.055524
0.0534225
0.0593053
0.0574873
0.0621645
0.0608659
0.0637746
0.0631178
0.0640973
0.0640774
0.0632419
0.0637945
0.0613734
0.0624133
0.0586712
0.0601072
0.055325
0.057061
0.0515317
0.0534686
0.0474999
0.0495299
0.0435001
0.0454786
0.0398579
0.041618
0.0369912
0.0383051
0.035387
0.0360277
0.0352798
0.0351399
0.0371335
0.0359728
0.0406365
0.0387349
0.0463677
0.0430802
0.0543516
0.0499353
0.0659595
0.0597162
0.0727163
0.0863322
0.0905175
0.0225804
0.0159285
0.0153316
0.0243043
0.0196462
0.0104506
0.0122656
0.0101895
0.00968767
0.0136153
0.0114598
0.0198255
0.0164681
0.0273207
0.0235272
0.0349199
0.0311398
0.0417588
0.0384775
0.0469829
0.0445923
0.0501206
0.0487968
0.0511808
0.0508705
0.0505791
0.0510336
0.0489793
0.0498532
0.0470468
0.0480182
0.0452938
0.0461297
0.0440023
0.0445886
0.0432468
0.0435656
0.0429741
0.0430619
0.0430766
0.04299
0.0434398
0.0432352
0.0439636
0.0436892
0.0445633
0.0442597
0.0451642
0.0448682
0.0456918
0.0454406
0.0460726
0.0459002
0.046254
0.0461879
0.0461732
0.046246
0.0457153
0.0459947
0.0446638
0.0452672
0.0428344
0.0438353
0.0403674
0.0416493
0.0377481
0.0390474
0.0355391
0.0365825
0.0339831
0.0346832
0.0330424
0.0334504
0.032604
0.0327927
0.0322071
0.0324198
0.0213224
0.0223583
0.0175209
0.0197207
0.0112263
0.0147496
0.00148703
0.0068517
-0.0125143
-0.00498366
-0.0302211
-0.021006
-0.0493592
-0.0398344
-0.0659872
-0.0582536
-0.0759037
-0.0719829
-0.0764159
-0.0773911
-0.0672788
-0.0729456
-0.0507143
-0.0597007
-0.0304426
-0.0407889
-0.0102872
-0.0201481
0.00686452
-0.00121873
0.0195989
0.0138078
0.0277872
0.0241777
0.0322868
0.0304642
0.0338424
0.033366
0.0338518
-0.210259
-0.0224066
0.07136
0.062301
0.00840588
0.0154945
0.0283207
0.0319716
-0.179685
-0.306719
-0.0265023
-0.0422648
0.0457661
-0.129475
0.0222503
0.0222732
0.083005
0.0899017
-0.105714
-0.391929
-0.0614188
-0.0305577
-0.0203635
0.0282208
-0.0866873
0.0810735
-0.0129949
-0.443088
-0.0774069
0.00896236
0.0573333
-0.44578
-0.0891096
-0.0117551
0.0618758
-0.404995
-0.0953816
-0.0317949
0.0255957
-0.334806
-0.0939178
-0.0529352
-0.0207223
-0.251058
-0.0823768
-0.0586556
-7.67913e-05
0.0248891
0.023238
0.0241492
0.0263412
0.0256756
0.0276461
0.026972
0.0289674
0.0282965
0.0302285
0.0295994
0.0314665
0.0308499
0.0327195
0.0320923
0.0340093
0.0333586
0.035386
0.0346842
0.0369343
0.036135
0.0387697
0.0378123
0.04102
0.039841
0.0437862
0.0423413
0.0470843
0.0453791
0.0507816
0.0489024
0.0545444
0.0526839
0.0579444
0.0563189
0.0605145
0.0593429
0.0620004
0.0613874
0.0623469
0.0623001
0.0616371
0.0621046
0.0600138
0.0609205
0.0576434
0.0589039
0.0547064
0.0562294
0.051392
0.0530815
0.0479086
0.0496565
0.0445142
0.046185
0.0415104
0.0429483
0.0392758
0.0402805
0.0381911
0.038586
0.0385466
0.0381805
0.0406466
0.0393991
0.0443842
0.0423159
0.0503619
0.0471051
0.0582311
0.0540969
0.0692859
0.0634359
0.0760545
0.0956575
0.0986876
0.0283426
0.0222279
0.0337458
0.0292665
0.0339921
0.0205529
0.0246841
0.015744
0.0175768
0.0147818
0.0148306
0.0171725
0.0156308
0.0220564
0.0193981
0.0282199
0.0250622
0.0346202
0.0314373
0.0404551
0.0376454
0.0450238
0.0429152
0.0479058
0.0466651
0.0490747
0.0486735
0.0488345
0.0490879
0.0476988
0.048337
0.0462064
0.046966
0.0447901
0.0454717
0.0437096
0.0442041
0.043057
0.0433348
0.0428104
0.042892
0.0428909
0.0428194
0.0432044
0.043027
0.0436635
0.0434225
0.0441934
0.0439247
0.044729
0.0444643
0.045203
0.0449778
0.0455624
0.0453994
0.0457379
0.0456736
0.0456534
0.0457292
0.0451838
0.0454697
0.0441473
0.0447373
0.0424193
0.043359
0.0401302
0.0413197
0.0376597
0.0388924
0.0354851
0.0365276
0.033818
0.03459
0.0326818
0.0331974
0.0319396
0.0322733
0.0312718
0.0316276
0.0317332
0.0305182
0.0309179
0.0204528
0.0216328
0.0161008
0.0186423
0.0087931
0.0128713
-0.00243777
0.00373222
-0.0183677
-0.00982815
-0.0381699
-0.0279157
-0.0589833
-0.0487185
-0.0761136
-0.0683146
-0.0848783
-0.0817392
-0.0828087
-0.0852128
-0.0704642
-0.0777489
-0.0510197
-0.0613576
-0.0288041
-0.0399903
-0.00775778
-0.0179421
0.00944914
0.00142237
0.0217373
0.0162013
0.0293339
0.0260479
0.0331984
0.0316617
0.0343279
0.0340551
0.0335769
0.0341259
0.0327565
-0.252777
-0.0356611
0.0646742
0.0548641
-0.172593
0.0223143
0.105534
0.0174902
0.0238471
0.0970441
-0.200098
-0.353203
-0.0414085
-0.0591622
0.0369265
0.0213908
0.0213884
0.0314308
0.0301066
-0.115901
0.0851143
0.091894
0.0913822
-0.107541
-0.427721
-0.0456731
-0.0814409
-0.00981579
0.0168946
0.0753236
-0.0114568
-0.456372
-0.0993848
0.0102363
-0.00521458
0.0353379
-0.434451
-0.112522
-0.0274179
-0.0786964
0.0164945
-0.377205
-0.118614
-0.0490088
-0.0272844
-0.299963
-0.115609
-0.0705204
-0.219666
-0.100788
0.106094
0.0230068
0.0223324
0.0244343
0.0237361
0.0258637
0.025147
0.0271978
0.0265352
0.0284965
0.0278369
0.0297862
0.0291367
0.0310822
0.0304331
0.0324027
0.03174
0.0337678
0.0330794
0.0352185
0.0344806
0.0368283
0.0360006
0.0386965
0.0377271
0.0409289
0.0397661
0.0436005
0.0422131
0.0467056
0.0451087
0.0501098
0.0483873
0.0535295
0.0518395
0.0565851
0.0551239
0.0589148
0.0578485
0.0602939
0.059719
0.0606637
0.0605917
0.0600874
0.0604769
0.0586904
0.0594741
0.0566275
0.0577256
0.0540688
0.0553948
0.0511965
0.0526579
0.048214
0.0497052
0.0453643
0.0467591
0.0429286
0.0440809
0.0412446
0.0419805
0.0406311
0.0407991
0.0413861
0.0408329
0.0437205
0.0423723
0.0477169
0.0455028
0.0537547
0.0505199
0.0616231
0.057461
0.072286
0.0666562
0.0784495
0.110051
0.113074
0.111903
0.105494
0.107671
0.0350272
0.0296377
0.0394179
0.0328093
0.0374369
0.0251474
0.0288054
0.0202643
0.0220085
0.0186734
0.0190058
0.0202578
0.0191713
0.0240298
0.0219457
0.0290581
0.0264564
0.0344208
0.031745
0.0393939
0.036989
0.0433752
0.0415244
0.0459954
0.0448489
0.047202
0.0467516
0.0472147
0.0473236
0.0464318
0.0468885
0.0452898
0.045879
0.0441536
0.0447052
0.0432577
0.0436707
0.0427014
0.04294
0.0424841
0.0425573
0.0425491
0.0424893
0.04282
0.0426661
0.0432219
0.0430105
0.0436898
0.0434521
0.0441671
0.0439306
0.0445983
0.0443909
0.0449274
0.0447783
0.0450856
0.045029
0.0449861
0.0450701
0.0445011
0.0447942
0.0434775
0.044056
0.0418307
0.0427216
0.0396783
0.040796
0.0373358
0.0385096
0.0351817
0.0362244
0.0334254
0.0342533
0.0321131
0.0327243
0.0311006
0.0315981
0.0301846
0.0306711
0.0291923
0.0297081
0.0194607
0.0207528
0.014596
0.017434
0.00618724
0.0108812
-0.00675245
0.000350199
-0.0249808
-0.0152291
-0.0473729
-0.0358231
-0.0703583
-0.0591137
-0.0883352
-0.0803249
-0.0960571
-0.093677
-0.0912969
-0.0952059
-0.0754971
-0.0845369
-0.0528837
-0.0647194
-0.0284265
-0.040601
-0.00619412
-0.0168481
0.0113472
0.00323894
0.0234496
0.0180446
0.0306679
0.0275985
0.0340237
0.0327393
0.0347433
0.0346549
0.033627
0.0343594
0.0326292
0.113568
0.105237
-0.28641
-0.0518531
0.057228
0.0468017
0.0211186
0.0286487
-0.150835
0.0868179
0.093438
0.0332141
0.0279084
0.120377
0.12107
0.10207
-0.208457
-0.380654
-0.059768
-0.0800044
-0.0218231
0.0263042
0.0859929
-0.104867
-0.436421
-0.0646132
-0.105225
0.00159073
0.00300315
0.0684418
-0.0215773
-0.441043
-0.126017
-0.0217111
-0.10365
-0.0062109
-0.398394
-0.140724
-0.0454101
-0.0722635
-0.0420885
-0.329357
-0.147041
-0.0873317
-0.254418
-0.142413
-0.123112
0.0212574
0.0206333
0.0201514
0.0225232
0.0219362
0.023874
0.0231665
0.0252701
0.0245502
0.0266087
0.0259384
0.0279093
0.0272519
0.0292198
0.0285574
0.0305606
0.0298862
0.0319396
0.0312456
0.0333733
0.0326498
0.0348945
0.0341217
0.0365643
0.0357086
0.0384657
0.0374839
0.0406837
0.0395349
0.0432716
0.0419351
0.0462084
0.0447056
0.0493635
0.0477734
0.0524895
0.0509475
0.0552634
0.0539364
0.057387
0.056413
0.0586704
0.0581302
0.0590575
0.0589646
0.0585986
0.0589188
0.0574057
0.058078
0.055623
0.0565729
0.0534113
0.0545567
0.0509451
0.052197
0.0484198
0.0496771
0.0460623
0.047208
0.0441338
0.0450324
0.0429333
0.0434331
0.0427438
0.0427069
0.0438401
0.0431301
0.0464013
0.0449471
0.0505999
0.0482939
0.0565644
0.0533985
0.0645113
0.0602857
0.0746025
0.0693151
0.080449
0.118199
0.119318
0.114801
0.116581
0.0424074
0.0380263
0.0491243
0.0458952
0.0517568
0.0359565
0.0406609
0.0288821
0.0321805
0.0238615
0.0260015
0.0219983
0.0225752
0.0228882
0.0221783
0.0257467
0.0241343
0.029813
0.0276892
0.0342882
0.0320441
0.0385182
0.0364638
0.0419781
0.040359
0.0443419
0.0432935
0.0455385
0.0450679
0.0457236
0.0457304
0.0452063
0.0455246
0.0443398
0.0447938
0.0434315
0.0438765
0.0426904
0.0430345
0.0422167
0.0424214
0.0420241
0.0420904
0.0420738
0.0420252
0.0423049
0.0421729
0.0426545
0.04247
0.0430673
0.0428569
0.0434945
0.0432821
0.0438892
0.0436983
0.0441915
0.0440549
0.0443332
0.0442842
0.0442203
0.044311
0.043727
0.0440232
0.0427218
0.0432868
0.0411452
0.0419951
0.039104
0.0401637
0.0368594
0.0379914
0.0347143
0.0357612
0.0328721
0.0337521
0.0313801
0.0320874
0.0301439
0.0307348
0.0289667
0.0295696
0.0277492
0.028403
0.0280691
0.026393
0.0270777
0.0201066
0.0202216
0.0203219
0.0182844
0.0195831
0.0130574
0.0161533
0.00355039
0.00888671
-0.0112593
-0.0031301
-0.0320701
-0.0209461
-0.057447
-0.0444003
-0.0829846
-0.0705804
-0.102031
-0.0937229
-0.108742
-0.107127
-0.101172
-0.106658
-0.0817471
-0.0926279
-0.0557792
-0.0692054
-0.0289108
-0.0421565
-0.00532677
-0.0165334
0.0127175
0.00444312
0.0247969
0.0194464
0.0317716
0.0288483
0.0347298
0.033656
0.0350369
0.0351426
0.0336245
0.0345027
0.0311221
0.032463
0.0296626
-0.185719
0.0191546
0.0987393
0.0205048
0.100129
0.0196782
0.0217268
-0.0724684
0.105905
0.106926
-0.0547107
0.113512
0.114056
0.112084
-0.303264
-0.0723046
-0.0368543
0.0474302
0.0365412
0.0962163
-0.207219
-0.3845
-0.0825148
-0.104888
-0.00852442
0.0128983
0.0432985
0.0389574
0.0274074
0.0256903
0.0801988
-0.106715
-0.419587
-0.0912881
-0.134066
0.0147921
-0.0136035
-0.130796
0.0593712
-0.0534182
-0.403468
-0.158689
-0.0406892
-0.0676621
-0.0681755
-0.345489
-0.0703298
-0.0944775
-0.175137
-0.0936724
-0.111841
-0.272694
-0.18187
-0.152093
-0.206911
-0.175724
0.0182096
0.0199577
0.018479
0.0192376
0.0217929
0.0208717
0.0232133
0.0224932
0.0245904
0.0238858
0.0259131
0.0252488
0.0272171
0.0265604
0.028544
0.0278735
0.0299179
0.029225
0.0313467
0.0306262
0.0328432
0.0320869
0.0344335
0.033626
0.0361661
0.0352805
0.0381074
0.0371094
0.0403223
0.039181
0.0428443
0.0415486
0.0456408
0.0442165
0.0485863
0.0471075
0.0514628
0.0500475
0.053999
0.0527856
0.0559432
0.055049
0.0571368
0.05663
0.0575316
0.057424
0.057171
0.0574321
0.0561578
0.0567314
0.0546269
0.0554429
0.0527309
0.0537115
0.0506357
0.0516961
0.048527
0.0495715
0.0466158
0.0475359
0.0451422
0.045814
0.0443709
0.0446612
0.0445584
0.0443402
0.0459473
0.0451033
0.0487102
0.0471619
0.0530229
0.050679
0.0589563
0.055802
0.0668649
0.06266
0.0765389
0.0714315
0.0880035
0.082132
0.100918
0.0942876
0.114484
0.107777
0.121295
0.128542
0.127851
0.128275
0.126467
0.127098
0.123766
0.125501
0.0504835
0.047013
0.0565913
0.053514
0.0618514
0.0590216
0.0639786
0.0491055
0.0605796
0.0555509
0.0384686
0.0428903
0.0318092
0.0350198
0.0268997
0.0290756
0.0247725
0.0255214
0.0250934
0.0246927
0.0272096
0.0259823
0.0304711
0.0287498
0.0341912
0.0323148
0.0377826
0.0360302
0.0407844
0.0393708
0.0429051
0.0419536
0.0440612
0.0435898
0.0443597
0.0442959
0.0440394
0.0442536
0.0433861
0.0437347
0.0426582
0.0430185
0.0420406
0.0423298
0.0416308
0.0418097
0.0414527
0.0415164
0.0414823
0.0414466
0.0416727
0.0415625
0.0419734
0.0418136
0.0423379
0.042151
0.0427245
0.042531
0.0430907
0.0429127
0.0433757
0.0432443
0.0435087
0.0434633
0.0433922
0.0434843
0.0429032
0.0431959
0.0419259
0.0424733
0.0404149
0.0412279
0.0384632
0.0394775
0.0362878
0.0373845
0.0341387
0.0351973
0.0322015
0.03314
0.0305294
0.0313358
0.0290635
0.029776
0.0276731
0.0283611
0.0261979
0.0269644
0.024644
0.0254996
0.0189485
0.0188722
0.0191032
0.0168343
0.0181429
0.0114312
0.0146729
0.000998397
0.00691549
-0.0156861
-0.00651584
-0.0391544
-0.0266128
-0.0676539
-0.0530367
-0.0958501
-0.0822397
-0.116008
-0.10739
-0.121687
-0.120856
-0.111281
-0.118353
-0.0882414
-0.100949
-0.0589709
-0.073958
-0.029745
-0.0440361
-0.00484545
-0.016592
0.0137076
0.00525804
0.0258147
0.0204921
0.0326083
0.0297929
0.0352632
0.0343546
0.0351949
0.0354866
0.0334919
0.0345031
0.0307154
0.0321934
0.0291247
0.118373
0.105782
-0.304656
-0.0972548
0.0180189
-0.0334826
-0.0205252
0.0359891
0.0242192
0.0346157
0.023854
0.0919054
-0.203372
-0.369318
-0.111897
-0.134888
0.00671424
-0.00302167
-0.155801
0.0726479
0.12524
-0.127346
-0.386019
-0.169767
-0.0494007
-0.0333121
0.135643
0.128554
0.135352
0.0487009
-0.0644921
-0.11193
-0.3526
-0.127123
-0.0950621
-0.198434
-0.115906
-0.0873202
-0.146959
-0.286222
-0.217758
-0.190318
-0.216857
-0.225621
-0.218838
0.0643989
0.0178742
0.0192658
0.0184234
0.020988
0.020103
0.0224818
0.0217565
0.0238368
0.0231561
0.0251435
0.0244929
0.026443
0.0257908
0.0277782
0.0271042
0.0291735
0.0284681
0.0306417
0.0298993
0.0321946
0.0314082
0.0338522
0.0330101
0.0356519
0.0347335
0.0376429
0.0366229
0.0398703
0.038728
0.0423486
0.0410818
0.0450346
0.0436731
0.0478077
0.0464208
0.0504745
0.0491659
0.0528049
0.0516907
0.0545894
0.0537683
0.0556954
0.055223
0.0560854
0.0559704
0.0558021
0.0560153
0.0549424
0.0554307
0.0536342
0.0543312
0.0520225
0.0528541
0.0502647
0.0511506
0.0485355
0.0493861
0.0470301
0.0477452
0.0459673
0.0464347
0.0455822
0.0456838
0.0461065
0.0457271
0.047754
0.0467911
0.0506943
0.0490663
0.0550775
0.052715
0.0610033
0.05785
0.0687151
0.0646617
0.0780244
0.0732346
0.0890482
0.0833983
0.101695
0.0951556
0.115121
0.10844
0.121728
0.135663
0.135801
0.13522
0.13549
0.134789
0.135011
0.132935
0.134442
0.137315
0.133892
0.0537445
0.0481312
0.0507811
0.0589454
0.0563498
0.0637872
0.0613707
0.068119
0.066091
0.0618371
0.0695156
0.0692064
0.0511754
0.0568665
0.0407162
0.045412
0.0341412
0.0372288
0.0294163
0.0315515
0.0270613
0.027958
0.0269218
0.0267716
0.0284337
0.0275214
0.0310261
0.029641
0.0341064
0.0325424
0.0371522
0.0356586
0.039755
0.0385218
0.0416509
0.0407914
0.0427488
0.0422889
0.043118
0.043007
0.0429411
0.0430783
0.0424489
0.0427174
0.0418584
0.0421539
0.0413323
0.0415811
0.0409644
0.0411274
0.0407864
0.0408538
0.0407873
0.0407682
0.0409344
0.0408465
0.0411884
0.0410514
0.0415119
0.0413442
0.0418687
0.0416884
0.0422178
0.0420465
0.0425017
0.0423699
0.042636
0.0425883
0.0425297
0.042616
0.0420599
0.0423415
0.0411204
0.0416461
0.0396734
0.0404516
0.0377949
0.0387735
0.035663
0.0367448
0.0334917
0.0345705
0.0314465
0.032449
0.0295915
0.0304973
0.0278974
0.02873
0.0262725
0.0270817
0.0246173
0.0254407
0.022914
0.0238305
0.0229835
0.0210376
0.0219499
0.0176026
0.0174291
0.0177566
0.0153083
0.016649
0.00971007
0.0130681
-0.00138641
0.00497097
-0.0197179
-0.00960919
-0.0456479
-0.0317907
-0.0770482
-0.0609684
-0.107651
-0.0929604
-0.128719
-0.119886
-0.133298
-0.133263
-0.120184
-0.128752
-0.0938228
-0.108206
-0.0616074
-0.0779717
-0.0303403
-0.045528
-0.00434248
-0.0165315
0.0145935
0.00602125
0.0266602
0.0213962
0.0332315
0.0305385
0.035609
0.0348452
0.0352077
0.0356694
0.0331911
0.034348
0.0302263
0.0317951
0.026699
0.0284921
0.0248756
0.103898
-0.294921
-0.127752
0.0168518
-0.0129687
-0.00244712
0.0219131
0.00929642
-0.164989
0.0864242
-0.211218
-0.346285
-0.147837
-0.171058
-0.0266604
-0.0225814
0.1425
0.141766
0.12798
0.133597
0.063625
0.0699506
0.0630913
-0.0617568
-0.174354
-0.346294
-0.138734
-0.163818
-0.213432
-0.13361
0.0191613
0.0182463
0.0163683
0.0296635
0.0161651
0.0451725
0.0357208
0.130922
0.130361
0.140811
-0.0844934
-0.195608
-0.29992
-0.247973
-0.107065
-0.240249
-0.229619
-0.271311
-0.273465
-0.168972
-0.282987
0.0184394
0.0173546
0.0201844
0.0192978
0.0216917
0.0209609
0.0230386
0.0223752
0.0243279
0.02369
0.0256146
0.0249703
0.0269502
0.026275
0.0283516
0.0276411
0.0298475
0.0290884
0.0314474
0.0306349
0.033168
0.0322924
0.0350368
0.0340834
0.0370871
0.0360391
0.0393439
0.0381909
0.0418029
0.0405517
0.0444092
0.043094
0.047045
0.0457319
0.0495372
0.0483177
0.0516891
0.0506618
0.0533273
0.0525733
0.0543448
0.0539087
0.0547164
0.0546017
0.0544879
0.0546648
0.0537544
0.0541712
0.052639
0.0532318
0.0512803
0.0519785
0.0498278
0.0505553
0.0484443
0.0491179
0.0473089
0.0478371
0.0466192
0.046901
0.0465838
0.0465146
0.0474098
0.0468866
0.0492866
0.0482181
0.0523755
0.0506835
0.056806
0.0544317
0.0626985
0.0595724
0.0701842
0.0662659
0.0792067
0.0745266
0.0898793
0.0843277
0.102088
0.0957882
0.11518
0.108634
0.121877
0.142495
0.142641
0.142529
0.142482
0.142998
0.142668
0.144147
0.143168
0.147739
0.146192
0.0643284
0.0617546
0.0628373
0.0673968
0.0658702
0.0708304
0.0690812
0.0739379
0.0725199
0.0758157
0.0748071
0.0528133
0.0581167
0.0428145
0.0475134
0.0360162
0.0391159
0.0314337
0.0335221
0.0289083
0.0299212
0.0284042
0.0284531
0.0294279
0.0287713
0.0314696
0.0303625
0.0340141
0.0327125
0.0365982
0.0353241
0.0388572
0.0377803
0.0405506
0.0397756
0.0415825
0.0411408
0.0419917
0.0418503
0.0419161
0.0419976
0.041541
0.0417506
0.0410486
0.041298
0.0405822
0.0408053
0.040232
0.04039
0.040037
0.0401155
0.0399992
0.0400004
0.0400993
0.0400345
0.0403099
0.0401931
0.0406013
0.0404475
0.0409411
0.040767
0.0412874
0.0411153
0.0415787
0.0414433
0.0417381
0.0416797
0.0416568
0.0417293
0.0412204
0.0414839
0.0403272
0.0408278
0.0389401
0.0396869
0.0371176
0.03807
0.0350068
0.0360835
0.0327923
0.0339009
0.0306257
0.0316971
0.0285841
0.029589
0.0266665
0.0276133
0.0248181
0.0257378
0.0229758
0.0238967
0.0210797
0.0220351
0.0200926
0.0160722
0.0159204
0.0162245
0.0137251
0.0151275
0.00793204
0.0113802
-0.00356523
0.00306368
-0.0230696
-0.0122689
-0.050903
-0.0360234
-0.0844925
-0.0673204
-0.1168
-0.101379
-0.138314
-0.129449
-0.141742
-0.142469
-0.126303
-0.136128
-0.097313
-0.113007
-0.0628995
-0.0802764
-0.03022
-0.0460111
-0.00357143
-0.0160037
0.0154959
0.00690666
0.0273899
0.022241
0.0336545
0.0311221
0.0357286
0.035115
0.0350192
0.0356381
0.0326909
0.0339959
0.02952
0.0311834
0.0258576
0.0277208
0.0219733
0.0239446
0.0200185
0.101032
-0.286788
-0.162742
-0.193489
0.0154543
-0.0741556
-0.107331
0.0240342
0.0177947
0.0607987
0.0144592
-0.0447988
0.0136663
0.0419629
-0.0100013
0.00379757
-0.262261
0.0147179
0.128098
0.139775
0.0601051
0.076806
0.0172131
0.079287
0.11542
-0.0564155
-0.242221
-0.327006
-0.185031
-0.216485
0.0386729
0.0103801
-0.135938
0.0169556
0.015212
0.0522663
0.146951
0.130375
-0.0831823
-0.251397
-0.31317
-0.212841
-0.268066
0.019103
-0.104037
-0.300294
-0.254093
-0.310266
-0.0342421
-0.0203063
-0.121564
0.0134637
0.0129053
0.16177
0.16587
-0.343081
-0.184986
-0.340225
-0.0692664
-0.152834
-0.354621
0.0174726
0.0162895
0.0193172
0.0184775
0.0208706
0.0201319
0.0222215
0.0215712
0.0234954
0.0228687
0.0247648
0.0241296
0.0260967
0.0254188
0.0274849
0.0267746
0.028995
0.0282258
0.0306289
0.0297959
0.0324032
0.0314976
0.034338
0.0333495
0.0364526
0.0353722
0.0387531
0.0375803
0.041216
0.0399669
0.0437728
0.0424872
0.0463053
0.045048
0.0486554
0.0475086
0.0506536
0.0497013
0.0521571
0.0514655
0.0530836
0.0526859
0.0534223
0.0533158
0.0532257
0.0533782
0.0525902
0.0529495
0.051637
0.0521406
0.0505001
0.05108
0.0493216
0.0499059
0.0482525
0.0487644
0.0474558
0.0478124
0.0471074
0.0472192
0.0473912
0.047166
0.0484897
0.047837
0.0505703
0.0494087
0.0537804
0.0520385
0.0582382
0.0558604
0.0640641
0.0609863
0.071347
0.0675377
0.0800975
0.075561
0.0903936
0.0850591
0.102231
0.0961534
0.114814
0.108626
0.121328
0.149047
0.147342
0.148646
0.149152
0.149136
0.14961
0.14927
0.150918
0.150151
0.153782
0.152014
0.158788
0.156106
0.161424
0.0749015
0.0775715
0.0758103
0.0746596
0.0744942
0.0757216
0.0750771
0.0777059
0.0766185
0.0799563
0.0788457
0.0821269
0.0809711
0.0774936
0.0841634
0.0832063
0.0646605
0.0709412
0.0536284
0.0588706
0.0442739
0.0487551
0.0374242
0.0405463
0.0329385
0.0349814
0.0303301
0.0314119
0.0295575
0.0297569
0.0301982
0.0297439
0.0317955
0.0309141
0.0338985
0.0328139
0.0360972
0.0350067
0.0380649
0.0371209
0.0395809
0.0388806
0.0405454
0.040125
0.040973
0.0408134
0.0409652
0.0410081
0.0406695
0.0408385
0.0402387
0.0404589
0.0398005
0.040012
0.0394429
0.0396066
0.0392134
0.0393099
0.0391272
0.0391518
0.039179
0.0391361
0.0393521
0.0392509
0.0396232
0.0394761
0.0399614
0.0397849
0.0403229
0.0401408
0.0406436
0.0404903
0.0408391
0.0407593
0.0407968
0.0408489
0.0404041
0.0406446
0.0395608
0.040035
0.038225
0.0389455
0.0364401
0.0373758
0.0343274
0.0354097
0.032049
0.033196
0.0297507
0.0308938
0.0275238
0.0286247
0.0253942
0.026447
0.0233419
0.0243604
0.0213099
0.0223303
0.0192635
0.020292
0.0181774
0.0145154
0.0140807
0.0143838
0.014676
0.0121237
0.0135761
0.00619485
0.00970957
-0.00546592
0.00126365
-0.0254866
-0.0143589
-0.0543284
-0.038899
-0.088992
-0.0713068
-0.121941
-0.106298
-0.143212
-0.134577
-0.145517
-0.146912
-0.128404
-0.139101
-0.0978361
-0.114266
-0.0622751
-0.0801601
-0.0290197
-0.0450267
-0.00226458
-0.0147018
0.0166108
0.008147
0.0281325
0.0231889
0.0339512
0.0316397
0.0356582
0.0352147
0.03465
0.0354141
0.0320441
0.0334891
0.0286573
0.030415
0.0248878
0.0268077
0.0208953
0.0228991
0.0189002
0.097154
-0.0467393
-0.293895
-0.205056
0.0802198
0.0601582
-0.0108712
0.000789947
-0.13751
0.015348
0.013618
0.0712878
0.112339
-0.0814554
-0.301627
-0.32412
-0.232951
-0.272899
0.0780215
0.0849185
0.0374963
0.15471
0.130185
-0.105115
-0.354328
-0.29009
-0.277105
-0.337503
-0.0657034
-0.051722
-0.00328723
-0.122435
0.0127145
0.0120815
0.178231
0.0122613
0.171711
0.188969
0.0114892
0.194944
0.195646
0.165049
-0.119476
-0.417409
-0.223243
-0.388464
0.0935634
0.0985481
0.154994
0.146419
0.154694
-0.0267709
-0.102811
-0.219093
-0.444929
-0.158047
-0.426828
0.214714
0.219059
0.0345452
0.0123668
0.0140844
0.0131191
0.0165347
0.0154079
0.0184756
0.0176107
0.0200573
0.0193044
0.0214214
0.0207645
0.0226835
0.0220608
0.0239319
0.0233051
0.0252146
0.0245688
0.0266168
0.0259041
0.0281267
0.0273527
0.0297786
0.0289303
0.0315911
0.0306598
0.0335805
0.0325585
0.0357557
0.0346402
0.0381065
0.0369057
0.0405906
0.03933
0.0431251
0.0418511
0.0455871
0.0443652
0.0478274
0.0467339
0.0496972
0.0488048
0.0510794
0.0504413
0.0519143
0.051553
0.0522073
0.0521129
0.0520203
0.0521563
0.0514543
0.0517669
0.0506315
0.051058
0.0496837
0.0501579
0.0487467
0.0492005
0.0479608
0.0483238
0.0474726
0.0476707
0.047437
0.047392
0.0480133
0.0476454
0.0493596
0.0485902
0.0516221
0.0503796
0.0549309
0.0531521
0.0593956
0.0570267
0.0651264
0.0621118
0.0721979
0.0685062
0.0806566
0.0762656
0.0905899
0.0854431
0.102087
0.0961596
0.114877
0.108499
0.128773
0.121449
0.137519
0.155466
0.155465
0.155538
0.155428
0.156321
0.15579
0.158441
0.157198
0.16261
0.160199
0.168807
0.165495
0.177231
0.172409
0.194635
0.184419
0.204333
0.0872307
0.089778
0.0844594
0.0854662
0.0836897
0.0837868
0.0843835
0.0838896
0.0859858
0.0851156
0.0883683
0.0870138
0.0908082
0.0896705
0.065005
0.0713698
0.0540464
0.0592245
0.0451667
0.0493777
0.0384119
0.0415269
0.0340053
0.0360085
0.0313799
0.0324945
0.0304167
0.0307279
0.0307621
0.0304658
0.0320065
0.0313058
0.0337515
0.0328434
0.0356338
0.0346935
0.0373594
0.0365247
0.0387238
0.0380861
0.0396242
0.0392234
0.040055
0.0398839
0.0400872
0.0401035
0.0398372
0.0399796
0.0394339
0.0396384
0.0389937
0.0392045
0.0386053
0.0387817
0.0383262
0.038443
0.0381859
0.0382313
0.0381924
0.0381646
0.0383385
0.0382429
0.0386051
0.0384527
0.0389601
0.0387685
0.039355
0.0391509
0.0397205
0.0395407
0.0399641
0.0398576
0.0399729
0.039998
0.0396274
0.0398424
0.0388298
0.0392791
0.0375328
0.0382323
0.035764
0.0366913
0.033627
0.034723
0.0312697
0.0324582
0.0288379
0.0300486
0.0264382
0.027624
0.0241187
0.0252624
0.0218866
0.0229886
0.0197064
0.0208009
0.0175726
0.018628
0.0164659
0.00975095
0.01109
0.0104554
0.0123914
0.0118707
0.01308
0.012762
0.0128737
0.0131746
0.0106129
0.0120799
0.00468487
0.00819672
-0.00687994
-0.000220962
-0.0266839
-0.015659
-0.055363
-0.0400218
-0.0896931
-0.0722099
-0.121942
-0.106674
-0.142178
-0.134103
-0.143548
-0.145424
-0.125696
-0.136717
-0.0948663
-0.111352
-0.0594909
-0.077238
-0.026689
-0.0424461
-0.000481175
-0.012641
0.0178533
0.00965722
0.0288527
0.024174
0.0341168
0.0320804
0.0353409
0.0351248
0.0339811
0.0349039
0.0311228
0.0326834
0.0275429
0.0293851
0.0236774
0.0256349
0.0196443
0.021668
0.0155993
0.0176238
0.0121984
0.01383
0.0920655
-0.0757536
-0.325452
-0.259647
0.0827781
0.0595023
0.0919457
0.059666
0.107241
-0.108
-0.38699
-0.339209
-0.300576
-0.346029
-0.0329431
-0.123415
0.212511
0.233046
0.242361
0.0173094
0.13307
-0.125343
-0.471882
-0.286372
-0.422583
0.10769
0.114402
0.104575
0.162316
0.162728
0.145162
0.154268
0.011122
0.0108664
0.00975889
0.181382
-0.0483096
-0.151523
-0.125237
-0.533255
-0.207942
-0.485733
0.00844031
0.00759048
-0.533289
-0.105042
0.0295961
-0.094759
0.024795
0.0112948
0.0134702
0.0124807
0.0156792
0.0146445
0.0176671
0.0167608
0.0192924
0.0185163
0.020678
0.0199948
0.0219385
0.0212972
0.0231707
0.0225304
0.0244433
0.0237746
0.0258094
0.0250878
0.0273037
0.0265127
0.0289556
0.0280833
0.0307851
0.0298212
0.0328091
0.0317468
0.0350302
0.0338708
0.0374262
0.0361846
0.0399392
0.0386486
0.0424717
0.0411848
0.0448929
0.0436771
0.0470566
0.0459842
0.048827
0.0479623
0.0501063
0.0494921
0.0508544
0.0505037
0.0510923
0.0509888
0.0508939
0.0509966
0.0503676
0.0506208
0.04964
0.0499807
0.0488436
0.0492073
0.0481109
0.0484333
0.047573
0.0477903
0.0473615
0.0474087
0.0476103
0.0474207
0.0484549
0.0479605
0.0500283
0.0491621
0.0524546
0.051154
0.0558448
0.0540536
0.0602974
0.0579639
0.0659084
0.0629823
0.0727474
0.0691936
0.0808759
0.0766579
0.0903968
0.0854531
0.101445
0.0957076
0.113969
0.107567
0.128509
0.120933
0.136631
0.161696
0.162042
0.161539
0.161462
0.162657
0.161922
0.165488
0.163835
0.170584
0.167746
0.178338
0.174119
0.189746
0.183383
0.208144
0.198102
0.219338
0.0985063
0.102428
0.0934422
0.095576
0.0911041
0.0919771
0.0907687
0.0907392
0.0918727
0.091177
0.0942248
0.0929144
0.0972472
0.0956956
0.0929863
0.100605
0.0989264
0.0781236
0.085447
0.0648951
0.0712288
0.0540538
0.0591461
0.0454878
0.0495122
0.0389918
0.0419892
0.0346516
0.0366054
0.0320671
0.0331816
0.030993
0.0313786
0.031127
0.0309478
0.0321037
0.03154
0.0335688
0.0327941
0.0351995
0.0343697
0.0367301
0.0359712
0.0379693
0.0373689
0.0388109
0.0384138
0.0392325
0.0390423
0.03928
0.0392682
0.0390449
0.0391622
0.0386385
0.038828
0.0381703
0.0383779
0.0377337
0.0379146
0.0373978
0.0375202
0.0372061
0.0372513
0.0371787
0.0371397
0.0373149
0.0371949
0.0375964
0.0374073
0.0379872
0.0377496
0.0384319
0.0381762
0.0388532
0.0386208
0.039152
0.0389943
0.0392113
0.0391888
0.0389084
0.0390804
0.0381434
0.0385567
0.0368647
0.0375377
0.0350907
0.036005
0.0329134
0.034015
0.0304739
0.0316882
0.0279221
0.0291745
0.0253782
0.0266137
0.0229032
0.0240991
0.020523
0.0216651
0.0182316
0.0193148
0.0159886
0.0170526
0.0136793
0.0148055
0.0122351
0.00992874
0.00929711
0.0111255
0.0106421
0.0116365
0.0113993
0.011386
0.011679
0.00920317
0.0106152
0.00347937
0.00687504
-0.00764674
-0.00125832
-0.0264672
-0.0160053
-0.053766
-0.0391801
-0.0862677
-0.0697234
-0.11653
-0.102233
-0.135156
-0.127799
-0.135783
-0.137859
-0.118298
-0.128999
-0.0886262
-0.104455
-0.0547546
-0.0717305
-0.0233632
-0.0384406
0.00170169
-0.00991786
0.0191472
0.011369
0.0294461
0.0251027
0.0340975
0.0323574
0.0348263
0.0348428
0.0331246
0.0341985
0.0300432
0.0317034
0.0263123
0.0282213
0.022375
0.0243558
0.0183786
0.0203741
0.0144398
0.0163892
0.0126642
0.083324
-0.109074
-0.379317
-0.331679
-0.150311
-0.131838
-0.0746237
-0.149741
-0.354651
0.256343
0.229801
0.0426052
0.100777
-0.135571
-0.152588
-0.487476
-0.370536
-0.39075
-0.434752
-0.00930719
0.120064
0.128098
0.122971
0.163196
0.144545
0.154059
0.284303
0.28094
0.304843
0.0938318
0.102259
0.0100784
0.00872721
0.0096645
0.00857297
0.138129
0.0188944
0.0128045
-0.077151
-0.139855
-0.209154
-0.585829
-0.29437
-0.522611
0.00792949
0.00675435
0.00727566
0.00650917
-0.597818
-0.629333
-0.20844
-0.126435
-0.220758
0.192505
0.0599329
0.0882754
0.0101999
0.00910053
0.0126936
0.011558
0.0149195
0.0138923
0.0169215
0.0159916
0.0185866
0.017798
0.0199938
0.0193146
0.0212615
0.0206375
0.0224847
0.0218712
0.0237392
0.023102
0.0250804
0.0243924
0.0265519
0.0257949
0.028189
0.0273479
0.0300171
0.0290777
0.0320549
0.03101
0.0343021
0.0331545
0.0367291
0.035498
0.039266
0.0379914
0.0418028
0.0405441
0.0441997
0.043029
0.0463086
0.045299
0.0480008
0.0472123
0.0491917
0.0486597
0.0498567
0.0495857
0.0500322
0.0499971
0.0498043
0.0499573
0.0492918
0.0495712
0.0486294
0.0489674
0.0479537
0.0482823
0.0473967
0.0476509
0.0470826
0.0472013
0.0471292
0.0470541
0.0476501
0.0473246
0.0487559
0.048125
0.0505525
0.0495638
0.053139
0.0517436
0.0566053
0.0547592
0.0610343
0.0586961
0.066506
0.0636366
0.0730873
0.0696549
0.0808499
0.0768151
0.0899102
0.0852086
0.100432
0.0949747
0.112663
0.106313
0.127346
0.119646
0.135624
0.167526
0.169131
0.16821
0.167143
0.167145
0.168487
0.167598
0.171915
0.169927
0.177935
0.17459
0.186913
0.182044
0.200427
0.192961
0.21942
0.209298
0.245139
0.231104
0.261883
0.108584
0.113626
0.10161
0.10465
0.0979254
0.0994342
0.0967029
0.0970649
0.0974322
0.0968629
0.0997729
0.0984342
0.103442
0.101465
0.108038
0.105702
0.0778461
0.0856118
0.0643347
0.0707021
0.0535713
0.0586112
0.0452536
0.049136
0.0390672
0.0419146
0.0348981
0.0367547
0.0324093
0.0334677
0.0313037
0.031702
0.0313036
0.0311868
0.0320869
0.0316166
0.0333386
0.0326693
0.0347722
0.0340425
0.0361464
0.0354707
0.037281
0.0367419
0.0380667
0.0377105
0.0384667
0.0383038
0.0385068
0.0385179
0.0382597
0.0384039
0.0378251
0.0380502
0.0373113
0.0375628
0.0368191
0.037048
0.0364304
0.0365984
0.036201
0.0362835
0.0361596
0.0361457
0.0363085
0.0362001
0.0366263
0.036437
0.0370699
0.036824
0.0375749
0.0373074
0.038055
0.0378117
0.0384049
0.0382409
0.0385026
0.0384804
0.0382252
0.0384053
0.0374718
0.0379008
0.0361889
0.0368864
0.034392
0.0353411
0.0321686
0.0333172
0.029658
0.030932
0.0270126
0.0283358
0.0243637
0.0256754
0.0217724
0.0230548
0.0192783
0.0205093
0.0168799
0.0180693
0.0145099
0.0156926
0.0121084
0.01333
0.0109277
0.00869569
0.00804642
0.00978149
0.00931055
0.010271
0.0100699
0.0100001
0.010285
0.0080495
0.00931783
0.0027833
0.00591389
-0.00748295
-0.00159283
-0.0247078
-0.0151364
-0.0494346
-0.0362183
-0.0788003
-0.063859
-0.105991
-0.0931577
-0.122568
-0.116033
-0.122824
-0.124828
-0.106761
-0.116543
-0.0796008
-0.0940866
-0.0484645
-0.0640832
-0.0193756
-0.0333704
0.00402149
-0.00683518
0.0203399
0.0130738
0.0298341
0.0258689
0.0337933
0.0323909
0.0339244
0.0342221
0.0318142
0.0330596
0.0285358
0.030268
0.0247346
0.0266643
0.0208224
0.0227731
0.0169663
0.0188784
0.0133063
0.0150972
0.0115797
0.0709973
-0.146098
-0.448599
-0.421884
-0.100508
-0.0461189
0.138125
0.170338
0.163764
0.317128
0.334386
0.110461
0.00741333
0.020654
0.0960154
0.00716805
-0.159958
-0.198641
-0.586695
-0.409023
-0.456843
-0.498643
-0.534865
0.00702901
0.00590867
0.00570766
0.00614824
0.00547435
-0.62931
-0.675161
-0.308288
-0.147026
-0.115352
0.145192
0.113311
0.0610559
0.133933
0.0956701
0.150384
0.124376
0.0629568
0.0676877
0.147853
0.10485
0.117899
0.165557
0.138454
0.156747
0.137715
0.179442
0.165559
0.184336
0.171778
0.187439
0.173316
0.206782
0.213017
0.23312
0.254677
0.26465
0.24541
0.212268
-0.158457
0.179736
0.182285
0.208794
0.287821
0.3686
0.358411
-0.688948
0.50186
0.550803
0.493299
0.540071
0.00932818
0.00817486
0.0118857
0.0106836
0.0142433
0.013147
0.0162792
0.0153274
0.0179826
0.0171823
0.0194294
0.018738
0.0207188
0.0200893
0.0219477
0.0213353
0.0231966
0.0225637
0.0245244
0.0238499
0.0259694
0.0252267
0.0275849
0.0267531
0.0293982
0.0284644
0.0314285
0.0303847
0.0336762
0.0325256
0.0361085
0.0348723
0.0386491
0.037371
0.0411804
0.0399239
0.0435562
0.0423965
0.0456254
0.0446369
0.047261
0.0465024
0.0483851
0.0478881
0.0489826
0.0487466
0.0491009
0.049095
0.0488372
0.0490077
0.048321
0.0486004
0.0476954
0.0480114
0.047104
0.0473853
0.0466817
0.0468624
0.0465495
0.046571
0.0468152
0.0466251
0.047575
0.0471264
0.0489162
0.0481665
0.050918
0.0498284
0.0536534
0.0521883
0.0571893
0.0553159
0.0615894
0.059276
0.0669168
0.0641322
0.0732333
0.0699465
0.080618
0.0767848
0.0892076
0.084751
0.0992061
0.0940148
0.111018
0.104839
0.125532
0.117871
0.14345
0.134088
0.164224
0.153566
0.175463
0.177416
0.172881
0.173955
0.172255
0.172339
0.173769
0.172752
0.177678
0.175419
0.184406
0.180694
0.194553
0.189025
0.209126
0.201263
0.22907
0.218421
0.256125
0.241479
0.292659
0.273322
0.34159
0.31517
0.407642
0.404873
0.371565
0.275707
0.350761
0.350438
0.310958
0.220244
0.246188
0.179415
0.198196
0.150396
0.163549
0.130595
0.139536
0.117302
0.123286
0.108844
0.112588
0.104041
0.106067
0.102109
0.102779
0.10254
0.102078
0.104976
0.103544
0.109297
0.106912
0.115032
0.112001
0.0941997
0.11303
0.10363
0.0770141
0.0852224
0.0631728
0.069676
0.0524517
0.0574556
0.044427
0.0481515
0.0386261
0.041276
0.0347368
0.036467
0.0324103
0.0333999
0.0313497
0.0317376
0.0312937
0.0312129
0.0319587
0.0315532
0.0330654
0.0324729
0.034358
0.0337029
0.0356157
0.0350034
0.0366668
0.0361762
0.0373996
0.0370786
0.0377665
0.0376309
0.0377797
0.0378165
0.0375003
0.0376738
0.0370231
0.0372826
0.0364596
0.0367484
0.0359199
0.0361839
0.0354963
0.0356922
0.0352535
0.0353527
0.0352236
0.035214
0.0354072
0.0352922
0.0357768
0.0355733
0.036281
0.0360177
0.0368458
0.0365624
0.0373766
0.0371229
0.0377618
0.0375955
0.0378774
0.0378618
0.0376015
0.0377967
0.0368357
0.0372863
0.0355302
0.0362537
0.0337025
0.0346809
0.0314403
0.0326215
0.0288818
0.0301924
0.026178
0.0275431
0.0234627
0.0248197
0.0208025
0.0221419
0.0182418
0.019512
0.0157553
0.0169985
0.0132928
0.0145295
0.0108122
0.0120659
0.00841276
0.00967303
0.00617637
0.00741268
0.00737089
0.00679549
0.0083645
0.00790544
0.00887055
0.00866403
0.00867428
0.00888272
0.0069597
0.00806957
0.00240685
0.0051338
-0.0065904
-0.00141919
-0.0216047
-0.0132623
-0.0429884
-0.0315535
-0.0682815
-0.0554036
-0.0916836
-0.0806271
-0.106002
-0.100319
-0.106333
-0.107975
-0.0925752
-0.100963
-0.0689419
-0.081578
-0.0413939
-0.0552593
-0.0152216
-0.0278548
0.00610388
-0.00380968
0.0210593
0.0144048
0.0296928
0.0261125
0.0330725
0.0319401
0.0327582
0.0332675
0.0303262
0.0317137
0.0268903
0.0286796
0.0230634
0.0249891
0.0192312
0.0211259
0.0155625
0.0173653
0.0121748
0.0138227
0.00913032
0.0105847
0.00658521
0.00781229
0.0565572
0.467629
0.392578
0.432404
0.075955
0.439027
0.49359
0.470176
-0.180114
-0.521435
-0.524988
0.00488089
0.00555489
0.00474322
-0.330518
0.118329
0.175042
-0.553366
-0.589435
-0.627989
-0.662914
-0.441711
-0.180255
0.453388
0.534762
0.164378
-0.00188397
0.504506
0.403386
-0.00983126
0.0914641
-0.717365
-0.623318
-0.247866
-0.278588
-0.18377
0.185305
0.12194
0.151411
0.23715
0.40962
0.332974
0.259464
0.342555
-0.168497
-0.721433
-0.70413
0.00398118
-0.219349
0.0057132
-0.694402
0.0044875
0.600766
0.615476
-0.61053
-0.576261
-0.216855
0.496838
0.0889718
0.456652
0.0381533
-0.677095
-0.322876
0.0068043
0.00803434
0.00937274
0.0107912
0.0122905
0.0138756
0.0155367
0.0172643
0.0190521
0.02089
0.0227517
0.0246061
0.0264077
0.0281055
0.0296219
0.030833
0.0315741
0.0316431
0.0308405
0.0289647
0.0258386
0.0213245
0.0153414
0.00787571
-0.00100241
-0.0111286
-0.0222417
-0.0339779
-0.0458787
-0.0574047
-0.0679548
-0.0769151
-0.0836988
-0.0878256
-0.0889804
-0.0870685
-0.0822724
-0.0749946
-0.0658872
-0.0556625
-0.0451062
-0.0348714
-0.0254864
-0.0172823
-0.0104133
-0.0049054
-0.000651775
0.00247957
0.00468453
0.0061356
0.00701143
0.00745561
0.0075976
0.00752562
0.00730282
0.00699598
0.00658186
0.00610824
0.00562324
0.00509742
0.00451143
0.00386426
0.00321138
-0.717415
-0.473331
-0.204682
0.32181
0.38844
0.280346
0.165696
0.00360498
0.00431542
0.00510562
0.00619289
0.00728325
0.00854085
0.00975461
0.0110639
0.0123302
0.013611
0.0148761
0.0161483
0.0174297
0.0187233
0.0200326
0.021341
0.0227226
0.0240952
0.0254807
0.0268465
0.0282044
0.0295169
0.0307834
0.0319653
0.0330661
0.0340478
0.0349195
0.0356491
0.0362545
0.0367124
0.0370492
0.0372495
0.0373462
0.03733
0.0372374
0.0370621
0.0368406
0.036568
0.0362791
0.0359678
0.0356677
0.0353703
0.0351076
0.034868
0.0346814
0.0345324
0.0344491
0.0344116
0.0344454
0.0345252
0.0346739
0.0348599
0.0351031
0.0353664
0.0356661
0.0359607
0.0362644
0.0365332
0.036781
0.0369644
0.0370994
0.037146
0.0371243
0.0369999
0.0367988
0.0364941
0.0361181
0.0356521
0.035135
0.0345568
0.0339619
0.0333478
0.032763
0.0322109
0.0317425
0.0313652
0.0311309
0.0310499
0.0311748
0.0315153
0.0321226
0.0330038
0.0342155
0.0357696
0.0377372
0.0401324
0.0430444
0.0464957
0.0506188
0.0554441
0.0611359
0.0677048
0.0753159
0.0839765
0.0937118
0.104386
0.115259
0.125725
0.135372
0.130384
0.125745
0.121553
0.117854
0.114638
0.111879
0.109685
0.108097
0.107089
0.106687
0.106907
0.107813
0.109443
0.111874
0.115178
0.119472
0.124867
0.131523
0.139561
0.149193
0.160686
0.174328
0.190246
0.208667
0.229706
0.254387
0.282379
0.313434
0.34711
0.381681
0.414102
0.440588
0.458925
0.465516
0.460614
0.444817
0.42175
0.395568
0.368898
0.343609
0.320542
0.300011
0.281312
0.26422
0.249561
0.236927
0.225997
0.216378
0.208019
0.200918
0.194975
0.190005
0.185934
0.182654
0.180162
0.178382
0.177286
0.176815
0.176983
0.177752
0.179135
0.181138
0.183756
0.186753
0.19039
0.194631
0.199567
0.189159
0.177104
0.164596
0.152655
0.141693
0.131928
0.123305
0.115716
0.109005
0.103013
0.0976257
0.0927117
0.0882
0.0840153
0.0801408
0.0765259
0.0731693
0.0700369
0.0671371
0.064442
0.0619649
0.0596799
0.0576025
0.0557062
0.0540079
0.0524799
0.0511405
0.0499603
0.0489589
0.0481038
0.0474162
0.0468598
0.046457
0.046168
0.0460146
0.0459544
0.0460066
0.0461268
0.0463313
0.0465736
0.0468673
0.0471636
0.0474747
0.0477497
0.0480018
0.0481792
0.0482968
0.0483057
0.0482226
0.0480053
0.0476747
0.0471973
0.0466002
0.0458597
0.0450099
0.0440366
0.0429795
0.0418317
0.0406354
0.0393877
0.0381296
0.0368581
0.0356097
0.034379
0.0331957
0.0320506
0.0309661
0.0299289
0.0289555
0.0280293
0.0271615
0.0263359
0.0255604
0.0248223
0.0241214
0.0234526
0.0228054
0.0221735
0.0215567
0.0209363
0.0203117
0.0196676
0.0189934
0.0182814
0.0175069
0.0166771
0.0157519
0.0147653
0.0136533
0.0124937
0.011201
0.00995843
0.0086089
0.00730796
0.00608736
0.00496535
0.00398962
0.00322003
0.00264567
0.00494837
-0.239287
-0.680622
-0.625088
-0.456524
-0.697976
-0.309947
-0.285357
-0.215023
0.587494
0.468992
-0.0163287
0.207472
0.40823
0.548675
0.0821679
-0.0565657
0.00805371
0.477373
0.113854
0.531038
-0.254674
-0.603698
-0.641187
-0.394649
-0.625605
-0.335405
0.00589208
0.00699288
0.00814896
0.00938488
0.0107247
0.0121496
0.0136554
0.0152339
0.0168912
0.0186152
0.0203924
0.02219
0.0239743
0.0256895
0.0272589
0.0285459
0.0293873
0.0295914
0.0289805
0.0273816
0.0246491
0.0206822
0.0154261
0.00890329
0.00119976
-0.00749598
-0.0169332
-0.0267551
-0.0365672
-0.0458924
-0.0542684
-0.0612045
-0.0663064
-0.0692252
-0.0698036
-0.0679927
-0.0640006
-0.0581328
-0.0509235
-0.0428888
-0.0346465
-0.0266609
-0.0193535
-0.0129564
-0.00760622
-0.0033137
-1.59922e-05
0.00239837
0.0040762
0.00516738
0.00581307
0.00611396
0.00617543
0.00606852
0.00585319
0.00558434
0.00524629
0.00487102
0.00446636
0.00403518
0.00356104
0.00303109
0.00253053
0.00217096
0.00311035
0.210777
0.348217
0.14464
0.138468
0.132741
0.12761
0.123105
0.11932
0.116191
0.113769
0.112039
0.110986
0.110646
0.111018
0.112136
0.114059
0.116844
0.120579
0.125349
0.131276
0.138476
0.147089
0.157277
0.169249
0.183156
0.199047
0.217119
0.23777
0.260888
0.286611
0.314053
0.342955
0.372307
0.399353
0.420539
0.433976
0.439107
0.436255
0.425398
0.408375
0.387635
0.365273
0.343302
0.322698
0.303644
0.286107
0.270066
0.255664
0.242953
0.231788
0.222002
0.213458
0.20609
0.199828
0.194577
0.190271
0.18681
0.184157
0.182269
0.18115
0.18071
0.180984
0.181959
0.183645
0.186057
0.189191
0.192837
0.197407
0.202577
0.208531
0.215326
0.207477
0.194449
0.179774
0.165157
0.15166
0.1397
0.129429
0.120623
0.11306
0.106483
0.100749
0.0956773
0.0911193
0.0869632
0.0830804
0.0795022
0.0761048
0.0729623
0.0699716
0.0672158
0.0645934
0.0621972
0.0599247
0.0578761
0.0559442
0.0542351
0.0526366
0.0512596
0.0499871
0.0489335
0.0479767
0.0472334
0.0465765
0.0461235
0.0457425
0.045551
0.0454116
0.0454417
0.045498
0.0456971
0.0458906
0.0461937
0.0464546
0.0467869
0.0470372
0.0473189
0.047479
0.0476328
0.0476288
0.0475875
0.0473607
0.0470763
0.0465923
0.0460448
0.0453004
0.0445025
0.0435271
0.042523
0.0413737
0.0402299
0.0389797
0.0377719
0.0364954
0.0352937
0.0340541
0.0329131
0.0317556
0.0307091
0.0296561
0.0287174
0.0277756
0.0269387
0.0261012
0.0253593
0.0245929
0.0239223
0.023212
0.0225911
0.0219195
0.0213277
0.0206674
0.0200599
0.0193726
0.01871
0.0179529
0.0171826
0.0163104
0.0153706
0.0143595
0.0132269
0.0120152
0.0107036
0.00936246
0.00803223
0.00656526
0.0052947
0.00395254
0.00313377
0.00234738
0.00221526
0.00182341
0.00404239
0.0619826
-0.14013
0.40268
0.599935
-0.0315892
0.274957
0.645407
0.46055
-0.295347
-0.255432
-0.454878
-0.688073
0.00251312
0.00294971
0.003924
0.0050801
0.00630981
0.00763092
0.00895425
0.0103
0.0116181
0.0129285
0.0142356
0.0155276
0.0168412
0.0181439
0.0194831
0.020811
0.022178
0.0235401
0.0249354
0.0262869
0.0276632
0.0289568
0.0302325
0.0313967
0.0325123
0.0334841
0.034378
0.0351059
0.0357399
0.0362024
0.0365709
0.0367784
0.0369052
0.0368939
0.0368252
0.0366484
0.0364431
0.0361592
0.0358772
0.035545
0.0352425
0.034916
0.0346438
0.0343694
0.0341689
0.033983
0.0338849
0.0338118
0.0338332
0.0338821
0.0340234
0.0341855
0.0344278
0.0346745
0.0349804
0.0352658
0.0355828
0.0358491
0.0361162
0.0363028
0.0364614
0.0365156
0.0365208
0.036408
0.0362372
0.0359484
0.0356069
0.0351613
0.034683
0.0341286
0.0335743
0.0329841
0.0324367
0.0319022
0.0314598
0.0310846
0.0308534
0.0307445
0.0308324
0.031097
0.0316083
0.0323504
0.0333914
0.0347289
0.0364334
0.0385241
0.0410828
0.0441756
0.0479234
0.0524633
0.0579435
0.0645055
0.0722802
0.0813616
0.0919684
0.103964
0.116843
0.129691
0.141657
0.152361
-0.674485
0.785604
0.224681
-0.627736
0.00125459
0.00148008
0.00150117
0.00287916
0.00411033
0.00553251
0.00696187
0.0083637
0.00975632
0.0111276
0.0124657
0.0138071
0.0151152
0.0164505
0.0177586
0.0191103
0.0204376
0.0218174
0.0231655
0.0245476
0.0258935
0.0272436
0.028528
0.0297887
0.0309497
0.0320563
0.0330303
0.033925
0.0346632
0.0353082
0.0357873
0.0361748
0.0364018
0.0365525
0.0365583
0.0365139
0.0363487
0.0361616
0.0358842
0.0356123
0.0352782
0.034977
0.0346401
0.034361
0.0340688
0.0338551
0.0336457
0.0335301
0.0334298
0.0334315
0.0334516
0.0335734
0.0337072
0.0339327
0.0341536
0.0344471
0.0347109
0.0350209
0.0352716
0.0355386
0.0357168
0.0358832
0.0359363
0.0359573
0.03585
0.0357024
0.0354246
0.0351121
0.0346826
0.0342372
0.0337016
0.0331805
0.0326071
0.0320878
0.0315615
0.0311351
0.0307504
0.0305129
0.0303645
0.0304059
0.0305828
0.0309878
0.0315732
0.0324253
0.0335092
0.0349116
0.0366229
0.0387488
0.0413382
0.0445543
0.0485737
0.0536391
0.0599475
0.0677782
0.077373
0.0888911
0.102493
0.117855
0.134453
0.150337
0.773032
-0.597463
-0.287648
0.550438
0.178487
0.499785
-0.0564816
0.652484
-0.296826
0.216587
0.209221
0.203267
0.198022
0.193612
0.19009
0.187324
0.185377
0.18424
0.183874
0.184268
0.18545
0.187404
0.19017
0.19379
0.198297
0.203749
0.21022
0.21777
0.226469
0.236385
0.247576
0.260174
0.274226
0.289677
0.306275
0.323852
0.342261
0.361095
0.379486
0.396193
0.409524
0.41775
0.419721
0.415425
0.404305
0.386904
0.364345
0.339262
0.313783
0.288929
0.265244
0.24334
0.223378
0.205575
0.189754
0.175747
0.163506
0.152944
0.143927
0.136322
0.130012
0.124876
0.120817
0.117765
0.115626
0.114348
0.113881
0.11421
0.1153
0.117161
0.119804
0.123294
0.127643
0.132878
0.139023
0.146059
0.153757
0.162945
0.00489337
0.00573206
0.00662968
0.00763678
0.00874382
0.00994695
0.0112173
0.0125768
0.014001
0.0155144
0.0170717
0.0186951
0.0203211
0.0219537
0.0234731
0.0247986
0.0257287
0.0261411
0.0258271
0.0246752
0.0225152
0.0192918
0.0149424
0.00952527
0.00314709
-0.00400719
-0.0116591
-0.0195372
-0.0272297
-0.0344468
-0.0407187
-0.0458336
-0.0493717
-0.0512976
-0.0513586
-0.049765
-0.0465125
-0.0420416
-0.036571
-0.0306365
-0.0245321
-0.0187024
-0.0133453
-0.00870113
-0.0048083
-0.00171604
0.00064948
0.0023566
0.00352491
0.00426785
0.00468788
0.00485762
0.00484603
0.00472123
0.00452535
0.00430977
0.00404346
0.00375358
0.00343648
0.00308051
0.00269089
0.00228231
0.00182486
0.00148418
0.00240409
0.226112
0.21569
0.200387
0.182938
0.165616
0.150087
0.136906
0.126042
0.11705
0.10954
0.103231
0.0978747
0.0932571
0.0891469
0.085407
0.0819126
0.0786343
0.0755125
0.0725676
0.0697544
0.0671126
0.0645919
0.0622468
0.0600198
0.0579758
0.056049
0.0543122
0.0526919
0.0512672
0.0499573
0.0488461
0.0478458
0.0470433
0.0463439
0.0458362
0.0454186
0.0451806
0.0450127
0.0450055
0.0450417
0.045212
0.0453936
0.0456757
0.0459318
0.0462499
0.046501
0.0467742
0.0469404
0.047091
0.047099
0.04706
0.0468518
0.0465762
0.0461175
0.0455861
0.0448733
0.0440982
0.043159
0.0421821
0.0410703
0.0399553
0.0387406
0.0375601
0.0363138
0.035135
0.0339185
0.0327946
0.0316529
0.0306182
0.0295746
0.0286418
0.0277006
0.0268727
0.0260212
0.0252692
0.0245058
0.0238305
0.0231294
0.0224986
0.0218345
0.0212166
0.0205539
0.0199252
0.0192313
0.0185475
0.0177797
0.0169933
0.0161061
0.0151736
0.0141106
0.0129657
0.0117067
0.0104023
0.00894901
0.00756399
0.0060372
0.00465977
0.00322399
0.00213201
0.00143246
0.00137734
0.00159631
0.00278539
-0.338693
0.366131
0.0628667
0.446388
0.72187
-0.639491
-0.426118
0.275418
0.0242857
0.00386058
0.00367161
0.000323983
-0.00103176
0.00322929
0.0041337
-0.328893
-0.175427
0.129813
0.479571
0.250798
0.576406
-0.353456
0.224232
0.208125
0.215146
0.197142
0.202128
0.190104
0.193159
0.186689
0.187971
0.18664
0.186269
0.189861
0.187856
0.196453
0.192729
0.206709
0.20111
0.221038
0.213353
0.239882
0.229879
0.263644
0.251146
0.292232
0.277401
0.324579
0.308044
0.358317
0.341489
0.388126
0.374196
0.404993
0.398692
0.401731
0.40601
0.376698
0.391792
0.335515
0.357334
0.289906
0.312692
0.246938
0.267823
0.210047
0.227625
0.180212
0.194285
0.157046
0.167841
0.139916
0.147793
0.127982
0.133366
0.120486
0.12373
0.116833
0.118221
0.116644
0.116333
0.119765
0.117798
0.126394
0.122627
0.13703
0.131186
0.152323
0.144073
0.172599
0.161671
-0.000163889
0.00190043
0.00119153
0.000467964
0.00416418
0.00268269
0.00727236
0.00569568
0.0102645
0.00874885
0.0128641
0.0116158
0.0150632
0.0140185
0.0169085
0.0160355
0.0184832
0.0177339
0.0198809
0.0192076
0.0211897
0.0205492
0.022487
0.0218424
0.0238353
0.0231568
0.0252868
0.02455
0.026868
0.0260621
0.0286317
0.027731
0.0305936
0.0295941
0.032745
0.0316535
0.0350472
0.033888
0.0374208
0.0362383
0.0397554
0.0386079
0.0419188
0.0408745
0.0437759
0.0429011
0.045216
0.0445616
0.0461735
0.0457657
0.0466404
0.0464757
0.0466686
0.0467141
0.0463604
0.0465595
0.0458524
0.0461334
0.0453001
0.0455833
0.0448631
0.0450692
0.0446867
0.0447459
0.0448968
0.044749
0.0455926
0.0451916
0.0468438
0.0461585
0.0486915
0.0477048
0.0511521
0.0498588
0.0542217
0.0526261
0.0578802
0.0559942
0.0620946
0.0599361
0.066821
0.0644133
0.0720085
0.0693773
0.0776208
0.07478
0.0837207
0.0806178
0.09065
0.0870625
0.0994971
0.0947481
0.112425
0.105319
0.132522
0.121349
0.164751
0.146926
0.205523
0.185338
0.222426
-0.564647
0.176022
0.184259
0.182291
0.00332367
0.00453946
0.00404325
0.00592379
0.00517061
0.00773049
0.00678794
0.00985219
0.00875515
0.0123125
0.0110421
0.015094
0.0136732
0.0180169
0.0165617
0.0205916
0.0194027
0.0218862
0.021472
0.0208352
0.021722
0.0165829
0.0191482
0.00888138
0.013145
-0.00155984
0.00392038
-0.0131616
-0.00734341
-0.0238605
-0.0187682
-0.0316196
-0.0282322
-0.0349793
-0.0339209
-0.0335068
-0.0348423
-0.0280011
-0.0311783
-0.0202376
-0.0242829
-0.012256
-0.0161677
-0.00560252
-0.00870332
-0.000965702
-0.00302229
0.00172253
0.000598211
0.00296951
0.00248983
0.00334125
0.00324166
0.00323598
0.00333014
0.00296085
0.00310631
0.00257322
0.00278391
0.00207131
0.00233168
0.00152508
0.00179283
0.000782336
0.00129906
0.00248172
-0.00215455
0.000337927
0.000581271
0.00348613
0.00203057
0.00653952
0.00505306
0.0094682
0.00805729
0.0122433
0.0109049
0.0149278
0.0136277
0.0175888
0.0162943
0.0202753
0.0189628
0.022978
0.0216617
0.0256674
0.0243684
0.0282637
0.0270245
0.0306519
0.0295322
0.032711
0.0317706
0.0343391
0.0336252
0.0354762
0.0350117
0.0361188
0.0358987
0.0363114
0.0363079
0.036137
0.0363045
0.0357016
0.0359866
0.0351137
0.0354608
0.0344807
0.0348357
0.0339025
0.0342198
0.0334607
0.0337014
0.0332146
0.0333521
0.0331963
0.0332184
0.0334041
0.0333163
0.0337983
0.0336253
0.0343034
0.0340871
0.0348166
0.0346109
0.0352243
0.0350866
0.035421
0.0354018
0.0353294
0.0354625
0.0349161
0.0352118
0.034201
0.0346424
0.0332568
0.0338013
0.0322022
0.0327857
0.0311892
0.0317324
0.0303876
0.0308041
0.0299675
0.0301733
0.0300809
0.0300033
0.0308539
0.0304332
0.0323947
0.0315769
0.0348454
0.0335473
0.038555
0.0365554
0.0444877
0.0411881
0.0546215
0.0488961
0.0719938
0.0621758
0.099895
0.0844647
0.138314
0.118261
0.159301
0.00123015
-0.00390701
0.166482
0.198189
0.186545
0.117558
0.14238
0.0787861
0.0959013
0.0565137
0.0658531
0.0448888
0.0496527
0.0388242
0.0413342
0.0351754
0.0367458
0.0326718
0.0337515
0.0309655
0.0316675
0.0299652
0.0303222
0.0296103
0.0296541
0.029811
0.029591
0.0304424
0.0300249
0.0313538
0.0308166
0.0323843
0.0318083
0.0333796
0.0328402
0.0342091
0.0337679
0.0347801
0.0344781
0.035048
0.0349012
0.0350194
0.0350181
0.0347486
0.0348603
0.0343247
0.0345015
0.0338544
0.0340418
0.0334433
0.0335896
0.0331782
0.0332431
0.0331149
0.0330747
0.0332729
0.0331222
0.0336363
0.0333872
0.0341589
0.0338378
0.0347707
0.0344149
0.0353776
0.0350369
0.0358814
0.0356061
0.0361764
0.0360203
0.0361561
0.0361704
0.0357286
0.0359563
0.0348339
0.0353005
0.0334521
0.0341617
0.0316156
0.0325454
0.0294068
0.0305114
0.0269321
0.028156
0.0243031
0.0255907
0.0216143
0.0229218
0.0189319
0.0202244
0.0162712
0.01756
0.0136001
0.0149003
0.0108594
0.0122041
0.00796703
0.00939842
0.00483814
0.0064
0.001468
0.00319187
-0.00016773
-5.14004e-07
-0.00194355
-0.00202525
0.000337764
0.000578318
0.000519914
0.00075433
0.00097842
0.00118385
0.00135594
0.00151765
0.00164882
0.00175909
0.0018491
0.00192836
0.00198973
0.00200691
0.00196893
0.00183788
0.00159318
0.00119286
0.000599146
-0.000234827
-0.00133699
-0.00273311
-0.00441862
-0.00637421
-0.0085409
-0.0108393
-0.0131502
-0.0153429
-0.0172586
-0.018753
-0.0196862
-0.0199603
-0.0195104
-0.0183223
-0.0164235
-0.0138847
-0.0108155
-0.00735512
-0.00367269
5.27994e-05
0.00363399
0.006905
0.00971629
0.0119704
0.0136116
0.0146537
0.0151336
0.0151317
0.0147283
0.0140245
0.0131034
0.0120653
0.0109875
0.00993928
0.00894646
0.00802321
0.00716428
0.00636914
0.00563528
0.00496128
0.00434522
0.00379384
0.00332906
0.00298679
0.00277177
0.00277639
0.00261023
0.0029232
0.195414
0.00174494
0.248875
0.229988
0.24052
0.186608
0.211189
0.142559
0.162262
0.11615
0.127154
0.101412
0.107518
0.0924225
0.096232
0.0857437
0.0887158
0.0798473
0.0825415
0.0742984
0.0768491
0.0690559
0.0714575
0.0641875
0.0664003
0.0597684
0.0617552
0.05586
0.0575914
0.0525092
0.0539631
0.0497486
0.0509101
0.0475945
0.0484573
0.0460433
0.0466115
0.0450677
0.0453576
0.0446133
0.0446553
0.0445961
0.0444354
0.0449036
0.0445995
0.0453989
0.0450212
0.0459287
0.045557
0.0463391
0.0460499
0.0464851
0.0463473
0.0462491
0.0463164
0.0455559
0.0458596
0.0443829
0.0449274
0.0427639
0.0435244
0.0407856
0.0417136
0.0385688
0.0396009
0.0362452
0.0373157
0.0339323
0.0349846
0.031725
0.0327149
0.0296826
0.0305858
0.0278277
0.0286365
0.0261535
0.0268739
0.0246404
0.0252838
0.0232459
0.0238345
0.0219262
0.0224839
0.0206231
0.0211805
0.0192677
0.0198602
0.017778
0.0184474
0.0160637
0.0168555
0.014038
0.0149942
0.0116266
0.012785
0.0087991
0.0101705
0.00556525
0.00714045
0.00219547
0.00383759
-0.000345372
0.000576274
0.00142887
-0.00286158
-0.000649621
0.168013
0.181539
0.147528
0.156845
0.133532
0.139837
0.124491
0.128477
0.119435
0.121506
0.117934
0.118258
0.119921
0.118488
0.125638
0.122296
0.135557
0.130044
0.150317
0.142295
0.170654
0.159752
0.197195
0.183129
0.230249
0.212918
0.269298
0.249121
0.311924
0.290409
0.352919
0.333073
0.383883
0.370224
0.39731
0.393014
0.391525
0.396706
0.370224
0.382364
0.340698
0.356031
0.309152
0.324882
0.27931
0.29386
0.253368
0.265778
0.232078
0.242149
0.215361
0.223166
0.202935
0.208647
0.19439
0.198206
0.189419
0.191479
0.18784
0.188216
0.189683
0.188329
0.195248
0.191979
0.205153
0.199614
0.220561
0.212075
0.23132
-0.435614
-0.0594685
-0.356735
0.227634
-0.600323
-0.347834
-0.51441
-0.367435
-0.370527
-0.364709
0.624004
0.775703
0.877134
0.831675
0.71819
-0.608832
-0.629219
-0.725645
-0.754484
-0.975547
-0.50727
-0.0880254
-0.276202
0.150287
0.205221
0.179451
0.14808
0.117865
0.0933123
0.0746519
0.0610092
0.0514603
0.0450528
0.0408408
0.0380391
0.0360629
0.0345682
0.0333423
0.0322971
0.0313873
0.0306109
0.0299686
0.0294686
0.0291145
0.0289049
0.0288369
0.0288985
0.0290817
0.0293666
0.0297417
0.0301822
0.0306756
0.0311946
0.0317277
0.0322479
0.032747
0.0332004
0.0336051
0.0339408
0.0342109
0.0344004
0.03452
0.0345605
0.0345391
0.0344516
0.0343208
0.0341457
0.0339524
0.0337408
0.0335382
0.0333429
0.033181
0.0330473
0.0329653
0.0329245
0.032945
0.0330111
0.033139
0.033308
0.0335312
0.0337835
0.0340755
0.0343786
0.0347014
0.0350121
0.0353188
0.0355894
0.0358291
0.0360039
0.0361222
0.0361508
0.0360978
0.0359327
0.0356673
0.0352758
0.0347749
0.0341434
0.0334023
0.0325389
0.0315836
0.0305278
0.0294027
0.0282032
0.0269619
0.0256742
0.0243712
0.0230449
0.0217223
0.0203911
0.0190746
0.0177532
0.0164444
0.0151237
0.0138045
0.0124582
0.011094
0.00967975
0.00821924
0.00667409
0.00504224
0.00341927
0.00154847
-0.000330124
-0.00192945
-0.00450431
-0.0013727
0.0138407
0.00262602
0.000998954
0.000664501
8.40784e-05
3.92331e-05
0.000156281
0.000223655
0.000276011
0.000332107
0.000360828
0.000376542
0.00037665
0.000358527
0.000326253
0.000270568
0.000198367
9.61349e-05
-3.78014e-05
-0.000220069
-0.000454252
-0.000755118
-0.001122
-0.00156966
-0.00209034
-0.00268851
-0.00333975
-0.0040329
-0.00472466
-0.00538958
-0.00597007
-0.00643474
-0.00672932
-0.00683228
-0.00670766
-0.00635136
-0.00574843
-0.00491141
-0.00384587
-0.00258542
-0.00116898
0.000338646
0.00185953
0.0033094
0.00460146
0.00568176
0.0065009
0.00705238
0.00732767
0.00736506
0.00718919
0.00686164
0.00641143
0.00589592
0.00533655
0.00477551
0.00422854
0.00372755
0.00327716
0.00288599
0.00254027
0.00223664
0.00196523
0.00173265
0.00154643
0.00143633
0.00145765
0.00162247
0.00211533
0.00349975
0.00726843
0.0144172
0.0120455
0.288547
0.263175
0.242844
0.21884
0.189498
0.161395
0.13965
0.123218
0.111749
0.10304
0.0973335
0.0926641
0.0894785
0.0862735
0.0837834
0.0809076
0.0785164
0.0756877
0.0733166
0.0705522
0.0682643
0.0656377
0.0635051
0.0610791
0.0591562
0.0569752
0.0553
0.0533948
0.0519937
0.0503846
0.0492745
0.0479726
0.0471605
0.0461665
0.0456483
0.044951
0.0447099
0.0442845
0.0442893
0.0440967
0.0443013
0.0442882
0.0446329
0.0447331
0.0451485
0.0452875
0.0457
0.0457969
0.0461276
0.046109
0.0462883
0.0460926
0.0460668
0.0456508
0.0453886
0.0447345
0.0442335
0.0433551
0.0426411
0.0415747
0.0406954
0.0394968
0.0385142
0.0372477
0.0362268
0.0349515
0.0339461
0.032711
0.0317655
0.0306075
0.0297459
0.0286791
0.0279092
0.0269343
0.0262538
0.0253654
0.0247597
0.0239344
0.0233818
0.0225993
0.0220766
0.02131
0.0207871
0.0200031
0.0194437
0.018603
0.0179648
0.0170237
0.0162621
0.0151771
0.0142502
0.0129854
0.0118601
0.0103968
0.00905194
0.00737554
0.0058255
0.00414238
0.00229543
0.000433102
-0.00120725
-0.00367399
-0.000147323
-0.00150838
0.00971534
0.28363
0.21339
0.190941
0.172431
0.159393
0.149281
0.141207
0.134688
0.129478
0.125399
0.122348
0.120247
0.119051
0.118734
0.119303
0.120775
0.123193
0.126601
0.131071
0.136668
0.143483
0.151596
0.161105
0.172086
0.184612
0.198721
0.21443
0.23168
0.25034
0.270146
0.290704
0.311476
0.331725
0.350569
0.366976
0.38
0.388827
0.393172
0.392988
0.38854
0.380314
0.369024
0.355447
0.340518
0.325004
0.309497
0.294455
0.280164
0.26677
0.25441
0.243173
0.233091
0.224162
0.21633
0.209562
0.203812
0.199041
0.195202
0.192264
0.190193
0.188981
0.188621
0.189136
0.19055
0.192924
0.196337
0.200929
0.206871
0.214439
0.224332
0.236766
0.342898
-0.263878
0.00790557
0.0365728
-0.0777408
-0.0506543
-0.10788
0.0163066
-0.0160727
-0.000102459
0.0308014
0.0264804
0.0271117
0.0721541
-0.000631043
0.02051
0.118309
0.0147072
-0.332648
0.805395
-0.000285028
)
;

boundaryField
{
    frontandback
    {
        type            empty;
    }
    walls
    {
        type            zeroGradient;
    }
    diamond
    {
        type            zeroGradient;
    }
    inlet
    {
        type            zeroGradient;
    }
    outlet
    {
        type            fixedValue;
        value           uniform 0;
    }
}


// ************************************************************************* //
