/*--------------------------------*- C++ -*----------------------------------*\
  =========                 |
  \\      /  F ield         | OpenFOAM: The Open Source CFD Toolbox
   \\    /   O peration     | Website:  https://openfoam.org
    \\  /    A nd           | Version:  10
     \\/     M anipulation  |
\*---------------------------------------------------------------------------*/
FoamFile
{
    format      ascii;
    class       labelList;
    note        "nPoints:17788  nCells:8711  nFaces:35027  nInternalFaces:17221";
    location    "constant/polyMesh";
    object      neighbour;
}
// * * * * * * * * * * * * * * * * * * * * * * * * * * * * * * * * * * * * * //


17221
(
1
2
5509
5834
5401
5503
5821
23
85
5197
4
2320
2531
2625
5
2409
2626
2208
2210
8701
7
66
3591
3842
3589
3840
8693
9
6532
7146
7359
6533
7149
7256
11
7607
7623
7624
8325
8336
13
137
158
179
103
135
8694
15
346
461
494
280
430
8695
17
1956
2123
2212
18
1830
1934
1934
1937
8699
20
3461
3715
3757
3508
3756
8705
22
78
4028
4300
69
4026
4258
5172
5175
5401
25
27
6124
8708
26
5190
5829
27
6494
6530
6497
6511
29
7155
7259
7801
30
6613
6969
6531
6878
6969
32
34
6514
6902
33
7367
8320
34
6108
7144
5782
5817
36
7436
7799
7800
7254
7358
7798
39
7502
7796
8144
39
41
8142
8314
7257
7627
41
8142
8690
8689
43
7797
8315
7258
7610
8330
45
7625
8329
7608
7612
8338
47
48
6902
8322
48
6884
7151
7620
8323
50
52
2147
8702
51
2520
2521
52
2344
2345
2145
2307
54
2748
2785
2982
55
91
2786
90
92
3093
57
59
175
232
157
203
205
59
135
175
8694
153
157
61
331
407
418
63
352
421
63
207
267
352
208
331
65
4124
4126
4127
66
3842
4122
3844
4125
68
85
4839
5169
69
78
84
4542
4837
71
72
154
200
155
199
213
73
120
155
119
152
154
75
76
4111
4385
4110
4280
4281
77
3982
4110
3723
3981
4111
83
4573
80
1116
1221
1269
976
1075
1117
82
523
524
698
607
697
738
84
4844
5199
85
5197
5172
87
180
211
235
158
201
210
89
340
379
381
339
424
427
91
3462
3506
2982
3465
3332
3462
3582
94
3734
3977
3986
3232
3481
3729
96
98
100
4576
97
4578
4880
98
4681
4984
4274
4392
100
4576
4827
4851
4274
4539
102
6163
6298
6300
6164
6522
6523
104
133
137
105
134
136
106
131
139
107
132
138
108
129
141
109
130
140
110
127
143
111
128
142
112
125
145
113
126
144
114
123
147
115
124
146
116
121
149
117
122
148
118
119
151
120
122
159
120
150
160
122
124
161
162
124
126
163
164
126
128
165
166
128
130
167
168
130
132
169
170
132
134
171
172
134
135
173
174
176
137
139
181
182
139
141
183
184
141
143
185
186
143
145
187
188
145
147
189
190
147
149
191
192
149
151
193
194
151
152
195
196
156
198
158
201
8694
156
177
160
212
178
197
201
204
180
160
162
214
215
162
164
216
217
164
166
218
219
166
168
220
221
168
170
222
223
170
172
224
225
172
174
226
227
174
176
228
229
176
230
231
178
200
258
202
261
180
182
239
240
182
184
241
242
184
186
243
244
186
188
245
246
188
190
247
248
190
192
249
250
192
194
251
252
194
196
253
254
196
198
255
256
198
202
233
257
200
207
209
259
262
234
260
204
206
263
262
270
206
232
301
264
304
208
209
259
330
213
267
211
262
269
236
238
213
215
281
282
215
217
283
284
217
219
285
286
219
221
287
288
221
223
289
290
223
225
291
292
225
227
293
294
227
229
295
296
229
231
297
298
231
232
299
300
302
234
257
326
268
329
238
240
306
237
269
274
238
271
272
307
240
242
308
309
242
244
310
311
244
246
312
313
246
248
314
315
248
250
316
317
250
252
318
319
252
254
320
321
254
256
322
323
256
257
324
325
327
259
261
332
333
261
268
334
335
338
264
270
275
265
266
266
275
277
276
303
282
351
328
337
338
343
338
344
273
307
382
273
274
339
340
383
343
347
344
348
277
278
305
348
349
279
349
350
280
305
345
350
8695
282
284
353
354
284
286
355
356
286
288
357
358
288
290
359
360
290
292
361
362
292
294
363
364
294
296
365
366
296
298
367
368
298
300
369
370
300
302
371
372
302
304
373
374
304
305
375
376
377
307
309
384
385
309
311
386
387
311
313
388
389
313
315
390
391
315
317
392
393
317
319
394
395
319
321
396
397
321
323
398
399
323
325
400
401
325
327
402
403
327
329
404
405
329
336
341
406
331
333
408
409
333
335
410
411
335
337
412
413
337
342
414
415
417
340
347
378
342
406
491
416
493
417
422
417
423
346
377
459
462
8695
422
424
423
425
425
428
428
430
352
354
433
434
354
356
435
436
356
358
437
438
358
360
439
440
360
362
441
442
362
364
443
444
364
366
445
446
366
368
447
448
368
370
449
450
370
372
451
452
372
374
453
454
374
376
455
456
376
377
457
458
460
381
383
465
380
427
429
381
420
463
466
383
385
467
468
385
387
469
470
387
389
471
472
389
391
473
474
391
393
475
476
393
395
477
478
395
397
479
480
397
399
481
482
399
401
483
484
401
403
485
486
403
405
487
488
405
406
489
490
492
409
419
496
409
411
499
500
411
413
501
502
413
415
503
504
415
416
505
506
432
507
508
419
421
431
431
498
429
464
518
434
526
508
509
508
510
509
514
510
515
432
507
511
8696
514
516
515
517
516
518
517
519
497
527
493
512
434
436
528
529
436
438
530
531
438
440
532
533
440
442
534
535
442
444
536
537
444
446
538
539
446
448
540
541
448
450
542
543
450
452
544
545
452
454
546
547
454
456
548
549
456
458
550
551
458
460
552
553
460
462
554
555
462
495
556
557
464
466
563
520
565
466
468
566
567
468
470
568
569
470
472
570
571
472
474
572
573
474
476
574
575
476
478
576
577
478
480
578
579
480
482
580
581
482
484
582
583
484
486
584
585
486
488
586
587
488
490
588
589
490
492
590
591
492
493
592
593
594
495
519
522
521
559
498
500
595
498
523
524
596
500
502
597
598
502
504
599
600
504
506
601
602
506
507
603
604
605
606
606
610
606
611
513
605
709
594
608
8696
609
712
8696
610
612
611
613
612
614
613
615
614
616
615
619
564
616
618
522
558
560
619
620
527
607
596
696
622
624
625
8697
527
529
626
627
529
531
628
629
531
533
630
631
533
535
632
633
535
537
634
635
537
539
636
637
539
541
638
639
541
543
640
641
543
545
642
643
545
547
644
645
547
549
646
647
549
551
648
649
551
553
650
651
553
555
652
653
555
557
654
655
557
559
656
657
559
562
658
659
562
620
621
562
621
622
8697
660
565
567
665
565
617
661
666
567
569
667
668
569
571
669
670
571
573
671
672
573
575
673
674
575
577
675
676
577
579
677
678
579
581
679
680
581
583
681
682
583
585
683
684
585
587
685
686
587
589
687
688
589
591
689
690
591
593
691
692
593
594
693
694
695
596
598
699
700
598
600
701
702
600
602
703
704
602
604
705
706
604
605
707
708
710
713
627
737
609
695
813
711
815
713
714
713
715
714
716
715
717
716
721
717
726
721
722
618
662
664
722
723
726
727
727
728
728
729
729
730
624
660
773
8697
732
776
730
732
733
627
629
739
740
629
631
741
742
631
633
743
744
633
635
745
746
635
637
747
748
637
639
749
750
639
641
751
752
641
643
753
754
643
645
755
756
645
647
757
758
647
649
759
760
649
651
761
762
651
653
763
764
653
655
765
766
655
657
767
768
657
659
769
770
659
660
771
772
774
664
666
781
663
723
725
664
724
777
782
666
668
783
784
668
670
785
786
670
672
787
788
672
674
789
790
674
676
791
792
676
678
793
794
678
680
795
796
680
682
797
798
682
684
799
800
684
686
801
802
686
688
803
804
688
690
805
806
690
692
807
808
692
694
809
810
694
695
811
812
814
698
700
816
698
731
735
817
700
702
818
819
702
704
820
821
704
706
822
823
706
708
824
825
708
710
826
827
710
712
828
829
712
718
719
830
831
831
835
831
836
835
839
836
858
720
830
837
720
815
856
838
855
839
840
840
841
841
842
725
778
780
842
843
846
858
846
847
847
848
848
849
849
850
736
738
854
734
775
734
850
851
832
833
736
817
852
853
857
738
740
859
860
740
742
861
862
742
744
863
864
744
746
865
866
746
748
867
868
748
750
869
870
750
752
871
872
752
754
873
874
754
756
875
876
756
758
877
878
758
760
879
880
760
762
881
882
762
764
883
884
764
766
885
886
766
768
887
888
768
770
889
890
770
772
891
892
772
774
893
894
774
776
895
896
776
832
897
898
780
782
906
779
843
845
780
844
902
907
782
784
908
909
784
786
910
911
786
788
912
913
788
790
914
915
790
792
916
917
792
794
918
919
794
796
920
921
796
798
922
923
798
800
924
925
800
802
926
927
802
804
928
929
804
806
930
931
806
808
932
933
808
810
934
935
810
812
936
937
812
814
938
939
814
815
940
941
942
817
819
943
944
819
821
945
946
821
823
947
948
823
825
949
950
825
827
951
952
827
829
953
954
829
830
955
956
957
958
834
901
834
851
899
899
900
958
960
958
977
838
957
1090
959
1093
960
961
961
962
962
963
963
964
964
965
845
903
905
965
970
966
979
966
967
967
968
968
969
969
973
973
974
853
944
1074
976
1075
857
860
981
856
959
1073
942
1070
976
982
977
979
860
862
983
984
862
864
985
986
864
866
987
988
866
868
989
990
868
870
991
992
870
872
993
994
872
874
995
996
874
876
997
998
876
878
999
1000
878
880
1001
1002
880
882
1003
1004
882
884
1005
1006
884
886
1007
1008
886
888
1009
1010
888
890
1011
1012
890
892
1013
1014
892
894
1015
1016
894
896
1017
1018
896
898
1019
1020
898
901
1021
1022
974
978
901
975
1023
1024
905
907
1032
904
970
972
905
971
1028
1033
907
909
1034
1035
909
911
1036
1037
911
913
1038
1039
913
915
1040
1041
915
917
1042
1043
917
919
1044
1045
919
921
1046
1047
921
923
1048
1049
923
925
1050
1051
925
927
1052
1053
927
929
1054
1055
929
931
1056
1057
931
933
1058
1059
933
935
1060
1061
935
937
1062
1063
937
939
1064
1065
939
941
1066
1067
941
942
1068
1069
1071
944
946
1076
1077
946
948
1078
1079
948
950
1080
1081
950
952
1082
1083
952
954
1084
1085
954
956
1086
1087
956
957
1088
1089
1091
1095
1072
1092
1095
1096
1096
1097
1097
1098
1098
1099
1099
1100
1100
1104
1101
1121
1101
1102
1102
1103
1103
1107
1104
1105
972
1029
1031
1105
1106
1107
1108
1108
1109
978
1025
1027
982
1095
1119
1109
1112
1119
1121
1094
1118
1120
1219
982
984
1122
1123
984
986
1124
1125
986
988
1126
1127
988
990
1128
1129
990
992
1130
1131
992
994
1132
1133
994
996
1134
1135
996
998
1136
1137
998
1000
1138
1139
1000
1002
1140
1141
1002
1004
1142
1143
1004
1006
1144
1145
1006
1008
1146
1147
1008
1010
1148
1149
1010
1012
1150
1151
1012
1014
1152
1153
1014
1016
1154
1155
1016
1018
1156
1157
1018
1020
1158
1159
1020
1022
1160
1161
1022
1024
1162
1163
1024
1027
1164
1165
1026
1112
1114
1027
1113
1166
1167
1031
1033
1175
1030
1106
1111
1031
1110
1171
1176
1033
1035
1177
1178
1035
1037
1179
1180
1037
1039
1181
1182
1039
1041
1183
1184
1041
1043
1185
1186
1043
1045
1187
1188
1045
1047
1189
1190
1047
1049
1191
1192
1049
1051
1193
1194
1051
1053
1195
1196
1053
1055
1197
1198
1055
1057
1199
1200
1057
1059
1201
1202
1059
1061
1203
1204
1061
1063
1205
1206
1063
1065
1207
1208
1065
1067
1209
1210
1067
1069
1211
1212
1069
1071
1213
1214
1071
1073
1215
1216
1073
1094
1217
1218
1075
1077
1220
1221
1077
1079
1222
1223
1079
1081
1224
1225
1081
1083
1226
1227
1083
1085
1228
1229
1085
1087
1230
1231
1087
1089
1232
1233
1089
1091
1234
1235
1091
1093
1236
1237
1093
1094
1238
1239
1240
1241
1241
1242
1242
1243
1243
1244
1244
1245
1245
1248
1246
1271
1246
1247
1247
1251
1248
1249
1249
1250
1250
1254
1251
1252
1252
1253
1253
1255
1111
1172
1174
1254
1256
1255
1257
1114
1168
1170
1257
1260
1118
1120
1263
1270
1117
1264
1268
1123
1265
1240
1266
1241
1267
1219
1270
1267
1271
1123
1125
1272
1273
1125
1127
1274
1275
1127
1129
1276
1277
1129
1131
1278
1279
1131
1133
1280
1281
1133
1135
1282
1283
1135
1137
1284
1285
1137
1139
1286
1287
1139
1141
1288
1289
1141
1143
1290
1291
1143
1145
1292
1293
1145
1147
1294
1295
1147
1149
1296
1297
1149
1151
1298
1299
1151
1153
1300
1301
1153
1155
1302
1303
1155
1157
1304
1305
1157
1159
1306
1307
1159
1161
1308
1309
1161
1163
1310
1311
1163
1165
1312
1313
1165
1167
1314
1315
1167
1170
1316
1317
1169
1260
1262
1170
1261
1318
1319
1174
1176
1327
1173
1256
1259
1174
1258
1323
1328
1176
1178
1329
1330
1178
1180
1331
1332
1180
1182
1333
1334
1182
1184
1335
1336
1184
1186
1337
1338
1186
1188
1339
1340
1188
1190
1341
1342
1190
1192
1343
1344
1192
1194
1345
1346
1194
1196
1347
1348
1196
1198
1349
1350
1198
1200
1351
1352
1200
1202
1353
1354
1202
1204
1355
1356
1204
1206
1357
1358
1206
1208
1359
1360
1208
1210
1361
1362
1210
1212
1363
1364
1212
1214
1365
1366
1214
1216
1367
1368
1216
1218
1369
1370
1218
1219
1371
1372
1373
1221
1223
1374
1375
1223
1225
1376
1377
1225
1227
1378
1379
1227
1229
1380
1381
1229
1231
1382
1383
1231
1233
1384
1385
1233
1235
1386
1387
1235
1237
1388
1389
1237
1239
1390
1391
1239
1240
1392
1393
1394
1395
1395
1397
1397
1398
1398
1399
1399
1401
1400
1425
1400
1404
1401
1402
1402
1403
1403
1407
1404
1405
1405
1406
1406
1408
1407
1409
1408
1410
1409
1411
1410
1412
1259
1324
1326
1411
1413
1412
1414
1262
1320
1322
1414
1417
1266
1420
1423
1265
1396
1428
1273
1426
1394
1421
1395
1422
1269
1396
1538
1375
1537
1373
1424
1422
1425
1273
1275
1429
1430
1275
1277
1431
1432
1277
1279
1433
1434
1279
1281
1435
1436
1281
1283
1437
1438
1283
1285
1439
1440
1285
1287
1441
1442
1287
1289
1443
1444
1289
1291
1445
1446
1291
1293
1447
1448
1293
1295
1449
1450
1295
1297
1451
1452
1297
1299
1453
1454
1299
1301
1455
1456
1301
1303
1457
1458
1303
1305
1459
1460
1305
1307
1461
1462
1307
1309
1463
1464
1309
1311
1465
1466
1311
1313
1467
1468
1313
1315
1469
1470
1315
1317
1471
1472
1317
1319
1473
1474
1319
1322
1475
1476
1321
1417
1419
1322
1418
1477
1478
1326
1328
1487
1325
1413
1416
1326
1415
1483
1488
1328
1330
1489
1490
1330
1332
1491
1492
1332
1334
1493
1494
1334
1336
1495
1496
1336
1338
1497
1498
1338
1340
1499
1500
1340
1342
1501
1502
1342
1344
1503
1504
1344
1346
1505
1506
1346
1348
1507
1508
1348
1350
1509
1510
1350
1352
1511
1512
1352
1354
1513
1514
1354
1356
1515
1516
1356
1358
1517
1518
1358
1360
1519
1520
1360
1362
1521
1522
1362
1364
1523
1524
1364
1366
1525
1526
1366
1368
1527
1528
1368
1370
1529
1530
1370
1372
1531
1532
1372
1373
1533
1534
1535
1375
1377
1539
1540
1377
1379
1541
1542
1379
1381
1543
1544
1381
1383
1545
1546
1383
1385
1547
1548
1385
1387
1549
1550
1387
1389
1551
1552
1389
1391
1553
1554
1391
1393
1555
1556
1393
1394
1557
1558
1559
1560
1427
1536
1560
1563
1563
1564
1564
1566
1565
1569
1566
1567
1567
1568
1568
1572
1569
1570
1570
1571
1571
1573
1572
1574
1573
1575
1574
1576
1575
1577
1576
1578
1577
1579
1578
1580
1579
1581
1416
1484
1486
1580
1582
1581
1583
1419
1479
1481
1583
1586
1421
1562
1733
1559
1730
1560
1593
1424
1562
1704
1535
1701
1565
1593
1428
1430
1596
1428
1561
1592
1597
1430
1432
1598
1599
1432
1434
1600
1601
1434
1436
1602
1603
1436
1438
1604
1605
1438
1440
1606
1607
1440
1442
1608
1609
1442
1444
1610
1611
1444
1446
1612
1613
1446
1448
1614
1615
1448
1450
1616
1617
1450
1452
1618
1619
1452
1454
1620
1621
1454
1456
1622
1623
1456
1458
1624
1625
1458
1460
1626
1627
1460
1462
1628
1629
1462
1464
1630
1631
1464
1466
1632
1633
1466
1468
1634
1635
1468
1470
1636
1637
1470
1472
1638
1639
1472
1474
1640
1641
1474
1476
1642
1643
1476
1478
1644
1645
1478
1481
1646
1647
1480
1586
1587
1481
1482
1648
1649
1587
1650
8698
1486
1488
1651
1485
1582
1585
1486
1584
1594
1652
1488
1490
1653
1654
1490
1492
1655
1656
1492
1494
1657
1658
1494
1496
1659
1660
1496
1498
1661
1662
1498
1500
1663
1664
1500
1502
1665
1666
1502
1504
1667
1668
1504
1506
1669
1670
1506
1508
1671
1672
1508
1510
1673
1674
1510
1512
1675
1676
1512
1514
1677
1678
1514
1516
1679
1680
1516
1518
1681
1682
1518
1520
1683
1684
1520
1522
1685
1686
1522
1524
1687
1688
1524
1526
1689
1690
1526
1528
1691
1692
1528
1530
1693
1694
1530
1532
1695
1696
1532
1534
1697
1698
1534
1535
1699
1700
1702
1538
1561
1706
1538
1540
1708
1709
1540
1542
1710
1711
1542
1544
1712
1713
1544
1546
1714
1715
1546
1548
1716
1717
1548
1550
1718
1719
1550
1552
1720
1721
1552
1554
1722
1723
1554
1556
1724
1725
1556
1558
1726
1727
1558
1559
1728
1729
1731
1735
1591
1707
1703
1732
1735
1738
1738
1740
1739
1923
1740
1741
1741
1742
1742
1745
1743
1923
1743
1744
1744
1746
1745
1747
1746
1748
1747
1749
1748
1750
1749
1751
1750
1752
1751
1753
1752
1754
1753
1755
1754
1756
1755
1757
1756
1758
1585
1595
1736
1757
1759
1758
1761
1760
1761
1589
1760
1767
8698
1590
1768
1828
1650
1826
8698
1592
1705
1771
1597
1770
1735
1739
1595
1652
1832
1737
1833
1597
1599
1772
1773
1599
1601
1774
1775
1601
1603
1776
1777
1603
1605
1778
1779
1605
1607
1780
1781
1607
1609
1782
1783
1609
1611
1784
1785
1611
1613
1786
1787
1613
1615
1788
1789
1615
1617
1790
1791
1617
1619
1792
1793
1619
1621
1794
1795
1621
1623
1796
1797
1623
1625
1798
1799
1625
1627
1800
1801
1627
1629
1802
1803
1629
1631
1804
1805
1631
1633
1806
1807
1633
1635
1808
1809
1635
1637
1810
1811
1637
1639
1812
1813
1639
1641
1814
1815
1641
1643
1816
1817
1643
1645
1818
1819
1645
1647
1820
1821
1647
1649
1822
1823
1649
1650
1824
1825
1827
1652
1654
1834
1835
1654
1656
1836
1837
1656
1658
1838
1839
1658
1660
1840
1841
1660
1662
1842
1843
1662
1664
1844
1845
1664
1666
1846
1847
1666
1668
1848
1849
1668
1670
1850
1851
1670
1672
1852
1853
1672
1674
1854
1855
1674
1676
1856
1857
1676
1678
1858
1859
1678
1680
1860
1861
1680
1682
1862
1863
1682
1684
1864
1865
1684
1686
1866
1867
1686
1688
1868
1869
1688
1690
1870
1871
1690
1692
1872
1873
1692
1694
1874
1875
1694
1696
1876
1877
1696
1698
1878
1879
1698
1700
1880
1881
1700
1702
1882
1883
1702
1704
1884
1885
1704
1734
1886
1887
1707
1762
1763
1707
1709
1889
1890
1709
1711
1891
1892
1711
1713
1893
1894
1713
1715
1895
1896
1715
1717
1897
1898
1717
1719
1899
1900
1719
1721
1901
1902
1721
1723
1903
1904
1723
1725
1905
1906
1725
1727
1907
1908
1727
1729
1909
1910
1729
1731
1911
1912
1731
1733
1913
1914
1733
1734
1915
1916
1888
1917
1918
1737
1759
1766
1769
1829
1918
1919
1918
1955
1919
1920
1920
1924
1924
1926
1925
1957
1925
1927
1926
1928
1927
1929
1928
1930
1929
1931
1930
1932
1931
1933
1932
1935
1933
1936
1935
1938
1936
1939
1938
1943
1939
1944
1943
1947
1944
1948
1945
1947
1946
2110
1948
2110
1764
1771
1953
1764
1890
1959
1958
1960
1888
1917
1950
1954
1769
1940
1945
1768
1942
1946
1828
1941
1831
1922
1771
1773
1961
1962
1773
1775
1963
1964
1775
1777
1965
1966
1777
1779
1967
1968
1779
1781
1969
1970
1781
1783
1971
1972
1783
1785
1973
1974
1785
1787
1975
1976
1787
1789
1977
1978
1789
1791
1979
1980
1791
1793
1981
1982
1793
1795
1983
1984
1795
1797
1985
1986
1797
1799
1987
1988
1799
1801
1989
1990
1801
1803
1991
1992
1803
1805
1993
1994
1805
1807
1995
1996
1807
1809
1997
1998
1809
1811
1999
2000
1811
1813
2001
2002
1813
1815
2003
2004
1815
1817
2005
2006
1817
1819
2007
2008
1819
1821
2009
2010
1821
1823
2011
2012
1823
1825
2013
2014
1825
1827
2015
2016
1827
1828
2017
2018
2019
1831
1833
2020
1831
1956
8699
2021
1833
1835
2022
2023
1835
1837
2024
2025
1837
1839
2026
2027
1839
1841
2028
2029
1841
1843
2030
2031
1843
1845
2032
2033
1845
1847
2034
2035
1847
1849
2036
2037
1849
1851
2038
2039
1851
1853
2040
2041
1853
1855
2042
2043
1855
1857
2044
2045
1857
1859
2046
2047
1859
1861
2048
2049
1861
1863
2050
2051
1863
1865
2052
2053
1865
1867
2054
2055
1867
1869
2056
2057
1869
1871
2058
2059
1871
1873
2060
2061
1873
1875
2062
2063
1875
1877
2064
2065
1877
1879
2066
2067
1879
1881
2068
2069
1881
1883
2070
2071
1883
1885
2072
2073
1885
1887
2074
2075
1887
1888
2076
2077
2078
1890
1892
2079
2080
1892
1894
2081
2082
1894
1896
2083
2084
1896
1898
2085
2086
1898
1900
2087
2088
1900
1902
2089
2090
1902
1904
2091
2092
1904
1906
2093
2094
1906
1908
2095
2096
1908
1910
2097
2098
1910
1912
2099
2100
1912
1914
2101
2102
1914
1916
2103
2104
1916
1917
2105
2106
2107
2108
2108
2109
2109
2113
1950
1954
2111
8700
1937
1940
8699
1955
1957
2113
2115
2114
2116
2115
2117
2116
2118
2117
2119
2118
2120
2119
2121
2120
2122
2121
2125
2122
2126
2124
2127
2125
2130
2126
2131
2127
2132
2130
2134
2131
2135
2132
2136
1942
1949
1952
2133
2137
2134
2138
2135
2139
2136
2141
2137
2306
2138
2141
2139
2311
1951
2129
2133
2078
2271
1952
2128
2209
2019
2206
1958
1962
2146
2107
2112
2108
2140
2021
2211
2114
2140
2145
2147
1960
2080
2274
2145
2275
1962
1964
2148
2149
1964
1966
2150
2151
1966
1968
2152
2153
1968
1970
2154
2155
1970
1972
2156
2157
1972
1974
2158
2159
1974
1976
2160
2161
1976
1978
2162
2163
1978
1980
2164
2165
1980
1982
2166
2167
1982
1984
2168
2169
1984
1986
2170
2171
1986
1988
2172
2173
1988
1990
2174
2175
1990
1992
2176
2177
1992
1994
2178
2179
1994
1996
2180
2181
1996
1998
2182
2183
1998
2000
2184
2185
2000
2002
2186
2187
2002
2004
2188
2189
2004
2006
2190
2191
2006
2008
2192
2193
2008
2010
2194
2195
2010
2012
2196
2197
2012
2014
2198
2199
2014
2016
2200
2201
2016
2018
2202
2203
2018
2019
2204
2205
2207
2021
2023
2213
2214
2023
2025
2215
2216
2025
2027
2217
2218
2027
2029
2219
2220
2029
2031
2221
2222
2031
2033
2223
2224
2033
2035
2225
2226
2035
2037
2227
2228
2037
2039
2229
2230
2039
2041
2231
2232
2041
2043
2233
2234
2043
2045
2235
2236
2045
2047
2237
2238
2047
2049
2239
2240
2049
2051
2241
2242
2051
2053
2243
2244
2053
2055
2245
2246
2055
2057
2247
2248
2057
2059
2249
2250
2059
2061
2251
2252
2061
2063
2253
2254
2063
2065
2255
2256
2065
2067
2257
2258
2067
2069
2259
2260
2069
2071
2261
2262
2071
2073
2263
2264
2073
2075
2265
2266
2075
2077
2267
2268
2077
2078
2269
2270
2272
2080
2082
2276
2277
2082
2084
2278
2279
2084
2086
2280
2281
2086
2088
2282
2283
2088
2090
2284
2285
2090
2092
2286
2287
2092
2094
2288
2289
2094
2096
2290
2291
2096
2098
2292
2293
2098
2100
2294
2295
2100
2102
2296
2297
2102
2104
2298
2299
2104
2106
2300
2301
2106
2107
2302
2303
2304
2305
2305
2309
2306
2311
2112
2308
2513
2304
2511
2309
2312
2310
2313
2312
2314
2313
2315
2314
2316
2315
2317
2316
2321
2317
2322
2321
2325
2322
2326
2124
2142
2143
2323
2327
2325
2329
2326
2330
2327
2331
2129
2208
2210
2328
2332
2329
2333
2330
2334
2331
2335
2332
2336
2333
2337
2334
2338
2335
2339
2336
2340
2337
2341
2338
2515
2305
2310
2339
2341
2144
2319
2323
2144
2212
2411
2318
2412
2273
2147
2149
2347
2348
2149
2151
2349
2350
2151
2153
2351
2352
2153
2155
2353
2354
2155
2157
2355
2356
2157
2159
2357
2358
2159
2161
2359
2360
2161
2163
2361
2362
2163
2165
2363
2364
2165
2167
2365
2366
2167
2169
2367
2368
2169
2171
2369
2370
2171
2173
2371
2372
2173
2175
2373
2374
2175
2177
2375
2376
2177
2179
2377
2378
2179
2181
2379
2380
2181
2183
2381
2382
2183
2185
2383
2384
2185
2187
2385
2386
2187
2189
2387
2388
2189
2191
2389
2390
2191
2193
2391
2392
2193
2195
2393
2394
2195
2197
2395
2396
2197
2199
2397
2398
2199
2201
2399
2400
2201
2203
2401
2402
2203
2205
2403
2404
2205
2207
2405
2406
2207
2209
2407
2408
2209
2409
2410
2324
2328
2212
2214
2413
2414
2214
2216
2415
2416
2216
2218
2417
2418
2218
2220
2419
2420
2220
2222
2421
2422
2222
2224
2423
2424
2224
2226
2425
2426
2226
2228
2427
2428
2228
2230
2429
2430
2230
2232
2431
2432
2232
2234
2433
2434
2234
2236
2435
2436
2236
2238
2437
2438
2238
2240
2439
2440
2240
2242
2441
2442
2242
2244
2443
2444
2244
2246
2445
2446
2246
2248
2447
2448
2248
2250
2449
2450
2250
2252
2451
2452
2252
2254
2453
2454
2254
2256
2455
2456
2256
2258
2457
2458
2258
2260
2459
2460
2260
2262
2461
2462
2262
2264
2463
2464
2264
2266
2465
2466
2266
2268
2467
2468
2268
2270
2469
2470
2270
2272
2471
2472
2272
2473
8700
2474
2275
2307
2479
2275
2277
2481
2482
2277
2279
2483
2484
2279
2281
2485
2486
2281
2283
2487
2488
2283
2285
2489
2490
2285
2287
2491
2492
2287
2289
2493
2494
2289
2291
2495
2496
2291
2293
2497
2498
2293
2295
2499
2500
2295
2297
2501
2502
2297
2299
2503
2504
2299
2301
2505
2506
2301
2303
2507
2508
2303
2304
2509
2510
2512
2514
2340
2519
2344
2480
2475
2477
8700
2514
2517
2514
2518
2515
2519
2517
2524
2518
2525
2524
2528
2525
2529
2528
2533
2529
2534
2319
2342
2343
2530
2535
2532
2536
8701
2533
2537
2534
2538
2535
2539
2536
2540
8701
2537
2541
2538
2542
2539
2543
2540
2544
2541
2545
2542
2546
2543
2547
2544
2548
2545
2549
2546
2550
2547
2551
2548
2552
2549
2553
2550
2554
2551
2555
2552
2738
2553
2555
2346
2527
2530
2346
2412
2632
2345
2478
2516
2521
2526
2633
2348
2350
2561
2562
8702
2350
2352
2563
2564
2352
2354
2565
2566
2354
2356
2567
2568
2356
2358
2569
2570
2358
2360
2571
2572
2360
2362
2573
2574
2362
2364
2575
2576
2364
2366
2577
2578
2366
2368
2579
2580
2368
2370
2581
2582
2370
2372
2583
2584
2372
2374
2585
2586
2374
2376
2587
2588
2376
2378
2589
2590
2378
2380
2591
2592
2380
2382
2593
2594
2382
2384
2595
2596
2384
2386
2597
2598
2386
2388
2599
2600
2388
2390
2601
2602
2390
2392
2603
2604
2392
2394
2605
2606
2394
2396
2607
2608
2396
2398
2609
2610
2398
2400
2611
2612
2400
2402
2613
2614
2402
2404
2615
2616
2404
2406
2617
2618
2406
2408
2619
2620
2408
2410
2621
2622
2410
2623
2624
2412
2414
2634
2635
2414
2416
2636
2637
2416
2418
2638
2639
2418
2420
2640
2641
2420
2422
2642
2643
2422
2424
2644
2645
2424
2426
2646
2647
2426
2428
2648
2649
2428
2430
2650
2651
2430
2432
2652
2653
2432
2434
2654
2655
2434
2436
2656
2657
2436
2438
2658
2659
2438
2440
2660
2661
2440
2442
2662
2663
2442
2444
2664
2665
2444
2446
2666
2667
2446
2448
2668
2669
2448
2450
2670
2671
2450
2452
2672
2673
2452
2454
2674
2675
2454
2456
2676
2677
2456
2458
2678
2679
2458
2460
2680
2681
2460
2462
2682
2683
2462
2464
2684
2685
2464
2466
2686
2687
2466
2468
2688
2689
2468
2470
2690
2691
2470
2472
2692
2693
2472
2474
2694
2695
2474
2477
2696
2697
2476
2513
2522
2477
2523
2698
2699
2480
2516
2556
2480
2482
2700
2701
2482
2484
2702
2703
2484
2486
2704
2705
2486
2488
2706
2707
2488
2490
2708
2709
2490
2492
2710
2711
2492
2494
2712
2713
2494
2496
2714
2715
2496
2498
2716
2717
2498
2500
2718
2719
2500
2502
2720
2721
2502
2504
2722
2723
2504
2506
2724
2725
2506
2508
2726
2727
2508
2510
2728
2729
2510
2512
2730
2731
2512
2513
2732
2733
2734
2735
2554
2745
2560
2739
2735
2742
2735
2743
2738
2745
2562
2787
8702
2739
2789
2523
2734
2966
2741
2968
2742
2753
2743
2754
2527
2557
2558
2744
2758
2753
2760
2754
2761
2758
2762
2532
2627
2629
2759
2763
2760
2764
2761
2765
2762
2766
2763
2767
2764
2768
2765
2769
2766
2770
2767
2771
2768
2772
2769
2773
2770
2774
2771
2775
2772
2776
2773
2777
2774
2778
2775
2779
2776
2780
2777
2781
2778
2782
2779
2783
2780
2784
2781
2971
2782
2784
2560
2701
2746
2559
2737
2744
2559
2633
2859
2736
2860
2740
2747
2562
2564
2790
2791
2564
2566
2792
2793
2566
2568
2794
2795
2568
2570
2796
2797
2570
2572
2798
2799
2572
2574
2800
2801
2574
2576
2802
2803
2576
2578
2804
2805
2578
2580
2806
2807
2580
2582
2808
2809
2582
2584
2810
2811
2584
2586
2812
2813
2586
2588
2814
2815
2588
2590
2816
2817
2590
2592
2818
2819
2592
2594
2820
2821
2594
2596
2822
2823
2596
2598
2824
2825
2598
2600
2826
2827
2600
2602
2828
2829
2602
2604
2830
2831
2604
2606
2832
2833
2606
2608
2834
2835
2608
2610
2836
2837
2610
2612
2838
2839
2612
2614
2840
2841
2614
2616
2842
2843
2616
2618
2844
2845
2618
2620
2846
2847
2620
2622
2848
2849
2622
2624
2850
2851
2624
2626
2852
2853
2626
2629
2854
2855
2628
2630
2759
2629
2631
2856
2857
2631
2749
2980
2858
8703
2633
2635
2861
2862
2635
2637
2863
2864
2637
2639
2865
2866
2639
2641
2867
2868
2641
2643
2869
2870
2643
2645
2871
2872
2645
2647
2873
2874
2647
2649
2875
2876
2649
2651
2877
2878
2651
2653
2879
2880
2653
2655
2881
2882
2655
2657
2883
2884
2657
2659
2885
2886
2659
2661
2887
2888
2661
2663
2889
2890
2663
2665
2891
2892
2665
2667
2893
2894
2667
2669
2895
2896
2669
2671
2897
2898
2671
2673
2899
2900
2673
2675
2901
2902
2675
2677
2903
2904
2677
2679
2905
2906
2679
2681
2907
2908
2681
2683
2909
2910
2683
2685
2911
2912
2685
2687
2913
2914
2687
2689
2915
2916
2689
2691
2917
2918
2691
2693
2919
2920
2693
2695
2921
2922
2695
2697
2923
2924
2697
2699
2925
2926
2699
2741
2927
2928
2701
2703
2932
2933
2703
2705
2934
2935
2705
2707
2936
2937
2707
2709
2938
2939
2709
2711
2940
2941
2711
2713
2942
2943
2713
2715
2944
2945
2715
2717
2946
2947
2717
2719
2948
2949
2719
2721
2950
2951
2721
2723
2952
2953
2723
2725
2954
2955
2725
2727
2956
2957
2727
2729
2958
2959
2729
2731
2960
2961
2731
2733
2962
2963
2733
2734
2964
2965
2967
2969
2737
2750
2751
2970
8704
2783
2989
2740
2788
2788
2972
2929
2931
2969
2975
2969
2976
2970
2979
2971
2989
2747
2933
3171
2972
3172
2749
2786
8703
2973
3213
2752
2860
3096
2752
2755
8704
2974
3098
2975
2985
2976
2986
2757
2974
3095
2757
2970
2978
8704
2977
3014
2979
2987
2980
2988
2985
2990
2986
2991
2987
2992
2988
2993
2990
2994
2991
2995
2992
2996
2993
2997
2994
2998
2995
2999
2996
3000
2997
3001
2998
3002
2999
3003
3000
3004
3001
3005
3002
3006
3003
3007
3004
3008
3005
3009
3006
3010
3007
3011
3008
3012
3009
3234
3010
3012
2858
2981
8703
2973
3093
2789
2791
3021
2789
3017
3022
2791
2793
3023
3024
2793
2795
3025
3026
2795
2797
3027
3028
2797
2799
3029
3030
2799
2801
3031
3032
2801
2803
3033
3034
2803
2805
3035
3036
2805
2807
3037
3038
2807
2809
3039
3040
2809
2811
3041
3042
2811
2813
3043
3044
2813
2815
3045
3046
2815
2817
3047
3048
2817
2819
3049
3050
2819
2821
3051
3052
2821
2823
3053
3054
2823
2825
3055
3056
2825
2827
3057
3058
2827
2829
3059
3060
2829
2831
3061
3062
2831
2833
3063
3064
2833
2835
3065
3066
2835
2837
3067
3068
2837
2839
3069
3070
2839
2841
3071
3072
2841
2843
3073
3074
2843
2845
3075
3076
2845
2847
3077
3078
2847
2849
3079
3080
2849
2851
3081
3082
2851
2853
3083
3084
2853
2855
3085
3086
2855
2857
3087
3088
2857
2858
3089
3090
3091
2860
2862
3099
3100
2862
2864
3101
3102
2864
2866
3103
3104
2866
2868
3105
3106
2868
2870
3107
3108
2870
2872
3109
3110
2872
2874
3111
3112
2874
2876
3113
3114
2876
2878
3115
3116
2878
2880
3117
3118
2880
2882
3119
3120
2882
2884
3121
3122
2884
2886
3123
3124
2886
2888
3125
3126
2888
2890
3127
3128
2890
2892
3129
3130
2892
2894
3131
3132
2894
2896
3133
3134
2896
2898
3135
3136
2898
2900
3137
3138
2900
2902
3139
3140
2902
2904
3141
3142
2904
2906
3143
3144
2906
2908
3145
3146
2908
2910
3147
3148
2910
2912
3149
3150
2912
2914
3151
3152
2914
2916
3153
3154
2916
2918
3155
3156
2918
2920
3157
3158
2920
2922
3159
3160
2922
2924
3161
3162
2924
2926
3163
3164
2926
2928
3165
3166
2928
2931
3167
3168
2930
2968
2983
2931
2984
3169
3170
2933
2935
3173
3174
2935
2937
3175
3176
2937
2939
3177
3178
2939
2941
3179
3180
2941
2943
3181
3182
2943
2945
3183
3184
2945
2947
3185
3186
2947
2949
3187
3188
2949
2951
3189
3190
2951
2953
3191
3192
2953
2955
3193
3194
2955
2957
3195
3196
2957
2959
3197
3198
2959
2961
3199
3200
2961
2963
3201
3202
2963
2965
3203
3204
2965
2967
3205
3206
2967
2968
3207
3208
3209
3210
3211
3011
3223
3018
3020
3092
3212
3094
3097
3210
3218
3210
3219
2978
3013
3015
3211
3220
3211
3221
3213
3222
2982
3091
3226
3227
2984
3209
3453
3217
3455
3218
3228
3219
3229
3221
3230
3222
3233
3223
3234
3228
3236
3229
3237
3230
3238
3233
3239
3236
3240
3237
3241
3238
3242
3239
3243
3240
3244
3241
3245
3242
3246
3243
3247
3244
3248
3245
3249
3246
3250
3247
3251
3248
3252
3249
3253
3250
3254
3251
3495
3252
3255
3253
3460
3254
3255
3016
3220
3231
3015
3095
3215
3016
3214
3232
3256
3020
3022
3257
3019
3172
3224
3020
3225
3258
3259
3022
3024
3260
3261
3024
3026
3262
3263
3026
3028
3264
3265
3028
3030
3266
3267
3030
3032
3268
3269
3032
3034
3270
3271
3034
3036
3272
3273
3036
3038
3274
3275
3038
3040
3276
3277
3040
3042
3278
3279
3042
3044
3280
3281
3044
3046
3282
3283
3046
3048
3284
3285
3048
3050
3286
3287
3050
3052
3288
3289
3052
3054
3290
3291
3054
3056
3292
3293
3056
3058
3294
3295
3058
3060
3296
3297
3060
3062
3298
3299
3062
3064
3300
3301
3064
3066
3302
3303
3066
3068
3304
3305
3068
3070
3306
3307
3070
3072
3308
3309
3072
3074
3310
3311
3074
3076
3312
3313
3076
3078
3314
3315
3078
3080
3316
3317
3080
3082
3318
3319
3082
3084
3320
3321
3084
3086
3322
3323
3086
3088
3324
3325
3088
3090
3326
3327
3090
3091
3328
3329
3330
3093
3235
3331
3332
3095
3216
3333
3334
3098
3100
3338
3098
3216
3336
3339
3100
3102
3340
3341
3102
3104
3342
3343
3104
3106
3344
3345
3106
3108
3346
3347
3108
3110
3348
3349
3110
3112
3350
3351
3112
3114
3352
3353
3114
3116
3354
3355
3116
3118
3356
3357
3118
3120
3358
3359
3120
3122
3360
3361
3122
3124
3362
3363
3124
3126
3364
3365
3126
3128
3366
3367
3128
3130
3368
3369
3130
3132
3370
3371
3132
3134
3372
3373
3134
3136
3374
3375
3136
3138
3376
3377
3138
3140
3378
3379
3140
3142
3380
3381
3142
3144
3382
3383
3144
3146
3384
3385
3146
3148
3386
3387
3148
3150
3388
3389
3150
3152
3390
3391
3152
3154
3392
3393
3154
3156
3394
3395
3156
3158
3396
3397
3158
3160
3398
3399
3160
3162
3400
3401
3162
3164
3402
3403
3164
3166
3404
3405
3166
3168
3406
3407
3168
3170
3408
3409
3170
3217
3410
3411
3172
3174
3415
3416
3174
3176
3417
3418
3176
3178
3419
3420
3178
3180
3421
3422
3180
3182
3423
3424
3182
3184
3425
3426
3184
3186
3427
3428
3186
3188
3429
3430
3188
3190
3431
3432
3190
3192
3433
3434
3192
3194
3435
3436
3194
3196
3437
3438
3196
3198
3439
3440
3198
3200
3441
3442
3200
3202
3443
3444
3202
3204
3445
3446
3204
3206
3447
3448
3206
3208
3449
3450
3208
3209
3451
3452
3454
3456
3457
3213
3235
3458
3459
3215
3256
3463
3334
3464
3335
3337
3412
3414
3456
3466
3456
3467
3457
3468
3457
3469
3459
3470
3460
3475
3225
3416
3471
3461
3472
3227
3330
3476
3465
3477
3466
3479
3467
3480
3469
3482
3232
3468
3481
3483
3470
3484
3475
3495
3478
3485
3479
3486
3480
3487
3482
3488
3484
3490
3486
3491
3487
3492
3488
3493
3490
3494
3491
3496
3492
3497
3493
3498
3494
3499
3496
3500
3497
3501
3498
3502
3499
3748
3500
3503
3501
3504
3502
3505
3503
3505
3483
3489
3259
3261
3509
3259
3461
3507
3510
3261
3263
3511
3512
3263
3265
3513
3514
3265
3267
3515
3516
3267
3269
3517
3518
3269
3271
3519
3520
3271
3273
3521
3522
3273
3275
3523
3524
3275
3277
3525
3526
3277
3279
3527
3528
3279
3281
3529
3530
3281
3283
3531
3532
3283
3285
3533
3534
3285
3287
3535
3536
3287
3289
3537
3538
3289
3291
3539
3540
3291
3293
3541
3542
3293
3295
3543
3544
3295
3297
3545
3546
3297
3299
3547
3548
3299
3301
3549
3550
3301
3303
3551
3552
3303
3305
3553
3554
3305
3307
3555
3556
3307
3309
3557
3558
3309
3311
3559
3560
3311
3313
3561
3562
3313
3315
3563
3564
3315
3317
3565
3566
3317
3319
3567
3568
3319
3321
3569
3570
3321
3323
3571
3572
3323
3325
3573
3574
3325
3327
3575
3576
3327
3329
3577
3578
3329
3330
3579
3580
3581
3332
3478
3585
3586
3334
3335
3587
3588
3589
8693
3337
3339
3590
3591
8693
3339
3341
3592
3593
3341
3343
3594
3595
3343
3345
3596
3597
3345
3347
3598
3599
3347
3349
3600
3601
3349
3351
3602
3603
3351
3353
3604
3605
3353
3355
3606
3607
3355
3357
3608
3609
3357
3359
3610
3611
3359
3361
3612
3613
3361
3363
3614
3615
3363
3365
3616
3617
3365
3367
3618
3619
3367
3369
3620
3621
3369
3371
3622
3623
3371
3373
3624
3625
3373
3375
3626
3627
3375
3377
3628
3629
3377
3379
3630
3631
3379
3381
3632
3633
3381
3383
3634
3635
3383
3385
3636
3637
3385
3387
3638
3639
3387
3389
3640
3641
3389
3391
3642
3643
3391
3393
3644
3645
3393
3395
3646
3647
3395
3397
3648
3649
3397
3399
3650
3651
3399
3401
3652
3653
3401
3403
3654
3655
3403
3405
3656
3657
3405
3407
3658
3659
3407
3409
3660
3661
3409
3411
3662
3663
3411
3414
3664
3665
3413
3455
3473
3414
3474
3666
3667
3416
3418
3668
3669
3418
3420
3670
3671
3420
3422
3672
3673
3422
3424
3674
3675
3424
3426
3676
3677
3426
3428
3678
3679
3428
3430
3680
3681
3430
3432
3682
3683
3432
3434
3684
3685
3434
3436
3686
3687
3436
3438
3688
3689
3438
3440
3690
3691
3440
3442
3692
3693
3442
3444
3694
3695
3444
3446
3696
3697
3446
3448
3698
3699
3448
3450
3700
3701
3450
3452
3702
3703
3452
3454
3704
3705
3454
3455
3706
3707
3708
3711
3712
3459
3485
3713
3714
3504
3717
3508
3506
3584
3464
3489
3721
3588
3720
3710
3972
3711
3725
3711
3726
3712
3727
3712
3728
3714
3730
3472
3669
3925
3715
3926
3474
3708
3967
3716
3969
3717
3743
3477
3581
3718
3719
3972
3724
3731
3725
3732
3726
3733
3727
3734
3728
3735
3729
3736
3730
3737
3731
3738
3732
3739
3733
3740
3735
3741
3736
3976
3737
3742
3739
3744
3740
3745
3741
3746
3742
3747
3743
3748
3744
3749
3745
3750
3746
3751
3747
4013
3749
3752
3750
3753
3751
3754
3752
3755
3753
3970
3754
3755
3583
3710
3508
3510
3759
3760
3510
3512
3761
3762
3512
3514
3763
3764
3514
3516
3765
3766
3516
3518
3767
3768
3518
3520
3769
3770
3520
3522
3771
3772
3522
3524
3773
3774
3524
3526
3775
3776
3526
3528
3777
3778
3528
3530
3779
3780
3530
3532
3781
3782
3532
3534
3783
3784
3534
3536
3785
3786
3536
3538
3787
3788
3538
3540
3789
3790
3540
3542
3791
3792
3542
3544
3793
3794
3544
3546
3795
3796
3546
3548
3797
3798
3548
3550
3799
3800
3550
3552
3801
3802
3552
3554
3803
3804
3554
3556
3805
3806
3556
3558
3807
3808
3558
3560
3809
3810
3560
3562
3811
3812
3562
3564
3813
3814
3564
3566
3815
3816
3566
3568
3817
3818
3568
3570
3819
3820
3570
3572
3821
3822
3572
3574
3823
3824
3574
3576
3825
3826
3576
3578
3827
3828
3578
3580
3829
3830
3580
3581
3831
3832
3833
3584
3586
3834
3584
3709
3722
3835
3586
3724
3836
3837
3588
3589
3838
3839
3841
3591
3593
3843
3844
3593
3595
3845
3846
3595
3597
3847
3848
3597
3599
3849
3850
3599
3601
3851
3852
3601
3603
3853
3854
3603
3605
3855
3856
3605
3607
3857
3858
3607
3609
3859
3860
3609
3611
3861
3862
3611
3613
3863
3864
3613
3615
3865
3866
3615
3617
3867
3868
3617
3619
3869
3870
3619
3621
3871
3872
3621
3623
3873
3874
3623
3625
3875
3876
3625
3627
3877
3878
3627
3629
3879
3880
3629
3631
3881
3882
3631
3633
3883
3884
3633
3635
3885
3886
3635
3637
3887
3888
3637
3639
3889
3890
3639
3641
3891
3892
3641
3643
3893
3894
3643
3645
3895
3896
3645
3647
3897
3898
3647
3649
3899
3900
3649
3651
3901
3902
3651
3653
3903
3904
3653
3655
3905
3906
3655
3657
3907
3908
3657
3659
3909
3910
3659
3661
3911
3912
3661
3663
3913
3914
3663
3665
3915
3916
3665
3667
3917
3918
3667
3716
3919
3920
3669
3671
3927
3928
3671
3673
3929
3930
3673
3675
3931
3932
3675
3677
3933
3934
3677
3679
3935
3936
3679
3681
3937
3938
3681
3683
3939
3940
3683
3685
3941
3942
3685
3687
3943
3944
3687
3689
3945
3946
3689
3691
3947
3948
3691
3693
3949
3950
3693
3695
3951
3952
3695
3697
3953
3954
3697
3699
3955
3956
3699
3701
3957
3958
3701
3703
3959
3960
3703
3705
3961
3962
3705
3707
3963
3964
3707
3708
3965
3966
3968
3710
3723
3981
3978
3984
3985
3714
3738
3987
3988
3758
3924
3921
3923
3970
4007
3719
3833
4104
3974
4107
3721
3839
3996
3976
3997
3723
3835
4112
4113
3983
3989
3984
3990
3984
3991
3985
3992
3985
3993
3986
3994
3988
3995
3989
4000
3990
4001
3991
4002
3992
4003
3993
4004
3994
4005
3995
4006
4000
4008
4001
4009
4002
4010
4004
4011
4006
4012
4007
4019
4009
4014
4010
4015
4011
4018
4012
4284
4013
4019
4014
4020
4015
4021
4018
4022
4020
4023
4021
4024
4022
4025
4023
4025
3760
3973
8705
3758
3973
8705
3971
3975
3760
3762
4030
4031
3762
3764
4032
4033
3764
3766
4034
4035
3766
3768
4036
4037
3768
3770
4038
4039
3770
3772
4040
4041
3772
3774
4042
4043
3774
3776
4044
4045
3776
3778
4046
4047
3778
3780
4048
4049
3780
3782
4050
4051
3782
3784
4052
4053
3784
3786
4054
4055
3786
3788
4056
4057
3788
3790
4058
4059
3790
3792
4060
4061
3792
3794
4062
4063
3794
3796
4064
4065
3796
3798
4066
4067
3798
3800
4068
4069
3800
3802
4070
4071
3802
3804
4072
4073
3804
3806
4074
4075
3806
3808
4076
4077
3808
3810
4078
4079
3810
3812
4080
4081
3812
3814
4082
4083
3814
3816
4084
4085
3816
3818
4086
4087
3818
3820
4088
4089
3820
3822
4090
4091
3822
3824
4092
4093
3824
3826
4094
4095
3826
3828
4096
4097
3828
3830
4098
4099
3830
3832
4100
4101
3832
3833
4102
4103
4105
3835
3837
4114
4115
3837
3983
4116
4117
3839
3841
4118
4119
3841
3842
4120
4121
4123
3844
3846
4128
4129
3846
3848
4130
4131
3848
3850
4132
4133
3850
3852
4134
4135
3852
3854
4136
4137
3854
3856
4138
4139
3856
3858
4140
4141
3858
3860
4142
4143
3860
3862
4144
4145
3862
3864
4146
4147
3864
3866
4148
4149
3866
3868
4150
4151
3868
3870
4152
4153
3870
3872
4154
4155
3872
3874
4156
4157
3874
3876
4158
4159
3876
3878
4160
4161
3878
3880
4162
4163
3880
3882
4164
4165
3882
3884
4166
4167
3884
3886
4168
4169
3886
3888
4170
4171
3888
3890
4172
4173
3890
3892
4174
4175
3892
3894
4176
4177
3894
3896
4178
4179
3896
3898
4180
4181
3898
3900
4182
4183
3900
3902
4184
4185
3902
3904
4186
4187
3904
3906
4188
4189
3906
3908
4190
4191
3908
3910
4192
4193
3910
3912
4194
4195
3912
3914
4196
4197
3914
3916
4198
4199
3916
3918
4200
4201
3918
3920
4202
4203
3920
3923
4204
4205
3922
3969
3998
3923
3999
4206
4207
3926
3971
4208
3926
3928
4209
4210
3928
3930
4211
4212
3930
3932
4213
4214
3932
3934
4215
4216
3934
3936
4217
4218
3936
3938
4219
4220
3938
3940
4221
4222
3940
3942
4223
4224
3942
3944
4225
4226
3944
3946
4227
4228
3946
3948
4229
4230
3948
3950
4231
4232
3950
3952
4233
4234
3952
3954
4235
4236
3954
3956
4237
4238
3956
3958
4239
4240
3958
3960
4241
4242
3960
3962
4243
4244
3962
3964
4245
4246
3964
3966
4247
4248
3966
3968
4249
4250
3968
3969
4251
4252
4253
4024
4272
4026
4258
3974
3978
3975
4027
3979
4106
4026
4029
4005
4263
3980
4003
4017
3979
3981
3982
4109
3986
4016
4259
3982
4108
4255
8706
4256
4257
4260
3988
4008
4261
4262
4255
4265
4256
4266
4256
4267
4257
4268
4257
4269
4260
4270
4262
4271
3997
4119
4394
4263
4396
3999
4253
4536
4264
4538
4265
4273
4266
4275
4267
4276
4268
4287
4269
4277
4270
4572
4271
4279
4272
4290
4273
4283
4275
4285
4276
4286
4277
4289
4279
4562
4284
4291
4285
4292
4286
4293
4017
4278
4288
4287
4288
4289
4294
4290
4291
4292
4295
4293
4296
4294
4297
4295
4298
4296
4547
4297
4298
4028
4029
4031
4301
4029
4300
4302
4031
4033
4303
4304
4033
4035
4305
4306
4035
4037
4307
4308
4037
4039
4309
4310
4039
4041
4311
4312
4041
4043
4313
4314
4043
4045
4315
4316
4045
4047
4317
4318
4047
4049
4319
4320
4049
4051
4321
4322
4051
4053
4323
4324
4053
4055
4325
4326
4055
4057
4327
4328
4057
4059
4329
4330
4059
4061
4331
4332
4061
4063
4333
4334
4063
4065
4335
4336
4065
4067
4337
4338
4067
4069
4339
4340
4069
4071
4341
4342
4071
4073
4343
4344
4073
4075
4345
4346
4075
4077
4347
4348
4077
4079
4349
4350
4079
4081
4351
4352
4081
4083
4353
4354
4083
4085
4355
4356
4085
4087
4357
4358
4087
4089
4359
4360
4089
4091
4361
4362
4091
4093
4363
4364
4093
4095
4365
4366
4095
4097
4367
4368
4097
4099
4369
4370
4099
4101
4371
4372
4101
4103
4373
4374
4103
4105
4375
4376
4105
4107
4377
4378
4107
4109
4379
4380
4109
4110
4381
4382
4383
4113
4384
4113
4115
4386
4387
4115
4117
4388
4389
4117
4390
8706
4391
4119
4121
4397
4398
4121
4123
4399
4400
4123
4124
4401
4402
4299
4405
4127
4129
4406
4127
4299
4403
4407
4129
4131
4408
4409
4131
4133
4410
4411
4133
4135
4412
4413
4135
4137
4414
4415
4137
4139
4416
4417
4139
4141
4418
4419
4141
4143
4420
4421
4143
4145
4422
4423
4145
4147
4424
4425
4147
4149
4426
4427
4149
4151
4428
4429
4151
4153
4430
4431
4153
4155
4432
4433
4155
4157
4434
4435
4157
4159
4436
4437
4159
4161
4438
4439
4161
4163
4440
4441
4163
4165
4442
4443
4165
4167
4444
4445
4167
4169
4446
4447
4169
4171
4448
4449
4171
4173
4450
4451
4173
4175
4452
4453
4175
4177
4454
4455
4177
4179
4456
4457
4179
4181
4458
4459
4181
4183
4460
4461
4183
4185
4462
4463
4185
4187
4464
4465
4187
4189
4466
4467
4189
4191
4468
4469
4191
4193
4470
4471
4193
4195
4472
4473
4195
4197
4474
4475
4197
4199
4476
4477
4199
4201
4478
4479
4201
4203
4480
4481
4203
4205
4482
4483
4205
4207
4484
4485
4207
4264
4486
4487
4210
4258
4491
4210
4212
4492
4493
4212
4214
4494
4495
4214
4216
4496
4497
4216
4218
4498
4499
4218
4220
4500
4501
4220
4222
4502
4503
4222
4224
4504
4505
4224
4226
4506
4507
4226
4228
4508
4509
4228
4230
4510
4511
4230
4232
4512
4513
4232
4234
4514
4515
4234
4236
4516
4517
4236
4238
4518
4519
4238
4240
4520
4521
4240
4242
4522
4523
4242
4244
4524
4525
4244
4246
4526
4527
4246
4248
4528
4529
4248
4250
4530
4531
4250
4252
4532
4533
4252
4253
4534
4535
4537
4255
4274
4393
8706
4539
4540
4541
4542
4260
4278
4543
4544
4262
4283
4545
4546
4395
4572
4488
4490
4539
4548
4540
4549
4540
4550
4541
4551
4541
4552
4544
4834
4546
4554
4547
4568
4548
4561
4392
4549
4563
4550
4564
4552
4567
4553
4832
4554
4852
4282
4385
4555
4282
4383
4557
4556
4558
4561
4575
4562
4579
4563
4580
4564
4581
4551
4566
4565
4832
4567
4582
4568
4583
4579
4583
4580
4584
4581
4585
4582
4586
4584
4587
4585
4588
4586
4589
4587
4589
4403
4404
4302
4573
4302
4304
4590
4591
4304
4306
4592
4593
4306
4308
4594
4595
4308
4310
4596
4597
4310
4312
4598
4599
4312
4314
4600
4601
4314
4316
4602
4603
4316
4318
4604
4605
4318
4320
4606
4607
4320
4322
4608
4609
4322
4324
4610
4611
4324
4326
4612
4613
4326
4328
4614
4615
4328
4330
4616
4617
4330
4332
4618
4619
4332
4334
4620
4621
4334
4336
4622
4623
4336
4338
4624
4625
4338
4340
4626
4627
4340
4342
4628
4629
4342
4344
4630
4631
4344
4346
4632
4633
4346
4348
4634
4635
4348
4350
4636
4637
4350
4352
4638
4639
4352
4354
4640
4641
4354
4356
4642
4643
4356
4358
4644
4645
4358
4360
4646
4647
4360
4362
4648
4649
4362
4364
4650
4651
4364
4366
4652
4653
4366
4368
4654
4655
4368
4370
4656
4657
4370
4372
4658
4659
4372
4374
4660
4661
4374
4376
4662
4663
4376
4378
4664
4665
4378
4380
4666
4667
4380
4382
4668
4669
4382
4383
4670
4671
4672
4385
4387
4673
4674
4387
4389
4675
4676
4389
4391
4677
4678
4391
4393
4679
4680
4393
4681
4682
4396
4398
4683
4396
4574
4684
4685
4398
4400
4686
4687
4400
4402
4688
4689
4402
4405
4690
4691
4407
4559
4405
4560
4692
4693
4407
4409
4694
4695
4409
4411
4696
4697
4411
4413
4698
4699
4413
4415
4700
4701
4415
4417
4702
4703
4417
4419
4704
4705
4419
4421
4706
4707
4421
4423
4708
4709
4423
4425
4710
4711
4425
4427
4712
4713
4427
4429
4714
4715
4429
4431
4716
4717
4431
4433
4718
4719
4433
4435
4720
4721
4435
4437
4722
4723
4437
4439
4724
4725
4439
4441
4726
4727
4441
4443
4728
4729
4443
4445
4730
4731
4445
4447
4732
4733
4447
4449
4734
4735
4449
4451
4736
4737
4451
4453
4738
4739
4453
4455
4740
4741
4455
4457
4742
4743
4457
4459
4744
4745
4459
4461
4746
4747
4461
4463
4748
4749
4463
4465
4750
4751
4465
4467
4752
4753
4467
4469
4754
4755
4469
4471
4756
4757
4471
4473
4758
4759
4473
4475
4760
4761
4475
4477
4762
4763
4477
4479
4764
4765
4479
4481
4766
4767
4481
4483
4768
4769
4483
4485
4770
4771
4485
4487
4772
4773
4487
4490
4774
4775
4489
4538
4824
4490
4569
4826
4776
4493
4542
4777
4493
4495
4778
4779
4495
4497
4780
4781
4497
4499
4782
4783
4499
4501
4784
4785
4501
4503
4786
4787
4503
4505
4788
4789
4505
4507
4790
4791
4507
4509
4792
4793
4509
4511
4794
4795
4511
4513
4796
4797
4513
4515
4798
4799
4515
4517
4800
4801
4517
4519
4802
4803
4519
4521
4804
4805
4521
4523
4806
4807
4523
4525
4808
4809
4525
4527
4810
4811
4527
4529
4812
4813
4529
4531
4814
4815
4531
4533
4816
4817
4533
4535
4818
4819
4535
4537
4820
4821
4537
4538
4822
4823
4825
4827
4828
4829
4831
4544
4553
4858
4835
4546
4575
4842
4841
4588
4859
4827
4850
4828
4853
4828
4854
4829
4855
4829
4856
4838
5144
4841
5138
4556
4674
4971
4846
4973
4558
4672
4845
4845
4846
4560
4695
5001
4848
5002
4850
4862
4852
4865
4853
4866
4854
4867
4566
4830
4833
4855
4868
4856
4869
4859
4877
4570
4776
4849
4571
4826
4860
4849
4861
8707
4574
4834
4591
4844
4836
4840
4862
4870
4577
4578
4578
4851
4864
4863
4865
4871
4866
4872
4867
4873
4869
4874
4871
4877
4872
4882
4873
4883
4874
4884
4882
4887
4883
5145
4884
4887
4591
4593
4888
4889
4593
4595
4890
4891
4595
4597
4892
4893
4597
4599
4894
4895
4599
4601
4896
4897
4601
4603
4898
4899
4603
4605
4900
4901
4605
4607
4902
4903
4607
4609
4904
4905
4609
4611
4906
4907
4611
4613
4908
4909
4613
4615
4910
4911
4615
4617
4912
4913
4617
4619
4914
4915
4619
4621
4916
4917
4621
4623
4918
4919
4623
4625
4920
4921
4625
4627
4922
4923
4627
4629
4924
4925
4629
4631
4926
4927
4631
4633
4928
4929
4633
4635
4930
4931
4635
4637
4932
4933
4637
4639
4934
4935
4639
4641
4936
4937
4641
4643
4938
4939
4643
4645
4940
4941
4645
4647
4942
4943
4647
4649
4944
4945
4649
4651
4946
4947
4651
4653
4948
4949
4653
4655
4950
4951
4655
4657
4952
4953
4657
4659
4954
4955
4659
4661
4956
4957
4661
4663
4958
4959
4663
4665
4960
4961
4665
4667
4962
4963
4667
4669
4964
4965
4669
4671
4966
4967
4671
4672
4968
4969
4970
4674
4676
4974
4975
4676
4678
4976
4977
4678
4680
4978
4979
4680
4682
4980
4981
4682
4982
4983
4685
4687
4988
4685
4836
4985
4989
4687
4689
4990
4991
4689
4691
4992
4993
4691
4693
4994
4995
4693
4848
4996
4997
4695
4697
5003
5004
4697
4699
5005
5006
4699
4701
5007
5008
4701
4703
5009
5010
4703
4705
5011
5012
4705
4707
5013
5014
4707
4709
5015
5016
4709
4711
5017
5018
4711
4713
5019
5020
4713
4715
5021
5022
4715
4717
5023
5024
4717
4719
5025
5026
4719
4721
5027
5028
4721
4723
5029
5030
4723
4725
5031
5032
4725
4727
5033
5034
4727
4729
5035
5036
4729
4731
5037
5038
4731
4733
5039
5040
4733
4735
5041
5042
4735
4737
5043
5044
4737
4739
5045
5046
4739
4741
5047
5048
4741
4743
5049
5050
4743
4745
5051
5052
4745
4747
5053
5054
4747
4749
5055
5056
4749
4751
5057
5058
4751
4753
5059
5060
4753
4755
5061
5062
4755
4757
5063
5064
4757
4759
5065
5066
4759
4761
5067
5068
4761
4763
5069
5070
4763
4765
5071
5072
4765
4767
5073
5074
4767
4769
5075
5076
4769
4771
5077
5078
4771
4773
5079
5080
4773
4775
5081
5082
4775
4776
5083
5084
5085
4779
4831
5086
4779
4781
5088
5089
4781
4783
5090
5091
4783
4785
5092
5093
4785
4787
5094
5095
4787
4789
5096
5097
4789
4791
5098
5099
4791
4793
5100
5101
4793
4795
5102
5103
4795
4797
5104
5105
4797
4799
5106
5107
4799
4801
5108
5109
4801
4803
5110
5111
4803
4805
5112
5113
4805
4807
5114
5115
4807
4809
5116
5117
4809
4811
5118
5119
4811
4813
5120
5121
4813
4815
5122
5123
4815
4817
5124
5125
4817
4819
5126
5127
4819
4821
5128
5129
4821
4823
5130
5131
4823
4825
5132
5133
4825
4826
5134
5135
5136
5137
5139
5140
4843
4868
4886
4837
5087
4833
4838
4885
4886
4835
4840
4857
4858
4847
4987
4839
4878
4885
5143
4879
5169
4847
4857
4842
4875
4870
4876
5163
5190
8708
4889
5198
4970
5282
4972
5284
4986
5142
4998
5000
5085
5146
5137
5148
5137
5149
5138
5150
5139
5151
5139
5152
5140
5153
5140
5154
5142
5196
5144
5196
5145
5168
4861
5136
5456
5147
5459
5148
5157
4864
4881
5158
5149
5159
5150
5160
5151
5161
5152
5162
5153
5163
5154
5164
5157
5167
5160
5179
5161
5180
5162
5181
5164
5182
4876
5138
5165
5166
5167
5168
5179
4879
5087
5404
5170
5405
4881
4984
5297
5171
5300
5180
5191
5181
5192
5182
5193
5188
5189
5189
5190
5191
5193
4889
4891
5200
5201
4891
4893
5202
5203
4893
4895
5204
5205
4895
4897
5206
5207
4897
4899
5208
5209
4899
4901
5210
5211
4901
4903
5212
5213
4903
4905
5214
5215
4905
4907
5216
5217
4907
4909
5218
5219
4909
4911
5220
5221
4911
4913
5222
5223
4913
4915
5224
5225
4915
4917
5226
5227
4917
4919
5228
5229
4919
4921
5230
5231
4921
4923
5232
5233
4923
4925
5234
5235
4925
4927
5236
5237
4927
4929
5238
5239
4929
4931
5240
5241
4931
4933
5242
5243
4933
4935
5244
5245
4935
4937
5246
5247
4937
4939
5248
5249
4939
4941
5250
5251
4941
4943
5252
5253
4943
4945
5254
5255
4945
4947
5256
5257
4947
4949
5258
5259
4949
4951
5260
5261
4951
4953
5262
5263
4953
4955
5264
5265
4955
4957
5266
5267
4957
4959
5268
5269
4959
4961
5270
5271
4961
4963
5272
5273
4963
4965
5274
5275
4965
4967
5276
5277
4967
4969
5278
5279
4969
4970
5280
5281
5283
4973
4975
5285
4973
5185
5186
5286
4975
4977
5287
5288
4977
4979
5289
5290
4979
4981
5291
5292
4981
4983
5293
5294
4983
4984
5295
5296
5298
4987
4989
5302
4987
5141
5183
5303
4989
4991
5304
5305
4991
4993
5306
5307
4993
4995
5308
5309
4995
4997
5310
5311
4997
5000
5312
5313
4999
5002
5155
5000
5156
5314
5315
5002
5004
5316
5317
5004
5006
5318
5319
5006
5008
5320
5321
5008
5010
5322
5323
5010
5012
5324
5325
5012
5014
5326
5327
5014
5016
5328
5329
5016
5018
5330
5331
5018
5020
5332
5333
5020
5022
5334
5335
5022
5024
5336
5337
5024
5026
5338
5339
5026
5028
5340
5341
5028
5030
5342
5343
5030
5032
5344
5345
5032
5034
5346
5347
5034
5036
5348
5349
5036
5038
5350
5351
5038
5040
5352
5353
5040
5042
5354
5355
5042
5044
5356
5357
5044
5046
5358
5359
5046
5048
5360
5361
5048
5050
5362
5363
5050
5052
5364
5365
5052
5054
5366
5367
5054
5056
5368
5369
5056
5058
5370
5371
5058
5060
5372
5373
5060
5062
5374
5375
5062
5064
5376
5377
5064
5066
5378
5379
5066
5068
5380
5381
5068
5070
5382
5383
5070
5072
5384
5385
5072
5074
5386
5387
5074
5076
5388
5389
5076
5078
5390
5391
5078
5080
5392
5393
5080
5082
5394
5395
5082
5084
5396
5397
5084
5085
5398
5399
5400
5087
5089
5406
5407
5089
5091
5408
5409
5091
5093
5410
5411
5093
5095
5412
5413
5095
5097
5414
5415
5097
5099
5416
5417
5099
5101
5418
5419
5101
5103
5420
5421
5103
5105
5422
5423
5105
5107
5424
5425
5107
5109
5426
5427
5109
5111
5428
5429
5111
5113
5430
5431
5113
5115
5432
5433
5115
5117
5434
5435
5117
5119
5436
5437
5119
5121
5438
5439
5121
5123
5440
5441
5123
5125
5442
5443
5125
5127
5444
5445
5127
5129
5446
5447
5129
5131
5448
5449
5131
5133
5450
5451
5133
5135
5452
5453
5135
5136
5454
5455
5457
5460
5461
5462
5463
5142
5184
5464
5465
5144
5188
5508
5506
5192
5475
5400
5717
8707
5458
5719
8707
5460
5467
5460
5468
5461
5469
5462
5470
5462
5471
5463
5472
5463
5473
5156
5317
5631
5466
5632
5467
5479
5159
5171
5173
5468
5480
5469
5481
5470
5482
5471
5483
5472
5785
5473
5484
5166
5461
5505
5474
5507
5474
5479
5475
5498
5170
5172
5175
5402
5174
5299
5175
5174
5176
5178
5176
5301
5403
5177
5194
5178
5195
5476
5480
5495
5481
5498
5482
5499
5483
5500
5484
5501
5184
5303
5485
5486
5487
5187
5286
5488
5187
5284
5490
5489
5491
5496
5813
5496
5497
5497
5499
5504
5500
5784
5501
5504
5195
5301
5477
5476
5478
5465
5506
5199
5509
5199
5201
5510
5511
5201
5203
5512
5513
5203
5205
5514
5515
5205
5207
5516
5517
5207
5209
5518
5519
5209
5211
5520
5521
5211
5213
5522
5523
5213
5215
5524
5525
5215
5217
5526
5527
5217
5219
5528
5529
5219
5221
5530
5531
5221
5223
5532
5533
5223
5225
5534
5535
5225
5227
5536
5537
5227
5229
5538
5539
5229
5231
5540
5541
5231
5233
5542
5543
5233
5235
5544
5545
5235
5237
5546
5547
5237
5239
5548
5549
5239
5241
5550
5551
5241
5243
5552
5553
5243
5245
5554
5555
5245
5247
5556
5557
5247
5249
5558
5559
5249
5251
5560
5561
5251
5253
5562
5563
5253
5255
5564
5565
5255
5257
5566
5567
5257
5259
5568
5569
5259
5261
5570
5571
5261
5263
5572
5573
5263
5265
5574
5575
5265
5267
5576
5577
5267
5269
5578
5579
5269
5271
5580
5581
5271
5273
5582
5583
5273
5275
5584
5585
5275
5277
5586
5587
5277
5279
5588
5589
5279
5281
5590
5591
5281
5283
5592
5593
5283
5284
5594
5595
5596
5286
5288
5597
5598
5288
5290
5599
5600
5290
5292
5601
5602
5292
5294
5603
5604
5294
5296
5605
5606
5296
5298
5607
5608
5298
5300
5609
5610
5300
5301
5611
5612
5613
5303
5305
5614
5615
5305
5307
5616
5617
5307
5309
5618
5619
5309
5311
5620
5621
5311
5313
5622
5623
5313
5315
5624
5625
5315
5466
5626
5627
5317
5319
5633
5634
5319
5321
5635
5636
5321
5323
5637
5638
5323
5325
5639
5640
5325
5327
5641
5642
5327
5329
5643
5644
5329
5331
5645
5646
5331
5333
5647
5648
5333
5335
5649
5650
5335
5337
5651
5652
5337
5339
5653
5654
5339
5341
5655
5656
5341
5343
5657
5658
5343
5345
5659
5660
5345
5347
5661
5662
5347
5349
5663
5664
5349
5351
5665
5666
5351
5353
5667
5668
5353
5355
5669
5670
5355
5357
5671
5672
5357
5359
5673
5674
5359
5361
5675
5676
5361
5363
5677
5678
5363
5365
5679
5680
5365
5367
5681
5682
5367
5369
5683
5684
5369
5371
5685
5686
5371
5373
5687
5688
5373
5375
5689
5690
5375
5377
5691
5692
5377
5379
5693
5694
5379
5381
5695
5696
5381
5383
5697
5698
5383
5385
5699
5700
5385
5387
5701
5702
5387
5389
5703
5704
5389
5391
5705
5706
5391
5393
5707
5708
5393
5395
5709
5710
5395
5397
5711
5712
5397
5399
5713
5714
5399
5400
5715
5716
5718
5403
5502
5403
5405
5720
5721
5405
5407
5722
5723
5407
5409
5724
5725
5409
5411
5726
5727
5411
5413
5728
5729
5413
5415
5730
5731
5415
5417
5732
5733
5417
5419
5734
5735
5419
5421
5736
5737
5421
5423
5738
5739
5423
5425
5740
5741
5425
5427
5742
5743
5427
5429
5744
5745
5429
5431
5746
5747
5431
5433
5748
5749
5433
5435
5750
5751
5435
5437
5752
5753
5437
5439
5754
5755
5439
5441
5756
5757
5441
5443
5758
5759
5443
5445
5760
5761
5445
5447
5762
5763
5447
5449
5764
5765
5449
5451
5766
5767
5451
5453
5768
5769
5453
5455
5770
5771
5455
5457
5772
5773
5457
5459
5774
5775
5459
5492
5493
5776
5777
5778
5779
5780
5465
5487
5832
5831
5628
5630
5777
5788
5777
5789
5778
5790
5779
5792
5779
5793
5780
5794
5780
5795
5783
5796
5784
5828
5495
5787
5478
5613
5939
5786
5941
5788
5796
5789
5812
5790
5816
5792
5818
5793
5819
5795
5820
5486
5615
5797
5798
5799
5799
6138
5489
5598
5923
5800
6111
5491
5596
5801
5800
5802
5494
5776
5808
5494
5719
5810
5809
5811
5812
5830
5814
5815
5815
5829
5816
5828
5818
5826
5819
5827
5820
5825
5503
5721
5823
5822
5824
5825
5826
5507
5778
5791
5508
5831
5781
5783
5813
6139
5511
5833
5511
5513
5835
5836
5513
5515
5837
5838
5515
5517
5839
5840
5517
5519
5841
5842
5519
5521
5843
5844
5521
5523
5845
5846
5523
5525
5847
5848
5525
5527
5849
5850
5527
5529
5851
5852
5529
5531
5853
5854
5531
5533
5855
5856
5533
5535
5857
5858
5535
5537
5859
5860
5537
5539
5861
5862
5539
5541
5863
5864
5541
5543
5865
5866
5543
5545
5867
5868
5545
5547
5869
5870
5547
5549
5871
5872
5549
5551
5873
5874
5551
5553
5875
5876
5553
5555
5877
5878
5555
5557
5879
5880
5557
5559
5881
5882
5559
5561
5883
5884
5561
5563
5885
5886
5563
5565
5887
5888
5565
5567
5889
5890
5567
5569
5891
5892
5569
5571
5893
5894
5571
5573
5895
5896
5573
5575
5897
5898
5575
5577
5899
5900
5577
5579
5901
5902
5579
5581
5903
5904
5581
5583
5905
5906
5583
5585
5907
5908
5585
5587
5909
5910
5587
5589
5911
5912
5589
5591
5913
5914
5591
5593
5915
5916
5593
5595
5917
5918
5595
5596
5919
5920
5921
5598
5600
5922
5924
5600
5602
5925
5926
5602
5604
5927
5928
5604
5606
5929
5930
5606
5608
5931
5932
5608
5610
5933
5934
5610
5612
5935
5936
5612
5613
5937
5938
5940
5615
5617
5942
5943
5617
5619
5944
5945
5619
5621
5946
5947
5621
5623
5948
5949
5623
5625
5950
5951
5625
5627
5952
5953
5627
5630
5954
5955
5629
5632
5806
5630
5807
5956
5957
5632
5634
5958
5959
5634
5636
5960
5961
5636
5638
5962
5963
5638
5640
5964
5965
5640
5642
5966
5967
5642
5644
5968
5969
5644
5646
5970
5971
5646
5648
5972
5973
5648
5650
5974
5975
5650
5652
5976
5977
5652
5654
5978
5979
5654
5656
5980
5981
5656
5658
5982
5983
5658
5660
5984
5985
5660
5662
5986
5987
5662
5664
5988
5989
5664
5666
5990
5991
5666
5668
5992
5993
5668
5670
5994
5995
5670
5672
5996
5997
5672
5674
5998
5999
5674
5676
6000
6001
5676
5678
6002
6003
5678
5680
6004
6005
5680
5682
6006
6007
5682
5684
6008
6009
5684
5686
6010
6011
5686
5688
6012
6013
5688
5690
6014
6015
5690
5692
6016
6017
5692
5694
6018
6019
5694
5696
6020
6021
5696
5698
6022
6023
5698
5700
6024
6025
5700
5702
6026
6027
5702
5704
6028
6029
5704
5706
6030
6031
5706
5708
6032
6033
5708
5710
6034
6035
5710
5712
6036
6037
5712
5714
6038
6039
5714
5716
6040
6041
5716
5718
6042
6043
5718
5719
6044
6045
6046
5721
5723
6047
6048
5723
5725
6049
6050
5725
5727
6051
6052
5727
5729
6053
6054
5729
5731
6055
6056
5731
5733
6057
6058
5733
5735
6059
6060
5735
5737
6061
6062
5737
5739
6063
6064
5739
5741
6065
6066
5741
5743
6067
6068
5743
5745
6069
6070
5745
5747
6071
6072
5747
5749
6073
6074
5749
5751
6075
6076
5751
5753
6077
6078
5753
5755
6079
6080
5755
5757
6081
6082
5757
5759
6083
6084
5759
5761
6085
6086
5761
5763
6087
6088
5763
5765
6089
6090
5765
5767
6091
6092
5767
5769
6093
6094
5769
5771
6095
6096
5771
5773
6097
6098
5773
5775
6099
6100
5775
5776
6101
6102
6103
6104
6105
6106
6107
5782
5791
5817
5783
6108
6109
5827
6166
5794
6124
8708
5787
5803
5804
5830
6162
6104
6117
6104
6118
6105
6120
6105
6121
6106
6122
6106
6123
6107
6125
6107
6126
6109
6117
5798
5943
6307
6110
6308
6110
6140
6112
6156
5802
5921
6266
6112
6269
5805
6113
6162
5805
5941
6290
6114
6293
5807
5959
6325
6115
6327
5809
6103
6476
6116
6479
5811
6046
6416
6116
6419
6118
6137
5814
6144
6119
6145
6119
6136
6120
6135
6121
6514
6122
6133
6123
6134
6126
6132
5822
5834
6127
6128
6129
5824
6048
6130
6129
6131
6132
6173
6133
6173
6134
6528
6135
6166
6136
6494
6137
6169
5832
6139
6138
6141
5834
5836
6178
6179
5836
5838
6180
6181
5838
5840
6182
6183
5840
5842
6184
6185
5842
5844
6186
6187
5844
5846
6188
6189
5846
5848
6190
6191
5848
5850
6192
6193
5850
5852
6194
6195
5852
5854
6196
6197
5854
5856
6198
6199
5856
5858
6200
6201
5858
5860
6202
6203
5860
5862
6204
6205
5862
5864
6206
6207
5864
5866
6208
6209
5866
5868
6210
6211
5868
5870
6212
6213
5870
5872
6214
6215
5872
5874
6216
6217
5874
5876
6218
6219
5876
5878
6220
6221
5878
5880
6222
6223
5880
5882
6224
6225
5882
5884
6226
6227
5884
5886
6228
6229
5886
5888
6230
6231
5888
5890
6232
6233
5890
5892
6234
6235
5892
5894
6236
6237
5894
5896
6238
6239
5896
5898
6240
6241
5898
5900
6242
6243
5900
5902
6244
6245
5902
5904
6246
6247
5904
5906
6248
6249
5906
5908
6250
6251
5908
5910
6252
6253
5910
5912
6254
6255
5912
5914
6256
6257
5914
5916
6258
6259
5916
5918
6260
6261
5918
5920
6262
6263
5920
5921
6264
6265
6267
5924
5926
6272
5924
6111
6270
6273
5926
5928
6274
6275
5928
5930
6276
6277
5930
5932
6278
6279
5932
5934
6280
6281
5934
5936
6282
6283
5936
5938
6284
6285
5938
5940
6286
6287
5940
5941
6288
6289
6291
5943
5945
6309
6310
5945
5947
6311
6312
5947
5949
6313
6314
5949
5951
6315
6316
5951
5953
6317
6318
5953
5955
6319
6320
5955
5957
6321
6322
5957
6115
6323
6324
5959
5961
6328
6329
5961
5963
6330
6331
5963
5965
6332
6333
5965
5967
6334
6335
5967
5969
6336
6337
5969
5971
6338
6339
5971
5973
6340
6341
5973
5975
6342
6343
5975
5977
6344
6345
5977
5979
6346
6347
5979
5981
6348
6349
5981
5983
6350
6351
5983
5985
6352
6353
5985
5987
6354
6355
5987
5989
6356
6357
5989
5991
6358
6359
5991
5993
6360
6361
5993
5995
6362
6363
5995
5997
6364
6365
5997
5999
6366
6367
5999
6001
6368
6369
6001
6003
6370
6371
6003
6005
6372
6373
6005
6007
6374
6375
6007
6009
6376
6377
6009
6011
6378
6379
6011
6013
6380
6381
6013
6015
6382
6383
6015
6017
6384
6385
6017
6019
6386
6387
6019
6021
6388
6389
6021
6023
6390
6391
6023
6025
6392
6393
6025
6027
6394
6395
6027
6029
6396
6397
6029
6031
6398
6399
6031
6033
6400
6401
6033
6035
6402
6403
6035
6037
6404
6405
6037
6039
6406
6407
6039
6041
6408
6409
6041
6043
6410
6411
6043
6045
6412
6413
6045
6046
6414
6415
6417
6048
6050
6420
6421
6050
6052
6422
6423
6052
6054
6424
6425
6054
6056
6426
6427
6056
6058
6428
6429
6058
6060
6430
6431
6060
6062
6432
6433
6062
6064
6434
6435
6064
6066
6436
6437
6066
6068
6438
6439
6068
6070
6440
6441
6070
6072
6442
6443
6072
6074
6444
6445
6074
6076
6446
6447
6076
6078
6448
6449
6078
6080
6450
6451
6080
6082
6452
6453
6082
6084
6454
6455
6084
6086
6456
6457
6086
6088
6458
6459
6088
6090
6460
6461
6090
6092
6462
6463
6092
6094
6464
6465
6094
6096
6466
6467
6096
6098
6468
6469
6098
6100
6470
6471
6100
6102
6472
6473
6102
6103
6474
6475
6477
6480
6488
6489
6490
6109
6894
6509
6142
6305
6156
6271
6158
6268
6114
6170
6172
6171
6292
6326
6495
6418
6478
6480
6509
6480
6510
6484
6506
6488
6502
6488
6513
6489
6500
6489
6501
6125
6497
6490
6498
6490
6499
6128
6179
6873
6491
6874
6491
6493
6131
6421
6602
6493
6603
6499
6526
6500
6525
6501
6542
6502
6515
6506
6524
6510
6518
6140
6143
6141
6144
6142
6146
6143
6147
6149
6306
6146
6150
6145
6147
6148
6484
6149
6154
6148
6150
6151
6152
6155
6303
6151
6154
6153
6157
6153
6484
6505
6160
6165
6155
6157
6159
6304
6158
6167
6159
6160
6168
6496
6161
6301
6161
6164
6163
6302
6169
6170
6164
6297
6165
6505
6522
6515
6528
6168
6271
6775
6516
6776
6518
6519
6519
6521
6172
6294
6296
6520
6521
6525
6526
6175
6176
6486
6745
6177
6504
6533
6177
6481
6744
6507
6532
6179
6181
6871
6872
6181
6183
6869
6870
6183
6185
6867
6868
6185
6187
6865
6866
6187
6189
6863
6864
6189
6191
6861
6862
6191
6193
6859
6860
6193
6195
6857
6858
6195
6197
6855
6856
6197
6199
6853
6854
6199
6201
6851
6852
6201
6203
6849
6850
6203
6205
6847
6848
6205
6207
6845
6846
6207
6209
6843
6844
6209
6211
6841
6842
6211
6213
6839
6840
6213
6215
6837
6838
6215
6217
6835
6836
6217
6219
6833
6834
6219
6221
6831
6832
6221
6223
6829
6830
6223
6225
6827
6828
6225
6227
6825
6826
6227
6229
6823
6824
6229
6231
6821
6822
6231
6233
6819
6820
6233
6235
6817
6818
6235
6237
6815
6816
6237
6239
6813
6814
6239
6241
6811
6812
6241
6243
6809
6810
6243
6245
6807
6808
6245
6247
6805
6806
6247
6249
6803
6804
6249
6251
6801
6802
6251
6253
6799
6800
6253
6255
6797
6798
6255
6257
6795
6796
6257
6259
6793
6794
6259
6261
6791
6792
6261
6263
6789
6790
6263
6265
6787
6788
6265
6267
6785
6786
6267
6269
6783
6784
6269
6496
6781
6782
6271
6273
6773
6774
6273
6275
6771
6772
6275
6277
6769
6770
6277
6279
6767
6768
6279
6281
6765
6766
6281
6283
6763
6764
6283
6285
6761
6762
6285
6287
6759
6760
6287
6289
6757
6758
6289
6291
6755
6756
6291
6293
6753
6754
6293
6296
6751
6752
6295
6503
6520
6296
6485
6749
6750
6300
6302
6738
6299
6508
6523
6300
6482
6740
6739
6302
6304
6736
6737
6304
6306
6734
6735
6306
6308
6732
6733
6308
6310
6730
6731
6310
6312
6728
6729
6312
6314
6726
6727
6314
6316
6724
6725
6316
6318
6722
6723
6318
6320
6720
6721
6320
6322
6718
6719
6322
6324
6716
6717
6324
6495
6714
6715
6327
6329
6707
6327
6517
6709
6708
6329
6331
6705
6706
6331
6333
6703
6704
6333
6335
6701
6702
6335
6337
6699
6700
6337
6339
6697
6698
6339
6341
6695
6696
6341
6343
6693
6694
6343
6345
6691
6692
6345
6347
6689
6690
6347
6349
6687
6688
6349
6351
6685
6686
6351
6353
6683
6684
6353
6355
6681
6682
6355
6357
6679
6680
6357
6359
6677
6678
6359
6361
6675
6676
6361
6363
6673
6674
6363
6365
6671
6672
6365
6367
6669
6670
6367
6369
6667
6668
6369
6371
6665
6666
6371
6373
6663
6664
6373
6375
6661
6662
6375
6377
6659
6660
6377
6379
6657
6658
6379
6381
6655
6656
6381
6383
6653
6654
6383
6385
6651
6652
6385
6387
6649
6650
6387
6389
6647
6648
6389
6391
6645
6646
6391
6393
6643
6644
6393
6395
6641
6642
6395
6397
6639
6640
6397
6399
6637
6638
6399
6401
6635
6636
6401
6403
6633
6634
6403
6405
6631
6632
6405
6407
6629
6630
6407
6409
6627
6628
6409
6411
6625
6626
6411
6413
6623
6624
6413
6415
6621
6622
6415
6417
6619
6620
6417
6419
6617
6618
6419
6492
6615
6616
6421
6423
6600
6601
6423
6425
6598
6599
6425
6427
6596
6597
6427
6429
6594
6595
6429
6431
6592
6593
6431
6433
6590
6591
6433
6435
6588
6589
6435
6437
6586
6587
6437
6439
6584
6585
6439
6441
6582
6583
6441
6443
6580
6581
6443
6445
6578
6579
6445
6447
6576
6577
6447
6449
6574
6575
6449
6451
6572
6573
6451
6453
6570
6571
6453
6455
6568
6569
6455
6457
6566
6567
6457
6459
6564
6565
6459
6461
6562
6563
6461
6463
6560
6561
6463
6465
6558
6559
6465
6467
6556
6557
6467
6469
6554
6555
6469
6471
6552
6553
6471
6473
6550
6551
6473
6475
6548
6549
6475
6477
6546
6547
6477
6479
6544
6545
6479
6492
6529
6543
6540
6483
6507
6743
6483
6508
6741
6539
6742
6538
6487
6503
6748
6487
6504
6746
6537
6747
6536
6535
6534
6527
6875
6531
6614
6527
6604
6524
6607
6517
6713
6516
6780
6498
6512
6534
6881
6534
6880
6535
6883
6535
6882
6536
6886
6537
6888
6537
6887
6538
6890
6538
6889
6539
6892
6539
6891
6540
6894
6540
6893
6512
6530
8333
6541
6881
6514
6536
6885
6884
6879
6886
6777
6779
6710
6712
6612
6893
6611
6612
6610
6888
6610
6611
6609
6890
6609
6891
6608
6889
6606
6883
6606
6880
6605
6876
6542
6879
6531
6543
6878
6607
8334
6613
6533
6892
6887
6901
6900
6899
6898
6897
6896
6895
6903
8331
8332
6882
6904
6544
6905
6545
6906
6546
6907
6547
6908
6548
6909
6549
6910
6550
6911
6551
6912
6552
6913
6553
6914
6554
6915
6555
6916
6556
6917
6557
6918
6558
6919
6559
6920
6560
6921
6561
6922
6562
6923
6563
6924
6564
6925
6565
6926
6566
6927
6567
6928
6568
6929
6569
6930
6570
6931
6571
6932
6572
6933
6573
6934
6574
6935
6575
6936
6576
6937
6577
6938
6578
6939
6579
6940
6580
6941
6581
6942
6582
6943
6583
6944
6584
6945
6585
6946
6586
6947
6587
6948
6588
6949
6589
6950
6590
6951
6591
6952
6592
6953
6593
6954
6594
6955
6595
6956
6596
6957
6597
6958
6598
6959
6599
6960
6600
6961
6601
6962
6602
6963
6603
6964
6604
6965
6605
6966
6877
6967
7154
7255
6608
8335
7147
8337
7145
7148
6971
7150
6970
6971
6970
7143
6614
7155
6615
7156
6616
7157
6617
7158
6618
7159
6619
7160
6620
7161
6621
7162
6622
7163
6623
7164
6624
7165
6625
7166
6626
7167
6627
7168
6628
7169
6629
7170
6630
7171
6631
7172
6632
7173
6633
7174
6634
7175
6635
7176
6636
7177
6637
7178
6638
7179
6639
7180
6640
7181
6641
7182
6642
7183
6643
7184
6644
7185
6645
7186
6646
7187
6647
7188
6648
7189
6649
7190
6650
7191
6651
7192
6652
7193
6653
7194
6654
7195
6655
7196
6656
7197
6657
7198
6658
7199
6659
7200
6660
7201
6661
7202
6662
7203
6663
7204
6664
7205
6665
7206
6666
7207
6667
7208
6668
7209
6669
7210
6670
7211
6671
7212
6672
7213
6673
7214
6674
7215
6675
7216
6676
7217
6677
7218
6678
7219
6679
7220
6680
7221
6681
7222
6682
7223
6683
7224
6684
7225
6685
7226
6686
7227
6687
7228
6688
7229
6689
7230
6690
7231
6691
7232
6692
7233
6693
7234
6694
7235
6695
7236
6696
7237
6697
7238
6698
7239
6699
7240
6700
7241
6701
7242
6702
7243
6703
7244
6704
7245
6705
7246
6706
7247
6707
7248
6708
7249
6709
7250
6710
7251
6711
7252
6712
6972
7253
6713
6973
6714
6974
6715
6975
6716
6976
6717
6977
6718
6978
6719
6979
6720
6980
6721
6981
6722
6982
6723
6983
6724
6984
6725
6985
6726
6986
6727
6987
6728
6988
6729
6989
6730
6990
6731
6991
6732
6992
6733
6993
6734
6994
6735
6995
6736
6996
6737
6997
6738
6998
6739
6999
6740
7000
6741
7001
6742
7002
6743
7003
6744
7004
6745
7005
6746
7006
6747
7007
6748
7008
6749
7009
6750
7010
6751
7011
6752
7012
6753
7013
6754
7014
6755
7015
6756
7016
6757
7017
6758
7018
6759
7019
6760
7020
6761
7021
6762
7022
6763
7023
6764
7024
6765
7025
6766
7026
6767
7027
6768
7028
6769
7029
6770
7030
6771
7031
6772
7032
6773
7033
6774
7034
6775
7035
6776
7036
6777
7037
6778
7038
6779
7039
7041
6780
7042
6781
7043
6782
7044
6783
7045
6784
7046
6785
7047
6786
7048
6787
7049
6788
7050
6789
7051
6790
7052
6791
7053
6792
7054
6793
7055
6794
7056
6795
7057
6796
7058
6797
7059
6798
7060
6799
7061
6800
7062
6801
7063
6802
7064
6803
7065
6804
7066
6805
7067
6806
7068
6807
7069
6808
7070
6809
7071
6810
7072
6811
7073
6812
7074
6813
7075
6814
7076
6815
7077
6816
7078
6817
7079
6818
7080
6819
7081
6820
7082
6821
7083
6822
7084
6823
7085
6824
7086
6825
7087
6826
7088
6827
7089
6828
7090
6829
7091
6830
7092
6831
7093
6832
7094
6833
7095
6834
7096
6835
7097
6836
7098
6837
7099
6838
7100
6839
7101
6840
7102
6841
7103
6842
7104
6843
7105
6844
7106
6845
7107
6846
7108
6847
7109
6848
7110
6849
7111
6850
7112
6851
7113
6852
7114
6853
7115
6854
7116
6855
7117
6856
7118
6857
7119
6858
7120
6859
7121
6860
7122
6861
7123
6862
7124
6863
7125
6864
7126
6865
7127
6866
7128
6867
7129
6868
7130
6869
7131
6870
7132
6871
7133
6872
7134
6873
7135
6874
7136
6875
7137
6876
7138
6877
7139
6968
7140
6905
7142
6904
7152
6901
7255
6901
6903
6900
7153
6900
7154
6885
6902
6899
7151
6899
7152
6898
7149
6898
7150
6897
7147
6897
7148
6896
7145
6896
7146
6895
7143
6895
7144
7365
7364
7363
7362
7361
7360
7258
8321
7258
8330
7153
7605
6906
7437
6907
7438
6908
7439
6909
7440
6910
7441
6911
7442
6912
7443
6913
7444
6914
7445
6915
7446
6916
7447
6917
7448
6918
7449
6919
7450
6920
7451
6921
7452
6922
7453
6923
7454
6924
7455
6925
7456
6926
7457
6927
7458
6928
7459
6929
7460
6930
7461
6931
7462
6932
7463
6933
7464
6934
7465
6935
7466
6936
7467
6937
7468
6938
7469
6939
7470
6940
7471
6941
7472
6942
7473
6943
7474
6944
7475
6945
7476
6946
7477
6947
7478
6948
7479
6949
7480
6950
7481
6951
7482
6952
7483
6953
7484
6954
7485
6955
7486
6956
7487
6957
7488
6958
7489
6959
7490
6960
7491
6961
7492
6962
7493
6963
7494
6964
7495
6965
7496
6966
7497
6967
7498
6968
7499
7141
7500
7142
7614
7612
7613
7608
7612
6973
7254
7435
6974
7434
6975
7433
6976
7432
6977
7431
6978
7430
6979
7429
6980
7428
6981
7427
6982
7426
6983
7425
6984
7424
6985
7423
6986
7422
6987
7421
6988
7420
6989
7419
6990
7418
6991
7417
6992
7416
6993
7415
6994
7414
6995
7413
6996
7412
6997
7411
6998
7410
6999
7409
7000
7408
7001
7407
7002
7406
7003
7405
7004
7404
7005
7403
7006
7402
7007
7401
7008
7400
7009
7399
7010
7398
7011
7397
7012
7396
7013
7395
7014
7394
7015
7393
7016
7392
7017
7391
7018
7390
7019
7389
7020
7388
7021
7387
7022
7386
7023
7385
7024
7384
7025
7383
7026
7382
7027
7381
7028
7380
7029
7379
7030
7378
7031
7377
7032
7376
7033
7375
7034
7374
7035
7373
7036
7372
7037
7371
7038
7370
7039
7369
7040
7368
7041
7257
7502
7042
7503
7043
7504
7044
7505
7045
7506
7046
7507
7047
7508
7048
7509
7049
7510
7050
7511
7051
7512
7052
7513
7053
7514
7054
7515
7055
7516
7056
7517
7057
7518
7058
7519
7059
7520
7060
7521
7061
7522
7062
7523
7063
7524
7064
7525
7065
7526
7066
7527
7067
7528
7068
7529
7069
7530
7070
7531
7071
7532
7072
7533
7073
7534
7074
7535
7075
7536
7076
7537
7077
7538
7078
7539
7079
7540
7080
7541
7081
7542
7082
7543
7083
7544
7084
7545
7085
7546
7086
7547
7087
7548
7088
7549
7089
7550
7090
7551
7091
7552
7092
7553
7093
7554
7094
7555
7095
7556
7096
7557
7097
7558
7098
7559
7099
7560
7100
7561
7101
7562
7102
7563
7103
7564
7104
7565
7105
7566
7106
7567
7107
7568
7108
7569
7109
7570
7110
7571
7111
7572
7112
7573
7113
7574
7114
7575
7115
7576
7116
7577
7117
7578
7118
7579
7119
7580
7120
7581
7121
7582
7122
7583
7123
7584
7124
7585
7125
7586
7126
7587
7127
7588
7128
7589
7129
7590
7130
7591
7131
7592
7132
7593
7133
7594
7134
7595
7135
7596
7136
7597
7137
7598
7138
7599
7139
7600
7140
7601
7141
7602
7501
7603
7437
7615
7365
7613
7365
7367
7364
7606
7364
7366
7363
7607
7363
7606
7362
7609
7362
7608
7361
7620
7361
7605
7360
7611
7360
7610
7156
7260
7157
7261
7158
7262
7159
7263
7160
7264
7161
7265
7162
7266
7163
7267
7164
7268
7165
7269
7166
7270
7167
7271
7168
7272
7169
7273
7170
7274
7171
7275
7172
7276
7173
7277
7174
7278
7175
7279
7176
7280
7177
7281
7178
7282
7179
7283
7180
7284
7181
7285
7182
7286
7183
7287
7184
7288
7185
7289
7186
7290
7187
7291
7188
7292
7189
7293
7190
7294
7191
7295
7192
7296
7193
7297
7194
7298
7195
7299
7196
7300
7197
7301
7198
7302
7199
7303
7200
7304
7201
7305
7202
7306
7203
7307
7204
7308
7205
7309
7206
7310
7207
7311
7208
7312
7209
7313
7210
7314
7211
7315
7212
7316
7213
7317
7214
7318
7215
7319
7216
7320
7217
7321
7218
7322
7219
7323
7220
7324
7221
7325
7222
7326
7223
7327
7224
7328
7225
7329
7226
7330
7227
7331
7228
7332
7229
7333
7230
7334
7231
7335
7232
7336
7233
7337
7234
7338
7235
7339
7236
7340
7237
7341
7238
7342
7239
7343
7240
7344
7241
7345
7242
7346
7243
7347
7244
7348
7245
7349
7246
7350
7247
7351
7248
7352
7249
7353
7250
7354
7251
7355
7252
7356
7253
7357
7254
7358
7436
7258
7610
7609
8328
8709
7368
7502
7260
7617
7618
7261
7869
7262
7868
7263
7871
7264
7870
7265
7873
7266
7872
7267
7875
7268
7874
7269
7877
7270
7876
7271
7879
7272
7878
7273
7881
7274
7880
7275
7883
7276
7882
7277
7885
7278
7884
7279
7887
7280
7886
7281
7889
7282
7888
7283
7891
7284
7890
7285
7893
7286
7892
7287
7895
7288
7894
7289
7897
7290
7896
7291
7899
7292
7898
7293
7901
7294
7900
7295
7903
7296
7902
7297
7905
7298
7904
7299
7907
7300
7906
7301
7909
7302
7908
7303
7911
7304
7910
7305
7913
7306
7912
7307
7915
7308
7914
7309
7917
7310
7916
7311
7919
7312
7918
7313
7921
7314
7920
7315
7923
7316
7922
7317
7925
7318
7924
7319
7927
7320
7926
7321
7929
7322
7928
7323
7931
7324
7930
7325
7933
7326
7932
7327
7935
7328
7934
7329
7937
7330
7936
7331
7939
7332
7938
7333
7941
7334
7940
7335
7943
7336
7942
7337
7945
7338
7944
7339
7947
7340
7946
7341
7949
7342
7948
7343
7951
7344
7950
7345
7953
7346
7952
7347
7955
7348
7954
7349
7957
7350
7956
7351
7959
7352
7958
7353
7961
7354
7960
7355
7963
7356
7962
7357
7965
7358
7964
7966
7366
8326
8709
7797
7626
7625
7624
7623
7621
7623
8325
7621
8319
7369
7627
7370
7629
7371
7628
7372
7631
7373
7630
7374
7633
7375
7632
7376
7635
7377
7634
7378
7637
7379
7636
7380
7639
7381
7638
7382
7641
7383
7640
7384
7643
7385
7642
7386
7645
7387
7644
7388
7647
7389
7646
7390
7649
7391
7648
7392
7651
7393
7650
7394
7653
7395
7652
7396
7655
7397
7654
7398
7657
7399
7656
7400
7659
7401
7658
7402
7661
7403
7660
7404
7663
7405
7662
7406
7665
7407
7664
7408
7667
7409
7666
7410
7669
7411
7668
7412
7671
7413
7670
7414
7673
7415
7672
7416
7675
7417
7674
7418
7677
7419
7676
7420
7679
7421
7678
7422
7681
7423
7680
7424
7683
7425
7682
7426
7685
7427
7684
7428
7687
7429
7686
7430
7689
7431
7688
7432
7691
7433
7690
7434
7693
7435
7692
7436
7695
7694
7438
7803
7439
7802
7440
7805
7441
7804
7442
7807
7443
7806
7444
7809
7445
7808
7446
7811
7447
7810
7448
7813
7449
7812
7450
7815
7451
7814
7452
7817
7453
7816
7454
7819
7455
7818
7456
7821
7457
7820
7458
7823
7459
7822
7460
7825
7461
7824
7462
7827
7463
7826
7464
7829
7465
7828
7466
7831
7467
7830
7468
7833
7469
7832
7470
7835
7471
7834
7472
7837
7473
7836
7474
7839
7475
7838
7476
7841
7477
7840
7478
7843
7479
7842
7480
7845
7481
7844
7482
7847
7483
7846
7484
7849
7485
7848
7486
7851
7487
7850
7488
7853
7489
7852
7490
7855
7491
7854
7492
7857
7493
7856
7494
7859
7495
7858
7496
7861
7497
7860
7498
7863
7499
7862
7500
7865
7501
7864
7604
7867
7503
7504
7796
7505
7794
7506
7795
7507
7792
7508
7793
7509
7790
7510
7791
7511
7788
7512
7789
7513
7786
7514
7787
7515
7784
7516
7785
7517
7782
7518
7783
7519
7780
7520
7781
7521
7778
7522
7779
7523
7776
7524
7777
7525
7774
7526
7775
7527
7772
7528
7773
7529
7770
7530
7771
7531
7768
7532
7769
7533
7766
7534
7767
7535
7764
7536
7765
7537
7762
7538
7763
7539
7760
7540
7761
7541
7758
7542
7759
7543
7756
7544
7757
7545
7754
7546
7755
7547
7752
7548
7753
7549
7750
7550
7751
7551
7748
7552
7749
7553
7746
7554
7747
7555
7744
7556
7745
7557
7742
7558
7743
7559
7740
7560
7741
7561
7738
7562
7739
7563
7736
7564
7737
7565
7734
7566
7735
7567
7732
7568
7733
7569
7730
7570
7731
7571
7728
7572
7729
7573
7726
7574
7727
7575
7724
7576
7725
7577
7722
7578
7723
7579
7720
7580
7721
7581
7718
7582
7719
7583
7716
7584
7717
7585
7714
7586
7715
7587
7712
7588
7713
7589
7710
7590
7711
7591
7708
7592
7709
7593
7706
7594
7707
7595
7704
7596
7705
7597
7702
7598
7703
7599
7700
7600
7701
7601
7698
7602
7699
7603
7696
7604
7697
7616
7866
7611
7626
7623
7624
7624
8336
7625
7625
8329
7797
7797
8315
7622
7621
7622
7615
7801
8139
7803
8137
7697
7866
8245
7619
7869
8070
7619
7801
8141
7967
7968
7626
8324
8317
8316
8338
8315
7629
8314
7629
7631
8313
8312
7631
7633
8311
8310
7633
7635
8309
8308
7635
7637
8307
8306
7637
7639
8305
8304
7639
7641
8303
8302
7641
7643
8301
8300
7643
7645
8299
8298
7645
7647
8297
8296
7647
7649
8295
8294
7649
7651
8293
8292
7651
7653
8291
8290
7653
7655
8289
8288
7655
7657
8287
8286
7657
7659
8285
8284
7659
7661
8283
8282
7661
7663
8281
8280
7663
7665
8279
8278
7665
7667
8277
8276
7667
7669
8275
8274
7669
7671
8273
8272
7671
7673
8271
8270
7673
7675
8269
8268
7675
7677
8267
8266
7677
7679
8265
8264
7679
7681
8263
8262
7681
7683
8261
8260
7683
7685
8259
8258
7685
7687
8257
8256
7687
7689
8255
8254
7689
7691
8253
8252
7691
7693
8251
8250
7693
7695
8249
8248
7695
7800
8247
8246
7697
7699
8244
8243
7699
7701
8242
8241
7701
7703
8240
8239
7703
7705
8238
8237
7705
7707
8236
8235
7707
7709
8234
8233
7709
7711
8232
8231
7711
7713
8230
8229
7713
7715
8228
8227
7715
7717
8226
8225
7717
7719
8224
8223
7719
7721
8222
8221
7721
7723
8220
8219
7723
7725
8218
8217
7725
7727
8216
8215
7727
7729
8214
8213
7729
7731
8212
8211
7731
7733
8210
8209
7733
7735
8208
8207
7735
7737
8206
8205
7737
7739
8204
8203
7739
7741
8202
8201
7741
7743
8200
8199
7743
7745
8198
8197
7745
7747
8196
8195
7747
7749
8194
8193
7749
7751
8192
8191
7751
7753
8190
8189
7753
7755
8188
8187
7755
7757
8186
8185
7757
7759
8184
8183
7759
7761
8182
8181
7761
7763
8180
8179
7763
7765
8178
8177
7765
7767
8176
8175
7767
7769
8174
8173
7769
7771
8172
8171
7771
7773
8170
8169
7773
7775
8168
8167
7775
7777
8166
8165
7777
7779
8164
8163
7779
7781
8162
8161
7781
7783
8160
8159
7783
7785
8158
8157
7785
7787
8156
8155
7787
7789
8154
8153
7789
7791
8152
8151
7791
7793
8150
8149
7793
7795
8148
8147
7795
7796
8146
8145
8143
7799
7966
7971
7800
7970
8140
8138
7803
7805
8135
8136
7805
7807
8133
8134
7807
7809
8131
8132
7809
7811
8129
8130
7811
7813
8127
8128
7813
7815
8125
8126
7815
7817
8123
8124
7817
7819
8121
8122
7819
7821
8119
8120
7821
7823
8117
8118
7823
7825
8115
8116
7825
7827
8113
8114
7827
7829
8111
8112
7829
7831
8109
8110
7831
7833
8107
8108
7833
7835
8105
8106
7835
7837
8103
8104
7837
7839
8101
8102
7839
7841
8099
8100
7841
7843
8097
8098
7843
7845
8095
8096
7845
7847
8093
8094
7847
7849
8091
8092
7849
7851
8089
8090
7851
7853
8087
8088
7853
7855
8085
8086
7855
7857
8083
8084
7857
7859
8081
8082
7859
7861
8079
8080
7861
7863
8077
8078
7863
7865
8075
8076
7865
7867
8073
8074
7867
8071
8072
7869
7871
8069
8068
7871
7873
8067
8066
7873
7875
8065
8064
7875
7877
8063
8062
7877
7879
8061
8060
7879
7881
8059
8058
7881
7883
8057
8056
7883
7885
8055
8054
7885
7887
8053
8052
7887
7889
8051
8050
7889
7891
8049
8048
7891
7893
8047
8046
7893
7895
8045
8044
7895
7897
8043
8042
7897
7899
8041
8040
7899
7901
8039
8038
7901
7903
8037
8036
7903
7905
8035
8034
7905
7907
8033
8032
7907
7909
8031
8030
7909
7911
8029
8028
7911
7913
8027
8026
7913
7915
8025
8024
7915
7917
8023
8022
7917
7919
8021
8020
7919
7921
8019
8018
7921
7923
8017
8016
7923
7925
8015
8014
7925
7927
8013
8012
7927
7929
8011
8010
7929
7931
8009
8008
7931
7933
8007
8006
7933
7935
8005
8004
7935
7937
8003
8002
7937
7939
8001
8000
7939
7941
7999
7998
7941
7943
7997
7996
7943
7945
7995
7994
7945
7947
7993
7992
7947
7949
7991
7990
7949
7951
7989
7988
7951
7953
7987
7986
7953
7955
7985
7984
7955
7957
7983
7982
7957
7959
7981
7980
7959
7961
7979
7978
7961
7963
7977
7976
7963
7965
7975
7974
7965
7966
7973
7972
7969
7968
8070
8440
8141
8512
7971
7973
8340
7971
8140
8318
8339
7973
7975
8342
8341
7975
7977
8344
8343
7977
7979
8346
8345
7979
7981
8348
8347
7981
7983
8350
8349
7983
7985
8352
8351
7985
7987
8354
8353
7987
7989
8356
8355
7989
7991
8358
8357
7991
7993
8360
8359
7993
7995
8362
8361
7995
7997
8364
8363
7997
7999
8366
8365
7999
8001
8368
8367
8001
8003
8370
8369
8003
8005
8372
8371
8005
8007
8374
8373
8007
8009
8376
8375
8009
8011
8378
8377
8011
8013
8380
8379
8013
8015
8382
8381
8015
8017
8384
8383
8017
8019
8386
8385
8019
8021
8388
8387
8021
8023
8390
8389
8023
8025
8392
8391
8025
8027
8394
8393
8027
8029
8396
8395
8029
8031
8398
8397
8031
8033
8400
8399
8033
8035
8402
8401
8035
8037
8404
8403
8037
8039
8406
8405
8039
8041
8408
8407
8041
8043
8410
8409
8043
8045
8412
8411
8045
8047
8414
8413
8047
8049
8416
8415
8049
8051
8418
8417
8051
8053
8420
8419
8053
8055
8422
8421
8055
8057
8424
8423
8057
8059
8426
8425
8059
8061
8428
8427
8061
8063
8430
8429
8063
8065
8432
8431
8065
8067
8434
8433
8067
8069
8436
8435
8069
8070
8438
8437
8439
8245
8441
8710
8073
8443
8710
8074
8444
8075
8445
8076
8446
8077
8447
8078
8448
8079
8449
8080
8450
8081
8451
8082
8452
8083
8453
8084
8454
8085
8455
8086
8456
8087
8457
8088
8458
8089
8459
8090
8460
8091
8461
8092
8462
8093
8463
8094
8464
8095
8465
8096
8466
8097
8467
8098
8468
8099
8469
8100
8470
8101
8471
8102
8472
8103
8473
8104
8474
8105
8475
8106
8476
8107
8477
8108
8478
8109
8479
8110
8480
8111
8481
8112
8482
8113
8483
8114
8484
8115
8485
8116
8486
8117
8487
8118
8488
8119
8489
8120
8490
8121
8491
8122
8492
8123
8493
8124
8494
8125
8495
8126
8496
8127
8497
8128
8498
8129
8499
8130
8500
8131
8501
8132
8502
8133
8503
8134
8504
8135
8505
8136
8506
8137
8507
8139
8508
8139
8141
8510
8509
8247
8620
8511
8144
8514
8144
8146
8516
8515
8146
8148
8518
8517
8148
8150
8520
8519
8150
8152
8522
8521
8152
8154
8524
8523
8154
8156
8526
8525
8156
8158
8528
8527
8158
8160
8530
8529
8160
8162
8532
8531
8162
8164
8534
8533
8164
8166
8536
8535
8166
8168
8538
8537
8168
8170
8540
8539
8170
8172
8542
8541
8172
8174
8544
8543
8174
8176
8546
8545
8176
8178
8548
8547
8178
8180
8550
8549
8180
8182
8552
8551
8182
8184
8554
8553
8184
8186
8556
8555
8186
8188
8558
8557
8188
8190
8560
8559
8190
8192
8562
8561
8192
8194
8564
8563
8194
8196
8566
8565
8196
8198
8568
8567
8198
8200
8570
8569
8200
8202
8572
8571
8202
8204
8574
8573
8204
8206
8576
8575
8206
8208
8578
8577
8208
8210
8580
8579
8210
8212
8582
8581
8212
8214
8584
8583
8214
8216
8586
8585
8216
8218
8588
8587
8218
8220
8590
8589
8220
8222
8592
8591
8222
8224
8594
8593
8224
8226
8596
8595
8226
8228
8598
8597
8228
8230
8600
8599
8230
8232
8602
8601
8232
8234
8604
8603
8234
8236
8606
8605
8236
8238
8608
8607
8238
8240
8610
8609
8240
8242
8612
8611
8242
8244
8614
8613
8244
8245
8616
8615
8617
8247
8249
8622
8621
8249
8251
8624
8623
8251
8253
8626
8625
8253
8255
8628
8627
8255
8257
8630
8629
8257
8259
8632
8631
8259
8261
8634
8633
8261
8263
8636
8635
8263
8265
8638
8637
8265
8267
8640
8639
8267
8269
8642
8641
8269
8271
8644
8643
8271
8273
8646
8645
8273
8275
8648
8647
8275
8277
8650
8649
8277
8279
8652
8651
8279
8281
8654
8653
8281
8283
8656
8655
8283
8285
8658
8657
8285
8287
8660
8659
8287
8289
8662
8661
8289
8291
8664
8663
8291
8293
8666
8665
8293
8295
8668
8667
8295
8297
8670
8669
8297
8299
8672
8671
8299
8301
8674
8673
8301
8303
8676
8675
8303
8305
8678
8677
8305
8307
8680
8679
8307
8309
8682
8681
8309
8311
8684
8683
8311
8313
8686
8685
8313
8314
8688
8687
8689
8324
8317
8691
8692
8319
8691
8339
8619
8320
8321
8322
8323
8324
8326
8327
8328
8709
8329
8331
8332
8333
8334
8335
8337
8337
8692
8340
8341
8342
8343
8344
8345
8346
8347
8348
8349
8350
8351
8352
8353
8354
8355
8356
8357
8358
8359
8360
8361
8362
8363
8364
8365
8366
8367
8368
8369
8370
8371
8372
8373
8374
8375
8376
8377
8378
8379
8380
8381
8382
8383
8384
8385
8386
8387
8388
8389
8390
8391
8392
8393
8394
8395
8396
8397
8398
8399
8400
8401
8402
8403
8404
8405
8406
8407
8408
8409
8410
8411
8412
8413
8414
8415
8416
8417
8418
8419
8420
8421
8422
8423
8424
8425
8426
8427
8428
8429
8430
8431
8432
8433
8434
8435
8436
8437
8438
8439
8440
8513
8442
8618
8443
8710
8444
8445
8446
8447
8448
8449
8450
8451
8452
8453
8454
8455
8456
8457
8458
8459
8460
8461
8462
8463
8464
8465
8466
8467
8468
8469
8470
8471
8472
8473
8474
8475
8476
8477
8478
8479
8480
8481
8482
8483
8484
8485
8486
8487
8488
8489
8490
8491
8492
8493
8494
8495
8496
8497
8498
8499
8500
8501
8502
8503
8504
8505
8506
8507
8508
8509
8510
8511
8512
8513
8515
8690
8516
8517
8518
8519
8520
8521
8522
8523
8524
8525
8526
8527
8528
8529
8530
8531
8532
8533
8534
8535
8536
8537
8538
8539
8540
8541
8542
8543
8544
8545
8546
8547
8548
8549
8550
8551
8552
8553
8554
8555
8556
8557
8558
8559
8560
8561
8562
8563
8564
8565
8566
8567
8568
8569
8570
8571
8572
8573
8574
8575
8576
8577
8578
8579
8580
8581
8582
8583
8584
8585
8586
8587
8588
8589
8590
8591
8592
8593
8594
8595
8596
8597
8598
8599
8600
8601
8602
8603
8604
8605
8606
8607
8608
8609
8610
8611
8612
8613
8614
8615
8616
8617
8618
8620
8621
8622
8623
8624
8625
8626
8627
8628
8629
8630
8631
8632
8633
8634
8635
8636
8637
8638
8639
8640
8641
8642
8643
8644
8645
8646
8647
8648
8649
8650
8651
8652
8653
8654
8655
8656
8657
8658
8659
8660
8661
8662
8663
8664
8665
8666
8667
8668
8669
8670
8671
8672
8673
8674
8675
8676
8677
8678
8679
8680
8681
8682
8683
8684
8685
8686
8687
8688
8689
8692
)


// ************************************************************************* //
