/*--------------------------------*- C++ -*----------------------------------*\
  =========                 |
  \\      /  F ield         | OpenFOAM: The Open Source CFD Toolbox
   \\    /   O peration     | Website:  https://openfoam.org
    \\  /    A nd           | Version:  10
     \\/     M anipulation  |
\*---------------------------------------------------------------------------*/
FoamFile
{
    format      ascii;
    class       volScalarField;
    location    "13";
    object      p;
}
// * * * * * * * * * * * * * * * * * * * * * * * * * * * * * * * * * * * * * //

dimensions      [0 2 -2 0 0 0 0];

internalField   nonuniform List<scalar> 
6397
(
0.233305
0.218628
0.0106159
0.00955266
0.00827274
0.00947295
0.435122
0.179618
-0.395365
-0.420313
0.374815
0.264959
-0.00620861
-0.00792331
-0.0148324
-0.288028
-0.280749
-0.289172
0.839778
0.776376
0.744487
-0.497499
-0.448101
-0.453085
-0.00689962
-0.00888645
-0.00599692
0.014542
0.0135285
0.0166013
0.0166134
0.00771262
0.00847547
0.00854281
0.00590397
0.00637011
0.00680657
0.00739242
0.00442358
0.00410746
0.00499845
0.00533835
0.0165185
0.0115997
0.01345
0.010778
0.00945941
0.0109624
0.0025199
0.00221695
0.00181143
0.00127122
0.0017263
0.343338
0.332337
0.137882
0.148901
-0.025091
0.0166634
0.0131989
0.0211434
0.0259281
0.0300806
0.033219
0.0345199
0.0340619
0.0315037
0.0266596
0.00470177
0.0111547
0.00419151
0.00679147
0.0107007
0.0155879
0.0210259
0.0258801
0.0294116
0.0309703
0.0303431
0.0274058
0.00516073
0.0109382
0.0185347
0.0217025
0.00694854
0.0115099
0.00657728
0.013033
0.00911647
0.0124417
-0.00953314
0.00133446
0.0111755
0.0128966
-0.029456
-0.0124548
0.00655173
0.0114756
0.00914331
0.00070356
0.00358481
-0.00319464
-0.00183244
-0.000111331
-0.00270063
0.0102368
0.00435021
0.0221472
0.0165189
0.0283822
0.0263112
0.026421
0.0284959
0.0163257
0.0221323
0.00971742
0.00118813
-0.041948
-0.0176847
0.0245742
0.0150869
0.0343711
0.030749
0.0365925
0.0362599
0.0329935
0.0355563
0.0255831
0.0296303
0.018162
0.0219668
0.0166959
0.0174055
0.01651
0.0165282
0.0141331
0.0152507
0.0129831
0.00340641
-0.0274681
-0.0488518
-0.0707046
-0.0803837
-0.0014378
0.0381945
0.0414214
0.0182344
0.0103619
0.0119409
0.0174951
-0.0524977
0.00509883
0.00803969
-0.00218966
0.00156093
-0.00871799
-0.00588632
-0.00950377
-0.0102216
-0.000480663
-0.00620979
0.0146334
0.00682568
0.0276792
0.0218379
0.0345201
0.0319329
0.0363849
0.0356968
0.0370159
-0.00340329
-0.0229735
0.0210573
0.0110449
0.0320964
0.0278743
0.0361101
0.0347874
0.0357981
0.0365292
0.0317836
0.0341319
0.0275848
0.0292432
0.0221127
0.0241712
0.0198644
0.0207387
0.0190028
0.0146971
0.0156362
0.0126874
0.0136921
-0.11559
-0.101494
-0.0422462
0.0723474
0.0785034
0.0452517
-0.00252866
-0.118276
-0.150707
-0.156423
0.0161787
0.0165432
0.012979
0.0116759
0.0119385
0.0183274
0.0197625
-0.0761102
0.00958373
0.0110554
0.00463475
0.00746736
-0.00282952
0.00117834
-0.0110581
-0.00707471
-0.0150752
-0.0139758
-0.00899672
-0.0135014
0.00750737
-0.00162784
0.027486
0.0175972
0.0446247
0.0365617
0.0586742
0.0517387
0.0653625
-0.0507699
-0.0819248
-0.00672406
-0.0257111
0.0170523
0.00712463
0.0287418
0.0240635
0.0338218
0.0318344
0.0352814
0.0349203
0.0339882
0.0349373
0.0308939
0.0326097
0.0263365
0.0284584
0.0226011
0.0243497
0.0210887
0.0150563
0.0157601
0.0140394
0.0840572
-0.129717
-0.0543299
-0.190553
-0.17955
0.0493778
-0.00297459
0.0130155
0.0119933
0.0157335
0.0155437
0.0201304
0.0181469
0.0108553
0.0110803
0.0864525
0.0838402
0.0522021
0.0167948
-0.0962311
0.00904473
0.0102845
0.00487478
0.00726861
-0.00191095
0.00181227
-0.0103826
-0.00607328
-0.016579
-0.0141343
-0.0138926
-0.0166397
0.00144341
-0.00763192
0.0253953
0.0128406
0.0505752
0.0382454
0.0729548
0.0621593
0.0911645
0.0827991
0.10099
0.0977363
0.0898081
0.0980688
-0.111818
-0.184242
-0.148668
-0.0489823
-0.0777293
-0.00888205
-0.0263085
0.0134671
0.00398539
0.0250699
0.0202373
0.0306273
0.0283667
0.0329272
0.0320743
0.0330731
0.0332248
0.0312811
0.0326723
0.0278655
0.0297048
0.0239476
0.0258886
0.0220274
0.0150176
0.0156077
0.0140701
-0.215244
-0.212647
0.0743949
0.0765343
-0.151729
-0.0588102
0.0110511
0.0152002
0.0194325
0.0173266
-0.198565
0.000104578
-0.22833
-0.225818
0.0504411
0.0571071
0.0578112
0.0163569
-0.10948
0.0101454
0.0102072
0.010306
0.00873451
0.00966914
0.00552072
0.00739114
7.59011e-05
0.0030953
-0.00728492
-0.00345639
-0.0138725
-0.0109645
-0.0137833
-0.0150677
-0.00167313
-0.00931957
0.0217222
0.00896219
0.0496626
0.0356329
0.0752751
0.0630993
0.092509
0.0854084
0.0953151
0.09607
0.0825602
0.0915706
0.0501833
0.068778
-0.165084
-0.212083
-0.193506
-0.0991055
-0.132043
-0.0449489
-0.0697618
-0.0101284
-0.0254323
0.0101856
0.00141035
0.0213822
0.0166322
0.0271352
0.0247477
0.0298015
0.0287449
0.0305012
0.0303613
0.0295898
0.0301056
0.0271188
0.0285246
0.0235379
0.0254319
0.0214978
-0.228566
-0.217036
0.0334974
0.0266892
0.0145029
0.0153287
0.0135917
0.0127079
0.0148476
0.0142869
0.0146744
0.0150867
0.0127867
0.013798
0.010782
0.0117634
0.00988167
-0.163953
-0.0586724
-0.204843
0.00273584
-0.221689
0.0402402
-0.207173
-0.212932
0.0321952
-0.00192868
0.00265297
0.00943988
0.00909877
-0.115343
0.00952149
0.00959642
0.00854951
0.00918939
0.00626435
0.00760336
0.00232303
0.00451196
-0.00311755
-0.000265061
-0.00835632
-0.00595525
-0.0091634
-0.0096586
-0.000202873
-0.0061869
0.0197109
0.0086134
0.0454209
0.032334
0.069142
0.0579952
0.0840304
0.0779813
0.0856784
0.0866959
0.0707414
0.0805411
0.0392057
0.0569093
-0.0085504
0.0175104
-0.181802
-0.184981
-0.189851
-0.138275
-0.163411
-0.0836987
-0.110689
-0.0400878
-0.0602334
-0.0107491
-0.0238206
0.00728779
-0.000608165
0.0178022
0.0132663
0.0235615
0.0211275
0.0264293
0.0252631
0.0274419
0.027128
0.0270344
0.0272752
0.0252618
0.0263238
0.0221849
0.0238507
0.0184105
0.0203855
0.0143378
0.016364
0.0125582
0.0118443
0.00987487
0.0108118
0.0137755
0.0128379
0.0140709
0.0142852
0.012338
0.0133125
0.0103423
0.0113268
-0.183004
-0.168197
-0.0363392
-0.0391108
0.008656
0.00945447
-0.165668
-0.0556453
-0.197405
-5.16246e-05
-0.203275
0.0191741
-0.184086
-0.000190983
-0.139943
-0.148205
-0.0360925
-0.0742672
-0.0774133
-0.119596
-0.1057
-0.0940296
-0.114959
-0.0720498
-0.105645
0.00795463
0.00816503
0.00746696
-0.114122
0.00876318
0.00840935
0.00896824
0.00894648
0.00842148
0.00879242
0.00694132
0.0078116
0.00435294
0.00578172
0.000887979
0.00268482
-0.00224121
-0.000849393
-0.00222935
-0.00285534
0.00466292
0.000254661
0.0209535
0.0120081
0.0419041
0.031175
0.0613917
0.052261
0.0729425
0.0684439
0.0724522
0.0743713
0.0574504
0.0668609
0.0283692
0.0446854
-0.0150875
0.00834934
-0.0419251
-0.150914
-0.138859
-0.145374
-0.153136
-0.110681
-0.130543
-0.0695422
-0.0899502
-0.0352994
-0.0512573
-0.0110042
-0.0219824
0.00477204
-0.00223063
0.0144519
0.010216
0.0200506
0.017646
0.0230218
0.0217878
0.0242625
0.0238157
0.0242125
0.0243613
0.022933
0.0237213
0.0205267
0.0218464
0.0172844
0.0190039
0.0137269
0.0155399
0.0121501
0.00824867
0.00803723
0.0100322
0.00892049
0.012583
0.0113366
0.01334
0.0133449
0.0117731
0.01271
0.00979364
0.0107569
0.0089358
-0.158366
-0.0538171
-0.180083
-0.0121223
-0.174366
-0.0127576
-0.145905
-0.0417672
-0.106761
-0.0842172
-0.0659398
-0.0683393
-0.126493
-0.142525
-0.160883
-0.0576692
-0.0385865
-0.0385004
-0.181279
-0.126895
-0.156997
0.00767698
0.00701464
0.00734489
0.00689153
-0.108925
0.00813306
0.00779696
0.00845554
0.00835937
0.00826322
0.00842627
0.00742953
0.00792787
0.00592855
0.00675103
0.00406502
0.00500024
0.0028187
0.00326883
0.00414325
0.00301201
0.0109006
0.00664539
0.0233006
0.0163345
0.0394372
0.0312151
0.0539847
0.0472538
0.0618007
0.0589632
0.0594623
0.0620415
0.0451004
0.0537847
0.0184945
0.0333562
-0.0198169
0.000745929
-0.0693346
-0.0432596
-0.0973867
-0.096313
-0.0778688
-0.118002
-0.110164
-0.11302
-0.119053
-0.0879223
-0.10196
-0.0576296
-0.072738
-0.0310317
-0.0435911
-0.0110871
-0.0202309
0.00257098
-0.0035745
0.0113702
0.00746874
0.0167182
0.0143884
0.0197191
0.0184498
0.0211218
0.0205815
0.0213311
0.0213567
0.0204733
0.0210269
0.0186587
0.0196774
0.0160922
0.017443
0.0132233
0.0146674
0.0118583
0.0071781
0.00758555
0.00656858
0.0067143
0.00818609
0.0070601
0.0111891
0.00968986
0.0124705
0.012218
0.0111461
0.0120113
0.00922936
0.0101643
0.00840005
-0.146457
-0.0580834
-0.157332
-0.0367844
-0.139743
-0.055559
-0.103049
-0.0948593
-0.0633643
-0.142528
-0.0320118
-0.183806
-0.0225001
-0.0148831
-0.210937
-0.186312
-0.220366
0.00636023
-0.104951
0.00679057
0.00582819
0.00639527
0.00754026
0.00721362
0.00796469
0.00780591
0.00803148
0.00804377
0.00768774
0.00791033
0.00699129
0.00736909
0.00627628
0.00659861
0.00634366
0.00614119
0.00857747
0.00709206
0.0145808
0.0110395
0.0245032
0.0191023
0.0365533
0.0304821
0.046843
0.0421764
0.0514309
0.050033
0.0475866
0.0506622
0.0339893
0.0420302
0.0102323
0.0233344
-0.0233022
-0.00541506
-0.0656352
-0.0434953
-0.11308
-0.0889835
-0.159456
-0.136785
-0.0504314
-0.0271347
-0.0375577
-0.0768536
-0.0641174
-0.0911826
-0.0861119
-0.0879241
-0.0918007
-0.0704256
-0.0802977
-0.0481789
-0.0594019
-0.0275274
-0.0374227
-0.011162
-0.0187711
0.00062755
-0.00474503
0.00857485
0.00500941
0.0136233
0.0113966
0.0165988
0.0153199
0.0181121
0.0175053
0.0185253
0.0184385
0.0180141
0.0183782
0.0166892
0.0174451
0.0147156
0.0157652
0.0124707
0.0136148
0.0102601
0.0113184
0.00931637
0.00622183
0.0069926
0.00674311
0.00513521
0.00556104
0.00640254
0.00539041
0.00960561
0.00795053
0.0114224
0.0108811
0.0104696
0.0111928
0.00865904
0.00956612
0.00714567
0.00783862
0.00593022
0.00651528
-0.0114496
-0.0207425
-0.213567
-0.179312
-0.135349
-0.0729242
0.00806172
-0.134468
-0.0751275
0.00533832
0.00513886
0.00465586
-0.104299
-0.110063
-0.0603717
-0.160404
-0.0223567
-0.21095
-0.000913502
-0.247798
0.00265333
-0.26311
-0.0192174
-0.00692952
-0.257156
-0.235909
-0.195389
-0.107602
0.0062502
0.00577421
0.00696689
0.00662585
0.00746074
0.00724899
0.00771047
0.00762035
0.00771241
0.00773935
0.00756935
0.00764382
0.00760284
0.00753218
0.00845034
0.00787348
0.0110614
0.0094744
0.0163569
0.0133505
0.0241537
0.0201039
0.0329504
0.0285817
0.0399008
0.0368453
0.0420476
0.041717
0.037248
0.0405888
0.0244481
0.0318618
0.00339873
0.0149218
-0.0256705
-0.0102096
-0.0613079
-0.0428607
-0.100434
-0.0808538
-0.137086
-0.11937
-0.163914
-0.151972
-0.030591
-0.02741
-0.0272321
-0.0452079
-0.0368691
-0.0621787
-0.054214
-0.0720585
-0.0685002
-0.0697415
-0.0723654
-0.057474
-0.064487
-0.0409331
-0.0493894
-0.0247354
-0.0326003
-0.0112525
-0.0175976
-0.00109388
-0.0057761
0.00604553
0.00280757
0.0107711
0.00866294
0.0136857
0.0124152
0.0152732
0.0146172
0.0158584
0.0156734
0.0156213
0.0158317
0.0146909
0.0152332
0.013208
0.0140068
0.0114377
0.0123701
0.00960396
0.0105065
0.00880717
0.00632878
0.00625476
0.00546183
0.00604473
0.00403749
0.00463236
0.00483715
0.0040443
0.0079686
0.00627903
0.0102324
0.00942236
0.00972546
0.010259
0.00807688
0.00892671
0.00660353
0.00728719
0.00594164
-0.0229963
-0.0314605
-0.206697
-0.172315
-0.130259
-0.100711
0.00468515
0.00427383
-0.115779
-0.126558
-0.0720672
-0.177196
-0.0218745
-0.237233
0.0124353
-0.287317
0.0214897
-0.315243
0.0113343
-0.313125
-0.0096105
-0.288277
-0.0392331
-0.0319514
-0.25179
-0.0431191
-0.051983
-0.0504355
0.00545997
-0.212185
-0.176232
-0.120917
0.00566447
0.00519307
0.00639545
0.00605914
0.00692969
0.00668198
0.00729488
0.00713073
0.00751846
0.00741556
0.00772677
0.00760951
0.0082024
0.00790534
0.00943433
0.00868769
0.012052
0.0105351
0.016506
0.0140543
0.0225359
0.0193002
0.0288771
0.0257945
0.0333336
0.0314784
0.0337122
0.0341394
0.0283776
0.0318157
0.0164722
0.0232547
-0.00214466
0.0079761
-0.027095
-0.0139074
-0.0570903
-0.0415984
-0.0893194
-0.0732735
-0.118773
-0.105001
-0.139463
-0.130401
-0.148412
-0.145371
-0.0326083
-0.0365385
-0.0329244
-0.0314943
-0.0415128
-0.0365276
-0.0523522
-0.0469945
-0.0587833
-0.0565506
-0.0569166
-0.0588322
-0.0480091
-0.0531473
-0.0354316
-0.04193
-0.0225892
-0.0288905
-0.0114348
-0.0167421
-0.00267087
-0.00675356
0.00373665
0.00080085
0.00814417
0.00615708
0.0109783
0.00972716
0.0126181
0.0119236
0.0133444
0.0130789
0.0133361
0.0134215
0.0127216
0.0130939
0.0116476
0.0122301
0.0102955
0.0109937
0.00883382
0.00956133
0.00746818
0.00809802
0.00687325
0.00574471
0.00573478
0.00484321
0.00546625
0.00326535
0.00398596
0.00359788
0.00307386
0.00643352
0.00482331
0.00899337
0.00797287
0.00892716
0.00926008
0.00747422
0.00825593
0.00600928
0.00671209
0.00448408
0.00528015
0.00392714
0.00403542
-0.134163
-0.141719
-0.147905
-0.176073
0.00367277
0.00372609
0.00335642
-0.126657
-0.125908
-0.103286
-0.190079
-0.0454715
-0.256003
0.00941505
-0.321859
0.0380474
-0.366856
0.0328766
-0.378872
0.00981564
-0.35555
-0.0199914
-0.310988
-0.0627738
-0.0599456
-0.0687897
-0.0744271
-0.0458569
-0.259993
-0.0643531
0.00360999
0.00574809
0.00330441
-0.146117
0.00425912
0.00389812
0.00510408
0.00464047
0.00581454
0.00548012
0.00635398
0.00609597
0.0067764
0.00657522
0.00712807
0.00695322
0.00753434
0.00731179
0.00823227
0.0078272
0.00958447
0.00880226
0.0119932
0.0106385
0.0156572
0.0136783
0.0202594
0.017866
0.0246652
0.0225686
0.0272819
0.0263034
0.026423
0.0273674
0.0208369
0.0242645
0.00984857
0.0160227
-0.00661084
0.00227362
-0.0280083
-0.0167662
-0.0531192
-0.0402092
-0.0797133
-0.0664551
-0.10352
-0.0923512
-0.119951
-0.112988
-0.124463
-0.0446202
-0.0516733
-0.0356
-0.0391747
-0.0343328
-0.0340343
-0.0391017
-0.036189
-0.0456711
-0.0424511
-0.0495664
-0.0481888
-0.0479081
-0.0494433
-0.0411195
-0.0450287
-0.0313672
-0.0364441
-0.0210502
-0.0261607
-0.0117352
-0.0162111
-0.00413687
-0.00771015
0.00162012
-0.00104201
0.00572267
0.00385508
0.00846556
0.00724044
0.0101411
0.00941686
0.0109858
0.0106523
0.0111687
0.0111498
0.0108193
0.0110518
0.0100662
0.0104844
0.00904984
0.00958254
0.00788265
0.00847997
0.00675376
0.00731643
0.00622845
0.00501108
0.0046238
0.0052444
0.00524101
0.00436537
0.00495944
0.00279683
0.00355327
0.00269159
0.00244688
0.00510357
0.00365987
0.00778477
0.00663209
0.0081105
0.0082534
0.00687109
0.00757543
0.00545449
0.00614322
0.00418864
0.00480931
0.0037047
-0.212428
0.00298094
-0.144495
-0.122644
-0.14718
-0.194707
-0.0970666
-0.263738
-0.025656
-0.342105
-0.172143
0.0312856
-0.40755
0.0520369
-0.440701
0.0316097
-0.431103
-0.0775585
-0.0694557
-0.0750566
-0.0854007
-0.00213659
-0.38536
-0.0862297
-0.0372199
-0.323113
-0.079596
-0.0638325
-0.26001
0.00267223
0.00362873
0.00379189
-0.138976
-0.11775
0.00337326
-0.182119
0.00326524
0.00263816
0.00296794
0.0038711
0.00353612
0.00457643
0.00424081
0.00521368
0.00490731
0.00573168
0.00548293
0.00616551
0.00595498
0.00657113
0.00636544
0.00706264
0.00679594
0.007832
0.00739805
0.00914059
0.00840312
0.0112333
0.0100809
0.0141579
0.0126049
0.0175574
0.0158392
0.0205295
0.0191752
0.0217992
0.0214519
0.0201099
0.0213867
0.0144829
0.017822
0.00440699
0.0100022
-0.0101191
-0.00233043
-0.0285116
-0.0189023
-0.0495673
-0.0388086
-0.0713802
-0.0605407
-0.0907094
-0.0816108
-0.103913
-0.0982155
-0.108898
-0.107593
-0.104802
-0.107978
-0.111288
-0.0943744
-0.100292
-0.056527
-0.0631121
-0.0446067
-0.0501582
-0.0370718
-0.040187
-0.0349882
-0.0353604
-0.0372744
-0.035736
-0.0410614
-0.0391633
-0.0431928
-0.0424985
-0.0415513
-0.0428735
-0.0361723
-0.0392491
-0.0284236
-0.0324796
-0.0199943
-0.0242011
-0.0121405
-0.0159451
-0.00552175
-0.00866072
-0.000339924
-0.00275664
0.00347793
0.00172408
0.00612632
0.0049304
0.00782599
0.00707833
0.00877346
0.00838038
0.00912389
0.00901295
0.00899869
0.00911186
0.00851193
0.00879228
0.00777578
0.00816793
0.00689942
0.00734589
0.00596719
0.00642295
0.00510544
0.00548142
0.00469086
0.00456424
0.00424942
0.00475419
0.00475512
0.00399378
0.00450417
0.00254584
0.00328032
0.00211968
0.00207897
0.00403506
0.00280949
0.00665919
0.00546032
0.00730608
0.00728055
0.00629698
0.0069057
0.0050194
0.00563596
0.00399979
0.00448891
0.00340427
0.0035913
0.00313933
-0.167002
-0.256694
-0.0868007
-0.0801933
-0.0730349
-0.0958742
-0.343187
-0.207478
-0.0132286
-0.427501
0.0419594
-0.484448
-0.165307
-0.0793015
-0.0684084
-0.0692768
-0.0815418
0.0521461
-0.49862
-0.0917786
0.0171944
-0.46488
-0.10315
-0.131388
-0.0971707
-0.0238593
-0.399286
-0.0954438
-0.059362
-0.322474
-0.0838178
0.0022803
0.00232203
0.00198665
0.00238585
0.00375459
0.0031485
0.00202809
-0.225979
0.00284895
0.00256481
0.0034219
0.0031261
0.00404246
0.00373736
0.00459414
0.00432356
0.00506543
0.00483761
0.00547368
0.00527359
0.00587587
0.00566993
0.00637219
0.00610411
0.00711368
0.00670174
0.00828366
0.00763538
0.01002
0.00907921
0.0122829
0.0111005
0.0147195
0.0135157
0.0165824
0.0157818
0.0168906
0.0169893
0.0146616
0.0161405
0.00914269
0.0123381
-4.0282e-05
0.00500689
-0.0128229
-0.00601235
-0.0286316
-0.0204128
-0.0463322
-0.0373412
-0.0642135
-0.0553801
-0.0798589
-0.0724863
-0.0902487
-0.0859275
-0.0940215
-0.0931802
-0.0900506
-0.0928898
-0.0858829
-0.0621383
-0.0659315
-0.0527639
-0.0576056
-0.043638
-0.0479882
-0.0374787
-0.0400863
-0.0351277
-0.035841
-0.0358533
-0.0351825
-0.0378475
-0.0368555
-0.0387319
-0.0385338
-0.0370629
-0.0382512
-0.0326405
-0.0351486
-0.0263323
-0.0296417
-0.0193456
-0.0228529
-0.0126604
-0.0159222
-0.00685876
-0.0096313
-0.00217772
-0.00437814
0.00138026
-0.00026808
0.00393568
0.00276993
0.00565233
0.00488546
0.00669138
0.00624487
0.00719029
0.00699883
0.00726106
0.0072713
0.00700339
0.00716614
0.0065105
0.00678075
0.00587409
0.00620147
0.00512463
0.00549914
0.00439867
0.00476613
0.00407579
0.0034556
0.00282218
0.00310444
0.00412974
0.00384811
0.00430944
0.00430334
0.00369612
0.0041082
0.00243942
0.00309961
0.00180915
0.00193022
0.00326258
0.00223581
0.00565898
0.00449877
0.00653756
0.00637333
0.00576657
0.00626699
0.00465144
0.00519309
0.00379519
0.00419402
0.00311901
0.0034117
0.00283
-0.0782594
-0.0646237
-0.190018
-0.322706
-0.252727
-0.0983569
-0.420957
-0.0682777
-0.057123
-0.0536126
-0.0654185
-0.00901452
-0.501771
-0.198204
-0.0814578
0.0400636
-0.541758
-0.0959629
0.037971
-0.532037
-0.0940191
-0.155725
-0.106341
-0.00804073
-0.476959
-0.122348
-0.11048
-0.0531821
-0.395194
-0.104955
-0.0864352
0.00170377
0.00236916
-0.0688701
-0.0555695
-0.272793
0.00191969
0.00141363
0.00166641
0.00242616
0.00216365
0.00294757
0.00267953
0.00348608
0.00321964
0.00395432
0.00372588
0.00435777
0.00416278
0.00471181
0.00453801
0.00506854
0.00488511
0.00551402
0.00527381
0.00616491
0.00580632
0.00714606
0.00660864
0.00852408
0.00778726
0.0102105
0.0093437
0.0118723
0.0110757
0.0129014
0.0125109
0.0125182
0.0129318
0.00995783
0.011546
0.00464537
0.0076632
-0.00368304
0.00085308
-0.01491
-0.00896437
-0.0284853
-0.0214611
-0.0433803
-0.0358541
-0.0580684
-0.0508598
-0.0706452
-0.0647437
-0.078917
-0.0754499
-0.0813698
-0.0808713
-0.0775573
-0.0802267
-0.0681648
-0.0736116
-0.0534595
-0.0613845
-0.0458518
-0.0347117
-0.0447269
-0.0592041
-0.0590388
-0.0554696
-0.0578427
-0.0489316
-0.0523973
-0.0421764
-0.0454399
-0.0372077
-0.0393825
-0.0348523
-0.0357127
-0.0346973
-0.0345764
-0.035506
-0.0350993
-0.0355874
-0.0357136
-0.0338859
-0.0349903
-0.0301413
-0.0322412
-0.0249032
-0.0276525
-0.0190295
-0.0219921
-0.0132819
-0.0161035
-0.00816398
-0.0106264
-0.00391957
-0.00592928
-0.0005976
-0.00214894
0.00186895
0.000732829
0.00359864
0.00281514
0.00472138
0.00422584
0.00535601
0.00509119
0.00560285
0.00552058
0.00554921
0.00560699
0.00527337
0.00543304
0.00482586
0.00506935
0.00428039
0.00457403
0.0037217
0.00400254
0.00310655
0.00342562
0.00272496
0.00314367
0.00279973
0.00370529
0.0034635
0.00389278
0.00386748
0.00344285
0.00375498
0.0024115
0.00296763
0.00172037
0.0019291
0.00269924
0.00196815
0.00482146
0.00376771
0.00582597
0.00556181
0.0052726
0.00567126
0.00429037
0.00477952
0.0034814
0.00385933
0.00276246
0.00309955
0.00206682
0.00244521
0.00142265
0.00173605
-0.31018
-0.212333
-0.386212
0.00114054
0.00209132
-0.0491711
-0.0610846
-0.103845
-0.48725
-0.0240674
-0.0347499
-0.239181
-0.079296
-0.0148161
-0.554696
-0.0588875
-0.0975792
0.0229486
-0.571109
-0.084281
-0.185828
-0.113204
0.00685054
-0.538048
-0.112283
-0.123326
-0.0445918
-0.466838
-0.144853
-0.125539
-0.087777
-0.376021
-0.114575
-0.0129955
-0.00404942
0.00441847
-0.0437495
-0.0359341
-0.317528
0.00113457
0.000561854
0.000865822
0.0015531
0.00132746
0.00198809
0.00175461
0.00245952
0.00222507
0.00290772
0.00268694
0.00329211
0.00310751
0.00361325
0.00345955
0.00389099
0.00375527
0.00417225
0.00402729
0.00452978
0.00433651
0.00505283
0.00476544
0.00582343
0.00540446
0.00686166
0.00631292
0.00805501
0.00745318
0.00910082
0.00862262
0.00949777
0.00941562
0.00862659
0.0092563
0.00588942
0.00751847
0.000849515
0.00366929
-0.00666868
-0.00260695
-0.016512
-0.0113286
-0.028157
-0.0221603
-0.0406849
-0.0343855
-0.0527676
-0.0468753
-0.0628241
-0.058145
-0.0692395
-0.0665725
-0.0705182
-0.0706131
-0.0668113
-0.0693453
-0.0578207
-0.0629928
-0.0437873
-0.0512866
-0.0259744
-0.0354909
-0.0151843
-0.039057
-0.0270736
-0.0339233
-0.0476701
-0.0437684
-0.0511605
-0.0502588
-0.0495094
-0.0509304
-0.0451346
-0.0475376
-0.0403833
-0.0427606
-0.0364667
-0.0382685
-0.0342984
-0.0351606
-0.0336852
-0.0338436
-0.0337513
-0.0337046
-0.0333426
-0.0336671
-0.0316395
-0.0326765
-0.0284071
-0.0301988
-0.0239832
-0.0263045
-0.0189822
-0.0215138
-0.0139976
-0.0164575
-0.00945607
-0.0116546
-0.00559251
-0.00743437
-0.00248302
-0.00394627
-9.89333e-05
-0.00120727
0.00164262
0.000843634
0.00284436
0.00230248
0.0036066
0.00327295
0.00401647
0.00384912
0.00414842
0.0041116
0.00406463
0.00412905
0.00381267
0.00395579
0.00344728
0.0036436
0.00300076
0.00323908
0.00252335
0.00278105
0.00198497
0.00225028
0.00279144
0.00243223
0.00330649
0.0030874
0.0035138
0.00346424
0.00320922
0.00343017
0.00241865
0.00285403
0.00177611
0.00200797
0.00240078
0.00188686
0.00415473
0.00323787
0.00519881
0.00488549
0.00480208
0.0051247
0.00391055
0.00436727
0.00310085
0.00348774
0.00238336
0.00272012
0.00173934
0.00207356
0.00113448
0.00143188
0.000867484
-0.055052
-0.230518
-0.439124
-0.00309648
0.00550545
0.0135788
0.000924997
0.000140623
-0.0224297
-0.289605
-0.0750779
-0.113536
-0.532825
-0.0472649
-0.0963253
-0.0320631
-0.579184
-0.0736409
-0.222315
-0.116763
-0.00852461
-0.56984
-0.101766
-0.133146
-0.0373284
-0.518404
-0.171832
-0.13327
-0.143643
-0.0883039
-0.438293
-0.142401
-0.124887
-0.0166964
-0.0362328
-0.0472199
-0.353893
0.000775314
0.000555279
0.00116782
0.000962889
0.00155247
0.00135667
0.00195293
0.0017561
0.00231237
0.00214047
0.00260677
0.00246885
0.00283587
0.00272896
0.00302135
0.00293213
0.00320636
0.00311064
0.00345242
0.00331784
0.00382765
0.00362037
0.00438347
0.0040821
0.00511051
0.00473043
0.00588725
0.00550576
0.006444
0.00621509
0.00636638
0.00651252
0.00515951
0.00593181
0.00235701
0.00397815
-0.0023696
0.000241912
-0.00912679
-0.005503
-0.0177393
-0.0132283
-0.0277158
-0.0226028
-0.0382382
-0.032973
-0.0481702
-0.0433567
-0.0561785
-0.0524933
-0.0609735
-0.0590434
-0.061516
-0.0618019
-0.0574541
-0.0601105
-0.0487961
-0.05375
-0.0355185
-0.0426313
-0.0186173
-0.0275345
0.000799837
-0.0088259
0.00240573
0.0159125
0.0204596
0.0100381
-0.0313376
-0.018797
-0.0260669
-0.0395894
-0.0357435
-0.0441429
-0.0423425
-0.0442243
-0.0447073
-0.0416595
-0.0431158
-0.0383638
-0.0400333
-0.0354126
-0.0367833
-0.0335533
-0.0343353
-0.0327554
-0.0330529
-0.0324102
-0.0325758
-0.0317187
-0.0321527
-0.030061
-0.0310292
-0.0272359
-0.0287854
-0.0234519
-0.0254358
-0.0191522
-0.0213351
-0.0147983
-0.016957
-0.0107479
-0.0127198
-0.0072185
-0.00891193
-0.00430037
-0.00568377
-0.0019916
-0.00307461
-0.000237266
-0.00105175
0.00104164
0.000454613
0.00192736
0.00152732
0.00249263
0.00224467
0.00279855
0.00267349
0.00289496
0.00286966
0.00282258
0.00287756
0.0026197
0.00273738
0.00232229
0.00248399
0.00197748
0.00215763
0.00156059
0.0017818
0.00173904
0.00137713
0.0024182
0.00207672
0.00291862
0.00270218
0.00314556
0.00307462
0.00297761
0.00311371
0.00242883
0.00273759
0.00191368
0.00211769
0.00228434
0.0019451
0.00367359
0.00291786
0.0046434
0.00431569
0.00435364
0.00462171
0.00352481
0.00395852
0.00272001
0.00310858
0.00202414
0.0023462
0.00141762
0.00172988
0.000871388
0.00113896
0.000567226
-0.00899386
-0.346441
-0.0693373
-0.240785
-0.47467
-0.000172754
-0.00908515
-0.0330813
-0.0923416
-0.128193
-0.551259
-0.000713865
0.029804
0.0335338
-0.060783
-0.0112617
-0.0201107
-0.265613
-0.11703
-0.0616846
-0.574497
-0.0902687
-0.139577
-0.0546704
-0.542344
-0.203986
-0.121779
-0.157781
-0.0919197
-0.477953
-0.157654
-0.167691
-0.136273
-0.397526
-0.00174637
0.0135277
-0.162103
0.027766
-0.049525
-0.0617523
-0.379015
0.000393511
0.00016399
0.000759731
0.00059354
0.00110594
0.000938897
0.00143107
0.00127621
0.0017016
0.00157674
0.00189995
0.001811
0.00202923
0.00197281
0.00211138
0.00207438
0.0021865
0.00214693
0.00230742
0.00223807
0.00252642
0.00240228
0.00287356
0.00268425
0.00332167
0.00309021
0.0037493
0.00354982
0.00391917
0.00388479
0.00348801
0.00380115
0.00205971
0.00292003
-0.000728813
0.000850628
-0.00512073
-0.00271997
-0.0111694
-0.00794752
-0.0186874
-0.0147699
-0.0272195
-0.0228676
-0.0360393
-0.0316486
-0.0441775
-0.0402593
-0.0505136
-0.0476364
-0.0539739
-0.0526552
-0.0537816
-0.0543531
-0.0495765
-0.0521853
-0.0410717
-0.0458991
-0.0286481
-0.0353617
-0.0128535
-0.0211612
0.00490948
-0.00392906
0.0245586
0.0139421
0.00220116
-0.0037955
0.00714526
-0.0121765
-0.00314752
-0.0246417
-0.0192622
-0.0329451
-0.0291011
-0.0382109
-0.0361656
-0.0395169
-0.0392709
-0.0383881
-0.039143
-0.0362894
-0.0373898
-0.0342003
-0.035196
-0.0327133
-0.0333669
-0.0318972
-0.0322406
-0.0313547
-0.0316263
-0.0305282
-0.0310091
-0.0289588
-0.0298511
-0.0264789
-0.0278273
-0.0232186
-0.0249264
-0.019498
-0.0213916
-0.0156764
-0.0175792
-0.012051
-0.0138255
-0.0088182
-0.0103791
-0.00607304
-0.00738402
-0.00383199
-0.0048926
-0.00206203
-0.00289313
-0.000704945
-0.00133748
0.000303709
-0.000162235
0.00102151
0.000694613
0.00149614
0.00128567
0.00176624
0.00165412
0.00186312
0.00183467
0.00181507
0.00185617
0.00165631
0.00174796
0.00142585
0.00154619
0.00106575
0.00127198
0.000501688
0.000766953
0.00137808
0.000616411
0.000972988
0.00203946
0.00172467
0.00252122
0.00230563
0.00277602
0.00268312
0.002735
0.00279294
0.0024174
0.002602
0.00207835
0.00221955
0.00229525
0.00208185
0.00332781
0.00274428
0.00415976
0.00386081
0.00392614
0.00415768
0.00315145
0.00356334
0.00236892
0.00274691
0.00170359
0.0020164
0.00112425
0.00142318
0.000596256
0.000864205
-0.000158711
0.000246711
-0.000438288
-0.0175676
-0.0863482
-0.254399
-0.488106
-0.00051052
0.0364961
0.000272865
-0.0452016
0.00763853
-0.00928905
0.00500882
-0.00235228
-0.312407
-0.114253
-0.149735
-0.544561
-0.0764039
-0.141867
-0.10492
-0.543118
-0.240623
0.0237711
-0.109501
-0.16726
-0.114065
-0.494251
-0.144185
-0.188138
-0.152726
-0.425199
-0.185645
-0.196646
-0.184794
0.0448833
-0.065679
-0.0324721
-0.0469053
0.042391
-0.0783314
-0.385279
-1.33852e-05
-0.00027383
0.000350896
0.000186153
0.000645666
0.000504114
0.000895579
0.00077992
0.00107514
0.000996699
0.00117317
0.00113507
0.00119648
0.00119351
0.00116764
0.00118675
0.00112452
0.00114519
0.00111349
0.00111234
0.00117549
0.00113377
0.00132596
0.00124065
0.00152761
0.00142557
0.00166432
0.0016145
0.00152905
0.00164596
0.0008374
0.0012707
-0.000727418
0.000180775
-0.00344675
-0.00193176
-0.00749651
-0.00530354
-0.0128895
-0.0100351
-0.0194335
-0.0160408
-0.0267104
-0.0230166
-0.0340782
-0.0304304
-0.0407074
-0.0375399
-0.0456575
-0.043447
-0.048031
-0.0472081
-0.0471916
-0.0480312
-0.0427902
-0.0454427
-0.0346303
-0.0391715
-0.0229212
-0.029195
-0.00812133
-0.0158493
0.00822455
-0.000165153
0.0272899
0.0172471
0.0485069
0.0495564
0.0382451
0.0472523
0.0148983
0.0103258
0.0110189
0.021423
0.0184564
-0.00669632
0.00159587
-0.019113
-0.0135648
-0.0275567
-0.0236956
-0.0330891
-0.0307273
-0.0353882
-0.034596
-0.0353841
-0.0355867
-0.0342769
-0.0349035
-0.0329247
-0.0335927
-0.031823
-0.0323269
-0.0310928
-0.0314212
-0.0304953
-0.0308009
-0.029642
-0.0301233
-0.0281989
-0.0290056
-0.0260299
-0.027202
-0.0232156
-0.0246892
-0.0199882
-0.0216349
-0.016627
-0.0183076
-0.0133771
-0.0149763
-0.0104112
-0.0118523
-0.00782347
-0.00906858
-0.00564223
-0.00668381
-0.00385201
-0.00470188
-0.002413
-0.00309291
-0.00127842
-0.00181167
-0.000406495
-0.000812979
0.000236388
-5.91089e-05
0.000677019
0.000479879
0.000937407
0.000828274
0.00103797
0.00100623
0.00100455
0.00103599
0.0008448
0.000942455
0.000559493
0.000734109
0.000119077
0.000335922
-7.88828e-05
0.000388893
-0.000271061
7.45175e-05
0.00104307
0.000687983
0.00167062
0.0013774
0.00213067
0.00192183
0.00240857
0.00229536
0.00248039
0.00246933
0.00237301
0.00244285
0.00222982
0.00228963
0.00237491
0.0022422
0.00308535
0.00267064
0.00373362
0.00349194
0.00352474
0.00373041
0.0028075
0.00319283
0.00206179
0.00242242
0.00142701
0.0017281
0.000874576
0.00115101
0.000337722
0.000612621
-0.00031987
8.39401e-06
-0.00087065
-0.000594093
-0.0276985
-0.0115762
-0.064827
-0.0372256
-0.0234203
-0.351417
-0.0852976
-0.10869
-0.26387
-0.479986
-0.0595169
-0.140679
-0.180832
-0.515179
0.0608824
0.061121
-0.278494
0.0403822
0.0592394
0.0581144
0.0142662
0.0238634
-0.000449319
-0.000641172
-0.000809303
-0.00118921
-0.000985979
-0.00133152
-0.095036
-0.172297
-0.160749
-0.493612
-0.0195411
-0.000839757
-0.130958
-0.202204
-0.182936
-0.434951
-0.216882
-0.169044
-0.0881122
-0.0556915
-0.224975
-0.215346
-0.368078
-0.230505
-0.0994671
-0.382454
-0.000842238
-0.001026
-0.000428707
-0.000645661
-7.94944e-05
-0.000234135
0.000170315
5.41686e-05
0.000346006
0.000269041
0.000433462
0.000402069
0.000427747
0.000442185
0.000340079
0.000393108
0.000194696
0.000272572
2.8522e-05
0.00011164
-0.000116633
-4.90644e-05
-0.000207634
-0.000169995
-0.000238917
-0.000229403
-0.000252748
-0.000243086
-0.000357435
-0.000284639
-0.000732615
-0.000498564
-0.00161356
-0.00109563
-0.00325284
-0.00232572
-0.00586624
-0.00443006
-0.00957656
-0.00758449
-0.014366
-0.0118466
-0.0200428
-0.0171147
-0.0262255
-0.0231029
-0.0323487
-0.0293353
-0.0377002
-0.0351669
-0.0414889
-0.039835
-0.0429669
-0.042551
-0.0415873
-0.0426519
-0.0370236
-0.0397097
-0.0291438
-0.0334879
-0.0180414
-0.0239775
-0.00419131
-0.0113853
0.0113747
0.00338575
0.0295561
0.0200969
0.0502668
0.0396497
0.0604558
0.0212225
0.0103966
0.0161309
0.0281527
0.0250589
0.0323554
0.0303079
-0.00230034
0.00544779
-0.0144361
-0.00891157
-0.0230206
-0.0190964
-0.0288023
-0.0262507
-0.0318077
-0.0306217
-0.0326752
-0.0324395
-0.0323773
-0.032616
-0.031645
-0.0320313
-0.0309154
-0.031264
-0.0303353
-0.03061
-0.0297763
-0.0300683
-0.0289742
-0.0294214
-0.0276889
-0.0284005
-0.0258119
-0.0268225
-0.0233927
-0.0246598
-0.0205996
-0.0220287
-0.0176482
-0.0191302
-0.0147374
-0.0161776
-0.0120166
-0.0133474
-0.00957364
-0.0107584
-0.00744396
-0.00847039
-0.00562675
-0.00649871
-0.00409923
-0.0048299
-0.00283216
-0.00343604
-0.0018004
-0.0022892
-0.000985562
-0.00136776
-0.000373718
-0.000655955
4.84751e-05
-0.000140182
0.000292382
0.000191296
0.000372319
0.000351459
0.00030502
0.00035325
8.94461e-05
0.000210466
-0.000269481
-8.08696e-05
-0.000458082
0.000206884
-0.000105213
0.000782507
0.000487918
0.0013297
0.00106519
0.00175943
0.00156303
0.00205089
0.00192229
0.00221537
0.00214712
0.0022895
0.00225891
0.00233896
0.00231235
0.00246997
0.00238267
0.00290975
0.00264655
0.00335342
0.00318581
0.00314616
0.0033339
0.002489
0.00284442
0.00178567
0.0021277
0.00118205
0.00146863
0.000658976
0.000919025
0.000146483
0.000405458
-0.000408326
-0.000132569
-0.000687212
-0.0396283
0.00271904
-0.11078
-0.136056
-0.275458
-0.457369
0.0611178
-0.305934
0.0573689
0.0338593
-0.00101647
-0.0011832
-0.00155423
-0.00171181
-0.0771251
-0.17256
-0.222629
-0.471223
0.0176498
-0.116545
-0.209975
-0.226096
-0.434872
-0.0328023
-0.0113302
-0.247445
-0.154618
-0.117234
-0.0790189
-0.245078
-0.255751
-0.373561
-0.195897
-0.270034
-0.274768
-0.00641521
-0.0185847
-0.125975
-0.373904
-0.00119408
-0.00137722
-0.000818446
-0.00100242
-0.000515084
-0.00065827
-0.000315607
-0.000403255
-0.000214903
-0.00025231
-0.000221835
-0.000204621
-0.000334641
-0.000265719
-0.000538275
-0.000426659
-0.00080466
-0.000665952
-0.00109685
-0.000950151
-0.0013754
-0.00124011
-0.00161275
-0.00150006
-0.00180961
-0.00171482
-0.00201027
-0.00190496
-0.00231445
-0.00214162
-0.00287742
-0.00255324
-0.00389337
-0.00331764
-0.00556245
-0.00463686
-0.00804723
-0.00669789
-0.0114279
-0.00962736
-0.015664
-0.0134492
-0.0205679
-0.0180518
-0.0257932
-0.0231684
-0.030844
-0.0283754
-0.0351074
-0.0331129
-0.0379154
-0.0367305
-0.038644
-0.038568
-0.0368184
-0.0380667
-0.0321414
-0.0348409
-0.0245026
-0.0286852
-0.0139548
-0.0195742
-0.00089948
-0.0076892
0.0140723
0.00635608
0.0312458
0.022381
0.0507897
0.0407771
0.0718801
0.071391
0.0610981
0.0729042
0.072318
0.0729464
0.0731578
-0.314456
0.0739605
0.0731498
0.0372463
0.0318867
0.0346665
0.0409386
0.0392756
0.0431946
0.0421943
0.035112
0.044816
0.0440965
0.0168005
0.0257439
0.00111889
0.00853033
-0.0106889
-0.00523829
-0.0192762
-0.0153102
-0.0252436
-0.0225719
-0.0287362
-0.02727
-0.0302722
-0.0296944
-0.0306203
-0.0305472
-0.0304052
-0.0305519
-0.0300196
-0.0302181
-0.0296226
-0.0298216
-0.0291615
-0.0294091
-0.0284645
-0.0288533
-0.0273614
-0.02797
-0.0257676
-0.0266248
-0.0237121
-0.0247903
-0.0213151
-0.0225456
-0.0187398
-0.0200392
-0.0161441
-0.0174362
-0.0136527
-0.0148803
-0.0113449
-0.012474
-0.00925811
-0.010274
-0.00740417
-0.00830322
-0.00577836
-0.00656479
-0.00436892
-0.0050485
-0.00316775
-0.00374364
-0.00217329
-0.0026458
-0.00138576
-0.00175505
-0.000801062
-0.001069
-0.000416873
-0.000585296
-0.000223815
-0.000298197
-0.000214209
-0.000196248
-0.000347294
-0.00026194
-0.000657686
-0.000487171
-0.000839364
-0.000596214
-0.00132903
-0.000958489
5.35612e-05
-0.000256215
0.00057737
0.000326841
0.0010337
0.000804953
0.00142235
0.00124227
0.00171787
0.00158005
0.00195241
0.00183985
0.00217403
0.00206097
0.00239412
0.00228774
0.00254407
0.00247807
0.00276836
0.00263263
0.00300981
0.00292207
0.00278898
0.00296457
0.00219282
0.00251673
0.00153627
0.00185759
0.000968805
0.00123779
0.000482628
0.000723
2.1613e-05
0.000250769
-0.000473794
-0.000219374
-0.00107422
-0.000759613
-0.00183753
-0.00144422
-0.0559429
0.028651
-0.143587
-0.168308
-0.293205
-0.426774
0.0368632
-0.0982697
-0.212392
-0.272969
-0.421272
0.00930992
0.0823995
0.0815538
0.0361985
0.0456318
-0.26725
-0.00146044
-0.00172861
-0.00187111
-0.00225786
-0.00193507
-0.00237854
-0.140258
-0.0340338
-0.256395
-0.295298
-0.376468
-0.0500857
-0.025643
-0.179092
-0.221596
-0.299476
-0.324953
-0.319043
-0.156304
-0.110476
-0.327089
0.0753424
0.0901042
0.0931151
0.0243067
0.0188506
-0.159271
-0.365109
0.0564408
-0.00194234
-0.00211231
-0.00156486
-0.00175845
-0.00120861
-0.00137827
-0.000945379
-0.00105485
-0.000803414
-0.000861036
-0.000781423
-0.0007768
-0.000886504
-0.00081893
-0.00111123
-0.000984921
-0.00143661
-0.00126369
-0.00182905
-0.0016271
-0.00224966
-0.00203882
-0.00265966
-0.00245825
-0.00303548
-0.00285275
-0.00338147
-0.00321091
-0.00374269
-0.00355624
-0.00421072
-0.00395685
-0.00491977
-0.00452687
-0.0060296
-0.00541617
-0.00769707
-0.00678706
-0.0100411
-0.0087819
-0.0131072
-0.011487
-0.0168377
-0.0148995
-0.0210514
-0.0189017
-0.0254357
-0.0232468
-0.0295568
-0.0275591
-0.0328879
-0.0313537
-0.0348634
-0.0340757
-0.0349598
-0.03517
-0.0327669
-0.0341636
-0.0280198
-0.0307164
-0.0206095
-0.0246427
-0.0105749
-0.0159025
0.00178054
-0.00465455
0.0161166
0.00871236
0.0325196
0.02407
0.051098
0.0415869
0.0709721
0.0609851
0.0845169
0.0831413
0.0862235
0.0852188
0.0878907
0.0529696
0.0535601
0.053361
0.0528508
0.0527933
0.0533597
0.0530226
0.0538677
0.0536616
0.0545778
0.0542106
0.018728
0.0271225
0.00378757
0.01089
-0.007727
-0.00237048
-0.0162555
-0.0123069
-0.0223156
-0.0195721
-0.0261413
-0.0244791
-0.0281726
-0.0273375
-0.0290251
-0.0287052
-0.0292351
-0.0291819
-0.0291557
-0.0292162
-0.0289529
-0.029066
-0.0286255
-0.0288093
-0.0280698
-0.0283832
-0.0271681
-0.0276667
-0.0258558
-0.026563
-0.024147
-0.0250461
-0.0221241
-0.0231673
-0.0199052
-0.0210315
-0.0176098
-0.0187609
-0.0153369
-0.0164666
-0.0131561
-0.0142334
-0.0111034
-0.012114
-0.00919918
-0.0101328
-0.00746088
-0.00831019
-0.00589591
-0.00665798
-0.00451266
-0.00518206
-0.00332742
-0.0038958
-0.00235696
-0.00281664
-0.0016072
-0.00195512
-0.00108337
-0.00131857
-0.000779117
-0.000905711
-0.000682312
-0.000707235
-0.000779931
-0.000704708
-0.00104192
-0.000883227
-0.00139043
-0.00121534
-0.00156385
-0.000708906
-0.00106574
-8.44345e-05
-0.000381399
0.000399158
0.000173921
0.000788141
0.000595943
0.00112614
0.000966087
0.0014146
0.00127449
0.00169644
0.00155242
0.0020304
0.00185366
0.00238965
0.00221637
0.00257307
0.00251334
0.00263329
0.00259969
0.00268826
0.0026791
0.00244413
0.00261201
0.00191053
0.00220049
0.00130926
0.00160519
0.000785844
0.0010337
0.000343218
0.000560398
-7.2496e-05
0.000134952
-0.000540292
-0.000294173
-0.00115378
-0.000824026
-0.00153109
-0.075693
0.0543811
-0.186059
-0.209366
-0.318577
-0.395683
0.0312962
0.0968811
0.0763867
0.0808546
0.0550094
-0.269686
-0.00214288
-0.00230205
-0.00270691
-0.00285164
-0.123011
0.0115666
-0.260897
-0.327565
-0.375121
-0.0022781
-0.165601
-0.236857
-0.316646
-0.361497
-0.326467
-0.0569796
-0.202298
-0.366606
-0.383699
0.10157
-0.0462766
0.0812446
0.0873195
-0.0739823
0.115914
0.123492
-0.200927
-0.360587
0.0542972
-0.00234337
-0.00253009
-0.0019456
-0.00214458
-0.00159046
-0.00175441
-0.00136415
-0.00146209
-0.0012803
-0.00130506
-0.00134425
-0.00129443
-0.00155208
-0.00143151
-0.00189643
-0.00170887
-0.00235065
-0.00211276
-0.00287658
-0.00260823
-0.00342852
-0.00315276
-0.00396877
-0.00370278
-0.00447496
-0.00422745
-0.00495415
-0.00471709
-0.0054518
-0.00519755
-0.00605291
-0.00573431
-0.00687425
-0.00642991
-0.0080469
-0.00741084
-0.00969164
-0.00880639
-0.0118908
-0.0107216
-0.0146612
-0.0132091
-0.0179315
-0.016244
-0.0215283
-0.0197052
-0.0251706
-0.0233652
-0.0284802
-0.0268925
-0.0310062
-0.0298683
-0.0322704
-0.0318211
-0.0318316
-0.0322832
-0.0293378
-0.0308532
-0.0245558
-0.027236
-0.0173757
-0.0212615
-0.00782362
-0.0128811
0.00390007
-0.00221262
0.017615
0.0105157
0.0333341
0.0252326
0.0511015
0.0419392
0.0704442
0.0606919
0.0906697
0.0899251
0.0802406
0.0924483
0.0914161
0.0953846
0.0936252
0.0991555
0.0969764
0.105493
0.101896
0.109951
0.0729416
0.0765274
0.0678287
0.070004
0.0652921
0.0663131
0.064195
0.0646351
0.0640682
0.0640278
0.0550843
0.0641553
0.064135
0.036881
0.0460289
0.0199357
0.0281208
0.00572114
0.0124532
-0.00544814
-0.000211749
-0.0138716
-0.0099652
-0.0199527
-0.0171776
-0.0239861
-0.022197
-0.0263659
-0.0253456
-0.0276013
-0.027091
-0.0281518
-0.0279361
-0.0283366
-0.0282745
-0.0283243
-0.0283493
-0.0281497
-0.0282586
-0.0277591
-0.0279855
-0.0270753
-0.0274571
-0.0260487
-0.0266052
-0.0246815
-0.0254051
-0.0230231
-0.0238844
-0.0211512
-0.0221094
-0.0191478
-0.0201625
-0.0170844
-0.0181216
-0.0150204
-0.0160511
-0.0129918
-0.014004
-0.0110212
-0.0120003
-0.00915052
-0.0100726
-0.00741275
-0.00826617
-0.00583258
-0.006603
-0.00444215
-0.00511504
-0.00328167
-0.00383641
-0.00236314
-0.00279239
-0.00169959
-0.00200124
-0.00128599
-0.00146355
-0.00111203
-0.00117107
-0.00116532
-0.00111272
-0.00141001
-0.00126574
-0.00177178
-0.00158075
-0.00196223
-0.27575
-0.21068
-0.158425
-0.00154315
-0.00241689
-0.00196207
-0.000794789
-0.00115068
-0.000210675
-0.000482581
0.000235367
2.7441e-05
0.000582342
0.000414034
0.000878203
0.000736387
0.0011536
0.00101548
0.00146499
0.00130025
0.00187706
0.00165592
0.00233484
0.00211404
0.00254707
0.00248875
0.002486
0.00253034
0.00238303
0.00244284
0.00211721
0.00227761
0.00165133
0.00190373
0.00111496
0.00138102
0.000639396
0.000865229
0.000236523
0.000433726
-0.000149753
4.54825e-05
-0.000599183
-0.000361226
-0.00119861
-0.000873258
-0.00198885
-0.00157366
-0.00294871
-0.00244647
-0.100493
0.0557626
-0.238666
-0.259281
-0.348977
-0.370012
0.0228293
0.0771472
-0.151238
-0.236399
-0.322481
-0.380081
-0.337272
0.105894
0.117074
8.62979e-05
-0.0186797
0.133359
0.106492
0.0998624
0.0992995
0.0551876
0.0645255
-0.189493
-0.390671
-0.416872
-0.288077
-0.0884873
-0.00349971
-0.00299325
-0.00358676
-0.00247602
-0.00290537
-0.00299718
-0.216404
-0.427657
-0.0746667
0.156108
0.145458
0.172003
0.0953617
-0.105827
-0.252277
-0.362163
0.0498842
-0.0031745
-0.00336452
-0.00274311
-0.0029686
-0.00230614
-0.00252015
-0.00195076
-0.00211336
-0.00175251
-0.00183136
-0.00173198
-0.00172035
-0.00188568
-0.00178947
-0.00220554
-0.00202673
-0.00267672
-0.00242431
-0.00327125
-0.00296234
-0.00393881
-0.00360088
-0.00462845
-0.00428525
-0.00529939
-0.00497006
-0.00592925
-0.00562165
-0.00652716
-0.00623243
-0.00713907
-0.00682945
-0.00784626
-0.00747741
-0.00875196
-0.00827054
-0.00996384
-0.00931662
-0.0115727
-0.0107177
-0.0136296
-0.0125474
-0.0161265
-0.0148293
-0.0189809
-0.0175197
-0.0220264
-0.0204947
-0.0250115
-0.0235454
-0.0276081
-0.02638
-0.0294325
-0.0286391
-0.0300831
-0.0299246
-0.0291886
-0.0298443
-0.0264493
-0.0280584
-0.0216604
-0.0243133
-0.0147151
-0.0184535
-0.00562116
-0.010425
0.00551453
-0.000297209
0.0186319
0.0118305
0.0336832
0.0259265
0.0507176
0.0419366
0.0696987
0.0600581
0.0894291
0.0796055
0.101804
0.100663
0.105483
0.103388
0.111212
0.107995
0.120225
0.115276
0.133816
0.126224
0.143625
0.0909213
0.0974976
0.0818018
0.0858098
0.0764987
0.0787705
0.0737934
0.0748967
0.0729864
0.0731607
0.0731418
0.0728864
0.0370544
0.0460405
0.020532
0.0285079
0.00695428
0.0133843
-0.00382205
0.00124687
-0.0120745
-0.00823819
-0.0181018
-0.0153368
-0.0222318
-0.0203742
-0.0248371
-0.0236916
-0.0263488
-0.0256977
-0.0271619
-0.026818
-0.0275664
-0.0273993
-0.0277315
-0.0276712
-0.0277175
-0.0277454
-0.0275086
-0.0276392
-0.0270579
-0.0273159
-0.026327
-0.026729
-0.0253054
-0.0258529
-0.0240117
-0.0246924
-0.0224841
-0.0232772
-0.0207673
-0.0216502
-0.0189047
-0.0198561
-0.0169377
-0.0179351
-0.0149167
-0.0159464
-0.0128673
-0.013907
-0.0108411
-0.0118485
-0.00890861
-0.0098648
-0.00711515
-0.0079942
-0.00552067
-0.00629337
-0.00414839
-0.00480308
-0.00305823
-0.00357
-0.00225569
-0.00262325
-0.00173595
-0.00196289
-0.00149105
-0.00158132
-0.00150885
-0.0014713
-0.00175209
-0.00160622
-0.00215539
-0.00193913
-0.00257827
-0.0023728
-0.00276268
-0.0015726
-0.0020033
-0.000847726
-0.00118742
-0.000312604
-0.000556934
9.18388e-05
-9.68379e-05
0.000406991
0.000256478
0.00066983
0.000542927
0.00092873
0.000795794
0.00125307
0.0010777
0.00171141
0.00146329
0.00222906
0.00197896
0.00246003
0.00240169
0.00231308
0.00241426
0.00208411
0.00220107
0.00180168
0.0019538
0.0014076
0.00161904
0.000945279
0.00117681
0.000521604
0.000724302
0.000154722
0.000335001
-0.000208036
-2.29055e-05
-0.000636174
-0.000409872
-0.00119638
-0.000893907
-0.00198423
-0.00156328
-0.00245972
-0.132264
-0.246393
-0.282282
-0.304708
-0.321147
-0.380151
-0.351973
0.131099
0.0576869
0.010261
0.0761813
0.0989623
0.0735787
-0.179713
0.176172
0.194796
-0.399338
-0.424244
-0.309903
-0.0162407
-0.0421536
0.112842
-0.00407907
-0.00422882
-0.00295744
-0.00357893
-0.00247149
-0.00300709
-0.00342946
-0.00356535
-0.205144
-0.453942
-0.456467
-0.262776
-0.217078
-0.11354
0.161196
-0.229779
-0.135786
0.194499
-0.145934
-0.315246
-0.368606
0.145302
0.105302
0.0431782
-0.00365825
-0.00388179
-0.00313663
-0.00340413
-0.00264286
-0.00287639
-0.00227499
-0.00243786
-0.00209719
-0.00216
-0.00213552
-0.00208949
-0.00238541
-0.00223593
-0.00282264
-0.00258265
-0.00342889
-0.00310345
-0.00417538
-0.00379138
-0.00499351
-0.0045804
-0.0058312
-0.00541711
-0.00663584
-0.00624297
-0.00738631
-0.00702197
-0.00809112
-0.00774658
-0.00879822
-0.00844446
-0.00958793
-0.00918188
-0.0105545
-0.0100484
-0.0117876
-0.0111381
-0.0133536
-0.0125317
-0.0152767
-0.0142761
-0.0175263
-0.0163694
-0.0200091
-0.0187505
-0.0225649
-0.0212928
-0.0249677
-0.0238025
-0.0269346
-0.026024
-0.0281428
-0.0276516
-0.0282586
-0.0283528
-0.0269735
-0.0278024
-0.0240359
-0.0257172
-0.0192688
-0.0218819
-0.0125728
-0.0161579
-0.00393554
-0.00848842
0.00661168
0.00110388
0.0190993
0.0126129
0.0335396
0.0260792
0.0499968
0.0414997
0.0687074
0.0590787
0.0888699
0.078745
0.108025
0.108436
0.0988387
0.108302
0.108104
0.110409
0.109125
0.114818
0.112282
0.12227
0.118139
0.133698
0.127426
0.150673
0.141366
0.162029
0.157627
0.176339
0.126605
0.140676
0.10685
0.115545
0.0944657
0.0999739
0.0868469
0.0901673
0.0826593
0.084402
0.0811339
0.0816109
0.0814821
0.0811154
0.0740609
0.0830918
0.0821961
0.0551522
0.0647356
0.0366902
0.0456701
0.0206
0.0283041
0.00752619
0.0136944
-0.00285325
0.00202478
-0.0108384
-0.00712003
-0.0167209
-0.0140099
-0.0208465
-0.0189695
-0.0235708
-0.0223495
-0.0252635
-0.0245135
-0.0262675
-0.0258248
-0.0268473
-0.0265914
-0.0271713
-0.0270296
-0.027319
-0.0272617
-0.0273031
-0.0273304
-0.0270997
-0.0272266
-0.0266761
-0.0269192
-0.026007
-0.026378
-0.0250795
-0.0255837
-0.0238921
-0.024529
-0.0224523
-0.0232167
-0.0207771
-0.0216582
-0.0188992
-0.0198765
-0.0168547
-0.0179021
-0.0147007
-0.0158006
-0.0125037
-0.0136087
-0.0103552
-0.0114253
-0.00833094
-0.00932833
-0.00650791
-0.0073977
-0.00493776
-0.00568998
-0.00367746
-0.004271
-0.00273958
-0.00317089
-0.00211988
-0.00239243
-0.00181381
-0.00192914
-0.00180856
-0.00177705
-0.00206854
-0.00190993
-0.00252365
-0.00228021
-0.00303095
-0.00278675
-0.00326164
-0.00155644
-0.00198594
-0.000868384
-0.00118357
-0.000381997
-0.000602652
-1.77273e-05
-0.000187142
0.000266475
0.000131168
0.000504214
0.000388527
0.000749752
0.000621869
0.00107721
0.00089799
0.0015534
0.00129505
0.00208856
0.00183106
0.00231617
0.00226383
0.00210978
0.00224913
0.00179537
0.00195061
0.00151272
0.00165138
0.0011937
0.00136318
0.000807815
0.00100402
0.000434797
0.000615472
9.96579e-05
0.000265312
-0.000240317
-6.60161e-05
-0.000643997
-0.00043099
-0.00116681
-0.000885227
-0.00192972
-0.00151289
-0.00241086
-0.167138
0.219556
-0.358603
-0.375446
-0.397592
-0.407459
-0.341008
0.170683
0.0616974
-0.00760365
0.0741766
-0.00428605
-0.0036004
-0.201025
-0.464166
-0.455136
-0.293277
-0.0378824
-0.0775781
0.120464
0.116451
0.117437
0.0744622
0.0842349
-0.192136
-0.172432
-0.211464
-0.231599
0.223725
0.183121
-0.477796
0.248826
-0.421266
0.260796
0.286248
-0.389362
-0.377069
0.122525
0.032217
-0.00463956
-0.00500242
-0.00493545
-0.00410364
-0.00440559
-0.00348755
-0.00379978
-0.00293806
-0.00319805
-0.00254765
-0.00271697
-0.00238221
-0.00243328
-0.00247123
-0.0023946
-0.00280703
-0.00261026
-0.00336542
-0.0030609
-0.00411845
-0.00372561
-0.00501589
-0.00455585
-0.00599855
-0.00550318
-0.00699171
-0.00650394
-0.00793772
-0.00747809
-0.00880947
-0.00838972
-0.00961416
-0.00922468
-0.0104027
-0.0100131
-0.0112562
-0.0108232
-0.012265
-0.0117437
-0.0135064
-0.0128607
-0.0150277
-0.0142387
-0.0168302
-0.0159032
-0.0188629
-0.0178298
-0.0210212
-0.0199404
-0.0231479
-0.022104
-0.0250385
-0.0241388
-0.02645
-0.02582
-0.0271142
-0.0268899
-0.0267593
-0.0270757
-0.0251352
-0.0261135
-0.0220366
-0.0237733
-0.0173154
-0.019878
-0.0108839
-0.0143093
-0.00271327
-0.00701082
0.00722293
0.00203303
0.0190299
0.0128843
0.0328447
0.0256762
0.0488344
0.0405462
0.0673577
0.0577473
0.0881515
0.0775907
0.10917
0.0987958
0.116172
0.115997
0.118229
0.11681
0.12334
0.120393
0.132146
0.127254
0.145613
0.138244
0.165291
0.154594
0.194225
0.178206
0.238387
0.214114
0.30299
0.267725
0.176969
0.198013
0.143621
0.159018
0.120712
0.131002
0.105713
0.112442
0.0961629
0.100372
0.0907478
0.0930138
0.0886256
0.0893336
0.0891405
0.0886041
0.0916871
0.0902093
0.0544077
0.06444
0.0357569
0.0447789
0.0200001
0.0274606
0.00738491
0.0133072
-0.00253481
0.00211538
-0.0101469
-0.00660865
-0.0157873
-0.0131897
-0.0198136
-0.0179793
-0.0225601
-0.0213251
-0.0243489
-0.0235532
-0.0254798
-0.0249786
-0.0261941
-0.0258758
-0.0266587
-0.0264493
-0.0269676
-0.0268286
-0.0271545
-0.0270755
-0.0272105
-0.0272003
-0.0271027
-0.0271799
-0.0267867
-0.0269744
-0.0262159
-0.0265371
-0.0253499
-0.0258238
-0.0241607
-0.0247993
-0.0226414
-0.0234448
-0.020813
-0.0217676
-0.0187209
-0.0197989
-0.0164371
-0.0176053
-0.014062
-0.015267
-0.0116913
-0.0128789
-0.00943974
-0.0105538
-0.00738476
-0.00838625
-0.00562214
-0.00646857
-0.00420017
-0.0048706
-0.00313662
-0.00362604
-0.00242899
-0.00273957
-0.00207511
-0.00220654
-0.00206251
-0.00202942
-0.00235156
-0.00217459
-0.00286545
-0.00259119
-0.00347956
-0.00317801
-0.00399932
-0.00376967
-0.00427192
-0.00418818
-0.00237931
-0.00354626
-0.00292514
-0.00148834
-0.00190256
-0.000856432
-0.00114107
-0.000416142
-0.000616546
-9.05234e-05
-0.000241107
0.000159268
4.05462e-05
0.000369481
0.000266327
0.000595921
0.000476619
0.000911055
0.000736797
0.00137656
0.00112354
0.00189905
0.00164724
0.00211369
0.00206694
0.00187469
0.00203564
0.00150905
0.00168868
0.00123533
0.0013592
0.000988342
0.00111647
0.000681251
0.000839769
0.000364329
0.000520203
6.65822e-05
0.000214976
-0.000243722
-8.37241e-05
-0.000617776
-0.000419713
-0.00110383
-0.000842617
-0.00180509
-0.00141793
-0.00281641
-0.00227181
-0.00422175
-0.00344326
-0.199571
-0.215887
-0.346581
-0.440793
-0.462091
-0.427278
-0.335164
0.202959
0.0686705
-0.0380085
0.0708005
0.118984
0.0935927
-0.00422495
-0.00530608
-0.141739
-0.216589
-0.228841
0.132237
0.213662
0.307295
0.281248
0.271981
-0.0699554
-0.500342
-0.470193
-0.480985
-0.250169
0.39071
0.328236
0.368659
0.368719
0.391681
-0.45346
-0.383824
0.145521
0.444959
0.497235
0.539687
0.554594
0.427018
0.533515
0.485818
0.013405
-0.28524
-0.470362
-0.50802
-0.340642
-0.0923097
0.344643
0.366622
0.259615
0.150974
-0.246684
-0.227456
-0.238321
-0.245315
-0.24184
-0.0047474
-0.00386859
-0.00317626
-0.00257767
-0.00206199
-0.00163467
-0.00128817
-0.00100791
-0.000770402
-0.000564749
-0.000384567
-0.000225441
-8.17085e-05
5.23326e-05
0.000183291
0.000313199
0.000446051
0.000578309
0.000703416
0.000814174
0.000905874
0.000992667
0.00109598
0.0012367
0.00141868
0.00161191
0.00177983
0.00186556
0.00183336
0.00168663
0.00145967
0.00121059
0.000976109
0.000776012
0.000611789
0.000479615
0.000369714
0.000272708
0.000181183
8.76334e-05
-1.52542e-05
-0.00012935
-0.000261584
-0.000416285
-0.000595851
-0.000807678
-0.00106018
-0.00136966
-0.00174666
-0.00219557
-0.00272268
-0.00332856
-0.00401292
-0.00482494
-0.0049916
-0.00503297
-0.00486188
-0.00459279
-0.00426542
-0.00390487
-0.00352685
-0.00317771
-0.00285972
-0.00259395
-0.00239198
-0.00226494
-0.00222269
-0.0022696
-0.00241237
-0.00265284
-0.00299203
-0.00342927
-0.0039653
-0.0045997
-0.00533334
-0.00616365
-0.00708849
-0.00809982
-0.00919144
-0.0103504
-0.0115632
-0.0128194
-0.0141114
-0.0153995
-0.0166895
-0.0179594
-0.0191966
-0.0203812
-0.0215029
-0.0225462
-0.0235037
-0.0243635
-0.0251234
-0.0257764
-0.0263249
-0.0267677
-0.0271118
-0.0273611
-0.0275257
-0.027613
-0.0276344
-0.027599
-0.0275181
-0.0274
-0.027253
-0.0270831
-0.0268947
-0.0266895
-0.0264665
-0.026222
-0.0259481
-0.0256343
-0.0252652
-0.0248228
-0.0242842
-0.0236239
-0.0228119
-0.0218169
-0.0206042
-0.0191396
-0.0173865
-0.0153089
-0.0128663
-0.0100157
-0.00670899
-0.00289591
0.0014757
0.00646165
0.0121261
0.0185581
0.0258377
0.0340211
0.0431109
0.0530954
0.0636619
0.0745357
0.0853294
0.0957174
0.105501
0.102369
0.0996671
0.0975645
0.0961164
0.0953516
0.0953808
0.096229
0.0979532
0.100644
0.104383
0.109291
0.1155
0.12319
0.132585
0.143985
0.157594
0.173317
0.191459
0.214919
0.248024
0.286663
0.325575
0.366779
0.411434
0.454972
0.489212
0.504796
0.49644
0.469108
0.431253
0.389447
0.349134
0.311926
0.279747
0.251786
0.228263
0.208361
0.191448
0.17733
0.165571
0.155713
0.147495
0.140708
0.135203
0.13083
0.127529
0.12516
0.123716
0.123067
0.123214
0.124059
0.125714
0.12807
0.131269
0.12103
0.109966
0.0985629
0.0870863
0.0759128
0.0655249
0.0559118
0.0470828
0.0389822
0.0315457
0.0247128
0.0184352
0.0126688
0.007375
0.00252231
-0.00191631
-0.00595507
-0.00960703
-0.0128732
-0.0157617
-0.0182725
-0.0204183
-0.0222041
-0.023648
-0.024761
-0.0255663
-0.0260809
-0.0263323
-0.0263428
-0.0261416
-0.0257544
-0.0252101
-0.0245357
-0.0237579
-0.0229034
-0.021995
-0.0210576
-0.0201097
-0.0191726
-0.0182591
-0.0173858
-0.0165595
-0.0157909
-0.0150801
-0.014431
-0.0138372
-0.0132965
-0.0127977
-0.0123339
-0.0118911
-0.0114603
-0.0110277
-0.0105857
-0.0101243
-0.00964058
-0.00913029
-0.00859405
-0.00803631
-0.00746592
-0.00688722
-0.00630919
-0.00573776
-0.00519216
-0.00468099
-0.00421386
-0.00379568
-0.00343272
-0.00313114
-0.00289117
-0.00272187
-0.00261973
-0.00259642
-0.0026382
-0.00276064
-0.00293215
-0.00318115
-0.00344782
-0.00379463
-0.00411122
-0.00453735
-0.00482501
-0.00529711
-0.00543039
-0.00600981
-0.00574906
-0.00594581
-0.00662888
-0.00609082
-0.472748
-0.447512
-0.331723
-0.436597
-0.234723
0.458049
0.0684027
0.243562
0.44324
0.591305
0.623668
0.594312
0.066698
-0.0925385
-0.0125387
0.512344
0.176932
0.529844
-0.263128
-0.247668
-0.386808
-0.455127
-0.00740787
-0.00719889
-0.27887
-0.31807
-0.318905
-0.447084
-0.283713
-0.00796289
-0.00687465
-0.00667252
-0.00605506
-0.0057761
-0.00520815
-0.0048325
-0.00436093
-0.00401033
-0.00363479
-0.0033488
-0.00308355
-0.00290273
-0.00277437
-0.00273333
-0.00276249
-0.00287814
-0.00306813
-0.00333751
-0.00367626
-0.00408397
-0.00455166
-0.00507503
-0.00564538
-0.00625641
-0.0068956
-0.00755023
-0.0082036
-0.00885058
-0.00947548
-0.010078
-0.0106492
-0.0111932
-0.0117056
-0.0121952
-0.0126667
-0.0131339
-0.0136043
-0.0140936
-0.0146088
-0.0151636
-0.015761
-0.0164103
-0.0171087
-0.0178589
-0.0186511
-0.0194807
-0.0203318
-0.0211934
-0.0220446
-0.0228697
-0.0236447
-0.0243504
-0.0249614
-0.0254566
-0.025811
-0.0260028
-0.0260084
-0.0258068
-0.0253772
-0.0247001
-0.0237589
-0.0225374
-0.0210235
-0.0192052
-0.0170751
-0.0146257
-0.0118532
-0.00875395
-0.00532449
-0.00155955
0.00255392
0.00703319
0.0119138
0.0172356
0.0230661
0.0294705
0.0365454
0.044378
0.0530921
0.0627814
0.0735301
0.085151
0.0975961
0.110427
0.123059
0.134805
0.194823
0.707455
0.769751
0.327892
0.0548656
-0.150905
0.435186
0.65297
0.0623575
0.300492
0.653042
0.447441
-0.262647
-0.249509
-0.00556587
-0.0053081
-0.0039923
-0.00332995
-0.00275879
-0.00222571
-0.00177462
-0.00140808
-0.0011143
-0.000870398
-0.00066113
-0.000480316
-0.000323126
-0.000185648
-6.28723e-05
4.97862e-05
0.000157799
0.000262396
0.000366531
0.000466066
0.000555827
0.00063133
0.000691397
0.000753231
0.000839194
0.000968478
0.00114185
0.00132588
0.0014832
0.00156256
0.00153623
0.00141084
0.00121516
0.000999529
0.000796349
0.000622185
0.000480513
0.000367389
0.000274584
0.000193762
0.000118182
4.12235e-05
-4.36022e-05
-0.000138768
-0.000250015
-0.000381376
-0.000535208
-0.000716814
-0.000934526
-0.00119818
-0.00151961
-0.00191429
-0.00238258
-0.00293679
-0.00357324
-0.00430144
-0.00520686
-0.00579786
-0.00592715
-0.00586902
-0.00554208
-0.00513515
-0.00469684
-0.00425537
-0.00382853
-0.00343078
-0.00307923
-0.00278352
-0.00255987
-0.00241476
-0.00236126
-0.00240292
-0.00254809
-0.00279669
-0.00315273
-0.00361472
-0.00418456
-0.00486076
-0.00564418
-0.00653167
-0.0075207
-0.00860313
-0.0097714
-0.0110117
-0.0123114
-0.0136502
-0.0150117
-0.016402
-0.0177823
-0.0191387
-0.020448
-0.0216949
-0.0228666
-0.023945
-0.0249219
-0.0257842
-0.0265287
-0.0271477
-0.0276437
-0.0280155
-0.0282715
-0.0284169
-0.0284646
-0.0284247
-0.0283125
-0.0281409
-0.027924
-0.0276741
-0.0274016
-0.0271157
-0.0268211
-0.0265217
-0.0262151
-0.0258986
-0.0255623
-0.0251965
-0.024784
-0.0243086
-0.0237469
-0.0230771
-0.0222709
-0.0213023
-0.0201404
-0.0187571
-0.01712
-0.0151983
-0.0129555
-0.010352
-0.00734073
-0.00386537
0.000137161
0.00474515
0.0100447
0.0161507
0.0231855
0.0312777
0.0404959
0.0508271
0.0621162
0.0739918
0.0861691
0.0979927
0.109187
0.119699
0.114608
0.11041
0.106873
0.104142
0.102263
0.101267
0.101239
0.102185
0.104145
0.107183
0.111397
0.116885
0.123783
0.13225
0.142504
0.154749
0.169116
0.185887
0.205694
0.229934
0.259185
0.291396
0.324907
0.361803
0.399415
0.433182
0.456084
0.467119
0.462178
0.442539
0.414044
0.380346
0.347717
0.316099
0.287127
0.261004
0.238336
0.218557
0.201468
0.186848
0.174431
0.163923
0.155103
0.147783
0.141831
0.137126
0.13358
0.131086
0.129621
0.129125
0.129538
0.130885
0.133152
0.136251
0.140147
0.144972
-0.329118
-0.435882
-0.460963
-0.440625
-0.385657
-0.00912517
-0.00922074
-0.00812406
-0.00735202
-0.00663963
-0.00607619
-0.00549726
-0.00501951
-0.00454013
-0.00414192
-0.00375606
-0.00344532
-0.0031726
-0.00297964
-0.00284758
-0.00280183
-0.00283179
-0.00295026
-0.00314877
-0.00343135
-0.00378981
-0.00422307
-0.00472249
-0.00528327
-0.00589522
-0.00654998
-0.00723439
-0.0079377
-0.00864458
-0.00934495
-0.0100288
-0.0106887
-0.0113149
-0.0119112
-0.0124702
-0.0130034
-0.0135162
-0.0140204
-0.014524
-0.015041
-0.0155795
-0.0161513
-0.0167609
-0.0174153
-0.018113
-0.0188537
-0.0196286
-0.0204303
-0.0212436
-0.0220546
-0.0228436
-0.0235924
-0.0242784
-0.0248811
-0.0253775
-0.0257463
-0.0259664
-0.0260171
-0.0258804
-0.0255373
-0.0249739
-0.024174
-0.0231282
-0.0218237
-0.0202563
-0.018417
-0.0163064
-0.0139193
-0.01126
-0.00832588
-0.00512025
-0.00163826
0.00212821
0.00619788
0.0106091
0.0154143
0.0207046
0.0265775
0.0331767
0.0406368
0.0491518
0.0588783
0.0699406
0.0823139
0.0959447
0.110488
0.125533
0.13982
0.152191
0.162086
0.153726
0.148125
0.143558
0.139653
0.136738
0.134893
0.134138
0.134465
0.135913
0.138491
0.142229
0.147203
0.153492
0.161199
0.17045
0.181392
0.194217
0.209108
0.226173
0.24548
0.267145
0.291282
0.317664
0.345557
0.37393
0.399972
0.42161
0.435445
0.439361
0.431547
0.413363
0.387844
0.357947
0.32608
0.295373
0.266514
0.239485
0.21556
0.195249
0.177939
0.163035
0.150242
0.139399
0.130359
0.122952
0.117031
0.112472
0.109173
0.107053
0.106074
0.106197
0.107418
0.10973
0.113136
0.117629
0.12308
0.129674
0.12641
-0.00641659
-0.00706157
-0.00692448
-0.00667729
-0.00608844
-0.00560294
-0.00503645
-0.00453828
-0.00404905
-0.0036174
-0.00323438
-0.00291804
-0.00267672
-0.00251871
-0.00245546
-0.00249087
-0.00263338
-0.00288331
-0.00324584
-0.00371967
-0.00430779
-0.00500803
-0.00582136
-0.00674399
-0.00777279
-0.00890006
-0.0101166
-0.01141
-0.0127655
-0.0141679
-0.0155967
-0.0170366
-0.0184742
-0.0198914
-0.0212478
-0.0225432
-0.0237528
-0.0248678
-0.025869
-0.0267512
-0.0275006
-0.0281181
-0.0285957
-0.0289417
-0.0291551
-0.0292513
-0.0292352
-0.0291266
-0.0289339
-0.0286787
-0.0283704
-0.0280293
-0.0276631
-0.0272876
-0.0269058
-0.0265258
-0.0261444
-0.0257613
-0.025366
-0.0249499
-0.0244964
-0.02399
-0.0234094
-0.0227345
-0.0219407
-0.0210065
-0.0199049
-0.0186155
-0.0171088
-0.0153655
-0.0133486
-0.0110355
-0.00836782
-0.00530723
-0.0017529
0.00235965
0.00718568
0.0128194
0.0194981
0.0273648
0.036701
0.0473701
0.0594053
0.0725551
0.0863062
0.100209
0.1138
-0.00569026
-0.00445623
-0.00483393
-0.00437014
-0.00321304
-0.00273992
-0.00224569
-0.00179699
-0.00143617
-0.00114802
-0.000911333
-0.00070977
-0.000535843
-0.000385923
-0.000256342
-0.000143009
-4.24476e-05
4.96089e-05
0.000136552
0.000219731
0.00030023
0.000373897
0.000436222
0.000482777
0.000516127
0.000551349
0.000612265
0.000717323
0.000865368
0.00102913
0.0011698
0.00124587
0.0012336
0.00113708
0.000982049
0.000806679
0.000638857
0.000493463
0.000375292
0.000280954
0.000204081
0.000138018
7.68774e-05
1.53339e-05
-5.23421e-05
-0.000128232
-0.000217092
-0.000322215
-0.000445973
-0.000592337
-0.000767833
-0.000975758
-0.0012332
-0.00154735
-0.00193075
-0.00239498
-0.00294343
-0.00359715
-0.25675
0.549862
0.23312
0.542286
-0.0499263
0.66869
-0.227394
-0.286828
0.404813
0.149111
0.429354
0.709851
-0.00346927
0.250767
0.0272384
-0.00852013
-0.0077356
-0.00449014
-0.00590252
-0.427902
-0.320973
0.149573
0.171375
0.171723
-0.286515
0.178724
0.159119
-0.00229017
-0.13569
0.0989082
0.525148
0.306329
0.564233
-0.294012
-0.00252192
-0.0030058
-0.00171327
-0.00208106
-0.00112129
-0.00139097
-0.000714901
-0.000897106
-0.000434829
-0.000561792
-0.000236365
-0.000326839
-9.64344e-05
-0.000159727
2.96159e-06
-4.31113e-05
8.30301e-05
4.36238e-05
0.000174089
0.000124901
0.000313217
0.00023478
0.000528349
0.000410676
0.000769213
0.00065179
0.000868153
0.000845792
0.0007199
0.000820983
0.000473865
0.000594482
0.000339287
0.000386995
0.000303463
0.000316149
0.000252827
0.000282584
0.000165625
0.00021288
5.61676e-05
0.000113834
-8.00549e-05
-7.31867e-06
-0.000260831
-0.000163251
-0.000507296
-0.000373758
-0.000840392
-0.000660865
-0.00131516
-0.00105166
-0.00203972
-0.00164869
-0.00313916
-0.00237815
-0.00323319
0.119117
0.135289
0.085892
0.102411
0.0557338
0.0702039
0.0318184
0.0428595
0.0151279
0.0226404
0.00391558
0.00898617
-0.00389002
-0.000318808
-0.00957926
-0.00694069
-0.0139194
-0.0118872
-0.0172931
-0.0157129
-0.0198906
-0.0186797
-0.0218539
-0.0209424
-0.0233298
-0.0226428
-0.0244725
-0.0239329
-0.0254264
-0.0249645
-0.0263038
-0.0258689
-0.0271669
-0.0267349
-0.028019
-0.0275959
-0.0288058
-0.0284254
-0.0294287
-0.0291447
-0.0297653
-0.0296406
-0.0296947
-0.0297874
-0.0291233
-0.0294757
-0.0280003
-0.028632
-0.0263265
-0.0272299
-0.0241563
-0.0252982
-0.0215883
-0.0229134
-0.0187661
-0.0201902
-0.0158413
-0.0173089
-0.0129586
-0.0143846
-0.0102654
-0.0115798
-0.00788381
-0.00902878
-0.00590222
-0.00683865
-0.00436825
-0.00507716
-0.0032975
-0.00377415
-0.00268618
-0.00293448
-0.00251541
-0.00254669
-0.00274818
-0.00258364
-0.00332684
-0.0029982
-0.00418445
-0.00372792
-0.0052597
-0.00471452
-0.00648404
-0.00592108
-0.00763747
-0.00732119
-0.00858536
0.155918
0.162579
0.144957
0.149848
0.139021
0.141341
0.138165
0.137982
0.142225
0.139595
0.151274
0.146113
0.165812
0.157825
0.186624
0.175385
0.214663
0.199699
0.250574
0.231627
0.294099
0.27149
0.34264
0.31807
0.388192
0.366725
0.416095
0.405403
0.412699
0.418723
0.37731
0.398124
0.324596
0.352163
0.270534
0.297126
0.222507
0.245474
0.184365
0.202118
0.155846
0.16905
0.13518
0.144617
0.121198
0.127429
0.112928
0.116406
0.10974
0.110729
0.111427
0.109979
0.118175
0.114155
0.130757
0.123627
0.139353
0.145416
0.160389
0.109896
0.12754
0.0785575
0.0933026
0.0541087
0.0654009
0.036323
0.044437
0.0233559
0.029343
0.0133658
0.0180587
0.00513894
0.0090749
-0.00198626
0.00145397
-0.00822945
-0.00521783
-0.0135948
-0.0110257
-0.0180274
-0.0159308
-0.0214844
-0.0198786
-0.0239592
-0.0228428
-0.0254866
-0.0248374
-0.0261413
-0.0259172
-0.0260351
-0.0261759
-0.0253103
-0.0257415
-0.0241309
-0.0247684
-0.0226691
-0.0234267
-0.0210888
-0.0218866
-0.0195271
-0.0203009
-0.0180778
-0.0187868
-0.0167803
-0.017412
-0.0156181
-0.0161872
-0.0145296
-0.0150712
-0.013433
-0.0139886
-0.0122575
-0.0128588
-0.0109579
-0.0116245
-0.00955282
-0.0102683
-0.00808678
-0.00882192
-0.00665113
-0.00735859
-0.00534654
-0.00597609
-0.00426062
-0.00477131
-0.00345575
-0.00381944
-0.00297195
-0.00317113
-0.00282702
-0.00285562
-0.00301146
-0.00287748
-0.00348886
-0.00321271
-0.00420924
-0.00381545
-0.00512617
-0.00463528
-0.00622411
-0.00562643
-0.00785738
-0.00689669
-0.0103536
-0.00906175
-0.0115901
-0.0112157
-0.380061
-0.00639733
-0.00930139
0.195769
0.172083
0.193703
0.174604
-0.00765841
-0.0129442
-0.0151068
-0.00939488
-0.0110422
-0.00709303
-0.00808767
-0.0057094
-0.0063047
-0.0046606
-0.00515699
-0.00382426
-0.00421834
-0.00321771
-0.00349202
-0.00288244
-0.00301476
-0.00285965
-0.00283087
-0.00317239
-0.00297417
-0.00381797
-0.00345502
-0.00476922
-0.00425805
-0.00597631
-0.00534475
-0.00736555
-0.0066535
-0.00884361
-0.00809944
-0.0103173
-0.00958625
-0.0117114
-0.011028
-0.0129884
-0.0123625
-0.0141653
-0.0135861
-0.0153026
-0.0147353
-0.0164744
-0.0158802
-0.0177458
-0.0170954
-0.019153
-0.0184331
-0.0206829
-0.0199068
-0.0222672
-0.0214757
-0.0237892
-0.0230459
-0.025097
-0.0244811
-0.0260218
-0.0256188
-0.0263957
-0.0262883
-0.0260672
-0.0263282
-0.0249137
-0.0256003
-0.0228494
-0.0239995
-0.0198305
-0.0214605
-0.0158593
-0.0179622
-0.0109856
-0.0135308
-0.00530064
-0.00823839
0.00109197
-0.00218896
0.00816293
0.00453414
0.0161614
0.0120049
0.0259941
0.0207416
0.039675
0.0321676
0.0600781
0.0488294
0.0889725
0.0735342
0.127363
0.107116
0.167615
0.148391
0.183318
0.146948
0.160187
0.127976
0.136199
0.117137
0.121705
0.112497
0.114127
0.11316
0.11219
0.119003
0.115428
0.130377
0.123964
0.14804
0.13837
0.172958
0.159535
0.206273
0.18849
0.248756
0.226396
0.297917
0.272805
0.348166
0.323542
0.387855
0.370085
0.405705
0.400308
0.395195
0.403722
0.362301
0.380864
0.318117
0.34078
0.273879
0.295519
0.235048
0.253644
0.203193
0.218218
0.178572
0.190003
0.160649
0.168829
0.148653
0.153958
0.142024
0.144695
0.14054
0.140648
0.144484
0.141799
0.154646
0.148717
0.172114
0.162462
0.183758
-0.00890733
-0.00849095
-0.00762187
-0.00808153
-0.00605966
-0.00672681
-0.0047844
-0.00536976
-0.00377236
-0.00424264
-0.00303473
-0.00336701
-0.00261824
-0.00278352
-0.00257934
-0.00254898
-0.00296405
-0.00271706
-0.00380078
-0.00332497
-0.00510345
-0.00439412
-0.00686686
-0.00592907
-0.00906025
-0.00791333
-0.0116165
-0.010299
-0.0144306
-0.0129993
-0.0173697
-0.0158936
-0.0202781
-0.018838
-0.0230071
-0.0216721
-0.0253951
-0.0242477
-0.0273484
-0.0264322
-0.0287873
-0.0281348
-0.029678
-0.0293017
-0.0300395
-0.0299211
-0.029943
-0.0300426
-0.0294903
-0.0297539
-0.028798
-0.0291669
-0.027974
-0.0283968
-0.027095
-0.0275384
-0.0261896
-0.0266461
-0.0252307
-0.0257208
-0.0241387
-0.0247082
-0.0227956
-0.0235069
-0.021066
-0.0219875
-0.0188223
-0.0200155
-0.0159616
-0.0174745
-0.0123973
-0.0142737
-0.00798833
-0.0103145
-0.00234262
-0.00536595
0.00558607
0.00122565
0.0179312
0.0110283
0.0375769
0.0266571
0.0664444
0.0508447
0.103571
0.0841428
0.143651
0.123533
0.161629
-0.00204978
-0.00178067
-0.00169595
-0.00146984
-0.00199714
-0.00101189
-0.00126018
-0.000648469
-0.000806261
-0.000403411
-0.00051652
-0.000221105
-0.000305198
-8.91004e-05
-0.000150019
7.32385e-06
-3.73385e-05
7.92015e-05
4.53763e-05
0.000133406
0.000108015
0.000163589
0.0001521
0.000167597
0.00016793
0.000201541
0.000174704
0.000338163
0.000256943
0.000490617
0.000422482
0.000504897
0.000520041
0.00038039
0.000454041
0.000231501
0.000303357
0.000127467
0.000173187
6.51957e-05
9.26386e-05
2.00198e-05
4.18618e-05
-2.97003e-05
-2.98057e-06
-9.90649e-05
-6.11261e-05
-0.00020073
-0.000145304
-0.00034297
-0.000265977
-0.000541266
-0.000433128
-0.000827943
-0.000671508
-0.00124137
-0.00101777
-0.0018273
-0.00149132
-0.00262259
-0.323305
-0.0090005
-0.0819501
-0.338825
-0.0199632
-0.570103
-0.350415
-0.416253
-0.326182
-0.306904
-0.29067
0.644489
0.805164
0.88563
0.822961
0.686597
-0.437556
-0.463344
-0.550098
-0.513463
-0.717084
-0.324874
0.0226605
-0.134318
0.117531
-0.018388
-0.0139768
-0.0112797
-0.009174
-0.00794057
-0.00690937
-0.00622647
-0.00561853
-0.00506491
-0.00456673
-0.00412421
-0.00373254
-0.00340062
-0.0031275
-0.00292308
-0.00278876
-0.00273271
-0.00275594
-0.00286326
-0.00305345
-0.00332763
-0.00368187
-0.00411405
-0.00461757
-0.00518726
-0.00581371
-0.00648862
-0.0071999
-0.00793695
-0.00868685
-0.0094395
-0.0101839
-0.0109124
-0.0116186
-0.0122991
-0.0129543
-0.0135906
-0.0142066
-0.0148111
-0.0154132
-0.0160218
-0.0166461
-0.0172955
-0.0179753
-0.0186876
-0.0194337
-0.0202094
-0.0210094
-0.0218224
-0.0226371
-0.023436
-0.0242031
-0.0249165
-0.0255578
-0.026103
-0.0265333
-0.0268249
-0.0269609
-0.0269193
-0.0266871
-0.0262458
-0.0255871
-0.0246972
-0.0235737
-0.0222083
-0.0206053
-0.0187628
-0.0166926
-0.0144
-0.0119047
-0.00921928
-0.00636969
-0.00337183
-0.000250318
0.00298932
0.00634669
0.00986168
0.0136087
0.0177394
0.022481
0.0281711
0.0352321
0.04416
0.0554386
0.0693906
0.0861125
0.106302
0.129838
0.156841
0.184636
0.208595
0.229861
0.190264
0.168655
0.151953
0.139317
0.130237
0.123477
0.118632
0.115451
0.113732
0.113385
0.114362
0.116656
0.120291
0.125331
0.13185
0.139957
0.149764
0.161406
0.17502
0.190752
0.208677
0.228733
0.250582
0.273875
0.298116
0.32233
0.345674
0.36646
0.38317
0.394301
0.399192
0.397559
0.389548
0.376081
0.358643
0.338664
0.317498
0.296083
0.275084
0.25511
0.236608
0.219834
0.204841
0.191613
0.180108
0.17027
0.162007
0.15524
0.149886
0.145892
0.143214
0.141847
0.141812
0.143193
0.146086
0.150682
0.157356
0.166582
0.179162
0.195835
0.217518
0.271843
-0.00766472
-0.0121376
-0.0109606
-0.00986429
-0.00843087
-0.0075615
-0.00669014
-0.00597681
-0.00530498
-0.00471291
-0.00417742
-0.00370709
-0.00330339
-0.00297086
-0.00271786
-0.00254943
-0.00247463
-0.00249809
-0.00262692
-0.00286407
-0.00321406
-0.00367853
-0.00426017
-0.00495809
-0.00577224
-0.00669916
-0.00773525
-0.00887285
-0.0101037
-0.0114153
-0.0127947
-0.0142255
-0.0156911
-0.0171725
-0.0186509
-0.0201072
-0.0215236
-0.0228801
-0.02417
-0.0253589
-0.0264374
-0.0273954
-0.028224
-0.028918
-0.0294772
-0.0299051
-0.0302019
-0.0303745
-0.0304314
-0.0303853
-0.0302479
-0.0300347
-0.0297584
-0.0294342
-0.0290728
-0.0286864
-0.0282813
-0.0278642
-0.0274352
-0.0269945
-0.0265355
-0.026052
-0.0255312
-0.0249622
-0.0243283
-0.0236165
-0.0228093
-0.0218948
-0.0208587
-0.0196937
-0.0183909
-0.016949
-0.0153638
-0.0136348
-0.0117509
-0.00969144
-0.00740458
-0.00479778
-0.00170832
0.00211098
0.00701147
0.0134374
0.0218948
0.0328639
0.0467207
0.063622
0.0834516
0.10579
0.130138
0.154653
0.176651
0.201329
0.252779
0.0277705
0.0157041
0.00366187
0.000511415
-0.000456212
-0.000427768
-0.00042751
-0.000330286
-0.000257773
-0.00020053
-0.000148639
-0.000102651
-6.37278e-05
-3.07086e-05
-4.61606e-06
1.6613e-05
3.195e-05
4.18001e-05
4.54133e-05
4.38064e-05
3.63956e-05
2.47802e-05
9.28363e-06
-6.38795e-06
-1.64785e-05
-1.76901e-05
-2.86146e-06
2.67024e-05
6.59508e-05
0.000102386
0.000120294
0.000112991
8.23641e-05
3.97194e-05
2.11608e-06
-2.55342e-05
-3.7444e-05
-4.09203e-05
-3.61972e-05
-2.91391e-05
-2.05112e-05
-1.27685e-05
-6.51686e-06
-2.6444e-06
-1.58612e-06
-4.40546e-06
-1.08647e-05
-2.11027e-05
-3.60971e-05
-5.5677e-05
-7.99657e-05
-0.000108783
-0.000142197
-0.00017995
-0.000222935
-0.000269701
-0.000312256
-0.000305595
-0.000106461
0.000824229
0.00440463
0.0126084
0.00934163
-0.272677
-0.0177898
0.188315
0.00949162
)
;

boundaryField
{
    frontandback
    {
        type            empty;
    }
    walls
    {
        type            zeroGradient;
    }
    diamond
    {
        type            zeroGradient;
    }
    inlet
    {
        type            zeroGradient;
    }
    outlet
    {
        type            fixedValue;
        value           uniform 0;
    }
}


// ************************************************************************* //
