/*--------------------------------*- C++ -*----------------------------------*\
  =========                 |
  \\      /  F ield         | OpenFOAM: The Open Source CFD Toolbox
   \\    /   O peration     | Website:  https://openfoam.org
    \\  /    A nd           | Version:  10
     \\/     M anipulation  |
\*---------------------------------------------------------------------------*/
FoamFile
{
    format      ascii;
    class       volScalarField;
    location    "36.5";
    object      p;
}
// * * * * * * * * * * * * * * * * * * * * * * * * * * * * * * * * * * * * * //

dimensions      [0 2 -2 0 0 0 0];

internalField   nonuniform List<scalar> 
6397
(
0.256184
0.239836
0.0037891
0.00867606
0.000626974
-0.00401756
0.471941
0.223989
-0.407223
-0.448164
0.32381
0.220116
-0.000773459
-0.000896795
-0.00695735
-0.371099
-0.375084
-0.371953
0.849544
0.790556
0.755185
-0.595827
-0.525087
-0.515532
-0.000568294
-0.00116571
-0.000227182
-0.143641
-0.152384
-0.142482
-0.159277
0.0244168
0.0224011
0.0124918
0.0396238
0.0387725
0.0331955
0.0320912
0.0464933
0.0470866
0.0441285
0.0434718
-0.123838
-0.0416557
-0.0542119
-0.0105841
-0.0179524
-0.0258917
0.0489701
0.0482718
0.0484179
0.0474679
0.0480189
0.344039
0.329884
0.200216
0.211654
0.0487587
-0.0720073
-0.0871671
-0.0628734
-0.0587838
-0.0590684
-0.0638974
-0.0740706
-0.0894989
-0.109245
-0.130288
-0.0752871
-0.107168
-0.0908597
-0.0639271
-0.0581066
-0.0567736
-0.0597489
-0.0673745
-0.0805982
-0.099635
-0.123509
-0.149766
-0.10759
-0.128097
-0.148623
-0.172695
-0.121559
-0.145116
-0.158365
-0.185467
-0.129506
-0.153186
-0.154082
-0.18139
-0.130051
-0.123896
-0.136331
-0.162067
-0.103423
-0.0999829
-0.104229
-0.0857256
-0.0970847
-0.0611808
-0.0726146
-0.0504773
-0.0536187
-0.0558487
-0.0511967
-0.080297
-0.0652451
-0.128903
-0.101751
-0.187595
-0.159746
-0.200352
-0.203532
-0.179393
-0.12487
-0.106076
-0.120733
-0.105185
-0.118637
-0.0738844
-0.0885909
-0.0561202
-0.0623528
-0.0572885
-0.0544496
-0.0769982
-0.0643827
-0.119408
-0.0958932
-0.163236
-0.144165
-0.17071
-0.173057
-0.112179
-0.129688
-0.0912553
-0.146954
-0.132888
-0.0758201
-0.0851681
-0.0590522
-0.112493
-0.149935
-0.11296
-0.146174
-0.0783637
-0.0704751
-0.126047
-0.110662
-0.0793612
-0.0813317
-0.0639121
-0.0730526
-0.0462396
-0.0542371
-0.0399749
-0.0413687
-0.047593
-0.0419997
-0.0735006
-0.0577739
-0.124285
-0.0956458
-0.188393
-0.157346
-0.206389
-0.207693
-0.184568
-0.0929903
-0.0887286
-0.0791567
-0.0892334
-0.0557585
-0.0673209
-0.0454988
-0.0486138
-0.0527166
-0.0472609
-0.0784995
-0.0629688
-0.126418
-0.0999638
-0.173238
-0.152676
-0.179412
-0.182821
-0.165526
-0.09864
-0.113765
-0.061656
-0.0803187
-0.0439658
-0.0649187
-0.102011
-0.140737
-0.102377
-0.0809586
-0.0828557
-0.0230118
-0.0334568
-0.0164714
-0.105519
-0.106149
-0.0539294
-0.0443332
-0.0384179
-0.120699
-0.142242
-0.0848204
-0.0561125
-0.0515103
-0.056146
-0.0579243
-0.0434314
-0.050639
-0.0305076
-0.0362817
-0.0277933
-0.0278223
-0.0367114
-0.0308419
-0.0618267
-0.0468426
-0.110756
-0.0831703
-0.175815
-0.143881
-0.198004
-0.197134
-0.176399
-0.04623
-0.0337269
-0.0610594
-0.0565407
-0.0527558
-0.0596839
-0.0371934
-0.0447357
-0.0333945
-0.0333003
-0.0452069
-0.0375518
-0.0743138
-0.0572433
-0.124538
-0.0972508
-0.173637
-0.152113
-0.177961
-0.183132
-0.16229
-0.0850672
-0.0976869
-0.0699668
-0.0691709
-0.0504397
-0.0769285
-0.0142189
-0.0286756
-0.0565278
-0.0615459
-0.0479451
-0.0345897
-0.0880842
-0.0879209
-0.13025
-0.106778
-0.0278073
-0.0241507
-0.0434159
-0.0237332
-0.0386335
-0.0998949
-0.0653352
-0.0357839
-0.0326303
-0.0344866
-0.0366513
-0.0246448
-0.0305217
-0.0156174
-0.0193132
-0.0152854
-0.0143496
-0.0241841
-0.0185012
-0.0469543
-0.0333983
-0.0909648
-0.0660202
-0.151566
-0.121098
-0.177139
-0.173336
-0.122182
-0.157116
-0.049087
-0.0828701
-0.00353956
-0.0233931
-0.00375989
-0.000579283
-0.000694636
-0.0189499
-0.0102163
-0.0310094
-0.0269901
-0.0273091
-0.0310717
-0.0180591
-0.0221745
-0.0193333
-0.0169795
-0.0339745
-0.0251148
-0.0641655
-0.0467202
-0.114537
-0.0872552
-0.163992
-0.142278
-0.168862
-0.173398
-0.152609
-0.0732604
-0.0829963
-0.0612104
-0.0155382
-0.002953
-0.00805305
0.0129307
-0.0422153
-0.0600721
-0.021704
-0.0819844
-0.111975
-0.0896822
-0.0282034
-0.0474081
-0.00836148
-0.0209329
-0.0261675
0.00308194
0.0264635
-0.0866047
-0.0532428
-0.0126796
-0.0095367
-0.0105798
-0.0170849
-0.0152797
-0.0155315
-0.017212
-0.00798326
-0.0122425
-0.00200621
-0.00424582
-0.00304297
-0.00168132
-0.0111248
-0.00610719
-0.0302643
-0.018942
-0.066822
-0.0460604
-0.11892
-0.0922615
-0.144718
-0.139412
-0.0960874
-0.129079
-0.023473
-0.0577124
0.0213274
0.00181655
0.0508062
0.0373327
0.0118351
0.00366377
0.00893242
0.0125551
0.0131066
0.00468428
0.0095965
-0.0048636
-0.00117883
-0.00358187
-0.00550461
0.000881634
-0.000812763
-0.00387309
-4.69309e-05
-0.0199512
-0.010581
-0.0497131
-0.0327287
-0.0977832
-0.0718349
-0.14528
-0.124398
-0.150286
-0.155016
-0.134101
-0.0182861
-0.00506286
0.0356235
0.0614749
-0.0701475
-0.0695195
-0.0665907
-0.0563511
-0.0731342
-0.0723478
-0.0640817
-0.0705282
-0.0440293
-0.0548911
-0.0207087
-0.0324629
-0.00938872
-0.03942
-0.0501188
-0.032647
-0.0392523
-0.0317633
-0.0191767
-0.0179332
-0.0338558
0.00892701
0.0687144
0.0400711
0.00175335
0.000977904
-0.0473204
0.00105135
0.00173112
-0.000659469
-9.2616e-05
0.000776912
-0.000778276
0.00645694
0.00342334
0.00992286
0.00879415
0.00823395
0.00964328
0.00153568
0.00562459
-0.0134818
-0.00467699
-0.0413555
-0.0255619
-0.0820917
-0.060905
-0.106032
-0.0996763
-0.0658719
-0.0944254
0.00433703
-0.0295524
0.0498779
0.0303228
0.0777544
0.0651913
0.0960766
0.0880128
0.0145223
-0.00338442
0.00692191
0.022679
0.0195297
0.025776
0.0246111
0.0231261
0.0252162
0.0170764
0.0198448
0.0168236
0.0161374
0.0180816
0.0179739
0.0112875
0.0159089
-0.00502364
0.00425271
-0.0326977
-0.0171135
-0.0759556
-0.0526121
-0.119245
-0.0999118
-0.123811
-0.128056
-0.089889
-0.110007
-0.0503031
-0.0685301
-0.0360283
-0.0545254
-0.0321492
-0.0451047
-0.0629688
-0.0603252
-0.0581728
-0.0622374
-0.0423888
-0.0513028
-0.0216013
-0.032285
-0.0355844
-0.0168766
0.073602
0.101909
-0.00125856
-0.0110439
-0.042179
-0.0463646
-0.0437563
-0.0377926
-0.0499285
-0.0194747
-0.0565182
0.00831424
-0.0341062
-0.0593901
0.04132
0.10507
0.0776289
-0.0137026
-0.055136
-0.0280478
0.105303
0.111672
0.10281
0.0072472
-0.00464554
0.00425444
-0.0472961
0.0116595
0.0103966
0.0128313
0.0127707
0.0125439
0.0126304
0.0143128
0.01298
0.018294
0.0162805
0.0200229
0.0196164
0.0182869
0.0195113
0.01312
0.016241
0.00216461
0.00850873
-0.0172472
-0.00632305
-0.0455295
-0.0307097
-0.0643854
-0.0585335
-0.0344927
-0.0572959
0.0292749
-0.0029011
0.0750842
0.055569
0.100159
0.0892753
0.11328
0.1083
0.114847
0.00941507
-0.000961416
0.0240783
0.0175541
0.0320429
0.0286928
0.0359591
0.0341884
0.0370123
0.0369997
0.034375
0.0359187
0.0331385
0.0333637
0.0322318
0.0331038
0.0248035
0.0295156
0.00966621
0.0181253
-0.0143106
-0.000966918
-0.0508333
-0.0311153
-0.0886693
-0.0714407
-0.0941599
-0.0971741
-0.0643299
-0.0817506
-0.0313395
-0.0468103
-0.0189301
-0.0251256
-0.0122073
-0.045515
-0.0361728
-0.0566001
-0.0524241
-0.055604
-0.0576819
-0.0432257
-0.0505766
-0.0245362
-0.0343047
-0.0144843
-0.0522082
-0.0499869
-0.0633992
-0.0444851
-0.0772267
-0.0265887
-0.088004
0.00403106
-0.0900299
0.0425318
-0.0432848
-0.079372
0.0816986
0.0964804
0.0954892
-0.01639
-0.0574065
-0.0248567
0.0852024
0.0958354
0.0840933
-0.0101964
-0.000990441
0.0154516
0.0120885
-0.0548194
0.0205059
0.0187069
0.0226354
0.0219245
0.0232609
0.0228836
0.0250622
0.023849
0.027695
0.0264672
0.0283506
0.0283246
0.0269308
0.0278514
0.0232454
0.02546
0.0158759
0.0200791
0.00368203
0.0104485
-0.0130723
-0.00439483
-0.0237609
-0.0205897
-0.00266402
-0.0178998
0.0485616
0.0216162
0.0906706
0.0723565
0.112153
0.103512
0.119333
0.117315
0.113192
0.118041
0.105208
0.00320427
-0.00672321
0.0201268
0.0122242
0.0320024
0.026525
0.039517
0.0362672
0.0438944
0.0419133
0.0468087
0.045577
0.0470304
0.0472908
0.0457245
0.0463846
0.0434354
0.0448961
0.0363306
0.0406349
0.0233321
0.0304953
0.00410459
0.0146434
-0.0245003
-0.00894923
-0.0563261
-0.0414647
-0.0625179
-0.0643269
-0.0394775
-0.0527511
-0.0135903
-0.0257027
-0.00384565
0.00415179
0.0151972
-0.0189703
-0.00746304
-0.0393651
-0.029658
-0.0531122
-0.0473851
-0.0559572
-0.0560625
-0.0469884
-0.0527931
-0.0298969
-0.0390995
-0.0201302
-0.0715133
-0.0624461
-0.0936835
-0.0588019
-0.115657
-0.0371974
-0.128916
0.000772556
-0.126011
0.0463263
-0.104057
0.0801357
-0.0302176
-0.0676785
0.0840403
0.0699311
0.0704777
0.00638293
-0.0716312
0.0231716
0.0147535
0.0191468
0.027932
0.0254943
0.0303421
0.0290857
0.0315151
0.030823
0.0332632
0.0322106
0.0348925
0.0342093
0.0350735
0.0351489
0.0341398
0.0347347
0.0317606
0.0331846
0.0273213
0.0298076
0.0206332
0.0242557
0.0127609
0.016628
0.0101163
0.0100617
0.0268031
0.0153727
0.0642394
0.0443255
0.0975942
0.0827136
0.114664
0.108022
0.118341
0.118031
0.11026
0.115713
0.0926773
0.102175
0.0680379
0.0812186
0.00307693
-0.00450808
-0.00183403
0.0160714
0.00943524
0.0287636
0.022651
0.0384507
0.033943
0.0453044
0.0422124
0.0499133
0.0477989
0.0535024
0.0518107
0.0555035
0.0547915
0.055118
0.0555882
0.0524946
0.0541095
0.0463214
0.0499359
0.0359161
0.0415752
0.0218323
0.029384
0.000687437
0.0124909
-0.0257147
-0.0131312
-0.0323908
-0.0323694
-0.0159666
-0.0256514
0.00240666
-0.00635399
0.0156155
0.00978822
0.0197539
0.00735715
0.0260453
0.0173442
-0.0139938
-0.00309125
-0.0354347
-0.0249378
-0.0522798
-0.0447867
-0.0592873
-0.0572585
-0.0539118
-0.0581268
-0.0380519
-0.0469347
-0.0175185
-0.0281026
0.00214975
-0.00656012
-0.0305987
-0.003938
0.0534644
0.0531389
-0.101775
-0.0836192
0.0305418
-0.136139
-0.077613
0.0203937
-0.000854307
0.0128273
-0.164627
-0.0469821
-0.175687
0.00187724
-0.16162
0.0503386
-0.123179
0.0733923
-0.0710289
0.0691837
0.000522127
-0.0246181
0.0526173
0.0346269
0.0366668
-0.0985862
0.0289123
0.0242443
0.0334517
0.0309321
0.0359778
0.0346484
0.037582
0.0366881
0.0392671
0.038464
0.0402713
0.0398925
0.0404094
0.040424
0.039978
0.0402758
0.0387032
0.0394666
0.0365008
0.0377046
0.0336912
0.03513
0.0317174
0.032422
0.0347968
0.0322375
0.0499766
0.0405815
0.0768596
0.0627904
0.100706
0.0899667
0.113066
0.108332
0.114322
0.11503
0.105776
0.111265
0.0892356
0.0983432
0.0661448
0.078374
0.0382772
0.0527672
0.0124046
0.0163378
0.0131976
0.0169958
0.0138209
0.0261444
0.0211487
0.0355993
0.0309204
0.0435546
0.0398083
0.0496882
0.0468291
0.0543161
0.0521535
0.0580878
0.0562732
0.0608804
0.0596716
0.0616071
0.0615609
0.0598267
0.0610261
0.0552554
0.0579029
0.0478852
0.0518489
0.0384243
0.0434818
0.0224001
0.0317019
0.000398941
0.0109444
-0.0061497
-0.00551011
0.0041869
-0.00206103
0.0163418
0.0102464
0.0253496
0.0212615
0.0282647
0.0275384
0.034226
0.010573
0.019515
-0.0103896
0.000548878
-0.0337714
-0.0220256
-0.0543454
-0.0448156
-0.0659167
-0.061575
-0.0642871
-0.0668714
-0.0494955
-0.0583004
-0.0267855
-0.0386387
-0.0139011
0.00818735
0.0211981
0.01879
0.0229637
-0.143698
-0.111587
0.0277276
0.02396
-0.188462
-0.0962124
-0.217674
-0.0506762
-0.218413
0.008123
-0.186237
0.050979
-0.128511
0.0602048
-0.0634105
0.0501917
-0.0128868
0.0314543
0.0267946
0.0174173
0.0134067
0.0328514
0.0356198
0.032067
0.0405549
0.000251884
0.00754398
-0.135181
0.0332792
0.0291893
0.0376682
0.035254
0.0402921
0.0390201
0.0420835
0.0412749
0.0435113
0.0429073
0.0442647
0.0439872
0.0445722
0.0444661
0.0445833
0.0446285
0.0442059
0.0444425
0.0436259
0.0439195
0.0433791
0.0434055
0.0448811
0.0437764
0.0509379
0.0471275
0.0648739
0.0568359
0.0848034
0.0746083
0.101613
0.0940993
0.109835
0.106834
0.109247
0.110583
0.100704
0.105887
0.0855075
0.0938506
0.0648498
0.0757974
0.0402914
0.0529316
0.0143074
0.0272729
0.0265021
0.0295237
0.0239228
0.0245383
0.0271805
0.0248817
0.0336037
0.0301683
0.0408669
0.0371824
0.0475079
0.0443332
0.0529789
0.0503761
0.0574585
0.0553257
0.0612319
0.0594142
0.0642774
0.062879
0.0657905
0.0652742
0.0652281
0.0657553
0.0627612
0.064217
0.0585895
0.0608553
0.0524461
0.0559251
0.0393877
0.0471071
0.0215456
0.0300048
0.0153334
0.0165712
0.0203432
0.0171324
0.0272966
0.0238735
0.0331088
0.0303996
0.0367612
0.0353596
0.0379126
0.0292364
0.0355442
0.0132469
0.0218712
-0.00854466
0.00303569
-0.0346125
-0.0213162
-0.0593612
-0.0475819
-0.0758809
-0.0690599
-0.0782508
-0.0790793
-0.0645193
-0.0732806
-0.0386166
-0.0523717
-0.0065318
-0.0228667
0.0197568
0.00623213
-0.193481
-0.141591
0.00191879
-0.00763031
0.0306893
0.0166609
0.0250764
0.0203942
0.0102417
-0.241542
-0.107924
-0.261394
-0.0453766
-0.2419
0.0155464
-0.18838
0.0432945
-0.115687
0.0409764
-0.0437104
0.0264899
0.00237829
0.00666761
0.0369664
0.0385805
0.0375592
0.0364934
0.0267894
-0.00961755
0.0356088
0.00803498
0.0430293
0.0139297
-0.176983
0.0341079
0.032797
0.0372798
0.0354431
0.0409982
0.0391756
0.043539
0.0424324
0.0452832
0.0445595
0.0464835
0.0459931
0.0472272
0.0469218
0.0477474
0.0475162
0.0481296
0.0479611
0.0484438
0.0482848
0.0489818
0.04866
0.0503319
0.0495018
0.0536796
0.0516612
0.0608309
0.0566673
0.0731421
0.0663625
0.0881314
0.0805894
0.100232
0.0948808
0.105618
0.10381
0.103888
0.105595
0.0956853
0.100525
0.0819836
0.0894498
0.0636782
0.073313
0.0423854
0.0532567
0.0312838
0.0368649
0.0381675
0.0333953
0.0351302
0.032026
0.0322399
0.0342539
0.0327321
0.0391543
0.0365081
0.0449216
0.0419944
0.0504935
0.0477841
0.0553757
0.0530183
0.0596106
0.0575667
0.0632998
0.0615175
0.0663893
0.0649403
0.068358
0.0675426
0.0688678
0.0687809
0.0682212
0.0686609
0.0665616
0.0675402
0.0624438
0.0650302
0.0517613
0.0580178
0.0379101
0.0444626
0.0317327
0.0336632
0.0327358
0.0317198
0.0358718
0.0342372
0.0391261
0.0375437
0.0415009
0.0404078
0.0422773
0.0414938
0.0448601
0.031065
0.0369412
0.0149148
0.0238597
-0.0085308
0.00405315
-0.0374649
-0.0225791
-0.0665464
-0.0524137
-0.0882447
-0.0788325
-0.0948286
-0.0937965
-0.0822487
-0.0909192
-0.0530761
-0.0691858
-0.0168824
-0.035264
-0.00173839
-0.0186558
0.0227157
-0.00962549
0.000948132
-0.24066
-0.164357
-0.280366
-0.106305
-0.279148
-0.0333466
-0.022128
-0.233425
0.0163603
-0.164389
0.0255305
-0.0878991
0.0156418
0.0350437
0.037163
0.0342065
0.0311251
-0.0198545
-0.00261919
0.0337184
0.0188691
-0.0215318
0.0364115
0.0342932
-0.0339334
0.0212562
0.0481998
0.0474557
-0.0201175
-0.00735348
0.048279
-0.21416
0.0365771
0.0305381
0.0329516
0.0394224
0.0386453
0.0412937
0.0405502
0.0437622
0.0425925
0.0459058
0.0449953
0.0474702
0.0468158
0.0485741
0.0481032
0.0493944
0.0490231
0.0501026
0.0497645
0.0507885
0.0504454
0.0516106
0.0511688
0.0528829
0.0521658
0.055155
0.0538494
0.0593299
0.0569424
0.066504
0.0624884
0.0770159
0.0714018
0.088491
0.082792
0.0973605
0.0934848
0.100888
0.0998384
0.0986067
0.100442
0.0909736
0.0954002
0.0787631
0.085384
0.0628067
0.0711646
0.044514
0.0538059
0.026012
0.035093
0.0100471
0.0175245
-0.0141538
-0.00177811
0.00352707
0.0402085
0.0392134
0.0399533
0.0404264
0.0382289
0.0391028
0.037617
0.0376737
0.0394448
0.0382259
0.0432865
0.0412018
0.0479578
0.0455716
0.0526975
0.0503567
0.0570799
0.0549406
0.0610324
0.059108
0.064569
0.0628523
0.0676295
0.0661713
0.0698405
0.0688576
0.0710518
0.0705557
0.0715533
0.071367
0.0713231
0.0715825
0.0685107
0.0704343
0.06027
0.0650557
0.0496207
0.0547508
0.0432908
0.0457834
0.0416409
0.0420572
0.0422232
0.0417791
0.0435427
0.042843
0.0448858
0.044271
0.04582
0.0455225
0.0463219
0.0424649
0.0456499
0.0323863
0.0381155
0.0155593
0.02499
-0.0094908
0.00400006
-0.0409947
-0.0246541
-0.0742248
-0.057815
-0.101027
-0.0890431
-0.111887
-0.108949
-0.100681
-0.109125
-0.0692209
-0.0869431
-0.0309187
-0.0500805
-0.00284192
-0.0143673
0.00915081
-0.270811
-0.167441
-0.00506325
0.00881567
0.00663613
-0.289416
-0.0935963
-0.0376552
-0.261838
-0.0234197
-0.194842
0.00382878
-0.0358063
0.030689
0.0353255
0.0331563
0.0271151
-0.117671
-0.00067961
0.0261038
-0.0454469
-0.0167618
-0.0189701
-0.0290677
0.0287109
0.00785154
-0.0374753
0.0337645
0.033018
-0.0521253
0.0377885
0.0361566
0.0286963
0.034003
0.0173532
0.0481238
0.0480129
0.0257694
-0.236415
0.0408121
0.038602
0.0431352
0.0422038
0.0444162
0.0439286
0.0459758
0.0452514
0.0475981
0.0468644
0.0489554
0.0483568
0.0500249
0.0495366
0.050932
0.0505003
0.0517932
0.0513677
0.0527166
0.0522399
0.0538892
0.0532574
0.0556136
0.05466
0.0583593
0.0568246
0.0627724
0.0603196
0.0694499
0.0658126
0.0781411
0.0736348
0.0872008
0.0828092
0.0938212
0.0909636
0.0961202
0.0955508
0.0936485
0.0954617
0.0867103
0.0906918
0.0759382
0.0817494
0.0621699
0.0693626
0.0466143
0.0544761
0.03107
0.0386698
0.0179121
0.0240568
0.0127233
0.0396252
0.0375724
0.0421326
0.0411817
0.0424616
0.0425139
0.0416989
0.0421187
0.0415907
0.0414606
0.0432151
0.0421949
0.0463
0.0445803
0.0502064
0.0482031
0.0542975
0.0522548
0.058237
0.0562978
0.0618986
0.0601038
0.0652494
0.0636145
0.0682194
0.0667924
0.0705407
0.0694742
0.0721506
0.0714211
0.0732487
0.0727508
0.0736541
0.0735954
0.0717219
0.0731225
0.0654871
0.0691174
0.0570733
0.0612436
0.0508081
0.0535505
0.0477074
0.0489302
0.0467114
0.0470281
0.0467549
0.0466508
0.0472803
0.0470227
0.0477324
0.0475613
0.0480497
0.0478522
0.0485579
0.048755
0.0431137
0.0460249
0.033191
0.0389493
0.0157812
0.0255515
-0.0102662
0.00379503
-0.0437274
-0.0262345
-0.0803863
-0.0620663
-0.111711
-0.0974522
-0.126428
-0.12174
-0.116839
-0.124834
-0.0845605
-0.102949
-0.045027
-0.0645423
-0.0109131
-0.0261644
0.0032884
-0.00668158
0.0063079
-0.269967
-0.159914
-0.0588148
-0.263526
-0.0765133
0.0314926
0.0381373
0.0383939
0.0305716
-0.211678
-0.0267152
-0.0561579
0.0239726
-0.134848
-0.0225694
0.0206481
-0.059933
-0.0352602
-0.0221859
-0.0479005
0.0218573
-0.00195094
-0.0578595
-0.0361655
0.0276613
0.0324292
-0.0770169
0.0360998
0.0414381
0.0314844
0.0487153
-0.00673361
0.0073694
-0.224857
0.0397563
0.0354545
0.0378234
0.0436973
0.0420655
0.0453892
0.0447048
0.0463959
0.0459468
0.047515
0.0469767
0.048745
0.0481527
0.0499307
0.0493761
0.0509865
0.050483
0.0519674
0.0514872
0.0529479
0.0524541
0.054048
0.0534751
0.0554487
0.0546972
0.0574244
0.0563454
0.0603557
0.0587459
0.0646825
0.0623238
0.0706799
0.0674772
0.0779318
0.0742238
0.0850909
0.0816755
0.0901057
0.0879669
0.0915895
0.0913245
0.0891279
0.0908389
0.0829188
0.0864578
0.0735123
0.0785603
0.061706
0.0678573
0.048527
0.0551757
0.0356659
0.0419458
0.0248731
0.0298664
0.0179916
0.0207756
0.0170161
0.0166682
0.00968679
0.0224431
0.0188425
0.039625
0.0385714
0.0422855
0.0409758
0.044059
0.0433325
0.0445079
0.0444307
0.0442681
0.0444152
0.0444815
0.0442315
0.0459382
0.0449983
0.0485245
0.0470871
0.0518479
0.050136
0.0554177
0.0536216
0.0589644
0.057206
0.0623417
0.0606785
0.0654878
0.063946
0.0683266
0.0669539
0.0706591
0.0695736
0.0724515
0.0716123
0.0737947
0.0731774
0.0743969
0.0742401
0.0729382
0.0740259
0.068063
0.0709044
0.0612437
0.0646967
0.0553556
0.0580639
0.0516356
0.0532358
0.0497443
0.0505061
0.0490183
0.0492562
0.0488788
0.0488429
0.0489055
0.0488058
0.0491109
0.0488231
0.0487835
0.0480881
0.0490505
0.0435357
0.0462802
0.0337803
0.0394942
0.0163137
0.0261195
-0.0100212
0.0042497
-0.044509
-0.0264036
-0.0832872
-0.0636848
-0.117976
-0.102128
-0.135477
-0.129459
-0.127643
-0.13495
-0.095618
-0.114096
-0.0538751
-0.0745994
-0.0144353
-0.0326021
0.0134998
0.000296192
0.0288001
0.0224414
-0.0840069
-0.240885
-0.137796
0.0324057
0.0491106
0.0390475
0.0303306
-0.212848
-0.0688877
0.0273428
0.0141736
-0.0827446
0.0215731
-0.146622
-0.0489997
-0.00542543
0.0153699
-0.0672074
-0.0613118
-0.0238567
-0.072739
0.0139405
-0.00144443
-0.0818002
-0.0414458
0.0185652
0.0369518
-0.106973
-0.0579241
0.0290094
0.0488829
-0.119474
0.0420416
0.0334646
0.0436999
0.048402
0.0403623
0.0433236
-0.196737
0.0367523
0.0332262
0.0357085
0.0415544
0.0395239
0.0451582
0.0437624
0.0467229
0.0461149
0.0475325
0.0471539
0.048418
0.0479677
0.0494365
0.0489253
0.0505099
0.0499827
0.0515597
0.0510446
0.0525959
0.0520791
0.0536705
0.053124
0.0548936
0.0542556
0.0564319
0.0556114
0.0585229
0.0573924
0.0614651
0.0598705
0.0655443
0.0633529
0.0708431
0.0680553
0.0769198
0.0738431
0.0826322
0.0799383
0.0864801
0.0848577
0.0874218
0.0873468
0.085079
0.086652
0.0795878
0.0826977
0.0714485
0.0757993
0.0613787
0.0666047
0.0503139
0.0558874
0.0397617
0.044848
0.0309831
0.0350231
0.0258458
0.0278477
0.0261317
0.0252835
0.0320968
0.0283194
0.0375222
0.046518
0.0510473
0.0481984
0.0439205
0.0450245
0.0436397
0.0434158
0.0448872
0.0441637
0.0459501
0.0454888
0.0462115
0.0461371
0.0462428
0.0461917
0.046611
0.0463207
0.0479226
0.0471354
0.0501521
0.0489395
0.0530095
0.0515283
0.056154
0.054563
0.0593526
0.057758
0.0624565
0.0609225
0.0653847
0.063946
0.0680671
0.0667613
0.0703384
0.0693054
0.0721631
0.0712988
0.0735338
0.0729121
0.0740967
0.0739596
0.0728326
0.0737616
0.0688664
0.0711653
0.0632252
0.0661232
0.0578868
0.0604143
0.0540244
0.0557552
0.0516708
0.0526804
0.0503998
0.0509221
0.0497574
0.0500167
0.0493936
0.0495464
0.0490645
0.0492177
0.0485263
0.048846
0.0482156
0.0490525
0.0440473
0.0466166
0.0345937
0.0401447
0.0174921
0.0271008
-0.00852255
0.00562545
-0.0428433
-0.0248548
-0.0817137
-0.061723
-0.118423
-0.102162
-0.136799
-0.130142
-0.130217
-0.136949
-0.0988166
-0.117091
-0.0551856
-0.077102
-0.014568
-0.0333189
0.0122062
0.000143239
0.0268991
0.0208459
0.0295777
0.0310945
-0.197433
-0.119193
0.0401485
0.0474288
0.0549255
0.0465128
0.0324175
0.0216558
-0.115765
0.0202007
-0.155621
-0.0817202
-0.00124008
0.010988
-0.0816774
-0.0896996
-0.0234164
-0.104566
0.00591332
-0.00374739
-0.115656
-0.0448709
0.00747826
0.0492693
-0.143009
-0.0861766
-0.0656086
0.0170994
0.0637941
-0.161285
0.0342298
0.0537147
0.0568701
0.0383313
0.0333892
-0.16533
0.037823
0.0356581
0.0423977
0.0401726
0.0457077
0.0442826
0.0472414
0.0465971
0.0480501
0.0476684
0.0488331
0.0484228
0.0497491
0.0492752
0.0507612
0.0502508
0.0518094
0.0512832
0.0528899
0.0523458
0.0540384
0.0534519
0.0553448
0.0546647
0.0569578
0.0561028
0.0590771
0.0579416
0.0619316
0.0604011
0.065698
0.0636981
0.070348
0.0679302
0.0754459
0.0728893
0.0800888
0.077885
0.083073
0.0818279
0.0836562
0.0836931
0.0814922
0.0829128
0.0766945
0.0793946
0.0697026
0.0734327
0.0611612
0.0655749
0.0519502
0.0565719
0.0432694
0.0474582
0.0364005
0.0395046
0.0327363
0.0340207
0.0338264
0.0326929
0.0399147
0.0362076
0.0502735
0.0449186
0.0428688
0.0538697
0.0618569
0.0555884
0.0522218
0.0582906
0.0544991
0.0489718
0.0504675
0.0473278
0.0479272
0.0473267
0.0471741
0.0476968
0.0475384
0.0477592
0.0477571
0.047808
0.0477543
0.0482343
0.0479506
0.0493895
0.048712
0.0513124
0.0502693
0.0537939
0.0525012
0.0565813
0.0551646
0.0594684
0.0580231
0.0623116
0.060902
0.0650182
0.0636867
0.0674922
0.0662923
0.069659
0.068559
0.0714484
0.070609
0.0727287
0.0721612
0.0731554
0.0730834
0.0719691
0.0728076
0.0686329
0.0705505
0.0638772
0.0663385
0.0591092
0.0614073
0.0553374
0.0570729
0.0527691
0.0539145
0.0511583
0.0518695
0.0501568
0.0506139
0.0494451
0.0497891
0.0487435
0.0491097
0.0478904
0.048422
0.0487714
0.0474699
0.0484037
0.0489736
0.0447076
0.0470626
0.035739
0.0410442
0.0192997
0.0285445
-0.00586855
0.00783406
-0.0391754
-0.0216869
-0.0770653
-0.0578243
-0.111514
-0.0956891
-0.1297
-0.123175
-0.123588
-0.129955
-0.0933573
-0.110983
-0.050759
-0.0723261
-0.0123727
-0.0298602
0.0131426
0.0018153
0.0259685
0.0206737
0.0289864
0.0326989
-0.16244
0.0196847
-0.158956
-0.11963
0.0330401
0.064147
0.00780495
0.00797824
-0.108806
-0.117502
0.0307974
0.0645216
0.0713663
-0.0187521
0.0572138
0.0481011
-0.145533
-0.0013438
-0.0283528
-0.150434
-0.0452153
-0.00432143
0.0471789
-0.19027
-0.122725
-0.0709274
0.00174913
0.0851309
-0.216397
-0.0963142
0.0187731
0.0735519
-0.218402
0.0352718
0.0476031
0.0457176
0.058792
0.0256266
0.0206871
-0.148641
0.0381874
0.0353258
0.0424129
0.0403661
0.0455028
0.0441411
0.047147
0.0464473
0.0480736
0.0476488
0.0488626
0.0484595
0.0497435
0.0492859
0.05073
0.0502283
0.0517846
0.0512488
0.0529041
0.0523371
0.0541098
0.0534932
0.0554742
0.0547663
0.0571226
0.0562543
0.0592209
0.0581058
0.0619405
0.0604957
0.065383
0.0635728
0.0694598
0.0673605
0.0737616
0.0716228
0.0775259
0.0757687
0.0799347
0.0789575
0.0802888
0.0803865
0.0783367
0.0795962
0.0741865
0.0765139
0.0682109
0.0713907
0.0610028
0.0647138
0.0533784
0.0571828
0.0463368
0.0497218
0.0409748
0.0433737
0.0386103
0.0393038
0.0402744
0.0388572
0.04633
0.04271
0.0558375
0.0509221
0.0677629
0.060874
0.0716919
0.065343
0.0769498
0.0640666
0.0698565
0.057183
0.0599876
0.0531801
0.0549929
0.0505607
0.0516353
0.0496027
0.0499296
0.0493324
0.0494413
0.0491329
0.049229
0.0490888
0.0490744
0.0494633
0.0492122
0.0504584
0.0498774
0.052116
0.0512142
0.0542835
0.05315
0.0567595
0.0554962
0.0593627
0.0580552
0.0619582
0.0606679
0.0644489
0.0632216
0.0667467
0.0656276
0.0687776
0.0677877
0.0704434
0.069663
0.0715835
0.0710912
0.0718622
0.0718576
0.0707191
0.0714954
0.0678375
0.069477
0.0637668
0.0658829
0.0595076
0.0615901
0.0559182
0.0576024
0.0532701
0.0544828
0.0514394
0.0522763
0.0501586
0.050761
0.0491461
0.0496419
0.0481647
0.0486562
0.0470171
0.0476424
0.0454176
0.0462522
0.0480574
0.0455788
0.0467795
0.0484514
0.048642
0.0453449
0.0474261
0.0369864
0.0419602
0.0213766
0.0301678
-0.0025148
0.0104691
-0.0338285
-0.017417
-0.0688139
-0.0512159
-0.0996797
-0.08546
-0.115679
-0.110093
-0.109357
-0.11551
-0.0813871
-0.0975864
-0.0428477
-0.0624126
-0.00848904
-0.0241926
0.0145283
0.0043691
0.0259097
0.0211698
0.0309559
0.0289611
0.0310953
0.0208761
0.00622819
-0.140961
-0.144875
0.032953
0.0765781
0.044482
-0.00858424
0.037338
0.0230334
0.0687808
0.0603491
-0.202471
-0.00727932
-0.0810016
-0.176916
-0.0403072
-0.0155345
0.00806964
-0.234056
-0.170939
0.0507431
-0.0722878
-0.0151715
0.0799244
-0.283129
-0.103231
-0.00234001
0.101241
-0.29747
-0.135903
0.0259866
0.0651
0.077129
0.00975337
0.0354486
0.0201267
0.071298
0.00579929
-0.156869
0.0377165
0.0352914
0.0419255
0.0399783
0.0448848
0.0435478
0.0466603
0.0458831
0.0477305
0.0472394
0.0485833
0.0481584
0.0494704
0.0490127
0.050455
0.0499527
0.0515228
0.050978
0.0526777
0.0520898
0.0539303
0.0532898
0.0553377
0.05461
0.057002
0.0561308
0.0590571
0.0579733
0.0616291
0.0602742
0.0647678
0.0631314
0.0683545
0.0665227
0.0720196
0.0702106
0.0751548
0.0736954
0.0770886
0.0763091
0.0772974
0.0774239
0.0755733
0.0766739
0.0720025
0.0739982
0.0669237
0.0696192
0.0608737
0.0639776
0.0545904
0.0577081
0.0489445
0.0516348
0.0448759
0.0466537
0.043447
0.0437704
0.0455244
0.0440094
0.0515928
0.0480566
0.0603482
0.0557394
0.0723383
0.0656754
0.0860735
0.0890515
0.0802859
0.0822642
0.0808087
0.0754206
0.0811099
0.0888149
0.0852051
0.0688845
0.0744453
0.0612923
0.064564
0.0565605
0.0587144
0.0533687
0.0547769
0.051657
0.0523583
0.0508267
0.0511788
0.0503392
0.0505533
0.0501445
0.050197
0.0504036
0.0502107
0.051232
0.0507443
0.0526493
0.0518742
0.0545388
0.0535468
0.0567324
0.0556091
0.059072
0.0578931
0.0614319
0.060256
0.0637151
0.0625881
0.0658389
0.0648013
0.0677208
0.0668137
0.0692467
0.068535
0.0702431
0.069824
0.0703992
0.0704473
0.0693016
0.0700232
0.0667676
0.0681978
0.0632264
0.0650707
0.0593988
0.0612903
0.056012
0.0576256
0.0533471
0.0545918
0.0513574
0.0522862
0.049842
0.0505623
0.0485584
0.0491838
0.0472908
0.0479278
0.0458987
0.0466664
0.0440449
0.0449847
0.0430072
0.0449401
0.04191
0.0435223
0.0475128
0.0463748
0.0484018
0.048262
0.0459189
0.0476935
0.0381619
0.0428213
0.0234042
0.0317205
0.00102822
0.0131368
-0.0276483
-0.0127067
-0.0586515
-0.0432243
-0.084857
-0.0729093
-0.0974619
-0.0933273
-0.0906217
-0.0965797
-0.0657905
-0.0799926
-0.0329455
-0.0495513
-0.00383693
-0.0171552
0.0157678
0.00710611
0.025611
0.0215585
0.0289063
0.0279442
0.0287382
0.0290258
0.006261
0.0498221
0.000828393
0.0196034
0.0364109
-0.274039
-0.00955226
-0.0114338
-0.146974
-0.194841
-0.0291252
-0.0254067
-0.0722031
-0.260421
0.0962661
0.0984238
-0.236336
0.0653501
0.0896942
0.0855539
0.0845315
0.0917562
0.0407719
0.0402381
0.0390147
0.0283223
0.0267715
0.0262839
-0.0675999
-0.0317452
0.0261649
-0.336619
0.00693926
0.0236149
-0.105732
-0.026156
0.0914534
-0.385102
-0.188837
-0.144344
-0.0241437
-0.00180662
-0.00324569
0.0938117
-0.37596
0.0396473
-0.0128237
-0.189949
0.0325449
0.0304068
0.037031
0.0348084
0.0410798
0.0391612
0.0440318
0.042689
0.0459226
0.0450816
0.0471272
0.046576
0.0480591
0.0476042
0.0489723
0.0485067
0.0499674
0.0494615
0.051053
0.0504977
0.0522398
0.0516342
0.0535343
0.0528724
0.0549787
0.0542342
0.056654
0.0557821
0.0586638
0.0576117
0.0610975
0.0598255
0.0639688
0.0624836
0.0671464
0.0655356
0.0703028
0.0687548
0.0729415
0.0717195
0.074527
0.0738938
0.0746475
0.0747824
0.0731404
0.0740939
0.0700877
0.0717891
0.0657956
0.0680677
0.0607485
0.0633283
0.0556022
0.0581416
0.0511242
0.0532323
0.0481393
0.0493952
0.0475019
0.0474847
0.0499477
0.0483045
0.0558393
0.0524983
0.0643466
0.0598058
0.0761145
0.0697411
0.0914924
0.0833955
0.0933422
0.0811881
0.0665099
0.0743856
0.0908513
0.0865782
0.09719
0.0942971
0.0726977
0.0781142
0.0647364
0.0682789
0.0594035
0.0618275
0.0557437
0.0573943
0.0534704
0.0544561
0.0521691
0.0527347
0.0513925
0.0517319
0.0510187
0.0511533
0.0511271
0.0510093
0.051779
0.0513857
0.0529682
0.0523124
0.054599
0.0537385
0.0565292
0.0555366
0.0586205
0.0575631
0.0607559
0.0596891
0.0628415
0.0618099
0.0647969
0.0638398
0.0665327
0.065698
0.0679295
0.0672826
0.0688031
0.0684436
0.0688775
0.0689564
0.0678423
0.0685084
0.065589
0.0668533
0.0624299
0.0640886
0.0589894
0.0607126
0.055791
0.0573357
0.0531261
0.054391
0.0510004
0.0520085
0.0492671
0.0501002
0.0477258
0.0484818
0.0462205
0.0469666
0.0445937
0.0454317
0.0425549
0.0436069
0.0414021
0.0442116
0.0425197
0.0470246
0.0458277
0.0481868
0.047843
0.0462328
0.0477454
0.0389894
0.0433804
0.0250145
0.0328809
0.00420061
0.0153918
-0.0215905
-0.00827931
-0.0481936
-0.0351403
-0.0693008
-0.0598743
-0.0780735
-0.0755678
-0.0706225
-0.0763912
-0.0491355
-0.0612074
-0.0221455
-0.0356954
0.00133213
-0.00940864
0.017082
0.0101387
0.0247508
0.0217296
0.0269431
0.026351
0.027124
-0.0118793
0.0567055
-0.0348195
-0.0331919
-0.172355
-0.267877
0.100116
-0.321573
0.0812803
0.0994946
0.038469
0.0371905
0.0276175
0.0255242
-0.0554921
-0.0465682
-0.079191
-0.36283
0.0399644
-0.10201
-0.0499862
0.0265095
-0.447128
-0.0136604
0.00685727
-0.260246
-0.148125
-0.0573048
-0.0298544
-0.0367797
0.0809658
-0.479707
-0.198576
-0.000662522
0.0627358
0.0440536
0.0281151
-0.0365756
-0.243591
0.031907
0.029757
0.0362411
0.0341091
0.0401297
0.0382707
0.043061
0.0417182
0.0450376
0.0441507
0.0463495
0.0457495
0.0473511
0.0468683
0.0482895
0.0478169
0.0492964
0.0487746
0.0504006
0.0498358
0.0516148
0.050994
0.0529478
0.0522656
0.0544302
0.0536678
0.0561218
0.0552459
0.0580984
0.0570708
0.0604173
0.0592145
0.0630661
0.0617062
0.0659096
0.0644781
0.0686602
0.0673194
0.0709093
0.0698733
0.0722287
0.0717063
0.0722967
0.0724283
0.0709892
0.0718108
0.0683917
0.0698354
0.0647819
0.0666874
0.060597
0.0627274
0.0564162
0.0584663
0.0529125
0.0545376
0.0508128
0.051645
0.0508269
0.0505208
0.053576
0.0518326
0.0593209
0.0561012
0.0676784
0.0631827
0.0790395
0.0729727
0.0935409
0.0859518
0.109022
0.110162
0.101717
0.106339
0.107843
0.101954
0.104501
-0.439008
0.0970954
0.0994449
0.0940122
0.084142
0.0893566
0.101011
0.0978376
0.105671
0.103693
0.101398
0.109179
0.107611
0.0871835
0.0940427
0.0756309
0.0810054
0.0674533
0.071168
0.0617457
0.0643694
0.0577168
0.0595508
0.0550332
0.0562297
0.0533486
0.0540945
0.052302
0.0527627
0.05174
0.0519629
0.0516802
0.0516467
0.0521457
0.0518497
0.0531106
0.0525713
0.0544926
0.053758
0.0561713
0.0553036
0.0580246
0.0570837
0.0599456
0.0589826
0.0618458
0.060903
0.0636449
0.0627625
0.0652535
0.0644784
0.0665416
0.0659457
0.0673261
0.0670077
0.0673637
0.067451
0.06641
0.0670167
0.0643987
0.0655241
0.0615782
0.0630632
0.0584181
0.0600097
0.0553712
0.0568604
0.0526962
0.0539836
0.0504344
0.0515211
0.0484871
0.0494318
0.0467028
0.0475819
0.0449356
0.0458259
0.0431052
0.0440436
0.0408803
0.0420185
0.0396822
0.0396406
0.0358521
0.0377603
0.0433275
0.0414959
0.0463749
0.045024
0.0478616
0.0473503
0.0462495
0.047594
0.0393394
0.043557
0.0259832
0.0334739
0.00664252
0.0169524
-0.0162903
-0.0046017
-0.0385438
-0.0278256
-0.0546654
-0.0477084
-0.0596912
-0.0587733
-0.0516337
-0.0572313
-0.0332571
-0.0433552
-0.0116191
-0.0223699
0.00660959
-0.00170283
0.0185267
0.0133291
0.024022
0.0219448
0.0254334
0.0250553
0.0249267
0.025392
0.0234366
0.02428
-0.0366873
0.0780635
-0.0677595
-0.0586373
-0.21009
-0.357279
0.05751
-0.0892916
-0.0721169
-0.0958231
-0.469422
0.0261221
0.118007
0.118746
0.103004
0.110667
-0.355765
0.0343311
0.033911
0.0323851
0.0224926
0.0214302
0.0203698
-0.144724
0.00798141
-0.0705256
0.0109469
-0.543819
-0.0406744
-0.0153312
-0.201313
-0.27203
-0.0448669
0.0478595
-0.548202
-0.0988097
-0.0659328
0.0117175
0.0948948
0.112587
0.112421
0.0702323
0.0606723
-0.0667229
-0.31075
0.07633
0.0268082
0.0246537
0.0311726
0.028995
0.0354163
0.0333338
0.0391589
0.0373909
0.0420574
0.0407182
0.0440806
0.043165
0.0454634
0.0448297
0.0465144
0.0460117
0.0474732
0.0469935
0.0484819
0.0479629
0.0495922
0.0490227
0.0508259
0.050193
0.0521939
0.0514924
0.0537173
0.0529344
0.0554366
0.0545498
0.0574006
0.0563859
0.0596373
0.0584856
0.0621125
0.0608511
0.0646906
0.0634016
0.067119
0.0659422
0.06906
0.0681708
0.070172
0.0697356
0.0702061
0.0703301
0.0690754
0.0697816
0.0668706
0.0680922
0.0638465
0.0654376
0.0603974
0.0621449
0.0570342
0.0586705
0.0543453
0.0555687
0.0529642
0.0534556
0.0534989
0.0529618
0.056474
0.0546623
0.0620985
0.0589685
0.0702801
0.0658702
0.0812862
0.075425
0.095177
0.0879037
0.111179
0.103011
0.116307
0.117186
0.114065
0.115289
0.113176
0.10206
0.0960655
0.0993578
0.106935
0.104564
0.111144
0.109101
0.114355
0.112873
0.117175
0.115831
0.0892007
0.0957714
0.0778844
0.0831961
0.0695673
0.0733896
0.0636119
0.0663578
0.0593239
0.0612904
0.0563439
0.0576936
0.0543603
0.0552509
0.0530763
0.0536472
0.0523295
0.0526411
0.0520932
0.052149
0.0523632
0.0521682
0.0531031
0.0526796
0.0542404
0.0536292
0.055673
0.0549273
0.0572949
0.0564669
0.0590112
0.0581465
0.0607398
0.0598783
0.0624018
0.0615835
0.0639047
0.0631787
0.0651171
0.0645556
0.0658545
0.065556
0.0658977
0.0659731
0.0650457
0.065587
0.0632523
0.0642571
0.0607021
0.0620493
0.0577666
0.0592556
0.0548252
0.0562788
0.0521147
0.0534352
0.0497048
0.0508752
0.0475434
0.0485991
0.045523
0.046521
0.0435343
0.0445279
0.0414533
0.0425143
0.0391627
0.0403809
0.0366718
0.0379197
0.0353213
0.0383791
0.0364232
0.0420461
0.0402481
0.0452122
0.0437613
0.0470579
0.0463666
0.0456578
0.0469137
0.0389124
0.043036
0.0260471
0.0332208
0.00807047
0.0175542
-0.0121495
-0.00200119
-0.0303459
-0.0217908
-0.041948
-0.0372157
-0.043673
-0.0441391
-0.0351364
-0.0405572
-0.019472
-0.0278673
-0.00236102
-0.0107472
0.011443
0.0051953
0.0200254
0.0163554
0.0236789
0.0223651
0.0242564
0.0242271
0.0232276
0.0239075
0.0223821
-0.0678369
0.0928217
-0.11153
-0.0907592
-0.251259
-0.449136
0.0468423
0.112618
0.0918602
0.119471
0.118419
-0.476906
0.0320259
0.0304991
0.0214211
0.0192556
-0.132185
0.0486987
-0.10286
-0.120086
-0.559849
0.00785813
-0.197531
-0.369664
-0.0941421
-0.0247621
-0.605961
-0.0209973
-0.273005
-0.0553147
-0.00609438
0.113259
-0.0467256
0.121179
0.123324
-0.0781968
0.131675
0.135747
-0.105023
-0.379333
0.0695247
0.0259255
0.0236905
0.0303287
0.0281445
0.0345527
0.0324966
0.0382173
0.0364769
0.0410695
0.0397493
0.0431067
0.0421789
0.0445268
0.0438747
0.0456024
0.0450902
0.0465666
0.0460857
0.0475623
0.0470545
0.0486619
0.0480956
0.0499027
0.0492634
0.051298
0.0505801
0.0528628
0.0520578
0.0546212
0.0537162
0.0565964
0.0555809
0.0587877
0.0576668
0.0611399
0.0599498
0.0635159
0.0623362
0.0656919
0.0646441
0.0673881
0.0666156
0.0683337
0.0679662
0.0683415
0.0684583
0.0673596
0.0679684
0.0654863
0.0665199
0.0629585
0.0642828
0.0601318
0.0615556
0.0574571
0.0587453
0.0554486
0.0563379
0.0546529
0.0548689
0.0555968
0.0548811
0.0587269
0.0568741
0.0642465
0.0611913
0.0722355
0.0679257
0.0829234
0.077243
0.0963088
0.0892689
0.111914
0.103931
0.127893
0.128484
0.120147
0.12684
0.127309
0.126103
0.126456
0.125949
0.125903
0.127318
0.126313
0.128907
0.119531
0.119975
0.119665
0.119394
0.121067
0.120265
0.122944
0.121966
0.125102
0.124
0.119271
0.12701
0.126106
0.104129
0.111674
0.0904883
0.0970189
0.0794612
0.0846254
0.0711468
0.075006
0.065045
0.0678654
0.0605923
0.0626448
0.0574115
0.0588663
0.0552075
0.056208
0.0537246
0.0543911
0.0528023
0.0532004
0.0523856
0.0525336
0.0524524
0.0523619
0.0529629
0.0526566
0.053854
0.0533665
0.0550414
0.0544165
0.0564371
0.0557183
0.0579597
0.0571866
0.0595348
0.0587443
0.0610849
0.060317
0.0625132
0.0618198
0.0636847
0.063139
0.0644185
0.0641157
0.0645063
0.0645508
0.0637742
0.0642442
0.0621737
0.063073
0.0598415
0.0610797
0.0570754
0.0584901
0.0541912
0.0556309
0.0514148
0.0527812
0.0488444
0.0501029
0.0464728
0.0476366
0.044233
0.0453403
0.0420381
0.0431337
0.0397957
0.0409215
0.0374289
0.0386343
0.0348257
0.0361536
0.0334488
-0.580009
-0.161108
-0.1229
0.0328489
0.0289473
0.0308722
0.0369119
0.0348913
0.0405513
0.0387888
0.043779
0.0422659
0.0458502
0.0450683
0.0444505
0.0457324
0.0376217
0.0417766
0.0250017
0.0319781
0.00820792
0.0169454
-0.00943156
-0.000754943
-0.023816
-0.0172775
-0.0313451
-0.0285928
-0.0302548
-0.0318768
-0.0214265
-0.0266347
-0.00815751
-0.015073
0.00514293
-0.00126508
0.0152902
0.0107535
0.0211552
0.0187191
0.0232931
0.0226106
0.0230986
0.0234072
0.0215962
0.0224665
0.0195187
0.020531
0.0171439
0.0183552
-0.108683
0.089619
-0.166496
-0.130384
-0.285815
-0.524211
0.0324756
0.0879565
-0.18686
-0.486529
-0.139625
-0.149694
-0.614034
0.144022
0.151298
0.0314695
-0.017124
0.141669
0.11365
0.136018
0.136717
0.120055
0.128108
-0.267903
-0.124192
-0.0764603
-0.623554
-0.0608743
0.015863
0.0150897
0.0136973
0.0272292
0.0271185
0.0253947
-0.362759
-0.0806547
-0.0902344
0.165344
0.14964
0.177764
0.127204
-0.1297
-0.153141
-0.432898
0.059859
0.0202932
0.01802
0.0249388
0.0226174
0.0294518
0.0272202
0.0336828
0.0316258
0.0373042
0.0355855
0.0401251
0.0388162
0.0421603
0.0412291
0.043594
0.0429345
0.0446733
0.0441608
0.0456245
0.045152
0.0465884
0.0460981
0.0476603
0.0471053
0.0488894
0.0482529
0.0502961
0.0495687
0.0518948
0.0510698
0.0536969
0.0527692
0.0557028
0.0546744
0.0578841
0.056774
0.0601625
0.0590171
0.0623958
0.0612945
0.0643807
0.0634312
0.0658835
0.0652037
0.0666924
0.0663818
0.0666736
0.0667867
0.0658091
0.0663396
0.0642074
0.0650859
0.0620925
0.0631941
0.0597865
0.0609392
0.0576871
0.0586844
0.0562426
0.0568557
0.055923
0.0559165
0.057183
0.056333
0.0604085
0.0585374
0.0658216
0.0628376
0.0736042
0.0694075
0.0839321
0.0784536
0.096881
0.0900717
0.112316
0.104368
0.129164
0.120677
0.135178
0.135481
0.135354
0.135136
0.137155
0.136004
0.141433
0.138934
0.149558
0.144796
0.156251
0.135667
0.139122
0.131797
0.133332
0.130586
0.130943
0.131053
0.130658
0.132686
0.131726
0.134788
0.133617
0.104705
0.112253
0.0911519
0.0976382
0.0804118
0.085445
0.0722094
0.0760338
0.066069
0.0689155
0.0615444
0.0636366
0.0582523
0.0597687
0.0558999
0.0569779
0.054258
0.0550044
0.053173
0.0536538
0.0525743
0.0528164
0.0524297
0.0524481
0.052702
0.0525168
0.0533402
0.0529786
0.0542809
0.0537758
0.0554561
0.0548414
0.0568001
0.0561087
0.0582457
0.0575118
0.0597154
0.05898
0.0611065
0.060425
0.0622781
0.0617259
0.0630486
0.0627216
0.0632124
0.0632054
0.0626082
0.0630029
0.0611766
0.0619896
0.0590126
0.0601684
0.0563576
0.0577261
0.0534847
0.0549306
0.0506179
0.052039
0.0478859
0.04923
0.0453225
0.0465825
0.0428943
0.0440932
0.0405357
0.0417076
0.0381564
0.0393411
0.035701
0.036937
0.0330343
0.0343893
0.0302034
0.0316388
0.028704
0.0311844
0.0291725
0.0351899
0.0332164
0.0387203
0.0370277
0.0418957
0.0403833
0.0439412
0.0432009
0.0422876
0.0437182
0.0351248
0.0394353
0.0225233
0.0294053
0.00679082
0.0148256
-0.00832579
-0.00109101
-0.0190636
-0.0144356
-0.0229017
-0.0219138
-0.0194476
-0.0220096
-0.0104872
-0.0154626
0.000763288
-0.00492482
0.0109876
0.00617068
0.0181878
0.0150392
0.0218684
0.0204209
0.022726
0.0225892
0.0218532
0.0224518
0.019993
0.021014
0.0176484
0.018827
0.0164386
-0.164094
-0.574493
-0.248193
-0.242399
-0.179428
-0.309177
-0.566522
0.161426
0.0862963
0.0126601
0.0818053
0.137585
0.136026
-0.254978
0.186252
0.201905
-0.190481
-0.187384
-0.62441
0.00793781
-0.0519993
0.114876
0.0145195
0.0123089
0.0130907
0.0116323
0.0253564
0.0235391
0.0254063
0.0236622
-0.345022
-0.167765
-0.144643
-0.599087
-0.46662
-0.150508
0.161043
-0.208966
-0.119142
0.196759
-0.198432
-0.213693
-0.461853
0.171747
0.132595
0.0470639
0.019133
0.016858
0.023895
0.0215002
0.028549
0.026265
0.0328105
0.0307474
0.036424
0.0347109
0.039236
0.037929
0.0412741
0.0403397
0.0427143
0.0420517
0.0437882
0.0432793
0.044708
0.0442563
0.0456294
0.0451592
0.0466575
0.0461236
0.0478515
0.0472289
0.0492456
0.0485198
0.0508586
0.0500216
0.0526955
0.051747
0.054739
0.0536913
0.0569357
0.0558207
0.0591832
0.0580586
0.061328
0.0602764
0.0631777
0.0622985
0.0645328
0.0639242
0.0652292
0.064966
0.0651799
0.0652942
0.0644001
0.0648713
0.0630116
0.0637663
0.061231
0.0621505
0.0593524
0.0602813
0.0577275
0.0584844
0.0567446
0.057132
0.0568054
0.0566225
0.0582986
0.0573538
0.0615589
0.0596954
0.0668303
0.0639337
0.0743571
0.0702996
0.0843502
0.0790413
0.0969611
0.0903166
0.112323
0.104316
0.1297
0.120871
0.145722
0.147227
0.138557
0.14361
0.144606
0.142899
0.14307
0.143962
0.143181
0.147524
0.145396
0.154471
0.15052
0.166361
0.159661
0.174977
0.187532
0.202265
0.163639
0.174076
0.150216
0.155905
0.14299
0.146048
0.139526
0.140886
0.138645
0.138827
0.139713
0.138973
0.142111
0.140777
0.137233
0.145346
0.143673
0.120558
0.128952
0.104699
0.112364
0.0912722
0.0976425
0.0807728
0.0856742
0.0727388
0.0764823
0.0666859
0.0694953
0.0621948
0.0642764
0.0588786
0.0604158
0.0564453
0.0575712
0.0546842
0.0554954
0.0534511
0.0540107
0.0526701
0.0530083
0.0523061
0.0524376
0.0523306
0.0522697
0.0527102
0.052474
0.0534059
0.0530147
0.0543725
0.0538497
0.0555597
0.0549317
0.0569065
0.0562059
0.058332
0.057603
0.0597246
0.0590278
0.0609327
0.0603494
0.0617656
0.0613957
0.0620277
0.0619724
0.0615491
0.0618812
0.0602537
0.0609966
0.0582073
0.0593074
0.0556109
0.0569573
0.0527155
0.0541807
0.0497522
0.0512269
0.0468783
0.0482946
0.0441605
0.0454957
0.0415888
0.0428557
0.0391091
0.0403357
0.0366402
0.0378683
0.0341002
0.0353765
0.031398
0.0327621
0.0284974
0.0299583
0.0269801
0.0292903
0.0272816
0.033245
0.0313116
0.0367084
0.0350527
0.0397734
0.0383075
0.0415191
0.040979
0.039199
0.0409969
0.0312576
0.0359417
0.0183209
0.0252659
0.00346183
0.0108616
-0.00915797
-0.00336986
-0.0162454
-0.0135248
-0.0165269
-0.0172157
-0.010952
-0.0143312
-0.00197881
-0.00669508
0.00748539
0.00286267
0.0151495
0.0116438
0.0199596
0.0179358
0.0219121
0.02124
0.0217602
0.0220517
0.0203687
0.0211782
0.0183218
0.0194042
0.0158405
0.0171268
0.01448
-0.232965
0.223802
-0.356143
-0.331444
-0.247823
-0.327151
-0.571012
0.193255
0.0843785
-0.0142708
0.0738253
0.0101343
0.0218181
-0.324936
-0.254064
-0.23388
-0.596488
-0.022725
-0.10279
0.117029
0.15337
0.155447
0.138283
0.147182
-0.277622
-0.238023
-0.429994
-0.536503
0.223005
0.178285
-0.225643
0.250416
-0.455481
0.257044
0.285398
-0.294072
-0.466226
0.144754
0.0286304
0.0133537
0.00897103
0.0109362
0.0180551
0.0156321
0.0229106
0.0204691
0.0276395
0.0253068
0.0319448
0.029859
0.0355771
0.0338534
0.0384086
0.0370906
0.0404687
0.0395228
0.0419264
0.0412566
0.0429984
0.0424922
0.043893
0.0434525
0.0447676
0.0443205
0.0457381
0.0452319
0.0468766
0.046279
0.0482306
0.0475205
0.0498281
0.0489938
0.0516749
0.0507168
0.0537437
0.0526806
0.055962
0.0548363
0.0582053
0.0570856
0.0603048
0.05928
0.0620691
0.0612354
0.0633195
0.0627623
0.0639276
0.0637027
0.0638455
0.0639657
0.0631202
0.0635503
0.06189
0.0625506
0.0603697
0.0611455
0.0588323
0.059581
0.0575905
0.0581522
0.0569789
0.0571846
0.0573366
0.0570171
0.0589906
0.0579847
0.0622301
0.060399
0.0673084
0.0645252
0.0745137
0.0706269
0.0841472
0.0790095
0.0964885
0.0899588
0.111854
0.103771
0.129991
0.120684
0.148958
0.139535
0.15071
0.151803
0.149984
0.150036
0.151831
0.150576
0.156868
0.153914
0.166088
0.1609
0.181082
0.172775
0.204951
0.191497
0.244337
0.222328
0.305115
0.271613
0.206934
0.224402
0.179992
0.192171
0.163039
0.170458
0.153074
0.157397
0.147692
0.149919
0.145664
0.146327
0.146248
0.145678
0.14891
0.147363
0.153154
0.150865
0.120335
0.129255
0.104063
0.111881
0.0907405
0.0969869
0.0804922
0.08525
0.0727268
0.0763368
0.0668936
0.0695974
0.0625446
0.0645606
0.0592862
0.0608001
0.056832
0.057973
0.0549867
0.0558435
0.0536184
0.0542493
0.0526548
0.0530889
0.0520664
0.0523148
0.0518403
0.0519084
0.0519674
0.0518596
0.0524354
0.0521587
0.0532219
0.0527891
0.0542894
0.0537215
0.0555784
0.0549084
0.0569998
0.0562765
0.0584282
0.0577192
0.0596979
0.059091
0.0606118
0.0602079
0.0609659
0.0608674
0.0605852
0.0608695
0.059382
0.0600774
0.0574064
0.0584742
0.0548339
0.0561732
0.051908
0.0533928
0.04887
0.0503841
0.0458978
0.0473626
0.0430781
0.0444618
0.0404139
0.0417243
0.0378532
0.0391218
0.035309
0.0365852
0.0327116
0.034019
0.0299573
0.0313468
0.0269861
0.0284797
0.0237687
0.0253877
0.020205
0.0220116
0.0232626
0.0197933
0.0214933
0.0270953
0.0251399
0.0309418
0.0290615
0.0342468
0.0326869
0.0369383
0.0356618
0.0381547
0.0379087
0.0349989
0.0372525
0.0260299
0.0312245
0.0124304
0.0195981
-0.00176835
0.00507287
-0.0119077
-0.00757927
-0.0153397
-0.0145203
-0.0121767
-0.0144698
-0.00464529
-0.00876595
0.0043526
-0.000145257
0.0123657
0.00860402
0.0179845
0.0155242
0.0208713
0.0197589
0.0214202
0.0213769
0.0204574
0.0210865
0.0186682
0.0196345
0.0164904
0.0176126
0.0139832
0.0152821
0.0112083
0.0125849
0.00818976
0.00975258
-0.304813
-0.21567
-0.351009
-0.420217
-0.329919
-0.342419
-0.547121
0.222451
0.0858758
-0.0561613
0.0636809
0.157973
0.155772
0.0182218
0.00635517
-0.18851
-0.388567
-0.477309
0.122954
0.204345
0.300399
0.300796
0.29025
-0.0659182
-0.577979
-0.290962
-0.307809
-0.546929
0.387714
0.346166
0.384535
0.385482
0.391459
-0.384338
-0.456175
0.162745
0.445301
0.49953
0.54464
0.56217
0.442083
0.544683
0.498297
0.000551848
-0.543335
-0.350973
-0.562974
-0.376513
-0.103272
0.360841
0.35668
0.245925
0.135959
-0.480798
-0.36137
-0.349098
-0.336591
-0.316673
0.00500349
0.00662415
0.00800301
0.00940044
0.0107697
0.0120915
0.0133274
0.0144982
0.0156265
0.0167163
0.0177622
0.0187163
0.0195613
0.0202185
0.0206235
0.0206795
0.0202465
0.0192496
0.0176143
0.0152879
0.0122609
0.0085602
0.00428577
-0.000383895
-0.00516856
-0.00970173
-0.0135396
-0.0162189
-0.0173126
-0.0165195
-0.0137092
-0.00899978
-0.00272996
0.00453598
0.012066
0.0191278
0.0251216
0.0296797
0.0326581
0.0341367
0.0343535
0.0337168
0.0326827
0.0314366
0.0299675
0.0282727
0.026435
0.0245421
0.0226562
0.020863
0.0191995
0.0176401
0.0161077
0.0145992
0.0166626
0.0186275
0.0204734
0.0222938
0.0240036
0.0256729
0.0272455
0.0287534
0.0301867
0.0315775
0.0329186
0.034235
0.0355263
0.0368364
0.0381317
0.0394474
0.0407859
0.0421594
0.0435721
0.0450262
0.0465183
0.04804
0.0495765
0.0511072
0.0526059
0.0540428
0.0553852
0.056602
0.057662
0.0585423
0.059223
0.0596985
0.0599643
0.0600298
0.059906
0.0596169
0.0591835
0.0586361
0.0579977
0.0572988
0.0565614
0.055813
0.0550716
0.0543598
0.0536908
0.053082
0.0525421
0.052083
0.0517091
0.0514276
0.051239
0.0511466
0.0511483
0.0512442
0.0514307
0.0517062
0.0520677
0.0525137
0.0530429
0.053656
0.0543554
0.0551468
0.0560392
0.057045
0.0581804
0.0594651
0.0609235
0.0625857
0.0644894
0.0666806
0.0692133
0.0721494
0.0755553
0.0795056
0.0840842
0.0893996
0.0955499
0.102608
0.110587
0.119479
0.129014
0.138936
0.148887
0.158537
0.167687
0.163896
0.160463
0.157528
0.15516
0.15335
0.152189
0.151718
0.151974
0.153034
0.15497
0.157895
0.161936
0.167269
0.174116
0.182785
0.193538
0.206369
0.221587
0.241798
0.271675
0.30763
0.344308
0.38362
0.426531
0.467828
0.500279
0.513627
0.502827
0.473737
0.434745
0.392646
0.352366
0.315974
0.285197
0.259078
0.237578
0.219821
0.205146
0.193281
0.183732
0.17602
0.169867
0.16505
0.161421
0.158827
0.157148
0.156345
0.156347
0.157029
0.1584
0.160376
0.163077
0.166385
0.170492
0.160921
0.150663
0.140202
0.129806
0.119854
0.110789
0.102615
0.0953414
0.0889166
0.0832749
0.0783508
0.0740821
0.0704105
0.067281
0.0646456
0.0624598
0.0606885
0.0592988
0.0582636
0.0575519
0.0571339
0.0569753
0.0570427
0.0573008
0.0577136
0.0582459
0.0588603
0.059523
0.0601967
0.0608508
0.0614503
0.0619698
0.0623797
0.0626619
0.0627953
0.0627714
0.0625803
0.0622246
0.0617068
0.0610405
0.0602395
0.0593257
0.0583207
0.0572504
0.0561387
0.0550108
0.0538877
0.0527897
0.0517317
0.0507267
0.0497822
0.0489044
0.0480939
0.0473517
0.0466735
0.046057
0.0454945
0.0449813
0.044507
0.0440646
0.0436402
0.0432224
0.0427928
0.0423359
0.0418283
0.0412489
0.0405687
0.0397508
0.0387912
0.0376478
0.0363155
0.0347778
0.0330502
0.0311199
0.0290347
0.0267861
0.0244652
0.0220241
0.0196117
0.0170721
0.0147401
0.0122224
0.0102142
0.00759212
0.0062687
0.00279761
0.00332043
0.00302462
-0.38357
-0.479228
-0.506605
-0.362554
-0.415627
0.455537
0.0810971
0.260797
0.458542
0.594384
0.63047
0.605943
0.0512495
-0.126087
-0.0369991
0.525298
0.191006
0.529268
-0.368617
-0.374597
-0.438927
-0.441418
0.00124011
8.92088e-05
-0.372065
-0.423284
-0.432972
-0.49552
-0.483615
0.00226026
0.00527326
0.00710401
0.00947243
0.0115486
0.0140651
0.0164329
0.0189525
0.0213549
0.0237858
0.0260904
0.0283281
0.0304133
0.0323441
0.034075
0.0356303
0.0369885
0.038165
0.0391294
0.04
0.0406906
0.0412898
0.041814
0.0422853
0.0427204
0.0431388
0.0435553
0.0439854
0.0444397
0.0449302
0.0454649
0.0460533
0.0467007
0.0474139
0.0481948
0.0490463
0.049965
0.0509483
0.0519855
0.0530668
0.054173
0.0552873
0.0563835
0.0574401
0.0584279
0.0593255
0.0601061
0.060754
0.0612501
0.0615889
0.0617627
0.0617782
0.0616401
0.0613665
0.0609728
0.0604862
0.0599299
0.0593367
0.0587346
0.0581587
0.0576389
0.05721
0.0569013
0.0567462
0.0567722
0.0570099
0.0574844
0.0582235
0.0592494
0.0605881
0.0622611
0.0643
0.0667361
0.0696193
0.0730016
0.0769618
0.0815779
0.0869578
0.0932
0.100432
0.108747
0.118225
0.128697
0.140097
0.151989
0.163813
0.174872
0.176128
0.713373
0.772062
0.312149
0.0274586
-0.204808
0.45148
0.666565
0.0686382
0.315309
0.653214
0.437282
-0.350851
-0.416918
0.00210822
0.00200095
0.00400458
0.00514136
0.00630187
0.00759357
0.00885716
0.0100519
0.0111884
0.0122893
0.0133726
0.0144407
0.0155006
0.0165214
0.0175019
0.0183822
0.0191012
0.0195659
0.0196488
0.019259
0.018289
0.0166438
0.014242
0.0110225
0.00698444
0.00221933
-0.00306967
-0.0085357
-0.0137023
-0.0180078
-0.0208667
-0.0217805
-0.0204122
-0.0167386
-0.0110168
-0.00384604
0.00397934
0.0115909
0.0182723
0.0235325
0.0271695
0.0292216
0.0299348
0.0297304
0.0290489
0.0280535
0.0267377
0.0251374
0.0233727
0.0215792
0.0198257
0.0181901
0.0166609
0.0152305
0.013884
0.0125174
0.0111037
0.0130686
0.0150604
0.0170899
0.0190981
0.0210779
0.0228888
0.0246375
0.0262583
0.0278194
0.0292915
0.0307194
0.032091
0.0334376
0.0347543
0.0360645
0.037391
0.038725
0.0400793
0.0414653
0.0428855
0.0443444
0.0458364
0.0473552
0.0488845
0.050406
0.0518926
0.0533167
0.0546456
0.0558495
0.0568978
0.0577676
0.0584398
0.0589067
0.0591649
0.0592223
0.0590901
0.0587894
0.0583417
0.0577748
0.0571143
0.0563896
0.0556251
0.0548488
0.0540818
0.0533478
0.0526633
0.0520472
0.0515105
0.0510665
0.0507209
0.0504814
0.0503489
0.0503256
0.0504079
0.0505936
0.0508764
0.0512515
0.0517125
0.0522541
0.052872
0.0535631
0.0543279
0.0551679
0.0560902
0.0571029
0.0582198
0.059456
0.0608339
0.062379
0.0641261
0.0661178
0.0684074
0.0710618
0.0741586
0.0777935
0.0820722
0.087128
0.0931017
0.100136
0.108311
0.117625
0.12794
0.138912
0.15027
0.161386
0.171956
0.181948
0.176267
0.17141
0.167122
0.163537
0.160698
0.15862
0.157371
0.156964
0.157427
0.158816
0.161217
0.164728
0.169481
0.175636
0.183414
0.193042
0.2047
0.218696
0.235651
0.25699
0.283429
0.313053
0.344266
0.379117
0.414669
0.44631
0.467473
0.476707
0.469636
0.448634
0.419092
0.38494
0.352623
0.321882
0.29413
0.269512
0.248552
0.230654
0.215573
0.203013
0.192647
0.184154
0.177294
0.171868
0.167729
0.164744
0.16279
0.16184
0.161808
0.162629
0.164261
0.166719
0.169998
0.174043
0.178796
0.184479
-0.468311
-0.389716
-0.416438
-0.460718
-0.425208
-4.86266e-05
0.0013946
0.00411801
0.00649365
0.0088627
0.0111824
0.0136226
0.0160332
0.0184925
0.0208865
0.0232707
0.0255508
0.0277472
0.0297818
0.0316883
0.0334155
0.0349645
0.0363211
0.0375087
0.0385642
0.0394202
0.0401944
0.0408532
0.0414198
0.0419217
0.0423781
0.04281
0.0432321
0.0436619
0.0441099
0.0445892
0.0451083
0.045677
0.0463018
0.0469894
0.0477429
0.0485649
0.0494535
0.0504052
0.0514107
0.0524593
0.0535338
0.0546158
0.0556819
0.0567087
0.05767
0.058542
0.0593013
0.0599294
0.0604109
0.0607373
0.0609047
0.0609171
0.0607828
0.0605177
0.0601408
0.0596773
0.0591533
0.0585995
0.0580457
0.0575241
0.0570649
0.056699
0.0564546
0.0563591
0.056437
0.0567115
0.0572028
0.0579297
0.0589085
0.0601561
0.0616887
0.0635296
0.0657067
0.0682685
0.071275
0.0748246
0.0790256
0.0840319
0.0899927
0.0971044
0.105529
0.115386
0.126652
0.139267
0.152893
0.167123
0.180707
0.192462
0.201856
0.192774
0.186338
0.180947
0.176126
0.172204
0.169254
0.167284
0.166304
0.166333
0.167396
0.16955
0.172846
0.177375
0.183257
0.19063
0.199659
0.210559
0.223555
0.238801
0.256405
0.276517
0.299334
0.32472
0.352065
0.380314
0.406654
0.428994
0.443937
0.449573
0.443262
0.426894
0.403331
0.375445
0.345743
0.317389
0.291024
0.266663
0.245503
0.227933
0.213295
0.200993
0.190721
0.182286
0.175516
0.170229
0.166274
0.163526
0.161886
0.161287
0.161681
0.163046
0.165378
0.168673
0.172957
0.178221
0.184345
0.191527
0.189175
0.00960314
0.0113681
0.0135877
0.0158167
0.0180745
0.0201214
0.0220647
0.023867
0.0255612
0.0271631
0.0286826
0.0301421
0.0315483
0.0329203
0.0342665
0.0356006
0.0369334
0.0382828
0.0396484
0.0410393
0.0424604
0.0439127
0.0453938
0.046894
0.0484011
0.0498942
0.0513518
0.0527438
0.0540444
0.0552202
0.0562485
0.0571011
0.0577662
0.0582277
0.0584889
0.0585486
0.0584244
0.0581276
0.0576857
0.0571182
0.0564568
0.0557233
0.05495
0.0541573
0.0533752
0.0526211
0.0519211
0.0512879
0.0507427
0.0502923
0.0499524
0.0497236
0.0496152
0.0496217
0.0497473
0.0499814
0.0503244
0.0507622
0.0512931
0.0519024
0.0525891
0.0533409
0.0541605
0.0550402
0.0559882
0.0570027
0.0580981
0.0592783
0.0605666
0.0619742
0.0635395
0.0652854
0.0672783
0.0695653
0.072262
0.0754513
0.0793087
0.08395
0.0896252
0.0964916
0.104835
0.114547
0.125665
0.13795
0.150915
0.164118
0.177101
0.00775943
0.00910926
0.000973296
0.00134334
0.00305747
0.003789
0.00478942
0.0058906
0.00695007
0.00796436
0.00894955
0.00992322
0.0108919
0.0118596
0.0128437
0.0138248
0.0148095
0.0157538
0.0166053
0.0172791
0.017672
0.0176903
0.0172217
0.0161514
0.0143492
0.0116832
0.00806123
0.00348142
-0.00194634
-0.00793787
-0.0140359
-0.0196335
-0.0240349
-0.0265736
-0.0267274
-0.0242834
-0.0193614
-0.0125132
-0.00456947
0.00348727
0.0107878
0.0167137
0.0209882
0.0236259
0.0248724
0.0251118
0.0247482
0.0239585
0.0227721
0.0212791
0.0196377
0.0180053
0.0164568
0.0150251
0.0137397
0.012535
0.0114191
0.0103077
-0.361862
0.543687
0.247715
0.558056
-0.090595
0.689942
-0.316187
-0.428669
0.42199
0.164668
0.411582
0.70296
0.00669246
0.22467
-0.015939
0.00522323
0.00810995
-0.000616707
-0.00156987
-0.420406
-0.439978
0.211625
0.211822
0.211104
-0.374132
0.218811
0.221568
0.00863023
-0.200408
0.0531846
0.546942
0.325823
0.551231
-0.384571
0.00808188
0.00736501
0.00964205
0.00876592
0.0116082
0.010566
0.0140567
0.0127665
0.0168819
0.0154388
0.0192917
0.0182141
0.0200145
0.0199204
0.0176806
0.0193561
0.0100963
0.0146452
-0.00328353
0.00399113
-0.0184933
-0.011102
-0.0283756
-0.0245254
-0.0283125
-0.029646
-0.0195267
-0.0247348
-0.00713496
-0.0134149
0.00382582
-0.0012499
0.0109257
0.00790004
0.0141967
0.0129703
0.0148105
0.014745
0.0139082
0.014482
0.0122863
0.0131363
0.0104901
0.0113733
0.00881401
0.00962569
0.00725509
0.00802164
0.00570574
0.00647002
0.0041399
0.00492156
0.0025707
0.00333465
0.000933035
0.00202651
0.000870167
0.182847
0.198481
0.150937
0.166764
0.122364
0.136011
0.100248
0.11037
0.0854663
0.0920155
0.076157
0.080282
0.0701499
0.072844
0.0660002
0.0679111
0.0628139
0.0643228
0.0601485
0.061432
0.0578136
0.0589468
0.0557282
0.0567428
0.0538644
0.0547692
0.0522323
0.0530178
0.0508747
0.0515157
0.0498574
0.0503192
0.0492515
0.0494992
0.0491119
0.0491211
0.0494607
0.0492258
0.0502727
0.0498125
0.0514729
0.050831
0.0529403
0.0521826
0.0545143
0.0537256
0.0560053
0.0552832
0.0572072
0.056656
0.0579155
0.0576354
0.0579606
0.0580298
0.0572431
0.0577005
0.0557617
0.0565944
0.0536202
0.054764
0.0510016
0.0523578
0.0481192
0.049581
0.045161
0.0466405
0.0422511
0.0436956
0.03944
0.0408331
0.0367158
0.0380717
0.0340141
0.0353671
0.0312547
0.0326488
0.0283361
0.0298238
0.0251431
0.0267833
0.021541
0.0233983
0.0173853
0.0195088
0.0126282
0.014929
0.00973485
0.193859
0.201304
0.181173
0.186974
0.173118
0.176547
0.169729
0.170859
0.170886
0.169754
0.176713
0.1732
0.187755
0.181543
0.204917
0.195512
0.229348
0.216165
0.262007
0.244622
0.30301
0.281544
0.350093
0.3261
0.39582
0.373992
0.425394
0.413721
0.424851
0.429399
0.393115
0.412056
0.344624
0.370015
0.295304
0.319459
0.252437
0.272784
0.219565
0.234699
0.196051
0.206795
0.179975
0.187178
0.170045
0.174321
0.165249
0.167062
0.164978
0.164578
0.169045
0.16647
0.177685
0.172779
0.191752
0.183929
0.200928
0.18701
0.20135
0.153051
0.16988
0.123596
0.137363
0.101357
0.111506
0.0861387
0.0929286
0.0760802
0.0805723
0.0692913
0.0723536
0.0644864
0.0666863
0.0609636
0.0625817
0.0584474
0.0595829
0.0568416
0.0575316
0.0560747
0.0563564
0.0560387
0.0559717
0.0565759
0.0562451
0.0574837
0.0569951
0.0585292
0.0580018
0.059471
0.059025
0.0600869
0.0598291
0.0602052
0.0602133
0.0597321
0.0600422
0.0586674
0.0592677
0.0571011
0.0579365
0.0551904
0.056176
0.053123
0.0541636
0.051076
0.0520868
0.049184
0.0501042
0.0475243
0.0483224
0.0461189
0.0467903
0.0449465
0.0455062
0.0439535
0.0444321
0.0430631
0.0435009
0.0421806
0.0426282
0.0411781
0.0417024
0.0399054
0.0405851
0.0382162
0.0391178
0.0359523
0.0371593
0.0330303
0.0345785
0.0294271
0.0313109
0.0252424
0.0274031
0.0206437
0.0229873
0.015855
0.0182709
0.0110617
0.013476
0.00608473
0.00866409
0.000651173
0.00336014
-0.00321051
-0.00163562
-0.419842
0.00327178
0.00379608
0.236194
0.234428
0.233499
0.23735
-0.00131236
-0.0029277
-0.00640793
0.00319138
0.00020195
0.00857547
0.00596938
0.0134508
0.0110609
0.0182403
0.0158513
0.0228998
0.020593
0.0272544
0.0251249
0.0311201
0.0292556
0.0343713
0.032826
0.0369667
0.0357484
0.0389559
0.0380313
0.0404561
0.039758
0.0416094
0.0410664
0.0425663
0.0421031
0.0434609
0.0430152
0.044403
0.0439193
0.0454769
0.0449182
0.0467497
0.0460849
0.0482586
0.0474735
0.0500017
0.0491023
0.0519288
0.0509469
0.0539352
0.0529299
0.0558684
0.0549208
0.0575514
0.056751
0.0588174
0.0582439
0.0595473
0.0592523
0.0596986
0.0596926
0.0593187
0.0595669
0.0585387
0.0589661
0.0575532
0.0580564
0.0565911
0.0570532
0.0558861
0.0561914
0.0556513
0.0556972
0.056059
0.0557655
0.0572265
0.0565423
0.0592107
0.0581144
0.0620259
0.0605126
0.0657184
0.0637514
0.0705673
0.0679571
0.0774815
0.07366
0.088516
0.0822895
0.106668
0.0964952
0.133658
0.119139
0.170371
0.150938
0.209183
0.190646
0.224283
0.208335
0.222048
0.188086
0.196984
0.175555
0.181023
0.168754
0.171521
0.166759
0.167183
0.169401
0.167494
0.177021
0.172555
0.190392
0.182931
0.210573
0.199565
0.23884
0.223611
0.276155
0.256375
0.320407
0.297702
0.3662
0.343728
0.402038
0.386115
0.416803
0.412789
0.404146
0.413554
0.370502
0.389279
0.326746
0.349042
0.28432
0.304888
0.24829
0.265403
0.219747
0.233071
0.198675
0.208321
0.184268
0.190707
0.175602
0.179273
0.172017
0.173205
0.173252
0.172037
0.179534
0.175727
0.191631
0.184783
0.210674
0.200272
0.222966
0.00925949
0.00720059
0.0144952
0.0121257
0.0192184
0.0170132
0.0231917
0.0212928
0.0266286
0.0249648
0.0297048
0.0282013
0.0325561
0.0311502
0.0352929
0.033932
0.0380131
0.0366493
0.0407817
0.0393907
0.0436281
0.0421948
0.0465369
0.045078
0.0494243
0.0479912
0.0521381
0.0508142
0.0544841
0.0533694
0.05627
0.0554571
0.0573558
0.0569054
0.0576899
0.0576156
0.0573199
0.0575859
0.0563761
0.0569089
0.055038
0.0557437
0.0535053
0.0542834
0.051974
0.0527277
0.0506209
0.0512654
0.0495885
0.0500574
0.0489765
0.0492256
0.0488382
0.0488469
0.0491799
0.0489505
0.0499683
0.0495217
0.0511438
0.0505119
0.0526393
0.0518555
0.054398
0.0534885
0.056384
0.0553639
0.0585841
0.0574571
0.061008
0.0597661
0.063705
0.0623159
0.0668369
0.0651968
0.0708735
0.0686894
0.0769812
0.073549
0.0874616
0.0814841
0.105334
0.0952849
0.132577
0.117767
0.168269
0.149532
0.207175
0.187601
0.224718
0.000506571
0.000803944
0.000782749
0.00113766
0.00043675
0.00197738
0.00148109
0.00296694
0.00246959
0.00397614
0.00347153
0.00503044
0.00450687
0.00615836
0.00557144
0.00743383
0.00677788
0.00874781
0.00809685
0.00990587
0.00935792
0.010497
0.0103027
0.00969233
0.0103275
0.00636654
0.00841474
-0.000466699
0.003409
-0.0104419
-0.00516312
-0.0206511
-0.0157996
-0.0261544
-0.0242718
-0.023303
-0.025827
-0.0129915
-0.0187976
-0.000707269
-0.0066988
0.00825108
0.00435632
0.0125072
0.0108985
0.0132871
0.0131926
0.0120966
0.012849
0.0100896
0.0111039
0.00821833
0.00908838
0.00677186
0.00743489
0.0057052
0.00619737
0.00483289
0.00529952
0.00376068
-0.45155
-0.00453988
-0.147478
-0.423661
-0.0118286
-0.683866
-0.448442
-0.541954
-0.434828
-0.429468
-0.444955
0.676275
0.826361
0.896695
0.819154
0.661787
-0.475759
-0.536978
-0.650443
-0.591811
-0.839766
-0.379068
0.0389064
-0.143335
0.0477411
-0.00917684
-0.00384497
2.78429e-05
0.00341819
0.00614192
0.00875258
0.011143
0.013523
0.0159012
0.0182659
0.020596
0.0228783
0.0250831
0.027194
0.0291849
0.0310416
0.032747
0.0342945
0.0356796
0.0369079
0.0379866
0.0389271
0.0397443
0.0404552
0.0410769
0.0416285
0.042128
0.0425931
0.0430399
0.0434828
0.0439351
0.0444068
0.0449133
0.0454611
0.0460565
0.0467039
0.0474078
0.0481694
0.0489884
0.0498595
0.050776
0.0517258
0.0526957
0.0536673
0.054622
0.0555372
0.0563922
0.0571643
0.0578351
0.0583862
0.0588062
0.0590852
0.0592218
0.0592169
0.0590803
0.0588237
0.0584673
0.0580311
0.0575429
0.0570279
0.0565176
0.0560386
0.0556226
0.055294
0.0550813
0.0550036
0.0550837
0.0553326
0.0557651
0.0563824
0.0571897
0.0581779
0.0593449
0.0606774
0.0621781
0.0638517
0.0657415
0.0679235
0.0705533
0.0738638
0.0782051
0.0840157
0.0918102
0.102077
0.115126
0.131012
0.150411
0.173182
0.199453
0.226583
0.249909
0.270483
0.252519
0.23043
0.213232
0.200006
0.19025
0.182698
0.176943
0.172734
0.169872
0.168257
0.167834
0.168594
0.17056
0.173791
0.178367
0.184398
0.192005
0.201336
0.212542
0.225789
0.241178
0.258685
0.278017
0.298843
0.320698
0.342651
0.363839
0.382623
0.397514
0.406997
0.41043
0.407588
0.398631
0.384521
0.366748
0.346945
0.326332
0.305718
0.285741
0.267023
0.249963
0.234775
0.221449
0.20995
0.200202
0.192118
0.185583
0.1805
0.176771
0.174331
0.173132
0.173162
0.174444
0.177043
0.181061
0.186679
0.194289
0.204352
0.217671
0.234957
0.257248
0.312033
0.00140131
0.00127932
0.00501158
0.00835245
0.0117286
0.0144429
0.0169697
0.0192241
0.021304
0.0232165
0.0249945
0.026661
0.028234
0.0297348
0.0311767
0.0325771
0.0339475
0.0353016
0.0366473
0.0379957
0.0393551
0.040733
0.042129
0.0435444
0.0449749
0.0464125
0.0478447
0.0492551
0.0506237
0.0519276
0.0531427
0.0542447
0.0552109
0.0560215
0.0566611
0.0571196
0.0573928
0.0574823
0.0573955
0.0571449
0.0567477
0.056225
0.055601
0.0548999
0.0541469
0.0533666
0.0525829
0.0518177
0.0510924
0.0504256
0.049835
0.0493341
0.0489355
0.0486467
0.0484747
0.0484208
0.0484864
0.0486675
0.0489608
0.0493586
0.0498549
0.0504401
0.0511079
0.0518492
0.052659
0.0535298
0.0544589
0.0554402
0.0564726
0.0575504
0.0586726
0.059834
0.0610359
0.0622789
0.0635785
0.0649626
0.0664945
0.068281
0.0705021
0.0734238
0.0774181
0.082948
0.0905353
0.10067
0.113736
0.129889
0.149014
0.170693
0.194441
0.218436
0.23998
0.264181
0.315342
0.025044
0.015162
0.0046049
0.00152568
0.000375235
0.000378966
0.000367868
0.000525674
0.000676982
0.000837282
0.00101017
0.00116507
0.00143539
0.00159619
0.00179399
0.00201054
0.00225973
0.00254194
0.00286938
0.00322248
0.00359409
0.00393955
0.00425043
0.00453276
0.00457683
0.00440642
0.00391751
0.0030169
0.00161372
-0.000317843
-0.00274661
-0.00565616
-0.00876309
-0.0116133
-0.0138778
-0.0152306
-0.0153641
-0.0142227
-0.0119096
-0.00881311
-0.00538501
-0.00208867
0.000726094
0.00292979
0.00451207
0.00555248
0.00604255
0.00612617
0.00585109
0.00538921
0.00483696
0.00430449
0.00381238
0.00340874
0.00305736
0.00276645
0.00254085
0.0024176
0.00259349
0.00370409
0.00722196
0.014864
0.0119777
-0.365785
-0.0981803
0.211541
0.0534109
)
;

boundaryField
{
    frontandback
    {
        type            empty;
    }
    walls
    {
        type            zeroGradient;
    }
    diamond
    {
        type            zeroGradient;
    }
    inlet
    {
        type            zeroGradient;
    }
    outlet
    {
        type            fixedValue;
        value           uniform 0;
    }
}


// ************************************************************************* //
