/*--------------------------------*- C++ -*----------------------------------*\
  =========                 |
  \\      /  F ield         | OpenFOAM: The Open Source CFD Toolbox
   \\    /   O peration     | Website:  https://openfoam.org
    \\  /    A nd           | Version:  10
     \\/     M anipulation  |
\*---------------------------------------------------------------------------*/
FoamFile
{
    format      ascii;
    class       volScalarField;
    location    "16";
    object      p;
}
// * * * * * * * * * * * * * * * * * * * * * * * * * * * * * * * * * * * * * //

dimensions      [0 2 -2 0 0 0 0];

internalField   nonuniform List<scalar> 
6397
(
0.281039
0.269768
-0.00454488
-0.00296252
-0.00250784
-0.00402688
0.503983
0.278938
-0.339384
-0.337021
0.269706
0.15694
-0.00439853
-0.00573137
-0.0119853
-0.491149
-0.489572
-0.475088
0.835479
0.787945
0.7474
-0.374021
-0.325403
-0.312864
-0.00517719
-0.00703876
-0.00470985
-0.0378597
-0.048115
-0.0322436
-0.0412693
-1.34133e-05
-0.000902911
-0.00167134
0.00187118
0.00148101
0.00123973
0.000638408
0.00215264
0.00238715
0.00225595
0.00200581
-0.0250691
-0.00879492
-0.011833
-0.00591295
-0.00519887
-0.00735086
0.00201166
0.00160332
0.00161079
0.000998152
0.0013751
0.298813
0.280791
0.192709
0.203698
0.0414674
-0.102334
-0.104363
-0.0931685
-0.0812468
-0.0692126
-0.0611914
-0.0579651
-0.0593571
-0.0651867
-0.0758969
-0.077346
-0.0995787
-0.076206
-0.0726515
-0.0640759
-0.0545607
-0.047679
-0.0449446
-0.0468151
-0.0524941
-0.0626348
-0.0782145
-0.0697022
-0.0885499
-0.0923835
-0.100136
-0.0604164
-0.0747979
-0.113778
-0.127915
-0.0502203
-0.0605241
-0.138281
-0.16002
-0.040629
-0.032056
-0.162762
-0.194101
-0.0373276
-0.0243503
-0.0306843
-0.0490849
-0.0441043
-0.0494682
-0.0512111
-0.03711
-0.0440679
-0.0289381
-0.0314059
-0.0356087
-0.0305376
-0.0569247
-0.0441356
-0.101159
-0.0756402
-0.172235
-0.133672
-0.214105
-0.0932908
-0.125389
-0.108999
-0.0699497
-0.0793193
-0.0651782
-0.065351
-0.0787915
-0.0695669
-0.109236
-0.0931574
-0.131343
-0.12386
-0.119719
-0.130396
-0.0853427
-0.103679
-0.0531021
-0.0678755
-0.024916
-0.0295202
-0.0187823
-0.253225
-0.224266
-0.0866523
-0.13824
-0.0914064
-0.281754
-0.265186
-0.300772
-0.033237
-0.015825
-0.0117797
-0.0257975
-0.184337
-0.0234267
-0.0197296
-0.0272084
-0.0262559
-0.0238248
-0.0269373
-0.0146714
-0.0192368
-0.0136809
-0.01255
-0.024782
-0.0179388
-0.0489337
-0.0347501
-0.0957312
-0.0688483
-0.173154
-0.130703
-0.219911
-0.0702586
-0.0786414
-0.0626066
-0.0645184
-0.0704272
-0.064556
-0.0961345
-0.0805228
-0.135305
-0.114876
-0.155862
-0.149558
-0.135451
-0.150027
-0.0929588
-0.114917
-0.0559521
-0.0728298
-0.0429243
-0.0192814
-0.022952
-0.00898032
-0.0142578
-0.0891372
-0.142894
-0.244703
-0.2592
-0.299548
-0.31859
-0.29295
-0.0401473
-0.0789017
-0.027485
-0.0193725
-0.0198606
-0.00757776
-0.00389973
-0.00401557
-0.0251508
-0.0327556
-0.196735
-0.00651871
-0.00509831
-0.00925251
-0.00802362
-0.00893498
-0.00949594
-0.00220155
-0.00615003
0.00278135
0.000889873
-0.00182946
0.00171113
-0.0152971
-0.00768597
-0.0400519
-0.0257843
-0.0860337
-0.059794
-0.162673
-0.120548
-0.210884
-0.049216
-0.0472235
-0.0481326
-0.0486318
-0.0542655
-0.0499123
-0.0725203
-0.061658
-0.109032
-0.0881622
-0.155645
-0.133037
-0.173527
-0.170444
-0.145036
-0.163938
-0.0967954
-0.120999
-0.0568508
-0.0749814
-0.0430075
-0.014789
-0.0176033
-0.011227
-0.323221
-0.136461
-0.248973
-0.0115603
-0.0621735
-0.313812
-0.283357
-0.00734771
-0.00500351
-0.0147868
-0.0151123
-0.0311271
-0.0233564
0.00145276
6.96101e-06
-0.323222
-0.300407
-0.287986
-0.0193063
-0.194914
0.00267493
0.00203831
0.00458274
0.00341886
0.00882782
0.00603095
0.0147109
0.0119674
0.0149635
0.0158894
0.00693793
0.0117643
-0.00704815
0.000728902
-0.0310793
-0.0173665
-0.0735245
-0.0494287
-0.143742
-0.104941
-0.236132
-0.188987
-0.305914
-0.278288
-0.292909
-0.311376
0.00496576
0.0291246
0.0176676
-0.0136226
-0.00578995
-0.0253414
-0.0197639
-0.0417387
-0.0327026
-0.0690176
-0.0533813
-0.116581
-0.0902128
-0.169398
-0.145024
-0.183003
-0.183071
-0.147101
-0.169364
-0.0955733
-0.12096
-0.0553045
-0.0732478
-0.0414861
-0.0116281
-0.0135614
-0.00948084
0.00129823
0.0345335
-0.258894
-0.253994
-0.119255
-0.236251
-0.00183269
-0.0147312
-0.0285296
-0.0211501
-0.0437946
-0.255981
0.0309034
0.00516537
-0.246992
-0.207302
-0.201195
-0.0177439
-0.179454
0.00803362
0.00223374
0.00539334
0.0125922
0.0103357
0.0177457
0.015116
0.0229175
0.020436
0.0262445
0.0253309
0.0226106
0.0252983
0.013456
0.0185221
-0.0002687
0.00733164
-0.0226202
-0.0100596
-0.059836
-0.0389017
-0.119972
-0.0867225
-0.201071
-0.159352
-0.270743
-0.24159
-0.268923
-0.281655
-0.18431
-0.233933
0.0586088
0.0473104
0.0563878
0.0441653
0.0538449
0.0221092
0.0325566
0.0011471
0.011472
-0.0228869
-0.010025
-0.0596976
-0.0388865
-0.118074
-0.0866401
-0.174042
-0.149478
-0.181772
-0.185378
-0.140813
-0.164968
-0.0895422
-0.114294
-0.0516687
-0.0684971
-0.0385684
0.0187095
0.0329959
-0.1424
-0.125221
-0.0135829
-0.0156497
-0.010967
-0.0101888
-0.0110929
-0.0113027
-0.00966239
-0.0105512
-0.00773293
-0.00872942
-0.00433142
-0.00638631
-0.00158429
-0.0971211
-0.209537
-0.0315372
-0.218293
-0.00178564
-0.201039
0.0149028
0.000455873
-0.155006
-0.064891
-0.0851476
0.00648116
0.00114555
-0.154478
0.0153081
0.0112031
0.022608
0.0190221
0.0289134
0.0258059
0.0334242
0.0314671
0.0327565
0.0336381
0.0271935
0.0305228
0.0180829
0.0229982
0.00505758
0.0122223
-0.0150189
-0.00389283
-0.046544
-0.0290259
-0.0951049
-0.0684559
-0.161114
-0.126548
-0.223408
-0.195446
-0.229035
-0.236912
-0.159878
-0.202473
-0.0500096
-0.106833
0.0570566
0.0246775
0.0423476
0.0756465
0.0684191
0.07459
0.0777227
0.0562431
0.0667829
0.0315014
0.0443378
0.00041472
0.0171436
-0.0465556
-0.0203681
-0.113458
-0.078576
-0.168328
-0.145592
-0.169551
-0.176292
-0.127094
-0.151089
-0.0800048
-0.102371
-0.0463468
-0.0612996
-0.0256792
-0.0346732
-0.013633
-0.0188108
-0.00998566
-0.00801982
-0.00630233
-0.00743484
-0.0086456
-0.00841316
-0.00875166
-0.00872425
-0.00894219
-0.00887335
-0.00788269
-0.00863275
-0.00751383
0.00326515
-0.00792172
0.00534316
-0.0050331
-0.0066351
-0.0777489
-0.177156
-0.0309612
-0.181305
-0.0183518
-0.1606
-0.023351
-0.10967
-0.0227768
-0.0362319
-0.0354283
0.0540635
0.0417795
-0.0129397
-0.0537039
-0.0394905
0.0947428
0.05326
0.0876614
-0.00343217
-0.0115755
-0.00926495
-0.128258
0.00966919
0.0031285
0.0210771
0.0157956
0.0297155
0.0256934
0.0356357
0.0330624
0.0379578
0.0373139
0.0356108
0.0373835
0.0296616
0.0329841
0.0210867
0.0256939
0.00907235
0.0156207
-0.00848113
0.0011277
-0.0345359
-0.0202471
-0.0722883
-0.051846
-0.121751
-0.0958801
-0.169881
-0.147792
-0.179278
-0.181852
-0.12844
-0.162523
-0.0363361
-0.0846258
0.01133
0.0303359
0.0103544
0.0616589
0.0471669
0.0829235
0.073553
0.0906125
0.0888963
0.0811139
0.0878663
0.0578185
0.0708749
0.021843
0.0416537
-0.0331476
-0.00295366
-0.103384
-0.0679734
-0.152445
-0.133375
-0.147731
-0.156538
-0.108115
-0.129681
-0.0681021
-0.086906
-0.0401108
-0.0525714
-0.02249
-0.0302501
-0.0117591
-0.0164228
-0.0082881
-0.00430736
-0.00343865
-0.00584914
-0.0051839
-0.00715019
-0.00648111
-0.00879363
-0.00788665
-0.0110476
-0.00989068
-0.0124501
-0.0119689
-0.0124037
-0.0684095
-0.149701
-0.0426796
-0.154558
-0.0429046
-0.132612
-0.0548004
-0.0758259
-0.0723672
0.00568634
-0.0694917
-0.0899483
0.0823025
0.112617
0.125266
-0.0527697
-0.102328
-0.0791398
0.126588
0.0949961
0.104155
-0.0181145
-0.0158858
-0.0015885
-0.00626776
-0.110075
0.0117316
0.00491946
0.0241123
0.0183746
0.0330024
0.0290219
0.0380379
0.0360369
0.0391108
0.0390738
0.0363115
0.0381502
0.0306632
0.0337528
0.0228056
0.0270269
0.0120243
0.0178462
-0.00303402
0.00512287
-0.0242116
-0.0127548
-0.0529533
-0.0376323
-0.08813
-0.070023
-0.120576
-0.105812
-0.127906
-0.128908
-0.0903196
-0.114409
-0.0205835
-0.0577693
0.0503781
0.0169444
0.0769254
-0.00524648
-0.0280014
0.0332875
0.0151061
0.0626587
0.0489965
0.0838603
0.0741596
0.0947911
0.0907805
0.0922264
0.0953475
0.0731367
0.0848291
0.0355877
0.0567419
-0.0220435
0.00907519
-0.0881956
-0.0559546
-0.127795
-0.113298
-0.119544
-0.128633
-0.0867769
-0.104106
-0.0555772
-0.0701908
-0.0334759
-0.043429
-0.0190559
-0.0254157
-0.00993747
-0.0139385
-0.00682214
-0.00121894
-0.000550473
-0.00266558
-0.00196047
-0.00422888
-0.00344125
-0.00628036
-0.0051372
-0.00968134
-0.0077548
-0.0143481
-0.0119795
-0.0177656
-0.0163697
-0.018484
-0.0730461
-0.135178
-0.0655245
-0.142809
-0.0770823
-0.118321
-0.0965209
-0.0520989
-0.116715
0.0377878
-0.131741
0.113485
-0.106232
-0.137174
0.143847
0.104298
0.129482
-0.0100303
-0.105872
0.00155395
-0.00636954
-0.00371652
0.0136225
0.00729933
0.0252511
0.0197855
0.0334799
0.0298414
0.0378314
0.0361652
0.0383889
0.0385703
0.0357229
0.0373999
0.0306312
0.0334159
0.0235798
0.0273651
0.0140965
0.0191798
0.00135415
0.00818711
-0.0156319
-0.00656988
-0.0372023
-0.0258917
-0.0615839
-0.0493136
-0.0815636
-0.0728634
-0.0836496
-0.0856938
-0.0557137
-0.0733697
-0.00468366
-0.0318686
0.0476514
0.022856
0.0796222
0.0670368
0.0827821
0.0847969
-0.0395356
-0.0820978
-0.0607836
0.000471691
-0.0188711
0.0343657
0.0181652
0.0613078
0.0486508
0.0812892
0.0721517
0.0926858
0.0881629
0.0924484
0.0942277
0.0765985
0.0866851
0.0414288
0.0614764
-0.0118242
0.016477
-0.0674027
-0.0410796
-0.0964406
-0.0866146
-0.0894573
-0.0964967
-0.0660295
-0.0783129
-0.0436477
-0.0542233
-0.0270436
-0.0346263
-0.0156546
-0.0207609
-0.00815916
-0.0115092
-0.00343468
-0.00548063
-0.00196525
-9.6567e-05
0.000796588
0.000411954
-0.00129582
-0.000669824
-0.0029725
-0.00204298
-0.00595519
-0.00421698
-0.0113898
-0.00833606
-0.0182683
-0.0148581
-0.0229364
-0.0210945
-0.0224908
-0.0235705
-0.0131131
-0.0193882
-0.132506
-0.101866
0.0958577
0.0739421
-0.0911158
-0.135853
-0.00011264
-0.100356
-0.144908
-0.00379741
-0.0124384
-0.00506003
-0.123889
-0.114711
-0.149935
-0.0358606
-0.169925
0.0630992
-0.178015
0.135881
-0.172325
0.14974
-0.118961
-0.155497
0.121309
0.0794799
0.0592644
-0.116266
0.00515364
0.0011282
0.0156113
0.0103813
0.0255349
0.0208542
0.0327152
0.0295501
0.0363693
0.0349671
0.0367176
0.0369249
0.0343585
0.035832
0.0299006
0.0323506
0.023685
0.027017
0.0154694
0.0198477
0.00479277
0.0104645
-0.00874364
-0.00161879
-0.0248316
-0.0165433
-0.0414524
-0.0333142
-0.0531168
-0.0483908
-0.0510866
-0.0543377
-0.0283313
-0.042432
0.00743503
-0.0120069
0.0442524
0.0269208
0.0660099
0.0577982
0.0652223
0.0683982
0.0434456
0.0565801
-0.0631618
-0.0917941
-0.0786529
-0.028705
-0.0462702
0.00494256
-0.0116052
0.0343763
0.0202058
0.0584714
0.0470792
0.0766738
0.068371
0.0876215
0.0831892
0.0882628
0.0894199
0.0748079
0.0834829
0.0444638
0.0616898
0.000457773
0.0235139
-0.0427334
-0.0225369
-0.0649948
-0.0573883
-0.0621481
-0.0659198
-0.0479533
-0.0555781
-0.0330857
-0.0402679
-0.0211498
-0.0267048
-0.0124487
-0.0164263
-0.00643545
-0.00920525
-0.00240461
-0.00419642
-0.00110554
0.00153609
0.0017728
0.000891993
0.00126095
-0.000114999
0.000449508
-0.00204347
-0.000894574
-0.00628054
-0.00376629
-0.0138049
-0.00968614
-0.0223228
-0.0182029
-0.0275406
-0.0256177
-0.0251106
-0.0275927
-0.0206019
-0.13221
-0.101822
0.0395703
0.0267925
-0.122773
-0.150049
0.00236995
0.000601853
-0.149846
-0.157789
-0.185033
-0.117812
-0.215184
-0.0232242
-0.230384
0.0837115
-0.22555
0.148574
-0.203837
0.141542
-0.173281
0.102362
-0.108204
-0.140959
0.0566034
-0.0837366
-0.0862564
-0.110849
0.00226429
0.0158394
0.0076011
-0.140467
0.00875214
0.00516397
0.0173209
0.0130315
0.0253908
0.0215883
0.0313091
0.0287129
0.0343189
0.0331845
0.034566
0.0347632
0.0325517
0.033785
0.028723
0.0308393
0.0233241
0.0262164
0.0162843
0.0200176
0.00740822
0.0120815
-0.00332759
0.00225086
-0.0152963
-0.00923993
-0.0265497
-0.0212084
-0.0330121
-0.0306973
-0.0292544
-0.0326928
-0.0131869
-0.0224544
0.0144763
0.000348844
0.0402728
0.0282323
0.0544046
0.0493497
0.0514854
0.055328
0.0321563
0.0435584
0.00187126
0.0179126
-0.0708266
-0.0787166
-0.0480785
-0.0603293
-0.0199299
-0.0344126
0.00820798
-0.00567567
0.0336722
0.0213348
0.0549591
0.04487
0.0713073
0.0638106
0.0813111
0.0772134
0.0824637
0.0831459
0.071761
0.0787176
0.0475561
0.0612457
0.0133709
0.0311485
-0.0196355
-0.00415731
-0.0383988
-0.0311273
-0.040286
-0.0409726
-0.0332945
-0.037366
-0.0241704
-0.0287373
-0.0159671
-0.0198764
-0.00955633
-0.0125324
-0.00490136
-0.00703658
-0.00167455
-0.00312142
0.000375442
-0.000493181
0.00101044
0.00217092
0.00225505
0.00177344
0.00200293
0.000898384
0.00144393
-0.00150929
-1.09695e-05
-0.0072972
-0.00388678
-0.016598
-0.0116685
-0.0258572
-0.021527
-0.0305352
-0.0290019
-0.0250334
-0.0302327
-0.0117812
-0.0196024
-0.000885077
-0.00508159
-0.170003
-0.176711
-0.0154582
-0.0129099
0.00239065
-0.00199554
0.0013005
-0.000860721
-0.0145768
-0.215008
-0.178853
-0.259322
-0.123501
-0.288824
-0.0111894
-0.292512
0.0990586
-0.269117
0.149436
-0.228273
0.118905
-0.183942
0.0746543
-0.0862142
-0.0672037
-0.0652263
-0.083564
-0.143828
0.0288547
-0.110205
-0.00453104
0.00171011
-0.00141156
-0.179358
0.00615288
0.00436409
0.0112885
0.00853604
0.0182567
0.0147737
0.0247566
0.0216971
0.0295391
0.0274373
0.0320112
0.0310778
0.0322328
0.0323845
0.0305399
0.0315946
0.0272791
0.0290863
0.0226452
0.025127
0.0166624
0.0198214
0.00932078
0.0131545
0.000818489
0.00518276
-0.00809388
-0.00366567
-0.0156894
-0.0122092
-0.019003
-0.0180884
-0.0146705
-0.01794
-0.00155831
-0.00908582
0.0180881
0.00813883
0.0358547
0.0276427
0.0448911
0.0418047
0.0407831
0.0446009
0.0241723
0.0338323
0.0123226
-0.0649643
-0.0672207
-0.0542644
-0.0605903
-0.0358516
-0.0459088
-0.0129855
-0.0247205
0.0106417
-0.00112262
0.032563
0.0219051
0.0512163
0.0423498
0.0656955
0.0590323
0.0746968
0.0709688
0.076261
0.0765191
0.0681878
0.0735042
0.0495843
0.060094
0.023472
0.0370469
-0.00222297
0.00998135
-0.0188175
-0.0119019
-0.0240186
-0.0226294
-0.0218897
-0.0235322
-0.0168873
-0.0195412
-0.011563
-0.0141752
-0.00700122
-0.00916218
-0.00349352
-0.00512045
-0.000971176
-0.00211824
0.000698073
-3.57138e-05
0.00127195
0.00260184
0.00248097
0.00269084
0.00266848
0.00255695
0.00265
0.00171468
0.00230379
-0.00141625
0.000572396
-0.00881566
-0.0045585
-0.0191909
-0.013882
-0.0280952
-0.0241237
-0.0310293
-0.0305353
-0.0244731
-0.029173
-0.0121573
-0.0185824
-0.00666897
-0.0110888
0.000605155
-0.0313247
-0.0283006
-0.232712
-0.214786
-0.292911
-0.204453
-0.340832
-0.127418
-0.0329509
-0.362
0.00107941
-0.347563
0.105202
-0.301933
0.137364
-0.0615897
-0.0468958
-0.0425616
-0.0564148
-0.243182
0.092986
-0.0788244
-0.187505
0.0402485
-0.106206
-0.141608
-0.00333543
0.000302335
0.00204617
0.00252708
-0.046962
-0.0407434
0.0022342
-0.232438
0.00481496
0.00256085
0.00358943
0.00819962
0.00633521
0.0127968
0.0103327
0.0183891
0.0155509
0.0236534
0.0211574
0.0275441
0.0258202
0.0296047
0.0288132
0.029838
0.0299361
0.0284443
0.0293252
0.0256905
0.0272208
0.0217473
0.0238592
0.0166969
0.0193534
0.0106492
0.0137834
0.00391968
0.00733444
-0.00273462
0.000512896
-0.00787044
-0.00560808
-0.00935838
-0.00920443
-0.00511814
-0.00802918
0.00536126
-0.000578944
0.0194789
0.0128526
0.0316523
0.0260929
0.0370839
0.0354425
0.0326225
0.0361558
0.0184827
0.0265244
-0.00189973
0.00881333
-0.0237998
-0.0129787
-0.0517568
-0.0427201
-0.0337877
-0.0518791
-0.05013
-0.0497765
-0.0517077
-0.0410165
-0.0462149
-0.0261542
-0.0341957
-0.00736799
-0.0170714
0.0125347
0.00256339
0.0312811
0.0221342
0.0475312
0.0397789
0.0601892
0.0543707
0.0682261
0.064879
0.0699849
0.0699638
0.0639618
0.0679851
0.0497279
0.0577757
0.0296216
0.040107
0.00917362
0.0190332
-0.00554381
0.00081982
-0.0123548
-0.00984197
-0.0132404
-0.0133303
-0.01108
-0.0123827
-0.00791187
-0.00953461
-0.00482538
-0.00632208
-0.00227674
-0.00347591
-0.000392606
-0.00125239
0.000901247
0.000336919
0.00175156
0.00141989
0.00208256
0.00288478
0.00267856
0.00313515
0.00301987
0.00322708
0.00321676
0.00233791
0.00303175
-0.00170419
0.000866535
-0.0104503
-0.00558811
-0.0209748
-0.015789
-0.0286281
-0.0254207
-0.0296506
-0.0301339
-0.0226283
-0.0270508
-0.012312
-0.0174687
-0.00490624
-0.00794557
-0.00182235
-0.306687
-0.260306
-0.0501472
-0.0348449
-0.0399004
-0.375532
-0.228784
-0.0370611
-0.417896
-0.126174
-0.422315
0.0111588
-0.0538391
-0.037163
-0.0256102
-0.0194505
-0.0306457
-0.385595
0.1015
-0.0503529
-0.319084
0.101697
-0.0610826
-0.0615969
-0.0727672
-0.246365
0.0518147
-0.0999476
-0.183277
-0.000546086
-0.135055
0.00384698
0.00192165
0.0030563
5.68703e-05
0.00201481
0.001708
0.00144588
-0.295111
0.00613997
0.00494261
0.00924494
0.00756586
0.0132903
0.0111436
0.0179259
0.0155966
0.0222409
0.0201891
0.025457
0.0240203
0.0272089
0.0265229
0.0274589
0.0275139
0.0263395
0.0270589
0.0240343
0.0253208
0.0207005
0.0224865
0.0164592
0.0186827
0.0114893
0.0140472
0.00615729
0.00883386
0.00117008
0.00356092
-0.00230667
-0.000842444
-0.00276906
-0.00300005
0.00103597
-0.00143046
0.00896202
0.00460375
0.0191637
0.0135275
0.0278216
0.0239928
0.0308792
0.0301986
0.0264089
0.0296079
0.0145313
0.0212891
-0.00213419
0.00658441
-0.0197621
-0.0111086
-0.0278784
-0.0348026
-0.030823
-0.0389732
-0.037546
-0.0373671
-0.0389556
-0.0303269
-0.0344639
-0.0183378
-0.0249146
-0.00275636
-0.0108287
0.0139391
0.00549632
0.0299705
0.0221252
0.0440487
0.0373125
0.0551142
0.0500112
0.062144
0.0591951
0.0639131
0.063739
0.0593569
0.0624432
0.048317
0.0545661
0.0325919
0.0408213
0.0160967
0.0241567
0.00319495
0.00895313
-0.00415822
-0.00114076
-0.00679846
-0.00594261
-0.00654412
-0.0069154
-0.00495794
-0.00584028
-0.00302976
-0.00399576
-0.00127571
-0.00211331
8.71964e-05
-0.000534934
0.00105165
0.000626125
0.00167283
0.0014158
0.00193767
0.00270101
0.00188518
0.00235313
0.0031039
0.00289025
0.00352846
0.00332061
0.00375124
0.00367867
0.00279466
0.00367962
-0.00220264
0.000937462
-0.0117827
-0.00669627
-0.0215527
-0.0169217
-0.0275055
-0.0252111
-0.0269928
-0.0281368
-0.0201788
-0.0241722
-0.0114718
-0.0157537
-0.0044139
-0.00758409
-0.00186848
-0.0557621
-0.0439198
-0.383043
-0.3058
-0.0408848
-0.44986
-0.245112
-0.0125445
-0.00322673
0.00423528
-0.00500114
-0.476351
-0.117911
-0.0641462
-0.0233091
-0.458002
0.0156279
-0.0435605
-0.40023
0.0808907
-0.0694316
-0.0740113
-0.0657829
-0.318825
0.0543468
-0.0746134
-0.0921784
-0.237409
0.000920176
-0.125875
-0.172324
0.00243222
0.00183338
-0.059572
-0.0458728
-0.358683
0.00456572
0.00307982
0.00374791
0.00680522
0.00561822
0.00970165
0.00817897
0.0132084
0.0113722
0.0171002
0.0151566
0.0206786
0.0189711
0.023374
0.0221603
0.0248881
0.024284
0.0251615
0.0251749
0.0242713
0.0248514
0.0223558
0.0234304
0.0195532
0.0210552
0.016007
0.0178607
0.0119311
0.0140158
0.00770051
0.00980293
0.00394438
0.00571397
0.0015852
0.00252796
0.00167812
0.00127173
0.00495235
0.00291161
0.0110807
0.00774846
0.0185344
0.014687
0.0244447
0.0218702
0.0259892
0.0258836
0.0217173
0.0245866
0.0118873
0.0174018
-0.00162951
0.00540071
-0.0158991
-0.00887378
-0.0278491
-0.0223158
-0.0341953
-0.0323116
-0.0461624
-0.0332683
-0.0346592
-0.0157903
-0.01001
-0.0242071
-0.0205028
-0.0281657
-0.0268146
-0.0272458
-0.0283164
-0.0216574
-0.0249906
-0.0118568
-0.0173168
0.000976304
-0.00578954
0.0150306
0.00791032
0.0287271
0.0220103
0.0408567
0.0350409
0.0504621
0.046024
0.0565807
0.0540047
0.0582564
0.0580106
0.0547417
0.057153
0.0460325
0.0509676
0.0335226
0.0400905
0.0200657
0.0267054
0.00882614
0.0139747
0.00151783
0.00468111
-0.00207483
-0.00066961
-0.00307027
-0.002812
-0.00262842
-0.00296437
-0.00159642
-0.00214674
-0.000486411
-0.00103119
0.000452487
8.91494e-06
0.001125
0.000809402
0.00157881
0.0013494
0.00192799
0.00169211
0.00188573
0.00279159
0.00243492
0.00333881
0.00306997
0.00388534
0.003621
0.00401193
0.00396926
0.00311245
0.00444439
-0.00260229
0.000885964
-0.0125065
-0.00766378
-0.0208708
-0.0170427
-0.025077
-0.023626
-0.0235388
-0.0250387
-0.017207
-0.0207739
-0.00970662
-0.0133699
-0.00355171
-0.0063369
7.71065e-06
-0.00147594
0.00205228
0.00120352
-0.0462444
-0.449012
-0.342095
0.00264275
0.00210073
0.0119149
0.0029417
-0.502113
-0.247387
-0.0304413
-0.0441509
-0.0769679
-0.0155943
-0.505067
-0.109707
-0.0615932
-0.0361932
-0.463243
0.00619164
-0.0759135
-0.0903697
-0.0584757
-0.391133
0.0393888
-0.086085
-0.0836976
-0.302178
-0.00503233
-0.0920399
-0.115341
-0.217765
-0.0569765
-0.158004
-0.0261017
-0.0150043
-0.0117604
0.0200032
0.0295846
-0.411853
0.00338807
0.00257823
0.00296502
0.00494115
0.00410308
0.00709122
0.00595061
0.00969287
0.00832588
0.0127763
0.0111793
0.0160654
0.0144254
0.0190653
0.0176296
0.0213482
0.0203135
0.0226694
0.0221336
0.0229589
0.0229394
0.0222609
0.0227249
0.0206786
0.0215709
0.018335
0.0195919
0.0153823
0.0169219
0.0120458
0.0137428
0.00868571
0.0103399
0.00584591
0.00716109
0.00424525
0.00484588
0.00461893
0.00415252
0.00737219
0.00570476
0.0121085
0.00956165
0.0175352
0.0148338
0.0215583
0.019874
0.0221265
0.0223595
0.0182068
0.0207254
0.0100828
0.0145882
-0.000743647
0.0048542
-0.0121014
-0.00652267
-0.0213615
-0.0171616
-0.0254894
-0.0242654
-0.0234195
-0.0253278
-0.0196538
0.0195969
0.0359733
0.0271358
0.00488224
0.0121831
-0.00719099
-0.00178041
-0.0151269
-0.0117379
-0.0189963
-0.0176338
-0.0189561
-0.0196136
-0.0145007
-0.0173376
-0.00656781
-0.0109859
0.00407548
-0.00149401
0.0159054
0.00992466
0.0275662
0.0218313
0.037982
0.0329805
0.0462653
0.0424344
0.0515708
0.0493263
0.0531024
0.0528343
0.0503368
0.0522546
0.0433481
0.0473131
0.0332367
0.0385606
0.0221482
0.0276557
0.0123636
0.0169465
0.00538496
0.00850424
0.00132977
0.0030339
-0.000467294
0.00020936
-0.000845318
-0.000781364
-0.000501365
-0.000727772
9.30067e-05
-0.000215679
0.000666017
0.00038961
0.00109382
0.000894352
0.00137243
0.00123401
0.00157777
0.00147217
0.00152678
0.00160059
0.00283092
0.00248106
0.00354934
0.00318345
0.00425677
0.00390955
0.00459388
0.00449951
0.00312695
0.00438843
-0.00227641
0.000770907
-0.0124953
-0.00871331
-0.0190978
-0.0161483
-0.0218118
-0.021035
-0.0197283
-0.0213428
-0.0140722
-0.0171779
-0.00775299
-0.0108212
-0.00271659
-0.00498477
0.000150545
-0.00102971
0.00175037
0.00114646
0.00210222
0.0116071
-0.492302
-0.362336
-0.0207015
-0.0139055
-0.00607988
0.000735042
0.00234255
-0.0388154
-0.0927652
-0.00735117
-0.523231
-0.242902
-0.0603289
-0.0282484
-0.500156
-0.107758
-0.0797556
-0.111252
-0.0508779
-0.440603
-0.0246527
-0.0954715
-0.0753255
-0.361663
-0.0250229
-0.113919
-0.107344
-0.104572
-0.274796
-0.0740692
-0.142461
-0.195552
0.0473753
0.0333309
0.0213901
-0.444401
0.0035611
0.00286235
0.0050963
0.00423455
0.0070601
0.00600358
0.00942252
0.00818542
0.0121201
0.0107334
0.0149215
0.0135278
0.0174575
0.0162426
0.0194036
0.0185175
0.0205589
0.0200843
0.0208538
0.0208115
0.0203121
0.0206813
0.0190119
0.0197489
0.0170628
0.0181088
0.0146155
0.0158887
0.0118923
0.0132703
0.00922483
0.0105264
0.00707459
0.0080534
0.00599709
0.00636975
0.00649954
0.00603162
0.0087851
0.00743194
0.012447
0.0105004
0.01642
0.0144796
0.0191327
0.0180346
0.0190827
0.0195165
0.0156028
0.0177432
0.00894895
0.0126199
0.000286956
0.00475543
-0.00853807
-0.00424065
-0.0154682
-0.0124291
-0.0180196
-0.0173493
-0.0153267
-0.0173893
-0.00764801
-0.0117599
-0.019502
-0.00854215
0.00172491
-0.00350209
0.0256348
0.0419285
0.0330247
0.0119853
0.0187126
0.000353057
0.00586579
-0.00751243
-0.00414011
-0.011515
-0.0099416
-0.0119476
-0.0122036
-0.008579
-0.0107122
-0.00210788
-0.00568395
0.00666891
0.00206648
0.0165837
0.0115621
0.0264868
0.0216003
0.0354095
0.0311194
0.0425246
0.039233
0.0471002
0.0451687
0.0484702
0.0482061
0.0462515
0.0478028
0.0405581
0.0437918
0.0322615
0.0366402
0.0230525
0.0276374
0.0144811
0.0185517
0.00795859
0.0109397
0.00373058
0.00557979
0.00143082
0.00238157
0.000467715
0.000823674
0.000283742
0.000310214
0.00046105
0.000347929
0.000731941
0.000595769
0.000956716
0.000853572
0.00109285
0.00103442
0.00115923
0.00114139
0.00106248
0.00117535
0.00194939
0.00118451
0.00282358
0.00242993
0.00369046
0.00323768
0.00453296
0.00413006
0.00487749
0.00482577
0.00298729
0.00442035
-0.00320003
0.0003804
-0.0113624
-0.00767803
-0.0165695
-0.0143591
-0.0181872
-0.0178653
-0.0159842
-0.0175184
-0.0111988
-0.0137777
-0.00608003
-0.00855484
-0.00209099
-0.00388632
0.000309403
-0.000688143
0.0015863
0.00110705
0.00193897
-0.0291993
-0.116583
0.00131932
-0.505972
-0.361201
0.00236085
0.0526891
-0.05378
-0.0197269
-0.51199
-0.233722
0.00183796
0.00187757
0.0105598
-0.0788885
0.05547
0.0490722
-0.137406
-0.0429806
-0.467121
-0.124543
-0.101535
-0.0672805
-0.396231
-0.0816207
-0.141862
-0.119983
-0.0943432
-0.317287
-0.107061
-0.133883
-0.127906
-0.238546
-0.147988
-0.0285683
-0.0166479
-0.172659
-0.00577774
0.0236786
0.0109953
-0.450863
0.00356555
0.0029326
0.00505615
0.00426857
0.00685361
0.0059117
0.00897174
0.00787646
0.0113324
0.01013
0.0137301
0.0125425
0.0158846
0.0148533
0.0175453
0.016787
0.0185504
0.0181335
0.0188375
0.0187822
0.0184187
0.0187116
0.0173547
0.0179605
0.0157435
0.0166086
0.013728
0.0147743
0.0115179
0.0126309
0.00940961
0.0104295
0.00778865
0.00851322
0.00708173
0.00729825
0.00763488
0.00719048
0.00952516
0.00842773
0.0123653
0.0108727
0.0152859
0.0138834
0.0171074
0.0164066
0.0167774
0.017247
0.0137355
0.0156187
0.00827652
0.0112506
0.0014102
0.00493624
-0.00541433
-0.00211121
-0.0103611
-0.00826995
-0.0116816
-0.0115996
-0.00855668
-0.0107396
-0.00139791
-0.00524195
0.00861325
0.00265748
0.0643658
0.0603704
0.0674172
0.0467059
0.0566921
0.0307957
0.0380587
0.0178812
0.0241448
0.00670793
0.011935
-0.000991419
0.00239813
-0.00514178
-0.00347051
-0.00600346
-0.00597795
-0.00358881
-0.00517661
0.0015987
-0.00128769
0.00880816
0.00501038
0.0171013
0.0128857
0.0254944
0.0213417
0.033113
0.0294458
0.0392064
0.0363874
0.0431259
0.0414646
0.0443378
0.0440881
0.0425283
0.0438021
0.0378265
0.0404997
0.0309239
0.0345765
0.023029
0.0270235
0.0156351
0.0192249
0.00960937
0.0124133
0.00537208
0.00727529
0.00276366
0.00389242
0.00138074
0.00195109
0.000788381
0.001013
0.00062757
0.000673649
0.000647875
0.000627319
0.000702635
0.000677698
0.000727638
0.000723416
0.000707285
0.000730959
0.000574411
0.00067464
0.000323617
0.00046022
0.00169734
0.000574538
0.0010312
0.0027704
0.00227438
0.00376492
0.00326002
0.00468379
0.00425237
0.00497836
0.0049799
0.00283831
0.0043862
-0.003183
0.000189047
-0.00974636
-0.00672833
-0.0136881
-0.0120725
-0.0146126
-0.0145375
-0.0126139
-0.0139307
-0.00878926
-0.0108255
-0.00479585
-0.00672506
-0.00163217
-0.00308105
0.000357021
-0.0004759
0.0014605
0.00103121
0.00193651
0.00176653
0.00190996
-0.0423136
-0.0108736
-0.490417
-0.347446
0.00227884
0.0168318
0.000216624
-0.0717074
-0.0290272
-0.042853
0.0708695
0.0657472
-0.173807
-0.034848
-0.473167
-0.232819
-0.101463
-0.0595297
-0.413361
-0.166575
-0.1777
-0.0158246
-0.128126
-0.0853357
-0.339097
-0.163359
-0.150144
-0.11513
-0.267347
-0.198504
-0.167362
-0.152372
-0.204001
0.0144704
0.0120582
0.0399735
0.0296327
0.00690432
-0.00105762
-0.435045
0.00347069
0.00282046
0.00487804
0.00414032
0.00651349
0.00565211
0.00841333
0.00742719
0.0104757
0.00943138
0.0125302
0.0115159
0.0143591
0.0134847
0.0157684
0.0151242
0.016631
0.0162709
0.0168953
0.016837
0.016568
0.0168017
0.0156996
0.0161956
0.0143777
0.0150873
0.0127341
0.0135852
0.0109595
0.0118486
0.00931301
0.0101022
0.00811161
0.00863715
0.00768031
0.0077838
0.00825086
0.00783579
0.00982339
0.00892716
0.0120435
0.0108904
0.014209
0.0131861
0.0154246
0.014988
0.0149166
0.0154143
0.0123252
0.0138812
0.00791162
0.0103002
0.00252062
0.00526878
-0.0026489
-0.000175784
-0.00612238
-0.00469317
-0.00650592
-0.00676443
-0.00293253
-0.00524251
0.00373097
9.48302e-05
0.0140943
0.0081867
0.0259921
0.0298768
0.0214721
0.0211579
0.0768297
0.0739465
0.0697405
0.0803416
0.0787519
0.0505224
0.0597703
0.0350764
0.0422954
0.0226412
0.0286539
0.0121132
0.0170918
0.00456106
0.00792876
0.000273185
0.00203806
-0.000998264
-0.000721406
0.000605119
-0.00053073
0.00468684
0.00238352
0.0105799
0.00745829
0.0174951
0.0139661
0.0245813
0.0210671
0.0310619
0.0279382
0.0362651
0.0338556
0.039611
0.0381947
0.0406627
0.0404351
0.0391703
0.0402279
0.0352426
0.0374782
0.0294377
0.0325162
0.0227079
0.0261263
0.0161603
0.0193578
0.0106054
0.0132272
0.00644199
0.00834924
0.00364488
0.0048906
0.0019536
0.00268521
0.00103828
0.00142161
0.000599167
0.000776832
0.000409484
0.000485079
0.000323077
0.000360398
0.00026278
0.000293933
0.00018495
0.000232177
6.75533e-05
0.00015957
-0.00015868
-5.45652e-05
-0.000248848
0.000614746
-0.000292306
0.000191658
0.00161677
0.00109703
0.00272978
0.00216729
0.00379861
0.00326798
0.00472415
0.00429777
0.00495126
0.00499686
0.00273154
0.0042937
-0.00272024
0.00023321
-0.00788001
-0.00554884
-0.0108016
-0.0096253
-0.0113691
-0.0113795
-0.00975939
-0.0107951
-0.00684255
-0.00838888
-0.00379788
-0.00527437
-0.00130182
-0.00246458
0.000332964
-0.000361059
0.00127125
0.000906525
0.00153858
0.00147633
0.00146854
0.0015361
-0.0587426
0.0591863
0.01644
0.0405492
0.0508388
-0.221178
-0.00189407
-0.0262281
-0.452647
-0.329293
-0.0940281
-0.0520865
-0.417368
-0.250805
0.0361043
0.0390681
-0.225656
-0.000912688
0.0272764
0.0216276
0.0716784
0.0816008
-0.000289327
-0.000809538
-0.000804305
0.00131703
0.00115303
0.000979586
-0.129595
-0.07795
-0.349551
-0.23441
-0.0613973
-0.045159
-0.161238
-0.105005
-0.279211
-0.262515
-0.210992
-0.187744
-0.00049772
0.0268932
-0.135777
-0.219688
-0.290125
-0.17443
-0.0157582
-0.404472
0.00212356
0.00169445
0.00323677
0.00263397
0.00457303
0.00388112
0.00608795
0.00530295
0.00779177
0.00691722
0.00958685
0.00868286
0.0113417
0.0104793
0.012884
0.0121486
0.0140638
0.0135252
0.0147854
0.0144839
0.0150096
0.0149586
0.0147447
0.0149349
0.0140359
0.0144406
0.0129621
0.0135374
0.0116423
0.0123232
0.0102453
0.0109408
0.00899175
0.00958568
0.00813782
0.00849983
0.00792718
0.00794123
0.0085093
0.00811826
0.00983849
0.00909518
0.0115986
0.0106957
0.0132248
0.0124695
0.0140354
0.0137705
0.0134647
0.0139427
0.0112855
0.0125697
0.00774837
0.009649
0.00355945
0.005677
-0.000269967
0.00153017
-0.00254942
-0.00167413
-0.00215268
-0.00273897
0.00160225
-0.000688014
0.00827525
0.00460783
0.0185745
0.0128692
0.0330614
0.0253312
0.0322077
0.0857477
0.0789625
0.0825961
0.0894827
0.0877875
0.0911806
0.0902806
0.0536015
0.0622599
0.0387621
0.0457605
0.0266556
0.0324555
0.0166325
0.0213706
0.00926768
0.0125897
0.00485996
0.00671431
0.0032128
0.00371341
0.00412961
0.00337458
0.00726484
0.00546005
0.0120402
0.00949303
0.0177717
0.0148348
0.0237249
0.0207648
0.0292166
0.0265652
0.0336465
0.0315934
0.0365034
0.0352928
0.0374048
0.0372072
0.0361612
0.0370455
0.0328492
0.0347367
0.0279219
0.0305422
0.0221031
0.0250682
0.0162744
0.0191407
0.01114
0.0135921
0.0070828
0.00897091
0.00416478
0.00549166
0.00223534
0.00309405
0.0010547
0.00156973
0.000380172
0.000669624
1.22918e-05
0.000169278
-0.000190062
-0.000102093
-0.000313805
-0.000256919
-0.000401251
-0.000360393
-0.000496852
-0.000446486
-0.000689109
-0.000598366
-0.000768924
0.000711057
0.000218915
0.00169395
0.00122009
0.00272166
0.00218376
0.00378039
0.00325793
0.00464622
0.00425719
0.00479882
0.00487623
0.00266884
0.00413991
-0.00200712
0.000450943
-0.00596164
-0.00420967
-0.00814222
-0.00726123
-0.00858724
-0.00858155
-0.00742108
-0.00817574
-0.00527087
-0.00641591
-0.00297229
-0.00409522
-0.00102159
-0.00194085
0.000292336
-0.000270065
0.00103183
0.00075297
0.00123356
0.00118401
0.00124122
-0.0791444
0.0738563
-0.0203717
-0.0442798
-0.402898
-0.31961
0.0414611
-0.287851
0.0157352
0.0916732
-0.00135826
-0.00134186
0.00106921
0.000714118
-0.122282
-0.0714028
-0.355478
-0.292057
-0.028843
-0.165013
-0.0978386
-0.286603
-0.32076
-0.0848057
-0.0646981
-0.268536
-0.202675
-0.0230965
0.00850118
-0.124338
-0.225277
-0.364352
-0.236124
-0.152591
-0.181283
0.0673651
0.0585564
-0.0340427
-0.369818
0.00189876
0.0014607
0.00295663
0.00239967
0.00421625
0.00356391
0.00560908
0.0048933
0.00712453
0.00635565
0.00868886
0.00790897
0.0101769
0.00944961
0.0114587
0.0108502
0.0124221
0.0119842
0.0129986
0.0127598
0.0131643
0.0131313
0.0129339
0.0130952
0.0123518
0.0126819
0.0114908
0.0119496
0.0104571
0.0109871
0.00939576
0.0099193
0.00848931
0.00891123
0.00793898
0.00815839
0.00792198
0.00785678
0.00852685
0.00814816
0.00968113
0.00904884
0.0111073
0.0103855
0.0123521
0.011784
0.0128965
0.0127399
0.0123312
0.0127658
0.0105222
0.0115737
0.00771024
0.00920963
0.00449441
0.00610402
0.00172772
0.00299681
0.00039244
0.000824402
0.00140624
0.000562729
0.00531725
0.00300375
0.0120392
0.00832961
0.0220631
0.0166148
0.0356838
0.0284756
0.0502682
0.0519039
0.0436074
0.0462669
0.0484511
0.0399307
0.0435515
-0.372123
0.032541
0.0362231
0.100317
0.0980757
0.099249
0.101462
0.100978
0.101728
0.101657
0.0920246
0.101746
0.101781
0.073111
0.0824589
0.0559462
0.0642169
0.0417188
0.0484928
0.0300019
0.0356139
0.0203922
0.0249262
0.0132296
0.0164907
0.00873013
0.010661
0.00675287
0.00744829
0.00708453
0.00665366
0.00940762
0.00803173
0.0132222
0.0111689
0.0179318
0.0155068
0.0229049
0.0204243
0.0275401
0.0252976
0.0313028
0.0295565
0.0337424
0.0327061
0.034523
0.0343475
0.0334773
0.0342241
0.0306665
0.0322706
0.0264347
0.0286896
0.0213534
0.0239553
0.0161252
0.0187161
0.0113511
0.0136548
0.00740029
0.00926356
0.00439222
0.00578273
0.00226349
0.00322973
0.000853287
0.00148273
-2.64289e-05
0.000360168
-0.00054612
-0.000320876
-0.000839451
-0.000713596
-0.00100068
-0.000931489
-0.00109545
-0.00105177
-0.00114392
-0.00111452
-0.00128807
-0.00121678
-0.00134038
-0.000246051
-0.00129807
-0.000770945
0.000800669
0.000275751
0.00177709
0.00131031
0.00273614
0.00224292
0.00371884
0.00323469
0.00447105
0.00414529
0.00454293
0.00464269
0.00263857
0.00393497
-0.00119204
0.000771566
-0.00415923
-0.00286155
-0.00583907
-0.00514017
-0.0063007
-0.00622745
-0.00555469
-0.0060607
-0.00401773
-0.00484784
-0.00229366
-0.00314454
-0.000777793
-0.00149863
0.000263265
-0.000184062
0.000846341
0.000626701
0.00101517
0.000972282
0.000882761
0.00099401
0.000406904
0.000681806
-0.106488
0.0965991
-0.0440055
-0.0646004
-0.3532
-0.326386
-0.0107929
-0.158229
-0.0930057
-0.298131
-0.351015
-0.0452538
0.0592374
0.0604178
0.0923492
0.101909
-0.343458
-0.00125792
-0.00185128
-0.00179373
6.57555e-05
0.00012933
-0.00023285
-0.209058
0.0466776
-0.118037
-0.233261
-0.412171
-0.115142
-0.0901738
-0.253382
-0.299841
-0.140097
-0.184494
-0.454368
-0.0534854
-0.0170402
-0.156472
0.0288898
0.0491559
0.0478897
0.0941822
0.0908912
-0.0563311
-0.344154
0.00899108
0.00075296
0.000384345
0.00160901
0.00115736
0.00264131
0.0021038
0.00381277
0.00321469
0.00509636
0.00444264
0.00644783
0.00576746
0.00779674
0.0071279
0.00904228
0.00843812
0.0100823
0.00959262
0.0108366
0.0104974
0.0112605
0.0110895
0.0113479
0.0113438
0.011124
0.011271
0.0106374
0.0109086
0.00995811
0.0103157
0.00918024
0.00957406
0.00842518
0.00879114
0.00783773
0.00810126
0.00756843
0.0076553
0.00773788
0.00759427
0.00838728
0.00800559
0.00942829
0.00887101
0.0106195
0.0100256
0.0115979
0.0111594
0.0119706
0.0118802
0.0114467
0.0118287
0.00996047
0.0108146
0.00774166
0.00891506
0.00530587
0.00650981
0.00337381
0.00422862
0.00276534
0.00285701
0.00424287
0.00320937
0.00827166
0.00593443
0.0149775
0.0112834
0.0247564
0.0194647
0.0377874
0.030889
0.0533194
0.0453377
0.0563929
0.0578632
0.052609
0.0547008
0.0507678
0.116757
0.119743
0.118312
0.114421
0.115447
0.113013
0.113592
0.111956
0.11251
0.111385
0.111624
0.074143
0.0829771
0.057751
0.065677
0.0440448
0.0505893
0.0327236
0.0381303
0.0234928
0.0278476
0.0165323
0.0197239
0.0119758
0.013965
0.00971734
0.0105801
0.0095466
0.00939412
0.0111687
0.0101639
0.0141513
0.0125255
0.0179777
0.0159951
0.0221023
0.0200367
0.0259971
0.0241074
0.0291886
0.0277037
0.0312773
0.0303867
0.0319646
0.0318031
0.0310932
0.0317199
0.0286974
0.0300686
0.0250327
0.0269941
0.0205529
0.022858
0.0158151
0.018181
0.011335
0.0135175
0.00746888
0.00931362
0.00437556
0.00582506
0.00206396
0.00312855
0.000444729
0.00117788
-0.000617774
-0.00014563
-0.00126484
-0.000983929
-0.0016228
-0.00147261
-0.00179371
-0.00172639
-0.0018558
-0.00183518
-0.00187649
-0.00186386
-0.00191263
-0.00186945
-0.00192488
-0.00193081
-0.00189832
-0.000195327
-0.000711904
0.000813012
0.000312898
0.00177135
0.00130536
0.00269199
0.0022233
0.0035809
0.00315117
0.00417989
0.00393583
0.00417528
0.00428385
0.00260306
0.00366351
-0.000387352
0.00111758
-0.00257042
-0.00161696
-0.00392515
-0.00333094
-0.00447035
-0.00431221
-0.00408582
-0.00438641
-0.00302738
-0.00361395
-0.00174672
-0.00238706
-0.000573276
-0.00113633
0.000251134
-0.000105202
0.000720371
0.000541267
0.000842652
0.000821466
0.000646654
0.000789204
0.000422404
-0.140588
0.121802
-0.0744653
-0.0886383
-0.31216
-0.349816
-0.0237933
0.0469398
0.0242687
0.0615001
0.111281
-0.437176
-0.00240317
-0.00233022
-0.000343007
-0.000659596
-0.203663
0.0860275
-0.116148
-0.253574
-0.418453
-0.0665277
-0.263019
-0.382708
-0.136639
-0.195846
-0.493485
0.0281902
-0.319936
-0.146412
-0.160304
0.0464337
-0.125555
0.14391
0.150489
-0.156715
0.0679491
0.0713576
-0.0833375
-0.331526
0.000173638
0.000382225
8.78673e-07
0.00125524
0.000798084
0.0022711
0.00174975
0.00338374
0.00281727
0.00456227
0.00396659
0.00576428
0.00516379
0.00691988
0.00635221
0.00794419
0.00745243
0.00875852
0.00838028
0.00930741
0.0090665
0.0095698
0.00947247
0.00955853
0.00959458
0.00931294
0.00946006
0.00889049
0.00911816
0.00836248
0.00863344
0.00781391
0.00808398
0.00734363
0.00756182
0.00705966
0.00717147
0.00706435
0.00702068
0.00742733
0.00719942
0.00815011
0.00774776
0.00913344
0.00861998
0.0101676
0.00966055
0.0109637
0.0106136
0.011227
0.0111759
0.010758
0.0110879
0.00954247
0.0102337
0.00780077
0.00871336
0.00598012
0.00686546
0.00469425
0.00522999
0.00463296
0.00447137
0.00643919
0.00527415
0.0105414
0.00819337
0.0171872
0.0135336
0.0267228
0.021585
0.0392615
0.0326033
0.054363
0.0465922
0.0698627
0.0706861
0.0624468
0.0681394
0.0689806
0.0664715
0.0673044
0.0651627
0.0657722
0.0651019
0.064824
0.0659258
0.134352
0.1386
0.127894
0.13075
0.124029
0.125701
0.121768
0.122765
0.120649
0.121072
0.110874
0.119921
0.120296
0.092389
0.101742
0.0746274
0.0832915
0.0590059
0.0665283
0.0458301
0.0521445
0.0348888
0.0401031
0.026013
0.0302012
0.0192548
0.0223714
0.0146748
0.0167036
0.012181
0.0131865
0.011576
0.0116647
0.0125889
0.0119073
0.0148479
0.0135937
0.0179076
0.0163091
0.0212966
0.0195904
0.0245544
0.0229671
0.027263
0.0259973
0.0290657
0.0282914
0.0296902
0.0295316
0.0289808
0.0294994
0.0269384
0.0281127
0.0237464
0.0254622
0.0197575
0.0218214
0.0154137
0.0175989
0.0111569
0.0132502
0.00733693
0.00917855
0.00414497
0.00565734
0.00165337
0.00281304
-0.000161617
0.000667146
-0.00138582
-0.000839856
-0.00213325
-0.00181108
-0.0025256
-0.00236644
-0.00267593
-0.00262509
-0.00268044
-0.00269211
-0.00262104
-0.00265631
-0.00255065
-0.00257588
-0.00250915
-0.00252742
-0.00246643
-0.521524
-0.0971554
-0.0571788
-0.00118578
-0.0022402
-0.00170507
-0.000163299
-0.000668347
0.00079209
0.000323491
0.00170215
0.00125588
0.00259756
0.00214718
0.00339142
0.00302059
0.00381164
0.00366394
0.0037141
0.00383509
0.00251223
0.00331447
0.000305508
0.00140272
-0.00126323
-0.00056892
-0.002405
-0.00187059
-0.00304966
-0.00281061
-0.00296041
-0.00309643
-0.00227449
-0.00267236
-0.00133525
-0.00181382
-0.000424256
-0.000866238
0.000236799
-5.15509e-05
0.00061389
0.000471043
0.000683945
0.000686284
0.000452471
0.00060868
-9.55433e-05
0.000213122
-0.000926562
-0.000477377
-0.185028
0.124498
-0.112692
-0.116135
-0.285327
-0.384067
-0.0408488
0.0186711
-0.261095
-0.481506
-0.14038
-0.225172
-0.481362
0.165295
0.176299
0.0775265
-0.0951181
0.0767873
0.0457031
0.0779806
0.0788643
0.110548
0.119947
-0.331231
-0.150109
-0.175642
-0.550085
0.00198771
-0.00144085
-0.00114787
-0.00169936
-0.00213635
-0.00277233
-0.0026713
-0.403785
-0.15291
-0.173795
0.103324
0.0844552
0.116077
0.158909
-0.213147
-0.116136
-0.331768
-0.011719
-0.000797971
-0.00115463
-2.88522e-05
-0.000437954
0.000871999
0.000407503
0.00186919
0.00135945
0.002926
0.00239092
0.00401323
0.00346753
0.00508256
0.00455301
0.00606628
0.00558828
0.00689164
0.00650124
0.00749647
0.00722234
0.00784589
0.00770142
0.00793988
0.00792076
0.00781085
0.00789741
0.00751526
0.00767697
0.0071239
0.00732425
0.00671447
0.00691416
0.00636722
0.00652611
0.00616171
0.00624043
0.00617123
0.00613447
0.00645187
0.00627466
0.0070248
0.0067021
0.0078546
0.0074123
0.00883167
0.00833415
0.00977231
0.00931938
0.0104475
0.0101562
0.0106412
0.0106135
0.0102256
0.0105101
0.00922665
0.00978864
0.00785769
0.00856703
0.006511
0.00715178
0.00571225
0.00600904
0.00604815
0.00570554
0.00806829
0.00682267
0.0121884
0.00985089
0.0187309
0.0151424
0.0279701
0.0230097
0.0400871
0.0336587
0.0549864
0.047269
0.0715267
0.063169
0.0766196
0.0772083
0.0761214
0.0762617
0.0770752
0.0763643
0.0804363
0.0783982
0.0877431
0.0833514
0.0942124
0.150115
0.156852
0.140407
0.144744
0.134326
0.136999
0.130819
0.132315
0.129282
0.129807
0.128819
0.128863
0.0920294
0.101263
0.0746448
0.0831147
0.0597184
0.0668863
0.0470799
0.0531408
0.0365386
0.0415586
0.0280138
0.0320373
0.0214672
0.0245018
0.0168948
0.0189467
0.0142072
0.0153343
0.0132247
0.0135245
0.0137042
0.0133062
0.0153279
0.0143999
0.0177171
0.0164536
0.0204681
0.019072
0.0231823
0.0218506
0.0254909
0.0244034
0.0270715
0.0263831
0.0276684
0.0274976
0.0271191
0.0275342
0.0253887
0.02639
0.0225934
0.024104
0.0189987
0.0208676
0.0149614
0.0170045
0.0108591
0.012896
0.0070357
0.00889619
0.00372131
0.00530454
0.00104835
0.00230081
-0.000947661
-3.31467e-05
-0.00230692
-0.0017024
-0.00312135
-0.00277586
-0.00351221
-0.00336276
-0.00360851
-0.00359077
-0.00352865
-0.00358594
-0.00336856
-0.00345935
-0.00319944
-0.00328162
-0.00308559
-0.00313287
-0.00294515
-0.00302278
-0.00286592
-0.00110828
-0.00161699
-0.000142266
-0.000617785
0.000741066
0.000311397
0.00159348
0.00117108
0.00243882
0.00201826
0.00312182
0.00281683
0.00335239
0.00330518
0.00315955
0.00329136
0.00234405
0.00288106
0.000857896
0.00159565
-0.000221481
0.000274096
-0.00122202
-0.00071992
-0.00196712
-0.00165578
-0.00210954
-0.0021191
-0.00170433
-0.00196013
-0.00102543
-0.00137993
-0.000319029
-0.000665841
0.000211003
-2.20311e-05
0.0005082
0.000398172
0.000533444
0.000554753
0.000285866
0.000445986
-0.000276101
4.38977e-05
-0.000670038
-0.244791
-0.560177
-0.154956
-0.160264
-0.147424
-0.273026
-0.419388
0.18992
0.127922
-0.0637792
0.0106755
0.0798609
0.128991
-0.333092
0.12683
0.143288
-0.1633
-0.21297
-0.523612
0.0647875
-0.134153
0.045932
-0.0019984
-0.0023017
-0.00129634
-0.0018761
-0.00200932
-0.00253082
-0.0032965
-0.0032162
-0.410432
-0.161018
-0.172302
-0.576589
-0.502082
-0.239487
0.0959313
-0.11867
-0.0383674
0.135945
-0.287942
-0.155215
-0.340591
0.203652
0.169221
-0.0269758
-0.00129097
-0.00165326
-0.000458061
-0.000893116
0.00046985
4.60572e-06
0.00144609
0.000954636
0.00245075
0.001946
0.00345876
0.00295725
0.00441159
0.0039441
0.00524733
0.00484633
0.00589896
0.00559711
0.00631573
0.00613539
0.00647835
0.00642478
0.00640389
0.00646403
0.00614329
0.00628812
0.00577169
0.00596142
0.00537683
0.00556693
0.0050481
0.00519444
0.00486703
0.00493053
0.00489957
0.00484982
0.00518885
0.00500768
0.00574752
0.00543294
0.00654946
0.00611979
0.00752188
0.00701954
0.00854152
0.00803402
0.00944283
0.0090168
0.0100442
0.00978994
0.0101929
0.0101798
0.0098195
0.010069
0.0089828
0.00944793
0.00789136
0.00844935
0.00689393
0.00735498
0.00644339
0.0065712
0.00704125
0.00658316
0.00916511
0.00788941
0.0132222
0.010933
0.019583
0.0160971
0.0285394
0.0237281
0.040327
0.0340631
0.0551279
0.0473699
0.072162
0.0634824
0.087943
0.0894952
0.0809067
0.0856055
0.0867334
0.0845226
0.0848968
0.0851207
0.0845888
0.0881824
0.0863055
0.0947004
0.0909459
0.106438
0.0997629
0.115179
0.212416
0.230126
0.183103
0.196457
0.164032
0.172489
0.151705
0.157241
0.143792
0.147289
0.139151
0.141129
0.137135
0.137855
0.13703
0.136881
0.129233
0.138258
0.137546
0.110172
0.119868
0.0912246
0.100487
0.0742663
0.0824594
0.0598922
0.0667625
0.0477702
0.0535682
0.0376889
0.0424875
0.0295412
0.0333923
0.0232271
0.0261731
0.018693
0.0207572
0.0158495
0.017084
0.0145384
0.0150279
0.0145481
0.0144035
0.015611
0.0149722
0.0174122
0.0164405
0.019612
0.0184788
0.0218683
0.0207442
0.0238545
0.0229009
0.0252742
0.0246358
0.0258788
0.0256739
0.0254916
0.0257994
0.0240384
0.0248825
0.0215733
0.0229109
0.0182833
0.0200043
0.0144674
0.0164157
0.0104562
0.0124653
0.00658398
0.00848218
0.00312967
0.00478803
0.000282915
0.00162055
-0.0018684
-0.000883974
-0.00332628
-0.00268346
-0.00416767
-0.00381983
-0.00452026
-0.00439898
-0.00453001
-0.00456111
-0.00434165
-0.00445594
-0.00406343
-0.00420987
-0.00380063
-0.00392813
-0.00361343
-0.00369803
-0.00346401
-0.00354648
-0.00339961
-0.00101963
-0.00150259
-0.000125771
-0.000560143
0.000686096
0.000288278
0.00148685
0.00108747
0.00226934
0.0018847
0.00283712
0.00259887
0.00287409
0.00293161
0.00254605
0.00271561
0.00204347
0.00235273
0.00118853
0.00161217
0.00052559
0.000851593
-0.000348306
0.000122324
-0.00116447
-0.000799387
-0.0014839
-0.00139614
-0.00129311
-0.00144066
-0.00081037
-0.00107171
-0.000257931
-0.000532795
0.000171288
-1.8646e-05
0.00040755
0.000321973
0.000405417
0.000436917
0.000160121
0.000315204
-0.000394395
-7.28373e-05
-0.000803427
-0.319376
0.166609
-0.218255
-0.211702
-0.181655
-0.271683
-0.444813
0.227562
0.133617
-0.0941621
0.000781149
-0.00253973
-0.00306926
-0.40972
-0.1817
-0.214266
-0.542718
0.047447
-0.189594
0.0472036
0.0955643
0.0976625
0.129428
0.139237
-0.376316
-0.335305
-0.501517
-0.572231
0.163594
0.113847
-0.184308
0.195166
-0.276429
0.19969
0.232852
-0.199684
-0.350773
0.18652
-0.048163
-0.00251422
-0.00315504
-0.00296192
-0.00174594
-0.00216859
-0.000847802
-0.00130956
8.10377e-05
-0.00038747
0.00102954
0.000553799
0.00198635
0.00150748
0.00291939
0.00246032
0.00376967
0.00335502
0.00448261
0.00414518
0.00498922
0.00476093
0.00524684
0.00514585
0.00524554
0.00527213
0.00501448
0.00514911
0.00461988
0.00482558
0.00415431
0.00438235
0.00372398
0.0039207
0.00343402
0.00354816
0.00337378
0.00336383
0.00360355
0.00344402
0.00414408
0.00383029
0.00497054
0.00452085
0.00601229
0.00546749
0.00715778
0.00657807
0.00826424
0.00772371
0.00917438
0.00875177
0.00974127
0.00950661
0.00986251
0.00985901
0.00951685
0.00974317
0.00879164
0.00918972
0.00789325
0.00834564
0.00713571
0.00747365
0.00691211
0.0069316
0.00765269
0.00713682
0.00977663
0.00851921
0.0136781
0.0114824
0.0197616
0.0164231
0.0283998
0.0237408
0.0399292
0.0337785
0.0547155
0.046894
0.0724779
0.0633343
0.0912269
0.0818981
0.0927608
0.0939414
0.0918078
0.0919793
0.0933966
0.0922757
0.0982369
0.0953671
0.107464
0.102238
0.122898
0.114301
0.148051
0.133804
0.190219
0.166588
0.256176
0.219732
0.228497
0.248086
0.197643
0.211917
0.176113
0.185837
0.161711
0.168213
0.152286
0.156476
0.146728
0.149087
0.144338
0.145187
0.144547
0.144156
0.146817
0.145475
0.109135
0.119321
0.0899546
0.0992808
0.0733267
0.0812673
0.0594526
0.0660501
0.047896
0.0534085
0.0383449
0.0428822
0.0306162
0.034265
0.0245619
0.0273885
0.0200962
0.0221376
0.017132
0.0184364
0.015536
0.0161754
0.015133
0.0151998
0.0157054
0.0153134
0.0169985
0.0162787
0.0187328
0.0178272
0.0206161
0.0196718
0.022356
0.0215187
0.0236722
0.0230798
0.0243135
0.0240869
0.0240827
0.0243125
0.0228658
0.0235968
0.0206626
0.0218793
0.0176032
0.0192238
0.0139243
0.0158193
0.00994121
0.0119461
0.0060007
0.00794061
0.00241706
0.00414199
-0.00057163
0.000832399
-0.00283363
-0.00180311
-0.00434374
-0.00368603
-0.00517139
-0.00484101
-0.00545595
-0.00537595
-0.00536238
-0.00544967
-0.00504685
-0.00522085
-0.00465964
-0.00485592
-0.00430986
-0.00447833
-0.00406378
-0.00417799
-0.00393325
-0.0039999
-0.00381832
-0.00389455
-0.00365564
-0.00377376
-0.00184777
-0.00291056
-0.00235715
-0.000923194
-0.00137191
-0.000122077
-0.000507325
0.00061528
0.000250323
0.00135186
0.000984226
0.00205193
0.00171262
0.00249845
0.00232704
0.0023603
0.00250977
0.00190075
0.00211102
0.00166382
0.00177537
0.00136785
0.00151805
0.00106063
0.00124336
0.000288721
0.000735492
-0.00058973
-0.000180731
-0.00103637
-0.000881332
-0.000994062
-0.00106646
-0.000655758
-0.00084731
-0.000225505
-0.000442365
0.000119491
-3.40999e-05
0.000306734
0.000240027
0.000287501
0.000324345
4.55687e-05
0.000196722
-0.000485296
-0.000177047
-0.00137928
-0.000888134
-0.00270321
-0.00196054
-0.400127
-0.110416
-0.222481
-0.2673
-0.210822
-0.277899
-0.457742
0.258571
0.142415
-0.14017
-0.0113777
0.100176
0.1486
-0.0034869
-0.00377982
-0.282326
-0.489326
-0.562298
0.0527098
0.141312
0.246132
0.325041
0.319824
0.0201467
-0.368424
-0.227107
-0.206276
-0.576923
0.343291
0.365338
0.404858
0.400777
0.35107
-0.244079
-0.361175
0.209729
0.410675
0.471729
0.52474
0.550781
0.453035
0.541728
0.502597
-0.0794829
-0.540651
-0.245836
-0.380567
-0.230281
-0.000445015
0.387587
0.306851
0.185075
0.0656241
-0.558619
-0.477968
-0.466633
-0.448747
-0.420477
-0.00341385
-0.00255048
-0.00191438
-0.00136197
-0.00088824
-0.000511048
-0.000228972
-2.58986e-05
0.00011523
0.00020137
0.000237922
0.000225244
0.000169861
6.98667e-05
-5.76366e-05
-0.000214218
-0.000388672
-0.00055496
-0.000695368
-0.000785741
-0.000800489
-0.000711751
-0.000503929
-0.000170312
0.000259657
0.000717144
0.00110408
0.001323
0.00134831
0.00127239
0.001194
0.00113732
0.00114094
0.00126979
0.00155762
0.00189517
0.00212557
0.00217847
0.00206258
0.00183374
0.0015375
0.00121499
0.000883391
0.00055081
0.000221409
-0.000108656
-0.000446519
-0.000810176
-0.00120735
-0.0016389
-0.00211064
-0.00262542
-0.00319839
-0.00386742
-0.0041244
-0.0043064
-0.00435148
-0.00433354
-0.00433148
-0.0043266
-0.0043498
-0.00441856
-0.00453431
-0.0046902
-0.00488583
-0.0051067
-0.00534564
-0.00558407
-0.00581048
-0.00600429
-0.00614446
-0.00620593
-0.00616732
-0.00600609
-0.00570122
-0.00522727
-0.00456973
-0.00371626
-0.00266135
-0.00140575
4.18999e-05
0.00166505
0.00344004
0.00533505
0.00731298
0.00933192
0.0113498
0.0133174
0.0151893
0.0169249
0.0184857
0.0198438
0.0209741
0.0218643
0.0225049
0.0229006
0.0230575
0.0229953
0.0227323
0.0222986
0.0217204
0.0210336
0.0202681
0.0194622
0.0186469
0.0178596
0.0171307
0.0164948
0.0159807
0.0156193
0.0154369
0.0154602
0.0157128
0.0162164
0.0169909
0.018053
0.0194195
0.0211028
0.0231163
0.0254683
0.0281693
0.0312278
0.0346593
0.0384825
0.0427251
0.0474192
0.0526033
0.0583233
0.0646372
0.0716319
0.0793864
0.0879608
0.0973649
0.107594
0.118337
0.129328
0.140192
0.150616
0.160413
0.157362
0.154748
0.152738
0.151382
0.150707
0.150817
0.15172
0.153465
0.156126
0.159769
0.164492
0.170403
0.177653
0.186435
0.197006
0.209527
0.223925
0.240502
0.262009
0.292192
0.32644
0.360271
0.395952
0.434301
0.469843
0.49558
0.502234
0.484008
0.447984
0.402716
0.355054
0.310296
0.270074
0.236234
0.207622
0.184237
0.16504
0.149276
0.136622
0.126519
0.118428
0.112033
0.107075
0.103379
0.100772
0.099126
0.0983609
0.0984133
0.0991472
0.100561
0.102563
0.105262
0.108544
0.112593
0.103074
0.0928918
0.0825275
0.0722594
0.0624804
0.0536363
0.0457329
0.0387805
0.0327284
0.0275077
0.0230481
0.0192836
0.0161511
0.0135889
0.0115382
0.00994257
0.00875154
0.00791742
0.00739562
0.00714019
0.00710509
0.0072433
0.00750827
0.00785582
0.00824335
0.00863362
0.00899171
0.00928994
0.00950402
0.00961792
0.00961987
0.00950578
0.00927609
0.00893714
0.00849965
0.00797792
0.00738979
0.00675429
0.00609256
0.00542553
0.00477431
0.00415859
0.00359589
0.00310189
0.00268765
0.00236281
0.00213035
0.001993
0.00194545
0.00198386
0.00209594
0.00227287
0.00249763
0.00275859
0.00303663
0.00331949
0.00358858
0.00383301
0.00403721
0.00419349
0.00429085
0.00432562
0.00429249
0.00419248
0.00402745
0.00380212
0.003522
0.00319007
0.00282236
0.00242279
0.00200478
0.00156909
0.00112851
0.00066869
0.000220756
-0.000253094
-0.000699009
-0.00119503
-0.00163186
-0.00217478
-0.00254223
-0.00312607
-0.00331244
-0.00409941
-0.00380459
-0.00481334
-0.00513975
-0.00442648
-0.235535
-0.287583
-0.458715
-0.289288
-0.538607
0.417254
0.145308
0.297952
0.473688
0.573042
0.618558
0.604787
-0.0254737
-0.216046
-0.120659
0.532889
0.240769
0.498594
-0.501103
-0.514498
-0.366365
-0.264258
-0.00584761
-0.00572373
-0.492449
-0.544225
-0.540251
-0.314509
-0.523203
-0.00627402
-0.00481568
-0.00448283
-0.0038138
-0.00349831
-0.00286869
-0.00242097
-0.00186828
-0.00141995
-0.000923759
-0.000483178
-2.1426e-05
0.000408706
0.000845241
0.00125829
0.00166397
0.00204464
0.00240508
0.00272881
0.0030145
0.00325229
0.0034371
0.00355924
0.00361754
0.00360557
0.00352658
0.00338325
0.00318412
0.00293453
0.00264828
0.00233577
0.00201503
0.00169966
0.00140959
0.00115899
0.000967483
0.000847209
0.000814646
0.000877028
0.00104474
0.00131751
0.00169744
0.00217538
0.00274441
0.00338657
0.00408687
0.0048209
0.00556868
0.00630327
0.00700364
0.0076445
0.00820802
0.00867489
0.00903431
0.00927591
0.00939824
0.00940168
0.00929571
0.00909226
0.00881176
0.00847674
0.00811682
0.00776273
0.00745058
0.00721675
0.00710155
0.00714363
0.00738417
0.00786104
0.00861553
0.0096855
0.0111173
0.0129562
0.0152646
0.0181048
0.0215629
0.0257203
0.0306862
0.0365588
0.0434669
0.0515063
0.0607568
0.0710508
0.0823187
0.0941173
0.105871
0.116883
0.107295
0.697897
0.750122
0.254899
-0.0503856
-0.300281
0.472989
0.669539
0.145104
0.352732
0.628994
0.393755
-0.485008
-0.52989
-0.00415747
-0.00438984
-0.00293831
-0.00231183
-0.00178938
-0.00128027
-0.000853538
-0.000522662
-0.0002772
-9.63018e-05
3.08704e-05
0.000109417
0.000143758
0.000135337
9.04511e-05
9.3387e-06
-9.42323e-05
-0.000219895
-0.00035792
-0.000486235
-0.000588642
-0.000642683
-0.000625201
-0.000510356
-0.00028084
6.70232e-05
0.000501694
0.000947085
0.00128882
0.00143343
0.00135351
0.00113297
0.000884479
0.000671924
0.000593901
0.000724665
0.00105688
0.00144428
0.00171923
0.00181571
0.00174606
0.00156486
0.00131805
0.00104334
0.00075907
0.000473376
0.000190275
-9.2622e-05
-0.000380646
-0.000684594
-0.00101473
-0.00138261
-0.00178918
-0.00224513
-0.00275657
-0.00334451
-0.00409306
-0.00467371
-0.00492054
-0.00501043
-0.00491929
-0.00477142
-0.00467647
-0.00461027
-0.00460893
-0.00465635
-0.00476894
-0.00492833
-0.00513902
-0.00538077
-0.005649
-0.00592121
-0.00618527
-0.00641616
-0.006596
-0.00669676
-0.00669729
-0.00657023
-0.00629931
-0.00584902
-0.00521147
-0.00437117
-0.00332385
-0.00206872
-0.000616993
0.00101545
0.00280133
0.00470864
0.00669632
0.00872128
0.0107361
0.0126934
0.0145462
0.0162527
0.0177759
0.0190869
0.0201639
0.0209954
0.0215767
0.0219137
0.0220181
0.0219105
0.0216151
0.0211627
0.0205843
0.0199164
0.0191923
0.0184496
0.0177208
0.0170413
0.0164404
0.015949
0.0155926
0.0153966
0.0153825
0.0155704
0.0159779
0.0166197
0.0175098
0.0186581
0.0200763
0.0217708
0.0237511
0.0260212
0.0285899
0.0314639
0.034658
0.038191
0.0420927
0.0464039
0.0511772
0.0564833
0.0624045
0.0690535
0.076553
0.0850352
0.0945729
0.105157
0.116637
0.128648
0.140917
0.152798
0.164027
0.174556
0.169518
0.165378
0.161899
0.159227
0.157398
0.156441
0.15643
0.157355
0.159246
0.16215
0.166145
0.171309
0.17775
0.185599
0.195037
0.20623
0.219278
0.234429
0.252287
0.274144
0.300138
0.328355
0.357274
0.388672
0.419931
0.446147
0.461505
0.464863
0.451188
0.424094
0.388814
0.349485
0.312794
0.278243
0.247337
0.220149
0.197143
0.177593
0.161201
0.147627
0.136499
0.127442
0.120176
0.114467
0.110141
0.107043
0.10502
0.104038
0.103995
0.104817
0.106453
0.108908
0.112168
0.116178
0.120874
0.126468
-0.45211
-0.304808
-0.272707
-0.294932
-0.36829
-0.00717208
-0.00714542
-0.0058968
-0.00503428
-0.00429296
-0.00369629
-0.00307883
-0.00254783
-0.0020066
-0.00152983
-0.00104329
-0.000598807
-0.000151742
0.000266759
0.000681474
0.00107264
0.00145182
0.00180444
0.00213335
0.00242531
0.00267821
0.00288207
0.00303397
0.00312486
0.00315296
0.00311213
0.003005
0.00283763
0.00261507
0.00234226
0.00203274
0.00169762
0.00135447
0.0010179
0.000707417
0.000438733
0.000231276
9.90758e-05
5.83478e-05
0.000118206
0.000288486
0.000570688
0.000965725
0.00146577
0.00206175
0.00273698
0.00347339
0.00424799
0.0050367
0.00581396
0.00655402
0.00723355
0.00783016
0.0083274
0.00871062
0.00897359
0.00911228
0.00913211
0.00904031
0.00885335
0.00858891
0.00827264
0.00793043
0.0075942
0.00729509
0.00706774
0.00694504
0.0069614
0.0071494
0.00754138
0.00816999
0.00906732
0.0102727
0.0118275
0.0137947
0.0162438
0.0192823
0.0230188
0.0276067
0.0331907
0.0399717
0.0481125
0.0577373
0.0688231
0.0813094
0.0948516
0.10903
0.122586
0.134339
0.143747
0.13476
0.128406
0.123067
0.118288
0.114399
0.111477
0.109539
0.1086
0.108689
0.109845
0.112141
0.115638
0.120453
0.126732
0.13464
0.144377
0.156196
0.170364
0.187077
0.206496
0.228824
0.254317
0.282867
0.313907
0.346451
0.377585
0.405214
0.425739
0.437176
0.436169
0.425227
0.406369
0.382544
0.356006
0.329922
0.305068
0.281451
0.260285
0.242194
0.226703
0.213298
0.201723
0.191851
0.183571
0.176745
0.171259
0.167015
0.163931
0.161954
0.161056
0.161216
0.162441
0.164736
0.168113
0.172568
0.17798
0.184536
0.18122
-0.00511654
-0.00574743
-0.00576925
-0.0056745
-0.00534328
-0.00513542
-0.00493008
-0.004819
-0.00477114
-0.00479679
-0.00489181
-0.00504467
-0.00525335
-0.00549927
-0.00577549
-0.00605989
-0.00633889
-0.00658692
-0.00678495
-0.00690564
-0.00692635
-0.00682367
-0.00657927
-0.00613592
-0.00551628
-0.00469441
-0.00366495
-0.00242965
-0.000998058
0.000611367
0.00237376
0.00425449
0.00621624
0.00821188
0.0101979
0.0121223
0.0139443
0.0156159
0.0171072
0.0183822
0.0194277
0.0202239
0.020776
0.0210815
0.0211627
0.0210319
0.0207241
0.0202625
0.0196895
0.019033
0.0183379
0.0176328
0.0169609
0.0163481
0.0158324
0.0154354
0.0151877
0.0151055
0.0152121
0.0155186
0.0160412
0.0167866
0.0177651
0.0189797
0.0204367
0.0221362
0.0240822
0.0262724
0.0287125
0.0314001
0.0343515
0.0375711
0.0411014
0.0449677
0.0492622
0.0540442
0.059468
0.0656268
0.0727595
0.0810099
0.0906653
0.101589
0.11382
0.127114
0.140967
0.15494
0.168578
-0.00442561
-0.00340161
-0.00375484
-0.00356014
-0.00241149
-0.00199483
-0.00153033
-0.00108832
-0.000736009
-0.000469454
-0.000266792
-0.000114964
-8.18404e-06
5.70951e-05
8.50246e-05
7.73841e-05
3.98643e-05
-2.6655e-05
-0.000111118
-0.000212737
-0.000322694
-0.000422894
-0.000497664
-0.000525968
-0.000484463
-0.000349499
-0.000104956
0.000244381
0.000656159
0.00104079
0.00128103
0.00128869
0.00106597
0.00071523
0.000365927
0.000120596
7.31034e-05
0.000276514
0.000668483
0.00108189
0.00136952
0.00147928
0.00143627
0.00129225
0.00108988
0.000863844
0.000629485
0.000395401
0.000163773
-6.63736e-05
-0.000299397
-0.000537607
-0.000797933
-0.00108493
-0.00140785
-0.00177988
-0.00220114
-0.00270828
-0.4975
0.508291
0.296
0.570102
-0.177005
0.700763
-0.413945
-0.499538
0.45295
0.231844
0.361433
0.671869
-0.00249154
0.158458
-0.09543
-0.00691213
-0.00627467
-0.00368216
-0.00481408
-0.317791
-0.442312
0.204406
0.153588
0.153006
-0.474429
0.160603
0.213929
-0.000949258
-0.290275
-0.0240219
0.568509
0.369982
0.509523
-0.47346
-0.00181151
-0.00215478
-0.00122717
-0.0014965
-0.000760398
-0.000980949
-0.000379764
-0.000560715
-3.90192e-05
-0.000207592
0.000301727
0.000130375
0.000648935
0.000475319
0.000963519
0.000815483
0.00108964
0.00106532
0.000752515
0.000990764
5.95283e-05
0.000399555
-7.13957e-05
-0.000119922
0.000517009
0.000178835
0.00105655
0.000846714
0.000868817
0.00105884
0.000204245
0.000547095
-0.000291574
-8.71312e-05
-0.000447656
-0.000407022
-0.000380679
-0.000433104
-0.000227164
-0.000308265
-8.93188e-05
-0.000152357
-1.21434e-05
-4.027e-05
-2.79345e-05
-6.95784e-06
-0.000159493
-7.78959e-05
-0.000428562
-0.000275759
-0.00087896
-0.000623966
-0.00158018
-0.00120884
-0.00251272
-0.0018283
-0.00246278
0.17385
0.190061
0.140501
0.157091
0.110093
0.12471
0.0857242
0.0970198
0.0683472
0.0762343
0.0561757
0.0617615
0.0471303
0.0513568
0.0399236
0.0433545
0.0338345
0.0367648
0.0285869
0.0311113
0.0241406
0.0262621
0.0205315
0.0222287
0.0177996
0.0190543
0.0159608
0.016769
0.0149949
0.0153717
0.0148361
0.0148208
0.0153648
0.0150243
0.0164026
0.0158336
0.0177147
0.0170412
0.0190238
0.0183883
0.0200345
0.0195853
0.0204655
0.0203389
0.0200906
0.0203905
0.0187771
0.0195557
0.0165172
0.0177615
0.013439
0.015068
0.00979417
0.0116685
0.00591854
0.00786299
0.00217346
0.00400819
-0.00111714
0.000454396
-0.00372215
-0.00251506
-0.00552965
-0.004728
-0.00653489
-0.00612944
-0.00690638
-0.0067986
-0.00676943
-0.00688778
-0.00633036
-0.00657503
-0.00577705
-0.0060565
-0.00527024
-0.00550821
-0.00493387
-0.00507322
-0.00485644
-0.00485861
-0.00509387
-0.00494167
-0.00565051
-0.00537683
-0.00634995
-0.00618151
-0.00704786
0.135909
0.143288
0.123326
0.129078
0.115368
0.118748
0.112113
0.113168
0.11351
0.112237
0.119799
0.11602
0.131683
0.124991
0.150291
0.140074
0.177046
0.162574
0.213219
0.193909
0.25924
0.235062
0.313162
0.285499
0.367639
0.341258
0.407344
0.390479
0.417076
0.416583
0.39456
0.409153
0.35292
0.375225
0.307466
0.330052
0.265792
0.285853
0.232078
0.247827
0.206553
0.218408
0.187832
0.196407
0.175036
0.180752
0.167429
0.170628
0.164562
0.165423
0.166361
0.164876
0.17311
0.169099
0.185644
0.178541
0.194212
0.128732
0.143091
0.0948017
0.111599
0.0655442
0.0791868
0.0437205
0.0536345
0.0291225
0.0355729
0.0198954
0.0239488
0.0141254
0.0166524
0.0105251
0.012102
0.00831769
0.00927069
0.00711118
0.00760037
0.00668096
0.00680797
0.00683003
0.00669365
0.00734169
0.00705292
0.00798037
0.00765801
0.00851483
0.00827191
0.00874952
0.00867744
0.00855264
0.00870791
0.00787598
0.00827158
0.00676157
0.00736549
0.00533221
0.00607429
0.00376692
0.00455266
0.00226594
0.00299498
0.00101307
0.00159774
0.000141736
0.000523353
-0.000286097
-0.000129138
-0.00028305
-0.000335574
7.506e-05
-0.000142473
0.000670348
0.000350674
0.00136526
0.00101309
0.00202699
0.00170691
0.00254559
0.00230915
0.00284096
0.00272434
0.00288493
0.00289368
0.00268519
0.00281371
0.00227437
0.00250341
0.00169991
0.00200504
0.00100849
0.00136765
0.000231604
0.000631952
-0.000620603
-0.000181042
-0.00155703
-0.00107081
-0.00259587
-0.00205242
-0.00376467
-0.00313642
-0.00543332
-0.00446178
-0.0079297
-0.00664619
-0.00924939
-0.00886237
-0.3644
-0.00516403
-0.00767229
0.177903
0.226896
0.175307
0.229394
-0.00711692
-0.0102597
-0.0124496
-0.00685555
-0.00843237
-0.00460577
-0.00558571
-0.00317958
-0.00380643
-0.00203785
-0.002588
-0.00103964
-0.00152614
-0.000148436
-0.000583958
0.000654665
0.000262647
0.00137061
0.00102374
0.00198039
0.00169047
0.00244765
0.00223435
0.00272807
0.00261383
0.00278252
0.00278514
0.00259333
0.00271813
0.0021733
0.00240942
0.00157385
0.00189077
0.000886773
0.00123233
0.000232001
0.000546829
-0.000260082
-4.29332e-05
-0.000462184
-0.000405052
-0.000276815
-0.000422369
0.000339037
-2.32269e-05
0.00136104
0.000803089
0.00269436
0.00199648
0.00418562
0.00343041
0.00564839
0.0049312
0.0068972
0.00630833
0.00778368
0.00739071
0.00822569
0.00806012
0.00822437
0.00827486
0.00786597
0.00807937
0.0073088
0.00759839
0.00675848
0.0070175
0.00643639
0.00655422
0.00654823
0.00642562
0.00726256
0.00682025
0.00871615
0.00788712
0.0110806
0.00976581
0.0147496
0.0127047
0.020714
0.0173356
0.0310262
0.0251402
0.048611
0.0386995
0.0752568
0.0608762
0.111878
0.0924637
0.150763
0.132178
0.165921
0.201805
0.215024
0.182872
0.191078
0.172038
0.176611
0.167314
0.169002
0.167719
0.166906
0.173015
0.169758
0.183392
0.177545
0.199398
0.190653
0.221736
0.209735
0.251213
0.235532
0.288165
0.268805
0.329762
0.308704
0.370288
0.350781
0.398364
0.386586
0.40373
0.404551
0.381244
0.395601
0.338391
0.361634
0.287014
0.312893
0.238652
0.261995
0.198231
0.217352
0.166659
0.181348
0.143597
0.154128
0.127959
0.134936
0.118571
0.122554
0.114585
0.115944
0.115597
0.114478
0.121738
0.117996
0.133719
0.126929
0.152638
0.1423
0.164859
-0.00729108
-0.0068588
-0.00642027
-0.00668067
-0.00548486
-0.00583938
-0.00498547
-0.00517283
-0.00486454
-0.00488128
-0.00505085
-0.00492489
-0.0054611
-0.0052349
-0.00598577
-0.0057177
-0.00648178
-0.00624778
-0.00677514
-0.00666535
-0.00667385
-0.00678627
-0.00599599
-0.00641448
-0.00460754
-0.00539712
-0.00243681
-0.00361893
0.000461544
-0.00107045
0.00391857
0.00213526
0.00766247
0.00577473
0.0113576
0.00953787
0.0146617
0.0130781
0.0172858
0.0160727
0.0190422
0.0182788
0.0198701
0.0195703
0.0198371
0.0199518
0.0191197
0.0195491
0.0179684
0.0185805
0.0166691
0.0173188
0.0155082
0.0160542
0.0147437
0.0150621
0.0145844
0.0145778
0.0151796
0.0147809
0.0166191
0.0157907
0.0189382
0.0176687
0.022125
0.0204257
0.0261277
0.0240291
0.0308649
0.0284102
0.0362563
0.0334818
0.0423096
0.0391907
0.0493307
0.0456564
0.0583352
0.0534736
0.0714886
0.0642114
0.0917076
0.0805299
0.120925
0.105177
0.158225
0.138726
0.198399
0.178241
0.216403
-0.00142389
-0.00121931
-0.00113833
-0.00109785
-0.00158357
-0.00077089
-0.0010058
-0.000420168
-0.00057045
-0.000201393
-0.000297674
-7.57827e-05
-0.000126987
-3.19346e-05
-4.43631e-05
-5.39187e-05
-3.54057e-05
-0.000125865
-8.51356e-05
-0.000226382
-0.000173208
-0.000306928
-0.000272315
-0.00028161
-0.000313684
-3.25344e-05
-0.000191293
0.000450084
0.000194642
0.000760221
0.000671639
0.000437188
0.000676594
-0.000139886
0.000127803
-0.000274969
-0.000298558
0.000194518
-8.93398e-05
0.000626548
0.000455734
0.000677282
0.000692209
0.000515499
0.000609797
0.0003001
0.000408917
8.47068e-05
0.000191023
-0.000122066
-1.95073e-05
-0.000330906
-0.000224778
-0.000570362
-0.000445499
-0.000863977
-0.0007109
-0.00129617
-0.00102863
-0.00206312
-0.447824
-0.00716447
-0.234691
-0.530076
-0.0163647
-0.803692
-0.556632
-0.648707
-0.539824
-0.491262
-0.466908
0.696371
0.827188
0.882297
0.792868
0.623437
-0.328369
-0.346991
-0.430289
-0.395394
-0.596209
-0.210933
0.122976
-0.0261014
-0.0237785
-0.0150807
-0.011099
-0.00860805
-0.00664704
-0.00544667
-0.00442922
-0.00371472
-0.00307116
-0.00247401
-0.00191916
-0.00140427
-0.00091799
-0.000462416
-2.94214e-05
0.00037848
0.000765598
0.00112857
0.00146816
0.00177956
0.00206047
0.00230478
0.00250844
0.00266504
0.00277038
0.00281936
0.00280958
0.00273893
0.00260816
0.00241931
0.00217805
0.00189153
0.00156992
0.00122464
0.000866286
0.000515397
0.000187262
-0.000101516
-0.000335106
-0.0004993
-0.000582649
-0.000572231
-0.0004614
-0.000244948
7.52607e-05
0.000496231
0.00100695
0.0015962
0.00224474
0.00293496
0.00364222
0.00434598
0.0050203
0.00564598
0.00620028
0.00666959
0.0070383
0.00730164
0.00745373
0.00750026
0.00744582
0.00730634
0.0070957
0.00683805
0.00655373
0.00627172
0.00601473
0.00581227
0.0056849
0.00565833
0.0057469
0.00596938
0.00633212
0.00684775
0.00751937
0.00836455
0.00940361
0.0106922
0.0123172
0.0144396
0.017294
0.0212252
0.0266636
0.0341159
0.0440752
0.0568658
0.0725616
0.0918469
0.114582
0.140877
0.168061
0.191467
0.212158
0.245081
0.223495
0.206811
0.194193
0.185126
0.178369
0.173513
0.170297
0.168509
0.168049
0.168853
0.170901
0.174198
0.178784
0.184711
0.192057
0.200904
0.211352
0.223499
0.237443
0.253207
0.270683
0.289497
0.309256
0.329447
0.349082
0.367329
0.382595
0.393452
0.398523
0.397287
0.389694
0.375927
0.357287
0.335202
0.311347
0.287045
0.263197
0.24043
0.219316
0.200225
0.18333
0.168601
0.155963
0.145301
0.136495
0.129394
0.123876
0.119817
0.117129
0.115742
0.115632
0.116807
0.119321
0.123267
0.128821
0.136368
0.146365
0.159618
0.17684
0.199049
0.253778
-0.00625626
-0.0100531
-0.0090216
-0.00811446
-0.00696102
-0.00633561
-0.00576403
-0.00536716
-0.00505892
-0.00485869
-0.0047484
-0.00472237
-0.00477381
-0.00489093
-0.00506598
-0.00528409
-0.00553328
-0.0057953
-0.00605318
-0.00628505
-0.00646967
-0.00658319
-0.00660286
-0.00650494
-0.00626965
-0.00588256
-0.00531086
-0.00455075
-0.00360233
-0.00246553
-0.00114808
0.000333364
0.00195572
0.00368835
0.00549616
0.00733871
0.00917434
0.0109595
0.012653
0.0142158
0.0156146
0.0168211
0.0178152
0.0185837
0.0191224
0.0194343
0.0195308
0.0194295
0.0191546
0.0187345
0.0182022
0.0175918
0.0169402
0.0162828
0.015656
0.0150924
0.0146246
0.0142798
0.0140842
0.0140576
0.0142192
0.0145809
0.0151544
0.0159444
0.0169558
0.0181861
0.0196339
0.02129
0.0231467
0.0251884
0.0274015
0.0297654
0.0322644
0.0348806
0.0376098
0.0404596
0.043473
0.0467368
0.050412
0.0547475
0.0600986
0.0669139
0.0757022
0.0869443
0.101017
0.118078
0.138018
0.16043
0.18483
0.209382
0.231408
0.25611
0.307576
0.0247764
0.014732
0.00378989
0.000732244
-0.000345176
-0.000343363
-0.000435191
-0.000351647
-0.000298952
-0.000254879
-0.000212196
-0.000177564
-0.000150035
-0.000131802
-0.000120217
-0.000115912
-0.000116609
-0.000123057
-0.000133997
-0.000147929
-0.000163159
-0.000181181
-0.000195287
-0.000205595
-0.000205839
-0.000195909
-0.000171994
-0.000135504
-8.06595e-05
-1.52e-05
6.78951e-05
0.000148677
0.000217417
0.000253359
0.000240471
0.000198855
0.000142213
0.000117636
0.000125197
0.000162525
0.000200381
0.000225757
0.000233957
0.000225777
0.000206101
0.000177327
0.000144588
0.000109398
7.31477e-05
3.61037e-05
-6.21805e-07
-3.69122e-05
-7.26828e-05
-0.000106938
-0.00014161
-0.000174309
-0.000192461
-0.000144115
0.000122294
0.00116073
0.00479524
0.0126982
0.00919862
-0.457958
-0.177143
0.242027
-0.00652273
)
;

boundaryField
{
    frontandback
    {
        type            empty;
    }
    walls
    {
        type            zeroGradient;
    }
    diamond
    {
        type            zeroGradient;
    }
    inlet
    {
        type            zeroGradient;
    }
    outlet
    {
        type            fixedValue;
        value           uniform 0;
    }
}


// ************************************************************************* //
