/*--------------------------------*- C++ -*----------------------------------*\
  =========                 |
  \\      /  F ield         | OpenFOAM: The Open Source CFD Toolbox
   \\    /   O peration     | Website:  https://openfoam.org
    \\  /    A nd           | Version:  10
     \\/     M anipulation  |
\*---------------------------------------------------------------------------*/
FoamFile
{
    format      ascii;
    class       volScalarField;
    location    "1";
    object      p;
}
// * * * * * * * * * * * * * * * * * * * * * * * * * * * * * * * * * * * * * //

dimensions      [0 2 -2 0 0 0 0];

internalField   nonuniform List<scalar> 
6397
(
4.02139
3.86619
0.197593
0.190795
0.18303
0.191141
7.54013
4.98641
-7.92469
-7.71338
3.81375
0.800207
-0.20865
-0.186682
-0.22723
-13.8543
-14.1578
-14.6601
11.741
11.6019
10.8802
-4.28951
-5.3077
-4.74573
-0.145481
-0.136218
-0.0864333
0.246164
0.257899
0.236219
0.246405
0.172964
0.180533
0.181543
0.157485
0.164498
0.166188
0.174472
0.144161
0.13242
0.149917
0.157401
0.227023
0.200865
0.209327
0.199735
0.192635
0.200465
0.104716
0.10382
0.102742
0.102868
0.103736
3.5693
3.11236
1.66772
1.69385
0.0418027
0.334239
0.320291
0.348877
0.365563
0.383168
0.402088
0.422162
0.442359
0.463774
0.487022
0.320231
0.307241
0.30622
0.334234
0.349165
0.365438
0.382236
0.400731
0.420336
0.441567
0.46385
0.486532
0.293262
0.29509
0.511969
0.510992
0.280795
0.281674
0.538753
0.537015
0.268429
0.269031
0.568175
0.565802
0.257029
0.245358
0.600381
0.597292
0.267217
0.244437
0.255885
0.291757
0.279375
0.318199
0.30482
0.347059
0.33194
0.3803
0.363411
0.417191
0.398261
0.459
0.437854
0.505909
0.481517
0.55956
0.531568
0.590241
0.537926
0.600413
0.567813
0.484582
0.510351
0.43966
0.461035
0.400804
0.419858
0.365721
0.382438
0.334891
0.34948
0.306936
0.320608
0.280974
0.294223
0.258246
0.269021
0.233576
0.23492
0.231966
0.62472
0.632435
0.595771
0.63591
0.630566
0.663034
0.614178
0.650578
0.237467
0.242183
0.230016
0.227243
0.636047
0.265246
0.253771
0.289164
0.276796
0.314774
0.301971
0.343067
0.3283
0.375597
0.35958
0.411465
0.392614
0.451489
0.430767
0.49764
0.47327
0.551013
0.523498
0.581028
0.534615
0.563652
0.482653
0.507598
0.439157
0.46008
0.401152
0.419869
0.366226
0.383274
0.335193
0.350061
0.307274
0.320929
0.280854
0.29394
0.257287
0.269166
0.246564
0.223479
0.225352
0.217598
0.219976
0.668608
0.675454
0.671936
0.59918
0.63376
0.690628
0.705871
0.658684
0.710074
0.698336
0.216952
0.21759
0.205911
0.21549
0.203613
0.227459
0.237427
0.675855
0.239366
0.227193
0.262051
0.251258
0.285649
0.273614
0.309975
0.297552
0.338112
0.323641
0.369487
0.353786
0.40445
0.386052
0.442768
0.422761
0.487545
0.464086
0.538847
0.512699
0.567857
0.589009
0.622227
0.530043
0.558066
0.480443
0.50429
0.437955
0.458605
0.400126
0.41882
0.365868
0.382834
0.33532
0.350012
0.307545
0.320803
0.281391
0.294155
0.257271
0.269528
0.246805
0.212599
0.215448
0.20971
0.67117
0.718653
0.716241
0.739808
0.7546
0.735464
0.753399
0.197381
0.194457
0.206829
0.208624
0.23656
0.227018
0.2124
0.20249
0.712411
0.756949
0.785797
0.218468
0.719861
0.236693
0.225425
0.258623
0.247274
0.281112
0.269902
0.304906
0.29329
0.333051
0.318595
0.362758
0.347184
0.396052
0.378558
0.432172
0.413294
0.474643
0.452566
0.523638
0.498576
0.579763
0.550811
0.645745
0.611749
0.720315
0.682222
0.642836
0.715599
0.677454
0.579025
0.609876
0.524211
0.550538
0.47687
0.499682
0.435816
0.455674
0.398936
0.416989
0.365366
0.382097
0.335191
0.349912
0.307636
0.320915
0.281885
0.29458
0.257804
0.269517
0.246932
0.202916
0.205763
0.200425
0.784661
0.756011
0.806294
0.760831
0.766326
0.765217
0.192873
0.209238
0.235986
0.226568
0.80322
0.806734
0.798172
0.83324
0.842632
0.859457
0.803869
0.217885
0.769127
0.210011
0.192269
0.199263
0.232177
0.224338
0.255201
0.243307
0.276992
0.264902
0.299383
0.287921
0.325997
0.312888
0.354734
0.340036
0.386671
0.369746
0.421048
0.402673
0.46039
0.439915
0.506434
0.482921
0.557379
0.531742
0.618088
0.587259
0.685798
0.651692
0.760342
0.722084
0.691985
0.765502
0.727976
0.626398
0.658121
0.567882
0.596611
0.516966
0.541574
0.472269
0.493904
0.43278
0.451884
0.396963
0.414205
0.364315
0.380383
0.334419
0.349216
0.307281
0.320778
0.282045
0.294212
0.257752
0.26953
0.246758
0.842642
0.804708
0.850023
0.79954
0.209228
0.217716
0.199219
0.201134
0.196571
0.198007
0.194951
0.195707
0.18976
0.192531
0.181979
0.186789
0.178541
0.818867
0.82071
0.856305
0.866787
0.885354
0.90535
0.845165
0.889446
0.9165
0.841179
0.899251
0.189466
0.176442
0.824012
0.208035
0.198366
0.228345
0.220479
0.250525
0.239553
0.271832
0.259549
0.293446
0.281535
0.318535
0.306034
0.346313
0.33205
0.376259
0.360545
0.408817
0.391797
0.444478
0.426215
0.486309
0.465171
0.532534
0.509209
0.58621
0.559012
0.643552
0.615015
0.705749
0.67417
0.764928
0.736166
0.731727
0.79819
0.765291
0.667447
0.698998
0.608347
0.63748
0.555649
0.581425
0.508385
0.531394
0.466334
0.48685
0.428304
0.446863
0.393833
0.410618
0.362331
0.377804
0.333098
0.347315
0.306239
0.319453
0.281214
0.293584
0.25791
0.269154
0.236121
0.246805
0.217104
0.226317
0.208545
0.189669
0.192098
0.191442
0.187633
0.187547
0.186412
0.185994
0.18288
0.185505
0.175576
0.17915
0.886141
0.829203
0.887897
0.794756
0.169082
0.171529
0.877033
0.882993
0.914649
0.933616
0.942484
0.975723
0.939007
0.977757
0.857716
0.926961
0.953179
0.827903
0.937534
0.773644
0.883835
0.782282
0.863672
0.728108
0.744565
0.170004
0.163154
0.15964
0.88554
0.186468
0.174641
0.203781
0.197565
0.225496
0.216559
0.246978
0.233728
0.265483
0.25415
0.286351
0.276581
0.310867
0.299678
0.337603
0.323333
0.365233
0.349561
0.395316
0.378759
0.427712
0.410911
0.464772
0.44643
0.505382
0.485207
0.550673
0.528225
0.598628
0.574808
0.648396
0.624113
0.690216
0.670572
0.707948
0.739855
0.758856
0.691882
0.717492
0.639322
0.665739
0.588784
0.613984
0.54176
0.56466
0.498469
0.519697
0.458967
0.478364
0.42302
0.440666
0.390246
0.406444
0.360034
0.374864
0.33164
0.345356
0.305371
0.318174
0.280579
0.292895
0.25783
0.269084
0.235979
0.24637
0.216127
0.225969
0.207654
0.183254
0.184111
0.17983
0.181272
0.17964
0.177439
0.179178
0.178796
0.176865
0.179084
0.169086
0.173264
0.166841
0.942287
0.95251
0.97937
1.00828
1.00369
1.05249
0.989264
1.04467
0.96758
1.01504
0.783334
0.905054
0.988026
0.748664
0.893993
0.70415
0.76937
0.676276
0.739099
0.614926
0.585633
0.153881
0.150778
0.169132
0.156725
0.954779
0.182735
0.173624
0.20078
0.1954
0.222785
0.211282
0.24172
0.228207
0.257629
0.249505
0.277433
0.271389
0.301463
0.292639
0.327936
0.314722
0.354376
0.338843
0.381853
0.365664
0.410957
0.394838
0.442833
0.426422
0.478121
0.460254
0.515297
0.496942
0.554039
0.534843
0.590169
0.573148
0.618562
0.606784
0.630227
0.626769
0.629808
0.713225
0.714674
0.69256
0.705628
0.655666
0.67643
0.612008
0.633813
0.568682
0.590331
0.526881
0.547379
0.487867
0.507044
0.451315
0.469205
0.417542
0.434081
0.385959
0.401568
0.356639
0.371134
0.329018
0.342721
0.303563
0.316249
0.279747
0.291346
0.256887
0.267858
0.234794
0.245894
0.215332
0.224901
0.205324
0.174714
0.173534
0.174145
0.17411
0.17134
0.17299
0.171026
0.168406
0.171878
0.171819
0.167956
0.171641
0.160303
0.165224
0.15591
1.01541
1.03087
1.05137
1.09127
1.0678
1.1367
1.03949
1.11782
1.00795
1.08888
0.912136
1.04008
0.623122
0.732138
0.918222
0.548995
0.723862
0.148198
1.03253
0.166007
0.145899
0.153619
0.17964
0.171348
0.197008
0.19261
0.219092
0.206182
0.236311
0.222677
0.250367
0.244088
0.269248
0.265786
0.292614
0.28558
0.317724
0.304964
0.34249
0.326791
0.367108
0.351546
0.393043
0.378167
0.420195
0.40615
0.44977
0.434997
0.478927
0.464832
0.507498
0.49367
0.531925
0.52058
0.545217
0.540928
0.538376
0.5444
0.494792
0.523133
0.397136
0.449888
0.612352
0.518359
0.575286
0.642226
0.632276
0.638522
0.643444
0.615797
0.629167
0.58291
0.599899
0.547574
0.565402
0.511198
0.529409
0.476168
0.493516
0.44246
0.459102
0.411073
0.426332
0.381371
0.395845
0.353182
0.367009
0.32637
0.339889
0.301554
0.314155
0.278429
0.289814
0.256047
0.266654
0.234016
0.244948
0.214165
0.224187
0.195787
0.204108
0.188506
0.164995
0.165977
0.166115
0.165874
0.165055
0.164959
0.165153
0.163957
0.162868
0.161418
0.163634
0.15847
0.161597
0.155172
0.15671
0.148819
0.151932
0.143974
0.147007
0.541408
0.440868
0.503871
0.33299
1.09749
1.11914
0.178147
1.1316
1.18389
0.142215
0.1324
0.129099
1.13329
1.23054
1.08894
1.20474
1.04248
1.17382
0.891565
1.08782
0.67208
0.937662
0.338075
0.429976
0.700364
0.414525
0.230906
1.12047
0.161281
0.151893
0.177727
0.169527
0.193829
0.186323
0.211322
0.202944
0.229657
0.219805
0.24693
0.237719
0.264521
0.256775
0.285005
0.275563
0.306937
0.295495
0.329045
0.316592
0.35093
0.338746
0.373995
0.361872
0.39706
0.385606
0.421117
0.409418
0.443255
0.43275
0.462426
0.45359
0.475278
0.469955
0.473896
0.477349
0.451113
0.466274
0.391277
0.429771
0.267801
0.333895
0.0833245
0.191142
0.432905
0.240961
0.348789
0.542191
0.497173
0.585983
0.57112
0.594435
0.593848
0.580718
0.589426
0.555945
0.569268
0.526585
0.541538
0.495296
0.511173
0.464109
0.479599
0.433624
0.448784
0.404462
0.418695
0.376414
0.389996
0.34936
0.362449
0.323255
0.33659
0.299093
0.311852
0.276999
0.288086
0.255444
0.265011
0.233057
0.243601
0.212152
0.22382
0.195977
0.203501
0.185322
0.158075
0.156891
0.15573
0.156449
0.158223
0.156903
0.158907
0.157899
0.156871
0.158129
0.150308
0.154468
0.149538
0.151073
0.148572
0.149566
0.141521
0.146851
0.135342
0.194728
0.102597
0.0690978
-0.0750959
1.19014
1.21935
0.135564
0.128056
1.22091
1.28943
1.19982
1.33805
1.13468
1.30861
1.05597
1.26326
0.838808
1.12949
0.587833
0.94847
0.270494
0.639454
-0.0732999
-0.00846446
0.256136
-0.0829513
-0.274169
-0.290865
0.14967
-0.129739
-0.264293
1.22107
0.158273
0.147968
0.174818
0.164074
0.188027
0.181843
0.205399
0.199325
0.224011
0.214253
0.240941
0.230641
0.257046
0.248908
0.275194
0.267469
0.295186
0.286206
0.315767
0.305151
0.33558
0.324741
0.355355
0.344689
0.374245
0.364563
0.392845
0.383698
0.408654
0.401344
0.419694
0.415036
0.422566
0.422538
0.409827
0.418772
0.374463
0.395079
0.301968
0.346033
0.166077
0.241246
-0.02103
0.083613
-0.342047
-0.167931
0.200079
0.0747489
0.378038
0.299361
0.483381
0.439434
0.53258
0.512746
0.550138
0.545037
0.545243
0.549483
0.528814
0.538236
0.505513
0.517597
0.479564
0.492885
0.451959
0.465735
0.424342
0.438069
0.397081
0.410424
0.370674
0.38372
0.344922
0.357766
0.319948
0.332721
0.296519
0.308607
0.274668
0.285623
0.253771
0.263388
0.232382
0.242323
0.211459
0.222339
0.193785
0.20286
0.17824
0.184982
0.171305
0.149971
0.151
0.149016
0.149108
0.151467
0.149069
0.15221
0.151767
0.147603
0.150827
0.141101
0.144409
0.139103
0.142115
0.137624
0.139651
0.131377
0.134733
0.121991
0.125918
0.11414
0.117211
1.29615
1.33497
-0.513847
-0.449181
0.116628
0.105857
0.111113
-0.388167
-0.543242
1.31943
1.41309
1.26517
1.4641
1.16764
1.42832
1.03391
1.34998
0.75767
1.16541
0.454617
0.930299
0.03366
0.509611
-0.494217
-0.402641
-0.597379
-0.730107
-0.281701
0.0437631
-0.548737
0.105117
0.159184
0.104103
1.33744
0.133352
0.125497
0.153293
0.142407
0.169114
0.160249
0.184838
0.178046
0.201841
0.19359
0.218233
0.208819
0.233407
0.225461
0.248899
0.242698
0.266346
0.259509
0.284517
0.276002
0.302586
0.292848
0.319838
0.31016
0.336476
0.327499
0.351848
0.344022
0.365125
0.358817
0.374886
0.370605
0.37872
0.377739
0.373321
0.377574
0.351079
0.364805
0.306079
0.331441
0.226736
0.272924
0.0850325
0.162584
-0.0982413
0.00145264
-0.231006
-0.0697055
-0.22305
0.163982
0.0579287
0.32624
0.252636
0.432681
0.386375
0.488371
0.465005
0.51271
0.503925
0.514616
0.515631
0.504416
0.510707
0.486104
0.495997
0.464116
0.47557
0.439428
0.452054
0.414608
0.427039
0.389831
0.40193
0.365445
0.376921
0.341131
0.352369
0.316836
0.328675
0.293233
0.306037
0.271718
0.28434
0.252499
0.262401
0.233138
0.240336
0.2108
0.220725
0.191385
0.2035
0.179149
0.183632
0.168193
0.140808
0.136827
0.14136
0.142185
0.14178
0.14229
0.144879
0.142527
0.143394
0.144252
0.138694
0.14146
0.134056
0.13647
0.130774
0.134699
0.129144
0.130504
0.124122
0.127057
0.113918
0.120204
0.108736
-0.334751
0.10332
-0.680384
-0.693599
1.41999
1.47104
1.4263
1.56101
1.32069
1.61303
-0.637222
1.17549
1.56278
0.973755
1.43267
0.629262
1.1826
-0.784138
-0.602691
-0.724039
-0.940459
0.222585
0.844446
-0.966915
-0.287374
0.307279
-0.855308
-0.632796
-0.198337
0.0946299
0.126868
0.127752
-0.875207
-0.861832
0.123431
1.47462
0.113754
0.103947
0.114057
0.134927
0.124644
0.147949
0.136863
0.162963
0.157756
0.180935
0.17358
0.197432
0.187785
0.212118
0.203443
0.226506
0.219646
0.241481
0.235365
0.257661
0.250685
0.273863
0.265987
0.28967
0.281411
0.304265
0.296445
0.317619
0.310672
0.329207
0.323349
0.338148
0.334083
0.342388
0.340916
0.33996
0.34218
0.327244
0.335235
0.297837
0.315041
0.245749
0.274734
0.161622
0.209445
0.02185
0.0976256
-0.15222
-0.0600133
-0.408361
-0.27024
-0.685624
-0.547747
-1.05535
-0.990816
-0.834246
-0.319156
-0.461788
-0.055466
-0.181909
0.148916
0.0552624
0.294878
0.227795
0.394628
0.350871
0.450389
0.426529
0.477859
0.466903
0.485525
0.483785
0.480055
0.48397
0.466386
0.474057
0.448431
0.457834
0.427448
0.438266
0.405386
0.416456
0.382462
0.393707
0.359567
0.370311
0.336538
0.347127
0.313155
0.32444
0.29002
0.302481
0.269073
0.281613
0.250211
0.260524
0.231792
0.239041
0.210526
0.219291
0.190177
0.202284
0.1762
0.184202
0.15946
0.164496
0.155504
0.131515
0.12955
0.134233
0.132244
0.135112
0.134395
0.135933
0.135505
0.132898
0.134123
0.131985
0.132068
0.129308
0.132345
0.125435
0.128814
0.121253
0.125001
0.113695
0.118067
0.103071
0.108952
0.100832
0.10004
0.0993327
1.56624
1.63429
-1.13741
-0.916049
-1.02697
1.53731
1.73874
-0.56259
1.35563
1.79242
1.15335
1.71786
-0.871606
-0.809515
-0.588686
-0.614816
-0.857404
0.863072
1.51316
-1.06664
0.387705
1.149
-1.25993
-1.1171
-1.19671
-0.140418
0.667241
-1.20979
-0.686136
0.0427475
-1.06301
0.100908
0.0905695
0.0896811
0.0905598
0.137396
0.12252
0.0892515
1.63938
0.114862
0.112732
0.132014
0.122243
0.145649
0.135413
0.158869
0.153233
0.174409
0.169682
0.191904
0.184074
0.207276
0.198059
0.220821
0.212728
0.234068
0.227552
0.24817
0.242054
0.262505
0.256008
0.27639
0.269459
0.288867
0.282277
0.299661
0.294005
0.307792
0.303757
0.3126
0.310568
0.311921
0.313034
0.303908
0.308945
0.284982
0.296123
0.249975
0.269813
0.193421
0.224463
0.108106
0.155899
-0.0264856
0.0459741
-0.191232
-0.104323
-0.41413
-0.295332
-0.663455
-0.538037
-0.791439
-0.45368
-0.535221
-0.247427
-0.355543
-0.0279886
-0.135507
0.14465
0.0661793
0.270138
0.211208
0.36251
0.321103
0.418407
0.394485
0.447976
0.435529
0.46003
0.456078
0.458423
0.460383
0.44916
0.454744
0.433951
0.442209
0.415501
0.425312
0.395299
0.405833
0.37447
0.38506
0.353491
0.363512
0.332205
0.341536
0.310404
0.319707
0.288092
0.298746
0.266748
0.278905
0.247521
0.259347
0.229798
0.238666
0.209908
0.21829
0.190039
0.200547
0.174536
0.182928
0.157711
0.164397
0.151569
0.119297
0.112671
0.116152
0.121224
0.120342
0.12704
0.124268
0.12923
0.128386
0.124676
0.126554
0.123294
0.123234
0.124456
0.12348
0.123102
0.12634
0.11818
0.12223
0.112484
0.117484
0.106493
0.108721
0.103769
0.105035
0.0980951
0.101063
0.0940606
-1.27764
-1.11941
1.73673
1.83403
-0.479587
1.64515
1.96084
-0.62151
-0.410389
-0.38427
-0.603925
1.36738
2.01496
-0.861637
-0.875307
1.09561
1.90286
-1.16348
0.63714
1.56986
-1.47365
-1.18009
-1.40322
-0.0338345
1.01986
-1.40171
-1.56943
-0.635329
0.384667
-1.53524
-1.17235
0.0866678
0.110679
-1.4125
-1.19939
1.83757
0.0967763
0.0865208
0.0936558
0.114191
0.106226
0.128044
0.120059
0.141921
0.133473
0.154921
0.149648
0.170665
0.164827
0.187281
0.178972
0.200828
0.193236
0.213343
0.207422
0.226207
0.221104
0.239451
0.233782
0.252334
0.246102
0.263992
0.257731
0.273796
0.268408
0.281617
0.277419
0.286574
0.284222
0.287623
0.287499
0.282883
0.286057
0.270474
0.27775
0.246472
0.260177
0.207293
0.229028
0.14793
0.18017
0.06264
0.109856
-0.0646247
0.00317888
-0.215527
-0.136592
-0.411618
-0.308107
-0.631367
-0.521379
-0.837878
-0.740063
-0.986244
-0.921532
-1.25923
-1.0427
-1.02748
-0.411874
-0.418258
-0.33035
-0.384283
-0.171908
-0.256524
0.00128674
-0.0843816
0.143624
0.0784033
0.252332
0.2001
0.338164
0.299395
0.392021
0.368784
0.422514
0.409378
0.436923
0.431622
0.438223
0.438742
0.432008
0.436049
0.419528
0.426405
0.404053
0.412321
0.386223
0.395597
0.367196
0.377013
0.347306
0.357181
0.326853
0.336513
0.306049
0.315643
0.285023
0.295343
0.264742
0.275379
0.24651
0.256079
0.228621
0.23655
0.208465
0.217406
0.188372
0.199041
0.172181
0.181731
0.156471
0.163347
0.133414
0.144647
0.12435
0.105348
0.106586
0.111891
0.108161
0.11699
0.115257
0.11831
0.117765
0.113817
0.11552
0.11495
0.113467
0.114265
0.114913
0.11266
0.114908
0.109536
0.1133
0.107562
0.109179
0.105752
0.106769
0.10307
0.104121
0.0967501
0.100495
0.0881627
0.0934469
0.0791269
0.0836504
-0.291571
1.92994
2.07166
0.0743684
0.103632
-0.333707
-0.544843
1.74417
2.23258
-1.05067
-1.28051
-0.842364
-0.863344
1.3559
2.29713
-1.52185
-1.2185
0.950381
2.1072
-1.67689
-1.25417
-1.56422
0.201931
1.55064
-1.71059
-1.8594
-0.650336
0.761196
-1.55979
-1.99343
-1.30538
-0.013789
-1.75305
-1.04733
-0.890052
-0.911607
-0.256599
-0.128191
2.07413
0.0829559
0.0691865
0.0731932
0.0964756
0.0928572
0.111394
0.102336
0.124492
0.115989
0.136229
0.131913
0.151872
0.146787
0.168906
0.159219
0.183773
0.172138
0.195406
0.186964
0.206423
0.201216
0.217928
0.214449
0.229879
0.226053
0.24132
0.236868
0.251421
0.246743
0.259367
0.255472
0.264772
0.262074
0.266737
0.266048
0.264225
0.265946
0.255631
0.260769
0.239325
0.248511
0.212048
0.227293
0.170201
0.1932
0.109508
0.142162
0.0251754
0.0715245
-0.0949775
-0.0317768
-0.23052
-0.160158
-0.405539
-0.31307
-0.594644
-0.501634
-0.762471
-0.683266
-0.869731
-0.824425
-0.899886
-0.896531
-0.891348
-0.15664
0.0106271
-0.0899416
-0.239977
-0.208565
-0.265295
-0.259168
-0.219738
-0.256118
-0.104763
-0.166829
0.0284823
-0.0402892
0.149649
0.093446
0.242547
0.197605
0.319857
0.284189
0.369518
0.347773
0.399876
0.386509
0.415993
0.409609
0.419859
0.419152
0.416269
0.418843
0.406721
0.412167
0.393466
0.400444
0.377549
0.385547
0.360177
0.368298
0.341806
0.349812
0.3222
0.33066
0.301138
0.31155
0.280041
0.293342
0.260522
0.274999
0.245195
0.254459
0.229135
0.23325
0.207857
0.21392
0.18498
0.198358
0.169429
0.180726
0.154063
0.160073
0.132615
0.142639
0.113183
0.124286
0.10064
0.102166
0.104245
0.102763
0.106955
0.106064
0.104886
0.104507
0.106254
0.105344
0.107109
0.106387
0.104954
0.106497
0.10263
0.104055
0.102506
0.104333
0.101152
0.102181
0.0978852
0.100158
0.0933259
0.0944813
0.0920954
0.0930261
0.0844483
0.0897235
0.0699285
0.0742411
0.0696053
-0.438665
2.14096
2.3631
-1.02403
-0.980896
-0.911965
0.0938224
0.0624886
-1.24281
-0.719482
-0.80107
1.82564
2.56554
-1.55306
-1.20713
1.28536
2.63332
-1.8235
-1.31578
-1.65515
0.598849
2.28248
-1.99372
-2.07264
-0.493725
1.39433
-1.73721
-1.97804
-2.39848
-1.47964
0.346508
-2.44728
-2.2214
0.165474
-0.125839
-0.30739
2.35232
0.0815997
0.0729383
0.0919748
0.0871996
0.109358
0.10152
0.121872
0.11229
0.132521
0.128576
0.147904
0.143237
0.164727
0.155001
0.179567
0.167923
0.189786
0.181731
0.199911
0.195338
0.210451
0.207782
0.221222
0.218087
0.231184
0.227509
0.239413
0.235617
0.245274
0.242413
0.248454
0.246863
0.248049
0.2486
0.242786
0.245939
0.231295
0.237898
0.211616
0.222562
0.181232
0.197915
0.13647
0.160939
0.0749908
0.107518
-0.0058501
0.0382065
-0.117055
-0.0591487
-0.23655
-0.17475
-0.396709
-0.311616
-0.554757
-0.479412
-0.689753
-0.627258
-0.766273
-0.734153
-0.802081
-0.790251
-0.800041
-0.798454
-1.05701
-0.985464
-0.804232
-0.81466
-0.0341854
0.148748
0.0410815
-0.10176
-0.0752661
-0.140456
-0.122953
-0.126493
-0.14468
-0.0464656
-0.0906901
0.0575868
0.00309143
0.159242
0.111783
0.23761
0.199541
0.305942
0.274053
0.35198
0.331401
0.381979
0.368726
0.398403
0.391642
0.404153
0.402466
0.40221
0.40393
0.394472
0.399038
0.38282
0.388975
0.368713
0.375917
0.352933
0.360528
0.335824
0.343615
0.317315
0.325583
0.297326
0.307109
0.277113
0.288608
0.258689
0.271523
0.242379
0.252471
0.22711
0.231713
0.205951
0.212688
0.183383
0.196373
0.167204
0.178919
0.152971
0.158006
0.131398
0.140117
0.11295
0.125098
0.0952116
0.0945025
0.0972309
0.094841
0.0939339
0.094861
0.0969139
0.094836
0.0973248
0.0962452
0.101835
0.0992052
0.100319
0.101312
0.0984692
0.0994206
0.0959502
0.0976723
0.0945174
0.0962898
0.0912823
0.0937682
0.0892093
0.0891717
0.0929443
0.0903853
0.088896
0.0909425
0.0806406
0.0841627
0.0683928
0.0739796
0.0653794
-1.14105
-0.560166
-0.696209
2.35608
2.70247
0.0583728
0.28108
-1.47387
-1.13378
1.84934
2.94635
0.0467763
-0.885345
-0.725694
-1.86087
0.282931
0.163071
-1.28011
-1.67175
1.0449
2.97584
-2.18768
-2.22226
-0.11731
2.34333
-1.90724
-2.36974
-2.7424
-1.50627
1.04065
-2.28052
-3.22434
-2.58538
-0.265627
-1.18265
-1.11876
-3.33726
-1.02689
-0.334298
-0.555221
2.66007
0.0781454
0.067747
0.0889081
0.0852958
0.104271
0.0976998
0.119082
0.109424
0.130564
0.124106
0.143382
0.139343
0.159177
0.153117
0.172113
0.16461
0.184148
0.176994
0.1945
0.189452
0.204062
0.200223
0.21344
0.209551
0.221778
0.218266
0.228148
0.225098
0.231977
0.230237
0.232761
0.232497
0.229753
0.231688
0.221772
0.226323
0.2077
0.215559
0.185558
0.197756
0.153366
0.170749
0.108318
0.132797
0.0475178
0.0796158
-0.0317979
0.011237
-0.135694
-0.0825452
-0.240199
-0.18632
-0.384993
-0.308074
-0.514343
-0.454605
-0.624628
-0.573192
-0.680372
-0.658816
-0.716704
-0.702772
-0.709638
-0.714682
-0.693111
-0.711056
0.456082
0.380242
0.520077
0.257505
0.371599
0.080212
0.15756
0.00748807
0.0338262
-0.0396466
-0.0173608
-0.0464909
-0.0517721
0.00802693
-0.0237959
0.08721
0.0452386
0.17031
0.130762
0.236747
0.204486
0.295698
0.267873
0.337912
0.318778
0.36568
0.353396
0.382148
0.375083
0.38896
0.386732
0.388285
0.389246
0.382798
0.386125
0.373153
0.378306
0.360691
0.367097
0.345941
0.353315
0.32943
0.337788
0.3115
0.321128
0.292866
0.303948
0.27479
0.286409
0.25897
0.267247
0.244097
0.248046
0.224169
0.22908
0.201079
0.212929
0.180938
0.195786
0.168153
0.176508
0.15142
0.155131
0.129035
0.138559
0.110001
0.12363
0.0930877
0.101289
0.0864842
0.0839074
0.0855332
0.0883584
0.0877392
0.0865152
0.0869978
0.0878493
0.0855324
0.0938038
0.0914638
0.09675
0.0950403
0.0947971
0.0959073
0.0931299
0.0939858
0.0907848
0.0929386
0.0878561
0.0900922
0.0877961
0.0879233
0.0898895
0.0878994
0.0907458
0.0896521
0.0825644
0.0875371
0.075295
0.0788747
0.0663389
0.0728768
0.0536991
0.0588743
0.0497821
-1.31974
-1.01691
2.53066
3.06048
0.0562648
-0.624914
0.0811281
-1.76394
-1.31926
-1.41293
0.588142
0.503604
-1.29221
-1.60645
1.69714
3.31908
-2.24243
-2.27868
0.41026
3.2185
-2.01493
-1.19113
-2.65424
-2.9796
-1.42543
2.1314
-2.817
-3.83349
-3.04303
0.40238
-2.60383
-4.44742
-4.01449
-0.707251
-0.592681
-0.00971034
-0.210184
-0.844989
-0.854803
2.95508
0.071809
0.0627487
0.0850911
0.0805409
0.101113
0.0948532
0.116231
0.105257
0.126312
0.120353
0.138802
0.135864
0.154025
0.149219
0.16866
0.159431
0.180345
0.171261
0.189103
0.182842
0.197318
0.193842
0.205232
0.202659
0.212127
0.210067
0.217081
0.21533
0.219423
0.218837
0.218499
0.219304
0.213541
0.216586
0.203392
0.209083
0.187019
0.196049
0.162649
0.17595
0.12828
0.146746
0.0819126
0.106803
0.0227024
0.0536284
-0.0524628
-0.0118413
-0.147763
-0.0995356
-0.243164
-0.19352
-0.372115
-0.305067
-0.478581
-0.429763
-0.570325
-0.527423
-0.614298
-0.59648
-0.64575
-0.634102
-0.626704
-0.641447
-0.592485
-0.612001
-0.501838
-0.433412
-0.541856
-0.58564
0.688652
0.647259
0.571921
0.750761
0.722051
0.350715
0.446145
0.175909
0.257666
0.0923277
0.123327
0.0424747
0.0668844
0.022916
0.0259421
0.0563691
0.0348102
0.115394
0.0837865
0.18207
0.149464
0.237918
0.211033
0.287887
0.26384
0.326086
0.308649
0.352145
0.340389
0.368519
0.361457
0.37615
0.37331
0.377042
0.377251
0.372854
0.375568
0.364167
0.368895
0.352761
0.358648
0.33918
0.346023
0.323877
0.331617
0.30708
0.315974
0.289513
0.299559
0.27231
0.282644
0.25621
0.264774
0.24014
0.245952
0.221123
0.227146
0.198652
0.209069
0.18025
0.193564
0.166786
0.174748
0.149132
0.153618
0.126287
0.13707
0.108295
0.12045
0.0912398
0.0997854
0.0798869
0.0788723
0.0754716
0.0764676
0.081867
0.0809895
0.0833275
0.0832631
0.0853117
0.0853572
0.084681
0.0843318
0.0879736
0.0866193
0.0880057
0.0880173
0.088236
0.0878114
0.0869774
0.087868
0.0854772
0.0869264
0.0843926
0.0852116
0.0853251
0.0851927
0.0815762
0.0845428
0.0714666
0.0750422
0.0702982
0.0708514
0.0683644
0.0713246
0.0596554
0.0650946
0.0467613
0.0526018
0.0423081
0.0435528
-1.57837
0.400643
-0.43342
0.118051
0.26974
-1.12922
-0.895325
-1.46245
2.54536
3.36087
-2.1458
-2.19671
1.12387
3.5637
-0.358455
-0.303427
-2.2405
-0.982241
-0.52514
-0.636356
0.619573
0.779929
0.0693719
0.0730273
0.0670143
0.0393203
0.0375325
0.0351291
-2.76068
-3.03957
-1.02493
3.17613
-1.72383
-1.57968
-3.23754
-4.1281
-3.66843
1.44354
-2.93548
-3.33511
-0.724722
-0.067872
-5.24493
-5.37043
-0.652442
-5.73029
-1.2333
3.1358
0.0539289
0.0428755
0.0662812
0.0593304
0.0815469
0.0766339
0.0985401
0.090307
0.112749
0.103492
0.124324
0.117854
0.136328
0.132218
0.15017
0.144133
0.163034
0.155598
0.173945
0.167022
0.183042
0.177937
0.191025
0.187798
0.198008
0.195391
0.20357
0.201725
0.206924
0.205701
0.207524
0.207737
0.204696
0.206439
0.197751
0.201818
0.185578
0.192282
0.167283
0.177258
0.141516
0.155405
0.106575
0.125261
0.0604568
0.0850436
0.00251772
0.0328105
-0.0702429
-0.0313397
-0.156633
-0.113491
-0.245575
-0.198535
-0.357361
-0.301544
-0.446534
-0.404053
-0.524128
-0.489502
-0.559485
-0.544168
-0.584329
-0.575874
-0.551249
-0.575267
-0.511283
-0.527634
-0.374023
-0.471765
-0.430905
0.866375
0.78731
0.825346
0.914397
0.895531
0.936646
0.927113
0.426593
0.508974
0.257788
0.339899
0.164792
0.200142
0.109694
0.136517
0.0818119
0.0900566
0.0990864
0.0860071
0.140746
0.117911
0.193527
0.166892
0.240686
0.218049
0.283549
0.26261
0.317784
0.302075
0.341677
0.330825
0.356995
0.35033
0.364749
0.361736
0.36601
0.366065
0.362591
0.364778
0.355338
0.359344
0.345339
0.350639
0.332969
0.33945
0.318686
0.3262
0.302981
0.311432
0.286676
0.29554
0.270582
0.278885
0.254593
0.26161
0.237306
0.244076
0.217493
0.226572
0.197476
0.209857
0.180934
0.191839
0.165224
0.171521
0.144912
0.152639
0.123949
0.13581
0.107265
0.11725
0.0894161
0.0969043
0.0800278
0.069484
0.069443
0.0740544
0.071858
0.0784651
0.0761977
0.0811605
0.0802918
0.0819877
0.0823695
0.0799971
0.0809144
0.0782732
0.0790028
0.0795951
0.0784968
0.0792049
0.0797124
0.0788402
0.0794909
0.0777998
0.0789358
0.0726646
0.0762991
0.064757
0.0685872
0.0588526
0.0609679
0.0589554
0.0584905
0.0613773
0.0614199
0.0551603
0.0589545
0.0410499
0.0481649
0.0386868
-1.9268
0.729879
-1.29616
-2.026
2.16021
3.45487
-0.257049
-2.27219
-0.750186
0.9456
0.0688201
0.0633178
0.0354648
0.029379
-2.66586
-2.9576
-0.278854
3.47876
-1.40123
-3.43845
-4.21573
-3.75659
2.56563
-2.11256
-1.90159
-3.41322
-3.96532
-1.09827
-0.310768
-5.67142
-7.08823
0.0403795
-3.95708
-7.47807
-8.31296
0.663388
0.586982
-1.72986
3.00561
0.0491069
0.0405595
0.063475
0.0558574
0.0781456
0.0716582
0.0926641
0.087331
0.109094
0.100089
0.12216
0.113709
0.133307
0.127946
0.145709
0.141587
0.158069
0.152545
0.169187
0.163081
0.178073
0.172677
0.185334
0.181599
0.191148
0.188519
0.195428
0.194009
0.197436
0.196903
0.196617
0.197644
0.192252
0.194846
0.183724
0.188628
0.170001
0.1775
0.150107
0.160897
0.12287
0.137452
0.0869145
0.106061
0.0406792
0.0650807
-0.0151183
0.0139528
-0.0848204
-0.0478284
-0.162769
-0.124217
-0.246997
-0.201889
-0.343512
-0.297379
-0.419593
-0.381781
-0.48478
-0.457358
-0.513567
-0.500146
-0.531072
-0.526575
-0.486829
-0.517842
-0.445985
-0.458123
-0.321851
-0.412161
-0.174639
-0.141338
-0.214152
-0.252557
-0.211459
-0.383368
-0.309354
-2.21103
-0.540444
-0.46129
1.08522
1.09621
1.0878
1.081
1.08289
1.07616
1.07905
0.955781
1.07063
1.07005
0.658024
0.802659
0.488463
0.561656
0.324168
0.407067
0.225772
0.264427
0.165
0.194518
0.13098
0.142693
0.13607
0.129752
0.164639
0.148165
0.206203
0.184821
0.244643
0.226186
0.280603
0.262802
0.310419
0.296634
0.331965
0.322086
0.346355
0.340023
0.354072
0.350968
0.35622
0.355728
0.354022
0.355578
0.347879
0.351389
0.338699
0.34359
0.327165
0.333201
0.31376
0.320778
0.298988
0.306866
0.283511
0.29179
0.267909
0.275889
0.251963
0.259202
0.234602
0.241966
0.215231
0.224688
0.196222
0.207413
0.180074
0.189512
0.163374
0.169784
0.14271
0.151344
0.121955
0.134426
0.105729
0.114886
0.0878393
0.0942547
0.0788601
0.0587451
0.0552747
0.0571783
0.0618099
0.0602044
0.0682992
0.0654513
0.0716606
0.0697576
0.0729015
0.0724809
0.0741112
0.0739062
0.0722972
0.073199
0.0715322
0.0717204
0.0715649
0.0713923
0.0713622
0.0715407
0.0703735
0.0714417
0.0669526
0.0695919
0.0611819
0.0647579
0.060657
0.0595488
0.0628314
0.0636702
0.0507174
0.0571803
0.0487908
0.0485808
0.049128
0.0488782
0.0399838
0.0454096
0.0283411
0.0351384
0.0218578
0.0246426
-2.4046
1.10881
-1.79267
-2.73918
1.00354
3.10556
-1.15081
-3.35894
-4.03377
-3.01989
2.76615
-1.67925
-0.103195
-0.0803692
0.965666
1.07346
-3.70184
0.0459679
0.0520647
0.043017
0.0173906
0.0159085
0.00964032
-4.31633
0.480974
-5.71252
-7.84535
1.05675
-2.64688
-2.34396
-4.8926
-4.74433
-8.35263
-11.0829
-2.19001
-1.59446
-0.654239
-11.0301
-0.627362
-0.328814
-0.373275
1.12328
1.14855
-2.34602
2.26527
-0.880106
0.0306572
0.0220779
0.0445394
0.0376077
0.0603174
0.0516921
0.0743432
0.0687093
0.090651
0.0840248
0.106059
0.096823
0.118575
0.110398
0.129943
0.124564
0.142028
0.137675
0.153958
0.148653
0.164438
0.158984
0.17285
0.168056
0.17959
0.176299
0.184609
0.182346
0.187834
0.186815
0.188599
0.188597
0.186418
0.188075
0.180599
0.183913
0.17055
0.176207
0.155385
0.163596
0.134186
0.145594
0.106067
0.121022
0.0700007
0.0890871
0.0244111
0.0484113
-0.0298674
-0.00167812
-0.0965481
-0.0614161
-0.168358
-0.132983
-0.247371
-0.205154
-0.331084
-0.292002
-0.398079
-0.364264
-0.45203
-0.430168
-0.474853
-0.464362
-0.486058
-0.48415
-0.432988
-0.469202
-0.391
-0.402273
-0.276769
-0.360637
-0.110882
-0.177658
-0.159045
-0.130757
-0.241937
-0.198194
-0.285286
1.37371
1.51928
1.4402
1.28206
1.32218
1.22649
1.24997
1.19153
1.20714
1.16366
1.17323
0.689443
0.81946
0.541378
0.605866
0.37905
0.462979
0.275507
0.316283
0.210773
0.242514
0.171545
0.185929
0.168036
0.166674
0.185766
0.174641
0.217106
0.2007
0.248769
0.233167
0.27931
0.264329
0.304883
0.292862
0.324403
0.31539
0.33775
0.331791
0.345364
0.342197
0.347922
0.347237
0.346045
0.34747
0.34057
0.343705
0.332276
0.336705
0.321707
0.327292
0.30928
0.315779
0.295414
0.30262
0.280627
0.288163
0.265251
0.272813
0.249097
0.256748
0.231617
0.24009
0.213238
0.222988
0.195393
0.205316
0.17825
0.18693
0.160273
0.168084
0.140057
0.149801
0.120668
0.131874
0.103115
0.112206
0.0850355
0.0926455
0.0658394
0.075297
0.0602213
0.0546086
0.0497953
0.0617058
0.0588579
0.062409
0.0628549
0.0647081
0.0623347
0.0668658
0.066585
0.0661376
0.0665561
0.0656577
0.065686
0.0664284
0.0659017
0.0652581
0.065868
0.064126
0.0646545
0.0621541
0.0636428
0.059936
0.0613785
0.0607249
0.0600152
0.0633132
0.062315
0.0583523
0.0620982
0.0451713
0.0520222
0.0353238
0.0393811
0.0380354
0.0340807
0.0372282
0.0388649
0.0264059
0.032643
0.0218436
-3.03962
1.62539
-2.44942
-3.61514
-1.27594
2.02955
-1.38326
-0.415739
-0.73408
-0.0594385
1.15686
-4.34646
0.047666
0.0396784
0.0117415
0.00138296
-4.3051
1.17681
-5.25494
-7.03571
1.18553
-2.06171
-5.5186
-5.45746
-8.0258
-12.3936
-1.58591
0.299877
-6.06637
-12.3209
-14.2446
-0.447916
-2.9961
1.8947
2.06672
-3.45385
-0.0945792
-0.0551412
-3.09299
0.602484
-1.05211
0.0246104
0.0175515
0.041031
0.0323234
0.0558248
0.0483379
0.071848
0.0663639
0.0877344
0.0803487
0.10265
0.0939488
0.115839
0.107632
0.127319
0.121284
0.138765
0.134057
0.149899
0.145236
0.159908
0.155372
0.168037
0.163845
0.17433
0.171261
0.178606
0.176537
0.180838
0.180142
0.180516
0.180987
0.177166
0.179394
0.1701
0.174056
0.158803
0.16508
0.142461
0.151266
0.120169
0.132092
0.0912332
0.106574
0.0547155
0.0739295
0.00994785
0.0333691
-0.0428219
-0.0154588
-0.105435
-0.0728584
-0.172489
-0.13901
-0.246871
-0.207914
-0.320137
-0.285853
-0.381832
-0.351026
-0.426616
-0.408787
-0.443088
-0.436403
-0.448076
-0.448646
-0.386733
-0.427107
-0.34651
-0.355959
-0.239522
-0.318523
-0.0834008
-0.145352
0.0156193
0.0276696
-0.0394899
-0.00907504
0.00298521
-0.0357609
-0.0213681
-0.0743647
-0.0548197
-0.102814
-0.091843
-0.108527
1.64713
1.7558
1.4882
1.55861
1.3855
1.43139
1.32004
1.34898
1.27341
1.29371
1.14945
1.24351
1.25697
0.975652
1.0751
0.714165
0.837745
0.585399
0.640243
0.425341
0.510185
0.317534
0.360459
0.247656
0.282124
0.203889
0.220385
0.194029
0.196328
0.203995
0.196715
0.227495
0.214902
0.253573
0.240619
0.278196
0.266096
0.300553
0.28977
0.318054
0.309983
0.330271
0.324741
0.337468
0.334487
0.340068
0.339307
0.338736
0.339832
0.334139
0.336797
0.326689
0.330709
0.316881
0.3221
0.305207
0.31132
0.292027
0.298855
0.277793
0.284998
0.262732
0.270106
0.246758
0.254396
0.229557
0.238072
0.211658
0.221254
0.194237
0.203776
0.177312
0.185564
0.158562
0.166838
0.138425
0.148859
0.119649
0.130011
0.101314
0.109725
0.0812966
0.0908887
0.0638056
0.0728159
0.0556961
-5.16995
-2.24698
-1.10933
0.0422898
0.0331106
0.0382204
0.0504625
0.0460205
0.054051
0.0532499
0.0500219
0.0522204
0.0515615
0.0492135
0.057772
0.0547504
0.0601661
0.0595639
0.060369
0.0601936
0.06053
0.0603345
0.0595027
0.0599205
0.0579611
0.058746
0.0566864
0.0574319
0.0573537
0.0571227
0.058962
0.058488
0.05379
0.0578417
0.0440941
0.0475935
0.0451664
0.0445653
0.0362024
0.0420612
0.0293189
0.0301903
0.0272446
0.0278833
0.0244017
0.0256708
0.00986075
0.0190437
-0.00343857
0.00177319
-3.96071
1.75975
-3.2689
-4.71061
-4.63151
0.0742934
-1.70295
-0.852881
-5.67211
-7.01802
-7.23111
-11.7174
-1.66123
2.21322
2.43444
1.20631
-2.58799
0.00772226
-0.480811
0.102169
0.109975
1.14609
1.23485
-7.12105
-11.8524
-15.8344
-5.26101
0.118223
-0.0112967
-0.00396546
-0.012744
0.0264276
0.0262564
0.0194009
-7.4271
-15.498
-3.94076
0.428841
0.0804318
0.59565
2.2653
-4.67721
-4.1007
-2.01873
-1.278
0.00681168
-0.00656856
0.019851
0.0104595
0.0344218
0.0296828
0.0524543
0.0457344
0.0703504
0.0594914
0.0850474
0.0759343
0.0988154
0.091235
0.111838
0.105459
0.124215
0.118776
0.135855
0.13123
0.146638
0.141979
0.156104
0.151683
0.163698
0.15971
0.169392
0.16657
0.173014
0.171265
0.17438
0.174082
0.173124
0.174042
0.168743
0.171465
0.16058
0.165084
0.148186
0.154984
0.130834
0.140138
0.107704
0.119992
0.078394
0.0938657
0.0418459
0.0610246
-0.0021586
0.0207421
-0.0538567
-0.0269834
-0.113729
-0.0830349
-0.176618
-0.144863
-0.246801
-0.21074
-0.311778
-0.281143
-0.368971
-0.340805
-0.406728
-0.391989
-0.416821
-0.413791
-0.416493
-0.41932
-0.350125
-0.392599
-0.309648
-0.318952
-0.207471
-0.282696
-0.0585461
-0.116147
0.0400815
-0.0219767
0.0893203
0.0949888
0.0871216
0.0884556
0.09454
0.0887476
0.126748
0.10619
0.214193
0.159181
0.304323
1.88959
2.03416
1.67825
1.77345
1.53711
1.60087
1.4441
1.48559
1.38272
1.40996
1.34421
1.35958
0.985962
1.07914
0.735974
0.853591
0.619372
0.67058
0.46039
0.544926
0.352458
0.395774
0.278451
0.31542
0.229561
0.248527
0.215147
0.219708
0.219401
0.215265
0.236378
0.22689
0.257273
0.246816
0.278113
0.267654
0.297603
0.288312
0.312639
0.305662
0.323666
0.318645
0.330389
0.327552
0.33319
0.33221
0.332328
0.333165
0.328242
0.330649
0.321424
0.325132
0.312306
0.317124
0.301313
0.307002
0.288742
0.295199
0.274987
0.281956
0.260183
0.267585
0.244371
0.252278
0.22758
0.236126
0.210243
0.219272
0.192727
0.201791
0.174746
0.183621
0.15621
0.165161
0.136778
0.146781
0.117954
0.127789
0.0988886
0.107772
0.0786638
0.088469
0.0601943
0.0700839
0.0434953
0.0506013
0.0356905
0.0371064
0.0324705
0.0365417
0.0376779
0.0373722
0.0359847
0.0413785
0.0400258
0.040188
0.0407018
0.0436514
0.0407244
0.0503651
0.0472272
0.0537246
0.0525056
0.053626
0.0536568
0.053293
0.0532676
0.0523522
0.0527891
0.0517473
0.0521812
0.0521658
0.0527996
0.048404
0.0509767
0.0411827
0.0447312
0.0404106
0.03928
0.0464875
0.043885
0.0445101
0.0466008
0.0293642
0.0378566
0.0215227
0.0240455
0.0137239
0.0178103
0.00533984
0.008486
0.00178074
-5.36066
-8.70119
-3.0493
-4.2708
-6.37616
-9.06586
-2.97236
2.68803
1.94047
-2.11505
-0.992252
0.11977
1.3321
-7.61366
0.816356
1.0801
-10.2304
-15.4269
-5.25672
1.2878
-3.28275
-0.543568
-0.0204406
-0.0266805
-0.0150712
-0.0263271
0.0186013
0.0132624
0.0203878
0.0127396
-9.15331
-14.7194
-16.9627
-9.42963
-9.86694
-5.2766
0.235763
-1.65443
-0.137254
0.903006
-6.52045
-5.3577
-5.48747
2.94029
2.50659
-1.53357
-0.000284172
-0.0121291
0.0149796
0.00329956
0.0295422
0.0251999
0.0490343
0.0426291
0.0690657
0.0569259
0.0837056
0.0725417
0.0963664
0.0879819
0.10885
0.102962
0.121223
0.116578
0.132801
0.128669
0.143503
0.139052
0.152515
0.148413
0.159684
0.156056
0.164899
0.162369
0.167997
0.166509
0.168596
0.16862
0.166536
0.167817
0.161253
0.164393
0.152144
0.157126
0.138764
0.146031
0.120516
0.130261
0.0966233
0.109254
0.0668647
0.0825066
0.030418
0.0494594
-0.012634
0.00964582
-0.0623907
-0.0365823
-0.119489
-0.0902972
-0.179639
-0.149154
-0.245769
-0.212167
-0.306455
-0.277496
-0.360002
-0.334087
-0.394257
-0.380825
-0.399063
-0.399427
-0.391145
-0.397696
-0.319723
-0.364097
-0.27806
-0.287262
-0.182306
-0.254196
-0.0361091
-0.0921789
0.0570326
-0.00239087
0.181523
0.191176
0.132831
0.170049
0.174524
0.174208
0.170968
0.195683
0.183104
0.242284
0.214429
0.338048
0.283284
0.509208
0.411383
0.638709
2.96235
3.26065
2.4547
2.69097
2.08654
2.25448
1.83626
1.94944
1.66451
1.74265
1.54634
1.59989
1.46797
1.50306
1.42083
1.44106
1.32625
1.39935
1.40711
1.14505
1.23023
0.993298
1.08257
0.755501
0.865082
0.648831
0.697032
0.489608
0.574435
0.377877
0.424056
0.298304
0.337616
0.248198
0.267529
0.232195
0.237885
0.232464
0.23058
0.244947
0.237789
0.261741
0.253262
0.279005
0.270431
0.294978
0.287301
0.308188
0.301931
0.318184
0.313572
0.324515
0.321736
0.327326
0.326254
0.326676
0.327355
0.323023
0.325172
0.316803
0.320189
0.308277
0.312757
0.297816
0.303197
0.285775
0.291978
0.272445
0.279232
0.257949
0.265263
0.242405
0.250321
0.225985
0.234429
0.209152
0.2177
0.191976
0.200511
0.173891
0.182523
0.1548
0.164566
0.135465
0.145826
0.116424
0.126187
0.0967416
0.105969
0.0766238
0.0860739
0.0564786
0.0667224
0.0382693
0.0475176
0.0289505
0.0261396
0.0227622
0.026164
0.0267857
0.0299158
0.0266168
0.0412151
0.0361384
0.0427289
0.0435277
0.0385187
0.0401678
0.0402638
0.0384941
0.0444807
0.0424967
0.0459625
0.0452807
0.0462777
0.0461517
0.046078
0.046225
0.0454205
0.0459273
0.0431311
0.044806
0.03886
0.0410841
0.0389729
0.0379677
0.0431647
0.0416102
0.0396201
0.042085
0.040443
0.0389902
0.0332528
0.0398186
0.0227526
0.0276948
0.00910494
0.0159001
-0.00031868
0.0030855
-0.00502916
-7.38785
1.47064
-3.65473
-5.08845
-8.22332
-12.849
-6.42612
3.34782
2.25748
-2.60405
-1.18246
-0.0351518
0.00576309
-10.1431
-12.4381
-16.6681
-9.51481
1.33014
-4.16367
-0.635937
0.23554
0.242082
1.32204
1.394
-9.07684
-7.30997
-12.2601
-12.2893
1.4074
0.585674
-16.1362
1.9227
-3.90232
2.0175
2.42646
-6.49383
-8.8608
2.93565
-1.86715
-0.0289886
-0.0474769
-0.0400755
-0.00859525
-0.021763
0.0086133
2.28437e-05
0.027485
0.0201126
0.0468142
0.0371043
0.0624803
0.0529765
0.0785147
0.0700286
0.0925185
0.0868313
0.106367
0.1011
0.119522
0.113829
0.131016
0.125421
0.141184
0.135778
0.149631
0.145148
0.156311
0.152689
0.160998
0.15863
0.163591
0.162344
0.163513
0.163861
0.160741
0.162387
0.154647
0.158173
0.14473
0.150125
0.130522
0.138175
0.111565
0.121648
0.0871476
0.0999973
0.0570807
0.072834
0.020704
0.0396452
-0.0219384
9.65634e-05
-0.0705849
-0.0455104
-0.124998
-0.0972628
-0.183207
-0.153572
-0.245889
-0.214357
-0.304902
-0.276192
-0.356676
-0.332159
-0.387619
-0.375919
-0.385119
-0.389656
-0.37076
-0.380025
-0.297715
-0.342553
-0.252333
-0.263465
-0.159184
-0.229058
-0.0126547
-0.0695053
0.0708973
0.0186486
0.203219
0.142866
0.234157
0.232302
0.253617
0.240623
0.300123
0.274174
0.383271
0.335871
0.526907
0.446552
0.766366
0.631741
1.16519
0.939078
1.85318
1.46353
2.94002
2.35427
3.14934
3.46677
2.64611
2.88371
2.26011
2.43977
1.98109
2.10851
1.78279
1.87403
1.64321
1.70692
1.54947
1.59145
1.49289
1.51693
1.46338
1.47538
1.1485
1.22881
0.999291
1.08857
0.771676
0.874381
0.668941
0.716786
0.513646
0.595585
0.399673
0.448617
0.312316
0.354733
0.259048
0.279547
0.241598
0.24761
0.241344
0.239726
0.251247
0.245539
0.264779
0.257835
0.27879
0.271809
0.292458
0.285722
0.304301
0.298699
0.313286
0.309137
0.319221
0.316648
0.322002
0.32099
0.321653
0.322203
0.31847
0.320384
0.312747
0.315907
0.304694
0.308987
0.294736
0.299916
0.28315
0.289139
0.270097
0.276774
0.255828
0.263046
0.240606
0.248277
0.224419
0.2326
0.207497
0.215879
0.190148
0.198638
0.17199
0.180864
0.153263
0.162785
0.133691
0.144032
0.114314
0.124196
0.0940082
0.104267
0.0729455
0.0839544
0.0533453
0.0633945
0.0333446
0.042384
0.0134114
0.0224047
-0.00417565
0.00618143
0.0112558
-0.00142883
0.00537642
0.0174361
0.0143896
0.026216
0.022144
0.0295312
0.0286279
0.0347673
0.0312993
0.0445376
0.041146
0.0425877
0.0448341
0.0379918
0.0398255
0.0374519
0.0371399
0.0387983
0.0379814
0.0393812
0.0392372
0.0393045
0.0394087
0.0381388
0.0389054
0.0361888
0.0373184
0.0359514
0.0359186
0.0388674
0.0376457
0.0368225
0.0389702
0.0277281
0.0323653
0.0253619
0.0250191
0.0265846
0.0276219
0.0166192
0.0217687
0.010289
0.0127797
-0.00199178
0.00582598
-0.0175987
-0.0105738
-0.0342065
-0.0259701
-10.1138
-0.458814
-2.24815
-5.13223
-9.36653
-14.4686
-10.0486
3.85977
2.56351
-3.28726
-1.47712
0.255031
1.4572
-0.0114028
-0.04778
-5.57876
-13.5491
-15.2897
-0.51695
1.00365
2.61871
4.65306
4.64428
1.27773
-3.86565
-16.1764
-13.5777
-13.6593
4.17232
5.25428
5.8716
5.83703
4.40208
-6.88626
-11.6693
3.38941
5.38558
6.44176
7.32598
7.87602
6.52311
7.74551
7.224
-2.42809
-13.6533
-14.0169
-3.02682
-1.07199
1.23075
5.76164
3.50752
1.29102
0.00154767
-16.9463
-13.5687
-12.2641
-10.0904
-8.64083
-0.0497683
-0.0360193
-0.0228518
-0.0138598
-0.00709428
-1.64252e-05
0.00417065
0.00503331
0.0045088
0.00443124
0.0071257
0.0100755
0.0113472
0.0134663
0.0171459
0.0199643
0.0221058
0.0246752
0.0279617
0.0312191
0.0327897
0.0329078
0.0325798
0.0320276
0.0320746
0.0321387
0.0325692
0.0328838
0.0330255
0.0330918
0.0331567
0.0331564
0.033304
0.0340177
0.0352156
0.037071
0.0381522
0.0375233
0.0348843
0.0299606
0.0246543
0.0206206
0.020222
0.0218803
0.0230476
0.0212041
0.0173964
0.0131997
0.00987874
0.00574432
-0.000823379
-0.00849017
-0.0164334
-0.029566
-0.0224561
-0.0128474
-0.00371143
0.0055713
0.0175217
0.0272434
0.0377616
0.049803
0.0583819
0.071146
0.0807142
0.0921615
0.103404
0.112104
0.1241
0.132139
0.143537
0.152554
0.162022
0.171181
0.179859
0.189293
0.197482
0.206614
0.214924
0.223457
0.2313
0.23927
0.246697
0.254137
0.261188
0.268059
0.274555
0.280793
0.28657
0.291966
0.296951
0.301478
0.305579
0.30911
0.312049
0.314428
0.316137
0.317253
0.317702
0.317391
0.3164
0.314675
0.312287
0.309208
0.305496
0.301238
0.296425
0.291135
0.285476
0.279697
0.273965
0.268314
0.262804
0.257712
0.253372
0.250219
0.24875
0.249951
0.25502
0.265678
0.284832
0.315899
0.358181
0.40679
0.461203
0.529043
0.610749
0.685278
0.73594
0.788626
0.882626
1.00238
1.09407
1.15379
1.22648
1.31777
1.39517
1.45906
1.52552
1.52717
1.53328
1.54657
1.56603
1.59268
1.62983
1.67749
1.73644
1.80761
1.89305
1.99401
2.11291
2.25353
2.41746
2.60499
2.81729
3.0556
3.33013
3.67177
4.1519
4.68824
5.16682
5.6937
6.23365
6.74402
7.04804
7.14221
6.73924
6.10219
5.34586
4.49924
3.743
3.10111
2.57051
2.11997
1.75496
1.44615
1.18812
0.985283
0.827613
0.699353
0.596259
0.514253
0.449959
0.399309
0.360854
0.3333
0.313241
0.300517
0.295264
0.294426
0.299537
0.310271
0.325743
0.272795
0.221372
0.156849
0.083155
0.0342667
0.00471413
-0.0533271
-0.141447
-0.207145
-0.228319
-0.241462
-0.278602
-0.326015
-0.357719
-0.37209
-0.381653
-0.389006
-0.387653
-0.375388
-0.355475
-0.330907
-0.303666
-0.2749
-0.245319
-0.21509
-0.185137
-0.156428
-0.128919
-0.102297
-0.0765977
-0.0521713
-0.0291884
-0.0076438
0.0125162
0.0312445
0.0485445
0.0643764
0.0787944
0.0918786
0.103669
0.11409
0.123253
0.131285
0.138198
0.143989
0.148824
0.152707
0.155632
0.157635
0.159074
0.159726
0.159778
0.158773
0.157695
0.155478
0.153537
0.149922
0.147319
0.142629
0.139235
0.133558
0.129216
0.123466
0.117474
0.112215
0.104166
0.0998204
0.0904315
0.0850339
0.0761881
0.0679194
0.0616699
0.0503733
0.0444702
0.0335083
0.0243971
0.0155221
0.00412318
-0.00580894
-0.0167064
-0.0292119
-0.0406623
-0.0522397
-0.0646629
-0.0766745
-0.0632452
-0.0783899
-0.0793647
-10.0305
-5.42433
-12.7005
-14.5548
-16.8606
5.52237
2.77289
4.44079
6.86066
8.01637
9.02515
8.61921
-1.77842
-4.49468
-3.32456
7.77596
3.89383
6.82225
-14.5688
-16.5179
-13.0974
-7.26121
-0.0996732
-0.102472
-12.5844
-13.8054
-13.5182
-6.10074
-16.7928
-0.0972606
-0.0968726
-0.0814199
-0.0668955
-0.0524223
-0.0371479
-0.0234058
-0.0119954
-0.000614781
0.0110965
0.0207385
0.0306789
0.0413732
0.0480646
0.0596048
0.065354
0.0752844
0.0816346
0.0892887
0.0964366
0.10289
0.110068
0.115597
0.121728
0.126738
0.131815
0.136424
0.140509
0.144322
0.147452
0.150499
0.152634
0.154484
0.155567
0.156286
0.156083
0.155179
0.153525
0.15122
0.148014
0.143852
0.138755
0.132659
0.125456
0.117149
0.107749
0.0970934
0.0851213
0.0718684
0.0573384
0.041444
0.0241823
0.00554137
-0.0144126
-0.0356167
-0.0580591
-0.0817877
-0.106659
-0.132446
-0.159143
-0.187028
-0.216292
-0.246384
-0.276959
-0.307944
-0.337046
-0.364445
-0.38704
-0.399697
-0.397621
-0.382908
-0.364109
-0.343047
-0.309906
-0.26434
-0.229776
-0.218373
-0.197561
-0.130176
-0.0389714
0.0210315
0.0507833
0.100196
0.175284
0.23983
0.292137
0.346443
0.632934
10.1163
10.7581
2.21627
-1.81347
-6.58179
6.97806
9.68431
3.10858
5.28302
8.76105
5.0468
-16.2429
-18.5865
-0.0675211
-0.0480561
-0.0432296
-0.0348945
-0.0258019
-0.0178163
-0.0104613
-0.00766281
-0.00587235
-0.00307306
0.000350594
0.00206049
0.00303895
0.00338531
0.00571554
0.0105347
0.0158368
0.0176887
0.0177784
0.0178255
0.0190708
0.0214553
0.023696
0.0254783
0.0264799
0.026715
0.0268884
0.0267135
0.0268773
0.02697
0.0271236
0.027295
0.0275814
0.0279483
0.0285424
0.0290737
0.0291235
0.0283624
0.0259287
0.0217911
0.0174699
0.0140012
0.0134024
0.014131
0.0144623
0.0126847
0.0106
0.00820766
0.00719067
0.00676542
0.00505869
0.000666868
-0.00457166
-0.0128639
-0.0226318
-0.0335508
-0.0500346
-0.0441122
-0.0328059
-0.0256799
-0.0148201
-0.000621679
0.00833459
0.0212514
0.0349847
0.0429457
0.0570635
0.0670125
0.0785803
0.0901769
0.098941
0.110479
0.120981
0.13116
0.140981
0.149944
0.15971
0.16945
0.178358
0.18764
0.19608
0.20487
0.212939
0.221411
0.229271
0.237249
0.244758
0.252109
0.259081
0.265819
0.272206
0.278287
0.283944
0.289187
0.293995
0.298387
0.302299
0.305667
0.308451
0.310645
0.312225
0.313221
0.313568
0.313222
0.312177
0.310499
0.308212
0.305343
0.30194
0.298044
0.293745
0.289185
0.284482
0.279783
0.275149
0.270641
0.2663
0.262169
0.258033
0.254177
0.250586
0.248434
0.249249
0.25582
0.272004
0.30406
0.353047
0.41263
0.477469
0.549698
0.629022
0.698301
0.744177
0.793018
0.882173
1.0009
1.09807
1.16057
1.2309
1.32284
1.40359
1.46498
1.52777
1.5907
1.58506
1.58526
1.58903
1.60024
1.62071
1.65048
1.69132
1.74389
1.8084
1.88641
1.97918
2.08819
2.21599
2.3647
2.53614
2.73205
2.95391
3.20678
3.50642
3.85768
4.25436
4.69674
5.13724
5.60741
6.03656
6.39111
6.5547
6.53574
6.24807
5.75158
5.09831
4.41654
3.83094
3.33042
2.81906
2.3336
1.95174
1.64247
1.38482
1.16644
0.985076
0.836253
0.715585
0.617341
0.53873
0.47782
0.429834
0.392857
0.366561
0.350133
0.342471
0.341819
0.347475
0.357764
0.37239
0.392732
-14.4395
-13.3907
-10.1426
-7.57296
-13.1634
-0.12532
-0.120867
-0.115415
-0.0940877
-0.0800646
-0.0628216
-0.0437564
-0.0306931
-0.0167536
-0.00376268
0.00691364
0.0188696
0.0273061
0.0393976
0.0458428
0.0576471
0.0635472
0.0739412
0.0800349
0.088502
0.0953451
0.101967
0.108663
0.114252
0.120324
0.125273
0.130357
0.135072
0.139241
0.143192
0.146046
0.149113
0.150886
0.152622
0.153495
0.154041
0.153618
0.152521
0.150626
0.148095
0.144665
0.140303
0.134979
0.128628
0.121176
0.112644
0.10302
0.0921565
0.080012
0.0666153
0.0519891
0.0360815
0.0188901
0.000391415
-0.0193442
-0.040234
-0.0622303
-0.0853378
-0.109489
-0.13459
-0.160787
-0.187866
-0.216441
-0.246219
-0.277197
-0.308722
-0.341697
-0.372851
-0.399053
-0.413891
-0.412238
-0.395495
-0.371349
-0.343925
-0.30672
-0.260108
-0.224144
-0.209868
-0.186066
-0.116957
-0.0266053
0.0327997
0.0664532
0.119859
0.193039
0.25872
0.319279
0.376864
0.420901
0.460529
0.431167
0.40967
0.394288
0.381973
0.376028
0.377592
0.387635
0.407024
0.437323
0.478245
0.534675
0.609493
0.697783
0.80313
0.934243
1.09485
1.29174
1.53025
1.81064
2.12484
2.46951
2.87092
3.33698
3.88013
4.4618
5.01155
5.47522
5.84729
6.10951
6.145
6.06811
5.83464
5.47811
5.10726
4.73063
4.34719
3.94546
3.60381
3.30667
3.04765
2.82282
2.62443
2.44902
2.29465
2.16026
2.04441
1.94575
1.86271
1.79366
1.73766
1.69365
1.66117
1.63976
1.6288
1.62679
1.6323
1.64658
1.60975
-0.0682639
-0.0607753
-0.0489904
-0.0410672
-0.024256
-0.00974028
0.000542061
0.0168551
0.0286048
0.0401931
0.0545976
0.0634203
0.0775666
0.0862075
0.102262
0.108142
0.121034
0.129881
0.139667
0.149947
0.158134
0.169121
0.176901
0.18718
0.194989
0.204358
0.212137
0.220754
0.228583
0.236552
0.243951
0.25122
0.258015
0.264656
0.270927
0.276871
0.282385
0.287485
0.292121
0.296359
0.300107
0.303275
0.305908
0.307912
0.309359
0.310228
0.31047
0.310038
0.308952
0.307267
0.305069
0.302351
0.299201
0.295607
0.291731
0.287708
0.283705
0.279822
0.276114
0.272659
0.269372
0.266078
0.26192
0.258103
0.253197
0.248646
0.245233
0.248676
0.260956
0.291568
0.342161
0.406197
0.478019
0.556099
0.634587
0.699413
0.74474
0.798702
0.890786
1.00663
1.10068
1.16487
1.23931
1.33169
1.41118
1.47599
1.54376
-0.0688556
-0.0485217
-0.0494299
-0.038101
-0.0326952
-0.0253479
-0.0201492
-0.016136
-0.0137687
-0.0122563
-0.00829797
-0.00226295
0.00505337
0.00998796
0.0116158
0.0109351
0.0117964
0.0132878
0.0153232
0.0158432
0.0164419
0.0165442
0.0163202
0.0164552
0.0169534
0.0180546
0.019162
0.0199807
0.0206258
0.0207932
0.0210716
0.0211661
0.0213066
0.0214995
0.0216387
0.0216778
0.0215882
0.0208562
0.0193985
0.0172517
0.0149962
0.0130171
0.0128599
0.0139921
0.017134
0.0192337
0.0183598
0.0136588
0.00828012
0.00370082
0.0013359
-0.000127202
-0.00166205
-0.00474628
-0.0082639
-0.0143819
-0.0245681
-0.0346855
-18.4791
6.98695
4.91117
8.27188
-4.24476
10.1241
-9.01712
-18.1734
6.79985
4.41075
4.47427
9.18912
-0.058755
0.916492
-1.76659
-0.0940101
-0.0953129
-0.0502467
-0.119197
-10.7129
-14.9325
1.72732
0.485117
0.509195
-16.0389
0.52482
1.74101
-0.0862128
-5.18096
-1.75128
8.55989
6.03319
6.9114
-17.5928
-0.030871
-0.0420639
-0.0142734
-0.0207238
-0.00735753
-0.0101779
-0.000159544
-0.00429014
0.00916817
0.00470428
0.0154924
0.0129499
0.0191696
0.0177616
0.0191797
0.0197952
0.0151943
0.0177965
0.0125907
0.0136687
0.0134495
0.0128091
0.0146842
0.0141101
0.0152525
0.0150146
0.0150295
0.0151261
0.0145083
0.0148781
0.0137536
0.014244
0.013215
0.0133834
0.0136921
0.0132176
0.0138017
0.0139499
0.0123144
0.0131216
0.0142976
0.0131281
0.0149354
0.0157008
0.0116864
0.0138856
0.00526206
0.00903229
-0.00331684
0.00139487
-0.0113173
-0.00829153
-0.0215918
-0.0153766
-0.0322089
-0.027717
-0.0366312
1.56989
1.63848
1.42062
1.49522
1.25005
1.33923
1.09813
1.17028
0.885481
1.00202
0.75382
0.796142
0.669573
0.72432
0.48124
0.583391
0.295921
0.380105
0.218957
0.24137
0.232588
0.224111
0.258008
0.245952
0.270636
0.266081
0.273979
0.272836
0.27741
0.275478
0.282678
0.279821
0.2893
0.285883
0.296089
0.292766
0.301722
0.299104
0.305605
0.303906
0.307294
0.306763
0.30642
0.307168
0.303193
0.305094
0.297664
0.300715
0.289954
0.294062
0.280427
0.285407
0.269148
0.275011
0.256358
0.262916
0.242545
0.249586
0.227647
0.235153
0.211654
0.219544
0.194709
0.202928
0.176684
0.185559
0.157735
0.167427
0.138628
0.148058
0.11999
0.126534
0.0970568
0.105913
0.0715662
0.0871674
0.0489561
0.0682935
0.0285254
0.0368326
-0.004511
0.00699535
-0.0391508
-0.0175517
-0.0680298
-0.0558618
-0.0865423
0.447657
0.47684
0.412379
0.427286
0.408619
0.406093
0.445541
0.421455
0.524354
0.479759
0.664958
0.587447
0.879894
0.761711
1.19306
1.02271
1.62199
1.39167
2.21428
1.89193
3.06401
2.61062
3.91406
3.50297
4.84362
4.37632
5.55179
5.24027
5.82955
5.76924
5.60413
5.77522
5.03707
5.33967
4.34152
4.69997
3.66482
3.9958
3.127
3.37835
2.69841
2.90163
2.35632
2.51694
2.09626
2.21657
1.90639
1.99322
1.77566
1.83426
1.69668
1.73025
1.66415
1.67483
1.6767
1.66393
1.69992
0.402679
0.446526
0.278175
0.344665
0.135656
0.205755
0.0459744
0.0850684
-0.118297
-0.0223698
-0.204304
-0.186815
-0.236935
-0.209249
-0.335059
-0.283739
-0.428058
-0.384899
-0.451768
-0.452756
-0.392291
-0.428988
-0.312275
-0.35219
-0.24276
-0.275843
-0.185873
-0.21309
-0.135279
-0.159517
-0.0880637
-0.111365
-0.0440838
-0.0656279
-0.00401291
-0.0235527
0.0315068
0.0143403
0.0621165
0.0473942
0.087875
0.0755888
0.108655
0.0988539
0.124927
0.117298
0.136957
0.131445
0.145004
0.141435
0.14972
0.147647
0.151481
0.150964
0.15022
0.151128
0.146579
0.148645
0.14084
0.143993
0.133321
0.137237
0.124192
0.128954
0.113729
0.118603
0.102017
0.106294
0.0883028
0.0928271
0.0717861
0.078697
0.0539655
0.063821
0.0363203
0.0454143
0.0167434
0.0246761
-0.00685697
0.00310695
-0.034147
-0.0220916
-0.0699237
-0.0509745
-0.108918
-0.0856065
-0.144944
-0.1342
-0.171163
-0.15909
-11.5668
-0.118037
-0.143936
0.605353
1.81571
0.608479
1.79597
-0.0518232
-0.210309
-0.222316
-0.147927
-0.174796
-0.0867483
-0.120822
-0.0558564
-0.072139
-0.025701
-0.0329254
0.00231247
-0.00812531
0.0255786
0.0140726
0.0479099
0.0335633
0.0644994
0.0514789
0.0777763
0.0703291
0.0913844
0.0878219
0.105439
0.101719
0.118049
0.113179
0.128508
0.12343
0.1369
0.132661
0.143357
0.140243
0.1478
0.14584
0.150089
0.149275
0.149761
0.150314
0.146564
0.148527
0.139918
0.14368
0.129526
0.135215
0.115011
0.122783
0.096184
0.106151
0.0725978
0.0849947
0.0441578
0.0589557
0.0109981
0.0281626
-0.0268157
-0.00737285
-0.0686461
-0.0472786
-0.114033
-0.0909356
-0.162953
-0.137997
-0.215706
-0.188194
-0.279669
-0.24539
-0.363613
-0.318988
-0.454575
-0.411332
-0.484496
-0.484224
-0.385874
-0.449089
-0.259324
-0.315326
-0.227308
-0.231121
-0.198665
-0.227849
-0.0171878
-0.118872
0.0933197
0.0561064
0.207803
0.135316
0.361023
0.291431
0.481312
0.420208
0.54252
1.7412
1.78394
1.69199
1.7093
1.69772
1.68846
1.7538
1.71957
1.86082
1.80076
2.02463
1.93497
2.25371
2.13028
2.56081
2.39698
2.95767
2.74734
3.44745
3.19212
4.01202
3.72193
4.72493
4.3544
5.25601
5.01091
5.60641
5.49116
5.56788
5.63278
5.08567
5.36088
4.37865
4.76906
3.39491
3.86926
2.66427
3.01771
1.99992
2.31673
1.4741
1.7202
1.08264
1.26186
0.804654
0.9317
0.622285
0.701882
0.503852
0.55614
0.441681
0.466886
0.426057
0.428106
0.452623
0.434297
0.521914
0.481367
0.564595
-0.120554
-0.139873
-0.0716944
-0.0870969
-0.0203264
-0.0521508
0.000581605
-0.0107657
0.0319885
0.0307226
0.0674441
0.0486013
0.0876306
0.0697097
0.105275
0.0967647
0.126751
0.119159
0.147785
0.138194
0.166596
0.157582
0.184581
0.176801
0.202107
0.194742
0.218955
0.211476
0.234733
0.227364
0.249343
0.242292
0.262675
0.256235
0.274528
0.268786
0.284721
0.279839
0.293175
0.289172
0.29959
0.296645
0.303756
0.301979
0.305542
0.304942
0.304895
0.305527
0.301916
0.303662
0.297086
0.299702
0.290863
0.294096
0.284265
0.287522
0.27859
0.281232
0.275078
0.276497
0.272369
0.274029
0.263443
0.269679
0.234625
0.251926
0.18332
0.211164
0.202694
0.17978
0.381716
0.270623
0.628997
0.513272
0.714963
0.69741
0.766959
0.720992
1.00509
0.876175
1.17417
1.10412
1.34092
1.24893
1.51971
1.43478
1.66732
1.59718
1.7323
-0.0602321
-0.0272073
-0.0263596
-0.0201262
-0.0231339
-0.0119381
-0.0159697
-0.00332882
-0.00813007
0.00491873
0.00220781
0.0043132
0.00548801
0.00476647
0.00360818
0.00868169
0.00711995
0.00818509
0.00863065
0.00813308
0.00789495
0.00867769
0.00821628
0.00881593
0.00886407
0.00847844
0.00870295
0.00848101
0.00836003
0.00875666
0.00849479
0.00886004
0.00879395
0.00850993
0.00892054
0.00829081
0.0084906
0.009391
0.00866922
0.0127891
0.0104467
0.0143957
0.013722
0.0104084
0.0131364
0.00751942
0.00840055
0.00972467
0.0082974
0.00670369
0.00953648
-0.00177659
0.00295457
-0.00753174
-0.0049236
-0.013783
-0.0106696
-0.030366
-0.0208356
-0.0389991
-13.9267
-0.258902
-3.88869
-6.56873
-0.394863
-10.9767
-9.14603
-14.1049
-14.2865
-13.5771
-13.4638
10.1692
11.9261
12.2221
11.4323
8.78162
-5.796
-4.89388
-4.87757
-4.15488
-4.53853
-1.82268
2.92603
0.418211
-2.6441
-0.311148
-0.242155
-0.184552
-0.140825
-0.115467
-0.0888906
-0.0687367
-0.0580011
-0.0360309
-0.024555
-0.0126715
0.00350443
0.011026
0.0256741
0.0323808
0.0457976
0.0518909
0.0627136
0.0707302
0.0771229
0.0871981
0.0914916
0.100702
0.105428
0.11239
0.117707
0.122925
0.127935
0.132149
0.136259
0.139689
0.142737
0.145221
0.147163
0.148583
0.14935
0.149503
0.14892
0.147658
0.145621
0.142724
0.138922
0.13418
0.128427
0.121634
0.113783
0.104842
0.0947604
0.0834938
0.0710081
0.0573242
0.0424545
0.0264165
0.00921398
-0.0091193
-0.0285138
-0.0488491
-0.0700043
-0.0918599
-0.114256
-0.137008
-0.16011
-0.183739
-0.209112
-0.238604
-0.27278
-0.313888
-0.362563
-0.41612
-0.467483
-0.502733
-0.506616
-0.470837
-0.402256
-0.323836
-0.263564
-0.236052
-0.231137
-0.222785
-0.18605
-0.115506
-0.0215915
0.0633749
0.112695
0.151407
0.226833
0.332373
0.425485
0.49962
0.560322
0.613578
0.733317
1.91812
1.81943
1.76319
1.72521
1.70486
1.69971
1.70863
1.73036
1.7648
1.81258
1.87366
1.94895
2.03965
2.14695
2.2726
2.41713
2.58249
2.77099
2.98554
3.22948
3.50559
3.81
4.11237
4.36997
4.62818
4.95872
5.26165
5.39858
5.5019
5.5456
5.39065
5.27166
4.98229
4.5628
4.2515
3.93402
3.53185
3.10115
2.70187
2.34853
2.03102
1.74975
1.50257
1.28799
1.10597
0.953351
0.825154
0.71863
0.63354
0.5666
0.513666
0.47526
0.450649
0.437381
0.435317
0.444773
0.466191
0.500972
0.549673
0.615898
0.729315
0.919641
-0.187362
-0.214261
-0.172913
-0.139569
-0.0976883
-0.077845
-0.0533823
-0.0295236
-0.0115132
-6.76728e-05
0.0226372
0.0338119
0.0451823
0.0631397
0.0723651
0.0825212
0.0985089
0.103934
0.118259
0.127432
0.136469
0.148335
0.155992
0.166845
0.175635
0.184579
0.193869
0.201927
0.21077
0.218505
0.226677
0.234147
0.241605
0.248644
0.255459
0.261917
0.268026
0.273748
0.279057
0.283929
0.288355
0.292305
0.295724
0.298579
0.30081
0.302477
0.303593
0.304119
0.304025
0.303315
0.30202
0.30019
0.297891
0.295181
0.292139
0.288897
0.28563
0.282552
0.279891
0.27791
0.276878
0.276938
0.278035
0.279532
0.279671
0.274197
0.262603
0.241787
0.212257
0.180567
0.162239
0.17806
0.243665
0.357437
0.494145
0.614531
0.688218
0.715899
0.731737
0.780823
0.874394
0.993367
1.10573
1.19171
1.26471
1.35541
1.46408
1.56174
1.63753
1.69946
1.76807
1.91238
2.14465
0.144814
0.0378636
-0.00786071
-0.0134092
-0.0103881
-0.00672874
-0.0043706
-0.00385043
-0.00285136
-0.0013889
-7.3464e-05
0.000245193
5.89244e-05
-0.000897062
-0.00113735
-0.00155437
-0.000368406
0.000204928
0.00154641
0.00197609
0.00232279
0.00232544
0.00226967
0.00269717
0.00274473
0.0030001
0.00303782
0.00303959
0.00291945
0.00292628
0.00278215
0.00291038
0.00286404
0.0028708
0.00301285
0.00276696
0.00314834
0.00304217
0.0037147
0.0039716
0.00457312
0.00472191
0.00429393
0.00324756
0.0022003
0.000526773
-0.000106876
-0.000218386
0.000780588
0.00166211
0.00241747
0.0022391
0.00182655
0.000330576
-0.000792246
-0.00237283
-0.00344745
-0.00472331
-0.00695087
-0.0108438
-0.0119782
0.0121134
-0.000637188
-6.51162
-4.3523
3.45281
-0.867678
)
;

boundaryField
{
    frontandback
    {
        type            empty;
    }
    walls
    {
        type            zeroGradient;
    }
    diamond
    {
        type            zeroGradient;
    }
    inlet
    {
        type            zeroGradient;
    }
    outlet
    {
        type            fixedValue;
        value           uniform 0;
    }
}


// ************************************************************************* //
